-0.0131689
0.0033259
-0.0091071
0.0064402
0.0198530
-0.0086177
0.0104839
0.0088458
0.0044457
0.0128971
0.0193361
0.0078894
-0.0061746
-0.0092008
-0.0288128
-0.0186690
-0.0075863
0.0254885
-0.0048412
0.0212654
0.0220697
-0.0115903
-0.0074236
-0.0103625
-0.0103563
-0.0010306
0.0220470
0.0093189
0.0138592
0.0124719
0.0147801
-0.0039750
0.0039391
-0.0178242
-0.0073403
0.0180669
-0.0153174
-0.0051047
0.0080083
0.0110825
-0.0121517
-0.0111742
0.0139907
0.0088304
0.0061161
-0.0160186
-0.0204010
0.0160658
-0.0185551
0.0171889
0.0135529
0.0111457
-0.0125323
0.0128637
0.0101737
0.0168248
-0.0060199
-0.0126146
-0.0106190
0.0033382
-0.0030877
-0.0154932
0.0076242
-0.0015104
-0.0059325
0.0057731
0.0165636
0.0130824
-0.0045377
0.0011093
-0.0165130
0.0139977
-0.0058124
0.0110924
-0.0177540
-0.0099602
-0.0016413
0.0187025
0.0056722
0.0077930
0.0005857
-0.0109980
0.0042827
0.0068172
0.0163478
0.0122247
-0.0040806
-0.0064008
-0.0173009
-0.0080522
-0.0012293
-0.0115620
0.0117378
0.0113837
-0.0167130
-0.0045934
-0.0102321
-0.0144067
-0.0162107
-0.0000257
-0.0091322
0.0068216
0.0108082
-0.0045565
-0.0019111
-0.0216979
-0.0277880
-0.0202902
0.0057536
-0.0114817
0.0229065
-0.0154140
0.0099723
-0.0098843
0.0126037
-0.0153374
0.0004346
0.0084092
0.0191952
0.0276408
-0.0054668
-0.0047672
-0.0171594
-0.0341850
-0.0336516
0.0055644
0.0138389
0.0068478
0.0070128
0.0384339
0.0282661
0.0540017
0.0495567
0.0131586
0.0120181
-0.0026886
-0.0463609
-0.0670983
-0.1055824
-0.0897996
-0.0682083
0.0072235
0.0921689
0.1668611
0.1702771
0.1234538
0.0006522
-0.0992352
-0.1515974
-0.1208597
-0.0442138
-0.0165915
0.0254217
0.0192631
-0.0080323
0.0325257
0.0385886
0.0307961
0.0233165
0.0112959
-0.0066161
-0.0200478
0.0061328
-0.0195245
-0.0166341
-0.0130179
-0.0229988
-0.0119640
0.0016964
0.0162271
-0.0034835
-0.0119782
-0.0083772
0.0037515
0.0075586
-0.0090567
0.0042578
-0.0000947
0.0137838
-0.0063729
-0.0003211
0.0075045
-0.0036905
-0.0242861
0.0037772
0.0136808
-0.0139946
0.0119819
0.0074876
-0.0020756
0.0213989
-0.0032957
-0.0249160
-0.0268386
-0.0214813
0.0171718
0.0159683
0.0152461
0.0112106
-0.0166464
-0.0056489
0.0039224
-0.0110668
0.0134999
-0.0021042
-0.0102760
0.0150900
0.0086885
0.0227416
0.0054724
0.0167010
-0.0012278
-0.0163821
-0.0113376
-0.0015998
-0.0173484
-0.0098840
0.0000886
-0.0094172
-0.0093625
0.0158503
-0.0157140
-0.0223673
-0.0181050
0.0100294
-0.0153281
0.0006256
0.0114709
0.0090473
-0.0020080
-0.0032670
0.0051163
0.0152522
0.0062735
-0.0052554
0.0147861
-0.0184613
-0.0182730
0.0141464
-0.0078187
0.0020630
-0.0018021
-0.0080851
0.0085270
-0.0067045
0.0069286
0.0149735
0.0244225
0.0006069
-0.0136645
-0.0107161
-0.0139659
-0.0074810
-0.0144337
-0.0051900
-0.0237614
-0.0042641
0.0085866
0.0243421
0.0081712
-0.0075335
0.0059315
0.0154593
0.0132279
-0.0066076
0.0045626
-0.0085181
-0.0175872
-0.0137338
0.0221221
0.0027203
0.0105172
-0.0101337
0.0025141
-0.0094449
-0.0036790
0.0041465
0.0136111
-0.0068927
0.0103144
0.0151626
0.0117538
-0.0065083
0.0198765
0.0111870
-0.0090212
0.0210758
-0.0154895
0.0071853
-0.0194585
0.0120840
0.0234956
-0.0112541
-0.0216370
-0.0149988
-0.0179860
-0.0146639
0.0051462
-0.0019313
-0.0166687
-0.0098197
0.0234724
0.0072508
-0.0049658
-0.0008315
0.0073860
0.0093231
-0.0109267
-0.0064026
0.0009522
-0.0294583
-0.0234238
-0.0075110
0.0011286
0.0023100
0.0107627
-0.0036353
0.0033563
0.0142803
0.0421132
0.0556810
0.0552155
0.0134036
0.0228089
0.0060035
-0.0212164
-0.0738796
-0.0675431
-0.0676306
-0.0826223
-0.0215637
0.0476414
0.1166066
0.1459740
0.1346174
0.0595125
-0.0458443
-0.1187608
-0.1344468
-0.0913569
-0.0321041
0.0030592
0.0148064
0.0159268
0.0175498
0.0202159
0.0418120
0.0375702
0.0316569
0.0080845
-0.0100931
0.0010661
-0.0094826
-0.0134001
0.0023863
-0.0223570
0.0095854
-0.0057346
-0.0118611
0.0254548
0.0186869
0.0064226
0.0022150
0.0242099
0.0161432
0.0039901
-0.0228770
-0.0091341
-0.0023378
0.0173628
0.0082204
0.0017332
-0.0078477
-0.0153841
-0.0147592
0.0080488
-0.0086664
-0.0024430
-0.0018716
0.0145967
-0.0013330
0.0005502
0.0194662
-0.0144499
-0.0104351
0.0062928
0.0019470
0.0031577
0.0151462
0.0001726
-0.0079543
0.0025601
0.0018261
0.0115563
0.0120827
-0.0145558
-0.0036317
-0.0005328
0.0089620
-0.0140708
0.0014941
-0.0167328
-0.0135903
-0.0215643
-0.0033673
-0.0093426
0.0219983
-0.0041893
0.0178924
0.0044924
-0.0072061
0.0141746
-0.0070125
-0.0135004
0.0118701
0.0049405
0.0096717
0.0145111
0.0116501
0.0119409
-0.0016226
0.0049552
0.0073051
-0.0173932
0.0021514
-0.0021646
0.0165016
-0.0045725
0.0168452
0.0194870
0.0131964
0.0105847
0.0080435
-0.0007865
-0.0055582
-0.0043824
-0.0123717
-0.0100689
-0.0103100
0.0055843
0.0018489
0.0132817
-0.0171008
0.0051322
-0.0132875
0.0113114
0.0054143
-0.0007598
0.0234388
0.0074101
0.0050392
0.0082281
-0.0230258
-0.0189457
-0.0001372
-0.0185210
0.0140284
0.0132984
-0.0141868
-0.0029993
0.0144010
0.0040392
-0.0159315
-0.0109416
-0.0042703
0.0120288
-0.0154353
0.0153449
0.0174578
-0.0072668
0.0178848
-0.0140551
-0.0214802
-0.0013585
-0.0246762
0.0060832
0.0103159
-0.0086943
-0.0124058
-0.0062876
0.0174516
0.0168942
0.0063452
-0.0016868
-0.0079196
-0.0085784
0.0172695
-0.0227160
-0.0209827
-0.0148193
-0.0156470
-0.0256657
-0.0135588
0.0218675
0.0008436
-0.0020034
0.0060766
0.0348457
0.0305570
0.0147214
0.0377826
0.0247477
-0.0106247
-0.0519012
-0.0706449
-0.0778814
-0.0952398
-0.0360488
0.0208654
0.0997973
0.1470117
0.1352469
0.1039698
0.0217118
-0.0727224
-0.1117010
-0.1209439
-0.0608345
0.0082913
0.0233708
0.0265354
0.0339197
0.0095272
0.0218874
0.0330813
0.0333126
0.0051025
0.0066084
0.0073271
-0.0045295
-0.0251544
0.0014745
-0.0122127
-0.0208009
-0.0143230
-0.0075340
0.0143464
-0.0107581
0.0280134
0.0223416
0.0169968
0.0041154
-0.0007206
0.0216592
-0.0194733
0.0053449
-0.0258160
0.0071309
0.0071020
-0.0184128
0.0057273
-0.0020930
0.0114729
0.0125147
-0.0079178
0.0096116
0.0293310
0.0126607
0.0165890
-0.0205056
-0.0220383
-0.0075632
0.0006809
-0.0118834
0.0147448
0.0089724
-0.0197128
-0.0043125
0.0153882
0.0156532
-0.0138467
-0.0141159
-0.0097431
-0.0031689
-0.0184929
-0.0148216
-0.0033662
-0.0143911
0.0067170
0.0104478
0.0030529
-0.0065938
0.0035018
0.0069359
-0.0180861
-0.0214418
-0.0132395
-0.0098987
-0.0110828
0.0055331
0.0153353
-0.0107633
-0.0091152
0.0051144
-0.0135739
0.0200288
0.0096687
-0.0193705
-0.0100573
-0.0157827
0.0159777
0.0015591
-0.0069042
-0.0111852
-0.0061183
0.0003208
-0.0003233
0.0127981
0.0173343
0.0112330
0.0107801
0.0064834
0.0139756
-0.0113880
0.0113712
-0.0036017
0.0137325
-0.0195072
-0.0065878
0.0259418
0.0223831
-0.0137206
-0.0061219
-0.0249020
0.0096882
-0.0106961
-0.0087966
0.0165560
-0.0041751
0.0094092
0.0022699
0.0071439
-0.0108471
0.0088874
-0.0014095
-0.0177947
0.0184460
-0.0007275
-0.0028814
0.0182698
0.0065614
0.0112863
0.0111954
-0.0008093
0.0084194
0.0160070
-0.0064883
0.0128299
-0.0164859
0.0112995
0.0083848
0.0028062
-0.0096675
-0.0113071
0.0043951
0.0002050
0.0148288
0.0187667
-0.0169872
-0.0250479
-0.0266698
-0.0160215
-0.0165899
0.0094469
0.0122050
0.0195380
0.0195747
0.0023325
0.0076495
0.0060563
-0.0091681
-0.0093127
-0.0194711
-0.0180009
-0.0151400
-0.0169373
0.0000303
-0.0276230
-0.0256160
0.0006305
0.0223339
0.0215351
0.0056582
0.0097647
0.0135180
0.0380056
0.0208694
-0.0170015
-0.0181571
-0.0568134
-0.0855573
-0.0478591
-0.0440208
-0.0091904
0.0602566
0.1118751
0.1013916
0.1030050
0.0215163
-0.0537827
-0.0914231
-0.1054319
-0.0503980
-0.0254470
-0.0081372
0.0077240
0.0296952
0.0270109
0.0308854
0.0058243
0.0017982
0.0093491
0.0138481
-0.0129624
-0.0186258
-0.0094619
-0.0200621
-0.0281498
-0.0138457
0.0047453
0.0201262
0.0229388
-0.0063258
0.0059136
0.0203997
0.0106379
0.0112485
0.0009195
-0.0177682
-0.0134892
-0.0223907
-0.0154787
0.0095234
-0.0142708
-0.0118377
-0.0227569
-0.0103873
0.0103132
-0.0120748
-0.0019764
-0.0047912
-0.0126711
0.0087463
-0.0037370
-0.0018887
-0.0183380
0.0054306
0.0213697
0.0167914
-0.0108660
-0.0184312
0.0121650
-0.0094449
0.0121996
0.0094814
0.0245656
-0.0144568
-0.0103990
0.0143109
-0.0107711
0.0085120
-0.0145991
0.0204208
0.0082279
-0.0037779
-0.0154896
-0.0235581
-0.0009144
-0.0162662
0.0014323
0.0100324
0.0096400
0.0154201
0.0164418
0.0106466
-0.0090088
-0.0175314
-0.0047829
0.0085717
0.0082453
0.0094820
-0.0165848
0.0092302
-0.0119129
0.0126264
-0.0170288
-0.0050266
0.0100691
-0.0022095
0.0026201
-0.0058526
0.0154402
-0.0095090
-0.0151711
-0.0033810
0.0093718
-0.0181998
-0.0075837
-0.0011392
-0.0057480
0.0000354
0.0236230
-0.0068918
0.0146799
0.0170724
0.0110469
-0.0089034
-0.0068802
0.0079328
-0.0053952
-0.0127917
0.0021177
-0.0007009
-0.0012977
0.0158145
0.0003047
-0.0130625
-0.0042890
0.0091396
-0.0052285
0.0141759
0.0122417
-0.0209228
-0.0157950
-0.0085856
-0.0135613
-0.0034994
0.0070479
-0.0130887
0.0008959
-0.0060513
-0.0151616
0.0029083
0.0105220
-0.0240778
-0.0246251
-0.0112664
0.0137239
-0.0112580
-0.0086180
0.0053183
0.0129909
-0.0215634
0.0061566
0.0213772
0.0166162
0.0293882
0.0294590
0.0089658
0.0225682
0.0169317
-0.0043048
-0.0158236
-0.0368309
-0.0000045
-0.0294196
0.0106520
0.0087206
0.0058980
0.0211125
0.0059470
0.0457983
0.0220181
0.0500763
0.0152190
-0.0000689
0.0039384
-0.0387316
-0.0639628
-0.0761266
-0.0537764
-0.0640307
0.0018486
0.0610201
0.1332932
0.1235927
0.1279458
0.0403479
-0.0669047
-0.1021340
-0.0886721
-0.0616346
-0.0087588
0.0253405
0.0173452
0.0302751
0.0491891
0.0413078
0.0322171
0.0042918
0.0098112
-0.0105211
0.0175628
0.0022597
-0.0296224
-0.0295894
-0.0192964
-0.0107960
0.0144076
-0.0130154
-0.0114106
-0.0114582
-0.0115827
-0.0049169
-0.0103451
0.0141148
0.0099421
0.0140524
-0.0001401
0.0068155
-0.0044280
0.0074182
-0.0099914
-0.0090008
0.0013940
0.0055262
-0.0118663
-0.0051200
-0.0047536
-0.0019865
0.0048198
0.0088827
-0.0113216
-0.0176583
-0.0106965
0.0073034
0.0080821
-0.0042438
0.0193646
-0.0174659
0.0008352
-0.0142977
0.0145960
0.0043847
-0.0188031
-0.0124785
0.0161318
0.0000948
0.0066888
0.0026131
-0.0069828
0.0211021
-0.0069699
0.0156702
0.0074844
0.0001907
0.0072769
0.0121825
0.0115587
-0.0197178
0.0035345
0.0073127
0.0046892
0.0109345
0.0015424
0.0116641
0.0001466
0.0145792
-0.0201727
0.0115515
0.0137046
-0.0172797
0.0093518
-0.0075389
-0.0132971
-0.0172035
0.0032262
0.0243001
0.0232447
0.0173263
-0.0032569
-0.0242788
0.0061599
0.0127226
0.0090484
-0.0122189
-0.0132331
0.0123179
0.0077934
-0.0193657
0.0139442
0.0100620
-0.0112149
0.0007334
-0.0153432
-0.0108883
-0.0120397
-0.0052882
0.0096247
0.0046304
-0.0161327
-0.0219280
0.0092590
0.0134048
0.0159739
-0.0047432
0.0136840
-0.0157233
-0.0158318
-0.0143076
0.0132914
-0.0171993
0.0074552
0.0105454
-0.0030140
-0.0093113
0.0037737
0.0059797
0.0201199
-0.0034708
-0.0142993
-0.0112146
0.0053070
0.0119520
-0.0147979
0.0063167
0.0078461
-0.0087044
0.0089855
-0.0007755
0.0091760
-0.0083446
0.0029133
0.0012297
0.0030146
0.0136882
0.0051270
-0.0047314
0.0066655
-0.0285527
-0.0018716
-0.0212862
-0.0054233
-0.0296006
0.0076403
0.0060925
0.0316353
0.0292058
0.0413970
0.0428816
0.0411920
0.0276605
0.0062252
0.0039688
-0.0279803
-0.0656657
-0.1006565
-0.1178230
-0.0749517
-0.0139588
0.0587701
0.1351464
0.2041619
0.1287844
0.0285435
-0.0864418
-0.1538852
-0.1390210
-0.0719247
-0.0118083
0.0281824
-0.0019736
0.0143180
0.0285573
0.0394330
0.0498566
0.0361030
0.0062564
0.0033104
-0.0201847
-0.0141961
-0.0390485
-0.0036443
-0.0075833
-0.0234700
-0.0132965
0.0161289
-0.0020187
0.0110604
0.0255609
0.0010929
0.0031199
0.0205081
0.0178945
0.0195367
-0.0065599
0.0094576
-0.0192542
0.0001506
-0.0052765
-0.0139527
0.0060037
-0.0154440
0.0034078
-0.0036635
-0.0131319
0.0004380
-0.0051869
-0.0106400
-0.0037642
0.0138837
-0.0092425
-0.0113700
-0.0117911
-0.0121894
-0.0025163
0.0060326
0.0128035
-0.0009863
-0.0018025
0.0049863
0.0124708
0.0152867
0.0085178
-0.0066792
0.0181030
0.0015153
0.0078285
-0.0155125
-0.0075140
0.0018151
0.0085035
0.0114970
0.0023604
-0.0083060
0.0143758
0.0104258
0.0190277
-0.0029942
0.0028561
-0.0081154
-0.0085360
0.0079391
-0.0136115
-0.0084525
-0.0002054
0.0034270
0.0136664
0.0172031
0.0049184
-0.0206926
-0.0049939
0.0055810
-0.0027913
-0.0174134
-0.0052263
-0.0006376
0.0149501
-0.0146459
-0.0030159
-0.0240832
-0.0189749
-0.0223051
0.0066733
-0.0138935
0.0291063
0.0024063
0.0108364
-0.0178463
-0.0124936
-0.0210805
0.0155069
0.0038833
-0.0242001
0.0092346
0.0044878
-0.0120477
0.0033831
0.0054591
0.0161929
0.0115856
0.0116812
-0.0065453
0.0070526
0.0225004
0.0037318
-0.0187811
-0.0134780
-0.0014258
-0.0212703
-0.0135374
0.0261392
0.0009272
-0.0199636
-0.0028369
0.0041053
-0.0067046
0.0223863
0.0194345
0.0016421
0.0066590
0.0093701
0.0009305
-0.0032132
-0.0041880
0.0126768
-0.0001353
0.0048101
0.0063031
-0.0056247
-0.0094629
-0.0302439
-0.0248391
-0.0192886
-0.0040575
0.0212148
-0.0023844
0.0179275
-0.0157726
0.0181502
0.0018541
-0.0004049
0.0180919
0.0010141
-0.0256886
0.0033683
-0.0247614
-0.0260786
-0.0263848
-0.0022948
-0.0263553
-0.0104268
0.0016329
0.0106002
0.0287660
0.0334155
0.0371163
0.0548989
0.0365082
0.0424675
0.0266638
-0.0196571
-0.0794959
-0.1103281
-0.0902002
-0.1104133
-0.0707510
0.0086837
0.1207419
0.1956276
0.1908774
0.0908883
-0.0359877
-0.1046029
-0.1484987
-0.1000521
-0.0552867
-0.0210145
0.0115334
0.0127892
