0.0128146
-0.0038904
0.0134998
-0.0104291
-0.0050958
-0.0107144
-0.0169441
-0.0156162
-0.0215223
-0.0182142
-0.0070315
0.0079973
-0.0118801
0.0076901
0.0159642
0.0279835
0.0015921
0.0065179
-0.0209342
-0.0265874
-0.0248715
0.0157916
-0.0158542
0.0016273
-0.0032920
-0.0115635
0.0159142
0.0036100
-0.0154823
-0.0038414
-0.0110864
0.0140199
-0.0237998
-0.0119558
-0.0097545
-0.0071898
-0.0008894
-0.0130923
-0.0011214
0.0135768
-0.0096533
-0.0152029
-0.0086631
-0.0200182
0.0143742
-0.0043775
-0.0020120
-0.0101007
-0.0166147
-0.0149048
-0.0054849
-0.0095133
0.0171134
0.0126039
0.0252586
-0.0123984
-0.0181948
-0.0254206
-0.0241572
0.0037537
-0.0110814
-0.0154125
-0.0063369
0.0002073
0.0034991
-0.0080617
0.0117695
-0.0023342
-0.0011946
-0.0123968
-0.0037419
0.0038457
0.0315594
0.0208031
-0.0010329
-0.0306709
-0.0284883
-0.0034665
-0.0271500
0.0017720
0.0071465
0.0015073
-0.0000187
0.0056519
0.0099196
0.0414942
0.0133799
0.0396289
0.0021959
0.0152126
-0.0198487
-0.0459144
-0.0712084
-0.0614347
-0.0544016
-0.0331541
0.0367608
0.0546971
0.1235497
0.1109598
0.0652182
-0.0044692
-0.0907477
-0.1173061
-0.0789539
-0.0206912
-0.0236816
0.0172362
0.0059994
0.0277380
0.0301499
0.0194378
0.0396115
0.0065299
-0.0064224
-0.0010602
-0.0045944
-0.0153984
-0.0080725
-0.0136673
-0.0136133
0.0136839
0.0146236
0.0074675
-0.0087149
-0.0032826
-0.0087873
0.0299719
0.0013795
-0.0099024
0.0065915
-0.0179944
0.0085228
-0.0167889
0.0122171
-0.0141008
0.0090019
-0.0063280
-0.0141532
-0.0049548
0.0168257
-0.0018991
0.0043797
0.0060203
-0.0050406
-0.0080978
-0.0162606
-0.0152232
-0.0146510
-0.0040082
-0.0197348
-0.0141010
0.0053621
0.0145913
0.0001557
0.0146462
-0.0012461
0.0009436
-0.0066362
0.0195795
-0.0040084
0.0096685
-0.0029036
0.0123211
0.0224860
0.0053629
-0.0045003
0.0084018
-0.0194138
0.0155741
0.0147240
0.0174026
0.0048399
0.0050049
0.0025060
-0.0011148
0.0156365
0.0145898
-0.0166809
-0.0117325
0.0200500
0.0102161
0.0158360
-0.0020078
-0.0159731
-0.0084706
-0.0159013
-0.0043496
0.0098415
0.0165925
0.0022411
-0.0009781
0.0108743
-0.0155379
0.0031976
0.0086316
0.0128619
-0.0081601
0.0110352
-0.0069573
0.0018895
0.0091098
-0.0021561
-0.0104573
-0.0055161
-0.0034285
-0.0102563
-0.0008358
-0.0147127
0.0062169
-0.0224485
0.0144732
-0.0157928
-0.0078857
0.0128915
0.0038049
-0.0058636
0.0038330
0.0018567
0.0032320
0.0043805
0.0076092
0.0187670
-0.0146586
-0.0056614
0.0204457
-0.0020946
-0.0193493
-0.0199013
-0.0099391
-0.0115193
-0.0042321
0.0036210
0.0003416
0.0101516
0.0199391
0.0110715
0.0003871
-0.0045612
0.0012284
-0.0105022
0.0074079
0.0045530
0.0123798
0.0099449
-0.0066277
-0.0102913
-0.0140730
-0.0256194
0.0062026
-0.0215899
0.0080742
0.0255087
-0.0080091
0.0032622
-0.0001558
0.0053358
-0.0010018
0.0189761
-0.0061293
-0.0209850
0.0057036
-0.0330449
-0.0293465
-0.0198776
-0.0028760
-0.0076097
0.0042299
-0.0049943
-0.0052521
0.0366338
0.0138229
0.0255031
0.0323986
0.0107325
0.0097477
-0.0232879
-0.0342021
-0.0654193
-0.0596843
-0.0422873
-0.0370243
-0.0153989
0.0500549
0.0860776
0.1251417
0.1151962
0.0464386
-0.0199230
-0.0913526
-0.0930691
-0.0525261
0.0003278
0.0093606
0.0062304
0.0017246
0.0029806
0.0134182
0.0155828
-0.0037215
0.0222046
0.0139246
0.0256435
0.0036522
-0.0102411
-0.0219434
-0.0144932
-0.0164642
0.0113654
0.0129896
-0.0124491
-0.0140277
0.0003468
0.0182944
-0.0035322
0.0177011
0.0168125
0.0079074
0.0118812
-0.0048965
-0.0015650
-0.0180809
-0.0080012
-0.0156063
-0.0107094
0.0085642
0.0071596
-0.0037833
-0.0114565
0.0083402
0.0018380
-0.0180205
0.0208877
0.0177379
-0.0131648
-0.0194916
-0.0159736
0.0104654
-0.0108603
0.0072319
-0.0215440
-0.0017134
0.0128137
-0.0048165
0.0101650
0.0030570
0.0159071
0.0084712
0.0025865
-0.0041660
0.0164232
0.0062292
-0.0121887
0.0057300
-0.0081341
0.0089479
-0.0148081
0.0101927
-0.0064972
0.0077014
-0.0098507
-0.0065982
-0.0121848
0.0061544
0.0180237
0.0115719
0.0085532
0.0213109
-0.0141039
-0.0059120
0.0046244
0.0076954
0.0144809
0.0078987
-0.0104797
-0.0123227
-0.0147912
0.0024953
-0.0215939
0.0055050
-0.0050147
0.0213619
0.0106986
0.0109370
0.0210675
0.0071191
0.0082921
-0.0261195
-0.0198841
0.0123090
0.0158769
-0.0093360
-0.0070714
0.0161836
0.0037118
0.0113589
0.0045267
-0.0080311
-0.0034251
0.0077558
-0.0005395
-0.0053860
-0.0131418
0.0041186
-0.0073427
-0.0043554
-0.0090442
-0.0072878
0.0092207
-0.0050441
-0.0129823
0.0111328
-0.0037779
0.0042255
-0.0015109
0.0029684
-0.0045627
-0.0116937
-0.0086738
-0.0134268
-0.0099140
0.0126515
0.0098148
0.0120596
0.0054650
-0.0114373
-0.0131078
-0.0085048
0.0014283
-0.0050908
0.0029109
0.0068308
-0.0183423
-0.0098896
-0.0036094
0.0014515
0.0074094
-0.0125183
-0.0041404
-0.0194044
0.0033352
0.0025453
0.0057858
0.0089555
-0.0019715
-0.0044954
-0.0050104
0.0049665
0.0168930
-0.0043362
-0.0040909
0.0090298
0.0074384
-0.0107267
-0.0166941
-0.0139101
0.0007385
-0.0130165
-0.0285163
-0.0101234
-0.0137291
0.0026855
0.0262717
0.0456320
0.0323271
0.0491615
0.0108567
0.0035817
0.0026284
-0.0362297
-0.0672919
-0.0787805
-0.0701885
-0.0658381
0.0061856
0.0440387
0.1081771
0.1178640
0.1232282
0.0342394
-0.0183499
-0.1044229
-0.0794227
-0.0725172
-0.0339132
0.0022565
0.0045089
-0.0069148
0.0020211
0.0241388
0.0059284
0.0098005
0.0011899
0.0192731
-0.0037175
-0.0164246
0.0029159
-0.0184961
-0.0096472
-0.0092778
-0.0092182
0.0153873
0.0021813
-0.0033183
0.0232166
0.0194827
0.0071792
-0.0106272
-0.0057918
-0.0053971
0.0062552
-0.0236365
0.0197251
-0.0082638
0.0136157
-0.0099755
-0.0223643
0.0020560
-0.0098546
-0.0014754
0.0056152
0.0067336
-0.0080488
-0.0239247
-0.0144581
-0.0055122
-0.0076900
0.0147303
-0.0045711
0.0013796
0.0090840
0.0105872
-0.0137178
-0.0018741
-0.0201704
0.0055244
-0.0243144
0.0027527
0.0049776
0.0206158
0.0028399
-0.0211957
-0.0083486
-0.0147647
0.0101018
0.0158697
-0.0056306
0.0107942
-0.0033481
0.0083331
0.0087790
0.0041965
0.0001439
-0.0080702
0.0028668
-0.0228537
-0.0003763
0.0008198
0.0034905
-0.0086048
-0.0142316
0.0112657
0.0055078
0.0182079
0.0119925
0.0025886
-0.0100194
-0.0152881
0.0029640
0.0010783
0.0065158
-0.0147553
-0.0190488
-0.0155760
0.0093054
-0.0024028
-0.0194171
0.0042158
0.0117799
-0.0098148
-0.0149193
-0.0033380
0.0217685
-0.0003219
0.0208733
-0.0030013
0.0110094
-0.0100223
-0.0264472
-0.0380363
-0.0364269
-0.0060444
-0.0185265
-0.0141846
-0.0048155
0.0239401
0.0274366
0.0293865
0.0533017
0.0253402
0.0347804
0.0069016
0.0087908
-0.0234248
-0.0696814
-0.1024611
-0.1251839
-0.0920471
-0.0396274
0.0382244
0.1368673
0.1889894
0.1912359
0.0854117
-0.0633550
-0.1318170
-0.1605257
-0.0950433
-0.0459997
0.0071927
0.0194333
0.0174452
0.0426990
0.0201999
0.0243434
0.0220849
0.0260166
0.0164499
0.0211848
0.0102632
-0.0109400
-0.0159650
-0.0379747
-0.0001461
-0.0160468
-0.0118501
-0.0205699
-0.0195219
-0.0098633
0.0099232
0.0292936
0.0142542
-0.0032474
0.0250929
0.0052683
0.0128005
0.0081158
-0.0254467
-0.0086387
-0.0004212
-0.0007978
0.0174764
0.0219591
-0.0112266
0.0122129
0.0058888
-0.0121511
-0.0119796
-0.0083576
-0.0108978
-0.0208297
0.0144349
0.0028736
0.0083478
-0.0100678
-0.0133676
0.0195920
-0.0056643
0.0086073
0.0111049
-0.0055842
0.0046448
0.0092827
0.0107987
-0.0141006
0.0115376
-0.0098296
-0.0241202
-0.0001068
0.0070488
0.0130776
0.0115839
0.0142132
0.0202021
0.0103111
0.0282437
0.0026971
-0.0186788
-0.0327963
-0.0294016
-0.0446880
0.0094300
0.0131026
0.0350250
0.0333741
0.0260833
-0.0010146
-0.0185699
-0.0171173
-0.0237151
-0.0171963
0.0095458
0.0051646
0.0074340
-0.0132807
-0.0044292
-0.0200672
-0.0061790
0.0010216
0.0111255
-0.0013135
0.0178274
0.0048396
0.0076754
-0.0184313
-0.0181683
-0.0268790
0.0095271
0.0004409
0.0139484
-0.0137523
0.0102943
0.0176328
0.0138651
0.0143086
-0.0194470
0.0054197
0.0131872
-0.0118897
0.0179452
0.0188412
0.0173494
0.0056406
0.0062206
0.0017904
0.0168028
0.0203560
0.0071898
-0.0064943
-0.0040732
0.0221856
0.0026994
0.0100178
0.0098370
-0.0028770
-0.0104891
0.0035201
0.0111350
0.0011858
-0.0139009
0.0151458
0.0225660
-0.0126319
-0.0033468
-0.0118564
0.0217718
0.0271200
-0.0103437
-0.0166563
-0.0117646
-0.0127963
-0.0074634
-0.0021435
-0.0226289
-0.0249820
0.0117276
0.0221116
0.0187164
0.0461753
0.0406551
0.0543663
0.0491760
0.0114577
0.0271912
-0.0260614
-0.0524877
-0.0839078
-0.1092818
-0.1117734
-0.0526355
0.0097565
0.1111740
0.1816647
0.1959131
0.1073515
-0.0138219
-0.1044537
-0.1440250
-0.1418441
-0.0457337
-0.0166000
0.0133532
0.0114852
0.0132407
0.0473736
0.0200759
0.0462002
-0.0008222
-0.0011249
0.0086427
0.0028618
-0.0272099
-0.0274120
-0.0167923
0.0030222
0.0013942
-0.0238951
0.0082410
0.0115902
-0.0039380
0.0002586
0.0224092
0.0291943
0.0227705
0.0052054
0.0133472
0.0043800
-0.0201266
0.0091130
0.0074607
-0.0100448
0.0022846
0.0089171
-0.0209949
-0.0100296
0.0121820
0.0136111
-0.0039780
-0.0021166
0.0144900
-0.0153720
0.0168251
0.0183437
-0.0151501
0.0113725
-0.0156700
-0.0194868
0.0038772
-0.0112125
-0.0014119
-0.0115149
-0.0113310
-0.0166863
0.0024565
-0.0020065
-0.0035229
0.0080966
-0.0018848
0.0127215
-0.0116693
0.0238215
0.0016889
0.0076927
-0.0293859
-0.0430512
-0.0257128
0.0080305
0.0190885
0.0246881
0.0394737
0.0161258
0.0078343
0.0108928
0.0088298
-0.0077707
-0.0121553
-0.0040453
0.0113614
0.0155675
0.0099293
-0.0235618
-0.0063893
-0.0001495
0.0175281
0.0197801
0.0147792
-0.0108196
-0.0023061
-0.0210831
-0.0238258
-0.0169727
0.0114975
0.0044975
0.0090455
-0.0194130
-0.0021399
0.0059987
0.0203550
-0.0127999
-0.0157173
-0.0079892
0.0119159
0.0110983
-0.0148719
-0.0016839
0.0038801
0.0162408
-0.0043018
-0.0078560
0.0074428
0.0244258
0.0058410
0.0193223
0.0187019
-0.0191134
0.0059659
0.0078541
-0.0057947
-0.0174979
-0.0115282
0.0082999
-0.0138491
-0.0100302
0.0155186
0.0075551
-0.0130257
-0.0017918
-0.0133363
0.0012596
-0.0167538
-0.0041202
0.0097545
-0.0144420
-0.0037534
0.0068344
-0.0147722
-0.0172249
0.0047965
-0.0216495
-0.0014527
-0.0102994
-0.0075924
0.0176239
0.0199282
-0.0065827
0.0037806
-0.0125330
-0.0003790
0.0076071
0.0167067
-0.0229013
-0.0206885
-0.0040752
-0.0359364
0.0010314
-0.0290819
-0.0232008
-0.0083778
0.0057689
0.0263570
0.0206030
0.0415597
0.0506967
0.0208064
0.0354056
-0.0054252
-0.0421102
-0.0784663
-0.0932275
-0.1182357
-0.0987098
-0.0510068
0.0321599
0.1445102
0.1658840
0.1775688
0.0737499
-0.0297771
-0.1249485
-0.1266411
-0.1117474
-0.0515492
0.0052899
0.0193694
0.0171594
0.0222724
0.0260386
0.0548419
0.0307787
0.0319366
-0.0138339
0.0126928
-0.0032652
-0.0161043
-0.0145258
-0.0159889
-0.0204181
-0.0017608
-0.0075914
0.0165252
0.0169262
0.0242269
0.0048752
-0.0036632
0.0010063
0.0117956
0.0016551
0.0062825
-0.0098784
0.0054657
-0.0130667
-0.0100310
0.0112448
0.0048833
-0.0080222
-0.0151856
0.0173461
0.0217059
0.0078519
-0.0081484
-0.0124083
-0.0051037
-0.0066806
-0.0126918
-0.0159173
-0.0225371
-0.0180982
0.0015071
0.0165872
0.0103195
0.0258408
0.0040119
0.0020318
-0.0032083
-0.0071981
0.0066078
-0.0186858
-0.0161580
0.0043682
-0.0036712
0.0237362
0.0055079
-0.0071964
0.0048799
-0.0087535
0.0177425
-0.0003081
0.0193865
0.0087475
-0.0143483
-0.0190256
-0.0044662
0.0050985
0.0159581
-0.0133748
-0.0060700
0.0019235
-0.0098318
-0.0142900
0.0009475
0.0040071
-0.0204773
-0.0206360
0.0137065
-0.0202882
-0.0237223
-0.0074872
0.0190201
-0.0191050
-0.0151514
0.0232306
0.0197914
-0.0149943
0.0006414
0.0084112
-0.0048972
0.0018342
-0.0013972
-0.0134011
0.0133970
-0.0137156
-0.0054335
0.0009085
-0.0162793
0.0076893
0.0117104
0.0082694
-0.0099238
0.0084412
-0.0261676
-0.0064047
0.0129508
0.0050205
0.0132999
-0.0156652
-0.0103268
-0.0048426
0.0255178
0.0206059
0.0110376
-0.0061680
-0.0181658
0.0034351
0.0176705
-0.0249989
-0.0197108
-0.0228196
0.0056477
0.0096046
0.0109750
0.0222730
0.0121026
0.0208245
-0.0059507
-0.0058445
-0.0080216
0.0018761
-0.0240834
-0.0152399
0.0014564
0.0114669
0.0111843
-0.0025420
0.0111927
-0.0043689
-0.0189098
-0.0067137
0.0256600
0.0073923
0.0084551
-0.0012752
0.0197847
0.0114588
0.0021062
-0.0255892
-0.0175458
-0.0129138
-0.0003268
-0.0091798
0.0114908
-0.0038019
0.0143291
0.0257601
0.0071816
0.0133063
0.0441302
0.0413548
0.0294653
0.0063884
-0.0128990
-0.0689043
-0.0941468
-0.0875868
-0.0388517
-0.0020871
0.0377733
0.1020280
0.1428290
0.1109070
0.0537634
-0.0286921
-0.1233662
-0.1319993
-0.0694542
-0.0094756
0.0057429
0.0190728
-0.0046904
0.0335451
0.0418749
0.0282041
0.0207425
0.0179337
-0.0038488
-0.0110071
-0.0084756
-0.0005393
-0.0174526
-0.0027987
0.0003033
-0.0180412
-0.0062070
-0.0145701
-0.0018963
0.0209361
0.0005924
0.0049816
0.0033093
0.0043113
-0.0137080
-0.0252728
-0.0107499
-0.0163691
0.0217903
-0.0068408
-0.0129531
0.0013060
-0.0204373
0.0005593
0.0162228
-0.0006665
0.0119944
-0.0105863
0.0006524
0.0182407
0.0140679
-0.0119886
-0.0148651
-0.0090695
-0.0025166
-0.0034075
-0.0159131
0.0067602
-0.0087123
0.0104612
0.0104108
0.0199089
-0.0122601
-0.0054320
0.0037074
0.0011775
0.0069923
0.0161653
0.0152422
0.0140900
-0.0028889
0.0100741
0.0145535
-0.0039784
-0.0006558
0.0155879
-0.0058246
-0.0120186
-0.0182208
-0.0057043
0.0118597
-0.0084859
0.0052314
-0.0022242
0.0271315
0.0114233
-0.0064968
0.0112715
0.0071241
0.0067281
-0.0000179
-0.0114583
0.0058064
0.0079019
0.0130912
-0.0041255
0.0049285
-0.0073020
0.0089008
-0.0103772
0.0129851
-0.0039050
0.0039628
0.0207999
0.0156148
