-0.0324038
0.0733732
0.0485239
0.0218977
0.0578004
-0.0453353
0.0180666
-0.0643496
-0.0286138
0.0062510
-0.0448534
-0.0549171
0.0246819
0.0330072
0.0066149
-0.0541356
-0.0360242
0.0693507
-0.0422780
0.0666489
-0.0473616
-0.0469493
-0.0212394
-0.0185230
0.0311288
0.0657092
0.0576716
0.0850842
-0.0958125
-0.0550520
0.0808950
0.0693589
0.0266071
0.0207821
0.0474485
-0.0752482
0.0199710
-0.0216185
0.0406659
-0.0532944
0.0360323
0.0420466
0.0117607
0.0223656
-0.0234332
0.0195943
0.0037799
0.0171127
0.0436037
0.0644898
-0.0242012
0.0657068
-0.0142645
-0.0006429
-0.0021087
-0.0539481
-0.0630339
0.0939406
0.0439057
-0.0496272
0.0707980
0.0973893
-0.0428961
-0.0433532
0.0641950
0.0297040
0.0165228
-0.0759353
-0.0634062
0.0563740
-0.0881260
0.0135266
0.0383614
-0.0371471
-0.0917017
0.0323003
0.0231605
0.0775059
0.0268502
-0.0524299
-0.0719104
0.0055312
0.0787443
-0.0195341
0.0229170
0.0197342
0.0446728
-0.0669417
-0.1005148
0.0860590
0.0396732
-0.0466408
0.0312071
-0.0027659
-0.0108762
0.0443935
-0.0492295
0.0719984
-0.0654675
-0.0171712
-0.0023237
-0.0061842
0.0696915
-0.0199910
-0.0971960
-0.1122210
-0.0412073
-0.0999754
-0.0327999
-0.1193476
-0.0783875
0.0262139
0.0724847
0.0558040
-0.0026843
-0.0594382
-0.0487552
0.0624892
0.0708159
0.0668842
-0.2098635
-0.2773305
-0.2028967
0.0345858
0.0629305
0.0310191
0.1470976
0.1254901
0.1130563
0.0646799
-0.0589919
0.0194102
-0.0617293
-0.0318196
-0.1328239
-0.0060114
-0.0675372
0.0597384
0.0107823
-0.0054539
0.0814398
-0.0354831
0.0148601
0.0141054
0.1071642
-0.0322365
0.0692281
0.0622441
-0.0278151
-0.0374151
-0.0345310
-0.0153732
-0.0816992
0.0112522
-0.0428532
0.0030546
0.0631244
0.0281665
-0.0347179
0.0093143
-0.0252499
-0.0124702
-0.0631009
-0.0564818
0.0367228
0.0469316
-0.0050071
-0.0206987
-0.0789400
-0.0725579
0.0104063
0.0959489
-0.0736258
-0.1006424
-0.0716500
-0.0168366
-0.0170890
0.0673366
0.0412741
0.0348936
0.0259564
-0.0138241
0.0181157
0.0556686
0.0824186
-0.0725110
0.0870347
-0.0053355
0.0529682
0.0805555
0.0158248
-0.0189418
0.0029838
-0.0608535
0.1029245
-0.0034078
0.0194809
-0.0089746
-0.0517902
0.1089260
-0.0663386
0.0679873
0.0187365
-0.0085441
-0.0477223
0.0370400
-0.0697524
-0.0327262
-0.0186473
0.0066832
0.0428103
0.0463778
0.0701012
0.1681330
0.1016748
0.0888381
0.0964957
-0.0545149
-0.0005893
-0.0825094
-0.0591321
-0.2095583
-0.1033839
-0.0284986
-0.0182879
0.0877981
0.1697538
0.3090334
0.4008945
0.5806203
0.3119778
-0.0027592
-0.3567271
-0.7654019
-0.6689211
-0.3955592
-0.0612865
0.3015728
0.3693552
0.2859803
0.2997205
0.3164446
0.1706473
-0.0667316
-0.2011591
-0.1877374
-0.1524030
-0.1828911
-0.0937483
-0.0670190
0.0246587
0.0083509
-0.0092943
0.0273745
0.1390303
0.0355359
0.0449628
-0.0364162
-0.0304511
0.0233701
-0.0495947
-0.0150285
-0.0555826
-0.0208510
-0.1200471
-0.0209054
-0.1016344
-0.0767954
-0.0719888
-0.0835673
-0.0566282
-0.0446698
-0.0265013
0.0540252
-0.0332907
-0.0057602
0.0577398
-0.0699638
0.0864388
0.0157624
-0.0938252
0.0514570
-0.0161817
-0.0231064
-0.0931619
0.0851467
-0.0534597
0.0851899
-0.0785466
0.0356988
0.0565276
-0.0451232
0.0803185
-0.0766126
-0.0088250
0.0433658
0.0080545
-0.0489512
0.0127250
0.0688442
0.0092608
0.0120291
-0.0175900
-0.0939634
-0.0713380
0.0033320
0.0453554
-0.0377661
-0.0005909
0.0441198
-0.0707906
-0.0868350
0.0653963
0.0807942
-0.0682099
0.0444246
0.0349861
0.0243601
0.0518963
0.0052224
-0.0413294
0.0849645
-0.0658207
-0.0461985
0.0880528
-0.0815908
0.0686503
0.0827222
0.0596405
-0.0689431
-0.0434342
0.0218096
0.0807396
0.0238097
-0.0294768
-0.0953531
-0.0045515
-0.0376550
0.0548083
-0.0789068
-0.0368503
0.0544397
0.0032788
-0.0043742
-0.0422351
0.0462229
-0.0665022
0.0385270
0.0809435
-0.0291269
-0.0122618
-0.0108421
-0.0929710
0.0106864
-0.0627831
-0.0634401
-0.0975873
0.0760933
-0.0150692
0.0838810
0.0875168
0.0405790
-0.0062704
0.0459764
0.0397609
-0.0304261
0.0223626
-0.0031243
0.0350508
-0.0203914
-0.0817539
-0.0447853
0.0772414
-0.0738714
0.0108211
-0.0736441
-0.0348826
-0.0883576
-0.0075772
-0.0443392
0.0132022
-0.0604626
-0.0634034
-0.0559945
0.0773790
-0.0371202
-0.0115304
0.0875149
0.0968466
-0.0473752
-0.0761166
-0.0722289
-0.0262241
0.0306643
0.0622022
-0.0832821
-0.0341790
-0.0558093
-0.0017150
-0.0838292
-0.0205468
-0.0600807
-0.0844801
-0.0639684
-0.0239162
-0.0710116
0.0936575
0.0766153
0.0025323
0.0351074
-0.0520320
-0.0389116
0.0946058
-0.0123604
0.0911239
-0.0107230
0.0724206
-0.0163563
-0.0591699
0.0499567
-0.0836568
-0.0227612
-0.0209483
0.0616452
-0.0823564
0.0711258
-0.0907424
0.0267123
-0.0372783
0.0768230
-0.0635707
-0.0958143
-0.0369473
-0.0231197
-0.0493486
0.0618641
0.0844860
-0.0123055
-0.0514055
0.0863519
-0.0822169
-0.0574904
-0.0718425
0.0171316
0.0958570
-0.0484254
0.0057370
-0.0894530
-0.0813230
-0.0450725
0.0756606
0.0715976
-0.0829995
-0.0323290
-0.0916158
-0.0327749
-0.0783330
-0.0111558
-0.0320921
0.0698330
0.0806692
0.0309079
-0.0433376
0.1009292
0.0457384
-0.0093389
0.0723014
0.0690672
-0.0022738
-0.0974033
0.0282063
-0.0811486
0.0463036
0.0249701
0.0377512
0.0002541
0.0764691
0.0538855
0.0210248
0.0843236
0.1147411
0.1255572
0.0435117
0.1534275
-0.0494787
-0.1508262
-0.2477819
-0.1986319
0.0238821
0.1859945
0.1658130
0.1392274
0.0784932
0.0812910
0.0485966
-0.0449813
-0.0691046
0.0574276
-0.0223476
0.0558538
0.0213090
0.0253025
-0.0669902
-0.0959129
0.1034403
-0.0258571
-0.0520850
-0.0202045
-0.0225906
-0.0306615
0.0755823
-0.0654230
0.0610293
0.0662439
0.0391373
-0.0284148
0.0485682
0.0692284
0.0675364
-0.0968933
-0.0693621
-0.0076472
-0.0861184
-0.0758805
0.0514319
-0.0333329
0.0154845
-0.0191411
-0.0889654
0.0145270
0.0483118
0.0383668
0.0573933
-0.0669542
-0.0689140
-0.0895491
0.0571599
0.0127492
0.0789406
-0.0427817
0.0520359
0.0883232
-0.0807524
-0.0211985
0.0075649
0.0793324
-0.0125034
-0.0663505
-0.0332113
-0.0853139
-0.0670281
-0.0857111
-0.0063302
0.0929651
0.0213707
0.0811749
-0.0609147
0.0435202
-0.0122422
-0.0685055
-0.0211483
0.0016640
0.0350366
-0.0231695
0.0669884
0.0722633
-0.0294953
-0.0890006
-0.0806719
0.0682724
0.0271810
0.0492198
0.0428403
-0.0559441
0.0649588
0.0958211
-0.0184249
0.0154949
0.0094822
-0.0463098
-0.0144432
-0.0606243
0.0528807
-0.0473709
0.0045945
0.0226635
0.0476937
-0.0273293
-0.0045616
0.0192272
0.0785965
-0.0635886
-0.0292679
-0.0289339
0.0970428
-0.0860572
-0.0482089
0.0189943
0.0092402
-0.0484182
-0.0703757
-0.0642161
-0.0676943
-0.0356779
0.0288457
0.0487319
0.0015208
0.0416611
-0.0116394
0.0190948
-0.0747184
0.0385558
-0.0443555
0.0803129
0.0091644
-0.0725298
0.0044960
0.0063904
0.0478834
0.0295911
-0.0441717
-0.0060010
-0.0672199
-0.0344384
0.1196570
0.0476501
0.0026734
-0.0254874
0.0856823
0.0042256
0.0387992
-0.0482998
-0.0065724
-0.0247975
-0.0726863
-0.0908320
-0.0222405
-0.0536529
-0.0570802
0.1099827
0.1159011
0.1537799
0.0539357
0.1407492
0.0262877
0.0359147
-0.1943194
-0.2666107
-0.2797079
-0.1907056
-0.1154346
0.0619693
0.0833933
0.1418645
0.1065260
0.1659195
-0.0350119
0.0356172
0.0207889
-0.1143917
-0.1385469
0.0081042
-0.1582527
0.0108680
0.0577661
-0.0500175
0.1047901
-0.0033716
0.0119447
0.0512921
-0.0259591
-0.0092036
-0.0457698
0.0691195
-0.0672991
-0.0462583
0.0668495
0.0212959
-0.0522968
-0.0224817
0.0759702
-0.0428632
-0.0328803
0.0744332
-0.0429402
0.0346868
0.0105602
-0.0519324
-0.0510930
0.0328811
-0.0703399
-0.0961872
0.0653040
0.0075976
-0.0627995
-0.0298186
-0.0811293
-0.0047663
-0.0957138
0.0381131
0.0331601
0.0734295
0.0810077
0.0755930
-0.0433628
0.0389810
0.0088322
0.0878211
0.0459007
-0.0509860
0.0551733
-0.0692887
0.0235698
-0.0280922
0.0057795
0.0424979
0.0303970
0.1180886
0.0962588
-0.0078120
0.0980013
0.1506833
0.0563898
0.0857875
-0.0232284
-0.0112551
-0.0571536
-0.1717739
-0.1173964
-0.1070735
-0.2475033
-0.1004968
-0.0135053
-0.0164217
0.2362214
0.3815177
0.5067187
0.5858200
0.3984407
-0.0403550
-0.5808653
-0.7896214
-0.7037157
-0.3526423
0.0541010
0.1682671
0.2641853
0.2700007
0.3545314
0.2102465
0.0615206
0.0961478
-0.0293954
-0.1317557
-0.0964361
-0.1838741
-0.2105252
-0.0538473
-0.1215844
-0.0084451
0.0668560
0.0803527
0.1519832
0.0800534
-0.0182014
0.0595850
-0.0241094
-0.0473243
-0.0165145
-0.0247364
-0.0325117
-0.0665778
-0.0401302
-0.1250605
0.0055195
0.0776026
-0.0601768
0.1115844
0.0042950
-0.0161819
0.0232958
0.0103945
0.0272210
-0.0014873
-0.0958223
0.0200371
0.0294827
0.0281545
-0.0635501
0.0287735
0.0282661
-0.0973161
0.0616210
0.0398231
0.0509367
-0.0223167
0.0854494
0.0643097
0.0256013
-0.0770350
0.0990754
-0.0366950
0.0025216
0.0768974
-0.0839901
0.0553276
0.0365201
-0.0132463
0.0617795
0.0156966
0.0799385
-0.0007009
-0.0814453
-0.0570181
-0.0777349
0.0136545
-0.0846678
0.0140317
-0.0678714
0.0918474
-0.0473242
-0.0413128
-0.0278958
0.0327835
0.0594355
0.0494174
0.0443721
-0.0784298
0.0001841
-0.0155424
-0.0037795
0.0695992
-0.0024634
-0.0564379
0.0456851
-0.0194588
-0.0364429
-0.0299456
-0.0224794
0.0532047
-0.0221289
-0.0773405
0.0469088
0.0725980
0.0522697
0.0226640
-0.0433627
-0.0869052
0.0187267
0.0866203
0.0614662
-0.0262128
-0.0776880
-0.0380742
-0.0043128
0.0122384
-0.0508262
-0.0312697
0.0613460
0.0810729
0.0188991
0.0380814
-0.0145947
-0.0949512
-0.0148916
0.0483560
-0.0716702
0.0863212
0.0601964
-0.0791789
-0.0873178
-0.0161632
0.0472469
-0.0383787
-0.0789630
0.0067269
-0.0747172
0.0345791
0.0911195
-0.0708392
-0.0728585
0.0972953
0.0264753
0.0967011
0.0240324
-0.0372851
0.0467431
0.0784556
0.0319652
0.0001385
-0.0807943
0.0527433
-0.0408751
0.0154209
-0.0274403
-0.0807567
-0.0740441
0.0219327
-0.0613545
-0.0176733
0.0444452
0.0165524
0.0161559
-0.0546618
0.0549699
0.0318699
0.0773861
0.0119860
-0.0110541
0.0480646
-0.0196590
-0.0954466
-0.0546241
-0.0541728
-0.0387786
-0.0536471
0.0416302
-0.0933634
0.0001688
0.0702025
0.0570668
-0.0332306
-0.0826744
-0.0464471
-0.0644016
-0.0165742
-0.0196536
0.0425304
-0.0657842
0.0287738
0.0499268
-0.0164953
0.0755633
-0.0009945
-0.0877966
0.0703878
0.0468056
-0.0540543
-0.0178600
-0.0125574
0.0702625
-0.0914371
0.0945992
-0.0911786
-0.0178095
-0.0798846
-0.0277946
0.0162848
0.0320876
-0.0071328
-0.0066656
0.0724936
0.0116803
-0.0291099
0.0135319
-0.0852014
-0.0248759
0.0791756
0.0421187
-0.0509672
-0.0657065
-0.0005593
0.0328847
-0.0981093
0.0487028
-0.0807224
-0.0246010
0.0883766
0.0670162
-0.0633674
0.0358280
0.0830264
0.0595211
-0.0171534
-0.0676153
-0.0895738
-0.0252960
-0.0479738
0.1011904
-0.0527696
-0.0501494
0.0410439
0.0560679
-0.0267680
-0.0547786
0.0630562
0.0231303
0.0824116
-0.0409474
0.0046195
-0.0078497
0.0142690
-0.0363039
0.1012924
0.0223707
0.1046943
-0.0766936
0.0616751
-0.1265637
-0.0065265
-0.0246841
-0.1321245
0.0445129
0.0417825
0.0573236
0.0046129
-0.0375476
-0.0522050
0.1494349
0.1474036
0.2262032
0.0312318
-0.0405693
-0.2119896
-0.2934434
-0.0582161
0.1129978
0.1066946
0.1669125
0.0555931
0.0137316
0.1556666
0.0668588
0.0407766
-0.1032745
0.0265363
-0.0129477
-0.1312945
-0.0018672
-0.0720746
0.0781845
-0.0144074
0.1085672
-0.0346780
0.1202300
0.0817390
0.0531765
0.0344999
0.0794493
-0.0024907
-0.1030711
-0.1063047
-0.0358326
-0.0428365
0.0704966
0.0528482
-0.0335879
-0.0982326
-0.0084458
0.0385794
-0.0622073
-0.0054416
0.1123923
0.0005695
0.0245629
-0.0688978
0.0648716
0.0459217
0.0742652
-0.1006299
0.0570663
0.0063088
-0.0845034
-0.1300221
-0.0952712
-0.0856094
0.0115226
0.0033390
0.1258747
0.0944868
0.1110846
0.0060826
-0.0219180
-0.0166828
-0.0037178
-0.0775441
-0.0182355
-0.0993387
-0.0702208
-0.2326030
-0.1098266
-0.1692894
-0.0953619
0.0853797
0.1534010
0.2658272
0.3567340
0.3376717
0.2168894
-0.0118347
-0.3793383
-0.7027116
-0.7216234
-0.3208781
0.0969278
0.3038652
0.4462057
0.3773293
0.3662851
0.1878124
0.1139872
-0.0691663
-0.2054190
-0.2952936
-0.1207565
-0.0588318
-0.1368883
0.0446121
-0.0182745
-0.0258823
-0.0085320
0.0046964
0.0530069
0.1354333
0.0220760
-0.0038033
-0.0356970
0.0711353
0.0125629
-0.1153881
-0.0769137
-0.0395777
-0.0828623
0.0268728
-0.0935553
0.0855052
0.0982261
-0.0590198
0.0164944
0.0332658
-0.0468431
-0.0608644
0.0578815
-0.0008428
-0.0449260
-0.1107676
0.0105960
0.0290708
-0.0840073
-0.0555975
0.0227446
0.0773738
0.0595612
0.0620974
0.0277460
-0.0759754
0.0552873
-0.0171107
-0.0819275
0.0918879
0.0713121
0.0216217
0.0308810
-0.0340758
-0.0166384
-0.0857118
0.0356889
0.0763893
-0.0190110
-0.0767901
-0.0295456
-0.0569967
-0.0434937
-0.0720611
0.0286528
0.0279276
-0.0765190
-0.0279449
0.0150746
-0.0053741
-0.0472243
0.0348612
-0.0053927
0.0594790
0.0460041
0.0147964
-0.0243543
-0.0557513
-0.0395165
-0.0869870
-0.0050151
0.0367707
0.0180359
-0.0044702
0.0964518
0.0947102
-0.0050876
-0.0987496
0.0763637
-0.0172687
-0.0046779
-0.0297516
0.0389879
0.0468622
0.0746446
0.0297671
-0.0477127
0.0308483
-0.0875878
0.0843305
-0.0970375
0.0547512
0.0609763
0.0118361
0.0644236
-0.0449195
-0.0668117
-0.0565063
0.0823512
-0.0543147
0.0312760
0.0645238
-0.0273289
-0.0586410
0.0059782
0.0356072
-0.0442768
0.0312887
-0.0367288
0.0300092
-0.0351489
-0.0832809
0.0053221
0.0448200
-0.0520569
-0.0097707
-0.0578863
0.0915759
0.0220961
0.0523376
0.0721930
0.0160552
0.0845305
-0.0910387
-0.0618724
-0.0103864
0.0829971
-0.0185926
-0.0125304
-0.0012611
-0.0551770
-0.0665733
-0.0423957
-0.0786144
0.0070366
0.0728919
0.0087602
0.0938676
0.0495585
0.0603552
