0.0522945
0.0516342
0.0405615
-0.0743089
-0.0371787
0.0596952
0.0779902
-0.0460763
0.0768987
-0.0028111
0.0827832
0.0277887
0.0547596
0.0608003
0.0796707
0.0186942
-0.0306550
-0.0625485
0.0838616
-0.0590692
-0.0459006
0.0592756
-0.0282636
-0.0352773
-0.0301124
0.0608297
0.0087628
-0.0804300
0.0511620
-0.0245059
0.0356207
0.0028572
0.0146715
-0.0300338
-0.0202359
-0.0738175
-0.0048694
-0.0616873
-0.0552461
-0.0864518
-0.0561647
-0.0707072
-0.0406119
0.0308602
0.0075497
-0.0363136
0.0363365
-0.0233302
0.1191460
0.0175976
0.1210073
0.0092507
-0.0428169
-0.0470412
-0.0122163
-0.0327547
-0.1267524
-0.1144778
-0.2737158
-0.0003936
0.1390004
0.3673381
0.2279483
0.1591698
-0.0845882
-0.2666325
-0.1781311
-0.0472847
-0.0397225
0.0490643
-0.0407835
0.0683945
-0.0162153
0.0545184
0.0174334
-0.0007550
-0.0221805
0.0688583
0.0735242
-0.0295417
-0.0437101
-0.0345490
0.0506708
-0.0385290
-0.0941998
0.0534066
-0.0404266
-0.0638672
-0.0254241
0.0603373
0.0937194
0.0039030
-0.0211296
-0.0647956
-0.0609336
-0.0786931
-0.1008323
-0.0714768
-0.0485177
0.0371630
0.0700963
-0.0947350
0.0298125
0.0655518
-0.0236734
0.0740481
0.0376731
0.0310063
-0.0379001
0.0831946
-0.0011868
-0.0536601
0.0190046
0.0195501
0.0631883
-0.0524704
-0.0413610
-0.0481493
-0.0344590
0.0702360
0.0881311
-0.0867254
-0.0098327
-0.0385843
-0.0058001
0.0862080
-0.0359529
0.0788707
-0.0897791
0.0517675
0.0348219
0.0257517
0.0450196
0.0836696
-0.0569485
-0.0745293
0.0707753
0.0688958
0.0044572
-0.0776086
0.0414537
0.0396222
0.0122759
0.0336563
-0.0627082
-0.0310326
-0.0930520
0.0493864
0.0573198
0.0062475
-0.0682570
-0.0109864
-0.0272812
0.0206993
-0.0236378
-0.0566033
-0.0834147
-0.0316641
-0.0095320
0.0507403
0.0083990
0.0660185
-0.0301465
0.0141478
-0.0478003
-0.0219154
-0.0887488
-0.0276213
0.0794042
-0.0534723
0.0354449
0.0010349
0.0643237
-0.0709129
0.0448164
0.0268533
-0.1020324
0.0345450
0.0131712
-0.0064066
0.0018675
0.0615411
0.0737213
-0.0452367
0.0774135
0.0263021
0.0718412
0.0392916
0.0321452
-0.0715114
0.0588154
-0.0582487
0.0322945
-0.0080233
0.0598545
0.0706791
0.0336465
-0.0502759
0.0524378
-0.0643913
-0.0783311
0.0521821
0.0733569
-0.0409202
-0.0186451
0.0515097
-0.0483911
-0.0407862
-0.0231552
0.0654569
0.0156586
-0.0748636
-0.0202309
-0.0623924
0.0305404
0.0750133
0.0297696
0.0429745
0.0075243
0.0424122
0.0019376
0.0618098
-0.0226129
0.0669851
-0.0158669
0.0155321
-0.0815250
0.0640979
-0.0583335
-0.0333058
0.1069676
0.0125311
0.0492101
-0.0022299
-0.0665141
-0.0357425
-0.1150184
-0.0773554
-0.0396250
-0.0172909
-0.0671731
-0.0150648
0.1227812
0.1319904
0.1155612
0.0975325
0.1017220
0.0466763
-0.0101775
-0.0908923
-0.1338800
-0.3224059
-0.1926415
-0.0248836
0.0276797
0.2361447
0.2405834
0.1579317
0.0923490
0.0086573
0.0138617
-0.0197936
-0.1003278
0.0056116
-0.1416347
0.0384147
0.0030056
0.0405827
-0.0356592
-0.0758622
0.0437988
0.0171335
0.1079616
0.0569288
0.1173712
0.0233516
0.0074665
0.0621583
0.0561584
0.0223532
-0.0534959
-0.0220358
-0.0718629
-0.0590662
-0.0711973
-0.0507408
-0.0817213
0.0680894
0.0315400
-0.0133929
0.0479789
0.0565570
0.0805181
-0.0795011
0.0393093
0.0482147
-0.0108843
-0.0533978
0.0124417
-0.0278583
-0.0188480
-0.0047120
0.0305949
0.0602897
-0.0327156
-0.0177050
0.0510209
-0.0120739
0.0820120
-0.0824601
-0.0360057
0.0609571
-0.0302605
-0.0202120
0.0881144
0.0411485
-0.0247045
-0.0656008
0.0188272
0.0468846
-0.0123396
-0.0157292
0.0003723
0.0212758
0.0127841
0.0281869
-0.0814233
-0.0839027
0.0001767
-0.0688493
-0.0721849
-0.0168782
-0.0393959
-0.0400193
0.0524310
0.0830445
0.0500928
-0.0736279
0.0820228
0.0989822
-0.0323156
-0.0494615
-0.0508675
0.0026393
0.0608726
-0.0733385
-0.0098699
-0.0228880
0.0290086
-0.0568333
-0.0776893
0.0724307
0.0133932
0.0181514
0.0561982
-0.0593006
-0.0474689
-0.0903098
-0.0879557
-0.0434550
0.0622518
-0.0385228
0.0200714
0.0001526
-0.0445766
-0.0256668
-0.0803841
0.0197347
0.0276033
-0.0303519
-0.0778354
-0.0385689
-0.0511961
-0.0693567
-0.0443033
0.0775518
-0.0579227
-0.0099608
0.0255197
-0.0402676
-0.0783780
0.0771014
-0.0391162
0.0730800
0.0559321
0.0573072
-0.0729896
0.0142631
0.0085883
0.0823764
0.0814750
0.0392175
0.0392878
0.0546319
0.0051184
-0.0424840
0.0507771
-0.0867470
0.0623055
0.0258336
-0.0091831
0.0439810
0.0674207
0.0840449
-0.0116928
-0.0436597
0.0738513
0.0388563
0.0085820
-0.0947254
0.0768225
0.0894236
0.0392026
0.0665247
0.0588478
0.0804004
-0.0130044
0.0247785
0.0764049
0.0032889
0.0530978
0.0661259
-0.0464587
-0.1278230
0.0233376
-0.1041882
-0.1022696
0.0708012
-0.0576757
0.0567637
0.0514076
-0.0050437
0.1095881
0.0156671
0.0841882
-0.0584002
-0.0385386
-0.2089113
-0.2562610
-0.0752460
0.0010705
0.0555653
0.0724694
0.0904489
0.0156382
0.0331490
0.0128846
-0.0287710
-0.1090058
-0.1404586
-0.1264352
-0.0038697
-0.0395620
0.0419397
0.0013352
0.0944258
-0.0538981
0.0917260
-0.0119186
0.1154240
0.0432451
-0.0071456
0.0137849
-0.0799627
0.0070265
0.0626146
-0.1090891
0.0706990
-0.0891337
0.0442784
0.0719132
0.0895334
-0.0452769
0.0349726
0.0231401
0.0262112
0.0544898
0.0727071
0.0744036
-0.0765220
0.0054691
0.0536168
0.0113956
-0.0385620
-0.0246060
-0.0597934
-0.0336710
0.0005888
-0.0455979
-0.0367983
0.0812716
-0.0422271
0.0732429
0.0896569
-0.0089948
0.0742813
0.0700431
-0.0648590
-0.0590876
0.0870910
-0.0750484
-0.0856033
0.0802672
0.0798425
0.0350540
-0.0908275
0.0305561
-0.0540177
-0.0393478
-0.0247669
-0.0306271
-0.0752206
-0.0180309
-0.0251311
-0.0932496
0.0000860
-0.0811074
0.0319274
-0.0000548
-0.0672314
0.0893376
-0.0388311
0.0215993
-0.0547458
0.0021041
0.0397575
0.0328309
-0.0354220
0.0780062
0.0831294
0.0018755
0.0090579
-0.0660130
-0.0625492
-0.0699474
-0.0465183
-0.0732608
-0.0692389
-0.0709964
-0.0665939
-0.0627873
-0.0581761
-0.0454350
-0.0214148
0.0152547
0.0786360
-0.0565552
-0.0104786
0.0693006
-0.0556249
-0.0055062
-0.0269161
-0.0375017
-0.0286687
0.0495689
-0.0445405
0.0080111
0.0091979
-0.0605195
0.0798163
-0.0670746
-0.0395148
0.0565766
0.0063429
-0.0605781
-0.0817926
0.0354458
-0.0823327
0.0281042
-0.0847255
-0.0615761
0.0518132
0.0678764
0.0741865
0.0729162
-0.0053846
0.0312770
-0.0392066
-0.0099796
-0.0092612
0.0338252
-0.0000371
-0.0144100
-0.0061751
-0.0470126
0.0644049
-0.0704367
-0.0386159
0.0508981
0.0777912
-0.0204618
-0.0901257
0.0014616
0.0693987
-0.0641045
-0.0425638
0.0781507
-0.0813060
-0.0222239
0.0195204
0.0133294
-0.0710316
0.0186078
0.0080581
0.0144710
-0.0357206
-0.0403967
-0.0726844
0.0446561
-0.0574621
0.0430771
-0.0384272
0.0187355
0.0190636
0.0048032
0.0425848
-0.0626903
-0.1452901
-0.0334496
0.0204996
0.0524656
0.0362595
0.1479163
0.1204153
0.1465937
0.1417566
-0.0189307
0.1487937
-0.0342248
-0.1465695
-0.2050230
-0.2923717
-0.2482885
-0.0634068
0.0699922
0.1222341
0.1069709
0.0330961
0.0779327
-0.0227606
-0.0579068
-0.1016250
-0.1329785
0.0038813
-0.0024836
-0.1118202
-0.1188794
-0.0319660
-0.0562752
-0.0335294
0.0502566
0.0132170
-0.0300075
0.0594772
-0.0406005
-0.0070713
0.0135185
0.0391905
-0.0416585
0.0155906
0.0588364
-0.0267237
0.0589095
-0.0490699
-0.0693980
-0.0254405
0.0571806
0.0733826
0.0757295
-0.0655542
-0.0011932
-0.0733296
0.0405915
-0.0750423
0.0115804
-0.0904359
0.0675317
0.0027863
0.0534479
-0.0658378
-0.0645308
0.0894791
-0.0192016
0.0288451
0.0745926
-0.0915124
0.0473842
0.0619415
-0.0104352
0.0921732
-0.0056679
0.0075685
0.0618466
-0.0547790
-0.0818159
0.0072231
-0.0247906
0.0236045
-0.0737745
-0.0680768
-0.0196963
0.0469174
0.0974684
-0.0652744
0.0375048
0.0134872
0.0199047
0.0476213
0.0090414
0.0088129
-0.0785445
-0.0590659
0.0903033
-0.0365921
-0.0183453
0.0637614
0.0894063
-0.0522396
-0.0789728
-0.0511645
0.0428947
-0.0502741
-0.0418546
0.0249960
-0.0881866
-0.0353142
0.0264095
-0.0373060
0.0346492
0.0201791
-0.0784711
0.0616333
0.0595216
0.0840634
0.0932951
-0.0627493
-0.0461578
0.0614510
-0.0205472
-0.0676943
-0.0617249
-0.0424195
-0.0170921
-0.0063860
0.0104024
-0.0784613
0.0083977
-0.0046443
-0.0706016
0.0607247
0.0669688
0.0799352
0.0586796
0.0292093
0.0383974
-0.0725234
0.0801583
-0.0550755
-0.0037505
-0.0301738
-0.0715526
0.0685363
0.0619448
-0.0467838
0.0724034
-0.0609236
-0.0345722
0.0173743
0.0843442
0.0129538
-0.0425025
0.0427038
-0.0157236
-0.0827012
-0.0411152
-0.1127819
0.0377244
-0.0914428
0.0353953
0.0106700
0.0462519
0.1064552
0.0390372
0.0179850
0.1708917
0.0163285
0.0183506
0.0683597
-0.0147801
-0.0754315
-0.0972705
-0.1177408
-0.1765676
-0.1259559
-0.1170052
0.0640387
0.2237340
0.2427310
0.4472246
0.3116436
0.1609805
-0.0672636
-0.2953967
-0.3037776
-0.3624532
-0.1288495
-0.0236237
0.1167380
0.1811483
0.1455999
0.1983657
0.1544021
0.0074474
0.1140638
-0.0742940
-0.1254425
-0.0692528
-0.0995785
-0.0831176
-0.0831019
-0.1105112
0.0309485
-0.0066524
0.0570665
0.0645845
-0.0212273
0.0096360
-0.0548461
-0.0230975
0.0103155
0.0589491
-0.0600907
0.0575263
-0.0642141
-0.0316073
-0.1099986
-0.0982324
-0.0472305
-0.0160619
-0.0654135
-0.0280551
-0.0348787
0.0695593
0.0111604
-0.0442893
0.0478379
0.0688169
0.0187390
-0.0811483
0.0085054
0.0300839
-0.0847217
-0.0900925
-0.0192517
-0.0444894
-0.0697247
-0.0725196
0.0730697
-0.0044269
0.0587074
0.0885966
-0.0382013
-0.0084643
-0.0164922
0.0386451
0.0630285
-0.0672483
-0.0307199
-0.0158720
0.0826515
-0.0122609
-0.0564659
-0.0107247
0.0026622
-0.0484774
-0.0690318
0.0871432
0.0109258
-0.0774706
-0.0080726
0.0791572
0.0072096
0.0865802
0.0559699
-0.0420398
0.0784357
-0.0023688
0.0602389
-0.0928025
0.0452798
0.0542492
0.0005283
0.0393934
-0.0675633
0.0098599
-0.0283326
0.0255477
-0.0381097
-0.0295627
0.0732180
-0.0809645
-0.0384702
0.0238818
-0.0025820
0.0018986
0.0843951
-0.0522786
0.0892694
0.0248932
-0.0291092
-0.0298388
0.0868293
-0.0595335
-0.0048486
0.0212046
0.0253447
-0.0596258
-0.0409878
-0.0352561
0.0178579
0.0393554
0.0133779
-0.0777336
-0.0503187
-0.0084440
0.0757389
-0.0127417
-0.0152329
-0.0058106
0.0287313
0.0520947
0.0174871
-0.0603750
-0.0505823
0.0591298
-0.0048226
0.0103070
-0.0543734
0.0781391
-0.0020405
-0.0635959
-0.0402925
0.0198740
-0.0828346
0.0394905
-0.0278493
0.0336601
-0.0043443
0.0719299
-0.0008854
-0.0234743
-0.0520915
-0.0171824
0.0203529
0.0394097
-0.0245709
-0.0670407
-0.0868057
0.0411162
0.0859156
0.0145361
-0.0617242
-0.0521903
0.0101846
-0.0457369
-0.0736784
0.0339515
-0.0073174
0.0208433
0.0512345
-0.0592972
0.0826162
-0.0519952
0.0778252
0.0155406
0.0612312
0.0240878
-0.0617499
-0.0454667
0.0116654
-0.0797538
-0.0426793
-0.0206985
0.0028097
-0.0749701
0.0955522
0.0753371
-0.0623467
0.0363391
-0.0471629
-0.0583333
-0.0324889
-0.0021686
0.0711627
0.0316430
-0.0178395
0.0351017
0.0894941
-0.0103953
0.0872237
0.0951680
0.0075325
0.0522344
-0.0581745
-0.0651306
-0.0796782
0.0252350
-0.0104468
-0.1028652
-0.0342856
-0.0333696
-0.0186452
0.1559972
0.1046583
-0.0120564
0.0100802
0.0875954
0.0220034
0.0000603
-0.1579699
-0.2195957
-0.2021657
-0.0126794
0.0701799
0.1240513
0.0880862
0.1869081
0.1500962
0.0275219
-0.0182888
0.0208618
-0.1094450
-0.1008429
0.0259780
-0.0098156
-0.0121116
-0.0401065
0.0921913
-0.0756646
-0.0391667
0.0689144
0.0549733
0.1089602
-0.0515816
0.0843720
-0.0861462
-0.0600475
0.0640675
0.0731076
0.0108107
-0.0429067
-0.0742583
-0.0338779
0.0822521
-0.0858881
0.0585989
-0.0317819
-0.0291080
-0.0038532
0.0188897
0.0411436
0.0658239
-0.0189603
-0.0529888
-0.0392210
0.0741949
0.0334827
-0.0607155
-0.0765411
0.0509891
-0.0446429
-0.0635822
-0.0477036
0.0811029
-0.0450749
-0.0067632
0.0189066
0.0453148
-0.0162077
-0.0831077
0.0691738
-0.0881880
0.0762545
-0.0219026
0.0676165
0.0265439
0.0302159
-0.0360316
0.0480517
0.0316385
0.0156994
-0.0685952
0.0869561
-0.0765462
0.0264182
-0.0236988
0.0124462
-0.0804145
0.0088088
-0.0110743
0.0232622
0.0078814
-0.0049964
0.0002059
-0.0527971
-0.0443990
-0.0735140
-0.0653417
-0.0424538
-0.0178957
-0.0766236
-0.0126688
0.0842177
0.0185471
0.0094536
-0.0777907
-0.0697600
-0.0037948
-0.0083344
-0.0196991
-0.0181325
0.0776711
-0.0479323
-0.0050097
-0.0526793
-0.0316660
-0.0786298
-0.0539776
0.0462405
-0.0091853
0.0332679
-0.0916650
0.0307033
0.0306119
0.0079200
-0.0090544
0.0808665
-0.0378765
-0.0780503
-0.0081364
0.0125006
0.0490425
0.0639922
0.0459794
-0.0743208
0.0225234
0.0210743
0.0080181
0.0235539
0.0459983
0.0041267
0.0000685
-0.0016281
-0.0073806
0.0338794
-0.0167891
-0.0730759
-0.0399509
0.0149135
-0.0494182
0.0043186
0.0435170
0.0624345
0.0449438
-0.0276853
-0.0316547
0.0706628
-0.0383508
-0.0701870
-0.0140024
0.0160022
0.0744670
-0.0379537
0.0715667
0.0156211
0.0286681
0.0391101
-0.0055352
-0.0003305
0.0258584
0.0445450
-0.0175097
0.0530898
0.0423412
-0.0556846
-0.0812994
-0.0011022
0.0021131
0.0887038
-0.0709792
0.0992695
0.0348002
0.0079322
-0.0501802
-0.0133256
0.0112258
-0.0185892
-0.0258652
-0.0705610
-0.1264434
-0.0858216
-0.1131442
-0.0880037
0.0653209
0.0122429
0.1343005
0.0246061
0.0196647
0.0067873
0.1643488
-0.0362948
-0.1426438
-0.2044824
-0.1646746
-0.2096761
0.0382801
0.1484505
0.1175188
0.0429374
0.0155742
0.0595890
0.0832533
-0.0935884
-0.0316293
-0.1106268
-0.0918735
-0.0605794
-0.1127365
-0.0451362
0.0782404
0.0273647
-0.0127694
0.0436985
0.0022209
0.0982712
-0.0643535
-0.0763014
-0.0737947
-0.0193672
-0.0263794
0.0432293
0.0066981
0.0305918
-0.0844905
0.0367372
-0.0743841
0.0565223
0.0720301
0.0449702
0.0705595
