-0.0201934
0.0245297
0.0149440
-0.0082966
-0.0128247
-0.0065888
-0.0039808
-0.0221046
-0.0192756
-0.0010055
0.0301049
0.0053916
0.0115775
-0.0213705
-0.0063341
0.0147629
-0.0054140
-0.0024559
-0.0068962
-0.0122667
-0.0048573
-0.0096356
0.0218675
-0.0177912
-0.0046517
0.0195613
0.0103229
-0.0262400
0.0153824
0.0139129
0.0230735
0.0125661
0.0005481
-0.0143630
0.0026665
0.0009801
0.0192299
-0.0066443
0.0052092
-0.0201742
-0.0149129
-0.0070846
0.0076642
-0.0017418
0.0209475
-0.0194045
-0.0118762
0.0193295
0.0170285
0.0037724
-0.0281696
-0.0068664
0.0020081
0.0251368
0.0000976
0.0149118
0.0198945
0.0104668
0.0149089
-0.0055320
0.0032542
-0.0205415
-0.0115027
-0.0206952
-0.0053597
0.0165353
0.0151246
-0.0004372
-0.0076826
-0.0053432
-0.0206988
-0.0139780
-0.0228045
0.0179492
-0.0131674
0.0094945
0.0145551
0.0067143
0.0038830
0.0140100
-0.0055456
-0.0156447
-0.0203767
-0.0235720
0.0011668
0.0181660
0.0218099
0.0299363
0.0190722
0.0272000
0.0086264
0.0060912
-0.0121889
0.0182924
0.0176931
0.0008994
-0.0252950
-0.0415574
-0.0109883
-0.0201020
-0.0099157
-0.0162932
-0.0264802
0.0228191
0.0233978
0.0287287
-0.0085907
0.0567714
0.0842988
0.1475060
0.0787165
-0.0876639
-0.2416848
-0.2331139
-0.1068232
0.0868459
0.1664674
0.1602572
0.0346757
0.0247698
-0.0221860
-0.0108422
-0.0092510
-0.0446738
-0.0628859
-0.0238376
-0.0256982
0.0057101
0.0100975
-0.0201958
0.0046510
-0.0034262
0.0343807
0.0305974
0.0015072
-0.0075580
0.0263707
-0.0222603
0.0142037
-0.0055695
-0.0043980
0.0006063
-0.0196280
-0.0058400
0.0086932
0.0151665
0.0072836
-0.0034608
0.0068617
0.0260036
0.0030497
-0.0037339
0.0022655
-0.0175065
0.0130780
0.0045029
-0.0052388
-0.0005926
0.0222018
-0.0256148
-0.0032325
-0.0020236
-0.0143119
-0.0110088
-0.0022827
0.0183486
-0.0179972
0.0087848
-0.0214070
-0.0002112
-0.0062977
0.0203365
-0.0009814
0.0211270
0.0151066
-0.0008018
0.0151441
-0.0193724
0.0148904
-0.0302047
-0.0134455
-0.0199191
0.0013005
-0.0103950
-0.0195594
-0.0058370
-0.0173144
0.0019518
0.0213970
0.0092226
-0.0223833
0.0059673
0.0219365
0.0110188
-0.0129162
-0.0194288
-0.0124641
0.0137654
0.0124122
-0.0018878
0.0218002
-0.0233717
0.0168154
-0.0177725
0.0103176
-0.0091561
-0.0146002
0.0118605
-0.0133859
-0.0273070
-0.0221576
0.0110653
0.0191368
0.0230824
0.0127206
0.0049520
0.0141975
-0.0159946
0.0213290
0.0023655
-0.0170309
-0.0125509
0.0167432
-0.0232185
0.0055276
-0.0132873
0.0033347
0.0304073
0.0147391
-0.0049057
-0.0268651
0.0095059
0.0073327
-0.0183359
-0.0245638
-0.0086447
-0.0034045
0.0114813
0.0156442
0.0270646
-0.0155505
0.0005124
0.0183078
-0.0010862
-0.0009285
0.0064113
0.0253624
-0.0261733
-0.0283940
0.0248431
-0.0078027
-0.0045758
-0.0150340
0.0059479
0.0034742
0.0178560
0.0240793
0.0205294
0.0275148
0.0212294
0.0060391
-0.0235891
-0.0088992
0.0115098
-0.0147979
-0.0121356
0.0186004
-0.0171729
-0.0207350
0.0053175
0.0145745
-0.0298457
-0.0151934
0.0221870
0.0049598
0.0050633
0.0209731
0.0221324
-0.0158263
0.0097283
0.0156579
0.0087136
-0.0159676
0.0137217
-0.0251169
0.0098261
0.0011541
-0.0185535
0.0182114
-0.0127708
-0.0110672
0.0036899
0.0221767
-0.0086962
0.0214351
0.0057709
-0.0081084
-0.0211469
-0.0379032
-0.0340051
-0.0584418
-0.0287216
-0.0029431
-0.0064767
0.0359785
0.0481519
0.0095800
0.0029104
0.0019967
0.0873865
0.1270496
0.0675669
-0.0462838
-0.2057471
-0.2599839
-0.1322729
0.0637459
0.1853777
0.1835673
0.0498138
0.0129928
-0.0138313
-0.0054939
-0.0011560
-0.0489013
-0.0441518
-0.0164556
-0.0283151
-0.0148364
0.0025615
-0.0259129
0.0073034
0.0070620
0.0349238
0.0333381
-0.0007313
0.0328753
-0.0160930
0.0131032
0.0098734
0.0187310
0.0075812
-0.0301219
-0.0201178
-0.0052353
-0.0092834
0.0152252
0.0225115
0.0250715
0.0260401
-0.0122303
-0.0044443
-0.0278508
-0.0060955
-0.0215763
0.0278567
0.0079246
0.0063772
0.0216834
0.0166454
-0.0171985
0.0107236
0.0204342
-0.0261044
-0.0055044
0.0113157
0.0050049
0.0177384
-0.0117127
-0.0100793
0.0158819
-0.0273822
-0.0261695
-0.0030028
-0.0126137
0.0210360
0.0244589
0.0020244
0.0078974
0.0134160
0.0072558
-0.0256986
0.0043636
0.0200435
0.0203828
-0.0126920
-0.0059793
0.0010893
-0.0191758
0.0001068
-0.0053240
-0.0144476
-0.0014516
0.0000614
0.0142660
-0.0067317
0.0153226
-0.0138766
0.0044201
-0.0112956
0.0039740
-0.0232233
-0.0229255
0.0168203
0.0238868
0.0006492
0.0221038
0.0114709
-0.0115596
0.0041257
0.0094097
-0.0125777
-0.0123647
0.0192254
0.0036629
0.0161649
0.0220054
0.0163302
0.0255576
-0.0113199
0.0082051
-0.0034829
0.0108161
0.0224996
0.0210649
-0.0136227
-0.0020651
-0.0237163
0.0216973
-0.0054461
0.0086684
-0.0017925
0.0063115
0.0209195
0.0095930
0.0138549
0.0036774
-0.0182620
-0.0048826
0.0201009
-0.0147487
0.0057460
-0.0088623
-0.0038554
0.0139794
-0.0010856
0.0221477
-0.0179455
0.0010906
-0.0180181
-0.0087722
0.0108936
0.0123935
0.0183732
0.0063878
0.0063828
-0.0103455
0.0151612
0.0008933
0.0093642
0.0235700
0.0142014
-0.0034470
-0.0132747
0.0093414
0.0194548
-0.0232114
-0.0283606
0.0086274
-0.0125908
0.0137190
0.0227084
0.0150390
-0.0117332
0.0195146
0.0030141
-0.0215630
-0.0063267
-0.0215901
0.0069639
-0.0209623
0.0104854
-0.0173258
-0.0012215
0.0180552
0.0139301
-0.0022730
-0.0138337
-0.0044376
0.0020011
0.0417448
0.0389836
0.0057455
0.0271042
0.0193262
-0.0190142
-0.0258772
-0.0466634
-0.0575619
-0.0316918
-0.0021945
-0.0009075
-0.0038397
0.0284860
0.0474346
0.0180685
0.0039059
0.0336954
0.0945226
0.1133214
0.0472320
-0.1413657
-0.2433768
-0.2048247
-0.0282180
0.1381712
0.1943802
0.1147812
0.0222365
-0.0293556
-0.0015277
-0.0084163
-0.0263316
-0.0297149
-0.0529659
-0.0071265
-0.0348476
-0.0343720
0.0036859
-0.0049345
0.0229654
0.0382591
-0.0004552
0.0400258
-0.0019289
0.0229145
-0.0110875
0.0094642
0.0176741
0.0078392
-0.0244150
-0.0161488
0.0059001
-0.0025406
-0.0033533
0.0074292
0.0044956
-0.0081790
0.0088377
0.0098404
-0.0013355
-0.0031057
-0.0174877
0.0115947
0.0146219
0.0100150
0.0213868
-0.0210585
0.0212106
-0.0130270
0.0038407
0.0167238
-0.0157970
0.0113393
-0.0171964
-0.0079827
-0.0047215
0.0253805
0.0136083
-0.0104921
0.0185873
0.0103216
-0.0055552
0.0186929
0.0197809
0.0248222
-0.0085940
-0.0048812
0.0215960
-0.0112019
-0.0018123
-0.0262776
-0.0071474
-0.0289900
0.0278995
-0.0083491
-0.0002093
-0.0207258
-0.0308660
-0.0067274
0.0022145
0.0275781
0.0100411
0.0178650
-0.0110722
0.0199079
-0.0244772
0.0083035
-0.0239831
-0.0175154
0.0060961
-0.0224081
0.0038407
0.0240882
-0.0223952
0.0172393
0.0222461
0.0092017
-0.0225630
0.0219939
-0.0043466
0.0017418
-0.0178649
-0.0206844
-0.0210062
-0.0059294
0.0030281
-0.0137579
0.0170433
-0.0198313
-0.0141216
0.0124059
0.0018218
0.0108197
-0.0200189
-0.0275681
0.0081284
0.0127374
0.0201255
0.0056313
0.0058260
-0.0245192
0.0033261
-0.0088164
0.0187762
0.0258762
0.0103802
0.0060972
-0.0181587
-0.0079118
0.0049911
-0.0053198
0.0152423
-0.0198366
0.0193606
0.0004188
0.0148175
0.0220185
0.0024249
0.0160453
-0.0047424
-0.0150448
0.0011501
-0.0260566
0.0062348
-0.0170413
-0.0175246
0.0293485
0.0245220
0.0081642
0.0125784
-0.0111991
-0.0108721
0.0027366
0.0064513
-0.0296540
-0.0067228
0.0026148
0.0304901
0.0282720
0.0125535
-0.0139625
0.0237520
0.0171357
-0.0052019
0.0033195
-0.0170633
-0.0168942
-0.0139328
0.0045922
0.0088212
0.0095613
-0.0004341
0.0036934
0.0244609
0.0056034
-0.0002310
0.0289366
0.0035591
0.0318548
0.0255858
0.0068223
0.0249166
0.0119904
-0.0248490
0.0058534
-0.0500028
-0.0400585
-0.0429874
-0.0187398
-0.0041592
0.0198207
0.0209040
0.0029876
0.0134587
0.0186783
0.0293232
0.1020409
0.0824882
-0.0081764
-0.1646424
-0.2502943
-0.1803559
-0.0098083
0.1277675
0.1455921
0.0684346
0.0210556
-0.0396830
-0.0039355
-0.0251398
-0.0434021
-0.0300388
-0.0531631
0.0054178
-0.0018826
-0.0014436
0.0051462
-0.0188190
0.0146242
-0.0068341
0.0310065
0.0278566
0.0167870
-0.0105494
0.0272592
-0.0087587
-0.0041052
-0.0285347
-0.0000475
-0.0106608
0.0214325
0.0140225
0.0232396
0.0084330
0.0042004
0.0160031
0.0081765
-0.0224911
0.0095353
-0.0082602
-0.0180141
0.0198487
-0.0023882
-0.0129087
-0.0088350
0.0163056
-0.0026192
-0.0008099
-0.0194638
0.0180573
-0.0041769
0.0101341
-0.0051866
0.0150679
0.0005362
0.0222395
0.0137975
0.0015433
-0.0187690
-0.0130942
0.0126978
0.0044478
0.0233703
0.0047818
0.0207348
0.0151449
-0.0115077
0.0024603
-0.0207569
0.0022337
0.0048062
-0.0223704
-0.0219721
-0.0070056
0.0210338
0.0126771
-0.0159197
0.0027455
0.0025025
0.0126647
-0.0117743
0.0024390
0.0008403
0.0052919
-0.0189930
0.0084511
0.0179938
0.0341059
-0.0057393
0.0125362
-0.0241665
-0.0247932
-0.0045920
0.0085781
0.0184732
-0.0098743
0.0270735
-0.0027785
-0.0178742
0.0027975
0.0239043
0.0130015
-0.0160247
-0.0083770
-0.0050524
0.0226176
0.0103002
-0.0067037
-0.0085153
0.0042848
-0.0015086
-0.0026644
0.0215911
-0.0106662
0.0069209
-0.0011468
-0.0156950
0.0118770
-0.0153987
-0.0142714
0.0162301
-0.0125774
-0.0171113
-0.0057820
-0.0042949
0.0020154
-0.0145764
-0.0240428
0.0217538
0.0062279
0.0099395
0.0194672
0.0062107
0.0271714
0.0098367
-0.0110260
0.0040315
-0.0180078
-0.0122336
0.0129863
-0.0177385
-0.0071372
0.0098878
0.0052472
-0.0142432
0.0207075
-0.0213577
-0.0065052
0.0112703
0.0049677
0.0270850
0.0190860
-0.0098974
-0.0197004
-0.0228423
0.0024514
0.0190316
-0.0034615
-0.0053884
-0.0294709
0.0190943
-0.0002270
0.0248277
0.0136228
-0.0085123
-0.0076296
-0.0138160
0.0095000
0.0049087
0.0015746
0.0207516
-0.0195247
0.0108412
0.0047184
-0.0191378
-0.0268250
0.0208794
0.0004365
0.0021938
0.0297244
0.0142673
0.0189184
-0.0089944
0.0157304
-0.0221002
-0.0042724
-0.0037758
-0.0201319
-0.0567286
-0.0462942
0.0007231
0.0271807
0.0275033
0.0172831
0.0016212
0.0090889
0.0693873
0.1159132
0.0667768
-0.0201150
-0.1721311
-0.2305617
-0.1454917
-0.0004286
0.1563873
0.1802400
0.0906831
0.0327628
-0.0374444
0.0116079
-0.0041557
-0.0018685
-0.0082013
0.0037258
-0.0248649
-0.0201641
0.0069051
0.0099755
-0.0141267
-0.0151016
0.0044797
0.0289045
-0.0116366
-0.0031595
0.0320697
-0.0012662
-0.0035306
-0.0029414
-0.0290064
0.0011074
0.0090502
-0.0309801
-0.0147303
0.0226031
0.0054827
-0.0046198
-0.0178079
0.0078560
-0.0097400
-0.0014996
0.0139945
0.0087934
-0.0027289
0.0053360
0.0150826
-0.0204194
-0.0040936
-0.0030098
-0.0144162
0.0177145
0.0023439
0.0119264
0.0011515
-0.0153777
0.0006155
-0.0075538
0.0247049
-0.0049402
0.0136749
-0.0216217
0.0178140
0.0071601
0.0121771
0.0229778
0.0199908
-0.0231461
0.0164090
-0.0102134
0.0165922
0.0018130
-0.0194284
-0.0210085
0.0090173
0.0046564
-0.0085905
0.0038063
0.0101801
0.0000305
0.0117773
0.0032394
0.0131984
0.0124023
-0.0106727
-0.0127634
0.0120221
0.0149958
-0.0122722
-0.0228890
-0.0072642
-0.0100855
0.0027555
0.0140421
-0.0150405
0.0123524
-0.0167016
-0.0076606
-0.0036352
-0.0140994
-0.0049599
0.0144061
0.0001602
0.0124715
-0.0165275
-0.0137598
0.0113681
0.0046161
0.0282670
-0.0114120
0.0143687
-0.0356767
0.0113425
0.0214402
-0.0128121
0.0083530
-0.0027828
-0.0022499
0.0280878
0.0242390
-0.0098545
-0.0073239
0.0033450
-0.0159364
0.0229364
-0.0054477
0.0121508
-0.0234697
-0.0249224
0.0019861
-0.0117617
0.0011692
-0.0272601
0.0125760
0.0262507
0.0089821
0.0072957
-0.0004516
-0.0020653
-0.0166198
0.0199482
-0.0146873
-0.0211674
-0.0190466
-0.0163822
-0.0080477
-0.0050087
0.0049085
0.0089308
-0.0084124
0.0231744
0.0046354
0.0113347
0.0148046
-0.0238529
-0.0154795
0.0160725
0.0123836
-0.0161960
-0.0088072
-0.0237906
0.0140559
-0.0226272
-0.0155283
0.0014397
0.0047402
-0.0201114
-0.0003720
-0.0123200
0.0181653
-0.0093397
0.0241600
0.0224464
-0.0099004
-0.0185302
0.0150785
-0.0260244
-0.0064853
-0.0260287
-0.0290905
-0.0262021
0.0075172
-0.0007945
0.0095514
0.0093261
0.0366095
0.0070525
-0.0031280
0.0222377
-0.0319410
-0.0107874
-0.0521643
-0.0326371
-0.0472737
-0.0374329
-0.0007899
0.0139813
0.0074930
0.0239039
0.0301971
0.0130880
0.0879069
0.1539402
0.1271184
-0.0298191
-0.1920072
-0.3020017
-0.1988366
-0.0402358
0.1627522
0.1862869
0.1119707
0.0257812
-0.0006558
0.0221061
-0.0109079
-0.0114033
-0.0158602
-0.0251928
-0.0614915
-0.0451033
-0.0269135
0.0212653
0.0220524
0.0051621
0.0371670
0.0003421
0.0042452
0.0198233
0.0275125
-0.0078492
0.0089830
0.0020471
0.0100981
0.0116841
0.0038068
-0.0213740
-0.0226757
-0.0240320
-0.0220665
-0.0127814
-0.0059755
0.0060731
0.0232952
-0.0024703
-0.0139016
-0.0044465
-0.0227061
0.0082155
-0.0133354
-0.0004597
0.0208283
0.0037552
0.0127425
-0.0052580
-0.0305013
0.0154947
0.0000117
-0.0107274
0.0145277
0.0073295
0.0127236
0.0175122
-0.0078484
-0.0055065
-0.0078999
-0.0014559
-0.0093685
0.0114836
0.0039640
-0.0153223
0.0271322
-0.0232710
0.0225339
-0.0094752
0.0261004
0.0126191
-0.0012451
0.0120182
-0.0175365
-0.0079801
-0.0198374
-0.0069759
0.0159948
0.0057803
-0.0152202
0.0069135
0.0022290
0.0065191
-0.0113911
0.0187940
0.0152464
-0.0154974
0.0009333
0.0126490
0.0198086
-0.0207689
0.0029599
-0.0167192
0.0030454
0.0166013
0.0051550
-0.0145425
0.0194755
0.0125948
0.0238768
0.0294408
0.0252527
0.0158520
-0.0259688
-0.0215678
-0.0013148
0.0075825
0.0052075
-0.0233233
0.0099538
-0.0134782
0.0228992
0.0115386
0.0015632
-0.0017762
-0.0032665
0.0092110
-0.0161292
0.0017826
-0.0028297
-0.0051903
-0.0267142
-0.0256036
-0.0049258
0.0016277
0.0233417
0.0177907
0.0191106
-0.0192336
-0.0008031
-0.0031717
-0.0272842
0.0021155
0.0232586
-0.0122175
