-0.0149551
-0.1481241
-0.0479565
-0.1099308
0.0551649
-0.0348396
0.1177840
0.1064150
0.1001788
0.1098652
0.0652357
-0.0229821
0.0516623
0.0233521
0.0328855
-0.1256360
-0.1234126
-0.1402557
0.0120712
-0.0287984
-0.0300375
0.0398203
0.0996934
0.0114991
0.1575372
0.1553588
0.0054204
0.0713691
0.1109958
-0.0150150
-0.0500103
-0.0778609
-0.2150744
-0.2649297
-0.3012942
-0.1348884
0.0285614
0.3067579
0.4507761
0.5169230
0.2852733
-0.1299982
-0.3272344
-0.2627070
-0.3183624
-0.1143306
-0.0981579
-0.0069618
0.0788759
0.1006428
0.0923179
0.1246561
0.1198682
-0.0182869
-0.0759337
0.0177241
-0.1174789
-0.0065344
0.0164607
-0.0764274
-0.0437767
0.0587379
-0.0631679
-0.0174168
-0.0234782
0.0997000
0.1334879
0.1097966
0.0621824
0.0438298
-0.0795515
0.0595950
0.0365897
-0.1018183
-0.1482829
-0.1143856
-0.0706133
0.0352427
-0.0899350
0.0504469
0.1270460
0.0833527
0.1870205
0.1037165
0.1298962
0.1648029
0.0095097
-0.0715134
-0.2124213
-0.1783524
-0.2534287
-0.2416714
-0.1876401
-0.0455221
0.1781284
0.4537945
0.5510246
0.4389477
0.1316424
-0.2230305
-0.3546151
-0.4641998
-0.2422691
-0.1537493
-0.0583541
0.1054196
0.1101611
0.1660856
0.1167873
0.2052519
0.1192794
0.0788996
-0.0709829
-0.0043720
0.0117173
-0.1354018
-0.1388457
-0.0018353
0.0396423
-0.0672908
-0.0743094
-0.0355951
0.0747955
0.0039108
0.0617931
-0.0323661
0.0886808
0.0673333
0.0586498
-0.0075938
-0.0347641
-0.0047918
-0.1175734
-0.1364072
0.0167989
-0.1105530
-0.0275201
-0.0493733
0.0987569
0.1552072
0.1616403
0.0206836
0.1617911
0.1632365
-0.0283068
0.0511995
-0.0309002
-0.1561756
-0.1824981
-0.2823476
-0.2382150
-0.0952046
0.2246399
0.4831337
0.5530517
0.3763627
0.1512794
-0.1602757
-0.3204938
-0.2923421
-0.2064197
-0.0661925
-0.1091229
-0.0113495
0.1247928
0.1416656
0.0762716
0.0574823
0.1216080
0.1029397
-0.0740110
-0.1003213
-0.0242809
-0.0981189
-0.0041576
-0.0411908
0.0549998
0.0217477
0.0298355
-0.0671229
0.0440538
0.0262137
0.0684742
0.1015833
0.1085139
0.0047180
0.0096202
-0.0579521
-0.0197049
-0.0818499
-0.0878557
0.0025132
-0.0455770
0.0322268
-0.0239976
0.0671646
0.1021442
0.1160124
0.0583735
0.1468215
0.0081391
0.0149949
-0.0150634
-0.0186763
-0.1200992
-0.1010215
-0.2049462
-0.3487620
-0.2484363
-0.0182268
0.2021013
0.4290355
0.4724603
0.3191376
0.0056280
-0.3711406
-0.3531833
-0.1987644
-0.1881221
-0.0546153
-0.0389653
0.1476199
0.0692854
0.0481288
0.1346443
0.1334369
0.0014652
0.0566417
-0.0674401
-0.0125094
-0.0993684
-0.0254715
-0.0592877
-0.0492190
-0.0078468
0.0678710
0.1043030
-0.0325453
0.0602699
0.1328379
0.0216357
0.0163858
-0.0622949
0.0512606
0.0069290
-0.0014366
0.0414541
-0.0012357
-0.0971702
-0.0250468
-0.0372544
-0.1006119
-0.0055262
0.0070872
0.0454310
0.1540237
0.1069764
0.0675280
0.0827290
0.1135406
-0.0958121
-0.0917439
-0.2330862
-0.1526322
-0.3082299
-0.3676037
-0.2048525
0.0921452
0.4543977
0.6450486
0.4951672
0.1889916
-0.2786460
-0.3908571
-0.4289894
-0.2735675
-0.2362270
0.0348834
-0.0228728
0.1679129
0.1963292
0.1785729
0.0430692
0.1810258
0.1440286
0.0837522
0.0618635
-0.0171153
-0.1544951
-0.1545145
-0.1032758
0.0259619
-0.0872431
-0.0520495
-0.0734748
-0.0250465
0.0426374
0.1121489
-0.0013896
-0.0133160
-0.0239921
-0.0716004
-0.0654741
-0.0285284
-0.0692922
0.0108066
0.0289582
-0.0813211
-0.0585488
-0.0743542
0.0283705
-0.0304487
-0.0018661
0.1470396
0.0155828
0.1588232
0.0217115
-0.0540523
-0.0565980
-0.1609115
-0.0582125
-0.1906366
-0.1790504
-0.1788276
-0.2084891
0.1194431
0.4562523
0.5009211
0.4736984
0.0004969
-0.2715675
-0.3168573
-0.3247360
-0.1520210
-0.0299377
-0.1179635
-0.0226578
0.0338657
0.0629934
0.0745549
0.0668959
0.0094324
0.0335130
0.1008143
0.0411390
-0.0502597
-0.0129545
-0.0480689
-0.0260217
-0.0638091
-0.0699769
-0.0321619
-0.0187002
0.0841058
0.0903277
0.0709387
0.0120058
-0.0161717
-0.0172636
0.0181784
-0.0427920
-0.0231220
0.0207145
-0.0022883
-0.0824720
-0.0319597
0.0069900
0.0653603
-0.0230504
-0.0204114
0.0217236
0.0750187
0.1003750
0.0680888
0.1133143
0.0576704
-0.1340418
-0.0451898
-0.1588780
-0.1946846
-0.2552165
-0.1343435
-0.0225630
0.2474259
0.6018123
0.5278380
0.2747973
-0.1580386
-0.4191768
-0.3428134
-0.2944025
-0.1258269
-0.0055625
0.0799985
0.0651740
0.0520763
0.1347100
0.0996302
0.1381286
0.0458381
0.0105333
0.0273837
0.0104227
-0.1620797
-0.0479270
-0.0351217
-0.1087080
-0.0475766
-0.0761033
0.0318005
0.0581674
0.0072730
0.1253012
-0.0033763
0.1103066
-0.0481835
-0.0274310
0.0652632
0.0260984
-0.0957226
-0.0902532
-0.0959265
-0.0991242
-0.1009472
-0.0809179
0.0492629
-0.0015461
0.1179673
0.1066418
0.1415618
0.0253660
0.0613072
0.0712389
-0.1418577
-0.1993146
-0.1414709
-0.3006408
-0.2307959
-0.1586292
-0.0123755
0.2599178
0.5993179
0.5322913
0.4215157
-0.0812239
-0.3642106
-0.4349012
-0.3511836
-0.1836165
-0.1249138
0.0635366
0.1091315
0.1261020
0.1363915
0.1242490
0.0835853
0.0050820
0.0388748
-0.1130969
-0.0343627
-0.0343219
-0.0181492
-0.0625439
0.0147199
-0.0236094
0.0183448
-0.0062030
0.0695330
0.0722581
0.1148853
-0.0096076
-0.0356581
0.0726157
-0.0323444
0.0246525
0.0585410
0.0546147
-0.1068589
-0.0669687
-0.0627096
-0.1037474
0.0254078
0.0407914
-0.0043100
-0.0320016
0.1294500
0.0348732
0.1759266
0.1329006
-0.0075866
-0.0035894
-0.0586941
-0.0517815
-0.1131684
-0.1978352
-0.2533180
-0.1903560
-0.2081748
0.0808640
0.5383796
0.5656553
0.4598587
0.0999301
-0.3660065
-0.4904308
-0.4474664
-0.2482004
-0.1080904
-0.0014995
0.0897335
0.1084885
0.1351770
0.2105124
0.1269218
0.0733220
-0.0610390
0.0512779
-0.1304783
-0.1211817
-0.0243729
-0.0640282
-0.0576672
0.0422072
0.0746627
0.1164630
-0.0411329
-0.0249429
0.0924822
-0.0265639
0.0140554
-0.0714242
-0.1078273
0.0150471
-0.1007100
-0.1087938
-0.0406619
-0.0422986
0.0374533
-0.0079584
0.0811456
0.0077824
0.1190420
0.0808249
0.0469536
0.0689505
-0.0163781
-0.0108357
-0.1006903
-0.2828919
-0.2095506
-0.4058886
-0.3862320
-0.2288181
-0.0897110
0.3953303
0.7761806
0.8794755
0.5308845
-0.0666317
-0.5572960
-0.8412503
-0.5902417
-0.2662666
0.1094261
0.0335536
0.1361136
0.0698255
0.1133529
0.2640327
0.1123821
0.0419681
0.0053185
0.0506170
0.0013841
0.0059857
-0.0628381
-0.1363504
-0.1121347
-0.0635203
-0.1043288
0.0361470
-0.0366230
-0.0964526
-0.0228443
0.0251782
0.0818399
0.0573430
0.0754493
-0.0061281
0.1900351
0.1207526
0.0511543
0.0879041
0.0592219
-0.0287162
-0.0391608
-0.2759524
-0.3428116
-0.3362249
-0.2715850
-0.0270528
0.1922811
0.3383531
0.5137884
0.5924192
0.3801035
0.0315162
-0.3166201
-0.5376995
-0.5299499
-0.3337100
0.0086610
0.1201503
0.2258482
0.1894341
0.1433601
0.2187113
0.0441265
0.1179953
0.0236740
0.0320556
0.0597530
-0.0289147
-0.1143845
-0.0502379
-0.0014494
-0.1086601
-0.0548828
-0.0750966
-0.0310168
0.0882628
-0.0416872
-0.0065503
-0.0814614
-0.0364211
0.0123420
0.0506399
0.0909514
0.0016089
0.0548212
0.0261896
0.1468094
0.0211326
-0.0264344
-0.0194392
-0.0692520
-0.2768139
-0.3551434
-0.2438123
-0.2197775
-0.1232163
0.0969076
0.3668688
0.7083379
0.7219851
0.4376597
-0.1913892
-0.6577701
-0.7721249
-0.4429826
-0.1255468
0.0401186
0.1650314
0.1310003
0.0882960
0.2260674
0.1842734
0.1844129
0.0273375
0.0002071
0.0586707
-0.0060310
-0.0419572
0.0236923
0.0259909
-0.0233258
-0.0730155
-0.0307981
-0.0077750
-0.0433635
0.1251796
0.0349106
0.0880737
0.0849995
-0.0681783
0.0521915
-0.0939193
-0.0243277
0.0247899
-0.1005821
-0.0728802
0.0107671
0.0823361
0.0773911
0.0882097
0.0605963
0.0052368
-0.0849937
-0.0108384
0.0468041
-0.0391288
0.0449549
-0.0159430
-0.0597384
-0.0541151
0.0391614
-0.0358975
0.0383776
0.0368298
0.0197966
0.0148385
0.1277300
0.0703348
-0.0452034
-0.0477619
-0.0654647
-0.1895777
-0.1642242
-0.2631456
-0.0094519
0.2107869
0.4370784
0.6318978
0.3310187
0.0563621
-0.3123609
-0.4522228
-0.3168591
-0.2248294
-0.0823882
0.0775216
0.1412663
0.0397351
0.1943707
0.1288581
0.0651835
0.0835497
0.0433287
-0.0605953
-0.0308882
-0.1042429
-0.0180078
-0.0035977
-0.0768850
-0.1417910
-0.0633777
-0.0488248
-0.0320871
0.0323343
0.1010263
-0.0152980
0.0545613
-0.0299183
0.1304413
-0.0467512
-0.0059807
0.0700388
-0.0942150
-0.0669854
-0.0836621
-0.1498231
-0.0684993
-0.1222732
0.0104180
0.0216849
0.0415172
0.0589827
0.0969389
0.0210311
0.1351890
0.0745062
0.0738064
0.0138129
0.0340001
-0.0441685
-0.2196207
-0.2954145
-0.3983136
-0.4275615
-0.2932512
-0.0208617
0.2852545
0.6394679
0.8159654
0.5516716
0.1476686
-0.3706487
-0.6431355
-0.4781073
-0.2869390
-0.1331468
-0.0613249
0.1618019
0.0908723
0.2032168
0.1142020
0.1445540
0.0389171
0.0599866
0.0114392
-0.0688808
-0.0558501
-0.0202025
-0.0613993
-0.1634905
-0.1237257
-0.0148007
-0.0726330
-0.0482244
0.0081055
0.0842615
0.1313415
0.1063378
0.1331538
-0.0296190
0.0307084
-0.0831782
0.0207743
-0.0042201
-0.0121368
-0.0376740
-0.0322941
-0.0731288
-0.0704861
0.0300861
0.1312945
0.1492903
0.0430932
0.0838204
0.0121199
0.0195070
-0.0245859
-0.0366292
-0.1083861
-0.3012324
-0.3477727
-0.3118356
-0.2005999
-0.0685826
0.2950652
0.5779317
0.6411459
0.4291488
-0.2052530
-0.4736219
-0.4628757
-0.3525249
-0.2276107
0.0055401
0.0745057
0.1773710
0.1211311
0.1244471
0.2383506
0.0719269
0.0863679
0.0839422
-0.0981768
-0.0777435
-0.0256372
-0.1089782
-0.1165453
0.0210506
-0.0752085
-0.0151467
0.0109900
0.0494337
-0.0390543
0.0290013
0.0270967
0.1193689
0.1084875
-0.0512090
0.0355192
-0.0088173
-0.0577713
0.0323180
-0.1031527
-0.0560937
-0.0273750
-0.1123864
-0.0510243
-0.0242174
0.0142114
0.1461377
0.1250474
0.0455118
0.1411881
0.1155850
-0.0359433
-0.0168553
-0.1559222
-0.0817961
-0.2354637
-0.3018673
-0.1732589
-0.1900379
0.1255405
0.5884040
0.6560024
0.4918131
0.0160761
-0.3883734
-0.3832044
-0.4593245
-0.2329601
-0.1450524
-0.0518450
0.1170042
0.2037785
0.1921590
0.0843078
0.1339907
0.0563318
0.0464479
0.0175615
-0.0824101
0.0079100
-0.0704384
-0.1156569
-0.0384608
-0.0463389
0.0023736
-0.0256952
0.1095597
0.1355710
0.0410129
0.0821952
-0.0378328
0.0923434
-0.0625519
-0.0790541
0.0106978
-0.0271464
-0.0544851
-0.0521528
-0.1239502
-0.0676788
-0.0839890
-0.0625822
0.0105822
0.1636597
0.0748499
0.1401341
0.1726060
0.0374723
0.0662926
-0.1013908
-0.0211589
-0.2237203
-0.1879162
-0.3341590
-0.2529380
-0.2625693
0.1306643
0.4090459
0.7407139
0.5383995
0.2745608
-0.2521330
-0.5646641
-0.5794586
-0.3333591
-0.1400871
0.0553419
0.0017951
0.0913957
0.0963448
0.1335177
0.2377185
0.1666883
0.0827716
0.0116861
0.0121956
-0.0757730
0.0032545
-0.0763960
-0.0675276
-0.1017501
-0.0846467
-0.0371783
0.0721881
0.0225495
-0.0063046
0.1604617
0.0024854
0.0748115
-0.0521049
0.0827125
-0.0231952
-0.0217424
-0.0562951
-0.1111610
-0.0538240
-0.0044960
0.0219065
-0.0468293
0.0916588
0.0371791
0.1302100
0.0573706
0.0369930
0.1794431
0.0321519
0.0431740
-0.0968151
-0.2213880
-0.1499919
-0.1835519
-0.3284382
-0.2499254
-0.1452459
0.3751450
0.6898045
0.7221814
0.5502833
-0.0136597
-0.4685939
-0.6392926
-0.4314445
-0.3258060
-0.1231416
0.0274890
0.1058874
0.0942967
0.1392372
0.1305338
0.1916600
0.1437528
0.0201404
0.0029728
-0.0677807
-0.0189952
-0.1372460
-0.1561025
-0.0941929
-0.0673916
0.0530490
-0.0685183
0.0864429
0.0254236
-0.0024105
-0.0121632
0.0599492
-0.0143789
-0.0316733
-0.0454327
-0.0941503
-0.0226763
0.0165888
-0.0944828
-0.0299872
-0.0704361
-0.0234012
0.0803824
0.0735128
0.1223071
0.0640736
0.0468214
0.1028182
0.1049447
0.1153750
0.0864654
-0.1450355
-0.1919470
-0.1972972
-0.1349418
-0.2213552
-0.3297723
-0.1168381
0.2985668
0.5666178
0.7180281
0.3781997
0.0093011
-0.3234676
-0.4673943
-0.3374509
-0.3269002
-0.1378288
0.0455911
0.0334033
0.1561232
0.2432486
0.2608072
0.1935637
0.0383258
0.0326568
0.0607186
-0.0007515
-0.1327825
-0.0949458
-0.1534699
-0.1149210
0.0060787
-0.0639940
0.0227102
0.0964371
-0.0210500
0.0954696
-0.0150371
-0.0210572
0.0610437
0.0761290
-0.0005216
-0.0551389
-0.1273281
-0.0645239
-0.0612940
-0.1499669
-0.0217090
-0.0765003
0.0198662
0.0709796
-0.0005837
0.1388423
0.2009667
0.1950791
0.0317395
0.0774369
0.0315178
-0.0508869
-0.2282852
-0.2102940
-0.3312521
-0.3511215
-0.2032579
0.0473704
0.4267646
0.6794280
0.6637564
0.2924565
-0.1627171
-0.5307561
-0.5899711
-0.3552074
-0.1660179
-0.0376427
-0.0315462
0.1244092
0.2287343
0.1782550
0.0927767
0.1737469
0.0971110
0.0394833
-0.0099183
-0.1013239
-0.1068157
-0.1689040
-0.0395674
-0.0707961
0.0141211
0.0701216
0.0040816
-0.0219503
0.1156510
0.0237323
0.0914832
0.0249243
0.0447015
-0.0019372
0.0719365
-0.0961466
-0.0348121
-0.0188021
0.0026111
-0.0986625
-0.0338421
-0.0681277
0.0284076
0.1134626
-0.0010753
0.1938927
0.0596629
0.0536401
0.1503271
0.1146680
-0.1112755
-0.0210071
-0.0838462
-0.2074735
-0.2935847
-0.2970627
-0.2017151
0.1735999
0.4969563
0.7087883
0.6501046
0.2219951
-0.1102710
-0.4941079
-0.5658235
-0.3297440
-0.2358097
0.0204731
0.0131042
0.0541521
0.1107041
0.2244196
0.2235683
0.2051056
0.0017592
0.0315635
-0.0086406
-0.1319807
-0.0428590
-0.1365898
-0.0778741
-0.1333401
-0.0303055
0.0464199
0.1044568
-0.0130567
0.0694827
0.0108031
-0.0149498
0.0526834
-0.0582242
-0.0739294
-0.0614187
-0.1202986
-0.1051741
-0.0922246
-0.1129537
-0.0313474
0.0471537
0.1042687
0.1101823
0.0099001
0.0272522
0.2013884
0.1489078
0.0193770
0.0784089
-0.0667217
-0.1750036
-0.2275337
-0.2700027
-0.2138485
-0.2891685
-0.1302462
-0.0525947
0.4341094
0.7756055
0.7873947
0.3261610
-0.2511416
-0.5992524
-0.6519531
