0.0367283
-0.0163300
0.0732198
0.0016492
0.0615903
0.0582091
-0.0070218
-0.0686265
0.0146623
-0.0123522
-0.1096063
-0.0610613
0.0338693
-0.0519156
-0.0668543
-0.0478100
0.0144447
0.0375020
0.0679397
0.0773041
0.0966863
0.0027455
0.0088270
0.0919553
-0.0248907
-0.0238483
0.0173567
-0.0306745
0.0821775
-0.0795520
0.0426868
0.0788606
-0.0536224
-0.0075904
-0.0297002
-0.0706579
0.0974316
-0.0720506
-0.0243008
0.0670869
0.0642073
-0.0349344
0.0003044
-0.0633339
-0.0285570
-0.0742487
-0.0090539
0.0598040
0.0460536
0.0884752
-0.0395033
0.0126873
0.0874313
0.0740242
0.0781475
0.0715256
0.0192872
-0.0029356
-0.0209570
-0.0210765
0.0862100
0.0264749
-0.0720877
-0.0916751
-0.0744748
-0.0322127
0.0470315
0.0643528
0.0250077
-0.0709194
-0.0423938
0.0294645
0.0218713
0.0007177
-0.0430246
-0.0367262
0.0629225
-0.0733532
0.0745031
0.0681746
-0.0881842
0.0262227
-0.0688520
-0.0752107
0.0790912
0.0840788
0.0184696
0.0052430
-0.0324218
0.0443585
-0.0131554
-0.0279576
0.0023799
-0.0475474
-0.0640916
-0.0432719
0.0379285
-0.0719345
-0.0333164
0.0824580
0.0191225
-0.0819623
-0.0047282
0.0097436
-0.0575064
-0.0813599
0.0399149
0.0413814
-0.0595797
-0.0786955
0.0781026
0.0186117
0.0259611
0.0276115
0.0206192
-0.0357820
-0.0817848
-0.0714578
-0.0368968
-0.0434990
-0.0260503
0.0235195
0.0536448
-0.0488050
-0.0454663
-0.0282219
0.0284894
0.0460245
0.0218821
0.0513520
0.0089051
0.0361908
-0.0253758
0.0592114
0.0188134
-0.0279683
-0.0402515
-0.0867690
-0.1017304
-0.0146070
-0.0499010
-0.0153103
0.0707657
-0.0480321
0.0676182
0.0475312
0.0661034
0.0308968
0.0691503
0.0105141
0.0601300
-0.0280130
-0.0390000
-0.0343213
0.0107788
-0.0199182
-0.0607329
-0.0262470
0.0685472
0.0334954
0.1375883
0.1468948
0.0835541
0.0137170
0.1628065
0.0517197
-0.2204336
-0.1475643
-0.2603375
-0.0748649
0.0752047
0.0327511
0.2021735
0.0318810
0.0901572
0.0927810
-0.0515725
0.0289556
0.0083821
-0.1032569
0.0112236
-0.1174465
-0.0115751
-0.0760185
-0.0981507
-0.0145151
0.1080026
0.0221643
0.0461648
-0.0549893
0.0017243
-0.0518116
0.0785226
0.0340712
0.0029573
-0.0853153
-0.1039454
0.0369479
-0.0708227
-0.0447106
-0.0386478
0.0007417
0.0806893
0.0515292
-0.0268045
0.0627959
0.0568430
-0.0132851
-0.0001621
0.0172876
-0.0794234
-0.0567855
-0.0048935
-0.0274170
0.0529814
0.0837340
0.0066065
0.0159811
0.0257191
-0.0690647
-0.0359728
0.0287183
-0.0366887
0.0217141
0.0205093
0.0511121
0.0200267
-0.0018266
-0.0204488
0.0816159
0.0562475
0.0308722
0.0490372
0.0786359
0.0082880
0.0307830
0.0415697
0.0334266
0.0288233
0.0424390
-0.0261025
-0.0112723
0.0137257
0.0891048
0.0417696
-0.0818441
0.0200888
0.0759821
0.0727277
-0.0760842
-0.0771976
0.0219934
0.0059361
-0.0859812
0.0394204
-0.0322482
-0.0578871
0.0528717
-0.0486631
0.0032617
-0.0844314
-0.0514106
0.0725904
-0.0455240
-0.0645877
0.0768968
-0.0610398
0.0435253
-0.0676646
-0.0229558
-0.0813502
0.0563542
0.0702006
-0.0645673
-0.0178018
0.0748439
-0.0814952
-0.0704877
-0.0285772
-0.0789338
0.0401441
-0.0459105
-0.0275152
0.0419741
0.0481427
0.0714561
0.0564738
0.0618725
-0.0730767
-0.0088669
0.0553537
-0.0089316
-0.0507566
0.0232141
0.0864294
0.0822886
-0.0761871
0.0177416
0.0614260
0.0877067
0.0413949
-0.0289582
0.0257844
0.0192176
-0.0325534
-0.0196156
-0.0249929
-0.0152686
-0.0305683
0.0221637
0.0749663
0.0812237
0.0324527
-0.0860510
-0.0320606
-0.0076158
0.0013634
0.0525250
-0.0640865
0.0346273
-0.0852975
0.0310614
-0.0341408
0.0672272
-0.0859530
-0.0673926
-0.0794275
-0.0423169
-0.0198219
-0.0181308
0.0271668
0.0206964
0.0272368
-0.0383179
-0.0502879
-0.0227546
-0.0322779
0.1150487
-0.0078819
-0.0503493
0.0747496
0.0642930
-0.0552211
-0.1161977
-0.0667004
0.0195475
-0.0650504
-0.1174004
0.0857120
0.0954649
0.1361689
0.0341969
0.0021829
0.0916004
0.1118924
0.0731175
0.0291780
-0.2065261
-0.2726344
-0.2152730
-0.0448244
-0.0357461
0.1006227
0.0712427
0.1274660
0.1097864
0.0895985
0.0170023
-0.0338469
0.0434947
-0.0758700
-0.0016607
-0.0633385
0.0564728
-0.0216646
0.0611633
0.0284667
0.0616621
-0.0258040
0.1023948
0.1010980
0.0236032
-0.0542374
-0.0449024
-0.0346381
-0.0645536
0.0075670
-0.0221786
-0.1007332
-0.1006660
0.0592258
-0.0432380
-0.0000629
0.0428331
-0.0559287
-0.0032714
0.1004441
0.0103756
0.0152233
-0.0476895
0.0869280
0.0566110
0.0769683
0.0097632
-0.0889797
0.0094407
0.0135120
0.0118964
0.0809762
0.0087627
0.0302840
-0.0052329
-0.0635492
-0.0399370
-0.0704610
0.0062087
0.0530685
-0.0473673
0.0381725
-0.0006221
0.0556382
0.0000268
0.0812616
0.0202387
0.0605914
-0.0819400
0.0590357
0.0428576
-0.0393435
0.0516817
0.0823756
0.0486017
0.0223677
-0.0723426
0.0290863
-0.0213728
0.0788796
-0.0198194
-0.0709231
-0.0835497
-0.0529151
-0.0160935
-0.0723653
0.0352358
-0.0853306
-0.0636139
-0.0671627
0.0361243
-0.0095007
0.0664320
-0.0841098
-0.0002040
-0.0953142
-0.0271260
0.0852987
-0.0605931
-0.0104362
-0.0721073
-0.0597437
0.0565155
0.0482675
0.0817220
-0.0781257
-0.0301818
0.0607649
-0.0902307
0.0930680
0.0026561
0.0393327
0.0184680
-0.0383289
0.0359529
-0.0244346
0.0565097
-0.0816591
0.0399878
-0.0284428
-0.0005685
-0.0185803
-0.0526432
-0.0210639
-0.0555064
-0.0356409
0.0205499
0.0837981
-0.0224415
0.0624573
-0.0727120
0.0161221
-0.0471154
-0.0802884
0.0771700
0.0136763
-0.0051476
-0.0720299
0.0237597
-0.0499646
-0.0024702
-0.0110666
-0.0728661
-0.0751085
0.0288688
-0.0327419
0.0115104
-0.0097077
-0.0284181
0.0673694
-0.0194102
-0.0843489
-0.0785482
0.0909331
-0.0423787
-0.0839505
0.0206625
0.0782763
0.0486000
-0.0545626
0.0290365
0.0294007
0.0070048
0.0263485
-0.0015540
-0.0190303
-0.0066526
-0.0156721
-0.0078986
0.0266045
-0.0188511
0.0996030
-0.0372726
0.0385977
0.0582088
-0.0324139
-0.0731891
0.0333487
-0.0315277
-0.0446688
-0.1056476
-0.0949292
-0.0050125
-0.1271950
-0.0673954
0.0202186
0.1261349
0.0406608
0.1160546
0.0878960
0.0045098
-0.0048816
0.0114896
-0.0704604
-0.2012934
-0.1393614
-0.2452354
-0.0724341
0.1444029
0.0275777
0.1234411
0.1177700
-0.0025996
0.0862278
0.0414258
-0.0312303
-0.0267982
-0.0441693
-0.0458493
-0.0297822
-0.0104920
0.0569748
0.0760991
0.0731172
-0.0285950
0.0663262
0.0363979
0.0744879
-0.0630584
0.0606756
0.0702549
-0.0782714
0.0066042
-0.0852026
-0.0091110
0.0096799
0.0338793
-0.0656144
0.0757139
0.0769283
-0.0617510
0.0855772
-0.0513805
0.0315389
-0.0560130
0.0036066
-0.0452874
-0.0339377
-0.0361836
0.0484460
0.0151280
0.0436405
0.0161013
-0.0252055
-0.0084614
0.0503071
-0.0564183
0.0049329
-0.0807128
-0.0220309
-0.0024164
-0.0497028
-0.0099508
-0.0586655
0.0636751
-0.0189000
-0.0561965
-0.0306338
0.0437306
0.0643354
0.0841331
0.0619406
0.0291717
0.0614818
-0.0382351
0.0060440
-0.0434017
0.0756746
-0.0625419
0.0582798
0.0362479
-0.0614761
0.0036408
-0.0549052
0.0554920
0.0394167
0.0522199
-0.0654750
-0.0027640
-0.0658056
-0.0867788
0.0901410
0.0651876
-0.0420897
-0.0325426
-0.0757974
-0.0354205
0.0592615
-0.0498992
-0.0615541
-0.0476240
0.0319766
0.0095375
0.0753706
0.0735428
0.0880807
0.0344394
-0.0061175
0.0283109
-0.0828341
-0.0266189
0.0217586
-0.0555380
0.0480928
-0.0531135
0.0414179
-0.0026709
0.0063575
0.0765906
-0.0126949
-0.0440101
0.0080974
0.0395324
0.0764356
0.0659093
0.0196158
-0.0357475
-0.0352921
0.0709903
0.0193791
-0.0815659
0.0604197
-0.0699773
-0.0402208
-0.0042425
0.0646662
-0.0010762
0.0910714
0.0829474
0.0650449
0.0212083
-0.0311917
-0.0671768
0.0436632
-0.0023016
-0.0484047
-0.0844839
-0.0746311
-0.0210677
-0.0066107
-0.0257159
-0.0053090
-0.0034611
-0.0484663
0.0611903
0.0691185
0.0820030
-0.0864692
0.0089940
0.0213308
0.0740874
0.0120262
0.0047873
0.0573954
0.0214722
-0.0107672
-0.0405316
0.0359241
0.0686186
0.0294575
0.0524492
-0.0379448
0.0605958
0.0135573
0.0490669
-0.0505181
-0.0845429
-0.0107662
0.0853235
0.0729250
0.0661616
0.0877735
0.0356552
0.0965056
0.0954187
0.0720705
0.0227741
-0.0424626
-0.0069929
-0.0124694
-0.1289586
-0.1049589
-0.0162413
-0.0053063
-0.0642075
0.0165665
0.1281178
0.0535608
0.1313534
0.0056439
0.0001585
0.0553607
-0.0266905
-0.1308324
-0.2537803
-0.2061232
0.0219586
0.0852009
0.1406143
0.1938701
0.1525294
0.0330395
0.0380526
-0.0026746
0.0555501
-0.0473415
-0.0618820
-0.0882558
-0.0587934
0.0204991
-0.0637171
0.0688815
-0.0748948
-0.0356916
0.0810759
0.0090895
0.0493005
0.0654163
-0.0540178
0.0316297
-0.0176895
0.0554269
-0.0296659
-0.0099230
-0.0688147
-0.0265435
0.0257161
-0.0177314
0.0175657
0.0452817
-0.0651133
0.0031295
-0.0007894
0.0873611
0.0369174
-0.0156563
0.0911085
0.0291836
0.0465123
-0.0446937
-0.0881644
-0.0738479
0.0375065
0.0142357
-0.0217113
0.0007025
0.0654125
-0.0632956
-0.0425907
-0.0250341
0.0469052
-0.0175550
0.0684777
0.0883137
-0.0423581
-0.0824905
-0.0140158
-0.0842749
-0.0501783
-0.0096859
-0.0924886
0.0305371
0.0351029
-0.0477110
-0.0198982
0.0121667
-0.0608388
-0.0701918
0.0348106
0.0476873
0.0337501
0.0671364
-0.0056745
0.0448950
0.0882753
0.0127046
-0.0654742
0.0588366
0.0586255
-0.0722473
-0.0713138
-0.0740973
0.0100497
-0.0905336
0.0664379
0.0645788
-0.0010561
-0.0043690
0.0819152
-0.0402831
-0.0293391
-0.0045268
0.0255824
0.0060565
-0.0762810
-0.0343798
0.0919865
0.0494295
-0.0140514
0.0125760
0.0825373
0.0624173
-0.0174330
-0.0229927
-0.0084756
0.0224628
0.0213975
0.0898587
-0.0645224
-0.0564789
0.0544988
-0.0483352
-0.0657811
-0.0896611
0.0610835
-0.0566234
-0.0058468
-0.0410641
-0.0561183
-0.0791180
0.0249022
0.0471198
-0.0129783
-0.0609828
0.0925802
-0.0551905
0.0297523
0.0248418
0.0240660
-0.0405766
-0.0681392
-0.0664923
-0.0389992
-0.0238711
0.0636692
-0.0715133
0.0771913
-0.0584266
-0.0721107
0.0574241
-0.0571628
0.0686504
0.0794679
-0.0321361
-0.0238460
0.0836560
0.0127282
-0.0927460
-0.0888918
-0.0761156
0.0654437
0.0534757
0.0557709
0.0121691
-0.0753019
-0.0663098
-0.0773362
-0.0609112
0.0673285
0.0400580
0.0905982
0.0195244
-0.0579646
0.0468980
-0.0824607
-0.0297481
-0.0363606
0.0090001
0.0504122
-0.0071297
-0.0035202
-0.0413935
0.0862014
0.0855497
-0.0256863
0.0507814
0.0626697
0.0607877
-0.0802134
-0.0603049
0.0364006
-0.1316911
-0.0995982
-0.1063935
0.0384879
0.0308765
0.0464619
0.0043766
0.0985921
0.0225820
0.0810280
0.0705981
-0.0161111
-0.2972495
-0.1722813
-0.1281330
0.0228020
0.0866882
0.1920829
0.0595381
0.0149494
0.1271672
0.0317183
-0.0684572
0.0367015
-0.0177491
-0.1265859
-0.0473119
0.0349977
0.0489791
0.0614873
0.0143977
-0.0426957
0.0441466
0.0099421
-0.0556804
0.0925696
-0.0441915
0.0017805
0.0517855
-0.0944222
-0.0300903
0.0223309
-0.1049281
0.0797325
0.0842929
-0.0121717
-0.0641748
-0.0619175
-0.0211932
0.0287363
0.0333950
-0.0172289
-0.0061482
0.0889815
-0.0117013
-0.0161040
-0.0298677
0.0206497
-0.0260465
-0.0214237
-0.0005602
-0.0924311
-0.0780365
0.0535202
0.0543647
-0.0233690
0.0342882
0.0709408
-0.0160131
0.0324256
-0.0413755
-0.0117062
0.0443085
0.0619038
0.0219288
-0.0222167
0.0647164
0.0345366
-0.0551203
-0.0415605
0.0851655
0.0099351
-0.0149331
-0.0241022
-0.0696412
-0.0482335
-0.0656806
-0.0500371
0.0130017
0.0697143
-0.0710939
0.0511648
-0.0258138
-0.0235012
0.0484279
0.0230412
-0.0567770
-0.0903780
0.0038480
-0.0013027
0.0121477
0.0520885
-0.0763405
0.0534437
-0.0477386
0.1043379
0.0002661
0.0297183
-0.0116191
0.0831230
-0.0596194
-0.0103207
0.0396814
-0.0108798
0.0340384
-0.0248251
0.0618374
-0.0491609
0.0136685
-0.0156637
-0.0155968
0.0473489
-0.0348746
-0.0249660
-0.0015657
-0.0261248
-0.0621417
-0.1007573
-0.0094760
-0.0417202
0.0155975
-0.0154958
-0.0502754
0.0313421
0.0090193
0.0961888
0.1210357
0.0594349
0.0761765
0.0752212
0.0233639
0.0551051
-0.0827110
-0.2530087
-0.3398281
-0.3127827
-0.3161825
-0.1696591
0.2518830
0.4246135
0.5632377
0.4501503
0.2829375
-0.0842493
-0.4432779
-0.4560018
-0.3595775
-0.0843001
-0.0420452
0.0283872
0.0979641
0.0782986
0.1106596
0.1698647
0.0587135
0.1123475
0.0038000
-0.0110847
-0.0915820
-0.0762099
0.0108361
-0.1372152
-0.1238810
-0.0961332
-0.0799472
0.0166049
0.0235353
0.0456573
0.0430248
0.0727508
-0.0474476
0.1129824
-0.0746888
-0.0819908
0.0733547
0.0378693
-0.0568810
-0.0945919
-0.1050660
-0.0838931
0.0131984
-0.0701945
-0.0691670
0.0923485
-0.0627001
0.0860462
0.0310719
0.0753257
-0.0160881
-0.0144678
0.0355538
0.0018967
0.0755185
0.0732182
-0.0091751
0.0275598
-0.0218557
-0.0076802
0.0697152
0.0011218
0.0001605
0.0437746
-0.0236091
0.0553104
0.0605878
0.1047494
-0.0588947
0.0817738
0.0193414
0.0398298
-0.0435299
-0.0553359
-0.0104960
0.0461843
0.0341182
-0.0831105
0.0607933
-0.0496546
0.0406207
0.0392080
-0.0328152
-0.0398736
0.0295872
0.0400606
-0.0899612
-0.0509882
-0.0102796
0.0023764
0.0481221
0.0577780
0.0107321
0.0453870
-0.0041592
0.0647818
0.0980370
0.0194785
0.0805942
0.0342365
-0.0338388
0.0163495
0.0171618
0.0559698
-0.0505468
-0.0469719
-0.1462429
-0.0542185
0.0278937
-0.1121095
-0.0034318
-0.0386679
0.1226976
0.1822353
0.1593699
0.1194010
0.1927847
0.0147774
0.0259879
0.0482489
-0.1417567
-0.2678575
-0.2566923
-0.3165299
-0.2677538
-0.0697334
0.1610881
0.5705094
0.5766432
0.4392627
0.2130587
-0.1553082
-0.3872300
-0.4791986
-0.3202370
-0.0466918
-0.0911760
0.0064089
0.0666420
0.0651055
0.1844422
0.0619485
0.0341330
0.0904585
0.0070304
0.0107275
-0.0404874
0.0164662
-0.1113385
0.0278177
-0.0680762
-0.1225515
-0.0246414
0.0559220
-0.0110811
0.1065581
0.0351298
0.0658744
0.0318089
0.0954604
-0.0027609
0.0796828
-0.0672525
-0.0782541
