-0.1260335
-0.3526870
-0.0507487
-0.0583688
-0.0973243
0.1271111
0.2320883
0.1540712
0.1212060
0.1559662
0.0229871
-0.0979050
0.0219149
-0.0402986
-0.1804733
-0.0978017
-0.0831825
-0.2196827
-0.0376757
0.0277122
0.1275603
0.1281853
-0.0258852
0.2055603
0.0828144
0.1621233
0.0791312
-0.0644941
0.0116784
-0.1502659
-0.1401020
-0.1203485
-0.0332498
-0.1094983
0.0532987
-0.0450425
0.0641216
0.2788461
0.5783230
0.4351331
0.1976695
-0.0928545
-0.3884476
-0.4347585
-0.2196397
-0.5306236
-0.6861807
-0.2597638
0.3381280
0.7069159
0.6747095
0.5214450
0.0521356
-0.0257750
-0.0352453
-0.1406144
-0.2008243
-0.3640742
-0.2707210
-0.2344459
0.0356025
0.0276335
0.2141971
0.1929600
0.2735256
0.0439128
0.2176263
0.1621577
0.1344954
-0.0916111
0.0029592
-0.0605091
0.0327162
-0.1498687
0.0986058
-0.0456900
-0.0044256
0.1563226
-0.0159082
0.1615883
0.0438355
0.0480653
-0.0390329
-0.0354090
-0.1060392
-0.0863515
-0.0335930
-0.0342516
-0.2456382
0.0308418
0.0418986
-0.1068867
0.3407018
0.4268777
0.5052445
0.5102846
0.0701481
-0.2079925
-0.3226962
-0.2341366
-0.4485317
-0.6164754
-0.3800437
-0.0468059
0.7053252
0.8433891
0.5688402
0.2006983
-0.0134051
0.0144336
-0.1855372
-0.3591480
-0.2017686
-0.2674161
-0.1488915
-0.1308120
-0.0274586
0.1505308
0.1606986
0.2485629
0.1707695
-0.0322412
0.0011194
-0.0977176
-0.0109955
-0.0233112
-0.1881503
-0.2460531
-0.2345238
-0.1614621
0.0247250
-0.0680270
-0.0633055
0.1607411
0.1451589
0.0739581
0.1669470
-0.0490056
-0.0955816
0.0528622
0.0132267
-0.0147077
-0.1791967
-0.2145415
-0.2550397
-0.1177462
-0.0991897
0.0216214
0.1167164
0.4230175
0.4533051
0.2843898
-0.0997839
-0.3310020
-0.2474831
-0.3045526
-0.4774383
-0.4133980
-0.3901090
0.1577349
0.5491378
0.5902520
0.3788082
0.0844658
0.0720976
-0.1884635
-0.0849975
-0.1168348
-0.1770711
-0.0724256
-0.2175620
-0.0788333
-0.0013772
0.2117979
0.1629479
-0.0024922
0.1304115
-0.0303004
0.0329379
0.0685522
-0.1575529
0.0285352
-0.0136365
-0.0320811
-0.0601478
-0.0188196
0.0567585
-0.0422747
-0.0444061
0.1967761
0.0978731
0.2163332
0.1134693
0.0186343
0.0012996
0.0466192
-0.1291508
-0.2406872
-0.0963645
-0.1255506
-0.2479904
-0.0735463
-0.0392181
-0.0098598
0.3059872
0.2330866
0.2737359
0.2295023
0.0239963
-0.1715676
-0.1779384
-0.3346012
-0.7337020
-0.5579355
-0.2657563
0.0536999
0.6412522
0.5972067
0.5524980
0.1108705
-0.0561462
-0.1170672
-0.0957031
-0.2765753
-0.1629283
-0.2856128
-0.1065359
-0.0957218
0.0043181
0.1898581
0.1933086
0.1905153
0.0350585
0.0336172
-0.0472440
-0.0301097
0.0566129
-0.1132027
-0.1207598
-0.1918208
-0.0551745
0.0541188
0.0607292
0.0244581
0.1763795
-0.0048588
0.1061689
0.0677174
0.1103257
-0.1306758
0.0247468
0.0407799
-0.0963498
-0.0582945
-0.1972450
-0.2514651
-0.1685801
-0.0550413
0.1772470
0.1743610
0.4920353
0.2949133
0.2817738
0.0342276
-0.0236844
-0.3078387
-0.4072865
-0.6160269
-0.5693710
-0.4216770
0.3310022
0.7991240
0.7894217
0.4088376
0.1357299
0.0305850
0.0026063
-0.2086286
-0.3318826
-0.2223350
-0.0712841
-0.1093700
-0.1644811
0.1566419
0.0857375
0.2020971
0.2576543
0.0812754
-0.0238513
0.0300693
-0.0464754
-0.0613411
-0.2156826
-0.0791164
-0.0343111
-0.0982369
-0.0384395
-0.0912423
0.0354526
0.0095039
0.2233772
-0.0169920
0.1967176
0.0836006
-0.0239628
-0.0652833
-0.1872489
-0.1368529
-0.1951747
-0.0833753
-0.0848499
-0.1033323
-0.0789742
0.0822690
0.2411931
0.3008469
0.4614023
0.3941555
0.1062450
-0.0165982
-0.3355549
-0.4480678
-0.5226442
-0.5972706
-0.6427696
0.1387670
0.7539034
0.8243842
0.7146311
0.3481573
-0.0342762
-0.1980099
-0.1905772
-0.2151815
-0.1570549
-0.1834503
-0.1209585
0.0928200
-0.1036059
0.0427318
0.1419198
0.0320869
0.1084998
0.1295443
0.2073944
-0.0318701
-0.1424788
-0.0301801
-0.0483358
-0.1839731
0.0140593
-0.0164970
0.1119756
-0.0001667
0.1685247
0.1112580
0.1901367
-0.0134350
0.0899367
-0.0677500
0.0681783
-0.1579947
-0.0442606
-0.1202139
-0.1209673
-0.2630099
-0.1861190
0.0877431
0.0540782
0.2095319
0.4920280
0.3437396
0.1323302
0.1455139
-0.0447207
-0.2720313
-0.4964424
-0.5367913
-0.6652129
-0.2533242
0.3354854
0.7283219
0.6594323
0.2794072
0.0206520
-0.0955372
0.0283007
-0.2823969
-0.1364924
-0.2474059
-0.1405152
-0.1084417
-0.1610681
-0.1136099
0.0763550
0.2245318
0.1379953
-0.0258290
-0.0193618
0.0570646
-0.0993229
-0.0935460
-0.1587812
0.0118324
0.0168698
0.0492915
-0.0566476
0.1244326
0.1844458
-0.0072626
0.1666387
0.1116304
0.1239270
-0.1156174
0.0234038
-0.0202147
-0.1141740
-0.1007976
-0.2063596
0.0091162
-0.0427182
-0.0175235
0.2379649
0.4434842
0.5351940
0.2780407
0.0517518
-0.0049665
-0.2574359
-0.3416049
-0.5592827
-0.5941235
-0.4178665
0.0247305
0.4489966
0.7093070
0.4898629
0.2542279
0.0274993
-0.2154558
-0.2751379
-0.2130572
-0.2503916
-0.3045907
-0.1923674
-0.1179831
0.1283204
-0.0439969
0.2388607
0.1938326
0.2737311
0.0483553
0.2051608
-0.0647276
0.0307442
-0.0994325
-0.0907273
-0.1066753
-0.0857085
-0.1532143
0.0039442
0.1235888
0.0698776
0.1468430
0.1526630
0.1889852
0.0290625
-0.0388462
0.0935744
-0.0641153
-0.0777143
-0.0584943
-0.0870207
-0.0362558
-0.2232864
0.0580819
0.2129277
0.1392443
0.3285697
0.3921624
0.4260261
0.2533360
0.1265287
-0.1730934
-0.3211567
-0.7319853
-0.7735867
-0.3476229
0.0660085
0.6710614
0.7114371
0.4447769
0.1920947
0.0249541
-0.1942017
-0.2562130
-0.2733433
-0.1288408
-0.2314889
-0.2336105
-0.1009081
0.0908184
0.1165332
0.0589466
0.2282012
0.1538498
0.1245805
0.1467007
-0.0596838
-0.1134906
-0.0481816
-0.0069858
-0.0947861
0.0579702
-0.1162015
-0.0306946
0.0273070
0.0915185
-0.0227208
0.0646851
0.0967923
0.0980797
-0.1323296
-0.0846864
0.0367399
-0.0296623
-0.1491946
-0.0369605
0.0008717
-0.1029860
-0.0861033
0.2100640
0.0399984
0.2708435
0.0989676
0.0946592
-0.0052783
-0.0453892
-0.3033837
-0.4711648
-0.5249398
-0.2491833
-0.1244195
0.0847683
0.3162894
0.3275483
0.2951592
0.2044280
-0.0307487
-0.1160512
-0.0888056
-0.2341663
-0.1341773
-0.0435863
0.0320822
0.0960042
-0.1019908
0.0103220
0.0100985
-0.0219682
0.1731366
0.1169009
0.0169706
-0.0934859
-0.0799672
-0.0564682
-0.1546597
0.0206023
0.0588332
-0.0580127
-0.0909102
0.1882898
-0.0622882
-0.0357820
0.1042586
-0.0457907
-0.0322550
-0.0517746
0.0154553
-0.1431043
-0.1371677
-0.0064744
-0.0751259
0.0449029
0.0067511
0.0555952
0.1527300
0.3879722
0.3730278
0.2667743
0.1571160
-0.2264734
-0.2339837
-0.6007417
-0.7675603
-0.5713298
-0.1839120
0.2661801
0.7996572
0.6195138
0.5230459
0.0629693
-0.0108694
0.0030000
-0.2304915
-0.3216619
-0.2455387
-0.2236235
-0.1254687
-0.2454183
0.0215751
0.0209826
0.1995083
0.4115952
0.4436104
0.2776791
0.1379834
-0.0594768
-0.0532775
-0.2260898
-0.2524220
-0.2099464
-0.1547765
-0.0078818
-0.0639309
0.0901182
-0.0467998
0.0816435
-0.0321178
-0.0441033
0.1031850
0.1316734
0.1101412
0.0931606
-0.0821584
-0.1224507
-0.0368605
-0.0411136
-0.1609715
-0.0405260
-0.0645467
0.1550016
0.0424553
0.0159726
0.1760439
-0.0279152
0.2334110
0.1717391
0.0577129
-0.2206936
-0.2994418
-0.1994132
-0.0853765
0.3745269
0.4698037
0.2514885
0.0302534
0.0816670
0.0881132
-0.1310801
-0.0610024
-0.0575328
-0.1409670
-0.0378373
0.0226059
0.0898799
-0.0671903
0.0638037
0.1971686
0.0822618
0.0540470
0.0348992
-0.1603366
0.0501949
-0.0287645
-0.0330309
-0.1062316
-0.0033958
0.0237966
-0.0492537
-0.0472459
0.0835483
0.1198448
-0.0613864
0.1304700
0.1278887
-0.0503980
0.0501620
-0.0431582
-0.1839657
-0.0762142
-0.1961730
-0.0699471
-0.0813218
-0.0357867
0.1028170
0.4357860
0.3979058
0.6033777
0.3426173
-0.1219907
-0.4524897
-0.9217741
-0.8014562
-0.6005600
-0.0714670
0.4249295
0.6391933
0.6354545
0.3080146
0.1448012
-0.0310975
-0.3183470
-0.2229205
-0.1207739
-0.2650293
-0.1309063
-0.2087727
0.0851800
-0.0030453
0.1438728
0.2620978
0.0145557
0.0550696
-0.0356668
0.1400094
0.1039185
-0.0607013
0.0625023
0.0532195
-0.0054820
-0.0612687
-0.1178275
0.0278271
-0.0465826
0.0534000
0.1414114
0.0875273
0.1287044
-0.1093930
0.0517216
-0.0748268
-0.0775408
-0.2305908
-0.1409920
-0.2621368
-0.2636302
-0.0430174
-0.0549318
0.0392226
0.1351595
0.4376836
0.4882459
0.3292132
0.2469002
-0.2146607
-0.7133326
-0.6252375
-0.5168085
-0.2128204
0.3788976
0.6206615
0.5974398
0.2663377
0.2290227
0.0808516
-0.1260099
-0.1003792
-0.1716982
-0.1846002
-0.0599905
-0.0055459
0.0067664
-0.0452907
0.0472756
0.0266464
0.0438938
0.2310409
0.1919186
0.1030813
0.0400687
0.0026221
0.0202399
-0.2098555
0.0735587
-0.1445549
0.0213702
0.0757220
0.0022526
0.0676729
-0.0202505
0.0008014
0.1519029
0.0354813
-0.0079443
0.0462863
-0.1690948
-0.1406485
-0.1187803
-0.2078442
-0.2642700
-0.0177276
0.0216015
0.0822441
0.1688335
0.2637963
0.5362546
0.4781419
0.1552136
-0.0548048
-0.5736211
-0.8807572
-0.8722853
-0.5137922
0.2777384
0.7043818
0.5630784
0.4067889
0.3414155
0.1983644
0.0390757
-0.2194993
-0.3258154
-0.2658947
-0.3255519
-0.1442389
-0.1504719
-0.0685443
0.1190493
0.2354361
0.0341549
0.0724401
-0.0193725
-0.0549454
0.0302644
0.0870040
0.0309069
-0.1123382
0.0134377
-0.0765577
-0.1199136
0.0992242
0.0853141
0.1134659
0.1845543
-0.0291054
0.1001146
0.0659764
0.0698973
-0.1593281
-0.1098955
-0.1577866
-0.0821944
-0.1370812
-0.0057186
0.0364358
0.1566710
0.2268198
0.4876244
0.5315725
0.5254123
0.3699724
-0.0552691
-0.4459129
-0.5405668
-0.8888813
-0.8638770
-0.6045327
0.1231937
0.7024039
1.0476289
0.5170028
0.3041033
0.0167372
-0.1569894
-0.1556266
-0.2435003
-0.4247818
-0.1759553
-0.0557020
-0.0458437
-0.0090437
0.0473524
0.2564329
0.1198777
0.0693423
0.2069613
-0.0004318
-0.1251267
-0.1211742
-0.1776075
-0.1025382
0.0302351
0.0086474
-0.0871964
-0.1330853
0.0417739
-0.0120656
0.0139233
0.1857585
-0.0193881
-0.0652053
-0.1200719
-0.1414337
0.0147445
-0.2518410
-0.2271839
-0.0099301
-0.1856055
0.0225655
-0.0490096
0.3038779
0.2308131
0.2624864
0.4414452
0.0768313
-0.2203068
-0.3934345
-0.8320026
-0.6384520
-0.4142759
0.0689076
0.5418364
0.6076790
0.4239536
0.1811766
0.2418196
-0.1176277
-0.0538072
-0.1709306
-0.1144549
-0.2606212
-0.1514717
0.0702704
-0.0416161
0.1117444
0.0285797
0.0786509
0.0720929
-0.0083076
0.1795173
-0.0019707
-0.1055557
0.0851319
-0.0027918
0.0020193
-0.1222644
-0.0323326
0.0671270
0.0022401
0.0619476
0.1151511
0.1144315
0.1061190
-0.0203658
0.1235861
0.1297962
-0.1278045
-0.0496285
-0.2188003
-0.2286763
-0.0253639
-0.2033465
0.0220640
-0.0945687
0.1642387
0.2959173
0.4284301
0.4513044
0.1724484
-0.0241148
-0.3088638
-0.6280840
-0.8620260
-0.5316741
-0.0117481
0.3052660
0.4361454
0.5130510
0.3641312
0.1528678
0.0709188
-0.1842052
-0.2355855
-0.0755057
-0.0982878
-0.2570217
-0.1690328
-0.1134905
0.0036979
-0.0257731
-0.0183760
0.0472040
-0.0609447
-0.0770033
-0.0337584
-0.0143145
-0.0089791
-0.1303485
-0.1195459
-0.1513312
-0.0341610
0.1162232
0.1290918
0.0826229
0.0138592
0.1907136
0.1095553
0.1722513
0.0333009
0.0966866
-0.0918668
-0.0812452
-0.2822645
-0.0473657
-0.1066468
-0.1653586
0.0911204
0.1876892
0.2712569
0.5903455
0.5150102
0.4370640
0.0172264
-0.2520727
-0.5454597
-0.8148383
-1.0263698
-0.3956947
0.2417762
0.8539619
0.8745100
0.4234482
0.2421038
-0.0155462
-0.0665044
-0.2925063
-0.2851756
-0.2658888
-0.0803378
-0.1177672
-0.0691379
-0.0794816
0.2155736
0.0218028
0.2275838
0.1787503
-0.0439470
0.1567685
0.1471460
-0.0875297
-0.0606590
-0.1042853
-0.1329658
-0.1070499
-0.1231277
-0.0326107
-0.0519234
0.1582779
-0.0530060
0.1823143
0.0023592
-0.0079665
0.0770091
0.0826392
-0.1618016
-0.2286728
-0.0684522
-0.1213376
-0.0062561
-0.0136068
0.0363533
0.2501703
0.3583631
0.3522577
0.3051544
0.1345281
0.1233533
-0.3954448
-0.5723613
-0.6506982
-0.4857046
-0.0609768
0.4247588
0.5273035
0.4979241
0.5013565
0.1059920
-0.0642954
-0.2392608
-0.2968600
-0.1136160
-0.2824428
-0.0952308
-0.0990531
-0.0065388
-0.0385294
0.0300448
0.0813883
0.0968849
0.1504069
-0.0293625
0.0924880
-0.0513647
0.0912358
0.0099814
0.0072186
0.0733425
-0.0381901
0.0702806
0.0148269
0.1552345
0.1705159
0.1125408
0.0170788
0.1363650
0.0572726
0.0044291
-0.0727489
0.0007499
-0.1072971
-0.0434855
-0.0369568
-0.0624292
0.0024999
0.0184820
0.2262850
0.4277307
0.3887221
0.2872997
0.1753671
-0.1940989
-0.5106437
-0.9094720
-0.5637972
-0.3350321
0.3147277
0.5455115
0.5645187
0.3793883
0.1570303
0.1242003
-0.1026231
-0.1181711
-0.1880364
-0.2908208
-0.1923524
-0.1190622
0.1129074
0.1040043
0.0290526
0.0721836
0.0909883
0.0736052
0.0984832
0.0919203
0.0175032
-0.0167514
-0.0173110
0.0393068
-0.0864610
-0.1460119
0.0662596
0.0856935
0.1633717
-0.0393008
0.0580666
0.1594586
0.1141237
0.1297653
-0.0432653
-0.1550069
-0.0680911
-0.2658718
-0.0756186
-0.2750931
-0.1063928
-0.0927549
0.2005768
0.0793912
0.3812238
0.5745304
0.5800322
0.3161777
-0.0269075
-0.2754339
-0.8043526
-0.8662383
-0.8251241
-0.3975564
0.1175651
0.6095497
0.8573226
0.6406455
0.5705662
0.0904600
-0.0351991
-0.1612424
-0.2858376
-0.2837966
-0.2663208
-0.3261101
-0.2430792
-0.0485129
-0.0032878
0.1566653
0.1495928
0.0994432
0.2816109
0.2606657
0.0362628
0.1003001
0.1467373
-0.0923802
-0.1603262
0.0379673
0.0316830
-0.2175715
0.0353877
-0.0019191
-0.1014081
-0.0419835
-0.0623257
0.0940639
0.0360484
0.1590791
-0.1111358
-0.0630572
-0.0320649
0.0596864
0.0762122
-0.0274591
-0.0227282
0.2249521
0.0863626
0.0900694
-0.1485440
-0.1700330
-0.1609464
-0.0741544
-0.0806012
-0.1038067
-0.3881509
-0.0190327
0.3731369
0.3408998
0.2858864
0.3144269
-0.1335476
-0.1668705
