0.0033247
0.0538169
0.0874284
0.0809850
-0.0115487
0.0182412
0.0817030
-0.0536720
0.0264397
-0.0045874
-0.0847705
-0.0259312
0.0343604
0.0127985
0.0867258
0.0834026
0.0414312
0.0643869
0.0322446
0.0572608
0.0467927
-0.0451468
-0.0526480
-0.0805599
0.0150770
-0.0022215
-0.0263204
0.0908549
-0.0109840
-0.0377401
0.0628384
0.0629523
-0.0851011
-0.0097731
0.0310232
-0.0739643
0.0143161
0.0500507
0.0616488
0.0740426
0.0223357
-0.0505937
-0.0269914
-0.0070929
-0.0722184
0.0310162
0.0257098
0.0566547
0.0305477
0.0660060
-0.0135128
0.0634540
0.0782030
-0.0031676
0.0627998
0.0286275
-0.0321808
0.0085965
0.0741603
0.0274816
-0.0449535
0.0472892
-0.0787360
0.0491186
-0.0708055
0.0805109
0.0668638
-0.0339358
-0.0764050
0.0538210
0.0004214
-0.0421271
-0.0037937
-0.0241506
-0.0521308
-0.0353282
0.0037617
0.0352988
-0.0186856
-0.0260502
-0.0183054
0.0531375
0.0099281
0.0462105
0.0661121
-0.0873547
0.0630084
0.0320122
-0.0014212
-0.0186739
-0.0704134
0.0353839
0.0794299
0.0316227
0.0371168
-0.0036037
-0.0203548
-0.0410764
-0.0725915
0.0177072
-0.0294285
0.0141263
-0.0677529
0.0531797
-0.0139628
-0.0515338
0.0629100
0.0578955
-0.0814324
-0.0246994
0.0472249
-0.0786793
0.0425884
-0.0028097
-0.0843716
-0.0615986
0.0797475
0.0588903
0.0348681
-0.0239421
0.0150277
-0.0616424
0.0311648
0.0431576
-0.0094941
0.0644928
-0.0228096
-0.0695507
0.0430204
-0.0056519
-0.0503136
-0.0901765
-0.0498654
-0.0370686
0.0533971
-0.0103265
0.0619304
0.1207999
-0.0376123
0.0174758
0.0706898
-0.0328937
-0.1418460
-0.1733218
-0.0859890
-0.0913224
-0.0490808
-0.0922515
-0.0027246
-0.1227234
-0.0322571
0.0137814
0.0591743
0.2389523
0.5653754
0.5465202
0.0938124
-0.4448427
-0.7524665
-0.8010299
-0.3642525
0.1568635
0.4370178
0.4437983
0.3166365
0.1421601
0.0691142
-0.0547862
-0.0069670
-0.1563702
-0.1082442
-0.1216938
-0.1234831
-0.0063561
-0.0259473
0.0260614
-0.0094446
-0.0297614
0.0294416
0.0777033
0.0950710
0.0957544
0.0962170
-0.0208484
-0.0029044
0.0564571
-0.0871212
-0.1130169
-0.1205894
0.0451562
-0.0386005
-0.0962049
0.0668650
0.0045753
0.0905220
0.0132509
-0.0394702
0.0048044
0.0579793
0.0389609
0.0506586
-0.0892609
-0.0781204
0.0104958
0.0652471
-0.0790521
-0.0182727
-0.0667080
0.0829438
-0.0689999
-0.0253114
-0.0218688
0.0192372
0.0382332
-0.0764481
-0.0082475
-0.0919210
0.0746187
-0.0306068
-0.0275453
-0.0387935
0.0494277
0.0645724
0.0023831
-0.0046246
0.0116745
-0.0517114
-0.0747465
-0.0367464
0.0664287
0.0276539
0.0569688
-0.0058515
-0.0222521
-0.0735900
-0.0727013
0.0274992
-0.0705428
-0.0030157
-0.0238674
0.0775673
0.0790833
-0.0171630
-0.0625493
-0.0140337
0.0080478
0.0656667
0.0008406
0.0218773
0.0396506
-0.0128682
-0.0296246
0.0153606
-0.0069896
-0.0621657
-0.0594693
-0.0283133
0.0100418
0.0134412
-0.0212559
0.0698960
0.0173581
0.0555589
-0.0729523
0.0680333
0.0121373
0.0068357
0.0475175
0.0000480
0.0511715
0.0015723
-0.0320235
0.0298250
-0.0106462
-0.0577456
-0.0420799
-0.0336861
0.0824974
0.0094798
0.0066721
-0.0766775
0.0507898
-0.0341829
0.0113889
0.0659332
-0.0052233
-0.0332098
0.0537176
0.0400961
-0.0877192
-0.0274873
-0.0061216
-0.0488847
0.0364299
0.0050956
-0.0443689
-0.0662786
0.0240094
-0.0416647
0.0624760
-0.0067931
0.0070704
-0.0401979
-0.0607707
0.0535123
-0.0669315
-0.0662042
-0.0524263
-0.0327865
0.0132437
0.0405017
0.0245618
-0.0559618
-0.0312613
0.0282101
0.0112646
0.0200957
0.0683208
-0.0247791
-0.0305577
0.0129327
-0.0819385
-0.0779842
0.0655693
-0.0732446
-0.0139795
0.0387155
0.0094026
0.0227534
-0.0306367
-0.0293599
-0.0073527
0.0729967
0.0141102
-0.0430902
-0.0455851
0.0384442
-0.0921935
-0.0839834
-0.1030975
-0.0981781
-0.1057525
0.0304958
0.0285093
0.0188205
0.0092311
-0.0384079
0.0203178
-0.0168813
0.1229762
0.0877539
0.0027027
-0.0179832
-0.0621574
-0.0696035
-0.0952635
-0.0710887
0.0183213
-0.1165158
-0.1467788
-0.0808065
-0.0961433
-0.0164914
0.1283961
0.5548218
0.7163528
0.5378847
0.0638776
-0.6426142
-1.0436891
-0.6997601
-0.2137969
0.2399065
0.4400358
0.4583192
0.3274759
0.2077770
0.0900706
-0.0346730
-0.0593459
-0.1849879
-0.1108506
-0.0564446
-0.0582292
-0.1423757
-0.0620832
-0.0291746
0.0314470
0.0734274
0.0691736
0.1256228
0.1005492
0.1107164
0.0760739
-0.0484936
0.0083254
0.0016028
-0.1043552
0.0401822
-0.1097414
-0.0159614
0.0299925
-0.0671865
-0.0631082
-0.0409556
-0.0265943
0.0037538
0.0046584
0.0630243
-0.0703851
0.0335790
-0.0620156
-0.0370108
0.0698904
0.0514838
-0.0834025
-0.0429382
-0.0694373
-0.0873244
0.0597589
0.0278345
-0.0199218
0.0567470
0.0206922
-0.0795362
0.0508995
0.0148143
-0.0533250
-0.0414251
0.0072650
0.0410448
-0.0864590
0.0593391
0.0893558
-0.0479551
0.0012727
0.0381720
0.0083554
-0.0552788
-0.0653499
0.0723512
0.0467426
-0.0643311
0.0652672
-0.0094167
0.0483056
-0.0533183
0.0674225
-0.0799510
-0.0167509
-0.0593641
0.0643127
0.0616199
-0.0362938
-0.0666176
-0.0633819
0.0079456
-0.0686593
-0.0178997
0.0012039
0.0135600
0.0140409
0.0180993
-0.0478183
0.0209971
0.0445700
0.0614309
-0.0836413
-0.0285773
0.0486849
0.0359260
0.0155486
-0.0591722
-0.0278992
0.0445270
0.0418613
0.0471351
0.0105198
0.0269307
-0.0330662
0.0666856
0.0202410
-0.0700829
-0.0055246
0.0911957
0.0217685
0.0213293
-0.0247284
0.0700132
-0.0803010
0.0240470
0.0460776
0.0155308
0.0192348
0.0228807
-0.0648794
-0.0507900
0.0429095
0.0013990
0.0591935
0.0696880
-0.0403388
0.0381005
0.0183440
0.0354826
-0.0728870
-0.0876767
-0.0696664
0.0611792
0.0262670
0.0801455
0.0699339
0.0299949
0.0067005
0.0748788
-0.0346169
0.0642909
0.0600444
-0.0770402
-0.0016121
-0.0159693
0.0412807
0.0782305
0.0379454
0.0408571
0.0209329
-0.0496902
0.0936336
0.0873896
-0.0380672
0.0028618
-0.0813920
0.0070050
0.0445890
-0.0190971
0.0486363
-0.0806181
0.0025067
-0.0691533
-0.0354245
-0.0456580
0.0440676
-0.0124168
-0.0441086
0.0236480
0.0713493
-0.0130725
0.0921593
-0.0609034
-0.0469944
0.0265842
0.0639186
-0.0128701
-0.0777848
0.0014912
-0.0634911
0.0018882
-0.0308805
0.0929544
0.1018963
0.1051962
0.0871998
0.1493884
0.0612847
0.0075559
-0.0092733
-0.0380701
-0.0872686
-0.1026137
-0.0744813
-0.0185815
0.0563494
0.0130571
0.0305684
-0.1339806
-0.1334104
-0.0481331
0.1097658
0.3425546
0.6570749
0.4838449
0.0595646
-0.5341683
-0.9750757
-0.7650982
-0.1981866
0.1871183
0.4996750
0.4536818
0.2783512
0.2344981
0.0818495
-0.0287612
-0.1127264
-0.1660599
-0.1511320
-0.1813758
-0.0673019
-0.1594980
-0.1192461
0.0394069
-0.0323700
0.0628890
-0.0003649
0.1111889
0.0815654
0.0177806
0.0031093
-0.0594809
0.0735673
-0.0786303
0.0395402
-0.0253188
-0.0954920
0.0532583
-0.0120425
0.0582685
-0.0400591
-0.0406496
0.0653603
0.0999726
0.0135946
-0.0047691
-0.0450643
0.0627714
-0.0739786
0.0214813
-0.0477087
-0.0739755
0.0341082
0.0037966
-0.0580905
-0.0366892
0.0688843
0.0525883
0.0841712
-0.0581331
0.0516928
0.0844330
-0.0502150
-0.0672592
0.0095606
-0.0918179
-0.0888447
0.0323489
-0.0049259
-0.0191037
0.0480964
-0.0741461
0.0026141
0.0777652
0.0565696
-0.0471617
-0.0623948
-0.0477634
-0.0589960
0.0651162
0.0815824
0.0395460
0.0833067
-0.0015849
0.0559126
0.0597164
0.0869438
-0.0676076
0.0507209
0.0638784
-0.0736622
-0.0101198
0.0226381
-0.0609528
0.0389880
0.0568191
0.0293001
0.0740165
-0.0202264
0.0382107
-0.0175762
-0.0146093
-0.0313928
-0.0854327
-0.0079669
-0.0200888
-0.0682849
0.0099211
0.0153938
-0.0836061
0.0074955
-0.0265297
-0.0308095
0.0558991
0.0374892
-0.0174775
-0.0395332
-0.0260816
0.0100629
0.0235357
0.0389462
-0.0828283
0.0662160
-0.0300737
-0.0113513
-0.0050225
0.0824640
0.0477209
-0.0518060
0.0293078
-0.0476991
0.0690589
0.0288448
0.0072488
0.0320363
-0.0502249
-0.0231292
-0.0545320
-0.0039442
-0.0750817
-0.0266435
-0.0609573
-0.0179785
0.0694957
0.0610509
0.0736029
-0.0550383
-0.0405104
0.0136041
0.0582568
-0.0644822
-0.0551648
0.0572267
-0.0265510
0.0801675
-0.0503857
0.0047806
-0.0423128
-0.0668674
0.0322458
0.0338527
-0.0767122
-0.0881774
0.0149084
-0.0076698
0.0266828
-0.0585252
0.0617727
0.0863453
-0.0763924
0.0604890
0.0743443
-0.0553291
-0.0157700
0.0725825
0.0085809
-0.0660433
0.0673583
-0.0977758
-0.0052910
-0.0036331
0.0665445
-0.0608988
0.0825193
0.0182202
0.0289924
-0.0630704
0.0738161
0.0041159
-0.0758538
0.0010322
-0.0667454
-0.0086390
0.0022738
-0.1033431
-0.0962053
0.0542229
0.0106807
-0.0431411
0.0929231
0.0973765
0.0209647
0.1371038
0.0057820
0.0596625
0.0247122
-0.0644658
-0.0831879
-0.1311878
-0.0648863
-0.0404810
0.0461106
-0.0648365
-0.0484061
-0.0837306
-0.1393602
-0.0729905
-0.0503650
0.1938070
0.5461394
0.5181682
0.3501997
-0.2312642
-0.7579434
-0.8570952
-0.5130045
-0.0045796
0.3963489
0.4625750
0.3362010
0.3501710
0.1815914
0.1216229
-0.0981326
-0.1803749
-0.1969168
-0.1264658
-0.0651015
-0.1622125
-0.1572545
-0.0440434
-0.0537839
-0.0439511
0.0039522
0.0666905
0.1167350
0.1259001
0.0083944
-0.0301686
-0.0191798
0.0442457
0.0152355
-0.1026807
-0.0071091
0.0130753
0.0415097
0.0654651
-0.0804723
0.0017703
0.0479459
0.0102236
0.0959693
-0.0405498
0.0464789
-0.0470874
0.0689628
-0.0049876
-0.0214510
-0.0567436
-0.0349367
0.0652236
0.0087380
0.0461909
-0.0417920
0.0107356
0.0695241
-0.0227626
-0.0142871
-0.0104241
-0.0034863
0.0183031
0.0569376
-0.0533319
-0.0587452
0.0469129
-0.0749570
-0.0495329
0.0806907
-0.0593508
0.0438228
-0.0870964
0.0530533
0.0383394
0.0332883
-0.0872159
-0.0484680
-0.0365998
-0.0454549
-0.0745061
-0.0777114
-0.0267236
-0.0081557
-0.0613611
-0.0679727
-0.0724519
-0.0767799
-0.0376485
0.0765033
0.0108104
0.0796253
-0.0518505
0.0095563
0.0641413
-0.0721783
-0.0358794
-0.0563126
-0.0380781
-0.0378941
0.0175484
0.0135717
-0.0657619
0.0284524
-0.0010421
0.0436130
0.0346624
-0.0043843
-0.0593496
-0.0467231
0.0616544
-0.0718934
0.0721709
0.0401360
0.0134642
-0.0452022
0.0490536
-0.0261592
0.0249664
0.0046349
0.0041071
-0.0671330
0.0789341
0.0110076
-0.0266854
-0.0439328
0.0408166
0.0379774
-0.0599505
0.0845869
-0.0423074
0.0152195
-0.0573713
-0.0378200
-0.0510302
-0.0415327
-0.0170574
-0.1011451
0.0153893
0.0166907
0.0485290
0.0448870
-0.0339151
0.0569649
-0.0179784
-0.0482679
0.0640000
-0.0670189
-0.0209703
0.0483707
-0.0921341
-0.0744671
-0.0697366
0.0562852
0.0714364
-0.0230333
0.0328252
0.0254057
-0.0205234
-0.0196094
0.0246100
0.0043312
-0.0020498
0.0529547
-0.0956742
0.0315054
0.0596993
-0.0456951
0.0239902
0.0139370
0.0372993
-0.0613011
-0.0604383
0.0567870
0.0447049
0.0871507
0.0132409
0.0400073
0.0705943
0.0507423
0.0718566
0.0210552
-0.0807122
-0.0791891
-0.0512965
0.0514617
-0.0362728
0.0030655
0.0298353
0.0079901
0.0106074
-0.0436607
-0.0771992
-0.0716972
0.0433788
-0.0121381
-0.1017268
-0.0840219
-0.0913522
0.0640441
-0.0892705
-0.0598393
0.0968899
0.0143396
0.1318367
0.0481896
0.0007363
0.0066630
0.0450047
-0.0029273
-0.0709662
-0.1069282
-0.1242540
-0.1158227
-0.1150260
0.0385103
-0.0848065
-0.0546535
-0.1713111
-0.0512095
0.0780251
0.3730247
0.5949770
0.6385015
0.1923107
-0.5096932
-0.9909792
-0.8741709
-0.3518487
0.1904809
0.3075228
0.4673465
0.3473600
0.1793376
0.1938056
0.0983107
-0.0151174
-0.0558985
-0.1962940
-0.1786664
-0.0826926
-0.1702563
-0.1020509
-0.0723013
-0.0314408
-0.0197164
0.1204278
0.1185975
0.1461959
-0.0065054
0.0212229
-0.0185423
-0.0041211
-0.0744606
-0.0809526
-0.0392987
-0.0215182
-0.1130504
0.0307964
-0.0826428
-0.0684600
-0.0589457
0.0320936
-0.0249759
-0.0293817
-0.0245679
0.0893316
0.0495194
0.0280505
-0.0421939
0.0033838
-0.0844791
-0.0393885
0.0625919
-0.0955688
0.0129572
-0.0203196
0.0185277
0.0317798
-0.0348538
-0.0314543
0.0699732
-0.0769222
-0.0168379
0.0261679
-0.0813021
0.0770505
-0.0730134
-0.0621029
-0.0149448
0.0082534
0.0230802
-0.0414911
-0.0209970
0.0328381
-0.0251408
-0.0255051
0.0390260
-0.0848585
0.0109618
-0.0781730
0.0785434
-0.0501725
0.0834133
-0.0386973
0.0818509
0.0065808
0.0475178
0.0513574
-0.0477783
-0.0544447
0.0554991
0.0153316
-0.0150114
-0.0646785
-0.0164518
0.0381035
0.0825715
0.0107458
0.0709523
-0.0526917
-0.0457698
0.0064323
-0.0531736
-0.0566138
-0.0525723
0.0026587
-0.0731552
-0.0703727
-0.0448251
0.0273843
-0.0109063
-0.0675500
0.0428514
0.0170932
-0.0034252
0.0881544
0.0787743
-0.0413449
-0.0703444
0.0555127
0.0327286
-0.0440688
-0.0770612
0.0502790
0.0737830
-0.0866768
0.0377855
0.0800683
0.0572579
-0.0317361
0.0654004
-0.0390601
0.0551669
0.0403358
0.0651323
0.0452371
-0.0797890
-0.0056447
-0.0077566
-0.0340266
-0.0851366
0.0488418
0.0029402
-0.0638785
-0.0677614
-0.0255536
0.0705990
0.0238160
0.0231261
0.0104895
0.0045011
0.0340811
0.0778364
-0.0254982
-0.0712658
-0.0374939
-0.0052695
0.0039899
-0.0489597
0.0315441
0.0713910
-0.0343649
0.0142917
-0.0063850
0.0293531
0.0417954
0.0668867
-0.0180373
0.0623855
-0.0085731
-0.0802340
0.0666873
-0.0391046
-0.0773358
0.0787032
-0.0219672
-0.0609117
0.0704650
-0.0897685
-0.0290497
-0.0292405
-0.0273295
-0.0360015
-0.0732235
-0.0319992
-0.0126945
-0.0530262
0.0507249
0.0731294
0.0672106
0.0543454
-0.0548204
-0.0909324
-0.0337235
0.0013401
0.0295360
0.0349483
-0.1048121
0.0347640
-0.0832078
0.0275020
-0.0387527
0.1046478
0.1000445
0.1080699
0.0237761
0.0620856
-0.0277115
0.0368508
0.0056989
-0.0312492
-0.1138258
0.0157089
-0.0813328
-0.1085299
-0.1262600
-0.0903604
-0.1559936
0.0124116
0.2409966
0.4664835
0.7307297
0.4282607
-0.0263350
-0.7048757
-0.9622469
-0.6895779
-0.2288566
0.2179719
0.3582777
0.3986194
0.3951089
0.2565259
0.1351575
