-0.0892230
0.0377404
0.0432354
0.0259996
0.0483642
-0.0567666
0.0328472
0.0836883
0.0649382
0.0442154
-0.0404833
-0.0337196
0.0266312
-0.0404029
-0.0115743
0.0280575
-0.0187376
-0.1072875
0.0269352
-0.0584019
-0.0584242
0.0442595
0.0339909
-0.0346909
0.0869078
-0.0390694
0.0409509
0.0150085
0.0147407
-0.0004637
-0.0054655
-0.0571102
-0.1144698
-0.0342685
-0.0735912
0.0001115
0.0395107
0.0142297
0.0494685
-0.0540558
-0.0558031
-0.2093389
-0.0819335
0.2062452
0.7060467
0.6407178
0.3244497
-0.2871813
-0.7942680
-0.8886260
-0.4166674
-0.0392852
0.4142998
0.4095008
0.4045724
0.1950781
0.1120485
0.0714256
-0.0945041
-0.0184592
-0.1641997
-0.0411278
-0.0881334
-0.0424430
-0.1586579
-0.0718666
-0.0177565
0.0256314
0.1066992
0.1512287
0.0235262
0.0180959
0.0811467
0.0154448
0.0000596
-0.1003288
0.0273710
0.0097706
0.0117819
0.0057672
-0.0017940
-0.0503267
-0.0697479
-0.0234191
-0.0382823
0.0206206
0.0691011
0.0240421
0.0726349
-0.0663033
0.0868128
0.0112611
0.0823497
0.0390017
-0.0075736
-0.0596720
0.0070636
0.0391983
0.0663100
0.0345293
-0.0221904
0.0536797
-0.0404193
-0.0041939
0.0903409
0.0768500
-0.0344938
-0.0450975
-0.0348277
-0.0331115
0.0793204
-0.0033815
-0.0385140
0.0735244
-0.0771371
0.0114881
-0.0498189
-0.0532246
-0.0036866
-0.0543380
-0.0923486
-0.0152577
-0.0618160
0.0443992
0.0543129
-0.0254805
0.0453082
0.0006729
-0.0451592
-0.0320803
-0.0628997
0.0671898
-0.0545223
0.0745342
0.0030035
0.0171179
0.0646897
-0.0816837
-0.0220575
-0.0670388
0.0914712
0.0857181
0.0772638
-0.0454320
-0.0159560
0.0274609
0.0045796
0.0532811
-0.0171651
0.0577973
-0.0748374
-0.0720146
-0.0603547
-0.0307279
-0.0773710
-0.0520578
-0.0241895
0.0030104
-0.0724369
0.0316111
0.0228790
0.0321510
0.0614648
-0.0731042
-0.0616539
0.0361441
-0.0281192
0.0585001
0.0074398
0.0680959
-0.0130319
-0.0795559
-0.0787378
-0.0729325
-0.0602079
-0.0419498
0.0546888
-0.0134573
-0.0626001
0.0359133
0.0177127
0.0347323
0.0305942
-0.0337346
-0.0471779
0.0418806
-0.0257859
-0.0426934
0.0509213
0.0327490
-0.0165411
0.0434580
0.0659628
-0.0429485
-0.0539887
-0.0475052
0.0401783
0.0305807
0.0230727
0.0681116
0.0643419
0.0278265
-0.0107582
-0.0538925
0.0256758
0.0043812
-0.0205490
-0.0776233
0.0662052
-0.0575852
-0.0216406
0.0279531
0.0315392
-0.0420148
0.0090452
0.0391647
0.0490862
0.0438616
-0.0314018
0.0944886
-0.0592165
-0.0776839
-0.0669644
-0.0497609
0.0643542
0.0481366
-0.1071404
0.0191961
0.0299618
0.0569215
0.0109961
0.0198478
0.1011654
0.0479205
0.0052382
0.0370130
0.1190078
-0.0351994
-0.0474293
-0.0096827
-0.0752399
-0.1743571
-0.0776022
-0.1145576
-0.0299206
-0.0877448
-0.0589953
-0.1127176
-0.0989951
-0.0293828
0.2314956
0.5827025
0.7187927
0.2543248
-0.4439649
-0.9705440
-0.8639394
-0.4825528
0.1343569
0.3546404
0.4642774
0.3880628
0.1709488
0.0875554
0.1008114
-0.0778968
-0.0450422
-0.2011649
-0.0948360
-0.0643150
-0.1689595
-0.0549124
-0.0756850
-0.0665850
-0.0127859
0.0933622
0.0025611
0.1530906
0.1175234
-0.0385103
0.0969838
0.0614184
-0.0885205
-0.0111325
0.0423547
-0.0609757
0.0487733
-0.0880898
-0.0656600
0.0139190
0.0118269
-0.0064663
0.0690476
-0.0598001
0.0737223
0.0540162
0.0962373
0.0660743
-0.0085302
-0.0069389
0.0371255
0.0065038
0.0606672
0.0182107
-0.1001040
0.0515724
-0.0147681
-0.0161823
0.0410583
-0.0146664
0.0792128
-0.0479276
0.0684501
-0.0149955
0.0479554
-0.0859842
-0.0464241
0.0747856
-0.0403508
-0.0234910
0.0160636
-0.0472203
-0.0186420
0.0450699
-0.0347265
-0.0497483
0.0122218
-0.0410595
-0.0425755
0.0416036
0.0791060
-0.0564592
0.0339686
-0.0242385
0.0218731
0.0791585
0.0711259
-0.0443799
-0.0317428
0.0692306
0.0071478
0.0562810
-0.0633064
-0.0136763
-0.0085303
-0.0154358
-0.0547723
-0.0213287
-0.0526757
-0.0549961
0.0384877
-0.0260293
-0.0116942
0.0695996
0.0059937
0.0828578
-0.0206139
0.0340086
0.0256355
-0.0113351
-0.0671720
-0.0855975
-0.0457542
0.0883226
0.0898121
0.0063767
-0.0611178
-0.0629817
0.0847714
-0.0449753
0.0031390
-0.0751133
-0.0097432
0.0859974
-0.0575122
-0.0529164
0.0164741
-0.0565354
-0.0658505
0.0007387
-0.0914395
0.0697656
0.0893194
-0.0002149
-0.0603893
-0.0355886
-0.0380428
0.0859367
0.0670550
0.0464296
0.0814534
0.0331692
-0.0757032
-0.0666897
-0.0071584
-0.0297528
-0.0456342
-0.0321138
-0.0284818
0.0408311
-0.0330464
-0.0726044
-0.0206504
0.0196715
0.0573464
-0.0698697
-0.0054415
-0.0786802
0.0259413
-0.0049605
-0.0096861
0.0283694
0.0224267
-0.0439518
0.0363505
0.0795488
0.0377770
-0.0211982
-0.0206667
-0.0128413
-0.0216302
-0.0554640
0.0017121
0.0157728
-0.0430538
0.0274759
-0.0250539
-0.0790010
-0.0256172
-0.0680722
-0.0741854
-0.0578004
0.0262268
-0.0741989
0.0571163
0.0454830
0.0852930
0.1133354
0.1159657
0.0332169
-0.0033916
-0.0369284
0.0311812
0.0431178
-0.0534004
-0.0960855
-0.1324422
0.0098235
-0.0625507
0.0751687
-0.0099928
0.0595437
-0.1088893
-0.0656760
0.1498895
0.4565030
0.6474583
0.5387292
-0.0167658
-0.5861240
-1.0298283
-0.7581217
-0.1005354
0.3263333
0.4047187
0.3623720
0.2575187
0.1397912
0.0857457
-0.0913167
-0.1202887
-0.0889847
-0.1541481
-0.0491990
-0.1871958
-0.1594368
-0.0158794
-0.0238553
0.0974786
-0.0236473
0.0211305
0.1421521
0.0689481
0.0289919
0.0761145
-0.0311611
-0.0750251
-0.0014572
-0.0745496
-0.0694908
-0.0624546
-0.0675818
0.0631558
-0.0348884
-0.0592043
0.0571892
-0.0557233
0.0013250
0.0328158
-0.0646602
0.0216394
0.0030372
-0.0381142
-0.0085210
0.0632948
-0.0468569
-0.0253962
-0.0356153
0.0570737
-0.0803435
0.0059093
0.0119847
-0.0116803
0.0577031
0.0093918
-0.0095301
0.0536658
-0.0936691
0.0704994
-0.0387326
0.0682560
0.0665179
0.0444654
0.0751583
0.0974832
0.0284693
-0.0170886
0.0722247
0.0299361
0.0001664
-0.0795726
-0.0128169
0.0681227
0.0302978
0.0591188
0.0336466
0.0612605
0.0228012
-0.0499729
-0.0749296
-0.0644249
0.0789112
-0.0570544
-0.0630296
0.0713774
-0.0781032
0.0590828
0.0252133
-0.0258414
-0.0422120
0.0006446
0.0435228
0.0268582
0.0054207
-0.0661685
-0.0518519
-0.0281901
-0.0256269
0.0146629
0.0771476
-0.0495470
0.0693980
-0.0745999
-0.0447572
0.0486686
0.0124715
-0.0218011
-0.0678028
-0.0038934
0.0507156
-0.0712719
0.0708436
0.0694039
-0.0408295
0.0649365
0.0664609
0.0066072
-0.0353794
0.0256015
-0.0684800
0.0119548
0.0022386
0.0030358
0.0573970
-0.0638831
0.0791426
0.0629505
-0.0076814
-0.0064775
0.0589775
0.0364747
-0.0659665
-0.0144845
-0.0238683
0.0153455
-0.0535315
-0.0618580
-0.0518310
0.0753158
-0.0185192
-0.0465127
0.0105100
-0.0320880
0.0581163
0.0826933
-0.0041933
0.0543211
0.0145806
0.0344825
0.0404344
-0.0029803
0.0249924
-0.0691021
0.0552276
0.0130698
0.0294040
0.0554332
0.0704098
-0.0505747
0.0492298
0.0265083
0.0712432
-0.0649174
0.0866388
0.0881532
-0.0749866
0.0117975
-0.1013501
-0.0602697
-0.1012127
-0.0900137
0.0497801
-0.0569628
0.0785007
-0.0743689
-0.0343935
-0.0424368
0.0293379
0.0800857
0.1241362
-0.0107632
0.0865076
-0.1049937
-0.1412069
-0.1260521
-0.0038307
0.0160797
-0.0508798
-0.0110854
-0.0424146
-0.1642185
-0.1720869
-0.1055645
0.2505143
0.7174171
0.8033353
0.3813599
-0.3443282
-0.8048052
-0.8755289
-0.5044583
0.0752312
0.2869425
0.3997373
0.3685228
0.2849446
0.1536140
0.1582376
0.0106270
-0.1197063
-0.1256807
-0.2053861
-0.1401809
-0.1392125
-0.0275210
-0.0824324
-0.0013393
-0.0426185
0.0078934
-0.0027460
-0.0140166
0.1112098
0.0329047
0.0525048
0.0316827
0.0145006
-0.0877309
-0.1165904
-0.0861129
-0.1145009
-0.0735099
0.0157035
0.0691439
-0.0133315
-0.0505837
0.0369476
0.0485644
0.0997469
0.0266542
0.0480680
0.0748893
-0.0360018
0.0606105
-0.0096401
-0.0854978
0.0375020
-0.0222709
0.0565306
-0.0433251
0.0511052
-0.0159505
0.0156988
-0.0544494
0.0888431
-0.0572420
-0.0748829
0.0003490
0.0103424
-0.0884122
-0.0857845
0.0486664
0.0306793
0.0661093
0.0263205
0.0541424
0.0422926
-0.0025234
0.0095338
0.0543647
0.0363840
-0.0064201
-0.0409421
0.0306757
0.0192730
-0.0303526
-0.0621732
0.0444909
0.0388592
0.0448949
-0.0059376
0.0064748
-0.0086565
-0.0496554
-0.0431885
-0.0200964
-0.0445564
0.0548719
-0.0924831
0.0189466
0.0663410
0.0560741
0.0063157
-0.0314363
-0.0320806
-0.0376285
0.0496407
-0.0589869
-0.0767615
0.0303988
-0.0318026
0.0684560
-0.0383809
0.0679297
0.0440759
0.0621592
0.0398503
-0.0152787
0.0628263
0.0217462
-0.0859447
-0.0465304
-0.0460803
0.0601430
0.0629061
-0.0321603
-0.0792047
-0.0716814
-0.0020069
0.0542914
0.0752485
-0.0412675
-0.0796304
-0.0121782
0.0683140
-0.0269555
0.0763319
-0.0767274
0.0436844
0.0677110
0.0721585
0.0371842
-0.0810333
0.0461183
0.0633349
-0.0369713
0.0189348
-0.0433262
-0.0079232
-0.0256513
-0.0506439
-0.0787899
-0.0513262
0.0029379
-0.0459396
0.0362653
-0.0343977
0.0729758
0.0020964
-0.0718161
-0.0391589
0.0033320
-0.0088469
0.0500928
-0.0559894
-0.0339264
0.0707961
-0.0103146
-0.0474472
-0.0753686
0.0686633
-0.0743329
-0.0387230
-0.0430448
0.0677256
0.0770426
-0.0335794
0.0780787
0.0241044
0.0530443
-0.0672170
0.0415944
0.0452784
0.0161129
0.0244558
-0.0539655
-0.0856272
-0.0778507
-0.0498699
-0.0506401
0.0254384
0.0830881
0.0171726
0.0334324
-0.0030488
0.0157052
-0.0362085
0.0077960
-0.0175790
-0.0408006
-0.0399041
-0.0891901
0.0107679
-0.0762387
-0.0243979
-0.0108560
-0.0336580
-0.1137434
0.1286815
0.4987898
0.6541879
0.4119274
-0.2011130
-0.7817460
-0.9550966
-0.6893704
-0.0886887
0.2918324
0.3891059
0.4091683
0.2258922
0.1296860
0.0652605
-0.0332595
-0.1103490
-0.1533940
-0.2159903
-0.1698673
-0.0623544
-0.1071105
-0.0204257
0.0801761
0.0921203
0.0665569
0.0362943
0.1469730
-0.0144579
0.0784838
0.0228269
-0.0127050
0.0041406
0.0555512
-0.0054082
0.0510420
0.0198025
0.0233799
-0.0157020
-0.0957097
0.0044168
-0.0607232
0.0910365
0.0615773
0.0123264
0.0382190
-0.0443741
-0.0153225
0.0443467
-0.0354393
0.0076628
-0.0409228
-0.0519087
0.0082927
0.0444607
0.0147029
0.0674144
-0.0159187
0.0741193
-0.0261521
0.0545141
-0.0410739
0.0062828
-0.0085788
0.0456622
-0.0696297
-0.0363665
0.0498057
0.0326363
0.0458404
0.0878752
0.0089710
-0.0194544
0.0364291
0.0266286
0.0280888
0.0461307
-0.0122136
0.0797212
0.0371023
-0.0598983
0.0696354
0.0099094
-0.0676342
-0.0098420
0.0226017
0.0272156
0.0213391
-0.0421760
-0.0169004
-0.0690487
-0.0115895
-0.0702984
-0.0773236
-0.0839625
0.0616559
-0.0561475
-0.0853697
-0.0568662
-0.0075436
0.0204263
-0.0750359
-0.0371878
0.0848204
0.0627453
-0.0311052
0.0765624
-0.0820478
-0.0664130
0.0865419
0.0312184
-0.0153734
-0.0113022
0.0736702
-0.0673857
-0.0535128
-0.0449084
0.0238612
0.0873230
-0.0213166
-0.0829110
0.0523203
0.0392462
0.0122254
0.0723925
0.0202050
-0.0867317
0.0040974
-0.0942666
0.0390410
-0.0638909
0.0523492
-0.0677048
-0.0405227
0.0455408
0.0502417
0.0270673
0.0122049
-0.0191746
0.0151872
0.0147539
0.0304976
0.0369998
-0.0467090
-0.0004294
0.0159882
-0.0220999
0.0547789
0.0005467
-0.0714360
0.0797949
-0.0211078
-0.0906363
0.0429556
0.0076361
-0.0797600
-0.0405484
0.0580808
-0.0076830
-0.0384290
0.0784539
0.0669530
-0.0183171
0.0402799
0.0148600
-0.0685688
-0.0264789
-0.0861917
-0.0586485
0.0679283
-0.0553959
0.0471238
-0.0180091
0.0597650
-0.0442384
0.0596556
-0.0274717
-0.0532482
-0.0191622
-0.0392317
-0.0028343
-0.0744675
-0.0059802
-0.0442804
0.0596436
0.0507498
0.0610356
0.0581593
-0.0148519
0.0616956
0.0556303
0.0037629
0.0631827
-0.0801443
-0.0327888
-0.1188887
-0.0952830
-0.0484674
-0.0745980
-0.0076979
-0.0920500
-0.0524842
-0.0224817
-0.0762475
-0.0412295
0.2243558
0.6075961
0.7172303
0.2531952
-0.3339022
-0.7596151
-0.8754538
-0.4656303
-0.0226437
0.3205050
0.3851429
0.4042814
0.2141073
0.0897137
0.0505663
0.0260893
-0.1191967
-0.0518004
-0.0466874
-0.1412722
-0.1076439
-0.1012486
-0.1118238
0.0108960
0.1193884
0.1219711
0.0582063
0.0891370
0.1201037
0.1160494
0.1087499
0.0641038
0.0380753
-0.0828940
-0.0496329
-0.1168676
-0.0915908
-0.0152068
0.0239056
0.0243178
-0.0071576
0.0075554
0.0752113
0.0052954
0.0892314
-0.0411749
-0.0088979
0.0108305
0.0476034
-0.0602826
0.0753673
0.0688046
-0.0535041
-0.0164371
-0.0056577
-0.0584105
0.0751016
-0.0149857
0.0936820
0.0482176
0.0827199
-0.0096196
-0.0296138
-0.0771183
-0.0922002
0.0426939
0.0197902
0.0816849
0.0109641
-0.0004418
0.0652608
-0.0616075
0.0825635
0.0472489
-0.0646445
-0.0236253
0.0091381
-0.0014924
0.0657264
0.0673887
0.0366452
-0.0337239
-0.0232721
-0.0561119
-0.0603252
0.0756881
-0.0410746
-0.0433464
0.0071522
0.0473407
-0.0005262
0.0187919
0.0366308
0.0479228
0.0754887
0.0097591
-0.0460517
0.0616496
-0.0496263
-0.0918245
0.0698953
0.0130436
0.0477089
-0.0792136
-0.0008713
0.0181352
0.0584056
-0.0621730
-0.0903161
-0.0863068
-0.0084770
0.0763622
0.0903263
-0.0127975
0.0734063
-0.0637099
-0.0186181
-0.0028958
0.0167456
-0.0013200
-0.0418752
-0.0092514
0.0232863
0.0720689
0.0496505
0.0042262
-0.0908432
0.0094715
0.0734299
0.0435485
-0.0388888
-0.0269741
0.0253224
0.0259557
-0.0355856
0.0008419
0.0289951
0.0543214
0.0327696
-0.0234976
0.0364884
-0.0712001
0.0247817
0.0244821
0.0015080
0.0390316
0.0276490
0.0593647
-0.0177740
-0.0383091
-0.0589230
-0.0480593
-0.0581134
0.0040315
-0.0675929
-0.0610021
0.0316892
-0.0637352
-0.0288158
-0.0759978
-0.0415270
0.0162168
-0.0565654
-0.0125237
-0.0263151
-0.0408694
-0.0155853
0.0784917
-0.0495396
0.0607032
-0.0209049
0.0376589
-0.0768697
0.0080285
0.0093784
-0.0273911
-0.1022861
-0.0579415
0.0575582
-0.0320995
0.0683895
0.0649183
-0.0571738
0.0289306
0.0740572
0.1339297
-0.0150674
0.0667177
