-0.0409322
0.0230455
0.1284136
0.1643760
0.0921414
-0.1039585
-0.2909845
-0.2925221
-0.1409451
0.0661954
0.0525159
0.0271106
0.0787367
0.0187840
0.0842284
0.1394658
0.1619689
0.0271979
-0.0294144
-0.0158188
-0.0386077
-0.0535770
-0.0443105
-0.0071211
-0.0525357
0.0340034
0.0442951
0.1396005
-0.0030158
0.0869346
-0.0118371
-0.0315956
-0.0473717
-0.0724230
0.0569793
-0.0236295
-0.1104485
-0.0141140
0.0032485
0.0815671
0.0265453
0.0912234
0.0024870
-0.0169589
-0.0892763
0.0756642
-0.0699573
0.0615555
-0.0418401
-0.0377010
0.0144533
-0.0505873
-0.0213360
-0.0405000
-0.0664610
0.0541460
-0.0414125
0.0364255
0.0404858
0.0505735
0.0558855
-0.0682356
-0.0015253
0.0175807
0.0604753
0.0190835
-0.0452220
0.0466243
0.0646946
-0.0812751
0.0076836
-0.0439039
-0.0120190
-0.0335761
-0.0446451
-0.0265930
-0.0344069
-0.0723356
0.0143525
-0.0213919
0.0676906
-0.0825140
0.0546673
-0.0126745
0.0796524
-0.0826860
0.0166230
-0.0637740
0.0240104
-0.0598270
-0.0454720
0.0306574
0.0810181
-0.0420889
0.0541575
0.0454205
0.0218104
0.0354827
0.0633382
0.0349283
0.0147614
0.0548037
-0.0602286
0.0102134
0.0383089
-0.0482004
0.0131284
0.0777819
-0.0031245
-0.0331969
-0.0289431
0.0018377
0.0201042
-0.0575238
-0.0833637
0.0666149
0.0095231
-0.0401684
-0.0154068
0.0225031
0.0000712
0.0570769
0.0321298
-0.0710485
0.0059195
0.0538984
0.0288917
-0.0793747
-0.0862387
0.0268170
0.0710320
0.0412151
0.0112899
0.0161504
-0.0170506
-0.0052378
0.0525871
0.0444691
0.1021246
0.0362736
0.0588701
0.0375784
-0.0478448
-0.1302330
0.0194697
0.0141608
0.0547734
0.0516847
0.0415911
-0.0481129
-0.0945848
-0.0557864
-0.0186113
0.1099600
0.1575747
0.0727764
-0.0204789
-0.1850985
-0.2708422
-0.2073849
-0.1272369
0.0419786
-0.0053484
0.0490762
0.0765389
0.0879477
0.1051392
0.1784783
0.0432470
0.0409062
-0.1160801
-0.1634351
-0.1042281
-0.1376032
-0.0051781
0.0046589
0.0549518
0.1162682
0.0259147
-0.0185760
-0.0040958
0.0175419
0.0509342
0.0616052
-0.0083555
0.0434900
0.0044991
-0.0304318
0.0240792
0.0015163
-0.0410282
0.0135436
-0.0608017
-0.0605446
-0.0302220
-0.0713651
0.0593606
-0.0305835
-0.0333855
0.0033300
0.0662988
-0.0460695
0.0849946
0.0315161
0.0252554
-0.0627351
-0.0115790
-0.0565196
-0.0286034
0.0425681
0.0671793
-0.0177068
-0.0397654
-0.0584656
0.0384857
-0.0128004
-0.0242404
0.0427659
0.0001352
-0.0242813
0.0168262
-0.0027744
0.0184176
0.0759568
0.0759653
0.0264515
0.0290017
-0.0054645
-0.0563695
0.0663582
0.0419280
0.0032664
0.0575659
0.0118493
0.0123046
-0.0789766
-0.0392225
-0.0156107
0.0878133
-0.0331348
0.0430556
-0.0020974
0.0418239
0.0650190
-0.0831068
0.0292568
-0.0261211
-0.0824411
-0.0308505
0.0591477
-0.0027384
-0.0228599
-0.0735573
0.0545359
-0.0048185
-0.0545847
-0.0500154
0.0664368
-0.0166894
-0.0870228
0.0334715
-0.0020167
-0.0216670
-0.0251891
0.0429519
-0.0273083
-0.0553092
0.0848600
-0.0039168
-0.0673933
-0.0327455
-0.0378863
-0.0368973
0.0317357
-0.0460809
-0.0050482
0.0240666
0.0083671
-0.0750026
0.0102365
-0.0287113
-0.0733780
0.0685619
-0.0192285
0.0555250
-0.0125794
-0.0051445
0.1054379
0.0973328
0.0246625
0.0014806
-0.0292970
-0.0049262
0.0301016
0.0361145
-0.0342195
-0.0681122
-0.0221216
0.0435420
0.0891141
0.0260259
0.0650399
0.0315909
0.0083869
0.0399452
0.1461045
0.1224542
0.2493115
0.0596135
-0.1767500
-0.2714335
-0.2610437
-0.0454808
-0.0251569
-0.0153522
0.0969406
-0.0237127
0.1123291
0.2167535
0.1159358
-0.0288452
-0.0047904
0.0039039
-0.0609876
-0.0878655
-0.0425280
-0.0807267
-0.0224965
-0.0718370
0.0525548
0.0043653
-0.0441197
-0.0415765
0.0190341
0.0824076
0.0701232
0.0652998
-0.0653893
0.0248863
-0.0885582
0.0101187
-0.0447828
-0.0798813
-0.0170158
0.0142559
-0.0647423
-0.0794967
0.0547912
0.0542083
0.0013942
-0.0651114
0.0888331
0.0126957
0.0885410
0.0590360
0.0676070
-0.0458526
0.0546914
-0.0741621
0.0460895
-0.0923617
0.0051393
-0.0926495
0.0742907
-0.0466566
0.0026484
0.0924072
-0.0413516
-0.0386779
-0.0404797
0.0202051
-0.0185211
-0.0693690
0.0641032
-0.0855458
0.0450279
-0.0219030
-0.0029688
-0.0281923
0.0106933
-0.0114844
-0.0791435
-0.0410589
0.0757706
-0.0708260
0.0156726
-0.0740127
-0.0392139
0.0108361
0.0533574
0.0607388
-0.0556745
0.0678877
0.0364843
0.0782834
0.0172881
0.0593478
0.0372021
-0.0061830
-0.0455716
0.0447884
-0.0101515
-0.0643341
-0.0148398
-0.0676024
-0.0835663
0.0282258
0.0776863
0.0272048
-0.0070937
0.0863987
0.0536218
0.0423221
0.0524208
-0.0041278
-0.1001268
-0.0107298
-0.0654801
0.0472984
0.0083471
-0.0167056
0.0239253
0.0869045
0.0344719
0.0500009
-0.0680741
0.0290231
-0.0759004
0.0323964
-0.0402383
-0.0015299
0.0613941
0.0390600
-0.0916333
-0.0299432
0.0123779
-0.0565884
0.0155735
0.0397471
0.0497301
0.0076205
0.0522545
0.0485604
-0.0531744
-0.0338417
-0.0358713
0.0429055
-0.0368250
-0.0422428
0.0133892
0.0853375
-0.0347213
0.0309419
0.0083199
0.0266116
-0.1382026
-0.0498739
0.0977024
0.2090681
0.1830427
0.2567479
0.0208006
-0.0663831
-0.2594797
-0.2116346
-0.1868147
-0.0576298
-0.0020073
-0.0307736
0.0285831
0.1636022
0.1064746
0.1346547
-0.0242115
-0.0635916
-0.0248095
0.0037028
-0.1016278
-0.0879873
-0.0822727
0.0094715
0.0390165
0.0532857
0.0510892
-0.0405526
-0.0605102
-0.0453703
-0.0404286
-0.0583966
-0.0438269
-0.0704963
0.0551268
-0.0710599
0.0210035
0.0514983
0.0559942
-0.0809628
-0.0566445
0.0498349
-0.0236939
0.0066393
-0.0342748
0.0805673
-0.0596784
0.0337441
0.0821827
0.0325081
0.0319922
0.0177879
-0.0305397
-0.0777629
0.0386468
-0.0215373
-0.0891584
0.0614709
-0.0755120
-0.0374017
-0.0516633
-0.0282297
-0.0191347
0.0751610
0.0109593
0.0797524
-0.0527882
-0.0315237
-0.0392283
0.0675881
0.0225406
-0.0074228
-0.0555919
0.0310787
-0.0057903
0.0004050
0.0093933
0.0122665
0.0775462
0.0597056
0.0495876
0.0298626
0.0233046
0.0124864
-0.0753435
-0.0504737
-0.0071858
-0.0540449
0.0112340
-0.0372722
-0.0486091
-0.0369735
0.0595013
0.0470606
-0.0428894
-0.0737587
-0.0022405
0.0427743
-0.0928102
-0.0155488
0.0615958
0.0912995
0.0735726
-0.0368255
-0.0645627
0.0190537
-0.0448400
-0.0253251
-0.0002835
0.0583554
0.0526823
-0.0283545
-0.1054000
0.0097488
-0.0323532
0.0557360
0.0262712
0.0763652
0.0916829
0.0552162
0.0107528
-0.0624561
-0.0373656
0.0394416
-0.0692226
-0.0618291
-0.1090862
-0.0088782
-0.0632782
0.0131561
-0.0687530
-0.0211385
0.0464514
-0.0070908
-0.0082648
-0.0433177
0.0183809
-0.0256859
-0.0663805
0.0227047
-0.0139648
-0.0008824
0.0090193
0.0011769
-0.0876443
0.0593605
0.0294317
-0.0244571
0.0207252
-0.0019113
-0.0605995
0.1365461
0.1159921
0.1117406
0.1904781
0.0017311
-0.2210375
-0.1662819
-0.1293988
-0.0888428
-0.0244009
0.0328470
-0.0071348
0.0752552
0.0772568
0.2512823
0.1440081
0.1000840
0.0140121
-0.0269712
-0.0636663
-0.0882035
-0.1376011
0.0250076
-0.0989017
-0.0404003
0.0849347
0.0076166
0.0354548
0.0365055
0.0770371
0.0944475
0.0898020
0.0629446
0.0391964
0.0380586
-0.0752339
-0.0545490
-0.0775281
-0.0819125
-0.0272846
-0.0742662
-0.0680786
-0.0266663
0.0336117
0.0706843
0.0025600
-0.0318601
-0.0712354
-0.0626889
0.0190054
0.0826908
-0.0731397
0.0036531
0.0583830
-0.0600416
0.0630497
0.0552857
-0.0662135
0.0273725
0.0555236
-0.0023205
-0.0076732
0.0654023
-0.0473820
0.0579476
0.0365809
-0.0304809
-0.0063199
-0.0124584
-0.0737875
-0.0497752
0.0450473
-0.0291543
0.0818230
0.0448374
0.0179818
0.0427450
0.0771635
0.0000479
0.0009868
-0.0145338
-0.0002777
-0.0446168
0.0174680
-0.0814716
0.0338398
-0.0210044
0.0847248
0.0453905
0.0186515
-0.0709869
-0.0558059
-0.0680848
0.0740634
-0.0542429
0.0570060
0.0132652
-0.0202218
0.0568254
-0.0237731
0.0388947
0.0171810
-0.0421473
0.0085960
-0.0374516
0.0787135
0.0474407
0.0787985
0.0143190
-0.0024586
0.0592356
-0.0649116
0.0341776
-0.0063739
-0.0230664
0.0138713
-0.0654891
-0.0188965
-0.0405242
0.0035649
0.0431602
-0.0448554
-0.0841998
0.0308663
0.0224812
-0.0293579
-0.0949013
0.0076584
-0.0872338
-0.0104747
-0.0476815
-0.0284913
-0.0844889
0.0127046
-0.0347326
0.0528204
0.0764892
0.0440174
0.0395365
-0.0120598
-0.0231117
-0.0464799
0.0027506
-0.0094287
-0.0943332
-0.0749895
0.0500421
-0.0338882
-0.0260656
-0.0909592
0.0035280
-0.0592022
0.0260388
0.2170048
0.1346462
0.1026777
-0.0291841
-0.3285550
-0.2358992
-0.1019920
0.0873058
0.1406350
-0.0132808
0.0447448
-0.0063883
0.1608020
0.2308300
0.1921464
0.0015932
-0.0620395
-0.0362238
-0.0152597
0.0020038
0.0071531
0.0397232
-0.0676794
-0.0022609
0.0365270
0.0330179
-0.0130195
-0.0224418
-0.0012589
0.0104973
0.0350479
-0.0046716
-0.0683286
-0.0630804
-0.0634036
0.0381929
-0.0430793
-0.0840115
-0.0456327
0.0942877
-0.0559338
-0.0385918
-0.0399110
-0.0758997
-0.0734282
-0.0294503
-0.0829579
-0.0611655
-0.0167743
0.0909719
0.0151604
-0.0003069
0.0044246
0.0162019
0.0595442
0.0595394
-0.0021280
-0.0445232
-0.0457053
0.0140827
-0.0339850
0.0734483
-0.0443807
0.0505926
0.0613064
-0.0723056
-0.0524072
0.0254302
0.0317467
0.0196347
-0.0643654
0.0103980
0.0092855
0.0432290
-0.0620610
0.0723309
-0.0476850
0.0358891
0.0069358
-0.0513238
0.0733783
-0.0699494
-0.0406490
-0.0123571
-0.0272273
0.0154081
-0.0664945
0.0739079
0.0765115
-0.0735655
-0.0338647
-0.0675323
-0.0753779
-0.0146886
0.0651995
0.0738556
-0.0092835
-0.0367143
-0.0527115
0.0751155
-0.0325316
-0.0130939
-0.0365503
0.0331878
0.0420007
-0.0191349
0.0731312
0.0138961
-0.0249916
0.0653981
0.0553197
0.0557879
0.0543620
0.0634146
-0.0328716
0.0937097
-0.0577020
0.0677299
0.0776217
-0.0302475
0.0323372
-0.0002591
0.0592596
0.0172940
-0.0337838
0.0565013
-0.0426933
-0.0699481
0.0194397
0.0308096
-0.0291908
-0.0146547
0.0909777
0.0982697
0.0436041
0.0869901
-0.0225271
-0.0086752
-0.0110636
0.0734896
-0.0763402
-0.0180027
-0.0278641
-0.1060292
-0.0188087
-0.0345952
-0.0130113
0.0600312
-0.0719596
-0.0934601
-0.0428602
0.0737689
0.0691872
0.2322369
0.2401110
0.1065142
-0.2003622
-0.2796416
-0.2722689
-0.0200409
0.1115798
0.1836741
-0.0236396
-0.0275264
0.1127718
0.1536548
0.0654116
0.0414466
0.0124643
-0.0183721
-0.1344503
-0.0232769
-0.0231054
-0.0082410
-0.0032411
-0.0574880
-0.0458770
-0.0211461
0.0377901
0.1178507
0.0772390
-0.0096018
0.0381180
0.0679343
-0.0569633
-0.0620551
0.0095228
0.0106052
0.0004544
0.0354732
0.0489284
0.0137423
0.0797646
-0.0326763
0.0545715
-0.0398782
0.0457998
0.0225840
0.0615111
0.0214088
0.0513025
0.0780062
-0.0672076
-0.0131142
-0.0206971
-0.0785629
0.0015046
0.0166627
-0.0346688
-0.0421602
-0.0075118
-0.0019329
0.0218927
0.0790936
-0.0638145
-0.0051092
-0.0127255
0.0488343
0.0176145
-0.0015622
-0.0624974
0.0400370
-0.0419036
-0.0318988
0.0715864
-0.0432181
0.0250334
-0.0371579
0.0206152
-0.0514500
0.0021073
-0.0182199
0.0589988
-0.0086025
0.0734823
-0.0235687
0.0592072
-0.0764148
0.0462155
0.0013237
0.0189810
0.0186949
0.0005736
0.0724060
-0.0262121
-0.0288385
-0.0062378
0.0158348
-0.0541584
-0.0355197
-0.0602751
-0.0498698
-0.0412538
-0.0452194
0.0805221
0.0060277
0.0854142
-0.0528019
-0.0013658
-0.0011425
-0.0442185
-0.0975327
0.0443023
-0.0465020
0.0216885
-0.0137264
-0.0647118
-0.0545033
-0.0308341
0.0558145
-0.0007861
-0.0142977
0.0778395
0.0331542
0.0619557
0.0416494
-0.0169955
-0.0820860
0.0061405
-0.0740056
-0.0040824
-0.0846496
-0.0853933
-0.0545739
-0.0280112
0.0851040
-0.0064129
0.0039708
-0.0022640
-0.0283140
-0.0503290
-0.0716831
-0.0019447
0.0176210
-0.0981783
-0.0220341
-0.0340586
0.0342185
0.0231511
-0.0326879
0.0561501
0.0066533
0.0045624
0.0073055
0.0494444
0.0878979
0.2954870
0.1702678
0.0942733
-0.1252891
-0.3694916
-0.3015057
-0.0981795
0.0729221
0.0768200
0.0050031
0.0900071
0.1132024
0.0576142
0.1137532
0.0307190
-0.0650617
-0.1141788
-0.0089013
-0.0379036
-0.0378334
-0.1153152
-0.0828696
0.0422050
0.0225637
-0.0020033
0.0229861
-0.0486419
-0.0473331
0.0362892
-0.0336101
-0.0077699
-0.0549316
-0.0291717
-0.0514915
0.0275783
-0.0534982
-0.0299167
0.0369736
-0.0101848
-0.0458005
-0.0138541
0.0560358
-0.0227187
0.0287139
-0.0389530
-0.0443867
-0.0076557
0.0582231
0.0617062
0.0379660
0.0076411
-0.0600307
-0.0653898
0.0215540
0.0380799
-0.0401660
0.0628933
0.0559338
0.0588448
0.0869504
-0.0202882
0.0231459
-0.0014797
0.0551754
-0.0352963
0.0354568
-0.0886913
0.0026983
0.0133618
0.0395893
-0.0174766
-0.0029029
-0.0307849
-0.0795588
0.0497045
-0.0210361
0.0742520
-0.0032504
-0.0165034
0.0373707
0.0205176
-0.0073428
0.0847707
0.0847398
0.0192329
0.0587329
-0.0065163
-0.0161529
-0.0711583
0.0548348
0.0566932
-0.0042054
0.0309375
-0.0418070
-0.0857783
-0.0286680
-0.0521903
-0.0651098
0.0590303
-0.0193521
0.0062905
0.0806256
-0.0489158
-0.0230420
-0.0833692
-0.0506131
0.0463322
0.0229843
-0.0689020
-0.0098491
0.0113884
-0.0034568
-0.0197077
0.0705337
0.0087238
0.0362729
0.0473544
0.0055772
0.0446943
-0.0239337
-0.0322825
-0.0525352
-0.0433053
-0.0023242
0.0898830
0.0743343
-0.0635027
-0.0969938
0.0439083
-0.0961642
-0.0887411
-0.0542661
0.0280269
0.0857446
0.0926261
-0.0539863
0.0652050
-0.0446607
0.0339273
-0.0479178
-0.0293586
-0.0480802
-0.0655971
0.0190843
-0.0955368
-0.0591984
0.0289136
0.0834024
-0.0749985
-0.0955686
-0.0442558
-0.0822928
0.1174642
0.1615575
0.2214429
0.2187622
-0.0478214
-0.1476111
-0.2336184
-0.1724565
-0.0454255
0.0550660
0.1370837
0.0070897
0.0034786
0.0488471
0.1271116
0.1166575
0.0723055
-0.0080700
-0.0437301
-0.1446412
-0.0925623
-0.0416562
-0.0537656
0.0371887
-0.0457136
-0.0579933
0.0234772
-0.0459176
0.0009825
0.0461359
-0.0707140
