-0.0024320
-0.0341398
0.0156790
-0.0067080
0.0329471
0.0429235
0.0355421
0.0329195
-0.0103967
-0.0125725
0.0243605
-0.0224436
-0.0180616
-0.0505927
-0.0114210
-0.0251660
-0.0571650
-0.0332758
-0.0079362
-0.0073643
0.0109195
0.0752396
0.0823038
0.1505859
0.0831732
-0.0472625
-0.1510837
-0.2639817
-0.2111329
-0.0712934
0.1138902
0.1509124
0.1094346
0.0519515
0.0026670
0.0350984
-0.0248980
-0.0542049
-0.0675323
-0.0435155
-0.0038404
0.0021721
-0.0041972
-0.0184559
0.0025101
0.0282715
0.0003804
0.0402905
-0.0080118
0.0237052
-0.0031951
0.0177784
-0.0139109
0.0264302
0.0299003
-0.0123792
-0.0079930
0.0085883
-0.0435564
-0.0057515
-0.0294294
-0.0042082
-0.0098222
-0.0002601
0.0002984
-0.0173705
0.0112789
-0.0071335
-0.0240358
-0.0265680
0.0014262
0.0229992
-0.0026653
-0.0161258
-0.0136407
0.0019218
-0.0219159
-0.0171964
0.0043662
0.0110527
0.0311616
-0.0159128
0.0295189
-0.0063183
-0.0013871
0.0246021
-0.0176939
-0.0098201
0.0096361
0.0245784
0.0025025
0.0035879
0.0131802
-0.0260119
0.0023957
-0.0288366
-0.0149172
0.0049647
0.0092138
-0.0007567
0.0013711
-0.0183529
-0.0105126
0.0158106
0.0396140
-0.0065371
-0.0075316
0.0419212
-0.0074812
0.0064077
-0.0200201
-0.0098660
-0.0175618
-0.0468648
-0.0317930
-0.0129461
-0.0398407
-0.0169568
0.0394751
0.0363510
0.0555041
0.1074017
0.1460820
0.1578466
-0.0095270
-0.1666595
-0.3112134
-0.2307108
-0.0907090
0.1011390
0.2087715
0.1458832
0.0684600
0.0152832
-0.0069058
-0.0067039
-0.0125699
-0.0212392
-0.0450432
-0.0511857
-0.0557061
-0.0235431
0.0020636
0.0195081
-0.0053040
0.0229731
0.0319246
0.0354959
0.0201072
-0.0068118
0.0136850
0.0185047
-0.0032202
0.0209935
-0.0256504
-0.0334814
-0.0053230
-0.0376672
0.0146730
0.0257957
-0.0090041
-0.0072670
-0.0191704
0.0116406
-0.0174102
0.0349331
-0.0016323
-0.0205188
0.0144344
-0.0339630
-0.0247446
-0.0270428
0.0157932
0.0177016
-0.0062153
0.0018839
0.0261811
0.0225618
-0.0311066
-0.0107108
-0.0084588
-0.0002018
-0.0049110
-0.0032622
-0.0135745
0.0115329
-0.0146257
-0.0034408
-0.0023985
0.0267098
-0.0265376
0.0223170
0.0031510
0.0036653
0.0113493
-0.0054344
0.0051255
0.0129787
0.0252767
-0.0132216
0.0463196
0.0256133
0.0003265
0.0348857
-0.0135357
-0.0370047
-0.0317114
0.0031172
0.0035551
-0.0081957
-0.0163450
-0.0660556
-0.0017880
-0.0060350
0.0335146
0.0242493
0.0556961
0.1037705
0.1879676
0.1328103
-0.0149354
-0.1949368
-0.3166037
-0.2153548
-0.0155801
0.1269681
0.1805933
0.1136317
0.0642751
0.0060897
-0.0150075
-0.0223784
-0.0472901
-0.0086315
-0.0246836
-0.0381258
-0.0144450
-0.0220178
-0.0144403
0.0172742
0.0063167
-0.0062515
0.0166918
0.0375371
0.0246167
-0.0144670
0.0313892
-0.0157554
-0.0082511
-0.0140652
-0.0085361
0.0147775
0.0123945
0.0074777
0.0286687
0.0260398
0.0302764
0.0199104
-0.0040143
0.0193594
-0.0131687
0.0118979
-0.0158605
0.0235512
0.0170074
0.0221073
-0.0237419
-0.0130549
-0.0168401
0.0165780
-0.0266557
0.0057351
-0.0064137
-0.0143416
0.0299445
-0.0161418
-0.0233103
-0.0211273
-0.0112672
-0.0112642
-0.0084954
-0.0039792
-0.0279946
0.0152872
-0.0313665
-0.0182636
0.0201772
0.0159616
0.0456041
0.0415915
0.0021694
0.0342584
-0.0052943
-0.0145238
-0.0078436
-0.0007921
-0.0289098
-0.0378764
-0.0655694
-0.0434458
-0.0434992
-0.0037546
0.0130889
0.0689811
0.0732821
0.1480915
0.1998173
0.1175387
-0.1273827
-0.2879760
-0.3342667
-0.1910129
0.0481147
0.2092685
0.2186418
0.1293347
0.0306183
0.0555735
0.0076298
0.0272502
-0.0218584
-0.0626658
-0.0274596
-0.0442163
-0.0275055
0.0104517
-0.0223545
-0.0065942
0.0500186
0.0129543
0.0307223
0.0150966
0.0002761
0.0136742
-0.0222582
0.0047659
0.0212409
-0.0105429
-0.0016436
-0.0108042
-0.0378119
-0.0197520
0.0248493
-0.0090167
0.0287059
-0.0203956
0.0121012
-0.0099496
-0.0035720
-0.0236135
0.0116506
0.0042966
0.0125538
0.0151318
0.0082772
-0.0224520
-0.0196074
-0.0106546
-0.0242306
-0.0302832
-0.0139219
0.0002899
0.0170665
0.0298122
0.0118753
0.0007606
-0.0053149
0.0225700
0.0161848
0.0012251
0.0028245
0.0231671
-0.0074265
0.0200804
0.0156564
0.0053788
-0.0071433
-0.0320664
-0.0225039
0.0332322
-0.0057858
0.0063441
-0.0099422
0.0254822
0.0036883
0.0178579
-0.0057121
-0.0225425
-0.0118614
-0.0239329
0.0086027
-0.0298273
0.0089707
0.0178612
-0.0030926
0.0024187
0.0054961
0.0389742
0.0009515
-0.0047390
0.0257128
0.0282992
-0.0092163
-0.0264821
-0.0102804
-0.0201020
-0.0017812
-0.0070298
-0.0364333
-0.0258035
0.0046981
-0.0094160
0.0403169
0.1068056
0.1093782
0.1101721
0.0288767
-0.1105838
-0.2369658
-0.2433904
-0.1318818
0.0325047
0.1202163
0.1251968
0.1086942
0.0723189
-0.0010528
0.0072801
-0.0335739
-0.0441930
-0.0186253
-0.0218281
-0.0435335
-0.0068300
-0.0096826
0.0279386
-0.0242582
0.0234406
0.0064639
0.0195567
-0.0124421
-0.0001413
0.0204215
0.0037398
-0.0055535
-0.0223601
-0.0141584
0.0000435
0.0085317
-0.0243763
-0.0086093
-0.0163698
0.0163724
0.0082423
-0.0149737
-0.0214044
0.0171940
0.0250606
0.0006021
0.0111046
-0.0277713
0.0168673
-0.0181141
-0.0372893
0.0183216
0.0259257
0.0122024
0.0138950
0.0146272
-0.0249856
0.0072727
0.0141584
-0.0202572
-0.0249451
-0.0069138
-0.0292949
-0.0204214
-0.0286891
0.0215000
0.0098195
0.0370798
-0.0061846
-0.0107584
-0.0151151
0.0334567
-0.0040256
-0.0040028
-0.0133243
-0.0397171
-0.0444009
0.0135461
-0.0340626
0.0003739
-0.0078608
0.0239972
-0.0043162
-0.0033847
0.0184514
0.0091151
0.0014035
0.0060881
-0.0020110
-0.0003911
-0.0170816
-0.0486240
-0.0514149
-0.0698009
-0.0280372
-0.0208575
-0.0015641
0.0050465
0.0394633
0.0640392
0.1065174
0.1772620
0.1771109
0.0165888
-0.1576138
-0.2991777
-0.2687910
-0.1115191
0.1026731
0.2082519
0.1367440
0.0687152
0.0556936
0.0342653
-0.0083038
0.0199984
-0.0551242
-0.0439103
-0.0678182
-0.0522676
-0.0473471
0.0101976
0.0049420
0.0379550
0.0468007
0.0230715
0.0401454
-0.0010099
0.0385405
0.0223366
0.0210896
0.0000209
0.0238550
-0.0021885
-0.0266585
0.0115263
-0.0235824
-0.0046348
0.0106033
-0.0170353
0.0210303
-0.0054066
-0.0052869
0.0035379
-0.0075700
0.0062743
-0.0039195
-0.0224694
0.0184734
0.0407584
-0.0097741
-0.0302585
-0.0086132
-0.0125370
-0.0172191
-0.0230479
0.0288255
-0.0216139
0.0081730
-0.0211263
-0.0153783
0.0029685
-0.0048477
-0.0103485
0.0133376
0.0206334
-0.0043388
-0.0100568
-0.0076840
-0.0198770
0.0150679
-0.0048255
0.0236887
-0.0411760
-0.0127192
0.0076626
-0.0074759
-0.0033510
-0.0095601
-0.0127036
0.0380218
-0.0049707
0.0333021
0.0419438
-0.0003631
0.0189089
0.0251059
-0.0341093
-0.0295723
-0.0110784
-0.0144302
-0.0434582
-0.0375346
-0.0193769
0.0332521
0.0191293
0.0574903
0.0994424
0.1605841
0.1726770
0.1124237
-0.0616959
-0.2045574
-0.2859539
-0.1514866
0.0112987
0.1422353
0.1726632
0.1415917
0.0616175
0.0067265
0.0263877
-0.0207618
-0.0567367
-0.0478219
-0.0145831
-0.0337692
-0.0396911
-0.0226598
-0.0061337
0.0243952
0.0301863
0.0363714
0.0107981
0.0135549
0.0398275
-0.0032052
-0.0173668
0.0078921
0.0148009
0.0133366
0.0001294
0.0128054
-0.0342283
-0.0331260
0.0098531
-0.0021136
-0.0014703
-0.0014005
-0.0143850
0.0129555
0.0329055
-0.0128143
0.0065547
-0.0199158
0.0221085
0.0033863
-0.0067110
-0.0173743
-0.0042579
-0.0116464
0.0206429
-0.0225197
-0.0149086
0.0033347
-0.0068928
-0.0189581
0.0187238
0.0140889
-0.0021366
-0.0196273
-0.0081497
0.0320159
-0.0017997
0.0324905
-0.0230829
0.0038546
0.0193864
0.0165479
-0.0181292
-0.0259909
-0.0051197
-0.0408738
-0.0268122
0.0013331
0.0063985
0.0021898
0.0391183
0.0326038
0.0367446
0.0507555
0.0392072
-0.0073672
0.0253150
0.0046573
-0.0040922
-0.0505087
-0.0224802
-0.0285807
-0.0293619
-0.0449595
-0.0105560
-0.0166448
0.0080093
0.0289392
0.1077592
0.1592875
0.1418268
0.0247769
-0.1327621
-0.2943024
-0.2660657
-0.0775111
0.0685531
0.1819952
0.1385599
0.0676955
0.0064745
-0.0084058
-0.0068756
-0.0116602
-0.0523472
-0.0346112
-0.0173320
-0.0181406
0.0025007
0.0096454
0.0037541
-0.0188214
0.0120674
0.0302543
0.0021011
0.0113461
0.0255429
0.0286153
-0.0181761
-0.0243626
-0.0081920
-0.0115905
-0.0274310
0.0166066
0.0219385
-0.0216193
-0.0060936
-0.0177952
0.0103974
0.0220465
0.0077991
0.0382148
-0.0111957
-0.0070079
0.0298068
-0.0041583
-0.0043927
0.0155470
0.0070249
-0.0008939
-0.0038399
-0.0264064
0.0315796
-0.0244928
-0.0247802
0.0168795
-0.0272245
-0.0139171
0.0199183
0.0287198
-0.0281713
0.0002658
0.0206034
-0.0007126
0.0184122
-0.0179305
0.0240539
-0.0177833
-0.0061588
-0.0268884
-0.0067964
-0.0137909
-0.0379747
0.0222492
0.0096185
-0.0140277
0.0223332
0.0204207
-0.0078336
0.0442502
-0.0000712
-0.0104508
0.0300667
0.0173918
-0.0053248
-0.0178938
-0.0043188
-0.0223764
-0.0415713
-0.0565019
-0.0538003
0.0029490
-0.0346888
-0.0093643
0.0391207
0.0851009
0.1303542
0.1147546
0.1071809
-0.0362309
-0.1592706
-0.2205277
-0.1538319
-0.0239646
0.0745200
0.1222081
0.1308424
0.0940370
0.0071463
0.0084686
0.0074591
0.0091415
-0.0405947
-0.0199593
-0.0019674
-0.0363378
-0.0255412
-0.0296271
-0.0024851
-0.0109862
0.0248543
-0.0074914
0.0332001
0.0469460
0.0390382
0.0019096
-0.0164354
-0.0099185
-0.0263474
0.0081148
0.0107012
-0.0187347
-0.0297012
0.0266840
0.0239042
0.0161591
-0.0000824
0.0109361
0.0188883
0.0309796
-0.0180736
0.0091676
0.0310809
-0.0160562
-0.0190390
-0.0245357
0.0165789
-0.0081198
-0.0288681
-0.0250537
-0.0204874
0.0137733
0.0054272
0.0191133
0.0078977
-0.0091184
0.0248857
0.0126948
0.0174908
-0.0180964
0.0055947
-0.0125253
0.0066941
0.0064252
-0.0029008
-0.0244059
0.0113779
0.0311965
0.0237616
-0.0093737
-0.0057076
-0.0165494
0.0113092
-0.0086755
-0.0135256
-0.0054184
0.0012127
0.0299359
0.0284999
0.0414396
0.0083621
0.0459040
0.0289548
0.0206224
-0.0199936
-0.0188406
-0.0311292
-0.0246993
-0.0368021
-0.0230130
-0.0239572
-0.0163963
-0.0121901
0.0274669
0.0725399
0.0652488
0.1476390
0.1818741
0.0575682
-0.0945543
-0.3024537
-0.2898074
-0.1519756
0.0753586
0.1923043
0.1912151
0.0722359
0.0332328
0.0249693
0.0250219
-0.0038961
-0.0348751
-0.0567635
-0.0160528
-0.0138985
-0.0385814
-0.0079498
0.0129894
0.0392051
0.0396349
0.0064829
0.0038932
0.0277561
-0.0046618
-0.0008091
0.0188510
-0.0098192
-0.0054825
-0.0239674
-0.0005725
-0.0313314
-0.0098059
-0.0229429
0.0011271
-0.0032956
0.0106170
0.0162786
0.0260150
0.0282516
-0.0148251
0.0130011
-0.0207264
-0.0044867
-0.0075826
0.0117406
0.0047256
0.0026005
0.0264643
0.0037196
0.0137903
-0.0293608
-0.0209745
0.0181712
0.0242290
-0.0116173
0.0107352
0.0077679
0.0309615
-0.0043139
0.0158799
0.0049244
-0.0214131
0.0072749
0.0238656
-0.0191039
-0.0144275
-0.0063925
-0.0308586
-0.0217834
-0.0020485
0.0251006
0.0120192
0.0090993
0.0133890
0.0400122
-0.0091570
-0.0040637
0.0225147
0.0278439
-0.0043482
-0.0122868
0.0031813
-0.0603091
-0.0511408
-0.0241307
-0.0507190
-0.0057866
0.0159938
0.0210221
0.0485810
0.0552477
0.0895170
0.1706989
0.1169089
0.0105142
-0.1708319
-0.2785017
-0.2391361
-0.0925004
0.0658416
0.1752945
0.1652721
0.0947760
0.0469290
0.0071660
-0.0159900
0.0124210
-0.0252987
-0.0321954
-0.0228338
-0.0521194
0.0012543
-0.0246887
0.0077639
0.0143912
0.0061580
0.0468486
0.0256532
0.0241850
0.0103888
0.0174782
-0.0001053
-0.0210370
-0.0035246
-0.0079944
0.0094856
-0.0286092
-0.0224066
-0.0006044
-0.0237289
0.0180630
-0.0008454
0.0069252
0.0028996
-0.0047164
-0.0169165
0.0118976
-0.0239350
-0.0275011
-0.0197528
0.0074595
0.0228970
0.0299086
0.0223571
0.0146675
-0.0222725
-0.0086068
-0.0197758
0.0076598
0.0186842
0.0293430
0.0265742
-0.0016356
0.0027863
-0.0115072
0.0125814
0.0297601
-0.0088805
-0.0220358
0.0229923
0.0192082
0.0219526
0.0136561
0.0169055
-0.0196527
-0.0152215
0.0080876
0.0142869
0.0233817
-0.0043251
-0.0178407
-0.0115670
0.0242949
0.0150070
0.0010638
0.0179378
0.0189483
0.0218647
-0.0197670
-0.0334565
0.0002028
-0.0681468
-0.0348687
-0.0335852
-0.0389680
-0.0026951
0.0141294
0.0090383
0.0650110
0.1566180
0.2091529
0.1422870
-0.0613313
-0.2815572
-0.3298198
-0.2086341
-0.0161163
0.1381990
0.2043042
0.0989233
0.0820595
0.0099445
0.0072135
-0.0044955
-0.0216055
-0.0338148
-0.0446525
-0.0506718
-0.0055525
-0.0246032
-0.0321600
-0.0063790
0.0345870
0.0097146
0.0217617
0.0430770
-0.0054964
0.0195643
0.0015546
-0.0020895
-0.0195446
-0.0380027
-0.0138223
0.0114170
-0.0093658
0.0285145
0.0117180
-0.0235777
-0.0296863
-0.0196015
0.0268406
-0.0097380
0.0156073
0.0050713
-0.0065753
0.0069498
-0.0116582
-0.0157829
-0.0043986
-0.0027652
0.0044198
0.0139615
-0.0119305
-0.0059444
-0.0050314
-0.0095047
0.0021152
-0.0283819
-0.0049261
-0.0078044
0.0202384
0.0328449
-0.0088792
-0.0231540
-0.0106936
0.0227470
-0.0137425
-0.0048348
-0.0278781
-0.0024145
-0.0283102
0.0194236
0.0048930
-0.0191396
0.0005436
-0.0074720
-0.0139611
0.0009791
0.0018523
-0.0001216
0.0355935
0.0111494
0.0228830
0.0322123
0.0013831
-0.0303782
-0.0289178
-0.0117807
-0.0657080
-0.0143105
-0.0414072
-0.0481949
0.0162313
-0.0131161
0.0327440
0.0732540
0.1071618
0.1707503
0.1338479
0.0123401
-0.1601028
-0.2789493
-0.2879843
-0.0823284
0.0925360
0.2043616
0.1678623
0.0918444
0.0256782
0.0376164
0.0307886
-0.0319604
-0.0351237
-0.0169090
-0.0283294
-0.0036731
-0.0384227
-0.0233036
0.0239772
-0.0001509
0.0118517
-0.0032991
0.0429757
0.0403093
-0.0021600
0.0269396
-0.0056381
-0.0059544
-0.0255608
-0.0229092
-0.0238455
-0.0048611
-0.0205686
-0.0291067
-0.0296914
-0.0248387
0.0095130
0.0010574
-0.0118943
-0.0142312
0.0140920
0.0215817
0.0322441
-0.0095380
0.0090669
-0.0250841
-0.0259862
-0.0027029
0.0200143
0.0189364
