-0.0191115
-0.0033071
0.0159392
0.0033152
0.0355686
0.0309524
0.0327788
0.0330424
0.0250140
0.0124962
-0.0155435
0.0105991
-0.0030117
-0.0599139
-0.0143838
-0.0499555
-0.0426437
-0.0127661
-0.0250098
0.0272140
0.0473771
0.1009986
0.1822024
0.1360404
0.0492406
-0.1512077
-0.2722599
-0.2868094
-0.1202982
0.0624725
0.1294452
0.1110804
0.1045534
0.0596124
0.0382590
-0.0016199
0.0010713
-0.0351770
-0.0594060
-0.0462306
-0.0550731
-0.0414488
-0.0463325
-0.0314516
-0.0335522
-0.0239760
-0.0040610
0.0114278
0.0177039
-0.0013250
-0.0122257
0.0142586
-0.0008386
0.0187377
0.0155560
0.0070848
-0.0323108
-0.0350866
0.0158406
0.0174651
0.0062309
0.0285061
-0.0159711
0.0037181
0.0321887
0.0212662
0.0133107
-0.0169627
-0.0330605
-0.0338020
-0.0227234
0.0177310
0.0139557
-0.0180984
0.0017662
-0.0379697
0.0216479
0.0087930
-0.0231072
-0.0144667
0.0167861
0.0038791
0.0270072
0.0278170
0.0384264
-0.0054768
0.0114970
0.0112946
-0.0202597
-0.0086370
0.0216262
-0.0233657
-0.0257266
0.0160596
0.0079637
-0.0226143
0.0110008
0.0009902
-0.0190549
-0.0290094
0.0373259
0.0218645
0.0341097
0.0052380
0.0112830
-0.0087637
-0.0267227
-0.0122470
0.0166486
-0.0466012
-0.0137924
-0.0500525
-0.0131915
-0.0569212
-0.0240791
-0.0331834
0.0143643
0.0111356
0.0747645
0.1295821
0.1683827
0.0813961
-0.0975068
-0.2494952
-0.2771814
-0.1804821
0.0225911
0.1212501
0.1599963
0.1141385
0.0633001
-0.0083658
-0.0029841
0.0258949
-0.0263151
-0.0579616
-0.0697083
-0.0451896
-0.0256484
-0.0156457
-0.0143924
0.0080084
0.0058348
0.0052763
0.0016944
0.0027182
0.0285065
-0.0066179
-0.0023357
0.0133478
0.0108872
-0.0270396
0.0260882
0.0125929
0.0188550
-0.0288946
-0.0226531
0.0188317
0.0043445
0.0051223
-0.0064775
0.0190198
0.0355328
0.0115112
-0.0049985
0.0275502
-0.0314483
-0.0242793
-0.0027856
0.0223259
0.0102197
-0.0231604
0.0161632
-0.0319394
0.0116269
0.0235520
-0.0265531
0.0027462
-0.0131119
0.0177001
0.0060828
0.0330261
-0.0151037
0.0046520
0.0256817
0.0247592
0.0174429
0.0157194
-0.0263465
-0.0373506
0.0213213
-0.0135892
0.0086983
-0.0273599
-0.0030613
0.0059722
0.0056261
-0.0102132
0.0019105
0.0422142
0.0159567
0.0267296
0.0291916
-0.0077704
0.0057586
-0.0232280
-0.0083707
-0.0123692
-0.0213619
-0.0372819
0.0079770
-0.0025322
-0.0058038
0.0188069
0.1065336
0.1824464
0.1832473
0.0273690
-0.1438057
-0.2371346
-0.2463964
-0.1718328
0.0070166
0.1639895
0.1646372
0.0814311
0.0355228
0.0407740
0.0364822
-0.0368078
0.0005988
-0.0305771
-0.0077040
-0.0008524
-0.0040951
0.0007900
-0.0078413
0.0061585
0.0340438
0.0306660
-0.0030408
0.0161191
0.0310479
0.0010887
-0.0107184
0.0220105
0.0111825
-0.0059132
0.0172722
-0.0075111
-0.0164541
-0.0293061
-0.0004400
0.0275475
-0.0275847
-0.0198765
-0.0040954
-0.0148158
0.0169124
-0.0182907
0.0233546
0.0247120
0.0083328
-0.0101050
-0.0093229
-0.0115063
-0.0299621
0.0010092
-0.0187391
-0.0272323
0.0105517
-0.0250248
0.0026698
0.0021660
-0.0014959
-0.0228073
-0.0190231
0.0123444
-0.0146012
0.0136749
-0.0171069
-0.0192665
0.0354702
-0.0049533
0.0248312
0.0051911
0.0022472
0.0012828
-0.0062798
0.0086495
-0.0365511
-0.0314708
0.0093030
0.0065686
0.0408666
0.0156219
0.0454014
-0.0116423
0.0281912
0.0060772
0.0189652
-0.0094014
-0.0357772
-0.0587306
-0.0489042
-0.0600946
-0.0594704
0.0043741
-0.0178365
0.0597054
0.0776735
0.1527551
0.1983474
0.1361497
-0.0833366
-0.2117497
-0.3075866
-0.2080201
-0.0153099
0.1385792
0.1641803
0.0908713
0.0478666
0.0264625
0.0394655
-0.0077770
-0.0402153
-0.0602406
-0.0167749
-0.0653411
-0.0524161
-0.0362327
-0.0227767
0.0126027
0.0232725
-0.0003181
-0.0101964
0.0509996
0.0148873
-0.0045221
-0.0011772
-0.0315698
-0.0204482
-0.0028596
0.0177282
0.0174303
0.0273310
-0.0108874
-0.0299735
0.0001902
-0.0155167
0.0043749
0.0133177
0.0208058
0.0185634
0.0071073
0.0277703
0.0340647
0.0135308
-0.0056829
-0.0276919
-0.0143666
-0.0368087
0.0245292
-0.0144495
0.0293046
0.0029139
0.0019297
-0.0372056
-0.0225301
0.0288312
-0.0174259
-0.0212973
0.0272718
0.0179465
0.0195535
0.0062661
-0.0047723
-0.0202726
-0.0231273
-0.0196426
0.0161618
-0.0311924
0.0105070
0.0030565
-0.0111938
0.0013028
0.0150002
0.0017380
0.0116833
0.0005975
0.0380633
0.0127608
0.0279376
0.0074941
-0.0000551
0.0170334
-0.0060657
-0.0186150
-0.0321391
-0.0468165
-0.0210244
0.0108097
-0.0001107
0.0344059
0.0369832
0.1336522
0.1383064
0.1433554
0.0692568
-0.1154267
-0.2623308
-0.2656851
-0.1255510
0.0621656
0.1669487
0.1700781
0.0958109
0.0367650
0.0395984
0.0036063
0.0222239
-0.0483873
-0.0582208
-0.0280152
-0.0172872
-0.0431851
-0.0325289
-0.0428063
-0.0006733
0.0347055
0.0316907
0.0490229
0.0254812
0.0407968
-0.0067534
-0.0108016
0.0143794
-0.0010362
-0.0208428
-0.0225234
-0.0314640
0.0008823
-0.0124316
-0.0341005
-0.0264137
0.0089786
-0.0273806
-0.0119775
0.0005437
0.0080731
0.0330023
-0.0019953
-0.0126365
-0.0141968
0.0032121
-0.0333062
-0.0255242
-0.0277199
0.0237449
-0.0333641
0.0126328
0.0195571
-0.0050744
0.0064160
-0.0038254
-0.0297813
-0.0212840
0.0039098
0.0011617
0.0312064
0.0301871
-0.0089170
0.0346967
0.0005887
0.0195088
-0.0199004
0.0109894
-0.0103281
-0.0434203
0.0125646
0.0172338
0.0193563
-0.0243844
-0.0035031
0.0006271
-0.0092028
0.0212414
0.0399507
0.0387932
0.0261816
0.0333402
0.0017779
-0.0375370
-0.0660203
-0.0272226
-0.0765630
-0.0623130
-0.0127558
-0.0069606
0.0205437
0.0252530
0.0469143
0.1475175
0.1606106
0.1470169
-0.0256456
-0.2029593
-0.2679428
-0.2406677
-0.0490991
0.1083269
0.1920467
0.1110047
0.0750788
0.0250557
-0.0102933
0.0262002
0.0139501
-0.0592300
-0.0342399
-0.0444922
-0.0209607
-0.0035921
0.0001450
-0.0180135
-0.0007111
0.0447884
-0.0078877
-0.0037402
0.0239905
0.0142177
-0.0192478
-0.0145722
0.0058914
0.0084276
-0.0101348
0.0030838
-0.0161644
-0.0004515
0.0120436
0.0109544
-0.0121458
0.0181323
-0.0140610
0.0259286
0.0020671
0.0035490
-0.0026579
-0.0160828
0.0070096
-0.0088675
-0.0245935
0.0217554
0.0010147
-0.0215733
0.0175938
0.0282914
-0.0175366
0.0077475
0.0141394
-0.0118855
0.0172724
0.0232523
-0.0003280
0.0225803
-0.0082378
0.0335117
0.0339351
-0.0238635
-0.0216213
0.0127593
-0.0017573
0.0048561
0.0060185
-0.0286376
0.0052853
0.0019889
0.0023680
-0.0146745
0.0263095
-0.0082084
0.0203152
0.0580282
0.0045234
0.0016991
0.0199304
-0.0103639
-0.0343605
-0.0236693
-0.0271882
-0.0314170
-0.0482290
-0.0717286
-0.0243029
-0.0316143
-0.0141598
0.0449692
0.0519725
0.1324894
0.1631449
0.1437468
0.0129562
-0.2104681
-0.3194041
-0.2413831
-0.0792426
0.1407615
0.1774928
0.1192367
0.0428274
-0.0002155
0.0114967
0.0161946
-0.0403063
-0.0569245
-0.0322616
-0.0139093
-0.0177227
-0.0229974
0.0012080
-0.0030256
0.0367423
-0.0175363
0.0122547
-0.0118667
0.0461540
0.0201781
-0.0089059
-0.0107962
0.0134148
0.0214185
-0.0154706
-0.0293514
-0.0287296
-0.0258032
0.0188267
-0.0140769
0.0098655
0.0109503
0.0189304
-0.0170259
0.0081720
0.0092163
0.0152128
0.0216525
0.0206806
0.0010434
-0.0023930
0.0342545
0.0123062
0.0097187
0.0045423
0.0070231
0.0228715
-0.0309079
0.0189066
0.0032137
-0.0244947
0.0101635
0.0265581
-0.0100022
0.0104685
-0.0029731
0.0358557
-0.0230701
-0.0297951
-0.0092925
0.0284261
0.0201996
-0.0334871
0.0170804
-0.0339813
-0.0234251
-0.0275984
-0.0069991
-0.0144854
-0.0139717
0.0119552
0.0320345
0.0348482
0.0142233
0.0323074
-0.0165555
0.0144266
-0.0337238
-0.0686618
-0.0706306
-0.0286155
-0.0592353
-0.0141873
-0.0286578
0.0123412
0.0564181
0.0391254
0.1313360
0.1842936
0.1203596
0.0304659
-0.1615353
-0.2928291
-0.2867489
-0.1131065
0.0951868
0.1920938
0.1387994
0.1147510
0.0142851
0.0196150
-0.0320429
-0.0396613
-0.0432558
-0.0532553
-0.0066368
-0.0139119
-0.0420723
-0.0026802
0.0054815
0.0264509
0.0208396
0.0228397
0.0048435
-0.0044235
0.0369801
-0.0022344
0.0100637
-0.0221429
-0.0071710
-0.0028660
-0.0120620
-0.0174061
-0.0005156
0.0254042
-0.0064030
0.0021251
0.0240078
-0.0042290
-0.0219334
-0.0005557
0.0008210
0.0098944
-0.0151312
0.0213166
0.0003352
-0.0284121
0.0272022
0.0265356
0.0228310
-0.0045081
0.0130145
-0.0373648
0.0063124
0.0117420
0.0089831
-0.0163123
0.0110812
0.0326870
-0.0219075
0.0353882
-0.0229081
0.0309352
-0.0029940
0.0132708
-0.0111225
0.0150090
-0.0351365
-0.0124789
-0.0146847
-0.0423545
-0.0426587
-0.0180496
-0.0215710
-0.0064287
-0.0119141
0.0409810
0.0231753
-0.0077530
0.0439444
0.0250135
0.0107716
0.0148180
-0.0310618
-0.0604332
-0.0227039
-0.0630586
-0.0131053
-0.0503150
-0.0050888
-0.0060378
-0.0087609
0.0319327
0.0884546
0.1548973
0.1562738
0.0375621
-0.1126976
-0.2605713
-0.3042887
-0.1285180
0.0491273
0.1475718
0.1371972
0.1277471
0.0582396
-0.0073352
-0.0175445
-0.0112260
-0.0351405
-0.0707528
-0.0426375
-0.0320573
-0.0258172
-0.0358493
-0.0181578
0.0011185
0.0091522
0.0272224
0.0117368
0.0228886
0.0242567
-0.0165842
0.0357241
0.0296706
-0.0074091
-0.0228562
-0.0292868
-0.0133478
0.0158189
0.0154599
0.0147010
-0.0265415
-0.0009413
0.0169869
0.0083188
0.0021353
-0.0037445
0.0251290
0.0147462
0.0193894
0.0123771
0.0056881
-0.0288414
-0.0008921
-0.0036871
0.0008817
0.0000155
-0.0184531
0.0140228
-0.0116925
-0.0044289
-0.0059704
0.0234687
0.0263527
-0.0172796
-0.0067025
0.0385330
-0.0055968
0.0161107
0.0131885
-0.0014722
0.0044788
-0.0126625
0.0079508
-0.0157482
-0.0215720
-0.0173269
-0.0421241
-0.0290591
-0.0276438
0.0009990
0.0166216
0.0186682
0.0342721
0.0347963
-0.0083075
0.0091025
-0.0097747
-0.0351070
-0.0610802
-0.0538461
-0.0541677
-0.0122897
-0.0408758
-0.0419579
0.0156355
0.0350092
0.0243963
0.0915113
0.1574336
0.1715311
0.0533995
-0.0900222
-0.2257901
-0.2842073
-0.1595591
0.0222841
0.1458377
0.1648785
0.1143851
0.0778757
0.0294132
0.0259496
-0.0334788
-0.0233355
-0.0333918
-0.0557672
-0.0455444
-0.0203712
-0.0468473
-0.0361019
0.0189077
0.0114641
-0.0049058
0.0016001
-0.0027619
0.0145388
0.0134482
0.0137172
0.0176082
-0.0103582
0.0209369
0.0258659
-0.0177743
-0.0298933
-0.0073993
-0.0030804
0.0098320
0.0026767
0.0123907
0.0335869
0.0334927
-0.0051850
0.0399314
-0.0195128
0.0219857
0.0074427
-0.0286190
-0.0369931
-0.0203226
-0.0004671
-0.0053805
0.0176625
-0.0068142
0.0054650
-0.0007801
-0.0284901
0.0161701
-0.0199992
0.0246785
0.0291789
-0.0198633
-0.0038419
-0.0116253
0.0244047
-0.0050595
-0.0108912
-0.0119839
0.0031957
0.0179451
-0.0023340
-0.0242299
-0.0178152
-0.0293501
-0.0144486
-0.0085711
0.0466400
0.0143771
-0.0013233
0.0303442
0.0315515
0.0390758
-0.0296011
-0.0132276
-0.0011508
-0.0599813
-0.0326926
-0.0569778
-0.0724602
-0.0374169
-0.0014076
0.0463872
0.0401417
0.0469745
0.1143465
0.1803302
0.1398309
-0.0041918
-0.1673765
-0.2762702
-0.2306162
-0.0592802
0.1251744
0.1792511
0.1316659
0.1030915
0.0069588
0.0133306
-0.0008421
-0.0208215
-0.0267447
-0.0485409
-0.0039692
-0.0492411
0.0055886
-0.0366039
0.0170897
-0.0075745
0.0031713
0.0020386
0.0387840
0.0542476
0.0167348
0.0139346
0.0282954
-0.0100621
-0.0397333
-0.0424377
-0.0364732
-0.0145193
0.0105650
-0.0110335
0.0219055
-0.0040007
0.0127327
0.0300873
-0.0164116
0.0024527
0.0004253
0.0134658
-0.0066743
0.0235206
-0.0104870
-0.0060043
-0.0327319
-0.0074015
0.0224841
0.0271662
0.0296681
0.0235314
-0.0100441
-0.0130867
0.0125957
0.0278142
-0.0018771
0.0032029
0.0128588
-0.0055066
0.0312986
-0.0146425
0.0230731
-0.0258197
-0.0051629
-0.0071734
0.0000822
0.0040411
0.0005071
-0.0319887
-0.0294729
-0.0274320
0.0054577
0.0097580
0.0104711
0.0321814
0.0180972
0.0307937
0.0415904
0.0216988
-0.0208169
0.0108278
-0.0064384
-0.0244384
-0.0499421
-0.0558313
-0.0175604
-0.0285641
-0.0128821
0.0143947
0.0653153
0.1468166
0.1636242
0.1561363
-0.0056164
-0.1775577
-0.2782080
-0.2765683
-0.0637097
0.0897232
0.1721578
0.1552679
0.0833543
0.0524078
0.0206801
-0.0230874
0.0113636
-0.0046701
-0.0203762
-0.0547198
-0.0225871
-0.0253959
-0.0110585
-0.0186785
0.0201904
-0.0020570
0.0462182
-0.0027560
0.0035834
-0.0036152
0.0020460
0.0259780
-0.0274416
-0.0014567
0.0024115
-0.0093430
-0.0150239
0.0067546
-0.0047263
0.0101414
-0.0079436
0.0112874
0.0009243
0.0239958
0.0159996
-0.0214662
0.0109813
0.0078372
-0.0216294
-0.0301870
-0.0011675
-0.0153821
-0.0186944
0.0140683
-0.0137083
0.0075349
-0.0423152
-0.0285188
-0.0207290
-0.0134084
-0.0032242
0.0102438
0.0132519
0.0280913
-0.0037689
0.0016090
0.0070429
0.0164006
-0.0010801
0.0198334
-0.0293388
-0.0278192
-0.0100707
-0.0059617
-0.0167972
0.0112526
0.0102598
0.0088087
0.0153933
0.0352288
0.0177522
0.0020467
0.0327660
0.0081084
0.0072179
0.0106938
-0.0311728
-0.0498323
-0.0474546
-0.0703127
-0.0658615
0.0047201
0.0015456
0.0014915
0.0061943
0.0758851
0.1394960
0.1745797
0.1469904
-0.0415037
-0.2426532
-0.2898043
-0.2268203
-0.0220033
0.1014593
0.1636343
0.1159919
0.0793980
0.0367461
0.0196419
-0.0312808
-0.0314940
-0.0279741
-0.0612713
-0.0536266
-0.0416833
-0.0493189
-0.0307932
-0.0147748
0.0127012
-0.0132637
0.0245516
0.0157443
0.0002171
0.0378089
0.0309056
-0.0210260
-0.0052191
-0.0120469
0.0025787
-0.0326552
-0.0441955
-0.0162804
-0.0020352
0.0310831
-0.0053268
-0.0074566
0.0084474
0.0138361
0.0034263
-0.0073443
0.0331773
-0.0182949
-0.0295800
0.0093007
0.0080370
0.0318417
-0.0248998
-0.0167811
0.0204635
0.0169626
0.0281595
-0.0095369
0.0155155
-0.0332876
0.0038849
0.0245662
0.0287339
-0.0074346
-0.0070997
0.0143770
0.0309214
-0.0119768
0.0189194
-0.0008192
0.0025670
-0.0014163
-0.0311950
-0.0437020
-0.0120987
0.0199786
0.0055431
0.0263036
