0.0054172
0.0019559
-0.0244962
0.0026074
0.0406262
0.0400911
0.0152229
-0.0090852
-0.0316735
-0.0234908
-0.0039520
-0.0257473
0.0192662
0.0114023
-0.0080560
-0.0202265
0.0046789
-0.0125985
-0.0030233
0.0052017
-0.0026842
-0.0078650
-0.0101599
-0.0285060
-0.0115996
-0.0161818
-0.0179770
-0.0148112
-0.0169164
-0.0232242
-0.0134488
-0.0097993
0.0027067
-0.0103922
0.0135164
0.0045617
-0.0092409
-0.0250564
0.0159418
0.0039036
-0.0125763
-0.0162040
-0.0160993
-0.0210277
0.0050960
0.0138055
-0.0003060
-0.0053844
-0.0137614
0.0160854
-0.0141764
0.0149437
0.0045026
0.0226074
0.0254895
0.0186477
0.0050745
0.0024183
0.0000237
-0.0206340
-0.0376796
-0.0354639
-0.0353696
-0.0299173
0.0085515
-0.0278302
-0.0151580
0.0097291
0.0068631
0.0362217
0.0340094
0.0427835
0.0143190
0.0168803
0.0033793
-0.0445901
-0.0572047
-0.1188081
-0.1587118
-0.0906461
0.0318022
0.1924092
0.2921887
0.2314841
0.0774347
-0.1248652
-0.1553907
-0.1546432
-0.0608843
-0.0409471
0.0215795
0.0439122
0.0296565
0.0484814
0.0291101
-0.0014082
0.0105100
-0.0130268
-0.0361409
-0.0153434
0.0201333
0.0178639
0.0110819
0.0119250
-0.0190012
0.0119872
-0.0212239
0.0099733
-0.0046525
0.0019115
-0.0091596
-0.0134262
0.0146067
0.0184776
0.0309671
0.0146693
-0.0184706
-0.0151748
-0.0116478
-0.0030844
-0.0128268
-0.0028497
0.0242518
-0.0009242
0.0129447
-0.0162423
-0.0092819
-0.0202637
0.0074025
-0.0240976
-0.0126657
-0.0187988
0.0082505
0.0094947
0.0263365
0.0115745
-0.0250917
-0.0124490
0.0071720
-0.0003189
-0.0098284
0.0244393
0.0141229
0.0015552
0.0247734
0.0234146
-0.0175909
0.0089765
-0.0187812
-0.0204832
0.0115948
0.0090455
-0.0193365
-0.0053486
-0.0175131
-0.0120106
0.0172843
0.0246318
0.0098075
-0.0106979
0.0042840
-0.0027103
-0.0287829
-0.0079129
0.0057479
0.0094124
0.0090746
0.0198737
-0.0070060
0.0071186
0.0052983
0.0205086
0.0292699
-0.0051684
0.0128059
-0.0254139
-0.0144109
-0.0039112
-0.0173200
-0.0071558
0.0136764
0.0131931
0.0153246
-0.0170306
0.0085180
-0.0075469
0.0164924
0.0282782
0.0131877
-0.0205243
-0.0213367
0.0148659
0.0081891
0.0096128
-0.0164469
-0.0055762
0.0194415
0.0001126
-0.0003027
0.0218312
0.0084862
0.0023332
0.0058606
0.0157329
-0.0209765
0.0235652
0.0091943
0.0168338
-0.0033990
-0.0022243
-0.0247800
-0.0236144
-0.0069790
0.0035967
-0.0226471
-0.0133555
-0.0195700
0.0124972
-0.0096316
0.0236098
-0.0113626
-0.0130985
-0.0181257
-0.0074785
-0.0014328
-0.0002059
-0.0005593
-0.0102964
-0.0155583
0.0031625
-0.0037109
-0.0198698
0.0214643
0.0239019
-0.0116131
-0.0037714
-0.0210850
0.0344103
0.0196173
-0.0084086
-0.0142367
-0.0245021
-0.0197524
0.0294086
0.0062354
-0.0066275
-0.0095207
-0.0240899
-0.0259576
0.0028092
-0.0091429
-0.0017963
0.0141557
0.0115585
0.0154983
0.0392445
0.0287714
0.0440254
0.0295956
0.0063583
-0.0033737
-0.0077364
-0.0235834
-0.0839767
-0.1287853
-0.1404151
-0.0775826
0.0463029
0.2091178
0.2444520
0.2128175
0.0538197
-0.0922466
-0.1577275
-0.1261307
-0.0918583
-0.0183437
-0.0261408
0.0080241
0.0509163
0.0449677
0.0664736
0.0512409
0.0120224
0.0311967
0.0035311
-0.0189299
-0.0174389
-0.0169233
-0.0029809
-0.0252011
-0.0014897
-0.0252623
0.0038519
0.0149367
-0.0066323
-0.0028327
0.0227415
0.0374205
0.0346722
-0.0115953
0.0138516
-0.0064855
0.0147219
-0.0169915
0.0144495
-0.0122100
-0.0155805
-0.0108786
0.0088500
0.0114132
0.0125704
-0.0179122
-0.0255966
-0.0160961
0.0166358
0.0173878
-0.0132542
-0.0227099
-0.0052445
0.0120266
0.0159364
-0.0019894
-0.0236581
-0.0013364
-0.0169670
-0.0139504
-0.0126528
-0.0228666
0.0013709
0.0057118
0.0287798
-0.0049721
0.0007633
-0.0047103
-0.0062512
0.0028230
0.0218838
-0.0021539
0.0014021
-0.0252652
0.0089052
0.0079981
0.0280904
-0.0030570
0.0104572
-0.0064230
0.0080214
-0.0053522
-0.0110395
0.0184658
-0.0089275
0.0125433
0.0000519
-0.0059563
-0.0018795
-0.0213489
-0.0066258
-0.0141566
-0.0060526
0.0169758
0.0216407
0.0172608
0.0290322
0.0274702
-0.0043379
0.0219913
-0.0198849
-0.0024062
-0.0159853
0.0101629
0.0075517
0.0049964
0.0143982
0.0147011
0.0211725
0.0003470
0.0069275
-0.0257821
-0.0157896
0.0205548
-0.0103054
-0.0101324
-0.0031664
0.0014629
-0.0065340
0.0029171
-0.0039449
0.0163292
-0.0144528
-0.0068573
-0.0017028
0.0119086
-0.0071631
0.0212837
-0.0114480
-0.0075918
0.0254580
-0.0031863
0.0057947
0.0015667
-0.0098959
-0.0266155
-0.0108409
0.0145676
-0.0069014
-0.0100559
-0.0081740
-0.0072211
0.0022040
0.0038892
0.0057457
-0.0050303
-0.0135837
-0.0011642
0.0063387
0.0097758
0.0081836
0.0065105
0.0098834
-0.0156284
-0.0301230
-0.0309478
0.0049093
0.0237174
-0.0192099
0.0014487
-0.0134419
0.0164484
0.0014002
0.0253541
0.0287342
0.0081619
0.0061219
-0.0089912
-0.0217860
-0.0195221
-0.0159321
-0.0053754
-0.0357544
0.0128049
-0.0182876
-0.0185282
0.0088770
0.0059009
0.0215043
0.0304182
0.0437914
0.0290622
-0.0101612
-0.0266128
-0.0057555
-0.0562364
-0.0804559
-0.1298158
-0.1301532
-0.0674570
0.0643670
0.2075087
0.2485265
0.1844054
0.0384007
-0.0803862
-0.1433349
-0.1470532
-0.0922906
-0.0310837
-0.0119398
-0.0028128
0.0199250
0.0378760
0.0577989
0.0296625
0.0307997
0.0121323
0.0258834
-0.0113132
-0.0063093
-0.0059822
-0.0425590
-0.0080289
0.0033368
0.0021000
0.0107722
-0.0023138
0.0204205
0.0094228
0.0326397
0.0235340
-0.0081449
0.0052263
-0.0115409
-0.0159525
-0.0054170
-0.0228135
-0.0129451
-0.0037657
-0.0026098
-0.0165192
-0.0080309
0.0201039
-0.0152955
0.0111966
0.0103806
0.0225246
-0.0137534
-0.0098575
0.0000842
-0.0152467
-0.0013477
0.0176097
0.0024551
0.0190250
0.0208993
0.0010155
-0.0225924
0.0099844
-0.0122135
0.0039724
0.0052162
0.0126615
-0.0050734
0.0259556
-0.0011951
0.0224163
-0.0130637
-0.0111118
-0.0127845
0.0005390
-0.0018367
-0.0151578
-0.0075925
-0.0179922
0.0065959
-0.0048151
0.0082459
0.0340510
0.0155501
-0.0071238
-0.0197899
-0.0161098
0.0141568
-0.0114891
-0.0065096
0.0094383
-0.0331487
-0.0072244
-0.0210007
0.0145540
0.0187690
0.0080098
0.0267485
0.0161043
0.0227004
-0.0132930
0.0166074
0.0106895
-0.0172567
0.0029435
-0.0291291
-0.0067388
-0.0293946
-0.0216878
-0.0000257
-0.0103065
0.0147767
0.0352183
0.0271516
0.0280736
0.0031941
-0.0286934
-0.0126166
-0.0261864
0.0003430
0.0076234
0.0055046
-0.0334580
-0.0240275
0.0044865
0.0021472
0.0360177
-0.0004233
-0.0005994
0.0180148
0.0029536
-0.0056586
-0.0266821
0.0005067
0.0095824
0.0095902
-0.0093347
-0.0015730
-0.0153993
-0.0046281
-0.0168483
0.0251358
-0.0145484
0.0070724
-0.0067158
-0.0143666
0.0200188
-0.0045701
-0.0021430
0.0262273
-0.0044556
-0.0098949
0.0186107
0.0162389
0.0166207
0.0230546
-0.0034908
-0.0250991
-0.0211687
-0.0115483
0.0129173
0.0053160
0.0184827
0.0332043
0.0110447
-0.0053723
-0.0039334
-0.0136849
0.0168535
0.0041842
0.0021427
-0.0227353
-0.0183539
-0.0290831
0.0003077
-0.0343818
0.0125379
-0.0136907
-0.0091051
0.0161177
0.0134120
0.0151589
0.0156744
0.0152926
0.0207884
0.0215766
-0.0361838
-0.0552057
-0.0619023
-0.1338785
-0.1164207
-0.0473087
0.0560524
0.1977811
0.2614086
0.1418445
0.0082204
-0.1348725
-0.1918235
-0.1474840
-0.0452752
-0.0286228
0.0284042
0.0323207
0.0596376
0.0468980
0.0340461
0.0283867
0.0160249
-0.0172462
-0.0127506
-0.0034167
-0.0232412
-0.0411550
-0.0478462
-0.0242040
-0.0081149
0.0174481
0.0221063
0.0131501
-0.0096330
0.0277631
0.0292598
0.0013872
0.0184655
0.0146266
0.0065186
-0.0034266
-0.0267284
-0.0196249
-0.0089649
-0.0055317
-0.0111127
0.0003970
0.0269642
0.0016460
0.0018797
0.0210066
-0.0233807
-0.0085857
-0.0069709
-0.0193866
-0.0080020
-0.0196925
0.0181132
0.0076222
0.0175195
-0.0027047
0.0144551
0.0218275
-0.0122573
-0.0058378
0.0141566
-0.0126673
-0.0156384
0.0054925
-0.0025123
-0.0049831
0.0178834
-0.0194157
0.0000108
0.0169382
0.0054387
0.0076109
-0.0038013
-0.0120253
0.0038484
0.0281538
-0.0010136
0.0002030
0.0124583
0.0089675
0.0048225
0.0197512
-0.0266695
0.0024453
0.0069697
-0.0207277
-0.0179905
0.0112363
0.0120213
-0.0008582
0.0274001
-0.0158838
-0.0043987
-0.0193532
0.0045967
0.0189208
0.0292273
-0.0146012
0.0169094
0.0094804
-0.0284172
0.0060390
-0.0328127
-0.0001619
-0.0232169
-0.0184973
0.0203308
0.0179776
0.0256054
0.0185718
0.0023042
-0.0081692
-0.0303462
-0.0038830
-0.0071805
-0.0250611
0.0147291
0.0127158
0.0061100
0.0105861
-0.0026089
-0.0106194
0.0212035
0.0065478
0.0057358
0.0227758
0.0253677
-0.0173341
0.0116191
0.0146514
-0.0274305
0.0102676
0.0017948
-0.0028518
-0.0237881
-0.0054484
0.0244806
-0.0105103
0.0173041
0.0176354
-0.0056932
-0.0214588
0.0018663
0.0170636
0.0036728
0.0089730
-0.0087825
-0.0104597
0.0084203
-0.0027327
0.0215971
0.0177148
0.0002101
0.0034249
0.0045408
-0.0124658
-0.0119666
0.0269119
0.0146655
0.0291504
-0.0131338
-0.0143941
0.0080583
-0.0137693
-0.0320264
-0.0165592
0.0009290
-0.0026756
0.0050895
-0.0077136
-0.0262452
0.0075214
0.0045516
0.0072595
0.0014661
0.0174482
0.0073300
0.0401730
0.0007639
0.0346075
-0.0143557
-0.0554862
-0.0990297
-0.1327880
-0.1636450
-0.0746742
0.0895418
0.2484304
0.2755239
0.1456390
-0.0181780
-0.1661040
-0.1764804
-0.1283631
-0.0757662
-0.0161248
0.0300662
0.0369123
0.0860442
0.0500726
0.0296514
0.0175720
-0.0169746
-0.0226307
-0.0069804
-0.0269626
-0.0039878
-0.0203399
0.0298821
0.0255628
-0.0031470
-0.0049601
-0.0244376
0.0225495
-0.0113537
0.0190555
-0.0209283
0.0070660
-0.0032646
0.0280834
0.0126373
0.0044119
-0.0168339
-0.0283054
0.0146430
0.0176234
0.0320300
-0.0058355
0.0255759
-0.0033978
0.0193253
0.0061026
0.0094064
-0.0174068
0.0074741
0.0201067
-0.0161268
-0.0190298
-0.0182930
-0.0095677
0.0221322
-0.0216588
-0.0018986
-0.0123613
0.0118947
-0.0107552
-0.0082881
0.0030522
0.0061284
0.0242022
0.0145216
-0.0167746
-0.0176549
0.0070963
-0.0038134
0.0128673
-0.0062952
0.0007638
-0.0118168
-0.0215624
0.0034102
-0.0196542
0.0231817
-0.0111558
0.0097376
0.0129850
0.0087087
-0.0263850
0.0178674
-0.0152717
0.0112093
-0.0109500
-0.0002848
-0.0222060
0.0259224
0.0178368
0.0113539
0.0034649
-0.0263404
-0.0086799
-0.0111834
0.0065809
0.0063407
-0.0152195
0.0132669
-0.0092223
0.0024098
0.0033874
-0.0038195
-0.0049843
-0.0154913
0.0123096
0.0006594
0.0119591
0.0002090
0.0056629
-0.0051332
-0.0259901
-0.0147037
-0.0278688
-0.0168226
0.0125272
0.0254005
-0.0034913
0.0175697
0.0013270
0.0159377
-0.0057664
0.0069945
0.0041378
0.0039568
-0.0070998
-0.0221728
-0.0162785
-0.0235824
0.0122434
-0.0215431
-0.0029693
-0.0081809
-0.0143949
-0.0181230
-0.0053158
0.0065754
-0.0205290
0.0051172
0.0089120
0.0023571
0.0124892
-0.0164977
-0.0189727
-0.0127197
-0.0251631
-0.0233414
-0.0223979
-0.0157220
-0.0089449
0.0184230
-0.0007800
0.0030529
-0.0125001
-0.0117752
0.0267186
0.0328254
0.0194225
0.0367215
0.0305542
0.0075422
-0.0144264
-0.0164459
-0.0389761
0.0031483
-0.0361612
-0.0420511
-0.0224151
-0.0154981
0.0240341
0.0060365
0.0537302
0.0330492
0.0198165
0.0129262
0.0081319
0.0206260
-0.0134753
-0.0255926
-0.0927939
-0.1313596
-0.1566939
-0.0667466
0.0595935
0.2092273
0.2764733
0.1923984
0.0091267
-0.1044884
-0.1472362
-0.1587980
-0.1110286
-0.0430968
-0.0013822
0.0539198
0.0756845
0.0447614
0.0486003
0.0555949
-0.0097070
-0.0246645
-0.0248061
-0.0161035
-0.0034915
-0.0455653
-0.0111170
0.0079442
0.0151313
0.0113765
0.0117320
0.0238092
0.0044771
0.0223069
0.0122796
0.0220904
0.0193777
-0.0058071
0.0005111
-0.0051226
-0.0018740
0.0012341
-0.0174749
-0.0128533
-0.0094727
0.0140189
-0.0197067
0.0165047
-0.0026162
-0.0050949
0.0179429
-0.0042728
-0.0071732
-0.0229868
-0.0187375
-0.0015563
-0.0178672
-0.0230550
-0.0072589
-0.0034766
-0.0179892
0.0153722
-0.0147287
-0.0272415
0.0014928
-0.0113876
-0.0049845
-0.0117551
0.0141801
0.0033585
-0.0103709
-0.0231303
-0.0289455
-0.0274735
-0.0238386
-0.0219813
0.0080470
-0.0131585
-0.0226123
-0.0047926
0.0153051
-0.0124485
-0.0027138
0.0118303
0.0116865
-0.0197933
-0.0177637
-0.0053371
-0.0058816
-0.0277524
0.0019566
-0.0243125
-0.0014852
0.0023502
0.0124178
0.0250423
-0.0074416
0.0171569
0.0066022
-0.0188637
-0.0340146
-0.0110232
-0.0140517
0.0313265
0.0248358
-0.0062276
0.0144841
-0.0056064
0.0119459
-0.0041516
0.0116206
-0.0029043
-0.0008949
0.0264645
-0.0096553
-0.0168292
-0.0167957
-0.0291974
-0.0073181
0.0148181
-0.0157094
0.0150891
0.0233741
0.0210707
0.0058230
-0.0020565
0.0042798
-0.0114922
-0.0244967
-0.0222958
0.0108490
0.0153695
-0.0218089
-0.0070565
-0.0259678
-0.0145167
-0.0012952
-0.0196741
0.0043795
-0.0142008
0.0205468
-0.0143516
0.0073974
-0.0123526
0.0152285
-0.0124426
-0.0168340
-0.0084561
0.0184489
0.0078803
0.0258563
-0.0164004
-0.0158813
0.0070057
-0.0302774
-0.0064689
-0.0215563
-0.0175950
0.0066372
-0.0080111
0.0172855
-0.0095961
0.0203040
-0.0028048
0.0182786
-0.0058217
-0.0040316
0.0083222
-0.0088391
0.0080120
-0.0273061
-0.0236165
-0.0276671
-0.0119447
-0.0224105
-0.0274500
-0.0191034
-0.0136433
0.0422255
0.0280560
0.0545921
0.0300706
0.0183578
0.0023232
0.0154743
-0.0132395
-0.0523039
-0.0806999
-0.1279626
-0.1310919
-0.0844109
0.0550319
0.2000504
0.2767374
0.1977923
0.0744025
-0.0651075
-0.1456806
-0.1566844
-0.1063480
-0.0293508
-0.0192030
-0.0013775
0.0484548
0.0762152
0.0646066
0.0574263
0.0451302
0.0143843
0.0086944
-0.0226977
-0.0142368
-0.0252609
-0.0357013
-0.0118840
0.0030797
-0.0058556
-0.0171188
0.0143797
0.0049503
-0.0041292
0.0025844
0.0038634
0.0277133
-0.0001738
0.0297279
-0.0061836
0.0111439
-0.0228044
0.0048674
0.0125720
0.0186264
0.0098399
0.0160332
-0.0199297
-0.0091139
-0.0195555
-0.0067024
0.0167502
