0.0106751
0.0144865
-0.0016519
0.0319184
0.0049135
-0.0123484
0.0355419
-0.0075568
-0.0125822
-0.0060363
-0.0129663
-0.0086882
0.0253486
-0.0089918
0.0063864
-0.0082461
-0.0229160
-0.0146060
0.0075212
-0.0200529
0.0250089
-0.0028397
0.0209969
-0.0164010
-0.0232240
0.0214913
0.0107182
0.0057071
0.0020481
0.0212051
0.0198967
-0.0230985
-0.0035824
-0.0368083
-0.0266614
-0.0240802
-0.0292844
-0.0069798
-0.0154182
0.0106197
-0.0054970
0.0072093
0.0205023
0.0105643
0.0201358
0.0347114
0.0039671
-0.0069770
0.0015930
-0.0005372
-0.0369345
-0.0210225
-0.0619352
-0.0251877
-0.0214789
-0.0006547
0.0052545
0.0219139
0.0873321
0.1592690
0.1733384
0.1670307
-0.0156784
-0.1768533
-0.3207774
-0.2595196
-0.1078625
0.0982792
0.1605203
0.1522784
0.0893341
0.0609360
0.0089086
0.0223799
0.0130149
-0.0383757
-0.0081944
-0.0547566
-0.0589308
-0.0447480
-0.0433938
-0.0356543
0.0144939
0.0108815
-0.0027134
0.0191053
-0.0123335
-0.0034944
-0.0026372
0.0322856
0.0208425
-0.0325036
-0.0077347
-0.0067395
-0.0057450
0.0007614
-0.0047685
-0.0174515
0.0075952
0.0058714
0.0152926
0.0056098
0.0273093
0.0186389
0.0311535
-0.0252936
0.0102357
-0.0128753
-0.0125922
0.0101679
-0.0017199
-0.0304435
-0.0309382
-0.0140019
0.0277044
-0.0063902
-0.0190522
-0.0289636
0.0129434
0.0101885
0.0197391
-0.0173746
-0.0123615
0.0099595
0.0275799
0.0244173
0.0312451
-0.0154517
-0.0385130
0.0014851
-0.0503175
-0.0089629
0.0171195
0.0294659
0.0161133
-0.0163410
0.0348960
-0.0056954
0.0499928
0.0143322
-0.0010456
-0.0199127
-0.0023261
0.0072355
-0.0167111
-0.0583465
-0.0279229
-0.0170474
-0.0285621
-0.0333809
-0.0044958
0.0235283
0.0177886
0.0903124
0.1662607
0.1983710
0.0613310
-0.1132220
-0.2746124
-0.2918409
-0.1906913
-0.0023412
0.1517883
0.2025699
0.1266935
0.0805401
0.0269150
-0.0090191
-0.0218516
-0.0450644
-0.0574095
-0.0024660
-0.0267568
0.0031519
-0.0330761
0.0081500
0.0222798
-0.0253939
0.0077339
0.0345311
-0.0032770
0.0105646
0.0430655
0.0197237
-0.0072274
-0.0096455
0.0143223
0.0095297
0.0097368
-0.0327773
0.0176789
-0.0025907
-0.0314810
0.0220484
-0.0129290
0.0022974
-0.0080610
-0.0130294
-0.0155145
0.0135829
0.0157433
0.0294322
0.0013011
-0.0033686
0.0186499
0.0157092
-0.0110630
-0.0068484
-0.0082520
-0.0253713
-0.0049523
0.0027857
-0.0219293
-0.0064926
0.0193620
0.0126391
-0.0073032
0.0133882
0.0082751
0.0192892
-0.0281446
0.0063623
0.0103335
-0.0312388
-0.0229321
-0.0060817
0.0107021
-0.0215720
-0.0306437
0.0095308
0.0258038
0.0395472
0.0046280
0.0111909
0.0335052
0.0325588
-0.0114731
0.0303520
-0.0313938
-0.0432029
-0.0495428
-0.0511820
-0.0240770
-0.0249051
-0.0115180
-0.0024452
-0.0103813
0.0126455
0.0744353
0.1450471
0.1956334
0.1660138
-0.0027443
-0.1893499
-0.3254811
-0.2807669
-0.1229825
0.0746314
0.1947500
0.1314898
0.1055663
0.0070434
0.0235956
0.0277554
-0.0353330
-0.0418022
-0.0217951
-0.0573829
-0.0355700
-0.0117795
-0.0269892
-0.0271364
-0.0081665
0.0288316
0.0040472
-0.0033748
0.0380465
0.0183493
0.0039645
0.0251907
0.0072937
0.0241277
0.0125463
-0.0216506
0.0101022
-0.0022323
0.0074104
0.0175806
-0.0170056
0.0393684
-0.0142022
0.0039330
0.0216933
-0.0015349
-0.0142684
0.0306548
-0.0192142
-0.0117050
0.0095446
-0.0165729
0.0256594
0.0032409
-0.0305401
-0.0188580
0.0007243
0.0060095
-0.0116660
-0.0214172
0.0255058
-0.0207974
-0.0097641
-0.0248422
-0.0230012
0.0208543
0.0030360
0.0070346
-0.0081859
-0.0324860
-0.0232815
-0.0435037
-0.0105392
-0.0345251
-0.0097390
-0.0212761
-0.0266996
0.0131031
0.0100656
0.0324980
0.0332154
0.0435660
0.0085216
0.0164775
-0.0257361
-0.0394588
-0.0295100
-0.0180510
-0.0254610
-0.0544707
-0.0441911
0.0047390
-0.0201993
0.0412736
0.0541262
0.1397253
0.1401007
0.1731226
0.0608795
-0.1088296
-0.2714375
-0.3102619
-0.1584749
-0.0001971
0.1484650
0.2102263
0.1417257
0.0616298
0.0441847
0.0143919
-0.0059795
-0.0283928
-0.0381687
-0.0237328
-0.0353754
-0.0325826
-0.0035472
0.0039579
-0.0057829
0.0143386
0.0410429
0.0353657
0.0132217
0.0411202
0.0073509
-0.0120167
0.0319615
-0.0201405
-0.0178103
-0.0159440
-0.0321849
-0.0366906
0.0137657
0.0235241
0.0150571
-0.0242775
0.0198820
-0.0058343
0.0125638
0.0224419
0.0041914
-0.0291842
-0.0019393
0.0023227
0.0195539
0.0052872
0.0021462
-0.0103614
-0.0085120
0.0170319
0.0185572
-0.0194450
-0.0068669
-0.0192966
-0.0099009
0.0214510
-0.0135769
-0.0179303
0.0298646
0.0438368
-0.0012936
0.0315917
0.0041706
-0.0126907
-0.0041008
0.0034090
0.0157328
0.0030008
-0.0358066
-0.0246087
-0.0101964
-0.0177204
0.0268843
0.0228753
0.0032332
0.0147353
-0.0011057
0.0494918
0.0326134
-0.0195699
-0.0479989
-0.0474499
-0.0253267
-0.0711222
-0.0387933
-0.0569580
-0.0340917
0.0087225
0.0253139
0.0788189
0.0922571
0.1536691
0.1657395
0.0474682
-0.1049547
-0.2522064
-0.2648450
-0.1610796
0.0252430
0.1231786
0.1836611
0.1237194
0.0394114
0.0264717
0.0354329
0.0127764
0.0018693
-0.0199252
-0.0472445
-0.0374743
-0.0596143
0.0001837
-0.0015516
-0.0106862
-0.0171282
-0.0030534
0.0108373
0.0106401
-0.0071901
0.0473485
0.0399053
-0.0039905
0.0128283
-0.0067729
-0.0189851
0.0070090
0.0037917
-0.0381519
-0.0172213
0.0078397
-0.0165200
-0.0148973
-0.0099340
0.0133394
-0.0157560
0.0339170
-0.0199386
-0.0190464
-0.0175615
0.0022887
0.0207188
0.0136111
-0.0060429
-0.0289560
-0.0205627
-0.0130911
0.0307167
0.0334907
-0.0178693
0.0089273
-0.0078777
0.0152729
0.0331617
0.0083480
-0.0190122
-0.0139798
-0.0159202
0.0094682
-0.0095295
0.0017655
-0.0440193
-0.0260797
0.0093505
-0.0027915
0.0045353
0.0344560
0.0127022
0.0102707
0.0055151
-0.0051362
-0.0007427
-0.0104138
0.0222418
-0.0133413
-0.0294699
0.0043275
-0.0529969
-0.0078531
-0.0598083
-0.0325889
-0.0384861
-0.0116883
-0.0214518
0.0172555
0.0573405
0.1239759
0.1493429
0.1339686
-0.0059529
-0.2093648
-0.2872064
-0.2409842
-0.0286588
0.0973864
0.1852994
0.1572949
0.0878604
0.0017428
0.0317344
0.0004980
-0.0123936
-0.0003875
-0.0278260
-0.0214683
-0.0421292
-0.0049208
-0.0317205
0.0052643
-0.0259275
-0.0269287
-0.0065217
-0.0066091
0.0403537
0.0264677
0.0506957
0.0075422
0.0059648
-0.0010642
-0.0334293
-0.0220517
-0.0225905
-0.0241442
-0.0241027
0.0180323
-0.0187214
-0.0023372
0.0303132
0.0274469
-0.0150615
0.0221219
-0.0037192
-0.0074801
0.0048293
-0.0056803
-0.0237060
0.0125234
-0.0016863
-0.0064067
0.0094713
-0.0322079
-0.0186335
-0.0258302
0.0127464
0.0098768
0.0291769
-0.0097210
0.0391297
-0.0063856
0.0099958
0.0100785
-0.0206424
0.0018316
0.0107832
0.0097085
-0.0406957
0.0057961
-0.0188239
-0.0295047
0.0002840
0.0169370
0.0156505
-0.0025283
-0.0046753
0.0290001
0.0558824
0.0005123
0.0371934
-0.0040622
-0.0103251
-0.0539079
-0.0368911
-0.0296145
-0.0466772
-0.0433761
-0.0153851
0.0022444
0.0271668
0.0315485
0.0830197
0.1350784
0.2130481
0.1056953
-0.0580917
-0.2186956
-0.3281154
-0.2053755
-0.0289800
0.1359085
0.1562532
0.1423891
0.0878486
0.0252887
0.0319547
-0.0199362
-0.0070187
-0.0163419
-0.0224703
-0.0437970
-0.0480393
-0.0138766
-0.0233881
0.0141975
-0.0109604
0.0139865
-0.0069307
0.0009738
-0.0133591
0.0430009
-0.0093541
0.0131175
0.0072127
-0.0109275
0.0193608
-0.0279336
0.0232712
-0.0005758
-0.0401458
0.0069508
-0.0033718
0.0249506
0.0117555
-0.0088700
-0.0040841
0.0222711
0.0307490
0.0324430
0.0273733
-0.0162781
-0.0252872
0.0151828
0.0163477
-0.0088207
-0.0045277
0.0027152
-0.0051734
0.0229084
0.0276702
-0.0213330
0.0190357
0.0274120
0.0205941
0.0087420
0.0113594
-0.0059144
-0.0022663
0.0078898
-0.0202520
0.0195432
-0.0448505
-0.0040215
-0.0343147
-0.0201391
0.0278916
-0.0166423
-0.0054117
0.0218698
0.0239111
0.0587815
0.0242557
0.0407638
0.0165396
0.0250359
-0.0002878
-0.0038835
-0.0053238
-0.0648125
-0.0120312
-0.0346462
-0.0340991
0.0019918
0.0383981
0.0378329
0.0816060
0.1200634
0.1722587
0.1470799
0.0259870
-0.1565336
-0.3003142
-0.2955710
-0.1611719
0.0564271
0.1979538
0.1736114
0.1107267
0.0536695
0.0118564
0.0251973
-0.0421472
-0.0575997
-0.0476972
-0.0508409
-0.0061054
-0.0035811
-0.0203981
0.0169509
-0.0048053
-0.0055613
-0.0079033
0.0104199
0.0489421
-0.0045997
0.0314938
0.0241769
0.0134527
0.0007543
-0.0244929
-0.0397746
-0.0435768
0.0053014
-0.0323491
-0.0073655
-0.0236892
-0.0217495
-0.0114220
-0.0051565
0.0026684
0.0179386
-0.0139087
0.0088364
0.0196733
0.0128104
-0.0006051
-0.0287007
-0.0037011
0.0022020
-0.0053608
-0.0130955
-0.0278069
-0.0062466
0.0106180
-0.0035647
-0.0245035
0.0248461
0.0261369
-0.0087148
0.0277325
-0.0141838
0.0003917
0.0158809
0.0307195
0.0241114
-0.0041653
-0.0040568
-0.0372896
0.0094921
-0.0027710
-0.0165153
0.0180006
0.0167214
0.0227312
0.0077895
0.0140665
0.0194413
0.0445804
0.0308686
-0.0064548
0.0088833
-0.0345941
-0.0158486
-0.0166689
-0.0698658
-0.0077642
0.0037986
-0.0134260
-0.0160009
0.0296345
0.0672391
0.1589933
0.1985498
0.0741400
-0.0514387
-0.2493470
-0.3445850
-0.2246514
0.0209121
0.1358481
0.1733370
0.1337896
0.0759959
0.0092168
0.0305707
-0.0065489
-0.0358557
-0.0104681
-0.0139914
-0.0436416
-0.0168658
0.0043197
0.0043107
0.0041280
-0.0117695
-0.0116544
0.0467409
0.0164642
0.0280759
0.0045299
0.0119919
0.0301154
-0.0212524
0.0126613
-0.0378426
-0.0206343
0.0082444
-0.0165999
-0.0015116
-0.0327883
0.0328195
0.0301505
0.0140249
0.0326337
-0.0187761
-0.0031591
-0.0095277
0.0142155
-0.0066059
-0.0121801
-0.0332099
0.0195427
0.0109831
-0.0257982
-0.0126298
0.0181182
-0.0130639
0.0111772
-0.0031086
0.0216762
0.0278429
0.0298634
0.0226745
-0.0070217
0.0004646
0.0137833
-0.0244683
-0.0205959
0.0018738
-0.0020022
-0.0345582
-0.0325361
-0.0296463
-0.0262151
-0.0434152
-0.0045740
0.0418573
-0.0011297
0.0588001
0.0560586
0.0008147
0.0093939
0.0384560
0.0012410
0.0099590
-0.0588991
-0.0175960
-0.0234406
-0.0339244
-0.0260145
-0.0239638
0.0149297
0.0503646
0.0394952
0.0841919
0.1809874
0.1765056
0.0842224
-0.0466526
-0.2699380
-0.3181072
-0.2084894
-0.0154767
0.1605419
0.1841096
0.1012245
0.0449074
0.0033443
0.0057404
-0.0102350
-0.0166692
-0.0146841
-0.0236215
-0.0522047
-0.0134407
-0.0318353
-0.0365182
-0.0044412
0.0031260
0.0027207
0.0250560
0.0408014
0.0448912
-0.0062210
0.0062883
0.0256391
-0.0199824
-0.0298937
-0.0209911
-0.0252729
-0.0134275
-0.0357349
-0.0280620
-0.0175362
0.0305110
0.0100635
0.0128261
0.0324933
0.0264884
0.0087858
0.0421118
0.0152157
0.0007974
0.0108049
0.0254662
-0.0243037
0.0031054
-0.0265513
-0.0128104
0.0156251
-0.0086045
-0.0270864
-0.0111072
-0.0223325
0.0180873
-0.0055902
-0.0074970
0.0252807
0.0096548
0.0332300
0.0217485
-0.0185074
-0.0199497
-0.0242345
0.0091490
0.0091148
0.0123033
-0.0360727
-0.0361717
-0.0321953
-0.0146838
0.0255449
-0.0067188
0.0137553
0.0473297
0.0212891
0.0153219
0.0362790
0.0216907
-0.0125550
-0.0520447
-0.0652202
-0.0460984
-0.0317196
-0.0380955
-0.0220436
0.0033855
-0.0017351
0.0428353
0.1215223
0.2054761
0.1472584
0.0883764
-0.1393006
-0.3010276
-0.3009272
-0.1348758
0.0333565
0.1683248
0.1419780
0.1363606
0.0226895
0.0466701
-0.0160692
-0.0221293
-0.0311773
-0.0381397
-0.0443580
-0.0574533
-0.0324254
-0.0473562
-0.0258548
-0.0153097
0.0316577
0.0455613
0.0245621
-0.0002450
0.0224466
0.0053687
0.0066036
0.0174257
-0.0141690
-0.0263565
0.0058522
-0.0193552
-0.0397008
-0.0093347
0.0179395
-0.0091578
-0.0082999
-0.0006617
0.0142085
0.0105653
-0.0247337
0.0047193
0.0286260
0.0127910
-0.0108317
0.0168334
0.0178467
0.0187801
-0.0417864
-0.0060556
-0.0062880
0.0215654
-0.0073922
0.0224487
0.0200009
-0.0298633
-0.0013089
-0.0185408
0.0297265
-0.0212025
0.0156332
-0.0192728
0.0003623
0.0254405
-0.0231254
-0.0316830
-0.0137234
-0.0123871
-0.0002114
0.0008793
-0.0288050
0.0073624
0.0164812
0.0034557
0.0392147
0.0184316
0.0111003
0.0061340
-0.0028660
-0.0106783
0.0045445
-0.0568508
-0.0615258
-0.0695387
-0.0656138
-0.0112790
-0.0436443
-0.0051025
0.0325006
0.0528274
0.1159465
0.1748450
0.1580834
0.0873766
-0.1088339
-0.2678642
-0.2950210
-0.1909011
-0.0060988
0.1643073
0.1743219
0.1241773
0.0765347
0.0063020
-0.0145368
-0.0006897
-0.0206615
-0.0182377
-0.0662878
-0.0242859
-0.0530381
-0.0429060
-0.0091939
0.0115265
0.0184197
0.0285404
0.0003484
0.0005346
0.0003960
0.0272118
0.0304989
0.0246333
-0.0174393
-0.0241806
-0.0013202
-0.0269071
-0.0236741
-0.0016795
0.0142652
0.0225959
0.0058580
0.0196452
0.0359688
0.0057210
0.0354484
0.0307799
-0.0029609
-0.0131127
-0.0329214
-0.0173044
-0.0228174
-0.0237656
0.0179569
-0.0313994
-0.0232746
-0.0227723
0.0196142
-0.0067353
-0.0010721
-0.0177473
-0.0181843
-0.0028524
0.0243608
0.0041096
0.0310847
0.0253296
0.0146812
-0.0381327
-0.0285852
0.0096522
-0.0165646
-0.0221165
-0.0223197
-0.0397443
-0.0406545
0.0150035
-0.0205176
0.0370025
-0.0016555
0.0068901
0.0499790
-0.0094210
0.0346181
-0.0156324
-0.0219058
0.0101244
-0.0148949
-0.0283278
-0.0375374
-0.0150443
-0.0185773
-0.0257729
0.0299923
0.0582605
0.0527178
0.1358460
0.1885722
0.1539721
0.0195995
-0.1287286
-0.2691737
-0.2538589
-0.0947600
0.0825843
0.1840002
0.1678766
0.0769517
0.0350327
0.0026132
-0.0059066
0.0133028
-0.0186957
-0.0068812
-0.0403600
-0.0229401
-0.0194979
-0.0358353
-0.0293935
0.0165937
-0.0040357
0.0433309
0.0156901
-0.0100490
0.0023527
0.0144087
0.0134358
-0.0174262
-0.0223829
0.0223709
-0.0364309
0.0058071
0.0004004
-0.0165200
-0.0019126
-0.0079867
0.0225073
-0.0144291
0.0344204
-0.0073108
0.0205747
0.0013099
-0.0008553
0.0194581
-0.0234363
0.0067659
0.0150839
-0.0333187
-0.0048341
-0.0026530
0.0032873
0.0217851
0.0280582
