-0.0031419
0.0008247
0.0044594
-0.0215992
0.0040722
0.0257456
-0.0061644
0.0078497
-0.0196843
-0.0211603
0.0135389
-0.0103909
0.0257340
-0.0047190
0.0043950
0.0033189
-0.0131460
-0.0251123
0.0009361
0.0085064
0.0096420
-0.0064955
0.0291585
-0.0148020
0.0217631
0.0264409
0.0090862
0.0037121
0.0250135
0.0075724
-0.0289429
0.0117311
-0.0344350
-0.0369503
0.0043148
-0.0326719
-0.0261078
0.0086691
0.0110950
0.0361479
0.0182262
0.0196912
0.0208599
0.0333747
0.0199291
0.0124294
0.0125197
-0.0168608
-0.0526828
-0.1572449
-0.1885682
-0.1185967
0.0804212
0.2424588
0.2560344
0.1865207
0.0055573
-0.1107891
-0.1619490
-0.1213212
-0.0855913
-0.0274205
0.0361617
0.0385768
0.0233104
0.0145940
0.0068452
0.0340372
0.0483118
0.0150309
0.0131499
0.0134350
0.0171719
-0.0137252
0.0060522
-0.0322301
-0.0474783
-0.0256821
-0.0101424
-0.0146712
0.0231815
-0.0136721
0.0212745
0.0215685
0.0056422
0.0018478
-0.0083619
0.0335549
0.0224909
0.0101421
-0.0212320
-0.0361523
0.0012435
0.0001660
0.0171645
0.0113797
0.0047570
0.0014923
-0.0025967
0.0105715
-0.0235957
0.0152202
-0.0045741
-0.0171080
0.0035419
0.0093075
-0.0148047
-0.0082604
0.0115161
-0.0243767
0.0055014
0.0106179
0.0122246
0.0125687
-0.0048932
0.0035014
0.0164174
0.0047404
0.0028228
-0.0260662
-0.0002411
-0.0122448
0.0138814
0.0202967
0.0101629
-0.0042858
-0.0017515
-0.0028539
-0.0164802
0.0181613
0.0033718
-0.0272296
-0.0254417
-0.0018753
0.0178078
0.0191442
-0.0120059
-0.0188963
0.0231807
-0.0223939
-0.0125687
0.0142305
-0.0022947
0.0189755
-0.0254457
-0.0285455
-0.0156500
-0.0012470
-0.0150229
-0.0062807
0.0168768
0.0217663
0.0051905
-0.0199080
-0.0234622
-0.0253553
0.0023926
0.0068579
-0.0203918
-0.0100931
0.0167100
0.0341195
0.0205978
0.0287194
-0.0047217
0.0022509
-0.0179031
0.0000376
-0.0122081
-0.0067140
-0.0082742
-0.0083946
-0.0048302
0.0033270
-0.0162655
0.0249669
-0.0138713
-0.0104212
0.0164896
-0.0186367
0.0143578
-0.0101656
-0.0200741
-0.0029009
0.0057514
-0.0251794
-0.0029753
-0.0021303
0.0118750
0.0032024
-0.0092721
0.0189327
-0.0147980
-0.0134335
0.0075296
0.0023631
0.0196890
0.0150317
-0.0117289
0.0183617
-0.0243573
-0.0184447
-0.0242580
-0.0142624
-0.0232197
-0.0247320
0.0147929
-0.0234640
-0.0026398
0.0036646
0.0318662
0.0297469
0.0286137
0.0016451
-0.0066640
0.0097679
-0.0191117
-0.0286892
-0.0019804
-0.0358993
-0.0147053
-0.0224951
-0.0144729
-0.0211936
0.0192471
-0.0078981
0.0117163
0.0218538
0.0558280
0.0382780
0.0467626
0.0180619
0.0271400
-0.0072387
-0.1006776
-0.1473194
-0.2110221
-0.1364597
0.0582132
0.2089638
0.2664931
0.2239395
0.0293183
-0.1045966
-0.1286760
-0.1373923
-0.0825990
-0.0120188
-0.0317200
-0.0083740
0.0131878
0.0203295
0.0461567
0.0230556
0.0347321
0.0572834
0.0275644
-0.0054062
-0.0271561
-0.0064424
0.0053021
0.0024055
-0.0198525
-0.0038787
-0.0281545
-0.0197963
0.0235013
0.0122976
-0.0072986
-0.0034328
0.0358822
-0.0149606
-0.0006894
0.0233388
0.0198185
-0.0041868
0.0008111
-0.0100626
-0.0146873
-0.0229996
-0.0118927
-0.0045389
0.0157165
-0.0232264
-0.0078569
0.0118753
-0.0019710
-0.0163813
0.0088367
0.0043781
0.0102326
-0.0088384
0.0246196
0.0148342
-0.0192351
-0.0208663
0.0224976
-0.0122040
-0.0254104
0.0149943
0.0265926
0.0144753
0.0109322
0.0164813
-0.0124135
0.0063579
0.0128540
0.0255342
-0.0134272
-0.0219706
0.0149824
-0.0136678
-0.0211955
0.0058711
-0.0198311
0.0106250
0.0062471
-0.0065961
0.0198534
0.0126005
-0.0066654
0.0329680
0.0157852
0.0064903
-0.0306939
-0.0080332
-0.0040484
0.0094661
-0.0191118
-0.0112129
0.0144251
-0.0054296
0.0046405
0.0010312
-0.0027643
0.0227471
-0.0139472
0.0074582
0.0126340
0.0059902
-0.0033802
0.0236333
0.0104137
-0.0129487
0.0086844
-0.0337826
-0.0192419
-0.0173335
-0.0063130
0.0116477
0.0187079
0.0391964
0.0168284
0.0187693
-0.0113696
-0.0340657
-0.0071247
-0.0137010
-0.0213858
0.0150297
0.0210682
-0.0102869
0.0228823
0.0200464
0.0130833
0.0250997
0.0012491
-0.0073938
-0.0185825
-0.0148273
-0.0183631
-0.0264137
0.0138103
-0.0064841
0.0206355
-0.0154592
-0.0173882
0.0207031
-0.0040756
0.0286985
0.0281159
0.0110811
0.0130315
-0.0124396
0.0012078
-0.0149159
0.0175381
-0.0182408
-0.0127502
0.0189884
0.0218451
0.0182359
-0.0161087
0.0066905
0.0115421
-0.0016366
0.0268122
0.0223643
0.0183515
-0.0136232
0.0054971
-0.0091858
-0.0148921
-0.0052353
-0.0026540
-0.0192437
0.0202974
0.0061080
0.0433319
0.0457346
0.0189080
0.0569039
0.0353698
0.0025404
-0.0268670
0.0070705
-0.0107933
-0.0847871
-0.1131760
-0.1590317
-0.0893286
0.0546670
0.1799293
0.2533377
0.2301508
0.0717097
-0.0620804
-0.1547974
-0.1421668
-0.0779344
-0.0531621
-0.0244635
0.0106701
0.0324770
0.0340319
0.0619103
0.0559178
0.0039725
-0.0092834
-0.0157734
-0.0016633
-0.0201222
-0.0300313
-0.0166033
-0.0401591
-0.0287691
-0.0067440
-0.0200231
0.0236553
0.0196446
0.0140952
0.0204534
0.0058572
0.0034335
-0.0072932
0.0031118
0.0185035
0.0181124
-0.0115201
-0.0257042
-0.0038902
-0.0108321
-0.0073565
0.0002550
0.0253621
-0.0225124
-0.0131860
-0.0126259
0.0252553
0.0049149
-0.0091920
-0.0114016
-0.0088367
0.0040929
0.0035960
-0.0220477
0.0070094
0.0221460
-0.0191773
0.0062962
-0.0070778
0.0176114
-0.0067292
-0.0123309
-0.0175847
0.0138156
0.0239014
0.0086473
0.0156834
-0.0040840
-0.0176767
-0.0140629
-0.0018403
-0.0090462
0.0097555
-0.0109533
0.0119160
0.0003688
0.0124372
-0.0051407
0.0109715
0.0158410
0.0146192
0.0162332
-0.0097043
0.0208730
0.0214689
0.0128024
-0.0018319
-0.0182579
-0.0007300
0.0076878
0.0014677
-0.0078183
0.0153348
0.0202213
-0.0067783
-0.0049625
-0.0036600
-0.0062183
0.0144999
-0.0111972
0.0234089
0.0014525
0.0155275
0.0266113
-0.0014585
0.0000268
0.0097657
-0.0111138
-0.0008135
0.0155078
-0.0075804
0.0070346
-0.0000940
-0.0115919
-0.0229208
-0.0026422
0.0024882
-0.0063643
0.0067548
-0.0166214
0.0030103
0.0005116
-0.0067267
0.0224787
0.0222761
-0.0184966
0.0034752
0.0149437
0.0196967
-0.0039843
0.0046626
-0.0060533
0.0222721
-0.0163946
-0.0099149
-0.0200103
0.0223174
0.0014412
-0.0123817
0.0051134
-0.0042942
0.0035686
0.0099420
0.0139169
-0.0101381
0.0033407
-0.0166973
-0.0109113
0.0170441
0.0250509
-0.0056072
0.0132745
-0.0331052
-0.0300646
-0.0230250
-0.0072803
0.0024805
0.0123834
-0.0024808
-0.0120895
0.0102299
0.0145517
0.0175276
0.0250663
0.0155491
-0.0305090
-0.0289788
-0.0127311
-0.0032343
-0.0136046
-0.0165625
-0.0401744
-0.0098072
-0.0066789
0.0008517
-0.0090626
0.0107234
0.0321034
0.0550361
0.0392315
0.0443944
0.0280598
-0.0032399
-0.0516989
-0.0651345
-0.1442613
-0.1289288
-0.0904366
0.0249016
0.1707600
0.2328971
0.2345797
0.0997537
-0.0416035
-0.1439951
-0.1844621
-0.1392774
-0.0482984
-0.0165942
-0.0100269
0.0521171
0.0243121
0.0530838
0.0531743
0.0079282
0.0315104
0.0155668
0.0019703
-0.0352826
-0.0166246
-0.0368517
-0.0054160
0.0110378
-0.0003610
-0.0035120
-0.0301867
-0.0031358
0.0240183
-0.0046142
0.0180366
0.0054174
0.0103778
-0.0170038
0.0109810
0.0153349
0.0143980
-0.0096991
-0.0092571
-0.0087167
0.0157344
0.0058524
-0.0197970
0.0002574
0.0185656
0.0364009
0.0283461
0.0058860
0.0204634
0.0144128
0.0125456
0.0124636
0.0199664
-0.0054162
-0.0127089
0.0158321
0.0234778
-0.0075394
-0.0017758
0.0064199
0.0215830
-0.0094805
0.0122741
-0.0126737
-0.0279294
-0.0179556
-0.0013792
-0.0088067
0.0238879
0.0254297
-0.0101425
-0.0158628
0.0223052
-0.0236566
0.0006753
-0.0253708
-0.0272596
-0.0207976
0.0151146
0.0152356
-0.0048363
0.0228894
-0.0266805
0.0107671
-0.0205853
-0.0018616
-0.0078673
-0.0027101
-0.0120374
-0.0287501
-0.0162760
-0.0208379
-0.0004794
-0.0042816
0.0029223
0.0022422
0.0229973
0.0169585
-0.0080837
-0.0010062
0.0093475
-0.0066910
-0.0189769
-0.0067793
0.0066569
0.0173795
0.0158864
0.0104068
0.0195100
0.0020444
0.0334912
-0.0076192
-0.0033546
-0.0151969
-0.0208884
-0.0169037
-0.0186555
-0.0133126
0.0074738
0.0164084
0.0137738
0.0196927
0.0226789
0.0297925
-0.0213833
-0.0263424
0.0126915
-0.0186977
-0.0161877
0.0111804
-0.0080108
-0.0145423
-0.0109144
-0.0102645
-0.0048223
-0.0145705
0.0168332
-0.0125085
0.0102457
-0.0050456
0.0011653
0.0061323
0.0104518
0.0114545
0.0016703
0.0268394
0.0247415
-0.0131389
-0.0108494
0.0253907
0.0220752
-0.0253642
0.0082375
0.0123471
0.0037282
0.0216436
-0.0106260
0.0157348
-0.0026120
0.0047542
-0.0094882
0.0281149
0.0304541
-0.0027907
0.0236223
0.0233231
0.0114016
-0.0090729
0.0012404
-0.0144124
-0.0188296
-0.0294542
-0.0111770
0.0107093
-0.0108302
0.0168089
-0.0052479
0.0030545
0.0189409
0.0352382
0.0542724
0.0189031
-0.0037953
-0.0252091
-0.0207152
-0.0380964
-0.0907218
-0.1514960
-0.1152385
0.0227627
0.1663529
0.2339549
0.2080898
0.0382409
-0.1109697
-0.1769279
-0.1534195
-0.0940331
-0.0082796
0.0007417
0.0553863
0.0610607
0.0574170
0.0143838
0.0067367
0.0089478
0.0045166
-0.0249174
-0.0096393
-0.0126455
0.0208393
0.0124564
0.0038711
-0.0210376
-0.0154837
0.0117429
0.0130301
-0.0221008
0.0252528
-0.0032963
0.0079136
-0.0034270
-0.0102909
0.0233874
0.0119425
0.0058762
-0.0138188
0.0180172
-0.0058638
-0.0157455
0.0139065
0.0080169
0.0181999
0.0055770
0.0003919
-0.0130224
0.0132304
0.0001297
-0.0067080
-0.0145238
0.0184594
-0.0113445
-0.0022530
-0.0232736
-0.0172477
-0.0145054
0.0043865
0.0043348
0.0080456
0.0056034
0.0255836
0.0142560
0.0129488
-0.0253812
-0.0178168
0.0229501
0.0056807
-0.0115816
-0.0003700
-0.0137499
-0.0034192
-0.0021434
0.0009786
0.0237790
0.0088540
-0.0125246
0.0179234
0.0136311
-0.0075915
0.0276540
0.0072896
0.0124976
-0.0210188
-0.0130268
0.0024007
0.0026433
-0.0160447
-0.0146083
0.0202453
-0.0085924
0.0022208
-0.0129671
0.0064007
0.0090489
-0.0158964
0.0046168
-0.0195272
-0.0179358
0.0267108
0.0115942
-0.0140990
0.0040257
-0.0193299
-0.0253818
0.0197828
0.0180844
0.0392908
0.0078885
0.0022832
-0.0210734
-0.0238051
-0.0173691
0.0091660
0.0172151
-0.0143836
-0.0120009
0.0138300
-0.0008103
-0.0076174
0.0119078
0.0087914
0.0033767
0.0176969
0.0211533
-0.0239515
0.0229820
-0.0236835
-0.0119163
0.0017306
-0.0123396
-0.0134240
0.0145286
-0.0069084
0.0161440
-0.0043026
-0.0039396
-0.0220547
-0.0010901
0.0001508
-0.0239439
-0.0117840
0.0017791
-0.0174239
0.0049356
-0.0088005
-0.0095260
0.0104336
0.0024740
0.0202831
-0.0033870
0.0006341
0.0122216
0.0002621
-0.0036347
-0.0220659
0.0206089
-0.0170007
-0.0144933
0.0087170
0.0179342
-0.0079939
0.0109728
0.0212946
-0.0186579
-0.0333473
-0.0351516
-0.0198746
-0.0191364
0.0066109
0.0045824
-0.0058140
0.0132852
0.0194939
0.0181934
0.0353484
0.0113907
0.0408975
0.0516733
0.0398833
0.0270919
0.0242006
-0.0330603
-0.0805526
-0.1415958
-0.1704846
-0.1525047
0.0179708
0.1939514
0.2898162
0.2424175
0.0944232
-0.0676417
-0.1414966
-0.1536831
-0.0699957
-0.0345179
-0.0075126
-0.0041204
-0.0111488
0.0151640
-0.0210013
0.0280945
0.0675191
0.0357779
0.0489791
-0.0065659
0.0014248
-0.0354605
-0.0343619
-0.0434892
-0.0280168
-0.0319669
0.0032573
-0.0300697
-0.0110829
0.0196028
-0.0011355
0.0302464
-0.0086730
0.0208913
0.0075641
-0.0107866
0.0140131
0.0015818
-0.0154039
0.0025292
-0.0055722
0.0118027
-0.0158174
-0.0271896
-0.0197880
-0.0247381
-0.0023078
0.0124297
0.0107259
-0.0054361
0.0139594
0.0073036
0.0094599
0.0262675
-0.0075399
0.0207407
-0.0175690
-0.0053692
-0.0227805
0.0179340
-0.0292288
0.0013321
0.0225739
-0.0051780
0.0056004
0.0084054
-0.0049208
0.0262422
0.0130822
-0.0269558
-0.0097919
-0.0221479
0.0152992
0.0048048
0.0067003
-0.0032947
0.0234930
-0.0005269
-0.0065757
-0.0242827
-0.0332392
0.0070115
0.0096101
0.0317090
0.0187272
-0.0031896
-0.0220299
-0.0045350
0.0216818
0.0164827
0.0275069
-0.0246417
-0.0035930
0.0018483
-0.0044832
0.0055475
-0.0016150
-0.0215114
-0.0114519
0.0248302
0.0031262
0.0025361
-0.0024356
-0.0048629
-0.0070719
-0.0107949
-0.0158852
-0.0281763
-0.0092314
0.0004459
-0.0136320
0.0277240
-0.0117099
0.0251315
0.0145768
0.0159489
0.0079353
0.0066324
0.0086120
-0.0136794
-0.0013209
-0.0235195
-0.0007876
-0.0170474
0.0306592
-0.0028493
-0.0027534
0.0132326
-0.0019206
0.0009776
0.0146303
0.0002440
0.0097046
-0.0037836
-0.0159422
-0.0060634
0.0275418
-0.0095147
-0.0007222
0.0210639
0.0279835
0.0022388
-0.0195770
-0.0211939
0.0007041
0.0006466
-0.0142457
-0.0268766
-0.0242179
-0.0061247
-0.0012560
0.0001269
0.0154715
0.0233429
0.0265648
0.0087026
0.0110231
-0.0202451
0.0145385
0.0087056
-0.0364585
-0.0072435
-0.0209937
0.0088419
-0.0034648
-0.0295366
0.0219317
0.0278131
0.0147948
0.0065179
0.0536536
0.0317287
0.0447483
0.0368598
0.0157780
0.0030688
-0.0518809
-0.0899280
-0.1738229
-0.1615659
-0.0533710
0.0668172
0.2276589
0.2619825
0.1610457
0.0006670
-0.1254876
-0.1825939
-0.1639090
-0.0631974
-0.0100802
0.0279360
0.0116017
0.0492485
0.0462463
0.0523264
0.0137929
0.0106143
0.0181695
-0.0013870
0.0090460
0.0065309
-0.0214867
-0.0180506
-0.0379668
-0.0209827
0.0040151
-0.0309420
-0.0287265
0.0275841
0.0243279
0.0024663
-0.0020401
0.0210175
0.0047525
-0.0064053
-0.0219563
0.0069245
-0.0188475
0.0207216
-0.0044202
-0.0271356
-0.0065329
-0.0156729
0.0130349
-0.0038773
0.0268685
0.0236601
-0.0126596
-0.0077184
-0.0205343
-0.0139700
0.0073487
0.0211195
0.0116749
-0.0216643
-0.0104447
-0.0295241
-0.0148458
-0.0152460
0.0224717
-0.0097443
-0.0123563
0.0113401
-0.0128435
-0.0156135
0.0170493
0.0131756
-0.0299712
0.0210852
-0.0198851
-0.0224825
0.0095828
0.0165704
0.0265447
0.0066942
0.0062290
0.0158285
0.0171753
-0.0008817
-0.0013052
-0.0192773
0.0232046
