0.0124296
-0.0228673
-0.0125917
-0.0225827
0.0062088
0.0038399
-0.0093621
-0.0181280
-0.0265542
-0.0017493
-0.0098309
-0.0219087
0.0205634
0.0031771
0.0076158
-0.0023361
-0.0002959
-0.0161762
-0.0201557
0.0161728
0.0226444
-0.0089767
0.0225800
-0.0102897
-0.0257133
-0.0058165
-0.0190337
0.0188316
0.0028209
0.0036732
0.0155584
0.0185593
0.0116629
0.0124630
-0.0239668
0.0032284
-0.0127537
-0.0119970
0.0217046
-0.0072995
-0.0212272
-0.0104600
-0.0026357
0.0142175
0.0242504
-0.0202436
-0.0118300
0.0146318
0.0107202
-0.0013598
-0.0125718
-0.0061150
0.0044139
0.0010669
0.0152861
-0.0085487
-0.0070188
-0.0077704
0.0280619
0.0123211
-0.0186445
-0.0067622
-0.0147574
0.0040439
0.0121310
0.0116368
0.0123582
0.0237630
-0.0214286
-0.0034313
0.0140400
-0.0153354
-0.0050727
-0.0006761
-0.0025348
-0.0123379
0.0081123
-0.0129257
-0.0255417
-0.0252043
-0.0074327
-0.0180761
-0.0116695
0.0303199
-0.0023182
0.0069451
-0.0122831
0.0162963
-0.0047051
0.0101253
0.0047767
0.0143216
0.0002461
0.0207901
-0.0267230
-0.0018797
0.0170149
-0.0139702
0.0128031
0.0121402
-0.0021405
0.0057587
0.0091919
-0.0152936
-0.0111251
-0.0115843
-0.0120701
0.0060657
0.0052481
0.0217391
0.0008028
0.0003123
0.0077325
0.0013227
-0.0196217
0.0181939
-0.0003417
0.0163146
-0.0165048
-0.0109428
0.0081395
0.0258792
0.0297194
0.0228129
0.0260513
0.0273099
0.0165460
-0.0133225
0.0093144
-0.0357465
-0.0223870
-0.0024199
0.0080580
-0.0076846
-0.0237134
0.0193126
0.0213077
0.0376845
0.0475862
0.0499028
0.0455517
0.0274208
0.0000560
0.0178947
-0.0599243
-0.1123741
-0.1785390
-0.1453331
-0.0968460
0.1043675
0.2683191
0.2899597
0.1622553
-0.0396128
-0.1479744
-0.1759212
-0.0966087
-0.0701615
-0.0079167
0.0069070
0.0108294
0.0520257
0.0079834
0.0123707
0.0086648
0.0110144
0.0282995
0.0330907
0.0066450
-0.0025795
-0.0000263
-0.0227899
-0.0250175
-0.0265342
0.0128510
-0.0198799
0.0100232
0.0044206
0.0052754
0.0166548
0.0152068
0.0317157
0.0094264
-0.0106442
0.0106258
0.0187933
-0.0071148
0.0061038
-0.0005158
0.0075634
0.0098492
-0.0254278
0.0076989
-0.0196764
0.0012645
0.0026471
-0.0040750
0.0206585
0.0046752
-0.0085454
0.0127540
-0.0098098
0.0251957
-0.0118220
-0.0128871
0.0039692
-0.0251275
-0.0107676
-0.0017993
0.0055942
-0.0061451
-0.0173623
-0.0158122
-0.0116008
-0.0258537
0.0177125
0.0103577
-0.0009949
-0.0103685
-0.0301199
-0.0127542
0.0009815
0.0231249
-0.0060125
-0.0064711
0.0068303
-0.0195347
-0.0169824
0.0240540
-0.0019033
0.0044070
0.0079036
-0.0033727
0.0177042
-0.0017666
-0.0123092
0.0137911
0.0280383
0.0181719
0.0071203
-0.0170961
-0.0149822
0.0163097
-0.0011135
-0.0207636
0.0164475
0.0211717
0.0218468
-0.0078399
0.0134763
-0.0089511
0.0077110
-0.0188809
-0.0078825
-0.0294038
-0.0052281
0.0106807
0.0103233
0.0394729
0.0130297
0.0041521
0.0114779
-0.0286222
-0.0366215
-0.0152787
0.0012232
0.0146397
0.0001777
0.0150314
0.0237163
-0.0082745
-0.0017002
-0.0136659
-0.0152197
-0.0190473
-0.0079125
0.0293653
0.0257709
-0.0071123
-0.0305675
0.0147567
0.0204328
-0.0117178
0.0161711
0.0048636
-0.0096954
0.0035524
-0.0047909
-0.0087767
0.0290158
0.0098122
0.0251531
-0.0143592
0.0078436
0.0169983
-0.0245671
0.0182632
0.0263167
-0.0107875
0.0185772
0.0111459
-0.0135922
-0.0079069
-0.0045510
-0.0101910
0.0091452
-0.0182704
0.0319418
0.0382882
0.0333944
0.0053941
-0.0241590
-0.0166605
-0.0212881
-0.0172482
0.0042669
0.0077237
-0.0002553
-0.0073133
-0.0179997
0.0172932
-0.0085153
0.0262744
0.0220165
0.0465241
0.0587929
0.0172129
0.0244806
0.0230741
0.0077250
0.0106428
-0.0732953
-0.1384962
-0.1583722
-0.1638790
-0.0418475
0.1500347
0.2452091
0.2411387
0.0900206
-0.0340253
-0.1385565
-0.1486119
-0.0717351
-0.0606289
0.0152292
0.0141453
0.0040454
0.0106545
0.0049415
-0.0127077
0.0326234
0.0272223
0.0297359
0.0378685
-0.0091077
-0.0091061
-0.0130454
-0.0032583
-0.0248425
-0.0261781
-0.0014283
-0.0415516
-0.0051130
0.0033933
-0.0034967
0.0016667
-0.0153982
0.0225306
0.0031200
0.0069145
0.0034923
0.0108004
0.0011101
-0.0167467
0.0088430
0.0151165
-0.0071282
-0.0053174
-0.0130004
0.0172873
-0.0254453
-0.0047057
0.0080137
0.0108514
0.0013255
0.0277797
0.0240938
-0.0209917
0.0055788
-0.0196455
-0.0054194
0.0007805
-0.0212704
-0.0119880
0.0206424
-0.0012865
0.0175131
0.0177703
0.0216059
0.0096528
0.0078573
-0.0150886
-0.0079126
-0.0204904
0.0069336
0.0243636
0.0118933
0.0134737
-0.0249565
0.0035698
-0.0232537
-0.0034440
0.0023728
-0.0096584
-0.0137351
0.0088483
-0.0015380
-0.0184703
-0.0249047
0.0004439
0.0033852
-0.0273667
-0.0065801
0.0155233
-0.0081189
-0.0005982
0.0299142
0.0076536
-0.0177493
-0.0106764
-0.0059748
0.0162160
0.0028140
0.0009971
-0.0191766
-0.0020586
0.0126306
-0.0213335
-0.0071852
-0.0234819
0.0071912
0.0125553
-0.0245883
0.0047334
0.0225272
0.0282065
0.0089412
0.0256998
-0.0139828
0.0027413
0.0038443
-0.0214758
-0.0038807
0.0190988
-0.0068353
0.0015721
0.0011029
0.0123389
0.0026862
0.0087358
-0.0036702
-0.0005916
0.0031385
-0.0185163
-0.0157435
-0.0260401
0.0049194
0.0086583
0.0101598
-0.0041971
0.0111481
-0.0199223
-0.0136927
0.0133862
0.0083248
-0.0259441
-0.0062141
-0.0137926
0.0212147
0.0030445
0.0199331
0.0154557
0.0276196
0.0200679
-0.0013158
0.0053206
-0.0151777
-0.0295396
-0.0200114
-0.0329741
-0.0301860
0.0018843
0.0207383
0.0016280
0.0170045
-0.0072098
0.0032266
-0.0018288
-0.0186394
-0.0112149
0.0230924
-0.0155377
-0.0007248
0.0036075
-0.0354443
-0.0184198
-0.0193661
-0.0209570
0.0015584
-0.0013445
-0.0102300
-0.0011481
0.0217827
0.0294021
0.0526785
0.0410835
0.0348905
0.0163198
0.0165276
-0.0219953
-0.0209562
-0.1268851
-0.1766824
-0.1745151
-0.0587456
0.1080717
0.2669533
0.2568495
0.1645631
-0.0099015
-0.1470633
-0.1660618
-0.0925630
-0.0682632
-0.0269483
0.0100504
0.0393776
-0.0011352
0.0266436
0.0204829
0.0055267
0.0112050
0.0177097
0.0305603
0.0270680
-0.0058698
0.0144891
-0.0318046
-0.0396677
-0.0044277
-0.0316338
0.0028381
0.0135591
-0.0093768
-0.0010001
0.0198797
0.0175647
0.0170314
0.0222865
0.0188601
-0.0129719
0.0122698
-0.0156513
-0.0218947
-0.0271354
-0.0263289
-0.0146514
-0.0043087
-0.0041946
-0.0007818
-0.0033707
0.0044729
0.0129145
-0.0094447
0.0191390
-0.0088649
0.0164938
0.0226747
-0.0267958
0.0141877
-0.0149522
0.0061646
-0.0175047
0.0157178
0.0154474
-0.0019821
-0.0317671
-0.0090968
-0.0015649
0.0285813
0.0205551
0.0203775
0.0230164
-0.0096613
-0.0229659
-0.0006283
0.0145346
-0.0098093
-0.0186058
0.0003997
0.0181860
0.0020633
0.0059985
0.0274686
-0.0174193
-0.0141187
-0.0249167
0.0193542
0.0171665
0.0182568
0.0007468
-0.0202948
-0.0089760
-0.0042517
0.0024609
-0.0105728
0.0125954
-0.0221128
0.0023467
0.0023148
-0.0023909
0.0235889
-0.0111423
-0.0250550
-0.0315935
-0.0066315
-0.0125229
0.0257484
-0.0147316
-0.0197483
-0.0031271
0.0079213
0.0151771
0.0247331
-0.0063639
0.0130662
0.0291569
0.0210628
-0.0150702
-0.0338028
-0.0289852
-0.0263742
-0.0033448
-0.0083214
0.0109555
-0.0134467
0.0154752
-0.0067114
0.0079426
-0.0095590
-0.0248719
-0.0182483
-0.0139508
-0.0118636
0.0031253
0.0181382
0.0204593
0.0107922
0.0223045
0.0024338
-0.0308916
0.0147319
0.0222151
-0.0113240
0.0230655
-0.0143118
-0.0128932
-0.0191401
0.0022304
0.0105455
0.0215882
0.0096850
0.0179322
0.0014023
-0.0223975
0.0182902
-0.0023932
0.0103804
0.0052971
0.0190896
-0.0067251
0.0128448
-0.0270824
0.0077539
0.0032289
-0.0132635
-0.0014164
-0.0005562
-0.0066146
0.0176381
-0.0124675
0.0229148
0.0206505
0.0022926
-0.0167898
0.0154151
0.0026454
-0.0175219
-0.0384656
-0.0412163
0.0035517
0.0094420
-0.0147443
-0.0067192
0.0117099
0.0350618
0.0482252
0.0221476
0.0246441
0.0216675
-0.0082300
-0.0104036
-0.0679658
-0.1553812
-0.1787494
-0.1030716
0.0565256
0.2077240
0.2577093
0.1863227
0.0184427
-0.1029469
-0.1620242
-0.1416073
-0.0908185
0.0027287
0.0063713
0.0249520
0.0077380
0.0173942
-0.0067827
0.0108788
0.0207803
0.0200371
0.0227889
0.0375387
0.0180372
0.0163090
-0.0049651
-0.0269661
0.0018038
-0.0007897
-0.0448163
-0.0174713
0.0186697
0.0295429
0.0085292
0.0106131
-0.0092199
0.0180655
-0.0121522
-0.0041950
0.0165007
-0.0011354
-0.0025586
0.0188923
0.0048451
0.0061065
-0.0144671
-0.0022990
-0.0310155
0.0208207
0.0224861
0.0265119
0.0037798
0.0286021
0.0025953
0.0041065
0.0125021
0.0180514
-0.0263492
0.0104945
0.0197136
-0.0013377
0.0007376
0.0115421
0.0026229
-0.0073944
-0.0002473
0.0121639
0.0163457
-0.0018426
0.0087934
0.0261020
-0.0096371
0.0005147
0.0189970
-0.0053887
-0.0081904
-0.0045469
-0.0111340
0.0015590
-0.0346555
-0.0033343
-0.0016571
0.0335872
0.0132676
-0.0063983
-0.0018201
-0.0189116
0.0286282
-0.0136067
0.0178821
-0.0136170
0.0145462
0.0076138
0.0202545
-0.0071477
-0.0009381
0.0138587
0.0210588
-0.0194114
0.0273202
0.0172960
0.0150015
-0.0088317
-0.0106844
-0.0037330
-0.0105573
0.0190888
-0.0105590
0.0073803
-0.0171267
-0.0100559
-0.0220840
0.0175177
0.0245528
0.0186227
0.0189799
-0.0265850
-0.0282975
-0.0200672
-0.0308366
-0.0131478
0.0228496
0.0025537
0.0304915
-0.0133073
-0.0161153
-0.0095090
0.0138599
-0.0150050
-0.0218728
0.0199555
-0.0019196
0.0056416
0.0054920
-0.0147966
0.0005093
-0.0127398
0.0024044
-0.0108327
0.0173887
0.0215691
-0.0077305
0.0032014
-0.0153293
0.0086321
0.0191086
-0.0198897
-0.0206939
0.0060800
-0.0035240
0.0048728
0.0163605
-0.0221585
-0.0064218
0.0148617
-0.0187708
0.0267225
-0.0077835
-0.0058476
-0.0137031
0.0157421
0.0158736
0.0166177
-0.0238330
0.0070818
-0.0290700
-0.0104757
-0.0029427
-0.0253967
0.0029652
-0.0056362
0.0057571
0.0353553
0.0482370
0.0382563
0.0516095
-0.0024908
0.0377815
0.0186372
0.0355643
-0.0517458
-0.1227447
-0.1626962
-0.1433300
-0.0310089
0.1459964
0.2608710
0.2248105
0.0845903
-0.0774393
-0.1214850
-0.1090511
-0.0811924
-0.0134811
-0.0082414
0.0100218
0.0180576
0.0180443
0.0412296
0.0328714
0.0024849
-0.0020386
0.0046399
0.0193190
0.0095298
0.0038701
-0.0053113
-0.0275828
0.0006331
-0.0037843
0.0071957
-0.0067250
0.0110907
-0.0004136
0.0126896
-0.0095060
0.0129561
0.0221991
-0.0008242
-0.0131559
0.0252180
-0.0018748
0.0024397
0.0134528
0.0118520
-0.0074709
-0.0013668
-0.0245904
-0.0014924
-0.0199946
0.0116307
0.0243175
0.0003186
-0.0145548
0.0037169
0.0260562
-0.0051458
0.0219893
-0.0132847
0.0026965
-0.0203854
-0.0108189
0.0120295
-0.0082028
0.0055425
0.0021020
-0.0065117
0.0125967
-0.0044794
0.0193589
0.0108610
0.0227399
-0.0215448
0.0100560
-0.0216456
0.0192075
-0.0102123
0.0063020
-0.0180418
0.0028471
-0.0183177
0.0205826
-0.0089001
-0.0186177
0.0060011
0.0181851
0.0037466
0.0163442
-0.0182947
0.0064362
0.0159858
-0.0238325
-0.0282091
0.0110165
-0.0246629
0.0111091
0.0143476
0.0077540
-0.0004641
-0.0095919
-0.0025116
0.0231775
-0.0187581
0.0067525
0.0057899
-0.0146942
-0.0188667
-0.0122871
-0.0164748
-0.0044422
0.0013926
-0.0142949
0.0269437
0.0103427
-0.0097999
-0.0189634
0.0216262
-0.0260286
0.0100900
0.0062575
0.0087761
-0.0057408
0.0117394
0.0114375
-0.0243112
0.0200517
-0.0161339
-0.0095496
-0.0021892
-0.0045080
-0.0067636
-0.0090540
0.0220135
0.0053520
-0.0066465
0.0014369
-0.0262337
-0.0082520
0.0114113
-0.0067273
-0.0009386
0.0158135
-0.0102773
-0.0091172
0.0215063
0.0209502
-0.0003912
-0.0064055
0.0227156
0.0013638
-0.0129957
0.0088819
-0.0020998
0.0035003
-0.0091852
0.0104220
-0.0080313
0.0163708
-0.0150594
-0.0071037
0.0078563
0.0053141
0.0361575
0.0061468
-0.0010473
0.0144637
-0.0077032
-0.0029605
0.0132361
0.0168543
-0.0281581
0.0070278
-0.0014779
0.0100737
-0.0240018
-0.0154630
-0.0086276
0.0144636
0.0310543
0.0113921
0.0364775
0.0360011
0.0099123
0.0028525
0.0187435
0.0285507
-0.0011748
-0.0542062
-0.1290098
-0.1535730
-0.0942831
0.0542815
0.2198352
0.2163859
0.1631460
-0.0258829
-0.1134336
-0.1341245
-0.1075112
-0.0297539
-0.0121389
0.0148260
0.0483731
0.0495509
0.0288861
0.0118320
-0.0066916
0.0089662
-0.0111531
0.0062336
0.0048106
-0.0176756
0.0131907
-0.0021121
0.0208704
0.0078560
0.0166431
-0.0206625
-0.0009036
0.0216727
0.0148383
-0.0017071
0.0124187
0.0207801
-0.0034976
-0.0103462
0.0071972
0.0159336
-0.0238974
0.0183316
0.0154805
0.0050146
-0.0171690
0.0228765
-0.0134661
0.0265451
-0.0007251
-0.0196488
0.0134293
-0.0038940
0.0211985
0.0117187
0.0157769
-0.0179438
0.0184216
-0.0151324
-0.0122846
-0.0226054
-0.0257182
-0.0092356
-0.0124919
-0.0193084
-0.0204227
-0.0055824
-0.0193448
-0.0196842
0.0065002
-0.0026366
-0.0059222
-0.0202339
-0.0063497
0.0096310
-0.0016152
0.0141067
-0.0259518
-0.0255667
0.0123500
0.0192855
0.0310346
0.0233216
0.0082671
0.0032220
-0.0235996
0.0011996
-0.0029215
0.0099615
0.0171880
-0.0294947
-0.0223719
0.0009624
0.0092105
-0.0167985
-0.0200042
0.0219513
0.0121641
0.0137047
0.0016963
-0.0055727
-0.0106418
-0.0079067
-0.0178728
0.0025384
0.0149840
0.0138460
0.0097922
-0.0173224
-0.0111383
-0.0356347
0.0016012
0.0027466
0.0263138
0.0036475
-0.0036373
0.0159283
-0.0089141
0.0146386
-0.0227542
-0.0045261
0.0116511
-0.0124092
0.0120425
0.0077450
0.0062348
0.0181570
0.0036191
-0.0154384
-0.0186525
0.0029314
-0.0085883
-0.0075981
0.0254769
0.0213284
0.0031881
-0.0202083
0.0133364
-0.0160052
0.0203238
0.0032604
-0.0148760
0.0130371
-0.0067768
-0.0212874
0.0167981
-0.0153015
0.0220336
-0.0105286
0.0016817
0.0106330
-0.0215921
0.0048055
0.0105364
0.0028019
0.0065985
0.0151505
0.0037586
0.0158798
-0.0068209
0.0036943
0.0081804
0.0136262
0.0127858
0.0204241
0.0010845
0.0322010
0.0149371
-0.0060964
