-0.0139349
-0.0033447
0.0115916
-0.0036465
0.0227992
-0.0219994
-0.0023189
-0.0116377
-0.0056982
-0.0036643
0.0004759
-0.0133426
-0.0188174
-0.0088465
-0.0062800
0.0128154
0.0029770
0.0182777
0.0070495
-0.0184200
0.0172398
-0.0135976
-0.0012594
0.0146889
0.0312915
-0.0161876
-0.0253490
-0.0308121
0.0231121
0.0314509
0.0046446
0.0049168
-0.0039203
0.0041255
-0.0194992
-0.0140303
0.0317935
0.0154933
-0.0182955
-0.0010844
-0.0069498
0.0148754
0.0051121
-0.0149917
-0.0128802
-0.0000279
-0.0382083
-0.0092613
-0.0056037
0.0157931
0.0251233
0.0222742
0.0178952
-0.0152499
0.0152504
-0.0070971
0.0191301
-0.0287258
0.0147713
0.0017701
0.0220231
-0.0059818
-0.0050891
0.0215619
0.0206883
0.0006731
-0.0188988
-0.0051277
0.0028829
-0.0066424
0.0182335
0.0078304
0.0092878
-0.0003085
-0.0245969
-0.0272671
-0.0038897
-0.0164919
-0.0007288
0.0097201
0.0193891
-0.0009827
-0.0052692
-0.0070573
0.0055018
0.0054519
0.0031667
-0.0007273
-0.0047390
0.0079263
-0.0091633
-0.0159035
-0.0002755
-0.0168322
0.0087457
-0.0195705
0.0146813
-0.0095583
0.0194627
0.0111394
0.0180603
0.0249556
0.0194685
-0.0035885
0.0109554
-0.0360861
-0.0317295
-0.0375628
-0.0293299
0.0001533
-0.0089285
0.0185332
0.0371422
0.0083676
0.0299930
0.0094712
0.0240194
0.0331393
0.0207618
-0.0098490
-0.0381682
-0.0189150
-0.0653738
-0.1303823
-0.1042392
-0.0720309
0.0294554
0.1686750
0.2417215
0.1764871
0.0846928
-0.0881040
-0.1525756
-0.1549492
-0.1069998
-0.0528737
0.0191522
0.0142610
0.0500589
0.0536150
0.0303373
0.0342040
0.0133202
0.0145297
0.0247067
0.0148766
-0.0330217
-0.0413132
-0.0331684
-0.0255130
0.0070555
-0.0046213
-0.0280185
-0.0028525
-0.0149076
0.0298179
0.0284866
0.0075324
0.0171180
-0.0168345
-0.0025268
0.0164438
0.0049363
-0.0111208
-0.0400812
-0.0104080
0.0190095
-0.0178459
-0.0162695
0.0030812
-0.0160664
-0.0173076
0.0144250
0.0040557
0.0153193
-0.0306438
-0.0097912
-0.0063398
-0.0162446
0.0055430
0.0224393
0.0239145
0.0076125
0.0178945
-0.0165405
0.0121724
-0.0116027
-0.0083121
0.0046636
-0.0056072
0.0095299
-0.0090165
-0.0146322
0.0076471
0.0230616
-0.0067656
-0.0116378
-0.0292301
0.0065077
-0.0164049
0.0130241
0.0188142
0.0069611
0.0028287
-0.0170218
0.0000473
-0.0104985
-0.0021715
-0.0226953
-0.0178521
0.0081343
0.0174188
-0.0168625
0.0133086
0.0015311
0.0152951
0.0102391
0.0148530
-0.0025014
-0.0220622
-0.0088963
-0.0075306
-0.0199279
0.0179264
0.0297168
0.0082220
0.0106703
0.0261491
0.0064552
0.0209205
-0.0165991
-0.0301376
-0.0249410
0.0008487
0.0115884
-0.0139699
0.0473348
0.0379131
0.0079277
0.0107573
-0.0126456
-0.0092842
-0.0317405
-0.0014837
0.0151769
-0.0280749
-0.0167282
0.0289921
-0.0057727
0.0340983
-0.0080990
-0.0038988
-0.0015983
-0.0128789
-0.0011032
0.0271454
-0.0229199
-0.0204016
-0.0333351
-0.0233163
-0.0235572
-0.0118350
0.0191432
-0.0028382
0.0090691
-0.0050614
0.0192139
-0.0004581
-0.0171474
-0.0048237
0.0203355
-0.0032550
-0.0025494
-0.0006342
-0.0224292
-0.0052204
0.0112946
-0.0095646
-0.0213977
0.0125521
0.0164272
0.0155256
0.0157693
0.0125126
0.0314864
0.0015684
0.0144000
0.0174903
-0.0285676
-0.0032915
-0.0295350
-0.0322967
-0.0035999
-0.0203552
-0.0107936
-0.0028513
0.0105498
0.0359307
0.0167527
0.0252029
0.0408893
0.0190988
0.0277940
-0.0040086
-0.0191744
-0.0079330
-0.0580408
-0.1178780
-0.1236154
-0.0830960
-0.0073844
0.1641566
0.2319197
0.2004121
0.0589265
-0.0762540
-0.1538312
-0.1630792
-0.0937755
-0.0504302
-0.0109843
0.0224152
0.0746423
0.0544700
0.0486476
0.0310653
0.0037845
0.0226588
-0.0247184
-0.0080360
-0.0081990
-0.0146844
-0.0432627
-0.0236105
-0.0103508
-0.0003930
0.0337089
0.0368583
0.0073737
0.0023957
-0.0086764
-0.0204982
0.0186106
0.0136488
0.0092205
-0.0223623
0.0176060
-0.0035501
-0.0134296
0.0201132
0.0253056
-0.0209002
-0.0128481
0.0081808
-0.0264478
-0.0216661
0.0064347
0.0117410
0.0076724
0.0222497
-0.0150249
-0.0016095
0.0045308
0.0056204
0.0136674
0.0233055
0.0159598
0.0119286
0.0116130
-0.0029794
-0.0135858
0.0020326
0.0314411
0.0025822
0.0183881
-0.0154668
-0.0317622
-0.0007925
0.0230880
-0.0090620
0.0168795
0.0096391
-0.0084814
0.0221546
-0.0265015
0.0056232
-0.0087139
0.0241782
0.0087796
0.0062950
0.0185624
-0.0029581
0.0038515
0.0097864
-0.0219628
-0.0081456
-0.0231572
0.0075169
0.0025802
-0.0028939
-0.0042032
0.0191807
0.0131185
0.0206821
0.0192641
0.0192474
-0.0012930
-0.0289619
-0.0225281
-0.0246627
0.0034220
-0.0265979
-0.0370345
-0.0081533
0.0081479
-0.0044222
0.0269999
0.0222298
-0.0024376
0.0211431
-0.0110988
-0.0288038
-0.0035269
-0.0065795
-0.0092066
-0.0065212
0.0148367
-0.0066796
0.0133137
0.0054313
-0.0132124
-0.0157454
-0.0113330
-0.0140526
-0.0005021
0.0151266
0.0146188
-0.0270325
-0.0118330
0.0087103
-0.0192143
0.0203131
-0.0121414
-0.0076685
0.0144570
0.0187879
0.0179917
-0.0127203
0.0045591
0.0277726
0.0093582
-0.0152118
0.0167752
-0.0157256
-0.0011436
0.0300042
-0.0113834
0.0210603
-0.0113548
0.0102209
-0.0106420
-0.0045689
-0.0296318
-0.0101577
0.0212540
-0.0107834
0.0166676
-0.0090772
-0.0138889
-0.0278650
-0.0220759
0.0135929
0.0050322
-0.0190116
-0.0031099
0.0028515
0.0131121
-0.0325640
-0.0286588
-0.0008053
0.0021545
-0.0257395
-0.0219797
0.0370964
0.0484864
0.0444198
0.0432957
0.0475421
0.0114852
0.0164105
0.0248863
-0.0316992
-0.0500448
-0.1025329
-0.1321459
-0.1442406
-0.0395896
0.1628337
0.2412919
0.2336531
0.1154527
-0.0416347
-0.1659590
-0.1650936
-0.1072130
-0.0333171
0.0234666
0.0381319
0.0761421
0.0385126
0.0698501
0.0449156
0.0098842
-0.0030925
-0.0255604
-0.0324527
-0.0254955
-0.0013798
0.0155843
0.0279377
0.0001913
0.0085471
0.0222825
0.0171933
-0.0103663
0.0017324
0.0137244
-0.0050467
-0.0019120
-0.0115041
0.0004291
0.0284810
0.0219842
-0.0211269
0.0065555
-0.0181184
-0.0108510
-0.0174856
-0.0091582
0.0009784
-0.0258164
0.0158019
-0.0058188
-0.0037969
0.0180378
-0.0055501
-0.0048760
0.0138467
-0.0001093
-0.0140312
0.0014157
0.0148421
-0.0216271
0.0188441
0.0078073
0.0216041
0.0117079
-0.0127920
-0.0019256
-0.0033333
-0.0183702
-0.0236723
-0.0128570
0.0134205
0.0164881
0.0224482
-0.0234660
-0.0074311
-0.0178606
0.0044150
0.0023993
-0.0097375
-0.0189104
-0.0194607
-0.0064309
-0.0157232
0.0103226
-0.0065039
0.0146312
-0.0013936
0.0003723
-0.0166335
-0.0038652
0.0064741
0.0289122
0.0144334
-0.0134589
0.0007434
-0.0016346
0.0210732
-0.0174509
-0.0144790
-0.0192673
-0.0032108
-0.0059114
-0.0061852
-0.0123538
-0.0069158
-0.0115011
0.0157925
0.0235912
-0.0098121
-0.0007653
-0.0058445
-0.0021933
-0.0268098
0.0109583
-0.0064877
0.0117575
0.0101919
0.0209050
0.0158110
0.0048181
-0.0135699
0.0058973
-0.0217912
0.0179889
-0.0030136
0.0181058
-0.0122927
-0.0057362
-0.0147162
-0.0128154
0.0127643
0.0001313
-0.0106380
0.0145479
-0.0229551
-0.0135457
0.0193425
-0.0055616
-0.0262647
0.0187036
-0.0002428
-0.0022439
-0.0146817
-0.0202229
0.0049506
0.0281754
0.0328362
0.0026914
-0.0045287
-0.0020616
-0.0167148
0.0127933
0.0081892
-0.0291934
0.0067349
-0.0036971
-0.0032611
-0.0176686
-0.0177203
0.0107435
0.0112000
-0.0081919
0.0250501
-0.0213130
0.0081105
-0.0168696
-0.0213456
-0.0057413
-0.0334817
-0.0323274
-0.0102265
-0.0296760
-0.0092676
0.0125452
-0.0106242
0.0081551
0.0439641
0.0395789
0.0209528
0.0509611
-0.0082866
-0.0045444
0.0005415
-0.0557561
-0.0863480
-0.1229656
-0.1334887
-0.0922342
0.0874489
0.2373856
0.2491294
0.2024239
0.0177486
-0.1282808
-0.1651482
-0.1341368
-0.0731006
-0.0218115
-0.0216314
0.0455848
0.0642663
0.0541130
0.0662199
0.0374948
0.0533450
0.0133048
-0.0187474
-0.0318878
-0.0150868
-0.0081519
-0.0176410
-0.0088028
-0.0335429
0.0049143
-0.0203992
0.0024174
0.0071083
0.0269609
0.0125191
-0.0127969
-0.0139734
-0.0139722
0.0261837
-0.0182454
-0.0071056
0.0159991
0.0145723
0.0181664
0.0147673
0.0132378
-0.0218932
0.0167850
-0.0078994
-0.0158684
-0.0134781
0.0117545
-0.0045799
0.0226666
0.0232241
0.0105552
-0.0110015
-0.0078848
0.0056868
-0.0074370
0.0068310
-0.0078295
0.0197570
0.0124663
-0.0213059
-0.0032961
0.0003332
0.0082986
-0.0055115
0.0025438
0.0057986
0.0295970
0.0090448
-0.0210908
-0.0019309
0.0127312
-0.0053028
0.0045276
0.0026499
-0.0068703
-0.0142354
0.0081456
0.0258149
-0.0207089
-0.0200893
0.0120955
0.0205145
0.0184235
-0.0054513
-0.0114974
-0.0148234
0.0015418
-0.0179028
-0.0014430
0.0198614
0.0170206
0.0010712
0.0017863
-0.0110545
0.0173540
0.0349154
0.0374822
0.0190615
-0.0220442
-0.0239443
0.0024958
-0.0106293
-0.0203156
0.0150179
0.0143365
-0.0052171
-0.0143662
-0.0222752
0.0165503
0.0132500
-0.0044672
-0.0078018
0.0178842
0.0165255
0.0031239
-0.0166630
0.0098199
-0.0232801
-0.0047530
0.0052854
-0.0124917
0.0201703
-0.0103623
-0.0043518
-0.0149906
0.0137033
0.0119953
-0.0125117
0.0075758
0.0085620
0.0169372
-0.0199304
-0.0031208
-0.0042195
0.0246382
0.0169383
0.0214442
0.0008503
-0.0158452
-0.0103627
-0.0256507
0.0217349
0.0241047
-0.0075207
0.0093661
-0.0181623
0.0214607
0.0138524
0.0183658
-0.0098378
-0.0058940
-0.0224628
-0.0133504
0.0012878
-0.0057324
-0.0018142
-0.0162692
-0.0127609
0.0009659
0.0322269
0.0076063
-0.0013661
0.0302202
-0.0117222
0.0128391
0.0245248
-0.0258571
-0.0118688
-0.0158295
-0.0037081
-0.0134558
-0.0243543
0.0009524
-0.0045789
0.0138122
0.0154417
0.0189708
0.0076163
0.0207609
0.0513101
0.0095701
0.0233319
0.0045948
-0.0057068
-0.0383310
-0.1108014
-0.1328446
-0.1292859
-0.0340811
0.0884170
0.2247119
0.2269505
0.1456561
0.0066799
-0.1083307
-0.1628547
-0.1416947
-0.0609159
-0.0220952
-0.0037240
0.0296760
0.0541822
0.0531305
0.0194878
0.0215432
0.0037132
0.0261885
0.0134857
-0.0042712
0.0066050
-0.0065290
-0.0213952
-0.0057051
-0.0278758
-0.0013282
-0.0027709
0.0019759
0.0325313
0.0269174
-0.0006507
-0.0067663
0.0164608
-0.0041182
0.0182534
-0.0291004
0.0054778
-0.0252559
0.0070701
-0.0307998
0.0097886
-0.0330453
0.0161949
-0.0214139
-0.0084476
0.0019599
-0.0037086
0.0227420
0.0156361
0.0260808
-0.0143610
0.0111652
0.0146294
-0.0144073
-0.0253450
0.0097218
-0.0098097
-0.0071273
0.0135544
0.0179914
-0.0084489
0.0267836
0.0286934
0.0137055
-0.0032577
0.0138978
0.0246561
-0.0295149
-0.0212291
-0.0155140
-0.0033439
0.0052125
0.0156878
0.0058254
0.0271196
-0.0068570
0.0256054
-0.0137091
-0.0062824
0.0170361
0.0042768
0.0050073
-0.0096648
-0.0047102
-0.0001113
0.0217095
-0.0171344
0.0075398
-0.0203688
-0.0033657
-0.0150086
0.0009050
0.0283685
0.0262700
-0.0110108
0.0093857
0.0182297
0.0167399
-0.0233311
0.0181593
0.0075902
-0.0244513
-0.0319701
-0.0028591
-0.0180267
0.0165906
0.0085272
0.0390336
-0.0010778
0.0132095
0.0096567
0.0146321
-0.0284655
-0.0278382
-0.0165509
-0.0312748
-0.0156093
0.0155576
0.0082596
0.0397782
0.0357859
-0.0095821
-0.0061578
0.0219800
0.0003447
-0.0106186
-0.0107727
-0.0176117
0.0065554
0.0095210
-0.0004500
0.0305646
0.0033410
-0.0269403
0.0074725
-0.0082563
0.0149888
-0.0170824
0.0138990
0.0030071
0.0205555
0.0098060
-0.0084461
-0.0196571
-0.0126572
0.0133991
-0.0229941
0.0186457
0.0139254
0.0176477
-0.0064282
-0.0112601
0.0134612
-0.0181628
0.0037595
0.0077181
-0.0111252
-0.0209274
-0.0037007
-0.0008097
0.0262071
-0.0033429
0.0147461
0.0101147
-0.0085705
0.0149547
-0.0007540
0.0121996
-0.0101895
-0.0255078
-0.0147805
-0.0259501
-0.0356910
-0.0197531
-0.0167942
-0.0160386
0.0139657
0.0356847
0.0106211
0.0505872
0.0154588
0.0383744
0.0047501
0.0125127
-0.0042340
-0.0210465
-0.0279138
-0.1034775
-0.1184195
-0.1286528
-0.0353630
0.1057824
0.2519457
0.2168703
0.0848917
-0.0607970
-0.1323940
-0.1460447
-0.1285876
-0.0378959
0.0123868
0.0273695
0.0201689
0.0643389
0.0562893
0.0272795
0.0355360
0.0068986
-0.0158585
-0.0171659
-0.0260627
-0.0315416
-0.0051819
-0.0343488
-0.0228747
-0.0153716
0.0215212
-0.0023488
-0.0016640
0.0280698
0.0219399
0.0167298
-0.0065504
-0.0128035
0.0194213
-0.0178447
0.0035817
-0.0140044
-0.0096129
0.0156177
0.0098745
-0.0181454
-0.0173320
-0.0211237
-0.0232310
-0.0107472
0.0053862
0.0151901
0.0053830
-0.0197981
-0.0023032
0.0171855
0.0117125
-0.0047795
-0.0142336
-0.0078410
-0.0086233
0.0074011
0.0299943
0.0227597
0.0206177
0.0187847
-0.0247854
0.0083317
0.0185561
-0.0150744
-0.0193464
0.0039452
-0.0119165
-0.0181236
0.0192643
0.0205078
0.0172967
0.0164097
-0.0000862
-0.0070555
-0.0021132
0.0076781
0.0143739
0.0114336
-0.0160194
-0.0023096
-0.0098651
-0.0033166
-0.0006581
0.0114265
-0.0109985
-0.0004249
0.0211236
0.0066700
0.0104514
-0.0030730
0.0078440
-0.0098177
0.0189202
0.0148829
-0.0138428
0.0258310
-0.0179913
0.0111610
0.0155537
-0.0299745
-0.0034847
-0.0014493
-0.0266026
-0.0072847
-0.0005592
0.0313245
0.0139507
-0.0164660
-0.0293426
0.0036316
-0.0231606
0.0091400
0.0208911
0.0180737
0.0004774
0.0186145
0.0009696
-0.0175698
0.0181556
0.0299164
0.0036254
0.0295194
-0.0059133
-0.0075843
0.0043591
0.0144491
-0.0174636
0.0125357
-0.0193215
-0.0056124
-0.0206824
0.0109581
-0.0139579
-0.0067325
-0.0143850
0.0218196
0.0132773
-0.0072825
-0.0156687
0.0171383
0.0185078
-0.0206642
0.0043756
-0.0024571
-0.0169322
0.0243200
-0.0175943
-0.0020677
-0.0102997
0.0158464
-0.0082262
0.0127170
0.0176315
-0.0152055
0.0098631
0.0053738
-0.0129229
0.0129764
0.0026198
-0.0096414
-0.0072022
0.0048099
0.0182352
0.0204302
0.0012277
-0.0094286
-0.0088589
-0.0194145
-0.0293455
-0.0211104
-0.0077385
-0.0254306
-0.0145293
0.0245312
0.0169147
0.0492508
0.0375975
0.0278283
-0.0054259
-0.0106626
0.0064061
-0.0317315
-0.1296524
-0.1564260
-0.1096637
-0.0095696
0.1655793
