-0.0198954
-0.0227864
-0.0032782
0.0049784
-0.0073499
-0.0098695
-0.0043656
-0.0177049
-0.0006248
-0.0076123
0.0023299
-0.0065753
-0.0161968
-0.0242104
-0.0072362
0.0188168
0.0036846
0.0075946
-0.0127281
-0.0058365
0.0103570
-0.0086096
0.0097093
-0.0175925
0.0120022
0.0095345
0.0224593
-0.0080800
0.0066787
0.0018271
-0.0114884
0.0058986
0.0117928
-0.0188270
0.0098428
-0.0267924
-0.0284324
-0.0145940
-0.0130543
-0.0136737
0.0046997
-0.0050535
-0.0052729
0.0168763
0.0131620
0.0098232
0.0564267
0.0833297
0.0510367
-0.0317367
-0.1557415
-0.2062391
-0.1740302
-0.0179601
0.1121681
0.2028714
0.1604834
0.0747251
-0.0190484
-0.0472792
-0.0725203
-0.0579780
-0.0244298
-0.0463028
-0.0098891
0.0065501
0.0058800
0.0120738
0.0028774
0.0022605
0.0434534
0.0143703
0.0144471
0.0011507
-0.0023258
-0.0087705
-0.0201035
-0.0335537
-0.0170550
-0.0122830
-0.0198655
-0.0088128
0.0157932
0.0137685
0.0153275
0.0226523
-0.0084979
0.0010408
0.0194889
0.0142744
0.0005475
-0.0055892
-0.0166145
-0.0019787
-0.0126378
0.0043523
-0.0057450
-0.0016314
0.0026996
0.0099275
0.0089189
0.0109045
-0.0038936
-0.0048654
-0.0212731
0.0059806
0.0035711
0.0078029
-0.0034994
-0.0127953
0.0153479
0.0001704
0.0151403
0.0003596
0.0129582
0.0113006
-0.0107394
0.0202589
-0.0184279
-0.0101410
0.0153067
-0.0080964
-0.0149277
0.0079683
-0.0021026
0.0032018
-0.0168347
0.0120673
-0.0124697
-0.0088951
0.0172480
0.0191145
0.0128435
-0.0130434
-0.0087898
-0.0191015
-0.0114343
-0.0206665
-0.0059076
-0.0145618
-0.0000103
-0.0140389
0.0009078
-0.0312661
-0.0165988
0.0140044
0.0160445
0.0482336
0.0373892
0.0459015
0.0449002
0.0093073
0.0103184
-0.0544254
-0.0895402
-0.0915858
-0.1133689
-0.0460758
0.0375225
0.0835739
0.1409486
0.1463207
0.0543597
-0.0022177
-0.0572309
-0.0801974
-0.0509757
-0.0359010
-0.0548278
-0.0081323
-0.0068403
0.0214178
0.0169191
0.0455251
0.0230718
0.0397102
0.0291287
0.0235167
0.0198919
-0.0102309
0.0054481
0.0078784
0.0093941
-0.0227803
-0.0043714
-0.0299635
-0.0048792
0.0126912
-0.0105572
0.0246571
0.0206673
-0.0130495
-0.0044219
0.0016391
-0.0117719
-0.0010945
-0.0232766
-0.0210617
-0.0107324
0.0027731
-0.0108147
0.0022731
0.0075273
-0.0100077
0.0059293
0.0144519
-0.0160268
0.0107580
-0.0081073
0.0004819
0.0123121
-0.0042602
-0.0078010
0.0111004
-0.0067764
-0.0187854
-0.0078344
-0.0209176
-0.0072561
0.0037747
-0.0174676
0.0218601
-0.0137974
-0.0018242
0.0228911
-0.0062665
0.0098938
0.0021739
-0.0189487
-0.0199414
0.0080818
-0.0042560
-0.0104720
0.0004088
0.0168021
0.0129100
0.0048528
0.0156543
-0.0086060
-0.0129351
0.0164938
-0.0168133
-0.0054217
-0.0116067
-0.0221832
-0.0009514
0.0171018
-0.0181265
-0.0044195
0.0118761
0.0037612
0.0017090
0.0177129
0.0092662
-0.0175737
0.0094935
-0.0130971
-0.0062626
0.0122925
-0.0113738
0.0074818
0.0170249
0.0016105
0.0152895
0.0151491
-0.0165790
0.0195936
-0.0011554
-0.0049850
-0.0159052
-0.0034467
-0.0108599
0.0129762
0.0107849
-0.0098381
-0.0151605
-0.0112160
-0.0125591
0.0204340
-0.0031638
0.0125432
0.0004793
0.0191588
-0.0050465
0.0085677
-0.0092542
-0.0036495
-0.0056610
-0.0223773
-0.0013862
-0.0121121
-0.0006885
0.0266180
0.0030296
-0.0235070
-0.0025638
0.0019457
0.0074448
-0.0224866
0.0078033
-0.0219027
0.0049230
0.0219790
0.0077777
-0.0195887
0.0170351
0.0105737
0.0249611
0.0180159
0.0162056
-0.0110371
0.0109901
-0.0196888
0.0019624
-0.0076731
-0.0306534
-0.0317136
-0.0039399
-0.0126299
-0.0121009
0.0007768
0.0140731
0.0220282
0.0406539
0.0360383
0.0133897
0.0374102
0.0211472
0.0121771
-0.0367845
-0.0516668
-0.0622850
-0.0747707
-0.0489989
0.0087398
0.0312258
0.0754601
0.0766731
0.0819578
0.0250252
0.0073259
-0.0449412
-0.0414056
-0.0267381
-0.0273240
-0.0274646
-0.0103754
-0.0024420
0.0226759
0.0197800
0.0163960
0.0346840
0.0298499
0.0263248
0.0109843
-0.0034161
0.0060763
-0.0044595
-0.0096724
-0.0255753
-0.0240011
-0.0154829
0.0063551
0.0009016
0.0036838
-0.0225499
-0.0180523
0.0102453
0.0074393
-0.0084375
-0.0078577
0.0141567
0.0050605
0.0144728
0.0026351
0.0100201
-0.0189023
0.0161751
-0.0025198
-0.0031123
0.0140096
0.0211919
-0.0011928
-0.0037578
0.0203108
0.0151482
0.0062836
-0.0014822
0.0031583
0.0155336
-0.0081577
0.0119233
0.0120499
-0.0117195
0.0011925
0.0114938
0.0058681
-0.0139392
0.0208819
-0.0130411
0.0005296
-0.0125233
0.0061537
-0.0058797
-0.0114134
0.0150503
0.0162632
0.0087704
-0.0108288
-0.0048798
0.0200427
0.0033535
0.0107136
-0.0132100
0.0066018
-0.0047966
0.0197914
-0.0004078
-0.0064007
0.0168063
-0.0095993
0.0041892
-0.0195792
-0.0130928
-0.0220529
-0.0199252
-0.0193190
-0.0213118
0.0064977
-0.0080518
0.0028078
0.0027694
-0.0051346
0.0293482
0.0285550
0.0267448
0.0168258
-0.0118732
0.0135577
0.0078696
0.0069842
-0.0277738
-0.0194952
-0.0271881
-0.0314127
-0.0106672
0.0126887
0.0107706
0.0059960
0.0619696
0.0656852
0.0516683
0.0644476
0.0289812
-0.0280708
-0.0422060
-0.0626350
-0.1148784
-0.0974997
-0.0898851
-0.0348926
0.0652446
0.1277414
0.1638987
0.1418238
0.0768967
0.0145999
-0.0625397
-0.0951396
-0.1094240
-0.0633973
-0.0610298
-0.0281864
0.0057263
0.0218826
0.0484604
0.0442723
0.0342455
0.0289040
0.0027979
0.0004578
0.0066866
-0.0279311
-0.0108604
-0.0125546
-0.0241174
-0.0179379
-0.0043093
-0.0209072
-0.0049263
0.0241171
0.0109815
-0.0015028
0.0174120
-0.0094368
-0.0034209
-0.0049877
0.0169306
0.0142544
-0.0085990
0.0183476
0.0144197
-0.0147265
-0.0102151
-0.0283044
0.0075489
-0.0189227
0.0049430
-0.0099072
0.0214252
-0.0127445
0.0057852
0.0121146
-0.0156227
0.0179368
-0.0154446
-0.0166210
-0.0126711
-0.0057356
-0.0120078
0.0019782
-0.0195458
0.0054714
-0.0237315
-0.0182019
-0.0106680
-0.0118742
-0.0172139
0.0079655
0.0191396
-0.0120720
-0.0083612
0.0093154
0.0027591
0.0127948
-0.0097355
-0.0249614
-0.0189295
-0.0093700
0.0168806
0.0019221
0.0092830
0.0036430
-0.0143794
-0.0019345
-0.0209375
0.0093733
0.0149088
-0.0034896
0.0164694
0.0102896
-0.0047706
0.0072350
-0.0093496
0.0166414
0.0174695
-0.0068974
-0.0110774
-0.0072025
0.0124090
-0.0119770
-0.0162251
0.0064356
0.0007781
0.0142564
-0.0082611
-0.0004422
-0.0045683
-0.0058819
-0.0100811
-0.0175939
0.0192649
0.0001974
0.0077282
-0.0155086
-0.0023425
0.0040117
-0.0084205
-0.0223363
-0.0073278
0.0105239
-0.0041059
0.0037175
0.0098426
0.0051030
-0.0093237
0.0085992
0.0087774
-0.0014565
-0.0005729
0.0031397
0.0090798
0.0011753
-0.0195811
-0.0265926
-0.0360852
-0.0063973
-0.0063606
0.0132136
0.0212836
0.0425538
0.0433582
0.0343137
0.0117172
-0.0055136
-0.0174404
-0.0135943
-0.0592678
-0.0788003
-0.0886093
-0.0457195
-0.0039359
0.0890797
0.1263126
0.1194751
0.0509511
0.0047568
-0.0350333
-0.0737037
-0.0515453
-0.0218340
-0.0435373
-0.0207830
0.0010671
0.0140954
0.0092469
0.0092049
0.0207058
0.0083491
-0.0020868
0.0164898
0.0164008
0.0177256
-0.0033860
-0.0341170
-0.0132679
-0.0073340
0.0039505
0.0178308
0.0153971
0.0186609
0.0126411
-0.0111135
0.0071403
-0.0050429
0.0206505
-0.0058102
0.0135262
-0.0182430
-0.0090349
0.0130567
-0.0151413
0.0100427
-0.0201969
-0.0050728
0.0117614
0.0026148
-0.0210738
-0.0153852
0.0070462
-0.0139139
0.0007698
0.0047383
0.0053132
-0.0009332
-0.0165119
0.0031815
-0.0089078
-0.0099646
-0.0143142
-0.0111692
0.0136440
0.0109875
-0.0069186
-0.0146978
0.0021440
-0.0077502
0.0084424
-0.0051764
-0.0067868
-0.0070615
-0.0126771
0.0093803
0.0217759
0.0011170
0.0001759
0.0204034
-0.0111101
0.0027256
0.0191778
-0.0022015
0.0136958
-0.0193391
0.0023495
-0.0208806
-0.0143177
-0.0134072
-0.0105916
0.0012138
-0.0003831
-0.0075144
0.0178462
0.0235707
0.0139837
0.0187430
-0.0056675
-0.0190110
0.0032872
-0.0023103
0.0162181
-0.0211363
0.0074245
0.0084330
0.0066682
-0.0148891
0.0135904
-0.0074536
-0.0003437
-0.0010367
0.0144070
0.0164872
0.0222779
-0.0101532
0.0095493
0.0046328
-0.0183381
-0.0257268
-0.0019980
-0.0136713
-0.0170437
-0.0016262
-0.0102200
0.0215719
0.0093081
0.0095722
0.0206205
-0.0022660
0.0161965
0.0332420
0.0492327
0.0243609
0.0142033
-0.0540055
-0.1388619
-0.1628914
-0.0870925
0.0305888
0.1411936
0.1490972
0.1304844
0.0244237
-0.0174599
-0.0576768
-0.0592495
-0.0466112
-0.0549592
-0.0414061
-0.0278694
-0.0067012
-0.0043011
0.0136443
0.0184924
0.0067362
0.0343527
0.0225652
-0.0102001
0.0083129
-0.0176787
0.0154440
-0.0148218
0.0087143
-0.0287146
-0.0148847
-0.0259624
0.0079086
0.0176901
0.0049105
0.0190344
0.0119108
-0.0001033
-0.0081185
0.0137077
0.0287346
-0.0084441
-0.0019465
-0.0181506
-0.0170239
-0.0129497
-0.0128413
-0.0028435
0.0157111
0.0190931
-0.0122530
-0.0147029
-0.0088667
0.0107444
0.0137064
-0.0171486
0.0098318
-0.0030489
0.0236288
-0.0056499
-0.0137874
-0.0154281
-0.0150631
0.0016196
-0.0091667
-0.0170717
-0.0116528
-0.0139408
0.0186483
0.0211445
0.0110648
0.0110133
0.0083691
-0.0187845
-0.0224246
-0.0011206
-0.0107961
-0.0069128
-0.0089092
0.0132425
0.0079528
0.0060336
-0.0089333
0.0097129
0.0055608
0.0106076
0.0157284
0.0068089
-0.0113831
0.0148145
-0.0016483
-0.0224443
-0.0100422
0.0145054
0.0046783
0.0186941
0.0152663
-0.0055371
0.0093010
-0.0149925
0.0019422
-0.0095141
-0.0219155
0.0117652
-0.0163353
-0.0200909
-0.0213445
-0.0134560
0.0147957
-0.0093336
-0.0141781
0.0017300
0.0067817
-0.0181508
-0.0081320
-0.0089054
-0.0212984
-0.0016497
0.0138481
-0.0133164
0.0069653
-0.0144021
-0.0207293
-0.0202628
-0.0071355
-0.0158045
-0.0053361
-0.0155402
-0.0074385
0.0057397
-0.0097353
-0.0069082
-0.0173489
-0.0204013
-0.0092924
-0.0100003
0.0047243
0.0061730
-0.0113163
0.0119724
0.0058741
0.0028856
0.0162937
-0.0092401
0.0111661
-0.0021151
0.0035205
0.0240884
-0.0165942
0.0158950
0.0011020
0.0096460
-0.0150689
-0.0117540
0.0069524
-0.0207266
-0.0156333
0.0041058
-0.0169091
-0.0102941
-0.0034020
0.0048787
-0.0176870
0.0047991
-0.0000719
0.0135846
0.0088706
0.0136613
0.0249469
-0.0018008
-0.0012577
0.0017072
0.0032009
-0.0154452
0.0088482
0.0070286
-0.0054715
-0.0126957
0.0125670
-0.0052479
0.0028676
-0.0133101
-0.0144874
0.0161885
0.0103215
-0.0115573
0.0181451
0.0106526
0.0034379
-0.0078688
0.0080246
0.0004028
-0.0151956
0.0004116
-0.0133222
-0.0246418
-0.0103921
0.0211266
0.0028046
0.0152743
-0.0090693
0.0198203
-0.0086951
0.0126922
0.0192983
0.0144163
-0.0059628
0.0051950
-0.0047215
-0.0239609
-0.0179393
-0.0346257
-0.0167842
-0.0155621
-0.0000796
0.0054774
0.0241006
0.0507837
0.0135287
0.0246147
0.0084267
0.0176623
0.0020705
-0.0362606
-0.0466383
-0.0648839
-0.0977281
-0.0845957
-0.0264003
0.0453841
0.0819820
0.1193056
0.0600650
0.0507375
0.0030478
-0.0350171
-0.0490517
-0.0639294
-0.0522809
-0.0379153
-0.0197371
0.0092669
0.0214857
0.0015258
0.0034637
-0.0004746
0.0083135
0.0164272
-0.0088434
0.0173707
-0.0134802
0.0005836
-0.0005234
-0.0048681
-0.0136799
-0.0064307
-0.0278532
0.0068503
0.0263122
0.0070316
0.0133337
-0.0124732
0.0026089
-0.0147806
0.0025930
0.0021255
0.0129808
-0.0179685
-0.0043305
-0.0027380
-0.0132311
0.0168970
-0.0061033
0.0119484
0.0072994
0.0107607
-0.0065251
0.0207045
0.0157583
-0.0007735
0.0097386
-0.0092992
0.0169918
-0.0064183
0.0079620
0.0146764
0.0137637
-0.0086144
-0.0141005
-0.0238334
0.0055976
-0.0014185
-0.0134531
0.0226600
0.0152165
0.0040213
-0.0162163
-0.0141303
-0.0172415
-0.0082209
0.0095396
-0.0046488
-0.0041350
-0.0072363
-0.0183122
-0.0065768
-0.0013500
-0.0021612
-0.0167072
0.0187862
-0.0184441
0.0075949
-0.0258115
0.0095988
-0.0090391
0.0096074
0.0225173
0.0013770
0.0015821
-0.0221813
0.0027021
0.0133825
0.0061214
-0.0049972
-0.0137887
0.0004205
0.0046351
0.0129212
0.0046249
0.0103994
0.0045351
0.0040536
0.0019210
-0.0027819
0.0084270
-0.0072295
-0.0146229
0.0158446
-0.0201032
-0.0215385
-0.0294192
0.0019315
0.0033900
0.0033275
0.0122382
-0.0099537
0.0078688
-0.0181043
-0.0240166
0.0192488
0.0244725
0.0355074
0.0654270
0.0700381
0.0356482
-0.0413051
-0.1556685
-0.1886021
-0.1371531
0.0212120
0.1379721
0.1849981
0.1253432
0.0546164
-0.0364773
-0.0243512
-0.0483437
-0.0550950
-0.0385922
-0.0457862
-0.0073586
0.0120733
-0.0077236
0.0054743
0.0242384
0.0255408
0.0390646
0.0422442
0.0278105
-0.0033406
-0.0232629
-0.0210747
-0.0205701
-0.0301160
-0.0201309
-0.0138871
-0.0285232
0.0024321
0.0177501
-0.0108909
0.0112809
-0.0111637
0.0121784
0.0076053
-0.0069282
-0.0150737
0.0019545
-0.0133936
0.0087804
-0.0299253
-0.0064757
-0.0116220
0.0231363
-0.0148165
-0.0098632
-0.0247000
-0.0171529
0.0056339
-0.0066846
0.0112123
0.0052063
0.0112218
-0.0212841
-0.0062227
0.0002653
0.0241519
0.0019787
-0.0191793
-0.0117410
-0.0060592
0.0027857
-0.0023902
-0.0010817
-0.0053761
0.0177543
-0.0040693
0.0188297
0.0125719
0.0033934
-0.0038712
-0.0087229
-0.0107892
-0.0009711
-0.0189561
-0.0061323
-0.0003196
-0.0053004
0.0063175
0.0151931
0.0048014
0.0159240
-0.0022739
-0.0050988
0.0095676
-0.0143160
0.0026735
-0.0086928
0.0199980
-0.0185555
-0.0151534
0.0164163
0.0028092
0.0000801
0.0132112
0.0041041
0.0011605
-0.0150251
0.0143684
0.0099515
0.0217026
-0.0022061
0.0138207
-0.0264005
-0.0130174
-0.0012858
-0.0152688
0.0149553
0.0119187
0.0036310
0.0153917
0.0125370
-0.0252933
0.0028346
-0.0131524
-0.0156951
0.0110167
0.0046017
-0.0145982
0.0109419
0.0010059
0.0013256
0.0040398
-0.0127152
-0.0206966
-0.0001773
-0.0047440
-0.0152831
0.0120664
-0.0106589
0.0025916
-0.0138656
-0.0065929
-0.0083169
-0.0097181
0.0086282
-0.0136081
0.0123246
-0.0037125
-0.0230718
0.0026528
-0.0089610
0.0030011
0.0045859
0.0027356
-0.0209057
-0.0056157
0.0011640
0.0159049
