0.0028015
-0.0043677
-0.0112159
-0.0032139
-0.0043572
0.0014638
-0.0057171
-0.0094430
0.0070041
0.0175081
0.0024526
-0.0144216
-0.0186517
-0.0053026
0.0017195
0.0126633
0.0052171
0.0186108
-0.0078583
-0.0103199
-0.0138314
0.0077978
-0.0144694
-0.0035592
0.0233215
-0.0060182
0.0163089
0.0119695
-0.0179234
-0.0194322
0.0145587
-0.0072095
-0.0186128
-0.0028801
0.0023309
-0.0089354
-0.0060543
0.0040086
-0.0057501
0.0149356
-0.0179094
-0.0115575
0.0043268
0.0105087
0.0183902
0.0087657
-0.0043233
-0.0211459
-0.0103203
0.0153774
0.0129978
0.0130129
-0.0117842
0.0044388
-0.0044976
-0.0067626
-0.0069785
-0.0053541
0.0106324
0.0100659
0.0066453
-0.0139729
-0.0019218
-0.0016556
-0.0004817
-0.0007697
0.0039334
-0.0032094
-0.0059543
-0.0145428
-0.0020498
0.0117366
-0.0022373
0.0030519
0.0058536
-0.0039384
0.0058349
-0.0100471
-0.0069307
0.0054123
-0.0173287
0.0067438
0.0100093
-0.0093628
-0.0136954
-0.0133605
-0.0099604
-0.0098061
0.0086443
0.0025332
-0.0016646
-0.0208973
0.0051884
0.0001323
0.0096690
-0.0064680
0.0164649
-0.0078306
0.0015629
0.0020273
0.0021488
0.0098544
0.0036482
-0.0084851
-0.0023926
-0.0033459
0.0020766
0.0154861
0.0201258
0.0021481
0.0152832
-0.0145162
-0.0099121
-0.0207753
0.0011866
-0.0172906
-0.0075483
-0.0133945
0.0113451
0.0109213
-0.0154466
0.0119515
-0.0048602
-0.0067138
-0.0049269
-0.0046783
0.0128361
0.0083316
0.0030999
-0.0001680
-0.0136146
0.0001316
0.0199790
0.0112236
0.0011883
0.0112172
-0.0157098
-0.0014209
-0.0100338
0.0149614
0.0117694
0.0052405
0.0121725
-0.0024607
0.0111057
0.0040568
0.0070087
-0.0186967
-0.0160550
-0.0113536
0.0079065
0.0008739
0.0173100
-0.0026581
-0.0094354
-0.0127274
0.0053194
-0.0059720
0.0120145
0.0053897
-0.0108694
-0.0058242
0.0000462
-0.0189297
0.0010183
0.0035717
0.0053578
-0.0082376
-0.0097149
-0.0154210
-0.0162008
-0.0067565
0.0119681
0.0115618
0.0106198
-0.0036311
0.0147409
-0.0159817
-0.0091313
0.0090737
-0.0165234
-0.0119543
-0.0170636
-0.0183643
-0.0240636
-0.0211233
0.0117874
0.0254505
0.0320193
0.0116111
0.0192680
0.0272755
0.0254047
-0.0178419
-0.0258840
-0.0420843
-0.0445330
-0.0831402
-0.0772968
-0.0334719
0.0604676
0.1641527
0.1834913
0.1049979
-0.0243643
-0.1110273
-0.1439759
-0.0738550
-0.0097699
-0.0042630
0.0180403
0.0220175
0.0202379
0.0171424
0.0313225
0.0277409
0.0074445
0.0018522
0.0213203
-0.0178243
-0.0078960
-0.0051827
-0.0165878
0.0031507
-0.0084713
0.0119852
0.0038275
0.0272942
0.0012303
0.0162326
0.0067716
0.0193331
0.0118566
0.0086220
-0.0073860
0.0000830
-0.0136150
0.0135612
-0.0024594
-0.0095270
-0.0228559
-0.0180709
0.0028381
0.0048845
0.0047899
0.0001678
-0.0001693
-0.0047297
0.0101539
0.0214992
0.0014134
0.0110756
-0.0198919
-0.0113213
-0.0008723
0.0041183
-0.0105227
-0.0026620
0.0160198
0.0072360
0.0100175
-0.0128508
0.0100893
0.0140285
0.0029969
0.0168349
-0.0196294
-0.0225344
-0.0121571
-0.0139717
0.0103254
0.0204859
-0.0045585
-0.0049196
-0.0026047
0.0064996
0.0013361
-0.0039411
0.0091108
0.0225590
0.0029391
0.0103812
-0.0063548
0.0045698
-0.0232864
-0.0090669
-0.0087581
0.0174959
0.0221371
-0.0028994
0.0087221
-0.0079738
0.0154732
0.0135934
0.0118875
-0.0118585
0.0057028
0.0140015
-0.0092435
-0.0126974
-0.0111661
0.0004746
-0.0173469
-0.0201068
-0.0099611
0.0076774
0.0070510
0.0147330
-0.0158115
-0.0052627
-0.0071727
0.0091824
-0.0155162
-0.0256912
-0.0259547
0.0132280
0.0062042
0.0172630
0.0025326
-0.0138332
-0.0153024
0.0008752
-0.0153130
-0.0107024
-0.0159742
-0.0037983
0.0055655
0.0093911
0.0072053
-0.0232558
-0.0122335
-0.0019953
0.0074250
-0.0068872
-0.0117932
0.0116914
0.0062773
0.0011183
0.0117937
0.0002205
0.0092149
-0.0126995
0.0129064
-0.0121646
0.0148609
-0.0022361
-0.0085398
-0.0088787
-0.0003208
0.0024710
0.0164741
0.0042496
0.0049189
0.0045465
-0.0017004
-0.0007790
0.0057788
0.0048131
-0.0081510
0.0135521
-0.0217333
-0.0190680
0.0053525
0.0177168
-0.0145452
0.0110597
0.0195782
0.0054368
0.0058312
-0.0020903
-0.0187385
-0.0185671
-0.0148578
-0.0010269
0.0008191
0.0016696
-0.0099874
0.0108551
-0.0164000
-0.0028853
-0.0032747
-0.0102006
0.0177769
0.0078245
0.0147358
0.0084285
-0.0092003
0.0102940
0.0109203
-0.0175750
-0.0139412
0.0072322
-0.0083378
0.0070491
0.0041778
0.0025077
0.0155071
0.0076379
0.0135188
-0.0051247
-0.0070866
-0.0104870
0.0012290
-0.0112129
-0.0051699
-0.0010366
-0.0115561
-0.0010537
-0.0185413
-0.0019678
-0.0117874
-0.0203025
0.0132828
-0.0105654
0.0075621
0.0148460
0.0107443
-0.0136969
0.0167399
-0.0122988
0.0095766
0.0114196
-0.0033383
-0.0158255
-0.0208631
0.0093038
0.0018882
0.0006129
-0.0077811
-0.0182637
-0.0131487
0.0163732
0.0043297
0.0221507
0.0238433
0.0178061
0.0360762
0.0063118
-0.0054105
-0.0332769
-0.0422799
-0.0630030
-0.0745212
-0.0724776
-0.0311215
0.0770170
0.1831408
0.1794784
0.0920341
-0.0514848
-0.1347305
-0.1143347
-0.0778428
-0.0244073
0.0168383
0.0153822
0.0129304
0.0384826
0.0093287
0.0102077
0.0261292
0.0189460
0.0028009
0.0004682
0.0027336
-0.0002802
-0.0301425
-0.0017107
-0.0126511
-0.0101671
-0.0039812
0.0190711
0.0137507
0.0021683
0.0146405
-0.0052536
-0.0073501
-0.0083319
0.0037016
-0.0117385
-0.0034383
-0.0049284
-0.0011201
0.0051059
0.0019274
-0.0176189
-0.0000370
-0.0029697
0.0102816
0.0006456
-0.0127160
-0.0147990
0.0213629
0.0039812
0.0190076
-0.0074904
-0.0101379
-0.0075922
0.0210553
0.0056961
0.0141026
0.0079700
0.0067243
-0.0022077
0.0121223
0.0011985
-0.0030494
-0.0025261
-0.0172910
-0.0039901
-0.0015586
-0.0097683
0.0115558
-0.0093736
-0.0037213
-0.0132284
-0.0070511
-0.0004920
-0.0100270
0.0054745
0.0125428
0.0017451
-0.0146662
0.0048805
-0.0122002
-0.0202975
-0.0138245
0.0006011
0.0058827
-0.0083812
-0.0081325
0.0187389
0.0006533
-0.0045314
0.0069367
-0.0052523
-0.0092852
0.0140133
-0.0135421
-0.0039767
0.0096372
-0.0022113
0.0005597
-0.0077976
0.0194406
0.0017072
0.0000542
0.0158651
-0.0141080
0.0023980
-0.0006573
0.0077326
-0.0093129
-0.0028668
0.0205974
0.0157445
-0.0083609
0.0026500
0.0111044
0.0054384
-0.0121127
0.0041964
0.0103736
0.0079424
0.0031996
0.0062770
-0.0031440
-0.0047090
0.0199175
-0.0152074
0.0004929
0.0144369
0.0071096
0.0119941
0.0135114
0.0213712
0.0011397
0.0047337
0.0083251
-0.0168378
-0.0120515
-0.0125266
-0.0168098
-0.0035081
-0.0171424
0.0115696
0.0010233
0.0231222
0.0192099
0.0003150
-0.0141954
-0.0074978
0.0042843
0.0012706
-0.0193315
-0.0188302
-0.0065979
0.0013476
-0.0054806
0.0037193
0.0074502
-0.0075076
-0.0172963
-0.0031691
0.0062512
-0.0125138
0.0074186
-0.0165416
-0.0083040
0.0149476
-0.0025575
-0.0181355
-0.0006937
-0.0071119
-0.0113776
-0.0081535
-0.0017663
0.0138339
-0.0073125
0.0071417
-0.0002729
-0.0039044
0.0150094
-0.0180505
0.0009905
0.0086209
0.0208136
-0.0078454
-0.0028798
-0.0178694
-0.0015599
-0.0087244
-0.0010858
0.0015058
-0.0111292
-0.0056896
-0.0000152
0.0001453
-0.0001113
-0.0072404
-0.0226880
0.0109107
0.0123115
-0.0055961
0.0151361
-0.0011252
0.0084449
0.0189892
0.0028832
-0.0150735
-0.0014724
-0.0145036
-0.0207316
-0.0078921
-0.0137316
0.0009444
-0.0004121
0.0100296
0.0068763
-0.0029859
0.0112225
-0.0035698
0.0035627
0.0185049
0.0056891
0.0124427
0.0038945
0.0005296
0.0006924
0.0075485
-0.0085187
0.0090523
-0.0241755
-0.0227656
-0.0083123
-0.0014348
0.0130191
0.0212981
0.0123800
0.0176116
0.0131668
0.0173433
0.0113768
0.0109655
0.0056050
-0.0173924
-0.0185832
-0.0579216
-0.0630549
-0.0766096
-0.0295667
0.0609287
0.1390872
0.1387220
0.0644242
-0.0413340
-0.1159580
-0.1083118
-0.0412659
-0.0047268
0.0269131
0.0066241
0.0269135
0.0233248
0.0339976
0.0037031
0.0208369
0.0002403
-0.0170353
-0.0214865
0.0055836
-0.0137018
-0.0130592
-0.0067752
-0.0111512
-0.0129593
-0.0102450
0.0150397
0.0067940
0.0032490
0.0135842
0.0118718
0.0011278
-0.0184681
-0.0026443
-0.0119884
-0.0009177
-0.0079394
-0.0035807
0.0014446
-0.0022792
0.0014004
-0.0044085
-0.0050246
0.0082399
0.0206255
0.0150269
-0.0028280
-0.0040376
-0.0134826
-0.0228316
-0.0067453
-0.0082419
-0.0103112
0.0028665
0.0035981
0.0162035
-0.0053150
-0.0072010
0.0051826
-0.0210804
-0.0000126
-0.0011040
-0.0036602
-0.0000782
-0.0147175
0.0074688
-0.0159124
0.0056050
0.0180572
0.0106791
-0.0151404
0.0088178
-0.0030795
0.0012351
-0.0164496
0.0100471
-0.0147336
0.0008994
-0.0012366
0.0152328
0.0064174
0.0195660
-0.0032883
-0.0015884
-0.0144198
-0.0151873
0.0108921
0.0133866
-0.0022045
0.0097823
-0.0168292
0.0132399
-0.0133955
0.0141435
0.0092423
-0.0068974
-0.0082832
-0.0057516
0.0131041
0.0086963
0.0189790
-0.0122251
0.0069673
0.0022755
-0.0002602
0.0079639
-0.0106779
0.0192693
-0.0120952
0.0157422
-0.0031853
0.0056629
-0.0012639
0.0088016
0.0013157
0.0064621
0.0040477
-0.0195268
-0.0164898
0.0137385
0.0049664
0.0007671
-0.0123091
0.0013662
0.0017929
-0.0075800
-0.0058653
0.0085525
-0.0027190
-0.0057456
-0.0095843
-0.0039153
-0.0098311
0.0147259
-0.0133506
0.0111764
-0.0106042
-0.0037336
0.0051592
-0.0074617
-0.0186477
0.0008412
-0.0013166
0.0121101
0.0190189
0.0013145
-0.0114930
-0.0210220
-0.0300722
-0.0223467
0.0117797
0.0170598
-0.0023343
0.0095536
0.0058967
0.0146617
0.0039521
0.0125049
0.0053798
-0.0110515
-0.0160735
0.0077815
-0.0098642
-0.0102799
0.0071527
-0.0052949
-0.0136016
0.0164342
-0.0092531
0.0130718
-0.0094499
-0.0107040
-0.0116773
-0.0093369
-0.0015239
0.0100702
-0.0095120
-0.0085615
-0.0053413
-0.0025524
-0.0143954
-0.0106645
0.0164355
0.0035253
-0.0047926
-0.0156250
0.0059000
-0.0084765
-0.0060119
0.0237334
0.0028995
0.0119624
0.0083862
0.0062904
0.0110230
0.0007214
0.0020410
-0.0175243
-0.0029349
0.0014139
0.0139658
0.0000911
0.0170245
0.0139790
-0.0167819
0.0007019
-0.0152617
0.0048209
-0.0088474
-0.0008802
-0.0076365
-0.0127590
0.0101686
0.0085488
0.0083658
-0.0010784
0.0014644
-0.0046624
-0.0034298
0.0139270
0.0183658
0.0190567
-0.0077598
0.0176163
0.0087345
0.0044726
-0.0006728
0.0129892
-0.0101863
-0.0084206
0.0004226
-0.0110382
-0.0072718
0.0005177
0.0194042
0.0299889
0.0106477
0.0226105
0.0109488
0.0153771
0.0144276
-0.0051853
-0.0277495
-0.0158270
-0.0249922
-0.0474761
-0.0507551
-0.0776277
-0.0352878
0.0435681
0.1644187
0.1832826
0.1218189
0.0004675
-0.1269683
-0.1359997
-0.0946884
-0.0047328
0.0062744
0.0185717
0.0061635
0.0374027
0.0479030
0.0214119
0.0058574
-0.0032850
-0.0079792
0.0076147
0.0090998
-0.0087367
-0.0097790
-0.0260804
0.0124961
-0.0019754
-0.0051839
0.0129900
0.0094206
-0.0025195
-0.0115198
0.0109290
0.0082353
-0.0121404
-0.0190493
0.0044941
-0.0041694
-0.0105705
0.0135312
-0.0153461
0.0086828
-0.0058596
-0.0058145
0.0024103
0.0022034
-0.0131007
0.0024766
0.0068545
-0.0189336
-0.0073560
-0.0168964
0.0225445
0.0110847
-0.0010268
-0.0196855
0.0070518
-0.0100667
0.0067583
-0.0125424
-0.0108735
0.0157328
-0.0080501
-0.0109120
-0.0121253
-0.0088770
-0.0148064
0.0089391
0.0253753
-0.0046362
0.0047431
0.0167653
-0.0147399
-0.0169276
0.0084121
-0.0211793
-0.0042629
-0.0171739
0.0139282
0.0124427
-0.0122129
0.0076247
-0.0162467
0.0101967
-0.0123736
-0.0123156
-0.0001868
0.0121001
0.0045466
-0.0101655
0.0097436
-0.0164064
-0.0088298
0.0082716
-0.0195505
0.0076563
-0.0009088
0.0137108
0.0170559
-0.0034823
0.0054808
0.0144316
0.0136022
0.0092514
0.0072733
-0.0178888
0.0122229
0.0060604
-0.0069318
-0.0141762
0.0004161
-0.0182727
-0.0073877
-0.0058840
0.0032734
0.0177687
0.0071361
0.0054861
0.0034710
0.0206860
0.0159494
-0.0030685
-0.0156291
-0.0099044
0.0076717
-0.0086764
0.0059525
0.0206971
-0.0033456
0.0212049
0.0057001
0.0120399
0.0103058
-0.0028043
-0.0080050
-0.0031255
-0.0122383
0.0210860
0.0215797
0.0076441
-0.0116963
0.0008593
-0.0012721
0.0005647
-0.0155729
-0.0052003
-0.0100117
-0.0111126
-0.0037010
-0.0210028
-0.0204991
0.0143474
0.0253511
-0.0114883
0.0099853
0.0040219
0.0065222
0.0048227
0.0015991
0.0035762
-0.0099753
-0.0180367
-0.0202869
0.0033287
0.0113540
-0.0074198
-0.0098440
0.0116873
-0.0251983
-0.0038864
0.0144855
0.0152572
-0.0055689
-0.0034931
-0.0154880
-0.0052079
0.0055731
-0.0097684
-0.0020501
-0.0023516
0.0048678
-0.0196377
-0.0030614
-0.0052193
0.0054373
-0.0054422
0.0097581
-0.0035752
0.0137266
0.0130049
0.0036541
-0.0154601
-0.0094833
-0.0236503
-0.0045768
0.0155433
0.0008431
0.0075993
-0.0129750
-0.0061153
0.0036056
0.0072074
0.0093423
-0.0047519
0.0161724
0.0048671
0.0155295
0.0231709
0.0142217
-0.0049707
-0.0160471
-0.0235604
-0.0028527
-0.0185245
-0.0012934
-0.0018946
0.0127274
0.0095687
0.0022266
-0.0132093
-0.0015595
-0.0000886
-0.0131990
0.0108338
-0.0064589
-0.0008974
0.0126366
0.0090935
-0.0222872
-0.0167922
-0.0278640
-0.0003842
-0.0111524
-0.0124301
-0.0069031
-0.0081150
0.0079104
0.0099539
0.0221035
0.0285356
0.0194849
0.0320033
0.0042057
-0.0312491
-0.0300834
-0.0303747
-0.0475521
-0.0587940
-0.0544561
0.0146362
0.0860066
0.1506671
0.1420872
0.0233633
-0.0782179
-0.1421601
-0.0970634
-0.0288379
-0.0093286
0.0258863
0.0152701
0.0303176
0.0351937
0.0230786
0.0117282
0.0117852
-0.0119155
0.0086988
-0.0023986
-0.0172989
-0.0116341
-0.0066622
0.0059343
-0.0267545
-0.0062388
-0.0146707
0.0178370
-0.0042158
0.0168443
0.0042519
0.0012249
-0.0178867
-0.0100416
0.0031349
-0.0063200
-0.0145000
-0.0101163
0.0115090
-0.0030110
-0.0059130
0.0033472
0.0099636
0.0119176
-0.0107531
-0.0057545
0.0103496
-0.0031763
-0.0092159
0.0087847
-0.0125739
-0.0172850
0.0044438
0.0184833
-0.0039427
0.0104078
0.0126244
0.0098435
0.0155451
0.0176039
0.0000084
-0.0019214
-0.0103295
