0.0147382
-0.0035086
0.0182816
0.0120402
0.0097363
0.0216247
-0.0129654
0.0208254
-0.0144076
0.0135833
-0.0043360
0.0033511
-0.0041609
-0.0236297
-0.0131934
0.0013362
0.0070601
0.0208379
-0.0061947
0.0242973
0.0230882
0.0048830
0.0053919
0.0155341
0.0065829
-0.0131428
-0.0256192
-0.0058028
-0.0147112
-0.0055041
0.0107416
-0.0138709
-0.0067391
0.0135228
-0.0033919
0.0179342
0.0082056
-0.0199001
0.0011702
-0.0167715
-0.0146249
0.0170224
0.0256896
0.0144557
0.0059907
-0.0234825
-0.0010716
-0.0143645
-0.0027774
-0.0052565
0.0072499
0.0061156
0.0048755
-0.0212001
-0.0088453
0.0100458
-0.0110783
-0.0013432
0.0044596
-0.0136694
-0.0041687
0.0116029
-0.0012147
-0.0129018
-0.0232667
0.0066972
-0.0087228
-0.0147076
0.0056915
-0.0059399
-0.0035388
0.0047890
0.0034400
-0.0066769
0.0174211
0.0133094
-0.0142847
-0.0220458
-0.0138896
0.0191536
-0.0142789
0.0022863
-0.0170216
-0.0036149
-0.0019968
0.0095213
-0.0000390
0.0236805
-0.0187259
-0.0203710
-0.0217773
-0.0122302
-0.0146160
0.0270233
-0.0090539
0.0148264
-0.0169823
-0.0144567
-0.0022746
0.0064991
-0.0153204
0.0180221
-0.0014021
0.0095632
0.0255693
0.0064336
-0.0060054
-0.0068945
0.0107362
-0.0119399
0.0098819
-0.0260954
-0.0288108
-0.0179206
-0.0023582
-0.0047938
-0.0071209
-0.0099740
-0.0070587
0.0147420
0.0122377
0.0066843
0.0398988
0.0228129
0.0251316
0.0294340
0.0136004
-0.0201741
-0.0520527
-0.0692720
-0.0753038
-0.0452850
-0.0304302
0.0582091
0.1028700
0.1211602
0.0696695
0.0227147
-0.0458016
-0.0639965
-0.0348058
-0.0507233
-0.0259808
-0.0155188
-0.0333663
0.0113200
0.0164643
0.0040322
0.0197815
0.0377711
0.0387077
0.0220897
-0.0033803
0.0178058
0.0033232
-0.0172385
-0.0204397
-0.0025407
0.0038169
0.0156242
-0.0236687
-0.0122825
0.0190392
-0.0094435
0.0176429
-0.0081708
-0.0019527
-0.0185190
-0.0106741
-0.0020229
0.0077176
-0.0051523
-0.0030640
0.0023078
0.0023370
-0.0247448
-0.0200833
-0.0209181
-0.0165353
0.0138398
-0.0081556
-0.0275241
0.0118714
0.0040472
0.0260587
0.0135730
0.0139561
0.0102164
0.0057669
-0.0158061
0.0058447
0.0115808
-0.0114521
0.0073046
0.0128421
-0.0056912
0.0020170
0.0105558
-0.0121932
-0.0123795
0.0123142
-0.0204095
0.0093822
0.0128242
0.0114836
0.0009798
-0.0101817
0.0122905
0.0040982
-0.0122937
0.0201504
0.0196317
0.0093566
0.0004359
-0.0013008
-0.0069520
0.0161496
-0.0228501
-0.0188442
-0.0083259
-0.0128349
-0.0109299
0.0199882
0.0131300
0.0222624
0.0116994
-0.0054664
0.0122741
-0.0212132
0.0186591
0.0047710
0.0004754
-0.0185934
-0.0088154
0.0064843
-0.0014518
-0.0187307
-0.0031034
0.0065147
0.0092716
0.0181059
0.0315914
-0.0047509
-0.0046604
0.0121161
0.0193939
0.0161852
-0.0140577
0.0051518
-0.0298036
-0.0129558
-0.0068922
0.0176530
0.0161740
0.0174768
-0.0060744
-0.0080876
0.0117111
0.0239244
0.0289216
0.0575005
0.0721418
0.0285160
-0.0349988
-0.1542277
-0.1893781
-0.1298173
0.0058215
0.1435439
0.1847815
0.1103149
0.0338997
0.0018960
-0.0316534
-0.0197314
-0.0392961
-0.0226189
-0.0496860
-0.0414391
-0.0086459
-0.0095843
0.0240103
0.0073509
0.0428038
0.0313238
0.0062401
0.0242267
0.0195638
0.0040806
0.0040579
-0.0016092
0.0004236
-0.0255140
0.0031427
-0.0063586
-0.0125146
-0.0170343
-0.0024290
-0.0155589
-0.0006025
0.0189394
0.0214812
0.0087675
0.0058036
0.0038329
0.0104731
-0.0064022
-0.0194915
-0.0240312
-0.0232073
-0.0330864
0.0143445
0.0133485
0.0252405
-0.0093124
0.0105779
-0.0078125
0.0066541
-0.0110852
-0.0122139
-0.0083765
0.0136036
0.0119130
-0.0142836
-0.0017177
-0.0143552
0.0084699
0.0237098
-0.0106003
-0.0150718
0.0149907
0.0031651
0.0118665
0.0186581
0.0005937
-0.0064349
-0.0022670
0.0072391
0.0109958
-0.0057810
0.0091924
-0.0029966
0.0178238
0.0167199
0.0127073
-0.0219860
0.0115924
0.0055425
-0.0105954
-0.0065872
0.0196629
0.0069264
0.0118457
-0.0171851
0.0062637
-0.0087343
0.0078662
-0.0199017
0.0076586
-0.0118648
0.0070544
-0.0114553
0.0118231
0.0142387
0.0111298
-0.0052149
-0.0219973
-0.0045398
-0.0228009
-0.0077775
-0.0116466
0.0234608
-0.0116799
0.0123097
-0.0152731
-0.0176015
0.0101948
-0.0212083
0.0008926
-0.0172018
-0.0032212
0.0182917
0.0089866
0.0112933
0.0129412
-0.0152010
-0.0153558
-0.0007681
-0.0080659
-0.0005277
-0.0015209
0.0213228
0.0009477
0.0227638
-0.0101320
0.0059566
-0.0143960
-0.0005153
-0.0163169
-0.0004795
-0.0022096
0.0223099
-0.0025302
-0.0106381
-0.0034254
0.0178770
-0.0030556
-0.0111320
0.0017425
-0.0230421
-0.0001031
-0.0052472
0.0196142
0.0207353
-0.0187757
-0.0000239
0.0054052
-0.0004515
0.0119235
0.0129901
0.0022372
-0.0122147
0.0100205
-0.0101662
0.0182276
0.0006397
-0.0044739
-0.0170253
0.0023251
0.0001234
-0.0073841
-0.0113458
0.0166380
0.0056756
0.0054083
0.0020075
0.0010850
0.0090938
0.0114907
-0.0071340
0.0201680
0.0031059
0.0059756
-0.0045707
0.0256223
-0.0081205
0.0146659
0.0017002
0.0073741
-0.0001663
-0.0117456
0.0032175
0.0039056
-0.0158587
-0.0171864
-0.0230475
-0.0015129
0.0297813
0.0471673
0.0505250
0.0282013
0.0295278
0.0332886
-0.0133114
-0.0421803
-0.0766633
-0.0667468
-0.0697547
-0.0740390
-0.0112851
0.0869469
0.1319912
0.1270688
0.0681908
-0.0041484
-0.0535148
-0.0298357
-0.0615400
-0.0211312
-0.0407821
-0.0346871
-0.0028564
0.0028175
-0.0100375
0.0239619
0.0251432
0.0141216
0.0050685
-0.0059344
0.0232512
-0.0002056
0.0026116
-0.0208704
0.0067896
-0.0074129
-0.0158244
0.0063223
0.0032013
0.0117091
-0.0075980
0.0192808
-0.0034152
0.0093910
-0.0104858
-0.0052231
0.0189802
-0.0165989
0.0124632
-0.0012299
0.0071391
0.0021670
0.0050114
-0.0167379
0.0109259
-0.0094625
0.0162571
-0.0065061
0.0208612
0.0230724
-0.0134238
-0.0127891
0.0127816
0.0205439
0.0039805
0.0067793
0.0021996
-0.0179393
0.0062594
-0.0113010
0.0086344
0.0094731
0.0134035
-0.0092543
-0.0049724
-0.0003715
0.0236660
-0.0074860
0.0020674
0.0053409
0.0135495
-0.0171091
-0.0147689
0.0023490
-0.0067764
-0.0195114
0.0054425
0.0068830
-0.0056931
-0.0089000
0.0065914
0.0103151
0.0049594
0.0078437
-0.0027710
-0.0124427
-0.0031376
0.0039631
0.0195726
-0.0153498
-0.0167895
0.0107003
0.0125814
-0.0207383
0.0026701
-0.0044582
0.0070328
0.0174571
-0.0107521
0.0350287
0.0191088
0.0250171
0.0095994
0.0121396
-0.0009749
-0.0215687
0.0114858
-0.0045157
-0.0160055
-0.0037547
-0.0194496
-0.0033242
0.0013570
-0.0041544
-0.0142431
-0.0032238
0.0071566
0.0042010
0.0007432
0.0000365
0.0110427
0.0335018
0.0299620
0.0196157
-0.0511591
-0.1101759
-0.1289479
-0.0895836
0.0151041
0.1200387
0.1620233
0.1197461
0.0255276
0.0010488
-0.0220212
-0.0546043
-0.0286248
-0.0377958
-0.0362783
-0.0299773
0.0130324
0.0100129
0.0144841
0.0010451
-0.0018341
0.0072557
0.0128882
0.0247678
0.0046152
0.0026327
-0.0096634
0.0048185
-0.0167477
-0.0260721
-0.0184248
-0.0172762
-0.0100148
-0.0161081
0.0126363
0.0130123
-0.0027220
0.0091642
0.0008456
0.0015457
0.0125583
0.0106489
-0.0197347
-0.0175218
-0.0033985
-0.0174292
-0.0056910
0.0140648
0.0248099
0.0029575
-0.0111369
-0.0092180
0.0016175
-0.0056285
0.0093285
-0.0265084
-0.0002057
0.0149785
0.0088225
-0.0032236
-0.0040986
0.0083781
-0.0077963
0.0039534
-0.0203597
0.0141575
-0.0266061
0.0078186
-0.0133070
0.0039324
0.0076326
0.0127771
-0.0155534
-0.0092654
0.0079188
-0.0127014
-0.0148810
0.0177120
0.0141016
0.0062934
-0.0026856
0.0000422
-0.0072283
-0.0026966
0.0147064
-0.0092813
-0.0206031
0.0163651
-0.0090756
0.0034825
-0.0130909
-0.0138202
0.0099610
-0.0149519
0.0085017
-0.0101248
0.0201595
0.0058316
0.0069467
-0.0051350
0.0019933
0.0002668
-0.0021966
0.0155419
0.0010505
-0.0013525
-0.0097915
-0.0099861
-0.0101899
0.0050563
0.0177688
0.0062203
-0.0235544
-0.0206079
0.0043785
0.0057120
-0.0040133
0.0067925
-0.0150458
-0.0080060
-0.0141741
-0.0090337
-0.0067552
-0.0218891
-0.0056256
-0.0109628
0.0132316
0.0072915
0.0033719
0.0161058
-0.0094521
-0.0177154
0.0091886
-0.0133370
0.0197014
0.0098909
0.0125174
-0.0000114
0.0033248
-0.0035705
0.0121136
0.0012929
-0.0021812
-0.0026784
-0.0257193
-0.0139750
0.0028056
0.0268591
-0.0082872
-0.0017768
0.0172475
-0.0086869
0.0035509
-0.0057062
-0.0122284
0.0080733
-0.0051400
0.0051231
0.0081477
-0.0176148
-0.0316918
-0.0416108
-0.0048893
-0.0185565
-0.0019432
-0.0070286
-0.0016356
0.0164183
0.0265109
0.0423504
0.0350696
0.0063221
-0.0025665
-0.0230430
-0.0341101
-0.0783753
-0.0584690
-0.0545239
-0.0094332
0.0351632
0.0949108
0.0955118
0.0641839
0.0192167
-0.0069456
-0.0231702
-0.0203241
-0.0528454
-0.0116374
-0.0401109
0.0018941
-0.0060443
-0.0011156
0.0087054
0.0185494
0.0111048
0.0348541
0.0047098
0.0290120
0.0086370
-0.0119018
-0.0178366
-0.0002859
-0.0145238
-0.0129918
-0.0051349
-0.0034911
-0.0197077
0.0222822
-0.0042156
-0.0056517
-0.0073793
-0.0104720
-0.0080914
0.0098210
0.0100490
-0.0139134
-0.0214577
-0.0041198
0.0200511
-0.0121280
0.0125805
-0.0176139
-0.0244695
-0.0215734
-0.0067144
0.0047925
0.0046064
0.0276508
0.0160456
0.0067747
-0.0280444
-0.0016072
0.0017362
-0.0057419
0.0014768
0.0132810
-0.0042790
0.0169971
-0.0073613
0.0142386
-0.0287021
0.0076996
-0.0150864
0.0037115
0.0091645
0.0300042
0.0192698
-0.0123678
-0.0197322
0.0012758
0.0112473
0.0006800
-0.0212097
-0.0072020
-0.0126418
0.0115001
0.0210223
0.0142841
0.0234608
0.0004908
0.0094828
-0.0211109
0.0008420
0.0020135
0.0062266
-0.0020854
0.0028158
0.0110871
0.0179508
0.0156092
-0.0109170
0.0127317
-0.0048978
0.0200534
-0.0101887
-0.0050029
-0.0148119
0.0114197
-0.0262861
-0.0285975
-0.0240556
0.0112276
-0.0018602
0.0159411
0.0239948
0.0133473
-0.0024814
0.0165510
0.0020406
-0.0069715
-0.0209474
-0.0180516
-0.0110196
0.0026729
-0.0188088
0.0067580
0.0024087
-0.0153528
-0.0029002
0.0065378
0.0114123
-0.0017331
0.0192437
0.0392126
0.0427791
0.0421772
0.0126887
-0.0673672
-0.1443177
-0.1644069
-0.0940324
0.0209523
0.1242917
0.1550869
0.1034545
0.0226160
-0.0137845
-0.0456544
-0.0121826
-0.0243769
-0.0399808
-0.0502079
-0.0157833
-0.0037926
0.0104268
0.0191665
0.0043402
0.0345261
0.0098909
0.0120764
0.0157710
-0.0014570
-0.0117360
-0.0160939
-0.0218042
-0.0312002
-0.0035386
-0.0221163
0.0079733
-0.0004035
0.0112257
0.0171795
0.0150090
0.0194371
-0.0061119
0.0162221
-0.0067584
-0.0083126
-0.0186782
-0.0157393
-0.0124386
-0.0089582
0.0152848
0.0042327
-0.0212776
-0.0141042
0.0071408
0.0126684
-0.0092902
0.0142191
0.0016416
-0.0172480
0.0120265
-0.0104553
-0.0094658
0.0011940
-0.0067516
0.0149999
0.0246415
-0.0023949
0.0064755
-0.0217866
-0.0061860
-0.0041144
0.0141628
0.0116491
0.0108697
0.0216147
-0.0096101
0.0099013
-0.0046478
-0.0203736
0.0098828
0.0201625
-0.0187881
0.0187458
-0.0044926
0.0180580
0.0007387
0.0089060
-0.0215035
-0.0020336
-0.0181275
0.0130809
-0.0108118
-0.0095506
-0.0005572
0.0136675
0.0027630
-0.0031952
-0.0161039
0.0071292
-0.0187472
0.0185083
-0.0048155
0.0034654
0.0025421
0.0083330
-0.0056294
0.0182828
0.0003260
-0.0032504
0.0090850
-0.0190384
0.0039576
-0.0197481
-0.0088310
0.0107438
-0.0064665
0.0022464
-0.0018632
-0.0008018
0.0098257
0.0100082
-0.0008141
0.0006761
0.0047878
-0.0161108
-0.0226335
-0.0172309
0.0078999
-0.0127783
0.0037080
0.0252979
0.0014388
-0.0083239
0.0081484
0.0213301
-0.0102774
0.0175560
-0.0102313
-0.0220938
0.0016240
0.0161012
-0.0163603
0.0208750
0.0114720
0.0034956
-0.0073906
0.0085030
-0.0003300
0.0018233
-0.0186968
0.0105704
0.0046723
-0.0017958
0.0112156
0.0223118
-0.0235399
0.0153191
-0.0131344
-0.0034870
-0.0207205
-0.0232850
-0.0135418
0.0102263
0.0119682
0.0002665
0.0071215
0.0222311
0.0024210
-0.0017990
0.0037672
-0.0054475
0.0121112
0.0039605
0.0159679
-0.0219236
-0.0346291
-0.0193011
-0.0377549
-0.0336062
-0.0179390
0.0177173
0.0054207
0.0068548
0.0178745
0.0170505
0.0204974
0.0358794
0.0223070
-0.0049237
-0.0172496
-0.0539158
-0.0847143
-0.1032958
-0.0674904
-0.0148867
0.0592067
0.1020365
0.0955652
0.0895646
0.0117374
-0.0311883
-0.0476001
-0.0642104
-0.0325054
-0.0419673
-0.0351011
-0.0374324
0.0019391
0.0086920
0.0219480
0.0075544
0.0078962
0.0270863
0.0203683
-0.0059992
0.0149909
-0.0097064
-0.0083487
0.0058893
-0.0227057
-0.0308959
-0.0086605
-0.0033984
0.0235049
-0.0023556
0.0134940
-0.0041483
0.0291862
-0.0054609
-0.0132227
-0.0157305
-0.0020922
-0.0023653
-0.0149320
0.0047483
0.0048998
-0.0118199
0.0033718
-0.0046858
0.0137219
-0.0119469
-0.0025879
-0.0031408
0.0122578
0.0212941
-0.0022150
-0.0046294
-0.0114242
0.0057922
0.0162815
0.0046983
0.0045466
-0.0166706
-0.0093344
-0.0029926
-0.0073399
-0.0029312
0.0126168
-0.0117871
-0.0066137
-0.0180681
-0.0122066
-0.0051039
-0.0044276
0.0070018
0.0237781
0.0104355
0.0032890
-0.0012334
-0.0176160
0.0002383
0.0239281
-0.0028525
0.0074959
0.0008933
-0.0288150
-0.0003358
0.0049757
0.0121460
0.0259539
0.0211644
-0.0029840
-0.0053043
0.0169210
0.0115639
0.0062623
-0.0103974
-0.0136142
-0.0010595
-0.0268270
-0.0158177
0.0016117
0.0176913
0.0140128
0.0081530
-0.0241514
-0.0123807
0.0101155
0.0041515
0.0196819
0.0217248
0.0048429
0.0025065
0.0142094
0.0100288
0.0013545
0.0148289
-0.0239648
-0.0201503
-0.0307587
-0.0311296
0.0151858
0.0037866
0.0243812
0.0155041
-0.0007528
0.0043695
0.0166573
0.0176216
0.0028007
0.0297705
0.0461667
0.0113339
-0.0246549
-0.0505790
-0.0955812
-0.1171043
-0.0278800
0.0450334
0.1247748
0.1226141
0.0720107
0.0132424
-0.0250389
-0.0547212
-0.0513062
-0.0521141
-0.0491720
-0.0441126
-0.0095601
-0.0089510
0.0080944
0.0092449
0.0293638
0.0130547
0.0283542
-0.0191800
-0.0163452
-0.0133263
0.0115614
-0.0189198
0.0020569
-0.0167804
