0.0234813
-0.0146644
0.0434024
0.0440863
0.0487825
0.0002405
-0.0189037
-0.0064292
-0.0806513
-0.0740513
-0.1305880
-0.1380374
-0.1120938
-0.1221477
-0.0383069
-0.0304605
0.1649413
0.3046615
0.4958848
0.3723871
0.0859333
-0.3199956
-0.4786009
-0.5245079
-0.2362351
-0.0752662
0.1408794
0.1544989
0.2244547
0.1570489
0.1947767
0.1327832
0.0350884
-0.0093123
-0.0657787
-0.0500198
-0.0997248
-0.0963543
-0.0898148
-0.0147091
-0.0535056
-0.0126944
0.0238031
0.0970709
0.0800037
0.0881427
0.0089041
-0.0251609
0.0523056
0.0028120
0.0410717
-0.0504985
0.0159258
-0.0298871
-0.0294606
-0.0428791
0.0303159
0.0416949
-0.0211778
-0.0352098
-0.0245527
0.0081583
0.0608626
0.0057325
-0.0001376
-0.0509030
0.0003780
0.0279151
-0.0560879
-0.0057287
0.0452615
-0.0184738
0.0298546
0.0440762
0.0339657
-0.0275187
-0.0112924
0.0604303
0.0377152
-0.0282016
0.0102912
-0.0322494
-0.0408853
-0.0366393
-0.0530300
-0.0574979
-0.0254701
-0.0483495
0.0123456
-0.0225746
-0.0285416
0.0638029
-0.0144493
0.0501935
0.0547453
-0.0345466
-0.0161568
0.0138422
-0.0348704
-0.0594496
0.0251313
-0.0289451
-0.0589202
-0.0228556
-0.0622804
0.0304518
0.0197593
0.0342963
0.0585481
0.0785758
0.0655247
0.0338232
0.0711495
-0.0361140
-0.0211763
-0.0061149
-0.0872755
-0.0920983
-0.1055573
-0.1123855
-0.1468633
-0.0418012
0.0570095
0.1043281
0.3819314
0.4239491
0.3788061
0.0357828
-0.3412755
-0.5567100
-0.5219252
-0.3038186
-0.0726725
0.1386936
0.2413726
0.2066443
0.2011559
0.1147426
0.0849531
-0.0219913
-0.0002631
-0.1230688
-0.0382455
-0.0701228
-0.0667767
-0.0230030
-0.0266317
-0.0287017
0.0662092
0.0466066
0.0177632
0.0451272
0.0537784
-0.0068582
0.0630067
-0.0048105
0.0295574
0.0318240
0.0101788
-0.0706908
-0.0546757
-0.0281403
-0.0694637
-0.0440119
0.0278955
-0.0383780
0.0304321
0.0674529
0.0424020
0.0403878
0.0018236
-0.0452789
-0.0507926
-0.0187253
0.0339131
-0.0594025
0.0361908
0.0388688
-0.0082194
0.0388555
0.0142478
-0.0175409
0.0450595
0.0021962
0.0247176
0.0545760
-0.0316362
-0.0463887
0.0175242
-0.0364386
-0.0078861
-0.0488229
0.0283781
0.0038418
-0.0063872
0.0133161
0.0208467
0.0258922
0.0693305
0.0695326
0.0236301
-0.0103812
0.0337569
0.0292692
-0.0407096
-0.0551811
0.0178434
0.0277707
0.0085651
-0.0261612
-0.0643252
-0.0716413
0.0220059
0.0176686
0.0883007
0.0496881
0.0280130
0.0900245
0.0352798
-0.0030469
0.0108721
-0.0016299
-0.0121510
-0.1317612
-0.1311792
-0.0708201
-0.0562179
-0.0997924
0.0155904
0.0915333
0.1726222
0.3499574
0.4657397
0.2758426
-0.0107207
-0.3796750
-0.5764978
-0.4490681
-0.2130437
0.0079273
0.1221881
0.1657301
0.2290492
0.2378370
0.0919202
0.0581873
0.0149965
-0.0194005
-0.1212080
-0.0424125
-0.1093270
-0.0961497
-0.0647425
-0.0708250
0.0081441
0.0609956
0.0661380
0.0017313
0.0070177
0.0823846
0.0520186
0.0661967
0.0401998
-0.0557678
-0.0268298
-0.0788728
-0.0425247
-0.0298654
0.0163397
-0.0524954
-0.0350609
0.0289795
0.0482713
-0.0196904
0.0449861
0.0612204
-0.0283673
-0.0410611
0.0143278
0.0057443
0.0449503
-0.0371595
0.0278675
-0.0404268
-0.0202451
0.0099924
-0.0262353
-0.0011535
0.0240748
0.0056443
-0.0322663
-0.0151093
0.0523585
-0.0348139
-0.0392657
-0.0170042
-0.0032474
0.0100420
-0.0272093
-0.0294417
-0.0514094
0.0208538
-0.0400549
-0.0305993
0.0159868
0.0539787
-0.0298493
-0.0112539
0.0053975
0.0166574
-0.0287109
-0.0269070
0.0172233
-0.0520178
-0.0383930
-0.0253146
-0.0814211
-0.0475173
-0.0129436
0.0209151
0.0439291
0.0513035
0.0740484
0.0814559
0.0785125
0.0785687
-0.0286761
-0.0421108
-0.0537340
-0.1012286
-0.1306480
-0.1138446
-0.1581434
-0.1539480
-0.1106773
0.0110875
0.0876205
0.2188393
0.4260613
0.4426776
0.1963659
-0.1947222
-0.4803795
-0.5013225
-0.4040704
-0.1699822
0.1117398
0.1288452
0.1447849
0.1702384
0.2025559
0.1225254
0.0745111
0.0090433
-0.0676567
-0.0598300
-0.0741419
-0.1150536
-0.0820099
-0.0449291
-0.0290950
0.0274976
0.0334150
0.0661882
0.0095067
0.0637697
0.0703473
-0.0032114
0.0560984
0.0152293
-0.0123580
-0.0370985
-0.0077920
-0.0685137
-0.0674342
0.0290249
0.0121094
0.0255604
0.0337444
0.0669723
0.0651354
0.0005604
-0.0175282
-0.0065975
0.0033208
0.0138320
0.0524028
-0.0154864
-0.0471592
-0.0643326
-0.0155134
-0.0382014
0.0397877
0.0532668
-0.0301648
0.0412321
0.0162514
0.0103197
-0.0239341
0.0535273
0.0399634
-0.0136365
-0.0291076
-0.0213088
-0.0067078
-0.0680382
0.0228137
-0.0368070
0.0341005
0.0353565
0.0402097
0.0129503
0.0200702
0.0199289
0.0223583
-0.0177869
0.0537084
0.0466808
0.0173702
0.0028440
-0.0443636
-0.0183337
-0.0575377
-0.0560147
0.0165574
0.0150875
-0.0242154
0.0384189
0.0536263
0.0839754
0.0976765
0.0608466
0.0702525
0.0499445
0.0147083
-0.0516871
-0.1105797
-0.1424214
-0.1350248
-0.1213456
-0.0600835
-0.0819138
0.0642913
0.1995843
0.3889054
0.4854086
0.2775438
0.0414647
-0.3099462
-0.5105685
-0.4056918
-0.2688732
0.0265665
0.1162165
0.1519876
0.1851496
0.1601832
0.1485583
0.0393721
-0.0070363
-0.0766774
-0.0220187
-0.0691906
-0.1062220
-0.1192037
-0.0222606
-0.0791404
-0.0354430
0.0045444
0.0612450
0.0550556
0.0204850
0.0635093
0.0012763
0.0137203
-0.0257335
0.0388248
-0.0041708
0.0219292
0.0017752
0.0012791
0.0010920
-0.0354387
0.0257293
0.0077018
-0.0182252
0.0523742
0.0610220
-0.0223562
0.0491159
-0.0170669
0.0492685
0.0195932
-0.0565451
0.0054770
-0.0076800
0.0408419
-0.0148530
0.0131080
-0.0541065
-0.0427195
0.0257571
-0.0428414
0.0530183
0.0171285
-0.0214549
0.0537648
0.0271310
-0.0278745
0.0370560
0.0100673
0.0289200
-0.0132227
-0.0395954
0.0158820
-0.0347642
-0.0102694
0.0017539
0.0211250
-0.0192600
0.0354434
0.0025947
-0.0219444
0.0014544
0.0070200
-0.0349164
-0.0117908
-0.0458784
0.0148488
-0.0458611
-0.0182419
0.0313678
-0.0123683
0.0351490
-0.0053673
0.0310019
0.0177184
0.0288758
0.0087671
0.0180843
-0.0356315
-0.0179738
-0.0914261
-0.0666720
-0.1672928
-0.1621230
-0.1014055
-0.0799540
-0.0176872
0.1406955
0.2387643
0.4408325
0.3859871
0.1943316
-0.1778218
-0.4682057
-0.5453199
-0.3359968
-0.1476517
0.0502472
0.1743538
0.2469765
0.2373235
0.1913289
0.1084252
0.0694228
-0.0406700
-0.0589652
-0.0992896
-0.0563104
-0.0495838
-0.0526456
-0.0020022
-0.0623359
-0.0405864
0.0286297
0.0060964
0.0485668
0.0844846
-0.0095893
0.0440602
0.0290317
0.0009287
-0.0208065
-0.0036662
-0.0228029
-0.0476720
-0.0683884
0.0219955
0.0135276
-0.0143074
-0.0437694
0.0226902
0.0506665
0.0085441
-0.0054862
0.0669609
-0.0077861
-0.0105284
0.0240863
-0.0023706
-0.0314970
0.0244379
-0.0308629
-0.0561194
0.0070119
-0.0097455
0.0084168
-0.0327243
-0.0332113
0.0382319
-0.0374871
0.0477835
0.0161040
-0.0069758
0.0201186
-0.0579137
-0.0215282
-0.0095268
-0.0224336
0.0152354
0.0253906
-0.0424364
0.0456962
-0.0020271
-0.0226694
0.0519625
0.0025672
0.0033035
0.0540246
0.0157329
0.0226624
-0.0359161
0.0060146
-0.0447679
-0.0286702
-0.0561154
-0.0603733
-0.0373851
0.0274159
0.0728307
0.0253254
0.0404570
0.0913882
0.0770158
0.0605528
-0.0140202
-0.0071325
-0.1095333
-0.0715470
-0.0861734
-0.1090578
-0.0821158
-0.0847595
-0.0865043
0.0588253
0.1729156
0.3278624
0.5046360
0.3582322
-0.0490907
-0.3275882
-0.5876272
-0.4956672
-0.2283788
-0.0254161
0.1537608
0.1642554
0.2063132
0.1764060
0.1086922
0.0779302
-0.0153913
-0.0791661
-0.0756578
-0.1078958
-0.0570048
-0.0292130
-0.0877063
-0.0395121
0.0163614
-0.0327483
0.0829925
0.0466586
0.0227845
-0.0043890
0.0141264
-0.0150330
0.0525675
-0.0131926
-0.0058244
0.0285889
-0.0061755
-0.0404171
-0.0093883
0.0186467
-0.0526816
-0.0459127
-0.0234683
0.0098542
-0.0215696
0.0415578
-0.0019674
0.0453177
0.0173473
0.0341428
-0.0473562
-0.0321916
-0.0074125
-0.0469758
-0.0606104
-0.0237358
-0.0203913
-0.0372684
-0.0190595
-0.0361752
0.0212072
0.0431812
0.0499030
0.0164257
0.0525428
0.0253083
-0.0377122
-0.0080448
0.0160565
0.0201976
-0.0645020
0.0280221
0.0248610
0.0103191
0.0265237
-0.0175360
0.0459149
-0.0238964
-0.0054733
0.0032639
0.0452686
-0.0015721
-0.0107150
-0.0197590
-0.0362225
0.0112345
0.0111020
-0.0305719
0.0158745
-0.0336308
0.0463196
0.0202849
0.0161876
0.0482914
0.0850128
0.0778008
0.1002123
0.0698591
-0.0297832
-0.0831698
-0.0354925
-0.1107200
-0.1217244
-0.0898146
-0.0738120
-0.0360777
-0.0586970
0.0973515
0.2993159
0.4576352
0.4442195
0.2165828
-0.1668644
-0.4670090
-0.4651845
-0.2719324
-0.0405118
0.0444793
0.1081636
0.2133472
0.1442145
0.1479973
0.0932290
0.0756699
-0.0128168
-0.0907972
-0.1076244
-0.0942159
-0.0501806
-0.0824154
-0.0013334
-0.0593369
0.0503108
0.0130112
0.0545168
0.0904350
0.0143330
0.0173012
0.0395459
0.0006137
-0.0196808
-0.0348299
-0.0210815
-0.0727042
0.0011100
-0.0714666
-0.0407939
0.0140512
-0.0027856
0.0553820
-0.0219285
0.0785891
0.0168139
-0.0283298
-0.0356112
-0.0212973
-0.0063715
-0.0158603
-0.0120944
-0.0037931
-0.0342273
-0.0119731
0.0105104
-0.0520233
-0.0379818
0.0043308
-0.0166519
0.0295038
-0.0074097
-0.0417336
0.0180551
0.0037076
-0.0320097
-0.0512371
-0.0656091
0.0367365
-0.0214950
0.0408581
-0.0415265
-0.0341496
0.0177095
0.0037601
0.0607633
0.0219993
0.0029641
-0.0060189
0.0537043
-0.0205715
-0.0432664
-0.0396993
0.0087752
-0.0260838
0.0144772
-0.0006037
-0.0344101
0.0069444
0.0534474
0.0122156
0.0925282
0.1029898
0.0688375
0.0282801
0.0005004
0.0638920
-0.0123725
0.0077585
-0.0658540
-0.1306155
-0.0852615
-0.1160314
-0.1389785
-0.0272770
-0.0666095
0.1227479
0.2962419
0.3914195
0.3699083
0.2518594
-0.0973350
-0.3952890
-0.5560465
-0.3226082
-0.1240549
0.0983284
0.1527943
0.1883936
0.2269082
0.2036745
0.1126633
0.0975954
-0.0518223
-0.0963953
-0.0597636
-0.1407887
-0.1041084
-0.0853816
-0.0891925
-0.0347052
0.0116079
0.0352607
0.0726425
0.0837952
0.0331042
0.0140734
0.0581696
-0.0043819
0.0205255
-0.0487897
-0.0036900
-0.0691492
-0.0024204
-0.0160655
-0.0246004
-0.0614241
0.0104025
-0.0460085
0.0003116
-0.0124493
-0.0026754
0.0023196
0.0469903
0.0261996
-0.0059413
0.0353917
0.0035699
0.0144199
-0.0321478
-0.0184620
-0.0240733
0.0104383
0.0363593
-0.0285180
-0.0428120
-0.0440947
0.0338370
-0.0407513
-0.0017799
-0.0258052
-0.0184593
0.0368680
0.0367857
0.0372750
-0.0461793
0.0394803
-0.0376121
-0.0282920
-0.0069854
0.0021924
-0.0293863
0.0212175
0.0416009
0.0277497
0.0571871
0.0088542
0.0122938
-0.0288979
-0.0187834
-0.0595606
-0.0447466
-0.0116077
-0.0665425
0.0303009
0.0249711
0.0207373
0.0498607
0.0125995
0.0042597
0.0397927
0.0035406
0.0622806
0.0700863
0.0091802
-0.0371598
-0.0688969
-0.1116637
-0.1209680
-0.1341994
-0.1425464
-0.1147525
-0.0218774
0.0916130
0.2567171
0.4631431
0.3746825
0.1405855
-0.2635804
-0.4865174
-0.4949956
-0.2845249
-0.0318486
0.0973449
0.2311376
0.1935667
0.1873357
0.2243504
0.1164743
-0.0220291
-0.0864877
-0.0649135
-0.0373669
-0.1113703
-0.0968190
-0.1163565
-0.0383880
0.0338544
-0.0054447
0.0314056
0.0441840
0.0566382
-0.0067302
0.0296625
0.0305601
0.0641616
0.0085757
-0.0194462
0.0154486
-0.0798524
-0.0480946
-0.0440519
0.0188773
0.0302118
-0.0003763
-0.0178173
0.0230283
0.0115913
0.0188179
-0.0305872
0.0596850
-0.0397226
0.0251959
-0.0140323
-0.0360959
0.0051409
0.0405727
-0.0085913
-0.0210668
0.0039260
-0.0039282
0.0467738
0.0278684
-0.0042842
0.0524316
-0.0359134
0.0425887
-0.0101949
-0.0050267
0.0411674
0.0242358
-0.0082918
0.0094906
-0.0142987
0.0374463
-0.0277608
-0.0381441
0.0605428
-0.0303567
-0.0129636
0.0540180
-0.0342750
-0.0348376
0.0229034
0.0292987
0.0097580
-0.0524697
-0.0666251
-0.0245852
-0.0547306
-0.0549084
-0.0577600
0.0428836
0.0717339
0.0143231
0.0681990
0.0201927
0.0164329
0.0948243
0.0647398
-0.0403257
-0.0842156
-0.0748700
-0.1359907
-0.1420203
-0.1606978
-0.1407763
-0.0980584
-0.0378052
0.1150685
0.2389163
0.4676245
0.3638092
0.1980029
-0.2209134
-0.4486373
-0.5411035
-0.3367714
-0.0674406
0.0658549
0.2461982
0.1762078
0.2268929
0.1290301
0.0892531
0.0067811
-0.0792000
-0.0362453
-0.0423737
-0.0518471
-0.1289087
-0.1280171
-0.0617246
-0.0579940
0.0083521
0.0614921
0.0482202
0.1006947
0.0704294
0.0133413
0.0210404
-0.0440955
-0.0010013
-0.0230862
-0.0643186
-0.0436527
-0.0716655
0.0213309
0.0175439
-0.0390645
0.0143203
0.0468218
0.0359495
-0.0167894
0.0592512
0.0227367
0.0406442
0.0304962
-0.0030694
-0.0533193
0.0381388
0.0041599
-0.0005470
0.0368416
0.0373573
-0.0052667
-0.0195399
-0.0306304
-0.0376170
0.0225474
0.0447770
-0.0139962
0.0426129
0.0085575
-0.0048499
0.0088725
-0.0142214
0.0239466
-0.0227956
-0.0113180
-0.0044357
0.0314428
0.0286484
0.0617710
0.0658339
-0.0198154
0.0482368
0.0469154
0.0241035
0.0418685
-0.0089274
0.0373247
0.0256048
0.0244340
-0.0652092
-0.0246831
0.0119783
-0.0155543
0.0258712
0.0455147
-0.0216565
0.0237010
0.0117613
0.0809477
0.0633276
0.0536867
-0.0084732
-0.0466344
-0.0026334
-0.0236109
-0.0886284
-0.1385055
-0.1615230
-0.0522927
-0.0838043
0.0344822
0.1293734
0.3285105
0.4544050
0.3691221
0.1675870
-0.1851235
-0.4817523
-0.5291844
-0.3124662
-0.1182453
0.0736858
0.1684356
0.1606060
0.2391283
0.1653988
0.0738309
0.0344345
-0.0048685
-0.0783563
-0.0636933
-0.0468686
-0.0645260
-0.0659290
0.0113842
-0.0127340
-0.0251080
0.0209218
0.0173212
0.0062266
0.0295323
0.0251025
0.0673910
0.0434476
-0.0383519
-0.0587096
0.0246644
-0.0549625
-0.0083258
0.0018984
-0.0207896
-0.0049760
0.0512470
0.0158243
0.0222190
0.0036103
-0.0104663
0.0446186
0.0134000
0.0193805
0.0213734
0.0454214
-0.0046781
-0.0402324
-0.0498308
-0.0254247
-0.0054159
-0.0594103
-0.0330204
-0.0245296
-0.0225023
0.0426092
