0.0491675
-0.0317439
0.0316753
-0.0257241
-0.0068664
0.0275943
-0.0232957
-0.0743796
-0.0746643
-0.0349962
-0.0388715
-0.0279499
-0.0510980
0.0141661
0.0591459
0.1417975
0.3062900
0.3444863
0.1696672
-0.1254876
-0.4066665
-0.3961764
-0.2967407
-0.0099216
0.1968180
0.2338453
0.1153173
0.0634841
0.1235235
0.0831031
-0.0008858
-0.0046079
-0.0857569
-0.1081863
-0.0110204
-0.0429093
-0.0135723
0.0067116
0.0267117
-0.0132846
-0.0146654
0.0234984
0.0251800
0.0380099
0.0493560
0.0202858
-0.0441189
-0.0244555
-0.0573280
-0.0555786
-0.0617430
0.0243866
0.0351381
0.0097279
-0.0533457
-0.0296032
0.0519663
0.0272039
0.0020761
0.0252391
0.0537065
0.0589721
0.0301100
-0.0493059
0.0153254
0.0036180
0.0261584
-0.0495263
-0.0541423
-0.0373782
-0.0486247
0.0113016
-0.0301943
-0.0196255
0.0017292
0.0180996
0.0131203
0.0205754
0.0548798
-0.0110905
-0.0437774
-0.0541323
0.0086671
0.0147491
-0.0561889
0.0177159
0.0131881
-0.0444864
0.0138656
0.0051215
-0.0060809
-0.0389699
-0.0114070
0.0448216
-0.0341890
-0.0489404
0.0352567
0.0599784
0.0081264
0.0091479
-0.0318785
0.0279611
-0.0005887
-0.0029728
0.0338026
-0.0003138
-0.0326690
-0.0108621
0.0389232
0.0313535
-0.0508291
0.0297103
0.0452141
-0.0126782
-0.0351741
0.0517832
0.0339109
-0.0389643
0.0408127
-0.0523222
-0.0543392
0.0215505
-0.0405855
0.0589918
0.0197249
0.0649953
0.0409005
-0.0488843
-0.0472032
-0.0293312
0.0489212
-0.0298218
-0.0395166
0.0288248
-0.0123310
0.0304861
-0.0184983
0.0102526
0.0269205
0.0227200
0.0224737
-0.0296593
-0.0609580
0.0265134
-0.0076393
-0.0467225
-0.0310238
0.0571781
0.0221257
-0.0176889
0.0094929
0.0017637
0.0427485
0.0267877
0.0035254
0.0000969
0.0649724
-0.0266078
-0.0469329
-0.0167417
0.0408245
-0.0514969
0.0042526
0.0055515
-0.0070827
-0.0256813
-0.0058340
0.0546145
0.0545831
-0.0294876
-0.0513446
0.0030823
-0.0415167
-0.0193767
0.0463756
0.0419187
0.0550139
0.0278080
-0.0406291
0.0400861
-0.0163827
0.0001014
-0.0277067
0.0466164
0.0192976
0.0129147
-0.0130313
0.0382891
-0.0462920
-0.0191973
0.0198003
-0.0078731
-0.0551816
-0.0480092
0.0144904
0.0504439
-0.0118126
-0.0100387
-0.0072760
0.0088943
-0.0144404
0.0578464
-0.0362898
-0.0389142
-0.0056804
0.0462379
0.0204174
0.0282260
-0.0130023
-0.0482501
0.0130066
-0.0317513
0.0241391
0.0039190
0.0660746
0.0108082
-0.0234511
0.0371660
0.0416634
0.0154001
0.0066782
-0.0188287
-0.0072306
0.0137767
-0.0017234
0.0081562
-0.0373147
0.0472081
-0.0003114
-0.0208434
0.0571061
0.0847107
0.0058670
0.0704391
-0.0241136
-0.0363340
-0.0132468
-0.0781593
-0.0183457
-0.1196924
-0.0504003
0.0015299
-0.0413832
-0.0230429
0.0876227
0.1607810
0.3099932
0.2954938
0.1370032
-0.1705766
-0.4605716
-0.4526526
-0.2178251
-0.0054670
0.1498003
0.1551417
0.1510309
0.0587350
0.0363773
-0.0292680
-0.0444290
-0.0781799
-0.0935809
-0.0897241
-0.0937922
-0.0541685
-0.0626853
0.0187019
0.0518295
0.0334077
0.0499866
0.0653427
0.0406976
0.0814246
-0.0259295
-0.0342264
0.0215760
-0.0120233
0.0166165
-0.0192428
0.0008286
-0.0096786
0.0113313
0.0318059
0.0326334
-0.0189377
-0.0420585
0.0503882
-0.0214000
-0.0082219
-0.0436314
0.0212755
0.0593011
-0.0182811
0.0471728
-0.0132585
-0.0291841
0.0203443
-0.0059924
-0.0425995
-0.0303699
-0.0323019
-0.0359661
0.0091460
-0.0172987
-0.0027517
-0.0041800
-0.0385367
0.0102700
-0.0464599
-0.0422238
-0.0464617
-0.0115816
0.0311566
0.0081219
-0.0312861
-0.0153875
-0.0573240
0.0339223
-0.0255282
-0.0173030
-0.0037200
-0.0032553
0.0571595
-0.0204357
-0.0417138
-0.0416966
0.0048703
-0.0577537
0.0363222
0.0538270
-0.0383757
0.0038060
0.0442864
-0.0333923
-0.0326018
0.0308554
0.0514513
0.0114398
0.0318342
-0.0380350
0.0200397
-0.0271546
0.0467700
0.0308235
-0.0093648
0.0256869
0.0033578
0.0104346
0.0442828
0.0030907
0.0333346
0.0378616
0.0371075
0.0479006
0.0585802
-0.0487210
-0.0330546
-0.0202156
0.0243017
0.0449535
0.0359871
-0.0141844
-0.0484862
-0.0392033
0.0015736
0.0452605
-0.0429230
-0.0391163
0.0269552
-0.0056169
-0.0385799
-0.0406183
0.0217881
-0.0121879
-0.0212485
-0.0575858
0.0371745
0.0571050
0.0594436
-0.0262212
-0.0162847
-0.0200703
-0.0210274
-0.0453216
-0.0340500
-0.0269732
0.0259436
-0.0142240
-0.0358488
-0.0269453
-0.0254802
0.0524161
0.0117630
-0.0101869
0.0048260
0.0129333
0.0556202
0.0191579
-0.0131085
-0.0403087
0.0226732
0.0412633
0.0485024
-0.0175640
-0.0504013
0.0338848
-0.0122010
0.0112100
0.0566009
0.0278849
-0.0288807
0.0598570
-0.0401493
0.0605157
-0.0537489
-0.0464362
-0.0517379
-0.0073739
-0.0477960
0.0261095
0.0360973
-0.0275063
0.0038548
-0.0427631
0.0569591
-0.0222410
-0.0368983
0.0445632
0.0299063
-0.0367088
0.0290403
-0.0100328
-0.0106848
-0.0664612
-0.0585289
0.0405208
0.0517289
-0.0453420
-0.0031671
0.0014120
0.0639248
-0.0163432
-0.0044674
-0.0115835
0.0230022
0.0193181
0.0220335
0.0250640
0.0331392
-0.0423240
0.0017007
-0.0191586
-0.0658269
0.0398000
-0.0115587
0.0357860
-0.0473067
0.0345955
-0.0348712
0.0441981
0.0145576
-0.0052921
0.0361423
0.0769512
-0.0073758
0.0327533
-0.0757858
-0.0539640
-0.1094018
-0.0758337
-0.0453356
-0.0263966
-0.0595870
0.0293380
0.0867478
0.2540052
0.3126669
0.2403538
-0.0722473
-0.3260636
-0.3996880
-0.2658790
-0.0457521
0.1195917
0.1414640
0.2136982
0.1661140
0.0327656
0.0652080
0.0281232
0.0332620
-0.0406601
-0.0125104
-0.0820644
-0.0041846
-0.0503617
-0.0371880
-0.0064212
0.0025044
0.0107427
0.0581106
-0.0264271
0.0028203
0.0714050
-0.0165581
0.0317892
-0.0475689
-0.0476228
-0.0165088
-0.0471533
-0.0373655
-0.0268737
-0.0100795
0.0473405
-0.0238342
-0.0037068
-0.0280798
0.0384643
0.0400890
0.0576726
-0.0319812
0.0514817
0.0029631
-0.0073462
0.0373744
0.0239960
0.0227908
0.0267214
-0.0251788
-0.0484147
-0.0019463
-0.0011015
0.0054250
0.0338615
0.0128350
0.0554504
-0.0211376
-0.0035562
0.0426326
-0.0401039
-0.0157525
-0.0548578
0.0179989
-0.0051167
-0.0404753
0.0594401
0.0437895
-0.0338667
0.0405383
-0.0100699
-0.0017163
0.0202060
0.0256935
0.0365230
0.0255412
-0.0262254
0.0393783
-0.0541394
-0.0038867
-0.0539012
0.0029337
-0.0146358
-0.0202107
0.0120895
0.0391365
0.0124962
-0.0531626
-0.0133150
0.0496023
0.0093378
0.0003797
-0.0237788
-0.0382921
0.0525239
-0.0179288
-0.0519473
-0.0211574
-0.0245471
-0.0350528
0.0373388
0.0007301
-0.0565098
0.0109935
-0.0337241
0.0385322
0.0205164
-0.0174748
0.0290019
-0.0070045
0.0232913
0.0442190
0.0420274
0.0497586
-0.0217481
-0.0433882
-0.0133248
-0.0118389
0.0278365
-0.0525839
-0.0355414
-0.0198299
-0.0156909
-0.0207754
0.0257595
0.0388607
-0.0317142
-0.0233651
0.0318121
0.0004056
0.0452329
0.0252946
-0.0465999
0.0397245
0.0417668
-0.0370772
0.0154516
-0.0555294
-0.0552362
-0.0428743
-0.0162543
0.0464232
-0.0206425
0.0102881
-0.0343455
-0.0198549
0.0324823
0.0372279
-0.0129520
0.0238154
0.0057978
-0.0554578
-0.0183991
-0.0373881
-0.0080212
0.0308464
0.0489244
-0.0080211
-0.0133725
-0.0020402
0.0020172
0.0236264
-0.0360215
-0.0157256
0.0278380
0.0293333
-0.0080693
0.0217109
-0.0216082
0.0463325
0.0350445
-0.0369205
-0.0389362
-0.0214871
-0.0083443
0.0238358
-0.0086560
0.0463597
-0.0172191
0.0050485
0.0281558
-0.0531109
-0.0016044
0.0485441
-0.0542348
-0.0185050
-0.0390112
-0.0152645
-0.0359116
-0.0322008
-0.0193192
-0.0389260
-0.0209288
0.0273592
-0.0355527
-0.0372680
0.0035944
0.0276227
-0.0534144
0.0531564
-0.0241248
-0.0421021
-0.0333722
-0.0178398
-0.0592436
-0.0069624
-0.0048217
-0.0471344
-0.0243441
0.0553201
0.0530389
0.0367533
-0.0197816
0.0304504
0.0217691
0.0447568
-0.0085680
0.0128387
-0.0055100
-0.0661728
-0.0802754
-0.0251263
-0.1046628
-0.0275410
0.0276970
0.1303935
0.2892894
0.2963421
0.1128478
-0.1069439
-0.3906371
-0.3589988
-0.2299048
-0.0142845
0.1037333
0.1490039
0.1177776
0.1233358
0.0565564
-0.0159017
-0.0145107
0.0009678
-0.0219296
-0.0197747
-0.0171475
-0.0217577
0.0032470
-0.0496419
0.0387477
0.0046295
0.0761124
0.0512448
0.0435704
-0.0006826
0.0539003
0.0017543
-0.0114170
0.0492731
0.0126688
-0.0267426
-0.0339809
0.0090840
-0.0481126
-0.0369174
-0.0574562
-0.0233094
-0.0014380
-0.0349406
0.0521144
0.0351601
-0.0128877
-0.0351654
-0.0542817
0.0209167
0.0085769
0.0056732
0.0194851
0.0424547
-0.0583774
-0.0552622
0.0498889
-0.0151044
-0.0216347
0.0419942
-0.0112352
-0.0355646
0.0239853
0.0376584
-0.0038737
-0.0113530
-0.0601845
-0.0604115
0.0006739
0.0456100
-0.0013160
0.0190741
-0.0207425
-0.0132253
0.0498325
0.0047367
0.0575665
0.0256764
-0.0411343
0.0465459
0.0179464
-0.0165510
0.0192844
-0.0553800
0.0252526
-0.0155045
0.0186874
-0.0406546
0.0340983
-0.0372199
-0.0072764
-0.0121177
-0.0117285
0.0038361
-0.0137205
-0.0401723
-0.0118195
0.0363971
-0.0048690
0.0364736
0.0117388
-0.0528827
-0.0272559
0.0199651
0.0151308
-0.0244601
-0.0405564
0.0155742
-0.0187521
0.0048398
-0.0464996
-0.0486175
0.0037953
-0.0510512
-0.0165890
0.0214957
-0.0289766
0.0107344
0.0007226
-0.0417608
0.0165340
0.0394455
-0.0382103
0.0158316
-0.0463898
-0.0039210
-0.0451955
-0.0264321
0.0414505
0.0122558
0.0001280
0.0490080
-0.0099723
0.0113514
-0.0072823
-0.0270750
0.0446484
0.0331147
0.0036340
-0.0131252
0.0378698
0.0116301
0.0078444
-0.0004270
0.0194426
-0.0325026
0.0185255
0.0422004
0.0043991
-0.0249272
-0.0112371
0.0416485
-0.0164634
-0.0165711
0.0254129
0.0473140
-0.0481131
0.0309918
0.0485312
0.0408286
-0.0401406
-0.0513364
0.0215428
0.0540769
-0.0462518
-0.0305809
-0.0177597
0.0401702
0.0329316
0.0549550
0.0464751
-0.0415298
0.0468322
0.0469286
-0.0188761
-0.0372403
0.0102648
-0.0290684
-0.0112664
0.0427139
0.0027807
0.0113027
0.0581636
-0.0304849
0.0328812
-0.0026569
0.0326545
-0.0209603
0.0567286
-0.0414542
0.0292825
0.0073479
-0.0429215
-0.0143020
-0.0079922
-0.0628217
0.0056856
0.0001479
0.0547704
-0.0284417
0.0602353
0.0178617
0.0343949
-0.0416713
-0.0197785
-0.0576767
-0.0216107
-0.0248049
0.0026604
0.0219727
-0.0548209
-0.0513957
-0.0462602
-0.0170647
-0.0000117
-0.0027281
-0.0011131
0.0377880
-0.0158813
0.0832523
-0.0000516
0.0411772
-0.0403879
0.0321028
-0.0730485
-0.0919569
-0.0807234
-0.1325909
-0.0511231
-0.0324223
0.0056802
0.0059406
0.1454673
0.2837359
0.3525329
0.2487161
-0.0027459
-0.3112291
-0.4779855
-0.3471687
-0.1259177
0.0744224
0.2294614
0.2183267
0.1386365
0.1044884
0.1107421
0.0148461
0.0176970
0.0068855
-0.1186845
-0.0333055
-0.0155297
0.0017992
-0.0216757
0.0303408
-0.0206591
0.0314723
0.0631124
0.0018384
-0.0271578
0.0457316
0.0371418
0.0108039
-0.0137001
0.0137459
-0.0628415
0.0209404
-0.0125549
0.0301678
-0.0431301
0.0337569
-0.0322449
-0.0107988
-0.0079818
0.0246006
-0.0101115
-0.0170703
0.0212508
0.0431008
-0.0210872
0.0419805
-0.0149385
-0.0299379
0.0535123
-0.0326099
-0.0594367
-0.0490914
-0.0142962
-0.0132668
-0.0313564
-0.0419084
0.0312146
-0.0451400
0.0494159
-0.0111346
0.0485326
0.0077551
0.0367684
0.0153466
-0.0400613
0.0017743
0.0399605
-0.0084837
-0.0144603
-0.0169625
-0.0362861
0.0210428
-0.0240553
-0.0384153
-0.0430970
-0.0199878
-0.0067920
0.0274391
-0.0322184
-0.0130127
0.0549687
0.0424565
0.0159666
0.0305110
0.0434999
-0.0038688
-0.0182956
-0.0315000
-0.0068082
-0.0371997
0.0137400
-0.0045258
0.0033773
0.0090192
0.0089383
-0.0185315
0.0465853
-0.0271155
-0.0389198
0.0193155
-0.0309467
0.0414377
0.0233472
0.0419494
-0.0152835
-0.0112674
-0.0259470
-0.0334993
0.0526330
0.0494096
0.0090257
-0.0347245
0.0361763
-0.0069431
0.0364690
0.0208511
0.0443585
0.0157257
0.0319680
-0.0615541
0.0411748
-0.0025554
0.0168961
0.0050874
0.0017782
0.0392131
-0.0382918
0.0453311
0.0443461
-0.0538513
0.0376216
0.0253150
-0.0356195
-0.0413499
-0.0395595
-0.0204146
-0.0062386
-0.0178787
-0.0012936
0.0513966
-0.0160877
0.0242403
-0.0449885
0.0417163
0.0174849
-0.0248689
-0.0429144
-0.0057284
-0.0442981
-0.0248775
0.0039570
-0.0378058
0.0427641
-0.0200230
-0.0050524
-0.0169488
0.0308287
0.0366736
-0.0491473
0.0206775
-0.0517219
0.0453689
-0.0305494
-0.0351714
0.0259122
-0.0081457
-0.0464510
0.0529383
-0.0234894
0.0107466
-0.0234609
-0.0423403
0.0433106
-0.0230168
0.0253369
-0.0048146
0.0332912
0.0175238
-0.0295581
-0.0133454
-0.0019841
-0.0473601
-0.0324422
-0.0225630
-0.0121463
-0.0434859
-0.0318450
0.0220532
0.0055602
-0.0238972
-0.0434844
0.0113092
0.0335981
0.0545171
-0.0317875
-0.0236765
-0.0034027
0.0443625
0.0390678
-0.0492744
-0.0478267
-0.0039432
-0.0537197
-0.0510942
-0.0656707
0.0255759
-0.0784864
0.0024136
0.0375971
-0.0190321
0.0625646
0.0184881
-0.0292321
0.0661699
0.0084393
0.0337309
0.0017296
0.0380635
0.0012395
0.0209672
0.0000132
-0.0171275
-0.0579147
-0.0808862
-0.0724032
-0.0265447
0.0389148
0.0879117
0.1766479
0.3036441
0.3301420
0.0815846
-0.2320414
-0.4467959
-0.3728394
-0.1749006
0.0843996
0.1578591
0.2128024
0.1020095
0.0515614
0.0744872
0.0684906
-0.0310056
-0.0569287
0.0028658
-0.0918959
-0.0359647
-0.0781727
0.0177425
-0.0192700
-0.0326016
0.0641159
0.0172795
0.0820696
0.0363480
-0.0030335
0.0662749
0.0540264
-0.0124360
0.0373348
0.0223692
0.0230180
-0.0682260
0.0163952
-0.0015818
-0.0016665
-0.0318762
-0.0011042
-0.0068972
0.0580944
0.0165518
-0.0271428
-0.0219287
0.0433051
0.0503187
-0.0026745
-0.0020602
-0.0692812
-0.0436320
-0.0312373
0.0241965
-0.0300370
-0.0035109
-0.0089936
-0.0317060
-0.0131465
-0.0169693
0.0126887
-0.0335951
-0.0150265
0.0400368
-0.0037572
-0.0343937
-0.0186591
0.0255423
0.0081765
0.0136424
0.0479151
-0.0350653
-0.0067958
0.0496006
-0.0115086
0.0449210
-0.0571443
-0.0194708
0.0119694
-0.0194810
0.0301377
0.0428966
