-0.0502405
0.0030383
0.0236456
0.0145499
0.0602114
0.0487760
0.0016221
-0.0359797
-0.0075496
-0.0372920
0.0049279
0.0502524
-0.0270913
-0.0413554
-0.0160603
0.0249289
0.0363883
0.0281252
0.0105114
0.0392862
0.0434190
-0.0259718
-0.0211097
-0.0406879
0.0286842
0.0446189
-0.0226662
-0.0399060
0.0402735
0.0204786
0.0256045
-0.0458876
0.0345328
-0.0445262
-0.0386700
-0.0026376
0.0111805
0.0549463
0.0092060
0.0000465
-0.0214086
0.0181884
-0.0087449
0.0448079
-0.0605737
-0.0457057
-0.0172456
-0.0413923
-0.0455274
-0.0077428
-0.0527965
0.0448552
0.0127755
0.0094880
0.0538563
0.0218422
0.0160057
0.0501900
0.0296866
0.0228085
-0.0224405
-0.0516173
-0.1011842
-0.0677458
-0.0901037
-0.1185420
-0.0764683
-0.0200519
0.1206526
0.2893268
0.4715697
0.3678163
0.1359737
-0.2842194
-0.4543005
-0.5184562
-0.2924317
-0.0551714
0.1024007
0.2118965
0.2283394
0.2191718
0.1654270
0.1158880
-0.0149647
-0.0319516
-0.0550819
-0.0936268
-0.1051043
-0.0675937
-0.1242930
-0.0248669
-0.0333403
-0.0150608
0.0713010
0.0814156
0.0819609
0.0282772
-0.0074581
-0.0178731
-0.0215722
0.0378168
-0.0149322
-0.0401081
-0.0317347
0.0075052
-0.0254784
-0.0278680
0.0318507
-0.0066386
0.0075933
-0.0234140
0.0390060
0.0229931
0.0494958
-0.0430235
0.0112492
-0.0124094
0.0253609
0.0432464
0.0034068
-0.0602984
-0.0121688
0.0011390
0.0141967
0.0255230
0.0421748
0.0187977
0.0206657
0.0361190
0.0154571
0.0571734
-0.0163429
-0.0035693
-0.0092490
0.0420301
-0.0455993
-0.0151704
-0.0270971
-0.0029424
-0.0468988
0.0438499
0.0410429
0.0524523
-0.0070973
0.0340763
0.0265595
0.0154906
0.0194617
0.0069782
0.0021212
-0.0299989
-0.0673159
-0.0060493
-0.0540925
-0.0236066
-0.0527939
-0.0320768
-0.0357248
0.0479243
0.0720399
0.0064049
0.0709062
0.0650249
0.0174177
0.0189794
0.0235020
-0.0330543
-0.0809757
-0.1387375
-0.1567381
-0.1175871
-0.1130129
-0.0636104
0.0304227
0.1666558
0.2699998
0.4671646
0.3852031
0.0828363
-0.2494030
-0.5317197
-0.4719830
-0.3171734
-0.0203193
0.0687817
0.1663674
0.2056558
0.1619892
0.1596692
0.0775279
0.0259023
-0.0358363
-0.0932312
-0.1006195
-0.1048835
-0.1113917
-0.0364472
-0.0494563
0.0274871
-0.0249873
0.0718590
0.0275342
0.0619649
0.0438433
0.0781331
0.0696482
-0.0059095
-0.0068269
-0.0027642
-0.0552145
0.0015933
-0.0720776
0.0213355
0.0334382
-0.0474915
0.0091208
-0.0185713
-0.0269864
-0.0254413
-0.0172607
0.0052286
-0.0252707
-0.0363069
0.0402572
0.0526340
-0.0246745
-0.0351573
0.0071643
-0.0502037
-0.0111741
-0.0517163
0.0459149
-0.0145976
0.0318062
-0.0373978
0.0574426
0.0498461
-0.0197841
-0.0093644
0.0313164
0.0235178
0.0219981
-0.0289315
0.0180196
-0.0067692
0.0231579
-0.0177444
-0.0150805
-0.0297582
0.0255590
0.0164510
-0.0012867
-0.0308487
-0.0004123
0.0399291
0.0161424
0.0203816
0.0157465
-0.0569356
-0.0128159
-0.0219370
-0.0224625
-0.0268331
0.0269703
0.0595141
0.0606694
0.0351587
0.0617330
0.0064657
0.0428094
0.0540494
-0.0354303
-0.0508872
-0.0451994
-0.0724794
-0.1151150
-0.0697701
-0.0664598
-0.0603528
-0.0177776
0.0134926
0.1907958
0.3243587
0.4525763
0.3401059
0.0520455
-0.3883983
-0.5664479
-0.4144237
-0.2371329
0.0327174
0.1651379
0.1875842
0.2165571
0.2295135
0.1330749
0.0864226
-0.0395197
-0.0524848
-0.0631856
-0.1191400
-0.0910203
-0.1151351
-0.1110946
0.0160066
0.0340887
0.0495937
0.0576250
-0.0033943
0.0856118
0.0697618
0.0568261
0.0258749
0.0281271
0.0250072
-0.0204130
-0.0262245
-0.0182197
-0.0498298
-0.0542228
0.0365086
0.0216350
-0.0048550
0.0373312
0.0509038
-0.0279705
-0.0242369
0.0506534
0.0530188
-0.0515256
-0.0358030
0.0039614
-0.0541075
0.0119819
0.0026555
-0.0077959
-0.0366833
-0.0587923
0.0132057
-0.0360855
-0.0079891
0.0195825
0.0355276
0.0052792
0.0270815
-0.0270102
-0.0434493
0.0106715
-0.0556328
0.0018262
-0.0283185
0.0395284
-0.0188189
-0.0158720
-0.0284721
-0.0311897
-0.0195459
-0.0093484
0.0202850
0.0131020
0.0387235
0.0179230
0.0509163
0.0457657
0.0325639
-0.0610358
-0.0104381
0.0130113
-0.0528324
-0.0588024
-0.0196008
0.0109709
-0.0032382
0.0130294
0.0539892
0.0398405
0.0161279
0.0803469
-0.0205530
-0.0746901
-0.0252541
-0.0757923
-0.1177086
-0.1169444
-0.0682520
-0.0461889
-0.0242107
-0.0080936
0.1771651
0.3579563
0.4010015
0.3003850
0.0233644
-0.3233583
-0.4983635
-0.4322888
-0.2250889
0.0410442
0.1387202
0.1603554
0.2164207
0.1422210
0.1436762
0.1089391
0.0374364
-0.0263683
-0.1071988
-0.0948091
-0.1047284
-0.1295683
-0.0538511
-0.0351655
-0.0183534
0.0394434
0.0064851
0.0370957
0.0617566
-0.0045247
0.0264356
0.0641204
-0.0336464
0.0022908
-0.0634524
-0.0439981
-0.0171498
-0.0778494
0.0131511
0.0318644
0.0487342
0.0277081
0.0221663
-0.0128518
-0.0083381
0.0629652
-0.0399132
0.0298467
0.0541489
0.0103329
0.0207102
0.0267225
-0.0071879
-0.0176716
0.0306176
-0.0528984
-0.0269351
-0.0206803
-0.0458198
0.0157155
0.0631703
0.0622078
-0.0209152
0.0296601
0.0017254
-0.0458304
0.0112163
0.0291128
0.0342050
-0.0460683
0.0201672
0.0336649
-0.0134232
0.0499559
-0.0444254
-0.0023299
-0.0178390
-0.0169647
-0.0264361
-0.0191783
-0.0408268
0.0276655
-0.0637175
0.0069301
-0.0058976
-0.0735072
-0.0384393
-0.0571348
-0.0400015
-0.0476082
0.0452714
0.0805917
0.0664060
0.0571674
0.0225634
-0.0111913
-0.0016765
0.0440158
-0.0047074
-0.0441039
-0.1320849
-0.1220375
-0.0892384
-0.1363235
-0.1178482
-0.0883111
0.1054588
0.2641964
0.4283988
0.4616289
0.2204903
-0.0516443
-0.4009148
-0.5793200
-0.4526796
-0.2087474
0.0997020
0.1550763
0.2590711
0.2509315
0.2099305
0.0989941
0.0508187
-0.0518704
-0.0684214
-0.0739202
-0.0606358
-0.0950863
-0.1240439
-0.0166719
-0.0004898
-0.0165575
0.0655607
0.0756900
-0.0044994
0.0249788
0.0025638
0.0630640
0.0198533
0.0054407
0.0186793
-0.0140353
-0.0783156
-0.0611725
-0.0621473
-0.0444725
-0.0028547
0.0174140
0.0139724
-0.0385600
0.0177334
0.0113527
-0.0323116
-0.0300878
0.0359868
0.0299428
-0.0012245
-0.0142376
-0.0653940
-0.0130646
-0.0586848
0.0298541
0.0150242
-0.0082030
-0.0480703
-0.0333307
0.0342516
-0.0193090
-0.0206437
-0.0147816
0.0113007
-0.0165547
-0.0129401
0.0210220
-0.0470498
0.0326678
-0.0482304
-0.0423242
-0.0090126
-0.0023918
0.0493910
0.0471618
0.0268367
0.0507253
0.0005495
-0.0207659
0.0186212
-0.0124540
0.0244685
-0.0098304
-0.0130786
-0.0193881
-0.0210843
-0.0260985
-0.0479754
-0.0398165
-0.0236031
0.0391072
0.0324376
0.0213326
0.0589626
0.0777499
0.0102813
0.0334900
0.0169949
-0.0491244
-0.0055657
-0.0644937
-0.1072188
-0.1567090
-0.1109529
-0.0457394
-0.0165311
0.0454078
0.1819039
0.4484142
0.4910089
0.3098738
-0.0385026
-0.4087219
-0.5156718
-0.4574581
-0.1733386
0.0318547
0.1923028
0.2145292
0.1731598
0.2342498
0.1443476
0.1138423
-0.0555350
-0.0273130
-0.1168989
-0.1224831
-0.1271449
-0.0744358
-0.0397432
-0.0689649
0.0001888
0.0105808
-0.0020035
0.0662171
0.0568493
0.0898636
0.0737600
0.0484891
-0.0507888
0.0392768
-0.0368995
-0.0762938
-0.0255966
-0.0515571
-0.0320994
-0.0234369
-0.0284631
0.0099379
-0.0198885
-0.0151083
0.0176054
-0.0045972
-0.0010486
0.0283404
-0.0216204
0.0050488
0.0354852
-0.0110596
-0.0103755
-0.0422097
-0.0381186
0.0079000
0.0326031
-0.0401521
-0.0135506
0.0145417
0.0239566
-0.0283826
-0.0356070
-0.0288236
-0.0335028
0.0001787
-0.0314052
-0.0044452
-0.0476213
-0.0338604
0.0017307
-0.0406397
-0.0079177
0.0104444
-0.0356417
0.0533774
0.0058408
-0.0115823
-0.0168791
0.0588998
0.0294080
0.0286522
0.0196425
-0.0537778
-0.0018067
0.0116839
-0.0584526
-0.0471002
0.0260689
0.0478944
0.0176574
-0.0125000
0.0549723
0.0433077
0.0694308
0.0540353
0.0031416
-0.0284042
0.0043915
-0.0444213
-0.0427062
-0.0777862
-0.1155904
-0.0605765
-0.0258574
0.0026033
0.0446982
0.1906293
0.3572623
0.3450869
0.1785174
-0.0867078
-0.4189466
-0.4408146
-0.3439252
-0.1646939
0.0041519
0.1047264
0.1728510
0.1553350
0.1406728
0.1146686
0.0619019
-0.0184344
-0.0807473
-0.0878472
-0.1228238
-0.0750640
-0.0732264
0.0037119
-0.0247655
-0.0180120
-0.0219007
0.0165083
0.0316912
0.0792260
0.0654978
-0.0242584
0.0153748
0.0155048
0.0100630
-0.0181856
-0.0101642
0.0035687
-0.0612869
0.0259966
0.0480868
0.0249228
0.0025951
0.0152402
-0.0226123
-0.0329962
0.0492758
0.0096376
-0.0030778
0.0459349
-0.0048808
0.0054873
-0.0154890
-0.0461135
0.0131182
0.0397424
0.0000825
0.0179115
0.0373632
-0.0469282
-0.0234062
0.0638735
-0.0368321
-0.0383926
-0.0395599
-0.0472902
-0.0487900
-0.0487510
-0.0322952
-0.0491948
-0.0049826
-0.0197999
-0.0418814
0.0406022
0.0187092
0.0309188
0.0173710
0.0367703
0.0018577
0.0165990
-0.0173433
0.0043243
-0.0100691
-0.0234309
-0.0577154
0.0159322
0.0122971
0.0068969
0.0049440
-0.0350944
-0.0134351
0.0313742
0.0624222
-0.0057813
0.0595686
0.0229662
-0.0056047
0.0110407
0.0539250
-0.0077381
-0.0009879
-0.0686026
-0.0849839
-0.1105321
-0.0999307
-0.0435547
-0.0653966
-0.0369987
0.1780071
0.3419863
0.3843081
0.3750018
0.0942353
-0.2550126
-0.4511388
-0.4698039
-0.2251332
-0.0144061
0.1002223
0.1708731
0.1729127
0.1975326
0.1534895
0.1214535
-0.0249219
-0.0645096
-0.0360106
-0.0284308
-0.1131506
-0.1205989
-0.0292626
-0.0162837
0.0198449
-0.0018469
0.0516095
0.0178982
0.0055160
0.0866364
0.0810596
0.0478171
-0.0311054
-0.0264528
-0.0159367
0.0121759
-0.0405079
0.0210483
0.0089333
-0.0343741
-0.0098721
-0.0300236
-0.0168047
-0.0025813
0.0565056
-0.0114410
-0.0278675
-0.0022661
-0.0190605
0.0360663
-0.0472085
-0.0562151
-0.0156683
-0.0135008
-0.0282853
0.0497117
0.0298452
0.0308142
0.0337850
0.0190841
0.0401943
0.0389941
-0.0450344
-0.0181146
0.0244104
0.0287447
-0.0412132
0.0061227
0.0229054
-0.0388982
-0.0076786
0.0431921
-0.0404073
0.0368609
0.0389668
-0.0130375
0.0159261
-0.0284110
0.0096599
0.0354810
-0.0153690
0.0176482
-0.0306811
0.0028696
-0.0286649
-0.0439915
-0.0389947
0.0377185
0.0359045
-0.0215373
-0.0255979
0.0278980
0.0181197
0.0854416
0.0149986
0.0734313
0.0625195
-0.0367457
-0.0605538
-0.1231878
-0.0657474
-0.1392868
-0.1196866
-0.1352120
-0.0277273
0.0228329
0.1248199
0.3961144
0.4039505
0.3688335
0.0500657
-0.3321356
-0.5650712
-0.4511808
-0.2640275
0.0144241
0.1818301
0.1745869
0.2231775
0.2122300
0.1830038
0.1124609
0.0268738
-0.0148652
-0.0703316
-0.0812924
-0.0747358
-0.0687251
-0.0837166
-0.0186347
-0.0178910
0.0157711
0.0017104
0.0351689
0.0442332
0.0494869
0.0389769
-0.0170955
-0.0043034
0.0522418
-0.0612354
0.0152955
-0.0280258
0.0101636
0.0225837
-0.0577489
-0.0048686
0.0018612
0.0286050
0.0027448
0.0633668
-0.0233642
0.0297078
-0.0043086
0.0407301
-0.0290216
0.0221090
-0.0370396
0.0192554
-0.0229737
-0.0074401
-0.0042261
0.0021277
0.0340276
-0.0174764
-0.0179065
0.0190525
0.0419726
0.0606877
0.0065931
-0.0470774
0.0213002
-0.0316645
0.0354623
-0.0012573
-0.0460557
0.0240117
-0.0262904
-0.0337888
0.0421885
-0.0073223
-0.0196539
0.0036867
0.0171114
0.0389663
0.0151660
0.0519473
-0.0296829
-0.0227247
-0.0091093
-0.0811043
-0.0436506
-0.0280703
0.0033851
-0.0023579
-0.0421813
-0.0012500
0.0365089
0.0501806
0.1037949
0.0619616
0.0457980
0.0431594
-0.0439119
0.0153808
-0.0511915
-0.0922893
-0.1240919
-0.1639246
-0.1278644
-0.1029041
-0.0162464
0.0828012
0.2759623
0.3685972
0.4300471
0.2555598
-0.0926817
-0.3888970
-0.5506495
-0.4228131
-0.1832761
0.0393907
0.1841162
0.2249579
0.2387770
0.1975771
0.1470689
0.0550444
0.0319035
-0.0288278
-0.1064658
-0.0785919
-0.1058414
-0.0586199
-0.0397252
-0.0537190
0.0190461
0.0575402
-0.0064141
0.0975645
0.0030595
0.0040810
0.0364771
0.0532596
-0.0451494
0.0137928
0.0148259
-0.0176912
0.0300379
0.0025140
0.0101501
0.0067547
0.0251246
-0.0000010
0.0120763
0.0183424
-0.0094075
0.0531141
0.0024413
0.0247113
-0.0103149
-0.0351900
0.0197907
0.0239723
-0.0616730
0.0204775
0.0387812
0.0021593
-0.0223354
-0.0259994
-0.0053870
0.0468199
0.0506260
0.0618319
-0.0230279
0.0349396
-0.0269678
-0.0089722
0.0189572
-0.0162188
-0.0311931
-0.0100767
0.0278163
0.0422716
-0.0346478
-0.0096065
0.0006134
-0.0227029
-0.0199001
0.0083680
0.0013813
0.0610066
0.0278501
-0.0539615
-0.0325880
-0.0594767
-0.0080920
-0.0656956
-0.0657516
-0.0695738
0.0316278
0.0067223
0.0606838
-0.0214785
0.0142859
0.0638586
0.1096527
0.0626027
0.0547031
-0.0156992
-0.0291212
-0.0863637
-0.1473962
-0.0747798
-0.0822580
-0.1271508
-0.0216333
-0.0497320
0.0852522
0.2485361
0.3836685
0.3983941
0.1787354
-0.1874440
-0.4495749
-0.5352853
-0.3391087
-0.0329679
0.1201748
0.2115081
0.2229200
0.1813888
0.1479025
0.1110597
0.0714605
-0.0004309
-0.0357873
-0.0665956
-0.0393593
-0.1158066
-0.0224583
-0.0836717
0.0362440
0.0554042
0.0359097
0.0659944
0.0300175
0.0075165
0.0058525
0.0398505
0.0107468
-0.0322837
-0.0110467
-0.0210862
-0.0347605
0.0212143
-0.0060437
0.0301318
-0.0372332
0.0414062
0.0151724
0.0307026
-0.0036878
0.0428335
-0.0257367
-0.0074659
0.0381067
-0.0139973
-0.0137506
0.0438756
0.0404887
0.0244355
-0.0029086
0.0040739
0.0070996
-0.0505142
0.0069463
0.0125088
-0.0320900
0.0503905
0.0473040
-0.0356011
0.0115166
-0.0236817
0.0056779
0.0504468
0.0014927
0.0216096
-0.0382176
0.0208931
-0.0583749
-0.0358323
0.0369202
0.0361388
0.0641539
0.0339471
0.0439286
0.0156199
0.0535138
0.0229685
-0.0325502
0.0104283
-0.0124082
-0.0451506
-0.0046566
-0.0543450
0.0184167
-0.0318013
0.0139034
-0.0127634
0.0612474
0.0630619
0.0666809
0.1162324
0.1026951
0.0188653
-0.0372450
-0.0339341
-0.0160942
-0.0817563
-0.0866339
-0.1244950
-0.1291980
-0.0349420
-0.0858258
0.0080502
0.1727904
0.4042371
0.4842808
0.2590598
-0.0848114
-0.3720136
