-0.0154101
0.0129508
-0.0302903
-0.0029435
-0.0023705
-0.0373066
0.0299540
0.0022539
0.0445418
0.0434229
0.0377075
-0.0061532
0.0505542
-0.0191162
-0.0030913
-0.0186780
-0.0388460
0.0146518
0.0297713
-0.0219549
-0.0437516
-0.0434304
0.0284819
-0.0352334
-0.0393964
-0.0215966
0.0089675
0.0401987
0.0154194
0.0314719
0.0385987
-0.0258334
0.0298262
0.0424164
-0.0112030
0.0132695
-0.0229659
0.0212454
-0.0556289
-0.0300270
0.0041708
0.0134946
-0.0066620
0.0123345
0.0690326
0.0650547
0.0534647
0.0605184
0.0555421
-0.0292520
-0.0311718
-0.0477006
-0.1135736
-0.0683299
-0.1089724
-0.0455223
-0.0241629
-0.0068981
0.0133299
0.2438952
0.3776265
0.3163980
0.1701056
-0.1788138
-0.4545695
-0.5133563
-0.3391716
-0.0431837
0.1479099
0.2479934
0.2348286
0.1435616
0.1072662
0.0087434
0.0259149
-0.0164599
-0.0972405
-0.0312187
-0.0943945
-0.0684322
-0.0113113
-0.0257435
0.0102697
0.0450386
0.0155611
0.0327257
0.0620782
0.0320756
0.0585255
0.0506666
-0.0198182
-0.0544887
-0.0218241
0.0238210
-0.0407061
-0.0484272
-0.0131886
-0.0333711
-0.0096245
0.0176374
0.0152768
0.0339017
0.0094574
0.0502666
0.0315130
0.0185250
0.0431996
-0.0377369
0.0066529
0.0061592
-0.0317277
-0.0164046
0.0419749
0.0291574
0.0369445
-0.0253260
0.0066151
-0.0111857
-0.0083789
0.0298097
-0.0109289
0.0347670
-0.0109455
-0.0132263
0.0027829
-0.0222338
0.0389469
0.0353240
0.0109098
-0.0005363
-0.0372222
-0.0056150
-0.0433140
-0.0417638
-0.0266743
-0.0455503
0.0374182
-0.0304108
-0.0361607
-0.0406895
0.0215334
0.0057937
0.0094122
0.0099882
0.0055959
0.0261726
-0.0352505
0.0204794
0.0440606
0.0010076
-0.0314642
0.0226612
0.0101876
-0.0100849
0.0143682
-0.0106640
-0.0099931
-0.0362123
-0.0422590
-0.0406526
0.0176538
0.0259314
0.0177321
0.0376271
0.0410026
-0.0396460
0.0068144
0.0352384
0.0002636
0.0241656
0.0048440
-0.0393205
-0.0053927
-0.0318357
0.0278359
-0.0129871
0.0374735
-0.0434509
0.0256962
-0.0329544
-0.0241730
0.0252566
-0.0256974
0.0013032
0.0463290
0.0159608
0.0179820
-0.0186390
-0.0166522
0.0312585
-0.0096997
0.0106248
-0.0348817
-0.0415517
0.0278476
-0.0123485
-0.0241134
0.0301007
-0.0202745
-0.0178154
-0.0253006
-0.0115601
-0.0130881
-0.0138775
-0.0221687
-0.0371669
0.0180595
-0.0156569
0.0481921
-0.0135132
-0.0404631
0.0237620
-0.0030555
-0.0092098
-0.0381164
0.0227313
-0.0362122
-0.0182541
-0.0299765
-0.0320831
-0.0194123
0.0231318
0.0118482
-0.0195474
-0.0421210
0.0280656
0.0026457
0.0151390
0.0416250
0.0405879
-0.0205615
-0.0341089
0.0145305
-0.0310872
-0.0261272
0.0178296
0.0172311
-0.0181750
0.0076562
0.0140963
-0.0384371
0.0240504
0.0354602
0.0349299
0.0443010
-0.0367221
-0.0421065
0.0051892
0.0390489
0.0026981
0.0011863
0.0141324
-0.0390737
0.0374617
0.0212270
0.0443553
-0.0308472
-0.0194940
-0.0358452
0.0331810
-0.0268060
0.0407028
-0.0259774
0.0021896
0.0119950
-0.0236324
-0.0521813
-0.0149161
0.0293676
0.0355770
-0.0010762
-0.0232370
0.0223878
0.0466203
0.0763563
0.0204791
0.0667643
0.0033085
-0.0203461
-0.0118654
0.0008200
-0.0572194
-0.0263991
-0.0769832
-0.1149450
-0.1301188
-0.0208037
-0.0091898
0.0135745
0.1720872
0.2553216
0.3767788
0.3068396
0.0383311
-0.3450539
-0.5251529
-0.4683558
-0.1165126
0.0738285
0.2599869
0.2477783
0.1668446
0.1269205
0.0781630
0.0091019
-0.0410879
-0.0871976
-0.0576211
-0.0693462
-0.0189722
-0.0959206
0.0014754
-0.0506528
-0.0378744
0.0090536
0.0300591
0.0158337
0.0554290
0.0515863
0.0606917
0.0371214
-0.0121343
0.0048292
0.0175824
-0.0302899
-0.0097033
-0.0034998
-0.0064820
0.0308450
0.0266831
-0.0033058
-0.0394321
-0.0319981
-0.0146462
0.0005438
-0.0117983
-0.0130389
0.0455396
-0.0294304
-0.0092981
0.0406165
0.0020626
-0.0088397
-0.0346459
0.0317246
0.0415823
0.0062078
0.0337242
0.0078578
0.0454731
0.0346074
-0.0357713
-0.0098104
-0.0109328
0.0169444
0.0115708
-0.0323685
-0.0357166
0.0028603
0.0157777
0.0248121
0.0164516
-0.0327706
-0.0221545
-0.0406518
0.0104384
0.0224987
-0.0191422
-0.0039698
0.0127967
-0.0400762
0.0428265
0.0267645
-0.0087851
0.0044519
0.0025229
-0.0213657
0.0356575
-0.0406961
0.0247170
-0.0327581
-0.0312800
-0.0323618
0.0240848
0.0427763
-0.0264006
0.0052554
-0.0043626
0.0218802
0.0039000
0.0088345
0.0175532
-0.0083508
-0.0380995
-0.0162217
0.0217487
0.0277385
0.0033097
0.0097959
0.0160180
0.0176134
0.0155461
-0.0329143
0.0207401
0.0121098
0.0070452
0.0236422
-0.0401383
0.0024751
-0.0318270
0.0261473
-0.0109088
-0.0190609
0.0334214
-0.0440499
0.0114672
0.0498485
-0.0349012
0.0058558
-0.0086456
-0.0260796
-0.0051161
-0.0446316
-0.0342569
-0.0487345
-0.0294835
0.0309453
-0.0105160
0.0362718
0.0090932
-0.0242067
-0.0364268
-0.0005395
-0.0097249
0.0039606
0.0004512
-0.0056007
-0.0030382
-0.0332520
-0.0044657
-0.0177845
0.0383788
0.0090582
-0.0094696
-0.0231775
-0.0499989
-0.0237852
-0.0362515
0.0003861
-0.0380574
-0.0024446
0.0234869
-0.0336765
0.0056495
-0.0077741
0.0120474
0.0161736
-0.0183730
-0.0426047
-0.0341427
0.0333709
0.0183443
-0.0319280
-0.0111716
0.0329784
-0.0067682
-0.0122411
0.0434578
0.0449168
0.0474254
0.0505429
0.0119934
-0.0398982
-0.0325570
-0.0339448
0.0338280
-0.0378853
0.0425145
-0.0260642
0.0362081
0.0024617
0.0196564
0.0217405
-0.0119189
0.0150498
0.0197906
0.0283648
-0.0074461
0.0097724
0.0356500
-0.0279272
-0.0012995
-0.0336676
0.0026744
-0.0220038
0.0100604
-0.0043208
-0.0115474
0.0356759
-0.0316372
0.0129815
0.0713491
-0.0097571
0.0145336
-0.0032133
-0.0171213
0.0347601
-0.0438951
-0.0481303
-0.0307684
-0.0530184
-0.0813733
-0.1063439
-0.1196378
-0.0550221
-0.0024716
0.0127665
0.1065793
0.3396165
0.3997977
0.2400479
-0.0111111
-0.3654768
-0.4877804
-0.4289875
-0.1020478
0.1811825
0.2317521
0.1986211
0.1186226
0.1009659
0.0912391
0.0122583
-0.0095392
-0.0588922
-0.0292832
-0.1152153
-0.0744961
-0.0284771
0.0017174
-0.0212434
0.0172778
0.0201720
0.0137366
0.0039916
-0.0006843
0.0387371
0.0578845
-0.0219879
0.0356488
-0.0566382
-0.0145037
-0.0143047
-0.0012906
-0.0417428
-0.0444918
-0.0399866
0.0090597
0.0334571
0.0443650
0.0018928
0.0145160
0.0301687
0.0279748
-0.0326023
0.0154316
0.0385784
-0.0415408
-0.0382158
-0.0122439
-0.0365199
0.0236370
-0.0302119
-0.0106833
0.0038190
0.0291121
0.0228549
0.0452142
0.0122847
0.0486315
0.0296828
0.0344270
-0.0295582
-0.0436234
-0.0320992
-0.0216959
-0.0230513
-0.0212537
-0.0455275
-0.0479160
-0.0183677
0.0055335
-0.0100420
-0.0164879
-0.0372484
-0.0048260
-0.0126106
-0.0402478
0.0147446
0.0405776
0.0149249
0.0182216
-0.0449263
-0.0337863
0.0131898
-0.0030067
0.0011355
0.0205855
-0.0428932
-0.0356019
0.0026380
-0.0358499
0.0239788
0.0310656
-0.0157735
0.0144418
0.0283922
-0.0123410
-0.0097993
0.0080563
0.0020749
-0.0387665
-0.0098330
-0.0394643
-0.0120213
-0.0384903
0.0383792
0.0047970
-0.0144113
0.0388731
-0.0351177
-0.0307607
-0.0404402
0.0365420
0.0031150
-0.0003262
-0.0244957
0.0284373
-0.0204756
-0.0019416
0.0226792
-0.0244687
-0.0406764
0.0455557
-0.0277419
-0.0275966
-0.0419968
0.0156014
0.0315877
-0.0375566
0.0405533
0.0339940
-0.0219713
0.0308222
-0.0221705
0.0157210
-0.0368369
0.0189818
-0.0057636
-0.0300874
-0.0174997
-0.0349962
0.0268140
-0.0301188
-0.0373082
-0.0368529
-0.0347459
0.0410998
-0.0079884
0.0298259
-0.0219434
-0.0482589
-0.0042167
-0.0090839
-0.0230530
-0.0229874
-0.0383236
-0.0277569
0.0145539
-0.0497031
-0.0442310
0.0099241
0.0346749
0.0082715
0.0446769
0.0260931
0.0219550
0.0227695
-0.0236856
-0.0307153
-0.0347407
0.0156722
-0.0188227
-0.0039546
-0.0301084
-0.0423221
0.0172465
-0.0081704
-0.0402901
0.0299012
0.0298349
0.0040918
0.0093202
-0.0290998
-0.0062153
-0.0037489
0.0286277
-0.0374466
-0.0415262
-0.0271005
-0.0346436
-0.0220838
-0.0378921
-0.0229150
-0.0316853
0.0187274
-0.0074762
-0.0020447
-0.0050576
-0.0001356
0.0276514
-0.0531225
-0.0656180
-0.0208086
0.0217955
-0.0192602
0.0360321
-0.0226704
-0.0253134
0.0093492
0.0801806
0.0511391
0.0764653
-0.0122940
-0.0422019
-0.0106465
-0.0107313
-0.1256399
-0.0621764
-0.0932689
-0.0318294
-0.0555033
-0.0424377
0.1037484
0.2716673
0.3932337
0.2957898
0.0263230
-0.2882885
-0.4243122
-0.4322864
-0.1398026
0.0999720
0.1896596
0.1568706
0.1413473
0.0747341
0.0736331
0.0626011
-0.0260546
-0.0136142
-0.0239643
-0.0309169
-0.0677535
-0.0962685
0.0020763
0.0119025
0.0010429
0.0535678
0.0034087
0.0637815
0.0435347
-0.0052252
0.0549803
0.0485727
0.0215383
-0.0275909
0.0199970
-0.0594037
-0.0121590
-0.0419420
-0.0272204
0.0177453
-0.0416101
-0.0049114
-0.0212900
-0.0091507
0.0360029
-0.0332934
0.0018807
-0.0210447
-0.0064210
0.0308629
-0.0229120
0.0050682
0.0274918
0.0083792
0.0016438
-0.0381034
0.0112549
0.0372384
-0.0058688
0.0288132
0.0084267
-0.0389590
0.0127995
-0.0104319
0.0132574
-0.0245014
-0.0012439
-0.0384416
-0.0288083
0.0057922
0.0064537
0.0334254
-0.0400834
-0.0085492
-0.0219121
-0.0017049
0.0228852
0.0443915
0.0084589
0.0183791
0.0134715
-0.0315550
0.0275821
0.0245419
0.0016960
0.0267826
0.0207006
-0.0480880
0.0285374
0.0206366
-0.0264595
0.0122693
0.0066481
-0.0247592
-0.0428413
0.0064198
0.0244090
0.0045939
0.0193929
0.0281594
0.0025300
0.0178802
-0.0364638
-0.0081937
-0.0446091
0.0075499
0.0285539
0.0335366
0.0327109
-0.0316961
0.0272509
-0.0036287
-0.0253571
-0.0401552
0.0233709
0.0471746
-0.0026415
0.0222027
-0.0364081
0.0351442
0.0114391
0.0243236
0.0267196
-0.0008062
-0.0196900
0.0159361
0.0186533
0.0123203
-0.0023958
-0.0185776
0.0223995
0.0323694
0.0255543
-0.0293402
-0.0298142
-0.0060343
0.0147653
0.0486690
0.0192512
-0.0339782
0.0158319
-0.0044999
-0.0130057
0.0052984
-0.0025269
0.0239124
-0.0325689
0.0325012
0.0388246
0.0423217
-0.0401382
-0.0245419
-0.0301252
-0.0126439
-0.0027767
0.0284185
-0.0425504
-0.0218186
0.0232665
-0.0253914
-0.0336026
0.0367365
-0.0128720
0.0353938
0.0245375
0.0211851
-0.0153997
0.0068735
0.0017436
-0.0431391
-0.0210757
0.0060571
0.0140337
0.0094302
-0.0154474
0.0522460
0.0104014
0.0328429
0.0402186
0.0186424
-0.0096533
-0.0218260
0.0355247
-0.0185371
-0.0024526
-0.0310593
-0.0378327
0.0386962
0.0243563
-0.0358923
-0.0010024
0.0237096
0.0523096
0.0538520
0.0131674
-0.0088919
0.0184277
-0.0474407
-0.0460507
-0.0557273
-0.0287570
0.0062165
0.0268034
0.0404554
-0.0117159
-0.0210404
0.0594417
0.0132835
0.0200395
0.0115873
0.0749588
-0.0177389
-0.0365364
0.0041531
-0.0414458
-0.0914609
-0.0963607
-0.0999922
-0.0755851
-0.0604178
-0.0816356
-0.0300005
0.1634302
0.2607830
0.3449946
0.2276473
-0.0199977
-0.3141308
-0.4991334
-0.4092736
-0.1491161
0.1057767
0.2184652
0.1989167
0.1151341
0.0935376
0.0261575
0.0313717
0.0154736
-0.0332534
-0.0202189
-0.0185963
-0.0230762
-0.0056963
-0.0564273
-0.0389230
-0.0312030
0.0688711
0.0396886
0.0561646
0.0362342
0.0376695
0.0515838
0.0228447
0.0374591
-0.0337449
-0.0242159
-0.0541952
-0.0377170
0.0064080
-0.0063771
-0.0319886
-0.0026631
0.0116523
0.0243704
0.0250233
0.0418008
0.0339558
-0.0156997
-0.0141297
0.0287035
-0.0245654
0.0198273
-0.0217191
-0.0117616
-0.0307318
0.0080596
-0.0132048
0.0233890
0.0491676
-0.0248522
-0.0141070
0.0008658
0.0161618
0.0322117
0.0174459
0.0121275
-0.0324270
0.0346763
0.0170073
-0.0070611
-0.0377034
-0.0120387
-0.0261836
-0.0004552
0.0118368
-0.0350593
0.0366773
-0.0312842
0.0142961
0.0372002
0.0234126
-0.0254933
0.0194945
-0.0028580
0.0250610
-0.0149832
-0.0339255
0.0328716
0.0367413
0.0146665
-0.0428671
-0.0283086
-0.0209369
-0.0481194
0.0203474
0.0145141
0.0022619
0.0180576
-0.0109798
-0.0434380
-0.0205077
-0.0432608
-0.0032727
0.0030015
0.0274654
0.0281799
-0.0376440
0.0309363
0.0254912
0.0382482
0.0126301
-0.0271902
-0.0495788
-0.0478044
-0.0009301
-0.0107525
0.0452987
0.0123669
-0.0462015
-0.0012378
0.0047213
-0.0214317
0.0250388
-0.0103894
0.0390336
-0.0033184
-0.0147125
-0.0226135
-0.0332545
-0.0043895
0.0162249
0.0009405
0.0230801
-0.0068175
-0.0135738
0.0391395
-0.0271987
-0.0010335
-0.0192454
0.0417311
-0.0202394
-0.0319920
0.0079347
-0.0314575
-0.0330209
0.0025152
-0.0461830
0.0305807
0.0000551
0.0276919
0.0149991
0.0452572
-0.0362586
-0.0457037
-0.0311837
0.0175042
-0.0087359
0.0240349
-0.0127901
0.0222542
-0.0059018
-0.0090303
0.0048170
-0.0129918
-0.0381266
-0.0290985
-0.0184737
-0.0326994
-0.0115207
0.0011552
-0.0139258
-0.0265495
-0.0368282
0.0177395
0.0200791
-0.0176084
0.0412287
-0.0216359
0.0296015
0.0132848
0.0307023
-0.0138291
-0.0068744
-0.0137310
0.0303499
-0.0385034
0.0109894
-0.0379359
0.0018568
-0.0254484
0.0021089
0.0378964
-0.0248906
0.0009445
0.0242599
-0.0494635
-0.0220325
0.0225343
-0.0184416
-0.0567524
-0.0491662
0.0151271
0.0172819
0.0028884
-0.0210882
0.0417824
0.0052107
-0.0038432
0.0537161
0.0076578
0.0014237
0.0290110
0.0087321
-0.0435504
-0.0990465
-0.0527683
-0.1389739
-0.1002242
-0.0968245
-0.0442349
0.0271274
0.1180614
0.3152833
0.3227326
0.2309439
-0.0424327
-0.3827713
-0.4583854
-0.3610089
-0.0905922
0.0881587
0.1967576
0.2182836
0.1872103
0.0774563
0.0847014
-0.0311684
0.0034876
-0.0409790
-0.0788265
-0.0953928
-0.0786766
-0.0454789
-0.0637369
-0.0249481
0.0296023
0.0334951
0.0325237
0.0162685
0.0504767
0.0428163
0.0037532
-0.0032725
0.0303363
0.0283285
-0.0269986
0.0101220
0.0154617
0.0100705
0.0169125
-0.0400888
-0.0056480
0.0433462
-0.0179989
0.0169887
-0.0295861
-0.0342704
-0.0251358
-0.0347477
0.0008353
-0.0310864
0.0275867
0.0112729
0.0038582
-0.0082880
0.0403607
0.0193701
-0.0020923
-0.0468555
-0.0132540
0.0411873
-0.0280063
0.0396948
-0.0294351
-0.0155541
-0.0304871
