-0.0019367
-0.0307916
-0.0087930
-0.0018138
0.0149536
0.0300406
0.0239408
-0.0123285
-0.0107108
0.0136475
-0.0117207
-0.0108568
-0.0289550
-0.0287103
-0.0069330
0.0050098
0.0209845
-0.0297913
0.0024838
-0.0168481
-0.0142890
0.0236809
0.0174857
0.0232255
0.0057922
-0.0121690
0.0135364
-0.0122510
0.0065239
-0.0041861
0.0113205
-0.0221219
0.0155456
0.0243741
0.0051900
-0.0146173
-0.0100599
-0.0042746
-0.0185688
0.0064342
-0.0231229
-0.0259823
-0.0061242
0.0038654
-0.0146211
0.0205585
0.0167823
0.0296472
0.0274459
0.0088559
-0.0357260
-0.0185833
0.0063075
-0.0043749
0.0264757
-0.0175501
0.0253012
0.0302560
0.0288244
0.0195879
-0.0205749
0.0210619
-0.0353479
0.0056695
0.0002420
0.0369500
-0.0129054
0.0000778
-0.0277606
-0.0216941
-0.0072564
-0.0033059
-0.0139404
0.0099118
-0.0168072
0.0138414
0.0294015
0.0229651
0.0133403
0.0000947
-0.0247462
0.0267612
0.0245135
-0.0023523
0.0001973
-0.0133877
-0.0344867
0.0222091
0.0116993
0.0072507
0.0003773
0.0029939
0.0083967
0.0241138
-0.0173485
0.0154899
-0.0063580
-0.0043469
-0.0029940
0.0230912
-0.0038363
-0.0321135
0.0015156
0.0026544
-0.0302548
-0.0271304
-0.0233823
-0.0301466
0.0014080
-0.0068330
0.0278920
0.0019156
0.0232659
0.0211924
-0.0013880
-0.0000251
0.0068651
-0.0218411
-0.0031795
-0.0199195
-0.0292393
-0.0010145
-0.0050505
-0.0225939
-0.0166352
0.0279093
0.0147110
0.0434673
0.0327762
0.0423471
0.0477016
0.0573385
-0.0066073
-0.0269254
-0.1047234
-0.1478780
-0.1781867
-0.1508771
-0.0533497
0.0897284
0.2051854
0.3095258
0.2084563
0.0456601
-0.1069199
-0.1342502
-0.1261278
-0.1167315
-0.0713179
-0.0024273
-0.0278665
-0.0004263
0.0194031
0.0456492
0.0474311
0.0554971
0.0608478
0.0499707
0.0266676
-0.0053369
-0.0180422
-0.0128586
-0.0118750
-0.0144006
-0.0031940
0.0080613
0.0034470
0.0113123
-0.0139649
0.0115936
0.0027835
-0.0112134
-0.0079708
-0.0068144
-0.0030301
0.0235710
0.0288627
0.0084153
0.0131019
0.0119285
-0.0067838
0.0068068
-0.0122156
0.0066590
-0.0264731
0.0038092
0.0191092
0.0171562
0.0244032
-0.0294015
-0.0075792
0.0203372
-0.0077026
0.0034940
0.0041360
-0.0138524
-0.0263550
-0.0138060
0.0171578
0.0088344
-0.0321215
-0.0237818
-0.0075362
-0.0240879
-0.0194670
0.0205423
-0.0083727
0.0167497
-0.0070237
-0.0036625
-0.0023341
0.0094525
-0.0142797
-0.0077713
-0.0234831
0.0200204
0.0372818
-0.0225972
-0.0101047
-0.0089817
-0.0276869
0.0243237
0.0011494
0.0023002
0.0235418
0.0073742
0.0259238
-0.0019513
0.0114219
0.0297097
-0.0094830
0.0313793
-0.0208627
0.0232615
0.0216521
-0.0012541
-0.0098926
0.0238014
0.0269255
-0.0109586
-0.0216279
0.0019452
0.0198064
0.0059346
0.0146957
-0.0289421
-0.0080993
0.0461880
0.1167138
0.1487085
0.0113274
-0.1355885
-0.2291522
-0.1938465
-0.0236021
0.1009610
0.1295643
0.0839898
0.0341535
0.0040314
0.0238734
-0.0254451
-0.0284264
-0.0243110
-0.0483833
0.0071039
-0.0170405
0.0002422
-0.0240133
-0.0029265
0.0084250
0.0321805
0.0152353
-0.0036256
0.0165748
0.0149006
0.0113862
-0.0175344
-0.0331844
0.0101738
0.0136488
-0.0023805
0.0069052
-0.0253315
-0.0104684
-0.0214577
0.0338916
0.0219027
-0.0063302
0.0015342
0.0229810
0.0017526
0.0289460
0.0290831
-0.0245202
0.0047174
0.0092697
-0.0031654
-0.0025772
-0.0027203
-0.0166197
0.0194297
0.0091163
0.0298066
0.0122343
-0.0198204
-0.0137436
-0.0011506
0.0156454
0.0145306
-0.0201322
0.0203481
0.0034919
-0.0063279
0.0073231
-0.0127156
-0.0088789
-0.0222805
0.0132301
0.0087522
-0.0036430
0.0209647
-0.0184184
0.0007384
0.0096891
-0.0044134
0.0251835
-0.0112596
-0.0282582
-0.0260947
-0.0042517
0.0232642
-0.0103655
-0.0089469
0.0010931
-0.0008351
-0.0152757
-0.0093579
-0.0256867
-0.0157287
-0.0241600
-0.0151466
0.0003276
0.0063421
-0.0312127
-0.0247107
0.0142371
0.0073702
0.0110999
0.0018268
0.0003215
0.0204247
-0.0005804
-0.0008029
-0.0149864
0.0264970
-0.0077078
0.0146226
-0.0057124
-0.0269231
0.0143205
0.0170412
-0.0020469
0.0060105
-0.0059620
0.0145725
-0.0129359
0.0156862
-0.0261059
-0.0046700
0.0008634
-0.0162940
0.0185160
-0.0166343
-0.0045129
0.0072500
-0.0183478
0.0221062
-0.0026140
-0.0298636
-0.0184805
-0.0159765
-0.0207656
-0.0000091
0.0163011
0.0153762
-0.0135589
-0.0025355
0.0303170
0.0359448
0.0104985
0.0250428
0.0242739
0.0057741
-0.0177171
0.0147257
0.0245050
-0.0269915
-0.0317848
-0.0122498
0.0046376
-0.0256470
0.0326467
0.0308512
0.0047930
0.0379505
-0.0102649
0.0124559
0.0345743
0.0235838
0.0111467
-0.0173856
0.0078669
-0.0535497
-0.0288129
-0.0422155
-0.0404781
-0.0201465
-0.0189515
0.0350934
0.0573656
0.0554959
0.0385326
0.0371755
0.0535508
0.0098777
0.0035550
-0.0577976
-0.0657989
-0.1038936
-0.1801077
-0.1508994
-0.1112237
0.0116442
0.2290248
0.2762185
0.2510498
0.1016344
-0.0823425
-0.1917489
-0.1696107
-0.0990482
-0.0402250
-0.0299033
-0.0400763
0.0097849
0.0148460
0.0241358
0.0289602
0.0110382
0.0104593
0.0142793
0.0143198
0.0010432
-0.0342412
-0.0194671
-0.0403178
0.0128060
0.0146371
0.0139179
-0.0390070
0.0133962
0.0225388
0.0142597
0.0139985
0.0363224
-0.0109538
0.0014284
-0.0182018
-0.0245994
0.0088380
-0.0079056
0.0115143
0.0193470
-0.0058515
0.0141326
0.0266401
-0.0049297
-0.0170653
0.0162553
-0.0172861
0.0226395
-0.0012721
0.0115255
-0.0015592
-0.0077032
0.0022187
-0.0070814
0.0255330
-0.0329187
0.0160997
0.0138948
-0.0051045
0.0163560
0.0095608
0.0181066
0.0007671
0.0244268
0.0241529
0.0169904
0.0181686
-0.0233452
0.0292129
-0.0179554
-0.0040830
0.0277281
0.0249454
0.0049214
-0.0220560
0.0005780
0.0011891
-0.0061034
0.0281956
-0.0010944
-0.0241136
0.0213032
0.0184655
-0.0095131
-0.0126979
0.0056903
-0.0129878
0.0151769
0.0051487
0.0046471
0.0221768
0.0305348
-0.0255915
0.0158191
-0.0245311
-0.0066474
-0.0106023
-0.0342049
-0.0166184
0.0206095
-0.0037310
0.0230980
0.0042790
0.0259134
0.0022893
0.0082769
0.0239821
0.0000574
0.0276702
0.0012647
-0.0229272
0.0127903
0.0177701
-0.0269201
0.0173276
-0.0271438
-0.0018259
-0.0008210
0.0010338
0.0145863
-0.0105712
0.0119326
0.0118605
0.0230953
0.0014439
-0.0281383
-0.0031556
-0.0019742
-0.0616997
-0.0223172
-0.0443663
-0.0274697
0.0061253
0.0040841
-0.0054574
0.0369817
0.0524236
0.0472796
0.0385084
0.0429234
0.0242034
-0.0005144
-0.0685856
-0.1187878
-0.1175320
-0.1804094
-0.1169996
-0.0043262
0.1231654
0.2604291
0.2628457
0.0965794
-0.0031603
-0.1074370
-0.1261603
-0.0812179
-0.0614342
-0.0538582
-0.0257911
0.0308829
0.0396047
0.0102336
0.0134358
0.0557093
0.0349315
0.0545265
0.0102939
0.0332988
0.0120776
-0.0012999
0.0038629
-0.0456748
0.0027592
-0.0234944
0.0113234
0.0146831
-0.0063979
0.0201432
0.0027179
0.0110942
0.0376355
0.0134179
-0.0144389
-0.0078370
-0.0155147
0.0013725
-0.0162002
0.0176906
-0.0208231
0.0092517
-0.0157730
-0.0247161
-0.0168268
0.0069565
-0.0266589
-0.0205542
-0.0013246
0.0116111
0.0143730
-0.0085021
0.0093043
-0.0085173
0.0050877
0.0115963
-0.0138321
-0.0037401
-0.0111274
-0.0014252
0.0132960
0.0275652
0.0183381
0.0133522
-0.0074172
0.0281297
-0.0211112
0.0206211
0.0014372
-0.0133871
-0.0262405
0.0059609
-0.0040023
-0.0163147
0.0217453
0.0191885
-0.0205796
0.0015349
0.0193100
-0.0215864
0.0012731
0.0031482
0.0030919
0.0187886
0.0214119
-0.0228913
0.0173299
0.0073193
0.0186770
0.0083223
0.0307204
0.0102003
0.0085301
0.0156658
0.0212920
-0.0264241
0.0172270
-0.0114399
-0.0108756
-0.0205585
0.0124718
0.0246941
-0.0252599
-0.0111615
-0.0073511
-0.0379188
-0.0120338
0.0182582
0.0411916
0.1364566
0.1043766
-0.0049628
-0.1454584
-0.1483665
-0.0994881
-0.0070913
0.0838201
0.0682253
0.0492496
0.0054555
0.0368173
0.0366986
-0.0086031
-0.0219045
-0.0489274
-0.0360386
-0.0213209
0.0049233
0.0002096
0.0090636
0.0312367
0.0419338
0.0149095
0.0071243
0.0215563
0.0224035
-0.0056327
-0.0003002
0.0240319
-0.0243090
-0.0301695
-0.0240520
-0.0041559
-0.0163108
-0.0115603
0.0026764
-0.0238250
-0.0057208
0.0417230
-0.0005688
0.0010868
0.0197277
0.0076093
-0.0181829
0.0196564
-0.0069361
0.0030804
0.0058725
-0.0078797
-0.0221704
0.0010043
0.0007167
-0.0100717
0.0283078
-0.0053657
0.0197759
0.0053008
-0.0149899
0.0188076
-0.0131947
-0.0028843
0.0021800
0.0309023
0.0106040
-0.0031359
-0.0158621
0.0018585
-0.0154104
0.0122469
0.0066913
0.0003262
-0.0244365
0.0225484
-0.0019471
-0.0112950
-0.0140217
0.0036208
-0.0120909
0.0102236
-0.0164797
0.0225919
-0.0171285
0.0132206
0.0235957
0.0116627
-0.0236242
-0.0074418
0.0146051
-0.0182782
0.0198153
-0.0002979
-0.0042269
0.0169467
0.0202191
-0.0074645
0.0088589
0.0182127
-0.0009042
-0.0274823
-0.0246529
-0.0079608
-0.0215155
0.0190591
-0.0091568
0.0063552
-0.0265504
-0.0141307
-0.0238457
-0.0233445
0.0127647
0.0236182
-0.0269734
0.0213592
0.0116764
-0.0130206
0.0174362
-0.0063612
-0.0147665
-0.0190462
-0.0022118
-0.0028696
0.0067158
-0.0256995
-0.0170330
-0.0012080
0.0142452
-0.0014121
0.0169798
0.0247884
0.0290581
-0.0003207
0.0212230
0.0254151
0.0197275
0.0134077
-0.0001445
0.0033186
0.0194716
0.0113249
0.0013155
0.0213404
0.0106209
0.0056163
-0.0213066
-0.0195320
-0.0122921
-0.0004964
0.0234084
-0.0017554
0.0185495
-0.0113205
-0.0355774
-0.0336255
-0.0278735
-0.0056869
-0.0153406
0.0275574
-0.0271930
0.0129617
0.0241860
0.0087280
0.0236744
-0.0008839
0.0395098
-0.0204835
-0.0278520
-0.0491716
-0.0196120
-0.0229353
-0.0109031
-0.0450693
-0.0219166
0.0074616
-0.0192459
0.0361943
0.0384913
0.0845813
0.0888209
0.0839233
0.0432878
0.0118732
0.0022148
-0.0564119
-0.1416183
-0.1781609
-0.1617161
-0.1260136
0.0089597
0.1914946
0.3283588
0.2650026
0.1400502
-0.0561014
-0.1867770
-0.1617828
-0.1307404
-0.0408895
-0.0610164
-0.0204642
0.0232454
0.0217549
0.0480913
0.0336965
0.0517094
0.0111689
0.0463404
0.0329662
0.0085271
-0.0351714
0.0060957
-0.0272254
-0.0146096
-0.0092135
0.0029032
-0.0344125
-0.0065573
-0.0200503
0.0180774
-0.0180769
0.0357886
0.0097720
0.0404435
0.0295559
-0.0011971
0.0094262
0.0011673
-0.0017443
0.0159647
0.0015980
0.0084681
0.0031941
0.0065325
-0.0071508
-0.0199041
-0.0050490
0.0027405
-0.0022756
-0.0040242
0.0273507
-0.0113542
-0.0220899
-0.0201853
-0.0154869
0.0124573
0.0118894
0.0052204
-0.0010121
-0.0145181
0.0091718
0.0041344
0.0025058
0.0233758
0.0263036
-0.0013158
0.0192987
0.0035248
0.0122218
0.0235141
0.0027910
0.0235150
-0.0137862
-0.0058367
0.0038966
0.0282942
0.0155023
0.0116967
-0.0073529
0.0196242
-0.0084533
0.0132770
-0.0103696
0.0287189
-0.0018783
0.0041758
0.0176590
-0.0203883
-0.0276319
-0.0010171
0.0167426
-0.0007869
0.0158887
-0.0028473
-0.0011558
0.0268897
0.0107061
0.0099311
-0.0287742
0.0032170
-0.0112994
0.0194661
0.0050497
0.0236678
-0.0155122
0.0150159
-0.0052167
0.0286019
0.0136248
-0.0289444
0.0171179
0.0203426
-0.0082609
0.0093921
-0.0113031
-0.0207018
0.0073135
0.0254805
-0.0202480
-0.0173561
0.0447482
0.0001492
0.0326582
0.0317422
0.0035946
-0.0284912
-0.0014225
-0.0145293
-0.0358277
-0.0253571
-0.0413577
-0.0365715
0.0091664
-0.0120585
0.0477132
0.0503658
0.0684025
0.0653933
0.0425506
0.0282033
-0.0115636
0.0010260
-0.0518421
-0.1370937
-0.1632546
-0.1964113
-0.1034084
0.0247249
0.1909638
0.3016905
0.2721072
0.1233253
-0.0877562
-0.1853665
-0.1637885
-0.1151761
-0.0989068
-0.0422716
-0.0239742
-0.0122039
0.0294896
0.0434424
0.0811294
0.0237797
0.0442352
0.0369918
0.0253612
-0.0115287
-0.0381732
-0.0131956
-0.0457479
0.0016482
0.0034797
-0.0223658
-0.0142123
0.0158421
0.0265309
0.0051667
0.0132392
0.0061293
0.0039826
0.0048957
0.0296103
-0.0134050
-0.0084231
-0.0118780
0.0042179
-0.0251484
-0.0266072
-0.0256972
-0.0110853
0.0173101
-0.0339067
-0.0112396
0.0018905
-0.0068138
-0.0024146
-0.0109757
0.0294751
-0.0148721
-0.0014490
-0.0248230
-0.0077743
-0.0111651
0.0215312
-0.0203475
0.0011553
-0.0216152
0.0191200
-0.0117052
0.0203042
0.0164731
0.0070260
0.0124154
0.0254201
0.0055620
0.0242970
0.0027574
-0.0102224
-0.0147417
0.0128801
-0.0079949
0.0130339
-0.0174732
0.0160563
-0.0282129
0.0148756
0.0243503
0.0220645
0.0173929
-0.0100480
-0.0008131
-0.0142153
-0.0141995
0.0027189
-0.0290782
0.0236991
0.0201270
-0.0091011
-0.0093788
-0.0216216
-0.0043959
0.0040736
0.0300990
0.0110602
0.0124210
-0.0185749
0.0133433
0.0249738
-0.0041488
0.0255086
-0.0145974
-0.0236611
0.0230184
0.0148694
0.0266041
-0.0087644
-0.0231024
0.0175136
0.0078303
-0.0203307
-0.0345215
-0.0157930
-0.0070960
-0.0105733
-0.0168175
0.0054395
0.0235717
0.0332321
-0.0026123
0.0129634
0.0219240
-0.0131953
-0.0048779
-0.0196037
-0.0066261
-0.0079980
-0.0484069
-0.0295117
-0.0088330
-0.0080418
0.0288987
0.0661523
0.0760569
0.0872802
0.0845693
0.0189091
0.0023742
-0.0576067
-0.0548694
-0.1373796
-0.1537117
-0.1694620
-0.1071776
0.0347659
0.2252097
0.2900902
0.2427578
0.0769144
-0.0992706
-0.1806576
-0.1305685
-0.0863956
-0.0521999
-0.0619284
-0.0242801
0.0194833
0.0123753
0.0208580
0.0550758
0.0599068
0.0279066
0.0125564
-0.0012896
0.0091284
0.0130552
-0.0390555
-0.0131536
-0.0088140
-0.0363575
-0.0334978
-0.0088427
0.0229362
-0.0043163
0.0056245
0.0421223
-0.0185078
0.0314167
-0.0290841
-0.0177290
-0.0071874
0.0261603
0.0221061
-0.0097667
-0.0056657
-0.0352831
-0.0003393
-0.0170868
0.0138328
-0.0043751
0.0071239
-0.0039411
0.0203728
-0.0067853
0.0088240
0.0072289
-0.0212217
0.0153339
-0.0054171
0.0015772
0.0078335
0.0007599
-0.0225555
0.0126443
0.0176397
0.0081439
-0.0278690
-0.0152197
0.0307617
-0.0012322
-0.0176341
0.0088937
0.0173503
0.0212490
0.0060457
-0.0267039
0.0023739
-0.0305534
-0.0280575
-0.0189382
