-0.0104433
0.0046937
0.0087906
-0.0072333
0.0197074
0.0054381
-0.0033758
-0.0054585
-0.0040624
-0.0086466
-0.0115176
0.0055698
0.0122405
-0.0092400
0.0054463
0.0119883
0.0009266
-0.0077009
0.0042160
-0.0078999
-0.0150803
0.0127605
-0.0078836
0.0121841
0.0018841
0.0036134
0.0014261
0.0166430
0.0036008
-0.0201619
-0.0165659
-0.0118172
0.0037638
-0.0099502
0.0154093
-0.0063048
0.0000920
0.0047541
-0.0073907
-0.0252440
-0.0210898
-0.0196415
0.0054981
0.0147064
-0.0012286
0.0136936
0.0109336
0.0153141
-0.0047525
-0.0073364
-0.0090112
-0.0084956
-0.0008147
-0.0141118
-0.0010311
-0.0066269
-0.0136827
-0.0047485
0.0025114
0.0021615
-0.0012058
0.0106179
0.0184882
0.0231434
0.0291235
0.0138996
-0.0023046
-0.0180294
-0.0337163
-0.0454563
-0.0336982
-0.0678975
-0.0490729
-0.0208228
-0.0062183
0.0387736
0.0682704
0.1029414
0.1188904
0.0821203
0.0049927
-0.0764329
-0.1693602
-0.1890251
-0.1210808
-0.0172131
0.0523135
0.0953337
0.0910198
0.0781839
0.0515779
0.0229590
-0.0073808
-0.0023748
-0.0450760
-0.0464588
-0.0233980
-0.0328379
-0.0268470
-0.0022527
-0.0128184
0.0202922
0.0232730
0.0170688
0.0176789
0.0040566
-0.0077645
0.0028002
-0.0035645
-0.0081872
0.0027618
0.0067567
-0.0230343
0.0078234
0.0091970
0.0133461
0.0117038
0.0037806
0.0105143
-0.0114621
-0.0088485
-0.0037701
-0.0126670
-0.0098652
0.0029158
0.0061031
-0.0057478
-0.0040411
0.0058710
-0.0144718
0.0019456
-0.0207476
-0.0058134
0.0210597
-0.0082898
-0.0103278
-0.0151235
-0.0133940
0.0055309
0.0013699
-0.0127664
-0.0178608
0.0068219
-0.0194484
0.0008770
-0.0082592
0.0208124
-0.0037790
-0.0017847
0.0078774
-0.0142060
-0.0005468
0.0100168
0.0080003
0.0124148
-0.0182017
-0.0231798
-0.0279685
-0.0204963
-0.0060803
0.0072481
-0.0040193
0.0152482
0.0118678
0.0117663
0.0004239
-0.0084779
-0.0064876
-0.0040572
-0.0152310
-0.0073528
-0.0113743
-0.0085641
-0.0102842
-0.0101076
-0.0007114
0.0086095
0.0067648
-0.0083289
0.0090410
0.0000052
0.0195485
0.0153836
0.0300319
0.0297085
0.0131306
-0.0104754
-0.0046428
-0.0405099
-0.0521404
-0.0380653
-0.0394028
-0.0512273
0.0023587
0.0185692
0.0772631
0.0866277
0.1038332
0.1220229
0.0631997
-0.0265594
-0.1340366
-0.1923125
-0.1347647
-0.0434078
0.0328208
0.0829300
0.0800628
0.0790458
0.0488706
0.0253588
-0.0080338
-0.0262046
-0.0235978
-0.0378417
-0.0342522
-0.0412656
-0.0250162
-0.0128914
0.0017528
0.0002666
0.0131430
0.0004064
0.0162394
0.0176563
0.0276874
-0.0002470
0.0025698
0.0018195
-0.0252298
0.0052242
-0.0204707
0.0137716
0.0110228
-0.0028903
-0.0093212
-0.0071010
-0.0023316
0.0080224
-0.0005611
-0.0109821
-0.0143170
-0.0068830
-0.0056837
-0.0053983
-0.0034248
0.0167491
-0.0045378
0.0099666
-0.0151241
-0.0104097
0.0015491
-0.0092829
0.0032184
0.0248589
0.0002417
0.0170288
0.0008154
0.0102742
0.0117882
-0.0020959
-0.0108455
-0.0076797
0.0043125
0.0103682
-0.0058722
0.0000001
-0.0172713
-0.0079206
0.0056629
0.0104589
0.0143711
0.0085297
0.0024232
-0.0012198
0.0150414
-0.0025522
-0.0324707
-0.0323030
-0.0203339
0.0134862
-0.0045805
0.0052653
0.0162105
0.0093781
-0.0020523
0.0061109
-0.0023062
0.0144343
-0.0079012
-0.0104393
-0.0197763
-0.0189093
-0.0152864
-0.0037484
0.0002109
-0.0039981
-0.0060068
0.0020818
0.0238182
-0.0007902
0.0218513
0.0336280
0.0287978
0.0060384
-0.0117621
-0.0241597
-0.0273638
-0.0278151
-0.0228789
-0.0491542
-0.0512626
-0.0289172
0.0115169
0.0447798
0.0760899
0.0860540
0.1203339
0.0908035
0.0220070
-0.0585764
-0.1510387
-0.1721503
-0.1201978
-0.0017831
0.0609064
0.0731958
0.0582567
0.0580786
0.0388570
0.0323776
0.0262958
-0.0016738
-0.0361217
-0.0327852
-0.0422669
-0.0322902
-0.0323250
0.0020752
-0.0099750
-0.0134548
0.0029299
0.0227050
0.0159092
0.0031126
0.0173129
0.0100451
0.0059025
-0.0122161
0.0020511
-0.0084327
-0.0257676
-0.0054452
0.0142916
0.0167603
0.0115724
-0.0003063
-0.0081015
-0.0100218
0.0147965
-0.0073714
-0.0033718
0.0044979
0.0119590
0.0110053
0.0013912
-0.0158341
0.0064669
-0.0034925
-0.0020046
0.0069204
0.0002101
0.0020213
-0.0080273
0.0110994
-0.0111485
0.0025935
-0.0134160
-0.0183251
0.0142008
0.0039941
0.0122340
-0.0190837
-0.0177494
-0.0175784
0.0032056
0.0109921
0.0007420
0.0059074
0.0083737
0.0169782
0.0071140
0.0072572
-0.0030100
0.0069391
-0.0150572
-0.0164408
-0.0120881
-0.0052428
0.0045241
0.0122633
0.0282164
0.0163056
0.0165196
-0.0033654
0.0013869
-0.0144507
-0.0128047
0.0204047
0.0143877
-0.0017282
-0.0222719
0.0001958
-0.0024814
0.0107102
-0.0007494
0.0042836
-0.0003310
0.0082038
0.0153793
0.0247543
0.0209240
0.0049170
0.0071389
0.0287858
0.0051532
-0.0033643
-0.0111532
-0.0335250
-0.0500179
-0.0531280
-0.0515438
-0.0437790
0.0058775
0.0375339
0.0662492
0.0550011
0.0708261
0.0769923
0.0671594
0.0094490
-0.0840017
-0.1677835
-0.1466884
-0.0965115
0.0083775
0.0686179
0.0883406
0.0505302
0.0279143
0.0210525
0.0257474
0.0221672
-0.0103681
-0.0220277
-0.0333758
-0.0138313
-0.0368679
-0.0187574
-0.0132411
-0.0064204
0.0257248
0.0257493
0.0323553
0.0251378
-0.0001212
0.0081915
-0.0069526
0.0080662
-0.0065559
-0.0146580
0.0101881
-0.0005554
0.0079792
0.0012909
-0.0068574
-0.0235240
0.0080188
0.0112783
0.0204448
0.0118174
0.0078098
-0.0142074
0.0058125
0.0085889
-0.0078003
0.0166739
-0.0149575
-0.0122973
0.0091446
-0.0138158
-0.0079074
-0.0187407
-0.0137690
-0.0098831
0.0056348
0.0216161
0.0156439
-0.0090817
-0.0000465
-0.0244767
0.0165080
0.0121909
0.0141141
-0.0071590
0.0027179
0.0111373
0.0140251
0.0107851
0.0026500
-0.0067028
-0.0040667
0.0140573
0.0077345
-0.0217121
-0.0037946
-0.0215254
0.0033412
0.0078944
0.0193316
0.0158764
0.0215531
0.0149101
0.0161975
0.0109665
-0.0089389
0.0000542
-0.0027443
-0.0081312
0.0133866
0.0155602
0.0021639
-0.0157863
-0.0122642
-0.0174665
-0.0104858
-0.0044825
0.0110065
0.0071849
0.0214825
0.0218794
0.0058348
0.0260208
0.0285199
0.0230644
0.0189936
-0.0019583
-0.0278436
-0.0209607
-0.0359538
-0.0500883
-0.0285275
-0.0186347
0.0246567
0.0314585
0.0678504
0.0892616
0.0947409
0.0894329
0.0413790
-0.0554092
-0.1261001
-0.1611340
-0.1359325
-0.0428255
0.0436561
0.0687429
0.0732043
0.0508134
0.0422670
0.0341608
0.0192805
-0.0086974
-0.0174337
-0.0363997
-0.0483221
-0.0365149
-0.0211293
-0.0153829
0.0054780
0.0097896
0.0305395
0.0297470
0.0274577
-0.0011268
0.0183356
0.0074511
-0.0190146
-0.0005479
0.0064625
-0.0171189
-0.0210281
-0.0154339
-0.0058432
0.0019164
-0.0059146
0.0008261
0.0046458
-0.0138316
0.0044582
0.0125000
-0.0005764
0.0229079
0.0090725
-0.0086107
0.0019706
0.0128575
-0.0112815
0.0129373
0.0140825
-0.0013052
0.0139167
-0.0152393
-0.0015079
-0.0091979
-0.0026121
0.0063196
0.0029932
-0.0051048
0.0038599
0.0074229
-0.0125384
0.0087772
0.0073843
-0.0028380
0.0118634
0.0076069
0.0060220
0.0016574
0.0059625
0.0014943
0.0142397
0.0103119
0.0013123
-0.0120648
-0.0035405
-0.0186237
-0.0102470
-0.0038587
-0.0053537
-0.0049308
0.0069941
-0.0038022
-0.0029446
-0.0087317
-0.0039714
0.0159140
-0.0016442
-0.0169713
0.0012205
-0.0030594
-0.0253337
-0.0233583
-0.0052582
-0.0076435
0.0016132
-0.0087671
0.0202492
0.0266879
0.0111918
0.0337219
0.0094950
0.0222402
0.0194750
0.0009940
-0.0222144
-0.0315020
-0.0367569
-0.0356013
-0.0577433
-0.0452668
-0.0207220
0.0206814
0.0689425
0.0840220
0.1007112
0.0923717
0.0647390
-0.0051076
-0.0881342
-0.1790331
-0.1791057
-0.0708649
0.0218873
0.0936710
0.0816956
0.0800461
0.0376457
0.0452912
0.0114855
0.0077938
-0.0148745
-0.0307405
-0.0320128
-0.0341828
-0.0327299
-0.0256870
-0.0230606
-0.0092702
-0.0077648
0.0194136
0.0224421
0.0115178
0.0271229
0.0238876
-0.0066398
0.0082068
-0.0170382
0.0057900
-0.0090206
-0.0207759
0.0029748
-0.0145957
-0.0092455
0.0014575
0.0122665
-0.0067320
-0.0003390
-0.0091328
0.0026206
0.0141574
0.0227748
0.0233415
0.0024342
-0.0165605
-0.0002615
-0.0020324
0.0098209
0.0103581
0.0106414
0.0065306
0.0061231
0.0062505
-0.0181840
0.0080267
-0.0064108
0.0165531
0.0146335
0.0067181
-0.0163332
0.0002592
0.0169035
0.0060316
-0.0038712
0.0007821
-0.0029188
0.0080964
0.0098777
-0.0127552
-0.0073219
0.0123304
0.0189001
0.0128534
-0.0019955
-0.0075029
-0.0190705
0.0043099
-0.0091194
0.0121151
0.0157726
0.0007800
0.0175085
-0.0016556
0.0197430
0.0085489
0.0135421
-0.0035255
-0.0215275
-0.0202129
-0.0161068
-0.0072269
-0.0219674
-0.0005094
-0.0131464
-0.0100942
-0.0029657
0.0156817
0.0128896
0.0306435
0.0272126
0.0111449
0.0280726
-0.0054179
-0.0206331
-0.0279750
-0.0427615
-0.0592821
-0.0387566
-0.0361418
-0.0151893
-0.0045296
0.0411452
0.0828666
0.0955300
0.1024954
0.1013521
0.0498186
-0.0528752
-0.1579657
-0.1915957
-0.1408638
-0.0351971
0.0560557
0.0871794
0.0774456
0.0572415
0.0514049
0.0476319
0.0001994
-0.0239891
-0.0208878
-0.0168495
-0.0233271
-0.0196217
-0.0232181
-0.0347883
-0.0133870
-0.0019907
0.0120148
0.0284034
0.0251537
0.0315705
0.0248926
0.0104518
0.0140949
-0.0006626
-0.0266003
-0.0197558
-0.0141667
0.0053506
0.0004054
-0.0068275
-0.0051868
0.0003662
0.0045439
0.0149720
0.0032622
-0.0160124
0.0070872
0.0022121
0.0104054
-0.0117407
-0.0051290
-0.0015466
0.0233124
0.0150802
-0.0154480
-0.0099771
-0.0102857
0.0039488
0.0105974
-0.0113266
0.0122219
0.0136053
-0.0117756
-0.0075306
-0.0027901
-0.0022450
-0.0132371
-0.0024721
0.0151631
0.0011124
0.0009549
-0.0088013
0.0050123
-0.0089375
-0.0004866
0.0214791
0.0170124
0.0224065
0.0215417
0.0020964
0.0036361
-0.0201249
0.0037287
-0.0152335
-0.0218875
-0.0006403
0.0070029
0.0217052
-0.0037440
0.0249090
0.0034480
0.0120590
0.0189510
-0.0055703
-0.0080144
-0.0116329
-0.0111728
-0.0011748
-0.0043930
0.0001383
-0.0205954
-0.0001388
0.0048930
0.0088916
0.0196465
0.0251646
0.0123119
0.0107317
0.0164404
0.0249341
-0.0168135
-0.0070278
-0.0044552
-0.0384562
-0.0332826
-0.0604197
-0.0329804
-0.0305334
0.0132731
0.0287272
0.0613356
0.1166375
0.1214368
0.1043585
0.0228899
-0.0947708
-0.1761101
-0.2053670
-0.1198305
-0.0003614
0.0976237
0.1066720
0.0612223
0.0334142
0.0315780
0.0375121
-0.0061031
-0.0281342
-0.0445698
-0.0315442
-0.0337278
-0.0119021
-0.0020327
-0.0097301
-0.0113802
0.0074144
0.0051186
0.0155081
0.0122869
0.0092409
0.0116760
-0.0070164
-0.0071222
0.0139221
0.0027533
-0.0238629
-0.0130885
0.0048210
-0.0142695
-0.0000290
-0.0087025
0.0052798
-0.0032402
0.0099415
0.0007939
-0.0094231
0.0092973
-0.0053550
-0.0057265
0.0052552
0.0076597
0.0035000
0.0070757
-0.0033117
-0.0024791
0.0040281
-0.0085557
-0.0007788
-0.0055051
-0.0056087
0.0024563
0.0062177
-0.0175017
-0.0161680
-0.0129940
-0.0014941
0.0092722
0.0164790
0.0082596
-0.0083290
0.0031656
0.0077773
-0.0065459
-0.0133277
0.0082139
-0.0042952
0.0085504
0.0079905
0.0081474
-0.0160122
-0.0181822
-0.0073405
0.0084875
-0.0136587
-0.0050597
-0.0115524
-0.0081191
-0.0030698
0.0077041
0.0169955
-0.0118886
0.0120845
-0.0012656
-0.0125848
-0.0161115
-0.0256361
-0.0080899
-0.0099598
-0.0091598
-0.0055256
-0.0109457
-0.0168620
-0.0074979
0.0204730
0.0161015
0.0120664
0.0218550
-0.0005653
0.0153480
0.0111626
0.0009381
-0.0262544
-0.0211491
-0.0356647
-0.0344699
-0.0498446
-0.0322075
-0.0004656
0.0246409
0.0669825
0.0948537
0.1103272
0.0740182
0.0245916
-0.0674834
-0.1413959
-0.1781847
-0.1099105
-0.0243694
0.0430947
0.0772825
0.0768116
0.0604319
0.0351353
0.0230343
0.0162537
-0.0105909
-0.0093211
-0.0246525
-0.0381532
-0.0358903
-0.0368617
-0.0178922
-0.0110014
0.0036948
0.0079688
0.0160490
0.0119301
0.0153863
0.0085811
0.0145624
-0.0030267
-0.0133608
-0.0207776
-0.0220005
-0.0146079
-0.0011378
-0.0075363
-0.0160019
0.0097180
0.0172227
0.0044850
0.0003648
-0.0002376
0.0154401
-0.0112231
0.0082020
0.0006000
-0.0109253
-0.0128972
0.0021659
0.0098904
-0.0105405
-0.0177148
0.0148519
-0.0025822
-0.0112304
-0.0046904
-0.0159468
-0.0036555
-0.0121838
-0.0022228
0.0033683
-0.0146101
-0.0146475
0.0093307
0.0026728
-0.0058083
0.0069991
0.0087681
-0.0103537
-0.0096943
0.0133198
-0.0111543
0.0151399
0.0033786
0.0153270
0.0124268
0.0082862
-0.0064113
-0.0036180
-0.0142023
0.0009838
-0.0173243
-0.0139291
-0.0049271
0.0205757
0.0169347
-0.0004180
-0.0026438
0.0138698
0.0193648
-0.0087344
0.0018703
-0.0115705
-0.0047046
-0.0305066
-0.0025080
0.0017819
0.0116407
0.0084245
0.0128736
-0.0011022
0.0015734
0.0247830
0.0252822
0.0100337
0.0087547
-0.0012019
-0.0124498
-0.0139328
-0.0043538
-0.0425746
-0.0521852
-0.0589376
-0.0566163
-0.0215547
0.0108574
0.0489246
0.0636177
0.1102818
0.0958223
0.0784891
0.0191329
-0.0944219
-0.1573123
-0.1842493
-0.1062996
-0.0031634
0.0551913
0.0990992
0.0887782
0.0684694
0.0484767
0.0116141
-0.0021186
-0.0087632
-0.0121293
-0.0198576
-0.0158211
-0.0233493
-0.0325639
-0.0257569
-0.0247966
0.0047965
0.0090055
0.0310416
0.0147327
0.0151819
0.0159266
-0.0084939
-0.0178937
-0.0062778
0.0045591
-0.0045137
-0.0189083
-0.0177775
-0.0043494
-0.0104796
-0.0080882
-0.0066483
-0.0127307
0.0144332
-0.0118118
0.0160784
0.0133947
0.0013173
0.0119454
0.0008775
0.0043438
-0.0041718
0.0067989
0.0140959
-0.0093990
-0.0155865
0.0096884
0.0144423
0.0136072
0.0006829
-0.0019955
-0.0027559
-0.0136537
-0.0039706
0.0142708
-0.0089582
-0.0107844
0.0090918
0.0153965
0.0083477
-0.0023518
0.0015882
0.0056049
-0.0070515
0.0045271
0.0033599
-0.0035066
-0.0017979
-0.0064504
-0.0289146
-0.0067736
-0.0005373
0.0112544
0.0192829
0.0141328
0.0217560
0.0000038
0.0086641
-0.0122177
-0.0071207
0.0131426
-0.0057351
-0.0093339
-0.0181964
-0.0108279
-0.0226478
0.0023244
-0.0034741
-0.0068310
