0.0459197
0.0090179
0.0396052
0.0377790
0.0272514
-0.0149236
-0.0030176
-0.0544815
-0.0475328
-0.0793457
-0.0766229
-0.0638706
-0.0218889
0.0046395
0.0793795
0.1812173
0.1933612
0.2029875
0.1153600
-0.1041619
-0.2341043
-0.2741711
-0.2076618
-0.0777550
0.0150761
0.1130758
0.1141763
0.1319133
0.0722669
0.0823735
0.0392421
-0.0132809
-0.0200856
-0.0242669
-0.0543779
-0.0684848
-0.0367931
-0.0070183
0.0018724
0.0041378
0.0059398
0.0272848
0.0090640
0.0381204
0.0080623
0.0117891
0.0140317
0.0010646
-0.0289349
-0.0050096
-0.0150022
-0.0410749
-0.0271324
0.0106584
-0.0167277
0.0164420
0.0236341
-0.0059246
0.0289331
0.0149609
0.0319450
-0.0017461
0.0089781
-0.0199144
0.0058868
0.0229904
0.0028701
-0.0172673
-0.0016937
-0.0109765
0.0113262
-0.0107328
-0.0126662
-0.0292575
0.0129986
-0.0061278
0.0121424
0.0370356
0.0310104
0.0201048
0.0089644
-0.0018873
0.0099333
0.0094622
-0.0237600
0.0179803
-0.0121820
0.0166490
0.0183857
-0.0218535
-0.0095100
-0.0102698
0.0084000
0.0193309
0.0099494
-0.0061261
-0.0227442
0.0220548
-0.0132644
-0.0121193
-0.0158665
-0.0120384
-0.0253826
0.0190050
-0.0196863
0.0012164
0.0040768
0.0170513
-0.0183224
-0.0090759
0.0026580
0.0011334
-0.0218352
0.0135658
-0.0163304
-0.0155444
-0.0295205
0.0087531
-0.0177791
0.0305723
0.0026234
-0.0013896
-0.0016583
0.0104474
-0.0090643
0.0023252
0.0340934
0.0136023
0.0032740
-0.0119990
0.0079869
0.0089332
0.0190233
-0.0148013
-0.0091205
-0.0007235
0.0157017
-0.0019171
0.0119267
0.0300967
0.0359982
0.0032755
0.0072339
0.0489674
0.0341207
0.0241116
-0.0361859
-0.0551990
-0.0707386
-0.0849556
-0.0458745
-0.0879616
-0.0686743
-0.0047969
0.0625604
0.1705590
0.2217756
0.1828462
0.0995918
-0.0371854
-0.1941540
-0.2925325
-0.2265436
-0.0824307
0.0464330
0.0872172
0.1096925
0.1036685
0.0905584
0.0917467
0.0307566
0.0315600
-0.0310693
-0.0702442
-0.0778405
-0.0441021
-0.0558598
-0.0390311
-0.0032252
-0.0188120
0.0127196
0.0114449
0.0169380
0.0373076
0.0349423
0.0123155
0.0320877
-0.0239843
-0.0203755
-0.0054071
-0.0317134
-0.0080630
-0.0229378
-0.0064812
0.0206413
0.0069218
0.0175187
0.0276483
-0.0016753
0.0237053
0.0097844
0.0030577
-0.0112114
0.0082685
0.0362294
-0.0153806
-0.0108448
-0.0009309
-0.0042663
-0.0210373
-0.0297027
-0.0239644
0.0124776
0.0147467
-0.0168874
0.0248197
0.0097294
0.0049346
-0.0108396
-0.0214663
-0.0167825
0.0077240
0.0191767
0.0079599
-0.0059269
-0.0213970
0.0226187
0.0222743
-0.0045878
0.0220199
-0.0255970
-0.0048853
0.0076783
-0.0051965
0.0028268
0.0035908
0.0057968
0.0169102
-0.0235672
0.0169202
0.0165073
0.0149822
0.0113234
-0.0253940
-0.0158540
0.0132390
-0.0200287
-0.0173587
0.0283065
-0.0089380
0.0217807
0.0106818
-0.0135806
-0.0316987
-0.0123728
0.0055849
-0.0187966
-0.0105307
-0.0072145
-0.0248561
0.0221086
0.0191090
0.0344517
0.0062864
0.0303126
0.0016001
0.0032991
0.0051268
-0.0258331
0.0005921
0.0033051
-0.0336887
-0.0201051
-0.0153129
0.0056055
-0.0144424
0.0328798
0.0426098
0.0230780
0.0152899
0.0364590
0.0527375
0.0390642
0.0039270
0.0085504
-0.0342228
-0.0442701
-0.0465881
-0.0865442
-0.0615025
-0.0650360
-0.0394664
0.0255776
0.1141092
0.2080992
0.2441411
0.1775253
0.0159163
-0.1284483
-0.2343579
-0.2575071
-0.1753228
-0.0301947
0.0531010
0.1017014
0.1031538
0.1258402
0.1058840
0.0653576
0.0037131
-0.0163205
-0.0142055
-0.0414772
-0.0278049
-0.0409032
-0.0577686
-0.0346270
-0.0023903
0.0165263
0.0314083
0.0407074
0.0262453
0.0020410
0.0336625
0.0337528
0.0215918
-0.0253582
-0.0049613
-0.0434493
-0.0398938
-0.0340969
-0.0365045
-0.0352910
-0.0214817
0.0029746
-0.0156273
0.0269595
0.0069331
0.0271003
0.0094280
0.0200240
0.0267736
0.0126489
0.0000580
-0.0255643
-0.0193152
0.0136139
-0.0091462
-0.0018645
0.0105692
0.0059182
-0.0118451
0.0065866
0.0074524
0.0258584
0.0088758
-0.0134793
-0.0180061
0.0237583
0.0009215
-0.0016372
-0.0034110
-0.0108133
0.0021379
0.0087957
0.0081827
0.0273836
0.0187364
0.0209931
0.0022888
-0.0068121
-0.0275468
-0.0012237
-0.0054519
0.0120404
0.0228443
-0.0126838
0.0112742
0.0201699
0.0246895
0.0086740
-0.0283892
-0.0039925
0.0226129
0.0176526
0.0220314
0.0087032
-0.0196358
-0.0168150
0.0206681
0.0130235
0.0028401
-0.0193840
0.0192931
-0.0275978
-0.0061253
0.0196059
0.0046875
0.0055263
0.0184040
0.0238204
0.0148486
-0.0085596
0.0242674
-0.0074654
-0.0040497
-0.0046974
0.0109843
0.0031798
-0.0424399
-0.0339510
-0.0292332
0.0132214
-0.0215728
0.0372039
-0.0005951
0.0437742
0.0358213
0.0509084
0.0057226
0.0240793
0.0120603
0.0189835
-0.0413714
-0.0291376
-0.0568722
-0.0805942
-0.0850336
-0.0836076
-0.0304628
0.0273470
0.1077131
0.1836166
0.2039073
0.1791291
0.0984261
-0.0785200
-0.2437623
-0.2984976
-0.2296888
-0.0558830
0.0176849
0.0765246
0.1423141
0.0881393
0.1101436
0.0829077
0.0472742
-0.0020101
-0.0512799
-0.0528495
-0.0538798
-0.0438585
-0.0491699
-0.0355327
0.0070218
-0.0162487
0.0134299
-0.0027003
0.0147198
-0.0024842
0.0283365
0.0289786
-0.0066518
0.0135211
-0.0173933
0.0086563
0.0020360
-0.0310965
0.0059095
-0.0213833
0.0102677
-0.0243045
-0.0172867
-0.0129715
-0.0060964
0.0025458
0.0080125
0.0337446
0.0153458
0.0241033
0.0203942
-0.0224669
-0.0008263
0.0130294
-0.0236426
0.0015613
-0.0120825
-0.0218231
0.0154070
-0.0288913
-0.0082134
-0.0030391
-0.0180514
0.0221794
-0.0151505
0.0143936
-0.0143311
0.0039385
0.0036279
-0.0259280
0.0190529
0.0080253
0.0256481
-0.0199408
0.0106579
-0.0190056
0.0009447
-0.0111521
-0.0091794
0.0190988
-0.0102285
0.0038979
0.0025116
0.0060051
-0.0167093
0.0166454
0.0282798
-0.0223170
-0.0233487
-0.0072630
0.0015521
-0.0021824
-0.0116428
0.0201271
0.0103684
0.0022098
0.0188586
-0.0221837
-0.0313659
0.0027906
0.0215216
0.0021195
-0.0242844
0.0119891
0.0134533
-0.0096404
-0.0206868
0.0052651
0.0183717
0.0034112
0.0294446
0.0085923
0.0127698
0.0022833
-0.0133147
-0.0175876
-0.0269273
-0.0269853
-0.0257132
0.0086168
0.0105193
0.0162757
0.0231135
0.0140399
0.0144132
0.0104928
0.0170334
0.0298709
0.0290869
-0.0068023
-0.0296697
-0.0130374
-0.0419593
-0.0654519
-0.0866516
-0.0511596
-0.0655542
-0.0505393
0.0118363
0.0953459
0.1659286
0.2042687
0.2199733
0.0671673
-0.1644853
-0.2922002
-0.2826524
-0.1957952
0.0006995
0.0928372
0.1146837
0.0870856
0.1185862
0.0676894
0.0572497
0.0149773
-0.0240529
-0.0185720
-0.0263750
-0.0518700
-0.0701118
-0.0344485
-0.0204962
-0.0321123
0.0255696
-0.0068636
0.0064413
0.0156595
0.0151415
0.0205203
0.0016270
0.0075016
-0.0069286
-0.0195587
0.0004567
-0.0052820
0.0073957
-0.0286059
-0.0101487
-0.0216131
-0.0235052
-0.0026712
0.0307085
-0.0189876
-0.0008795
-0.0040298
-0.0080978
-0.0100153
0.0242225
0.0184219
-0.0180719
-0.0007139
-0.0218234
0.0069532
-0.0210705
-0.0099601
0.0159068
-0.0000194
-0.0032221
-0.0174244
-0.0209566
0.0034133
-0.0016229
0.0192611
-0.0105726
0.0013438
-0.0396335
-0.0049727
-0.0154777
0.0202269
-0.0096053
-0.0068708
-0.0308624
-0.0342086
-0.0239675
-0.0233156
0.0260048
0.0305860
0.0103574
0.0180824
0.0043423
0.0087095
-0.0164810
-0.0224476
-0.0031314
0.0145274
-0.0075954
-0.0062302
0.0036364
0.0168617
-0.0105735
-0.0135394
-0.0209307
0.0082856
0.0155039
0.0142969
-0.0093485
0.0081621
0.0238141
0.0113785
-0.0123041
0.0258662
0.0314687
0.0000031
-0.0125621
-0.0005060
-0.0041221
0.0225724
0.0072515
0.0053967
-0.0018183
0.0052811
-0.0159825
-0.0238065
-0.0163939
0.0073827
-0.0260788
-0.0120651
-0.0003322
-0.0013478
0.0157401
0.0491893
0.0606020
0.0308374
0.0360953
0.0271469
-0.0226557
-0.0645270
-0.0601230
-0.0906582
-0.0893400
-0.0425037
-0.0495156
0.0025180
0.0844515
0.1295572
0.2001877
0.2184565
0.1056114
-0.0284601
-0.1725741
-0.2860286
-0.2613182
-0.1434206
-0.0339212
0.0955458
0.1093834
0.1331048
0.1252714
0.0618337
0.0492943
0.0061765
-0.0153806
-0.0204794
-0.0602360
-0.0719801
-0.0757756
-0.0145547
-0.0255929
0.0070173
-0.0078054
0.0197307
0.0122050
0.0291445
0.0092066
0.0363030
-0.0174779
0.0202760
-0.0202300
0.0140746
-0.0273947
-0.0029068
0.0088851
-0.0248179
-0.0198900
0.0104905
-0.0194265
0.0179598
0.0194568
0.0235346
0.0255199
0.0252452
0.0208452
-0.0303865
0.0036585
-0.0151392
-0.0209267
0.0220459
-0.0112017
0.0096096
0.0212266
0.0067854
0.0125028
-0.0206457
0.0075710
0.0033665
0.0198717
0.0287038
0.0242054
-0.0259742
0.0017098
0.0320252
0.0019368
0.0006633
0.0168200
-0.0111492
-0.0272621
-0.0107810
0.0055390
0.0043677
0.0054521
0.0081736
0.0000134
-0.0164979
0.0039006
-0.0008448
-0.0133202
0.0190884
-0.0195364
-0.0084343
0.0100427
-0.0152917
-0.0063585
0.0244325
0.0059346
0.0068183
-0.0170890
0.0040075
0.0001511
0.0052890
-0.0098877
-0.0121069
-0.0138892
-0.0295242
-0.0158113
0.0042954
-0.0097308
0.0183536
-0.0168125
0.0217297
0.0009952
0.0373851
0.0274101
0.0182090
0.0094629
-0.0282806
-0.0409948
0.0008431
-0.0337589
-0.0140055
0.0118884
0.0266241
0.0378850
-0.0022618
0.0418764
0.0060061
0.0560073
0.0385178
0.0004967
0.0322774
-0.0305197
-0.0422736
-0.0335150
-0.0384647
-0.0591400
-0.0601171
-0.0729744
-0.0103171
-0.0015816
0.0896681
0.1757702
0.2255492
0.2003231
0.0964164
-0.0811311
-0.1897313
-0.2910855
-0.1986914
-0.0894463
0.0296790
0.1156368
0.1183234
0.0888963
0.1150117
0.0531039
0.0198624
-0.0094606
-0.0074756
-0.0215899
-0.0535685
-0.0573559
-0.0314438
-0.0630580
-0.0350800
0.0047231
0.0021092
0.0157530
0.0030653
0.0474465
0.0312741
0.0009176
-0.0057712
0.0139314
0.0194307
0.0110037
-0.0243943
-0.0061002
-0.0268699
-0.0144363
-0.0297252
0.0007710
-0.0180535
-0.0158861
0.0346515
0.0029398
0.0217838
0.0261706
-0.0050126
-0.0142755
0.0016897
0.0087966
0.0152362
0.0080237
-0.0024924
0.0193468
-0.0124866
-0.0332986
-0.0213334
-0.0297425
0.0248652
0.0242391
0.0329324
-0.0048140
-0.0051560
-0.0002762
-0.0175194
0.0113315
0.0232494
-0.0087198
-0.0068083
0.0163096
-0.0074955
0.0035355
0.0035117
0.0049809
0.0184573
0.0099805
-0.0076400
-0.0345107
-0.0208904
0.0279668
0.0024163
0.0028341
-0.0301605
-0.0330913
0.0151668
0.0047296
-0.0123287
0.0153815
-0.0241656
-0.0172525
0.0021785
-0.0249864
-0.0201739
-0.0316764
-0.0137009
0.0066936
-0.0019624
-0.0073384
-0.0178806
-0.0055565
-0.0004495
-0.0179792
0.0105377
0.0365129
0.0156434
0.0193913
-0.0025297
0.0048731
-0.0264902
-0.0375576
-0.0192177
0.0003488
-0.0020432
-0.0342529
0.0217109
-0.0126637
0.0336055
0.0329488
0.0318511
0.0313778
0.0034799
-0.0083245
0.0193476
0.0031225
-0.0381021
-0.0454494
-0.0851664
-0.0880845
-0.0743794
-0.0746245
-0.0022633
0.0129793
0.0946723
0.1974115
0.1971904
0.1496581
0.0552896
-0.0969244
-0.2378074
-0.2389217
-0.1591855
-0.0426976
0.0326711
0.1180140
0.1091822
0.0876764
0.0997825
0.0564045
0.0338906
-0.0142736
-0.0202610
-0.0478133
-0.0537165
-0.0536033
-0.0688298
-0.0131058
0.0000676
0.0117311
0.0040816
0.0346773
0.0479223
0.0178143
0.0140180
0.0293699
-0.0091914
-0.0269835
-0.0300122
-0.0187910
-0.0203381
0.0034725
0.0087724
-0.0090295
-0.0224699
0.0002631
-0.0156687
-0.0091557
-0.0183568
0.0179747
0.0171407
0.0102459
0.0289634
-0.0152837
-0.0213121
0.0250241
0.0029627
-0.0118194
0.0094880
-0.0048295
-0.0023012
0.0090825
-0.0098856
0.0165072
-0.0147201
-0.0048136
-0.0160896
-0.0128227
0.0208466
0.0036423
-0.0111949
0.0068270
-0.0090986
-0.0163800
0.0112746
0.0206244
-0.0008333
0.0146122
-0.0036119
0.0210123
-0.0201881
-0.0231980
-0.0257995
-0.0175981
0.0054848
0.0115664
-0.0075266
0.0123732
0.0116909
0.0067153
-0.0102384
0.0033690
-0.0057152
0.0052611
-0.0146917
-0.0267023
0.0158620
0.0121544
-0.0112053
0.0197698
0.0197228
0.0082238
0.0179306
0.0029323
0.0210844
-0.0065248
0.0265950
0.0295275
0.0104493
0.0169481
0.0033715
-0.0003536
-0.0142044
-0.0329823
-0.0442205
-0.0290753
-0.0287609
-0.0245323
0.0015324
0.0068312
0.0105410
0.0263217
0.0513479
0.0243761
0.0520978
0.0151506
-0.0135763
-0.0088978
-0.0356058
-0.0628270
-0.0800662
-0.0999761
-0.0876071
-0.0389442
-0.0128601
0.0266516
0.1465154
0.2055956
0.2156046
0.1499852
0.0049781
-0.1712767
-0.2642694
-0.2556753
-0.1068105
-0.0068576
0.0683085
0.1032842
0.1136029
0.0992654
0.0954483
0.0711767
0.0226747
-0.0275861
-0.0278599
-0.0455255
-0.0654732
-0.0475253
-0.0457285
-0.0131107
0.0175657
0.0239772
0.0057934
0.0405406
-0.0005645
0.0192768
0.0271397
0.0168233
0.0287002
0.0166234
0.0014161
-0.0022705
-0.0127993
0.0002906
-0.0075041
-0.0293010
-0.0170708
-0.0054135
0.0020551
-0.0104557
0.0073808
0.0081993
-0.0052635
0.0044602
-0.0068837
-0.0240667
0.0033273
0.0113314
0.0071478
-0.0026836
0.0044383
-0.0262040
-0.0059722
0.0210464
0.0219393
0.0249936
-0.0156798
-0.0180105
-0.0011914
0.0145401
0.0154180
-0.0219327
0.0209855
0.0067307
0.0152062
-0.0143297
-0.0237609
-0.0031696
-0.0071587
0.0035371
0.0121304
-0.0131909
-0.0273142
0.0037493
0.0219945
-0.0181554
0.0121982
-0.0246739
-0.0231765
0.0202198
0.0136888
-0.0205935
0.0075940
-0.0043224
0.0111201
-0.0046804
-0.0174630
-0.0133669
-0.0022161
0.0098711
-0.0268671
0.0061961
0.0068173
0.0222840
0.0110238
-0.0108058
0.0117070
-0.0108702
-0.0021895
0.0157059
-0.0029788
0.0180397
0.0032183
-0.0079093
-0.0361130
-0.0271961
-0.0135398
0.0067081
0.0199731
0.0275242
0.0010473
0.0110698
0.0232774
0.0417248
0.0048849
-0.0103928
0.0032891
-0.0195084
-0.0553596
-0.0497596
-0.0715237
-0.0834572
-0.0477332
-0.0482528
-0.0192371
0.0702254
0.1205669
0.1897461
0.1956233
0.1154315
-0.0526039
-0.2082200
-0.2657044
-0.1962748
-0.0820649
0.0272195
0.0995646
0.1272524
0.1306772
0.0864364
