-0.0893338
-0.0644041
-0.0800648
-0.0623623
-0.0449998
0.0373529
0.1202645
0.2134324
0.2302552
0.1453243
-0.0291981
-0.2203002
-0.2667950
-0.2581924
-0.1693646
-0.0347338
0.0633140
0.1460395
0.1497120
0.1480340
0.1029818
0.0417001
0.0510118
0.0112398
-0.0300216
-0.0923403
-0.0773603
-0.0759347
-0.0575315
-0.0440270
0.0217182
0.0194803
-0.0014990
0.0184729
0.0412023
0.0363696
0.0065894
-0.0096529
0.0223372
0.0014812
0.0007186
-0.0219670
0.0038700
-0.0194659
-0.0091950
0.0016468
0.0071687
-0.0281966
0.0307997
-0.0183463
0.0406413
0.0177817
0.0084652
-0.0197270
0.0215927
0.0180456
0.0086007
-0.0251652
0.0000732
-0.0306730
-0.0150129
0.0297654
-0.0032626
0.0173360
0.0365031
0.0265384
0.0332662
-0.0267529
-0.0197494
-0.0190912
-0.0417751
-0.0086103
-0.0044499
-0.0127513
0.0221467
0.0400712
0.0133738
0.0281526
0.0238223
0.0575902
0.0136671
-0.0000330
-0.0153723
-0.0043880
-0.0301459
-0.0167836
-0.0672890
-0.0964787
-0.0971112
-0.0773266
-0.0540497
-0.0149138
0.0443451
0.1445414
0.2358269
0.2524001
0.1181281
-0.0892919
-0.3080807
-0.3212698
-0.1967165
-0.0629622
0.0548863
0.1153974
0.1334960
0.1255631
0.0970186
0.0628768
0.0286162
0.0019507
-0.0382588
-0.0354750
-0.0589011
-0.0625133
-0.0252064
-0.0104482
-0.0132324
0.0185558
0.0078810
0.0087163
0.0192236
0.0262932
0.0210180
0.0391662
0.0345735
-0.0090391
-0.0053354
-0.0396116
-0.0435201
-0.0243017
-0.0368485
-0.0084482
-0.0158894
0.0038717
0.0338457
0.0227434
0.0212641
-0.0106346
-0.0215000
0.0291529
-0.0171497
-0.0235230
-0.0232816
0.0039922
0.0187319
-0.0240523
-0.0103456
0.0267177
0.0380640
-0.0038398
0.0000378
-0.0172836
0.0092944
-0.0223147
0.0220400
0.0004844
-0.0167974
-0.0118536
0.0054314
-0.0218766
-0.0046690
0.0163903
0.0144642
-0.0014958
0.0348806
0.0243869
0.0654233
0.0094580
0.0073000
0.0265392
0.0089656
-0.0035413
-0.0490715
-0.0828481
-0.0961727
-0.0580592
-0.0831963
-0.0518853
0.0006553
0.1130358
0.2207161
0.2524101
0.2113686
0.0316845
-0.1371768
-0.2618621
-0.2741979
-0.1857175
-0.0467314
0.0340157
0.1393143
0.1608382
0.1552935
0.0748856
0.0628975
0.0491062
-0.0113060
-0.0339883
-0.0681207
-0.0489856
-0.0578171
-0.0479829
-0.0428640
-0.0120946
0.0292624
-0.0078014
-0.0019597
0.0273086
0.0483102
0.0372715
0.0264458
-0.0171782
-0.0043864
-0.0106242
0.0097062
-0.0253570
-0.0256712
-0.0257145
0.0025114
0.0144815
0.0177699
0.0217816
0.0008761
0.0084363
0.0355508
0.0153332
0.0016275
0.0202512
0.0012370
-0.0099589
0.0157154
-0.0249123
0.0103294
-0.0161141
0.0105411
-0.0056689
0.0281043
0.0245810
0.0049792
0.0296158
0.0180631
-0.0048144
0.0151635
-0.0391360
-0.0286360
-0.0379442
-0.0149086
-0.0219638
0.0190038
0.0368110
0.0443326
0.0578391
0.0159614
0.0702601
0.0566213
0.0331243
0.0134702
-0.0412744
-0.0732983
-0.0484775
-0.1044057
-0.0752265
-0.0681898
-0.0656155
0.0136597
0.0802654
0.1859125
0.2789465
0.2711975
0.1318391
-0.0552875
-0.2438793
-0.2904653
-0.2429756
-0.1417629
0.0071217
0.0982203
0.1330465
0.1348595
0.1123195
0.1074965
0.0812494
0.0159318
-0.0346244
-0.0697543
-0.0607411
-0.0382002
-0.0915332
-0.0468067
-0.0287520
0.0129412
0.0014715
0.0365937
0.0481119
0.0592708
0.0561660
0.0090589
0.0028494
0.0182717
0.0030889
-0.0150546
-0.0468115
-0.0024413
0.0111673
-0.0424470
-0.0153947
0.0077329
0.0015907
0.0103287
0.0093467
-0.0040270
0.0424218
-0.0225473
0.0152933
-0.0169204
-0.0042651
-0.0334194
0.0025837
-0.0168706
0.0141361
-0.0156212
0.0132049
0.0099803
0.0274365
0.0275688
0.0000481
0.0132036
0.0233571
0.0179155
-0.0236495
-0.0459986
-0.0088015
-0.0199474
-0.0053121
-0.0013064
-0.0182477
-0.0165619
0.0294408
0.0201190
0.0593434
0.0521227
0.0445789
0.0302314
0.0314950
0.0037028
-0.0594069
-0.0671345
-0.1024140
-0.1068645
-0.0753051
-0.0295340
-0.0190919
0.0248702
0.1576356
0.2085062
0.2329243
0.1626263
0.0024819
-0.1523850
-0.2864945
-0.3128037
-0.1911492
-0.0302990
0.0409760
0.1111553
0.1386353
0.1291302
0.1247055
0.0618304
0.0316189
-0.0424269
-0.0402583
-0.0375497
-0.0415295
-0.0657989
-0.0447996
-0.0440841
-0.0200110
0.0057864
0.0512969
0.0541966
0.0375750
0.0412639
0.0249647
0.0316316
0.0327068
-0.0293205
-0.0002926
-0.0253066
-0.0451601
0.0058370
0.0141991
0.0169125
-0.0272350
-0.0102490
0.0196590
-0.0008260
0.0373803
-0.0054942
-0.0203793
0.0160353
-0.0119457
-0.0290090
-0.0075539
-0.0002571
-0.0279640
0.0037555
0.0238260
0.0332772
-0.0058345
0.0382186
-0.0072977
-0.0074587
-0.0080706
0.0018499
0.0114162
0.0010996
-0.0389444
-0.0186450
-0.0338372
-0.0096407
0.0029400
0.0130465
0.0228865
0.0464694
0.0281851
0.0595578
0.0639866
0.0376580
0.0210475
0.0150070
-0.0342514
-0.0487509
-0.0422632
-0.0873618
-0.0630130
-0.0885165
-0.0804892
-0.0375115
0.0799955
0.1789413
0.2528375
0.2105795
0.1215962
-0.0529179
-0.2276331
-0.3228558
-0.2636775
-0.1674545
-0.0428483
0.0947292
0.1300365
0.1793577
0.1249348
0.0748524
0.0503358
-0.0099973
-0.0326081
-0.0619105
-0.0267876
-0.0817653
-0.0604311
-0.0294409
-0.0507786
-0.0079623
0.0258818
0.0452778
0.0245054
0.0218414
0.0315726
-0.0084536
-0.0120307
-0.0201146
-0.0240187
-0.0033530
-0.0342683
-0.0000092
0.0004395
-0.0161992
-0.0227155
0.0201578
0.0122068
0.0154069
0.0436728
0.0271452
-0.0043236
0.0203132
0.0071092
-0.0113584
-0.0071144
-0.0053691
-0.0266844
0.0218581
-0.0077982
0.0263446
-0.0064284
-0.0023869
0.0090539
0.0007074
0.0395591
0.0215642
-0.0265288
-0.0221111
0.0097927
0.0048318
0.0064097
-0.0352529
-0.0013008
-0.0098500
0.0262294
0.0413708
0.0015720
0.0367988
0.0616130
0.0365090
0.0337631
-0.0099106
-0.0000590
-0.0367671
-0.0713608
-0.0515053
-0.0646075
-0.0777331
-0.0673771
-0.0401094
-0.0311400
0.0708655
0.1401444
0.2233793
0.2307448
0.1485034
-0.0482443
-0.1916138
-0.3040587
-0.2736630
-0.1776759
-0.0288553
0.0776291
0.1469575
0.1659117
0.1562914
0.0847187
0.0785439
-0.0052012
-0.0032277
-0.0179997
-0.0897628
-0.0750896
-0.0564070
-0.0706872
-0.0165354
-0.0146680
0.0309527
0.0238948
0.0270067
0.0147515
0.0295292
0.0358704
0.0259414
0.0008330
0.0029666
-0.0043830
-0.0232973
-0.0248319
-0.0333014
0.0196822
-0.0161332
0.0115415
-0.0209696
0.0296912
0.0231328
0.0138677
-0.0072983
-0.0082937
-0.0046708
-0.0154645
0.0204710
0.0071681
-0.0054313
-0.0252160
-0.0150910
0.0068894
0.0088974
0.0284854
0.0238478
0.0259971
0.0165884
0.0072345
-0.0228383
0.0062839
-0.0330759
-0.0118328
-0.0094974
-0.0129103
0.0085429
0.0333002
0.0401019
0.0266087
0.0393521
0.0067799
0.0492546
0.0548938
0.0444628
-0.0023063
0.0043166
-0.0307056
-0.0268000
-0.0748520
-0.0648881
-0.0781406
-0.0498046
-0.0062210
-0.0008516
0.1075636
0.2343466
0.2752738
0.1831496
0.0409322
-0.1413761
-0.2759532
-0.2827163
-0.1896048
-0.0811139
0.0242467
0.0939685
0.1331398
0.1473863
0.1144807
0.0488935
0.0216805
0.0220582
-0.0517301
-0.0373552
-0.0510226
-0.0764775
-0.0695395
-0.0510650
-0.0298301
0.0090793
0.0552599
0.0101539
0.0381473
0.0367611
0.0091580
0.0166498
0.0225986
-0.0151272
-0.0262587
-0.0137445
-0.0062833
-0.0346843
-0.0220132
-0.0089572
0.0059470
0.0110115
-0.0043830
0.0147929
0.0240261
0.0045646
0.0073046
-0.0130350
-0.0192101
-0.0223711
0.0061764
-0.0013802
-0.0228429
0.0087440
0.0256204
-0.0130334
0.0152999
0.0234584
0.0228650
0.0352993
0.0044153
-0.0065335
0.0088511
-0.0183373
0.0026040
-0.0453774
-0.0414493
-0.0117134
-0.0303958
0.0151692
0.0281890
0.0425572
0.0164408
0.0183719
0.0103609
0.0337286
-0.0001955
0.0067341
-0.0116772
-0.0309816
-0.0472968
-0.0621865
-0.0604621
-0.1008744
-0.0531705
-0.0367971
-0.0063562
0.1030885
0.2357972
0.2397446
0.2147139
0.0326563
-0.1289379
-0.3005490
-0.3222360
-0.2267196
-0.0878515
0.0414855
0.1137794
0.1713650
0.1516232
0.1031124
0.0899634
0.0555048
0.0177246
-0.0328582
-0.0756122
-0.0545963
-0.0799029
-0.0847016
-0.0656434
-0.0299048
-0.0195847
0.0367489
0.0278391
0.0355988
0.0261281
-0.0006485
0.0282471
-0.0009732
-0.0267447
-0.0214757
-0.0114337
-0.0128449
-0.0294629
0.0061128
-0.0001647
0.0132964
0.0049011
-0.0218078
-0.0109173
0.0229219
0.0259305
0.0002848
-0.0005604
-0.0239109
-0.0047064
0.0149195
0.0190060
-0.0093482
-0.0082924
0.0051682
0.0052540
0.0281373
0.0194954
-0.0046566
0.0188448
0.0016216
-0.0070882
0.0099508
-0.0145146
-0.0350417
0.0057074
-0.0098223
-0.0117976
-0.0209043
-0.0216166
0.0315389
0.0318142
0.0337062
0.0242752
0.0667858
0.0365146
0.0351849
-0.0028524
-0.0229129
-0.0371245
-0.0820000
-0.0603201
-0.0586038
-0.0585367
-0.0378106
-0.0170248
0.0717158
0.1540135
0.2182650
0.2551749
0.1540024
-0.0245916
-0.2124494
-0.3101378
-0.2598134
-0.1465928
-0.0279164
0.0618145
0.1382839
0.1433412
0.1054798
0.0753499
0.0315296
0.0474455
-0.0382973
-0.0300075
-0.0443376
-0.0781508
-0.0719196
-0.0150515
-0.0197520
0.0027609
0.0192756
0.0475907
0.0055763
0.0600130
0.0280363
0.0384716
0.0256178
0.0281930
0.0032159
-0.0143726
-0.0154333
-0.0262026
-0.0413042
-0.0342657
0.0194370
-0.0080779
-0.0260369
0.0345698
-0.0002046
0.0251318
0.0127034
-0.0182110
-0.0389204
-0.0196677
-0.0239112
0.0050394
0.0220601
-0.0194356
-0.0227158
0.0216969
0.0004007
0.0091851
0.0228453
0.0045426
-0.0158253
0.0020841
0.0214348
0.0080190
-0.0065996
-0.0139713
-0.0333156
-0.0284437
-0.0332146
-0.0001111
-0.0137094
-0.0110891
0.0288878
0.0457752
0.0441288
0.0602473
0.0468925
0.0031578
-0.0177562
-0.0280206
-0.0744783
-0.0467041
-0.0495274
-0.0510451
-0.0495975
-0.0370612
-0.0151885
0.0426374
0.1747005
0.2188041
0.2286923
0.0945055
-0.0881749
-0.2394971
-0.2753597
-0.2311122
-0.0761724
0.0223970
0.0515140
0.0896919
0.1355922
0.1100875
0.0580869
0.0699979
-0.0168450
-0.0415826
-0.0514120
-0.0859052
-0.0861992
-0.0609754
-0.0550096
-0.0446625
-0.0071677
0.0480616
0.0145857
0.0321563
0.0435243
0.0395524
0.0162798
-0.0269805
0.0171007
-0.0256047
-0.0183909
-0.0016538
-0.0054422
-0.0352155
0.0038738
-0.0236430
-0.0025628
0.0100915
0.0348042
0.0040787
-0.0051751
0.0095293
-0.0073814
-0.0185527
-0.0239564
0.0016583
0.0123273
-0.0221902
-0.0024697
0.0141089
0.0276961
0.0247462
-0.0047228
0.0153047
0.0208998
0.0265020
0.0141811
-0.0312943
0.0169184
-0.0387780
-0.0005208
0.0038945
-0.0496419
0.0090031
-0.0256826
-0.0110706
-0.0050697
0.0344266
0.0135220
0.0240605
0.0382439
0.0252703
0.0267656
0.0237648
-0.0083693
-0.0527608
-0.0555388
-0.0616704
-0.1006470
-0.0864878
-0.0747978
0.0040132
0.0524775
0.1845668
0.2606897
0.2529134
0.1115737
-0.0814184
-0.2159782
-0.2669562
-0.2364951
-0.0920373
-0.0301340
0.1050431
0.1493280
0.1433249
0.0899706
0.0778734
0.0680737
0.0047526
-0.0333588
-0.0497440
-0.0499007
-0.0794095
-0.0794665
-0.0553911
-0.0508472
-0.0247976
-0.0038429
0.0353203
0.0054420
0.0188094
0.0077025
0.0443670
0.0309635
0.0194736
0.0152820
0.0132793
0.0143438
-0.0017263
-0.0040140
-0.0295754
-0.0153955
-0.0296322
-0.0074297
0.0010934
0.0257940
-0.0104158
0.0159147
0.0112038
-0.0102211
-0.0209145
-0.0115903
0.0103266
-0.0232610
-0.0238381
0.0016615
0.0079431
-0.0008278
0.0308685
0.0160910
0.0294516
0.0208872
0.0196749
-0.0072018
0.0004154
-0.0252202
-0.0415780
-0.0460818
-0.0033690
-0.0370906
-0.0299893
-0.0248844
0.0191894
0.0035208
0.0167719
0.0350896
0.0316958
0.0408553
0.0125867
0.0218775
-0.0039077
-0.0428971
-0.0691254
-0.0915396
-0.0550232
-0.0913278
-0.0733629
0.0252556
0.0673521
0.1619617
0.2475448
0.1975771
0.0996133
-0.0804967
-0.1886665
-0.2628040
-0.2449294
-0.1417065
-0.0011736
0.0662408
0.1420787
0.1414353
0.1251258
0.0820520
0.0212710
0.0137053
-0.0089839
-0.0199311
-0.0324497
-0.0323973
-0.0527532
-0.0147588
-0.0257789
-0.0340118
-0.0155800
0.0403074
0.0158269
0.0054534
0.0562264
0.0460692
-0.0155328
0.0266366
-0.0079385
0.0020490
-0.0226712
0.0105566
-0.0167654
-0.0037484
0.0090364
0.0129352
-0.0221799
0.0078177
-0.0197941
0.0370373
0.0405279
0.0297068
-0.0213789
-0.0285539
-0.0007481
-0.0238665
0.0162877
0.0149025
0.0034632
-0.0101368
-0.0119516
0.0141183
0.0196852
0.0195286
0.0167197
-0.0006495
-0.0002269
-0.0030050
-0.0298684
-0.0257069
-0.0348579
-0.0021253
0.0031921
-0.0435073
-0.0253721
0.0035766
0.0340996
0.0423293
0.0466765
0.0258621
0.0245772
0.0462920
-0.0134726
-0.0088849
-0.0425328
-0.0540368
-0.0666012
-0.0924872
-0.0947359
-0.0457622
-0.0267408
0.0316151
0.1742489
0.2469052
0.2367859
0.1677701
0.0019827
-0.1909533
-0.2982930
-0.2861177
-0.2091926
-0.0225179
0.1007941
0.1614808
0.1313914
0.1657431
0.1095488
0.0611845
0.0382066
-0.0070090
-0.0770274
-0.0613912
-0.1020014
-0.0571991
-0.0184055
0.0030466
-0.0049472
-0.0072395
0.0116010
0.0426108
0.0580364
0.0201471
0.0410987
0.0051532
0.0031310
-0.0125021
-0.0456291
-0.0041333
-0.0399107
0.0147220
-0.0031976
-0.0156178
0.0135192
-0.0169587
-0.0055658
0.0161939
-0.0167264
0.0039350
0.0246347
0.0224231
-0.0019630
-0.0266803
-0.0310216
0.0186480
-0.0048510
0.0066822
-0.0022777
-0.0008585
0.0169899
0.0152028
0.0121572
-0.0126016
0.0076807
0.0275839
0.0115292
-0.0209884
-0.0089944
-0.0380354
0.0021106
-0.0370561
-0.0279895
-0.0127830
0.0278961
0.0190052
0.0324568
0.0444912
0.0106654
0.0344422
-0.0014464
0.0089162
0.0018127
-0.0512480
-0.0584135
-0.0819030
-0.0455017
-0.0435422
-0.0689971
-0.0038519
0.0218351
0.1409801
0.1917915
0.2189897
0.1803892
0.0143562
-0.1407539
-0.2443893
-0.2594679
-0.2178300
-0.0742378
0.0407071
0.0883747
0.1485856
0.1631231
0.1364199
0.0733647
0.0381084
0.0094097
-0.0160774
-0.0497110
-0.0715955
-0.0289828
-0.0625707
-0.0592968
-0.0096216
0.0271936
0.0285381
0.0379140
