0.1791110
0.2296323
0.1908145
0.0679643
-0.0397934
-0.1771039
-0.2600451
-0.2211537
-0.1239088
-0.0204981
0.1010620
0.1400998
0.1026139
0.0822241
0.1067365
0.0685916
-0.0157449
-0.0400181
-0.0697394
-0.0637665
-0.0737295
-0.0746773
-0.0594874
0.0083440
0.0023765
-0.0015560
0.0201729
0.0297590
0.0432194
0.0073396
-0.0211653
-0.0048986
0.0009585
-0.0123795
-0.0279266
0.0144188
-0.0269693
-0.0410939
-0.0100653
-0.0076018
-0.0034346
-0.0039039
0.0118102
0.0315613
-0.0080878
0.0089881
0.0021707
-0.0292963
-0.0225633
-0.0229247
-0.0126737
0.0025927
0.0019068
-0.0123877
-0.0107222
-0.0150331
0.0243527
-0.0102252
-0.0079338
0.0117086
0.0001519
0.0152670
0.0010561
-0.0321230
-0.0337664
-0.0126245
-0.0024237
0.0162738
0.0175024
-0.0262499
0.0181435
-0.0049690
0.0081282
0.0090182
0.0276387
0.0035642
0.0289953
0.0192901
-0.0108405
-0.0159353
-0.0797873
-0.0668111
-0.0793376
-0.0951509
-0.0819312
-0.0384720
0.0241313
0.1342059
0.1903137
0.1986161
0.1563512
-0.0022600
-0.1541913
-0.2499819
-0.2454977
-0.1429212
-0.0665862
0.0523476
0.1135868
0.1382819
0.1044907
0.0713825
0.0607280
0.0308317
-0.0187828
-0.0522527
-0.0334380
-0.0672244
-0.0336931
-0.0439354
-0.0454302
0.0243256
0.0307322
0.0071646
0.0506099
0.0262765
0.0592692
0.0354757
0.0181070
-0.0089616
-0.0021769
-0.0212034
-0.0073038
0.0066991
-0.0434756
-0.0203725
0.0185540
0.0182686
0.0039982
-0.0276369
0.0229317
-0.0142051
0.0071534
0.0393773
0.0100851
-0.0225006
-0.0293770
-0.0238195
0.0213482
-0.0132114
-0.0230183
-0.0098738
0.0018793
-0.0241973
0.0005585
0.0001841
0.0205526
-0.0085403
-0.0209484
-0.0189489
-0.0094053
0.0043624
-0.0377549
-0.0114556
-0.0007756
-0.0305687
-0.0265425
-0.0155847
-0.0224376
0.0255875
0.0137424
0.0246790
0.0361312
0.0138476
0.0113847
0.0111550
-0.0016952
-0.0250142
-0.0661207
-0.0709700
-0.0837423
-0.0452893
-0.0564613
-0.0192979
0.0071206
0.0932176
0.1392204
0.1946931
0.1468546
0.0515212
-0.0619154
-0.2094901
-0.2573544
-0.2098350
-0.1019819
0.0235269
0.0634328
0.0891484
0.1210636
0.0788895
0.0663603
0.0434337
0.0006452
-0.0316781
-0.0583063
-0.0298989
-0.0375500
-0.0210808
-0.0544928
0.0136425
0.0202264
0.0254886
0.0439624
0.0145826
0.0394415
0.0360515
0.0047243
0.0068450
-0.0215792
-0.0070035
-0.0151673
-0.0167808
-0.0143740
0.0199993
0.0059262
-0.0151471
0.0228511
-0.0049338
0.0141184
-0.0217042
0.0155101
0.0284251
-0.0182587
-0.0200108
0.0198819
0.0034693
-0.0134538
-0.0356076
-0.0250252
-0.0028602
0.0191867
0.0209521
0.0196885
0.0374363
-0.0158805
-0.0049789
0.0024029
-0.0135516
-0.0321117
-0.0286647
-0.0213219
-0.0095892
-0.0194578
-0.0131533
0.0150163
0.0304222
0.0207394
0.0413830
0.0506955
0.0509552
0.0400925
0.0185128
0.0313360
0.0125014
-0.0268628
-0.0419219
-0.0741195
-0.0339714
-0.0926082
-0.0794911
-0.0170057
-0.0029512
0.0346851
0.1203207
0.1803975
0.2060315
0.0887838
-0.0529422
-0.1929302
-0.2099240
-0.2010214
-0.1543726
-0.0220278
0.0835509
0.1212549
0.1074242
0.1315434
0.0966462
0.0317742
0.0093006
0.0009016
-0.0642866
-0.0647787
-0.0300569
-0.0355918
-0.0560589
-0.0153838
0.0198155
-0.0066908
-0.0109758
0.0136148
0.0093680
0.0526913
0.0391384
0.0337308
0.0124107
0.0149444
0.0136878
-0.0228640
-0.0227822
0.0144871
-0.0106816
-0.0235818
0.0106090
0.0289394
-0.0084514
0.0282526
0.0052885
-0.0167506
0.0230435
-0.0255778
0.0341169
0.0190810
0.0175547
0.0010311
-0.0345065
0.0059318
-0.0107867
-0.0106405
-0.0298647
0.0228058
0.0069871
0.0065468
0.0211184
0.0155057
-0.0053738
0.0001060
-0.0309148
0.0034040
-0.0129633
-0.0018673
-0.0456450
-0.0062700
0.0231589
0.0210891
0.0129155
0.0431717
0.0463898
0.0348832
-0.0095632
-0.0114613
-0.0001796
-0.0299406
-0.0260092
-0.0331406
-0.0484509
-0.0642712
-0.0698768
-0.0809387
-0.0311003
0.0452659
0.0942248
0.2091472
0.1712405
0.1294788
-0.0010030
-0.1330515
-0.2285285
-0.2074453
-0.1643870
-0.0939863
0.0080298
0.1155368
0.1302326
0.1228095
0.1028116
0.0697859
0.0373570
-0.0351079
-0.0510232
-0.0578372
-0.0844991
-0.0364837
-0.0516870
-0.0474093
0.0034129
0.0251891
0.0245345
0.0113985
0.0024080
0.0192426
-0.0046007
0.0195285
0.0195750
0.0113655
0.0099290
-0.0424309
-0.0097798
-0.0310436
0.0023975
0.0182540
-0.0127203
-0.0226494
-0.0207450
0.0131742
-0.0231749
-0.0163087
0.0230684
0.0230549
-0.0001468
-0.0361708
-0.0330264
-0.0149317
-0.0015291
0.0128875
-0.0143649
0.0176375
0.0111406
-0.0044872
-0.0213792
0.0240001
-0.0175573
-0.0237840
0.0011112
-0.0253036
-0.0282763
-0.0461310
-0.0136440
-0.0054382
-0.0306134
-0.0265012
-0.0176977
0.0347312
0.0386699
0.0461052
0.0398903
0.0385959
0.0028830
-0.0083756
-0.0333699
-0.0231290
-0.0533821
-0.0540321
-0.0847191
-0.0795368
-0.0910723
-0.0459497
0.0202114
0.0838652
0.1701618
0.1830416
0.2164618
0.1165766
-0.0534184
-0.1984545
-0.2793851
-0.2317899
-0.1366194
0.0022280
0.0965353
0.1059729
0.1333820
0.0905941
0.1160174
0.0260557
0.0125825
-0.0182266
-0.0455346
-0.0612437
-0.0685586
-0.0742860
-0.0034096
-0.0086714
-0.0176608
-0.0133238
0.0104182
0.0055174
0.0514090
0.0579193
0.0481615
0.0082801
0.0023450
-0.0328385
-0.0302932
0.0062656
-0.0413759
-0.0143286
0.0130600
0.0069784
-0.0005581
0.0070240
0.0088336
0.0303754
0.0278594
0.0013014
-0.0166479
-0.0243630
-0.0254690
0.0013169
-0.0201848
0.0141087
-0.0006781
0.0275379
0.0142522
0.0013248
0.0084681
0.0163627
0.0317835
-0.0161383
-0.0004611
-0.0226204
-0.0312618
-0.0175268
-0.0274447
0.0109128
-0.0255494
-0.0246721
-0.0132969
-0.0281731
-0.0099826
0.0068928
0.0201867
0.0097522
0.0212853
0.0486585
0.0220387
0.0456758
-0.0049072
-0.0206447
-0.0275407
-0.0919087
-0.0777324
-0.0634190
-0.0514704
-0.0458517
0.0095673
0.1002696
0.1691474
0.2123090
0.2105028
0.0838031
-0.0645308
-0.2146146
-0.2853106
-0.2344456
-0.1226988
0.0233308
0.0651910
0.0999148
0.1157504
0.1434359
0.0608432
0.0612550
-0.0032561
-0.0431512
-0.0508093
-0.0332681
-0.0351781
-0.0431245
-0.0619419
-0.0165935
-0.0176091
0.0104526
0.0038252
0.0574604
0.0040155
0.0260393
-0.0081480
-0.0015360
0.0084497
-0.0267300
0.0092234
-0.0015347
-0.0452664
-0.0100167
-0.0239482
-0.0317772
0.0193577
0.0103234
-0.0018206
-0.0050322
-0.0178593
-0.0182715
0.0073693
-0.0194087
-0.0203225
-0.0045017
-0.0028150
0.0226633
0.0051228
-0.0277805
0.0093387
-0.0115385
0.0290409
0.0336447
-0.0114791
0.0378008
0.0346895
-0.0279091
0.0012096
0.0075386
-0.0277005
-0.0242127
-0.0257320
-0.0020071
-0.0285154
-0.0224509
0.0263939
-0.0054655
0.0409866
0.0317053
0.0129458
0.0407737
0.0115631
-0.0143781
-0.0162158
-0.0405066
-0.0430656
-0.0650442
-0.0638661
-0.0864929
-0.0619220
-0.0379546
-0.0331722
0.0489417
0.1362676
0.2302285
0.1820358
0.1323488
-0.0488784
-0.1645220
-0.2681226
-0.2228182
-0.1338599
0.0006675
0.0759306
0.1290251
0.1181530
0.1059092
0.0984475
0.0605804
0.0311728
-0.0213526
-0.0165583
-0.0468259
-0.0787119
-0.0457009
-0.0405921
-0.0264786
0.0132453
0.0109848
0.0340921
0.0240820
0.0136826
0.0483788
-0.0004054
0.0254709
-0.0199149
-0.0079814
-0.0317012
-0.0285206
0.0066874
0.0036932
-0.0132804
-0.0154912
-0.0087349
0.0225837
0.0031119
0.0157113
-0.0148506
0.0221965
0.0078615
0.0208245
0.0116195
-0.0218778
-0.0180411
0.0121046
-0.0252936
-0.0075398
-0.0057452
0.0293386
0.0068010
0.0300370
-0.0155668
-0.0014008
0.0206567
-0.0057336
-0.0018191
-0.0069475
-0.0249535
-0.0037029
0.0010293
-0.0420810
0.0095331
0.0134905
-0.0044138
0.0272676
-0.0075036
0.0218920
0.0341793
0.0359918
0.0325257
0.0380850
-0.0157265
-0.0479079
-0.0457627
-0.0787009
-0.0863002
-0.0589588
-0.0333876
-0.0231954
0.0265147
0.1018628
0.2034294
0.1951349
0.1590735
0.0630192
-0.1227197
-0.2393081
-0.2663986
-0.1827317
-0.1285157
0.0257105
0.1047238
0.1498624
0.1370875
0.0797356
0.0683136
0.0441908
0.0235589
-0.0492074
-0.0492818
-0.0486893
-0.0570066
-0.0453600
-0.0564275
0.0078415
0.0218649
0.0331413
0.0052456
0.0347444
0.0523776
0.0467116
0.0250080
0.0058798
-0.0139497
-0.0362198
0.0021049
-0.0282192
-0.0077104
-0.0281426
-0.0112363
0.0169318
-0.0037137
-0.0228657
0.0279487
0.0250481
-0.0145234
-0.0070685
-0.0102178
-0.0223609
-0.0053876
-0.0193278
0.0087793
-0.0299957
-0.0002735
0.0150047
-0.0023203
0.0101091
0.0054402
-0.0191949
0.0199875
-0.0151892
0.0057764
-0.0012595
-0.0099906
0.0097999
-0.0294420
-0.0410005
-0.0457114
-0.0029922
-0.0026627
-0.0300728
-0.0091996
0.0160581
0.0057544
0.0136608
0.0176555
0.0353732
0.0001329
0.0124830
-0.0250940
-0.0228625
-0.0660370
-0.0593579
-0.0522383
-0.0465543
-0.0378563
-0.0540479
0.0290737
0.0993790
0.1935000
0.2049329
0.1561974
0.0981091
-0.0561165
-0.1782574
-0.2363177
-0.2243686
-0.0970856
-0.0078279
0.0987697
0.1371352
0.1474739
0.1323389
0.0740301
0.0261332
0.0160957
-0.0089357
-0.0308157
-0.0738737
-0.0523580
-0.0424963
-0.0574375
0.0121406
-0.0141552
0.0406340
0.0435035
0.0495652
0.0183376
0.0471177
0.0297617
-0.0005501
0.0136839
-0.0205142
0.0079107
-0.0333320
0.0160545
-0.0104321
0.0116112
-0.0159811
-0.0264572
0.0265788
0.0334598
-0.0028136
-0.0174153
-0.0271954
0.0142964
-0.0132160
0.0170010
0.0145670
0.0060554
0.0001446
0.0138321
0.0283691
-0.0248717
-0.0004128
0.0117380
0.0073761
-0.0001432
-0.0100110
0.0148508
0.0270232
0.0266570
0.0143392
-0.0092705
-0.0292256
-0.0301657
0.0094612
-0.0083316
-0.0190202
0.0022689
0.0273974
0.0129228
0.0373847
0.0020511
0.0232655
-0.0017283
0.0327809
0.0070278
-0.0028986
-0.0556790
-0.0489134
-0.0720512
-0.0845450
-0.0400950
-0.0418255
0.0219627
0.1096353
0.1587955
0.1699098
0.1554054
0.0452061
-0.0995564
-0.2051951
-0.2361047
-0.1626935
-0.0607347
0.0315515
0.1108218
0.1266379
0.1038656
0.0831252
0.0635340
0.0239387
-0.0217007
-0.0040997
-0.0651497
-0.0503783
-0.0698549
-0.0569446
-0.0239812
0.0094989
-0.0019154
-0.0029673
0.0359535
0.0284614
0.0174640
0.0422526
0.0187788
-0.0247093
-0.0283677
-0.0243836
0.0156952
0.0192167
0.0092813
0.0134201
-0.0303907
0.0104826
-0.0061865
0.0148416
0.0017986
0.0209937
0.0387519
0.0112455
-0.0045991
0.0133894
0.0113141
0.0066464
-0.0078366
-0.0123172
-0.0296630
-0.0222532
0.0189428
-0.0056868
0.0335271
0.0017591
0.0140985
-0.0025621
0.0381871
-0.0024723
-0.0086575
0.0109999
-0.0029469
0.0113763
-0.0243197
-0.0441543
0.0167981
-0.0267279
-0.0070102
0.0428427
0.0024396
0.0168009
0.0082592
0.0454243
0.0371935
-0.0051130
-0.0076640
-0.0200363
-0.0175582
-0.0556168
-0.0483581
-0.0854359
-0.0724417
-0.0410509
0.0245107
0.1092383
0.1594141
0.2049477
0.1579078
0.0493802
-0.0789891
-0.1717159
-0.2339610
-0.1932706
-0.0785871
0.0249657
0.0824510
0.1400844
0.0914035
0.1277170
0.0475735
0.0542093
0.0008417
-0.0534920
-0.0306025
-0.0344660
-0.0471836
-0.0630084
-0.0536509
0.0010610
0.0126018
0.0146773
0.0477286
0.0156378
0.0316294
0.0515124
0.0428808
0.0131515
-0.0358557
-0.0047464
-0.0381164
-0.0192522
0.0119178
-0.0302509
-0.0025466
-0.0211530
0.0129421
0.0035470
0.0085383
-0.0212443
-0.0268149
0.0225901
0.0338902
0.0172579
0.0193733
-0.0134682
0.0098218
-0.0065602
-0.0280838
-0.0268275
0.0028596
0.0221893
-0.0092052
0.0051052
-0.0176993
0.0163353
0.0254933
-0.0170110
0.0249064
-0.0077639
-0.0212592
-0.0079135
-0.0025458
-0.0197823
-0.0060370
0.0135038
0.0183052
0.0260970
0.0050794
0.0212285
0.0180334
0.0190261
0.0161275
0.0136013
0.0233496
-0.0171949
-0.0593479
-0.0862400
-0.0795248
-0.0621538
-0.0526010
-0.0563243
-0.0175440
0.0708770
0.1476430
0.1793218
0.1582509
0.0861749
-0.0620804
-0.1716351
-0.2252086
-0.2192418
-0.1187981
0.0193972
0.0969589
0.0846981
0.1151618
0.0962808
0.0500468
0.0657826
-0.0269311
-0.0540354
-0.0525766
-0.0698476
-0.0523709
-0.0264832
-0.0187021
-0.0263481
0.0186205
0.0015096
0.0494611
0.0128294
0.0509956
0.0156119
0.0142019
-0.0060324
0.0174699
-0.0250093
0.0132007
0.0091280
0.0080586
-0.0303019
0.0169933
-0.0263091
-0.0105231
0.0178791
0.0307306
-0.0045430
-0.0218129
0.0257403
0.0045187
0.0030107
0.0263976
0.0169257
-0.0322836
-0.0102270
0.0155533
0.0168238
0.0005293
0.0129216
0.0260622
0.0343357
0.0227860
0.0043597
-0.0080076
0.0237620
0.0049929
-0.0339141
0.0078082
-0.0364379
0.0015799
-0.0197760
-0.0037327
0.0057248
0.0061552
0.0213547
0.0421410
0.0608954
0.0028319
0.0493939
0.0027404
0.0157807
-0.0078793
-0.0372081
-0.0366072
-0.0985001
-0.0918738
-0.0444691
-0.0731609
-0.0125195
0.0332396
0.1271765
0.1937981
0.2076467
0.1688002
0.0342055
-0.1008950
-0.2698953
-0.2811284
-0.2171851
-0.0692305
0.0531796
0.1165988
0.1258530
0.1503278
0.0847681
0.0641947
0.0427876
-0.0218554
-0.0399018
-0.0567993
-0.0445377
-0.0836149
-0.0521250
-0.0189319
-0.0407827
-0.0163631
0.0016878
0.0288260
0.0290342
0.0365793
0.0423588
0.0162979
0.0116085
-0.0005011
0.0028963
-0.0436738
-0.0055544
-0.0208801
-0.0217305
-0.0162183
-0.0250399
-0.0014441
-0.0117404
0.0035975
-0.0063125
-0.0162885
0.0215425
0.0246660
0.0002378
0.0170416
0.0046537
-0.0272321
-0.0245863
-0.0060144
-0.0128714
0.0090834
0.0129914
0.0035324
-0.0029289
0.0385356
0.0182062
0.0342798
-0.0204324
0.0033971
-0.0185836
0.0041501
-0.0440372
-0.0082139
-0.0175347
0.0061124
0.0129442
0.0143497
0.0351872
0.0381610
0.0471968
0.0068012
0.0213933
0.0277770
-0.0033591
-0.0079987
0.0178215
-0.0532529
-0.0535091
-0.0821234
-0.0879474
-0.0454724
-0.0480040
0.0174788
0.0564118
0.1481094
0.1963640
0.2281534
0.1624480
-0.0006294
-0.1195861
-0.2629066
-0.2330002
-0.1742384
-0.0692910
0.0256167
0.1366031
0.1421525
0.1311080
0.1238523
0.0828135
-0.0117943
-0.0074259
-0.0749145
