-0.0101116
-0.0039578
0.0200263
-0.0046506
0.0323397
0.0283328
0.0092161
0.0184715
-0.0013176
-0.0193195
-0.0033638
0.0230099
0.0018756
0.0061931
0.0082781
0.0145845
-0.0063436
-0.0133508
-0.0150668
-0.0238969
-0.0003002
-0.0291666
0.0175379
-0.0277553
-0.0101006
-0.0122573
-0.0012679
-0.0047477
-0.0125233
-0.0118954
0.0269451
0.0389621
0.0465344
0.0562441
0.0222314
0.0401846
-0.0017806
-0.0399044
-0.0569819
-0.0324529
-0.0747548
-0.0492494
-0.0549982
-0.0745263
-0.0203631
0.0065826
0.0984143
0.2190498
0.2615451
0.2085660
0.0256169
-0.1506825
-0.2706363
-0.2826608
-0.2014492
-0.1012326
0.0505707
0.1207392
0.1602823
0.1378320
0.1395554
0.0849344
0.0029779
-0.0045485
-0.0390849
-0.0381800
-0.0377682
-0.0505348
-0.0539170
-0.0101370
-0.0136072
-0.0183619
0.0262312
0.0308802
0.0407018
0.0116923
0.0435027
0.0160043
0.0376692
-0.0240130
-0.0106447
-0.0393978
-0.0349314
-0.0230298
0.0172924
-0.0045684
0.0111617
-0.0091761
-0.0027670
0.0041267
0.0049842
0.0190540
-0.0014194
0.0059699
-0.0070286
-0.0189911
-0.0225657
0.0111112
-0.0056725
-0.0107637
-0.0144536
0.0141508
-0.0002770
0.0274911
-0.0024016
0.0349585
0.0246809
-0.0117246
0.0116211
-0.0293143
-0.0045241
0.0036216
0.0083966
0.0043853
-0.0304795
0.0104715
-0.0033268
-0.0180639
0.0485280
0.0138367
0.0219730
0.0679798
0.0468994
0.0130817
0.0136322
-0.0235922
-0.0549012
-0.0644300
-0.0511324
-0.0516580
-0.0674203
-0.0394367
-0.0208705
0.0440200
0.1652222
0.2661686
0.2476654
0.1273885
-0.0886741
-0.2127509
-0.3042296
-0.2299602
-0.1018455
-0.0200512
0.0825052
0.1372266
0.1729361
0.1631250
0.0846967
0.0739890
0.0319139
-0.0407730
-0.0427951
-0.0925598
-0.0858568
-0.0807439
-0.0653056
0.0123470
0.0256636
0.0411995
0.0438936
0.0516603
-0.0021103
-0.0028313
0.0526632
0.0185511
-0.0123255
0.0146898
-0.0320779
-0.0154871
-0.0437296
-0.0114449
-0.0400777
-0.0006961
0.0178874
0.0316623
-0.0162533
0.0330062
0.0082853
0.0263801
-0.0282384
-0.0059676
0.0108149
-0.0326479
-0.0227708
0.0261638
-0.0272371
-0.0192504
-0.0105962
-0.0125450
0.0325831
-0.0072038
-0.0047730
-0.0152226
-0.0099376
-0.0251307
-0.0029859
-0.0253845
-0.0379242
-0.0316911
-0.0154840
-0.0448522
0.0105184
0.0084487
0.0375771
0.0536507
0.0132944
0.0327783
0.0149693
0.0324646
0.0047046
-0.0096285
-0.0228626
-0.0718760
-0.0815896
-0.0431521
-0.0457991
-0.0761288
-0.0374935
-0.0025701
0.0918566
0.1881123
0.2063505
0.1967775
0.0831538
-0.0745880
-0.2004938
-0.2656190
-0.1832236
-0.1325490
-0.0120009
0.0710555
0.1471267
0.1449009
0.1063794
0.0518985
0.0131309
-0.0096258
0.0010917
-0.0396454
-0.0742325
-0.0356926
-0.0541937
-0.0409348
-0.0361341
0.0094729
0.0196079
0.0262970
0.0086508
0.0242939
0.0464253
0.0075168
0.0283591
0.0268203
-0.0008960
-0.0073404
-0.0269422
-0.0443792
-0.0089649
0.0213646
0.0057512
0.0160660
-0.0130649
0.0072227
-0.0083519
-0.0020675
-0.0061402
-0.0118010
-0.0063210
0.0046415
-0.0321078
-0.0229771
-0.0292483
-0.0382167
-0.0239789
-0.0091085
0.0011628
0.0469138
0.0260202
0.0330471
0.0192475
-0.0334459
-0.0080365
0.0154238
-0.0068134
-0.0267681
0.0036490
-0.0416537
0.0140545
-0.0115425
0.0212003
0.0334312
0.0080328
0.0236530
0.0400885
0.0551611
0.0035595
0.0202194
-0.0156510
-0.0119000
-0.0551752
-0.0748158
-0.0760351
-0.0600616
-0.0564599
-0.0670745
-0.0475499
0.0260515
0.1191715
0.2149076
0.2305156
0.1779132
0.0168544
-0.1637821
-0.2729190
-0.2570889
-0.1899742
-0.0574862
0.0293214
0.1036603
0.1596774
0.0991719
0.0788494
0.0315999
0.0285997
0.0141750
-0.0235967
-0.0624730
-0.0241008
-0.0725670
-0.0401666
-0.0312381
0.0058629
0.0222914
0.0501194
0.0192234
0.0545041
0.0311219
0.0405443
-0.0096797
0.0207781
0.0265929
0.0016928
-0.0068312
-0.0318881
-0.0182218
-0.0086619
-0.0129476
-0.0038131
0.0155592
0.0081042
0.0006043
0.0195137
0.0239761
-0.0038848
0.0165555
-0.0206379
-0.0307710
-0.0118346
-0.0084716
-0.0228115
-0.0298828
-0.0098196
0.0211397
0.0210461
-0.0155046
0.0315803
-0.0061353
-0.0107780
0.0232794
-0.0157816
0.0050388
-0.0392033
-0.0341536
0.0071880
-0.0079886
-0.0121218
0.0067903
0.0336732
0.0040864
0.0441919
0.0213957
0.0574363
0.0471777
0.0400376
0.0103373
-0.0108021
-0.0241314
-0.0418551
-0.0787184
-0.1012260
-0.0747273
-0.0888091
-0.0182385
0.0661703
0.1454870
0.2402114
0.2825682
0.1828422
-0.0040195
-0.1486456
-0.2647158
-0.2987066
-0.1914308
-0.0337855
0.0685881
0.1194870
0.1790408
0.1266204
0.0730865
0.0662033
0.0431229
0.0035668
-0.0426665
-0.0791355
-0.0717485
-0.0608941
-0.0660832
-0.0446852
0.0115846
0.0026484
0.0283797
0.0409284
0.0649562
0.0531836
0.0151968
-0.0015683
0.0015213
0.0203013
-0.0362802
0.0087335
-0.0047842
-0.0336955
0.0036383
-0.0042441
0.0145900
0.0215297
0.0188352
0.0081934
0.0291065
-0.0115498
0.0334185
-0.0205090
-0.0283877
0.0052279
0.0009421
0.0118776
0.0018361
-0.0157816
-0.0261003
0.0225717
0.0408030
0.0375391
-0.0188794
0.0269301
0.0274912
0.0333134
-0.0127036
-0.0224709
-0.0029397
-0.0411524
-0.0314208
-0.0171590
-0.0281963
-0.0322274
0.0196344
-0.0056980
0.0466382
0.0253725
0.0460237
0.0338990
0.0282548
0.0047433
-0.0355020
-0.0176159
-0.0188700
-0.0682232
-0.0672258
-0.0910619
-0.0441255
-0.0635625
0.0252901
0.1033575
0.2128819
0.2571389
0.1814829
0.0612171
-0.1082968
-0.2571009
-0.2950601
-0.2350986
-0.1002598
0.0405872
0.1007737
0.1431040
0.1232121
0.1174809
0.1038621
0.0097029
-0.0071240
-0.0161178
-0.0525399
-0.0778117
-0.0559461
-0.0780920
-0.0411434
0.0028158
-0.0042160
0.0287396
0.0553687
0.0303017
0.0309035
0.0100105
0.0036926
-0.0198313
0.0106940
-0.0368075
-0.0347617
-0.0269327
-0.0314620
-0.0094046
0.0077985
-0.0161543
-0.0031250
-0.0093585
0.0161959
0.0459975
-0.0059571
-0.0013110
0.0005542
-0.0233466
0.0256956
-0.0005580
-0.0095433
-0.0193149
0.0076042
-0.0145643
-0.0146552
0.0233017
0.0132948
0.0260271
0.0321546
-0.0162904
-0.0172706
0.0143788
0.0142092
-0.0063273
-0.0104929
0.0099206
0.0028128
-0.0035845
0.0200067
0.0307794
-0.0033422
0.0028542
0.0576296
0.0333377
0.0461778
0.0384201
-0.0150196
-0.0146789
0.0095267
-0.0174009
-0.0365117
-0.0696521
-0.0730108
-0.0725338
-0.0603962
-0.0433516
0.0208630
0.1612116
0.2280179
0.2433980
0.1625791
0.0104301
-0.1978016
-0.3007838
-0.2573837
-0.1553913
-0.0352366
0.0814040
0.1290522
0.1293428
0.1115631
0.0910462
0.0880018
0.0408099
-0.0023689
-0.0672868
-0.0817396
-0.0565246
-0.0363877
-0.0449776
-0.0371193
0.0091539
0.0331442
0.0069550
0.0099247
0.0312620
0.0434064
0.0009836
0.0146627
0.0044815
-0.0161184
-0.0323201
0.0007041
-0.0101133
-0.0199211
0.0065434
0.0099906
-0.0178070
0.0089946
0.0060423
-0.0021014
-0.0096556
0.0197866
0.0325235
0.0166729
-0.0238088
0.0020708
-0.0344050
-0.0368010
-0.0051837
-0.0118027
-0.0123165
0.0419726
-0.0042028
0.0270191
0.0064576
0.0179823
-0.0002483
0.0211494
-0.0206955
0.0115413
0.0013406
-0.0211117
-0.0441369
-0.0340729
0.0194281
-0.0118853
0.0051297
0.0409209
0.0306310
0.0196227
0.0313501
0.0021848
0.0212889
0.0169100
-0.0009861
-0.0553018
-0.0488364
-0.0805193
-0.0961974
-0.0622739
-0.0500833
0.0048943
0.0925307
0.1799147
0.2150661
0.2533074
0.0982931
-0.0576011
-0.2216705
-0.2849819
-0.2891826
-0.1824965
-0.0324556
0.0548356
0.1223997
0.1122135
0.1104412
0.1144632
0.0272207
-0.0106555
-0.0222497
-0.0277670
-0.0508322
-0.0777515
-0.0520325
-0.0697663
0.0022309
-0.0310510
0.0291436
0.0099367
0.0584710
0.0364685
0.0192958
0.0121593
-0.0135048
0.0032235
0.0081738
-0.0127792
0.0085336
-0.0129743
-0.0369990
-0.0209761
-0.0075571
-0.0321959
-0.0310245
-0.0126759
0.0209077
0.0142011
0.0017295
0.0217406
0.0264269
0.0074777
0.0004728
0.0214394
0.0123138
0.0138368
-0.0040656
-0.0305479
0.0061807
0.0243802
0.0050033
0.0419398
-0.0030309
0.0196283
-0.0124556
0.0116524
-0.0026319
-0.0016999
-0.0380105
-0.0125782
-0.0218362
0.0066474
0.0152390
0.0185821
-0.0019233
0.0194795
0.0506121
0.0265315
0.0322109
0.0277296
-0.0041524
-0.0262482
-0.0159482
-0.0219029
-0.0619934
-0.0679970
-0.0986280
-0.0792947
-0.0362746
0.0280940
0.0888041
0.2180058
0.2663853
0.2120110
0.0367587
-0.1137427
-0.2566771
-0.2847066
-0.1906925
-0.0883307
0.0245290
0.0883026
0.1502981
0.1269847
0.1103816
0.0499527
0.0475264
-0.0253358
-0.0118199
-0.0329963
-0.0438255
-0.0403668
-0.0236304
-0.0590355
-0.0049732
0.0228098
0.0114007
0.0100316
0.0184923
0.0298363
0.0013316
0.0264458
0.0165224
-0.0218184
-0.0228145
-0.0248804
-0.0407878
-0.0179423
0.0138403
0.0051557
-0.0342535
0.0031927
0.0340611
-0.0135679
-0.0171377
0.0010476
0.0052365
-0.0042126
0.0308255
0.0169444
-0.0094606
0.0039416
-0.0075756
-0.0183694
0.0078802
0.0152539
0.0018109
-0.0196046
0.0385356
0.0136393
0.0370475
-0.0176790
0.0142216
0.0063546
-0.0105336
-0.0241804
-0.0076008
-0.0162597
-0.0348921
-0.0174695
-0.0008001
0.0001917
0.0479626
0.0245923
0.0572408
0.0559080
0.0132783
0.0184627
0.0162068
0.0020235
-0.0593981
-0.0786583
-0.0646545
-0.0637382
-0.0392868
-0.0327749
0.0158456
0.1127071
0.2145006
0.2251557
0.2059370
0.0500341
-0.0807631
-0.2217061
-0.2507003
-0.1689886
-0.1066789
0.0505992
0.1037994
0.1333391
0.0942505
0.1154371
0.0419307
0.0045788
-0.0244778
-0.0082399
-0.0698375
-0.0809285
-0.0856020
-0.0244727
-0.0526147
-0.0416788
-0.0077802
0.0351408
0.0328597
0.0588643
0.0386870
0.0328092
0.0135086
0.0157173
-0.0204732
-0.0104098
0.0100725
0.0073491
0.0095478
-0.0134800
0.0067149
0.0131595
-0.0003195
0.0053868
-0.0122228
0.0098747
0.0105675
-0.0170203
0.0049458
0.0164270
-0.0174390
-0.0137285
-0.0236436
-0.0117544
-0.0329129
-0.0141151
-0.0130165
0.0131511
0.0110748
0.0093398
0.0311675
0.0257180
-0.0018290
0.0129931
0.0221958
0.0124583
-0.0313420
-0.0040618
-0.0228378
0.0077317
-0.0008551
0.0334915
0.0020959
0.0356755
0.0371346
0.0096329
0.0089559
0.0465995
0.0181787
-0.0212113
0.0004165
-0.0177872
-0.0417633
-0.0679872
-0.0405489
-0.0815728
-0.0338329
-0.0039565
0.0887291
0.1324824
0.2192802
0.2316585
0.1287313
-0.1185286
-0.2393610
-0.2716234
-0.2215731
-0.1070767
0.0465743
0.0886743
0.1207197
0.1011589
0.0916277
0.0586088
0.0312790
0.0196391
-0.0098302
-0.0419624
-0.0526387
-0.0352858
-0.0710123
-0.0495792
-0.0138521
0.0028889
0.0309200
0.0518392
0.0041046
0.0303270
0.0130750
0.0352662
0.0090889
-0.0305984
0.0135127
0.0095399
-0.0423884
-0.0190976
0.0073814
0.0059020
0.0103754
-0.0226747
0.0170905
-0.0174103
0.0073644
-0.0162610
-0.0151761
0.0076154
-0.0173378
0.0162064
-0.0136292
-0.0046058
-0.0329201
0.0071385
-0.0010066
-0.0093373
-0.0144302
0.0202443
0.0122730
0.0084427
-0.0090672
-0.0091873
-0.0034734
0.0182809
-0.0339955
0.0081506
-0.0108472
-0.0400055
-0.0328376
0.0041169
0.0033302
0.0220349
0.0179989
0.0549162
0.0590785
0.0149286
-0.0047220
0.0216104
0.0023223
-0.0274546
-0.0454261
-0.0772722
-0.0765943
-0.0457839
-0.0384797
-0.0308201
-0.0585413
0.0261261
0.1170427
0.1735590
0.2093791
0.1345205
-0.0212180
-0.1430491
-0.2626328
-0.2275262
-0.1394260
-0.0834565
0.0529375
0.1099813
0.0957195
0.1173178
0.1101334
0.0664877
0.0275415
-0.0203063
-0.0572759
-0.0656426
-0.0505951
-0.0835623
-0.0165628
-0.0138317
-0.0058359
0.0010079
-0.0098062
0.0161457
0.0393679
0.0085223
0.0011730
-0.0003716
0.0190868
-0.0184977
-0.0122875
0.0084605
-0.0002847
0.0034496
-0.0278079
-0.0332606
0.0274326
0.0088623
-0.0159734
-0.0092251
0.0312831
-0.0116324
-0.0163197
0.0278547
-0.0005772
-0.0208432
-0.0163919
0.0134385
-0.0189350
0.0010352
-0.0098065
-0.0135199
0.0328580
0.0123982
-0.0074979
0.0127336
0.0200860
0.0132781
0.0100424
-0.0076657
-0.0364576
-0.0172266
-0.0154063
-0.0246486
0.0002359
0.0051234
0.0233867
0.0417463
0.0307227
0.0500348
0.0244335
0.0245328
0.0262596
0.0068805
-0.0411700
-0.0155553
-0.0488639
-0.0642177
-0.0922840
-0.0554030
-0.0340151
-0.0447894
0.0266761
0.1151438
0.2400692
0.2705153
0.1817721
0.0448809
-0.1405908
-0.2585898
-0.3061634
-0.2253663
-0.0648333
0.0286805
0.1012679
0.1182586
0.1205369
0.1367600
0.0784861
0.0606883
-0.0204285
-0.0636781
-0.0696901
-0.0508162
-0.0832119
-0.0510739
-0.0522651
0.0039155
0.0058304
0.0339933
0.0664609
0.0626591
0.0612761
0.0049843
0.0178541
0.0112255
-0.0093310
-0.0053833
-0.0393803
-0.0444614
0.0086441
-0.0354405
-0.0146078
0.0110929
-0.0000721
-0.0035781
0.0001778
-0.0021007
0.0108975
-0.0134425
-0.0081255
-0.0073318
-0.0125834
0.0079193
0.0150732
-0.0049639
-0.0199914
-0.0162189
-0.0049630
0.0148594
0.0328449
-0.0169765
0.0243156
0.0204113
0.0102376
-0.0086120
0.0194067
0.0068714
-0.0462327
-0.0404691
-0.0001162
-0.0232220
-0.0378081
0.0019599
0.0279831
0.0269284
0.0333389
0.0459406
0.0491180
0.0246088
0.0435432
0.0337889
-0.0259714
-0.0501344
-0.0576719
-0.0970384
-0.0948150
-0.0619510
-0.0544280
-0.0314955
0.0210574
0.1254591
0.1769390
0.2503783
0.1644759
0.0487633
-0.1108349
-0.2488287
-0.2987482
-0.1862687
-0.1023752
0.0466532
0.1289096
0.1567349
0.1532272
0.1173975
0.0618498
0.0543756
0.0031461
-0.0147830
-0.0661260
-0.0335359
-0.0442398
-0.0367011
-0.0574623
-0.0090710
-0.0246453
0.0278962
0.0302641
0.0459588
0.0398300
0.0012275
0.0212034
-0.0114953
-0.0234615
-0.0202590
-0.0302996
-0.0012517
0.0026443
0.0011421
-0.0243599
0.0030305
0.0314219
0.0192812
0.0355676
0.0204308
0.0041300
0.0298980
0.0193086
0.0009888
0.0176078
0.0052227
-0.0097767
-0.0313957
-0.0273213
-0.0193246
-0.0056320
0.0056487
0.0008337
-0.0148424
0.0203389
0.0278942
0.0071796
-0.0295942
-0.0241966
-0.0139557
-0.0219229
-0.0261506
0.0102030
0.0002583
