-0.0276749
-0.0082834
0.0165201
-0.0087683
0.0026423
-0.0207681
0.0115511
0.0186086
-0.0033319
-0.0019992
-0.0215268
0.0085996
0.0158934
0.0155786
-0.0143556
-0.0026994
0.0072326
0.0074534
0.0245409
-0.0043380
-0.0245045
-0.0155847
-0.0259201
-0.0099246
0.0141743
-0.0005883
-0.0354343
-0.0264175
-0.0048955
0.0068429
-0.0028403
0.0090100
0.0202769
0.0344858
-0.0124623
-0.0160076
-0.0147950
-0.0116903
0.0170718
-0.0115805
0.0072240
-0.0141910
-0.0196873
-0.0308774
0.0138056
0.0190858
0.0074127
0.0119627
0.0395594
0.0139040
0.0569562
0.0556353
0.0283732
0.0136499
-0.0145383
-0.0476728
-0.0203179
-0.0733425
-0.0905590
-0.0535973
-0.0374806
-0.0296711
0.0059171
0.0839047
0.1299951
0.1906300
0.1791928
0.1051340
-0.0789149
-0.2077843
-0.2965105
-0.2154695
-0.1058191
0.0282765
0.1070684
0.1241491
0.1034543
0.1165962
0.0672023
0.0192499
-0.0052972
-0.0285456
-0.0529945
-0.0619592
-0.0690643
-0.0227149
-0.0310827
-0.0223837
0.0152329
0.0013425
0.0518420
0.0245719
0.0007564
0.0231916
0.0025576
0.0077345
0.0130528
-0.0303262
0.0057743
-0.0015264
-0.0383397
-0.0129664
0.0115541
-0.0000718
-0.0146976
0.0102922
-0.0062497
0.0127647
-0.0223165
0.0101081
0.0220163
0.0148368
0.0158546
0.0240261
0.0196428
-0.0168560
-0.0050397
0.0037420
0.0008746
-0.0053725
0.0096619
0.0070940
0.0108847
-0.0045846
0.0094845
-0.0046596
0.0172611
-0.0208091
0.0014826
0.0004132
0.0142577
0.0208311
-0.0258791
0.0021300
0.0188761
0.0038449
0.0167365
-0.0107357
0.0174277
-0.0167852
0.0068357
-0.0129584
0.0306153
-0.0026750
-0.0139979
0.0190995
0.0041266
-0.0304190
0.0043170
-0.0154716
-0.0233525
0.0168883
0.0177225
-0.0207888
-0.0067933
-0.0010708
-0.0114306
-0.0113112
-0.0152691
-0.0214302
0.0193138
-0.0353749
-0.0169523
-0.0192823
0.0096703
-0.0097973
-0.0014890
0.0256431
0.0099405
-0.0083677
0.0098729
-0.0027600
0.0208085
0.0138093
0.0070761
0.0022900
-0.0230430
0.0255383
0.0023140
0.0120672
0.0031444
-0.0286354
0.0115398
-0.0233598
0.0006648
-0.0224142
-0.0154938
-0.0006157
0.0479089
0.0546183
0.0044137
0.0063842
0.0273648
0.0016346
0.0036972
-0.0067334
-0.0173665
-0.0369580
-0.0436781
-0.0942793
-0.0677679
-0.0343598
0.0606401
0.1202571
0.1761608
0.1939236
0.1704668
-0.0014679
-0.1635641
-0.2611498
-0.2622198
-0.1320298
-0.0302989
0.0857434
0.1198298
0.1288196
0.1060858
0.0796908
0.0580589
-0.0054475
-0.0040165
-0.0269290
-0.0242386
-0.0515112
-0.0297017
-0.0251667
0.0033762
-0.0162396
-0.0074896
-0.0087103
0.0192009
0.0195638
0.0445474
0.0313427
0.0181791
-0.0155929
-0.0300977
-0.0004360
0.0049985
0.0009116
-0.0436057
-0.0254967
-0.0191421
-0.0036629
0.0077940
0.0271565
-0.0137086
0.0211188
-0.0095677
0.0124414
-0.0111485
-0.0207061
0.0078000
0.0122697
-0.0124081
-0.0264214
-0.0023901
0.0089198
-0.0068151
0.0015802
0.0009914
0.0276707
0.0066309
0.0177584
-0.0197719
0.0172293
0.0174688
0.0321020
-0.0146237
-0.0060211
0.0125302
-0.0015202
-0.0253054
0.0023654
-0.0196949
-0.0011635
0.0208933
0.0317315
0.0279261
0.0065549
-0.0215634
-0.0002494
-0.0201522
0.0117893
0.0257663
-0.0170374
0.0070204
0.0159144
-0.0137749
-0.0142432
-0.0158788
-0.0137699
-0.0123452
0.0284142
0.0085545
0.0202713
-0.0129339
0.0032105
-0.0092726
-0.0080419
0.0052282
0.0068531
-0.0048407
-0.0097325
0.0089128
0.0086405
-0.0057634
0.0218384
0.0291212
0.0057303
-0.0006990
-0.0212107
-0.0221066
0.0026727
-0.0210318
-0.0111999
0.0287511
0.0125793
-0.0087456
-0.0097667
-0.0373598
-0.0224566
0.0093218
0.0096317
-0.0105513
-0.0048858
-0.0117822
0.0277127
0.0033933
0.0247527
0.0102714
0.0443135
0.0239786
-0.0009748
-0.0235193
-0.0322523
-0.0427808
-0.0510454
-0.0626962
-0.0439858
-0.0318514
0.0083041
0.1080402
0.1441753
0.2252499
0.1642858
0.0665422
-0.1153147
-0.2143444
-0.2837499
-0.1762486
-0.0406426
0.0469901
0.0955299
0.1089558
0.0856386
0.0996355
0.0771972
0.0073143
0.0121484
-0.0513446
-0.0254358
-0.0449904
-0.0187909
-0.0312773
-0.0249755
-0.0343584
0.0082991
0.0360304
0.0404636
0.0237392
0.0295302
0.0193317
0.0253059
-0.0173824
0.0311120
-0.0169551
-0.0155293
0.0034696
-0.0012656
-0.0301109
-0.0138983
0.0053869
-0.0236056
0.0244370
-0.0125538
0.0124080
0.0210470
0.0065958
-0.0084086
0.0288775
-0.0186706
0.0121341
0.0046234
-0.0291143
-0.0052997
0.0010769
-0.0273360
0.0193810
-0.0094872
0.0116565
0.0054838
-0.0134348
0.0016105
0.0324746
-0.0196512
-0.0089121
0.0255807
0.0004928
-0.0186135
-0.0136976
0.0136432
-0.0326021
0.0199830
-0.0235897
0.0054055
-0.0186010
0.0288946
-0.0020933
0.0055801
0.0207174
0.0060818
-0.0299149
0.0190583
-0.0113929
0.0177509
-0.0013391
0.0273952
0.0225746
-0.0108832
0.0098665
-0.0059713
-0.0030641
0.0242233
-0.0069928
0.0039950
0.0259397
-0.0154726
0.0157801
-0.0138880
-0.0211524
-0.0072721
0.0123732
0.0182274
-0.0211364
-0.0149390
0.0048523
0.0219620
-0.0192109
0.0128992
0.0254311
0.0166300
0.0325772
0.0143618
-0.0126470
-0.0191643
0.0121868
-0.0176725
0.0048287
-0.0269503
-0.0174860
0.0011319
-0.0079896
-0.0196824
0.0225522
0.0408752
0.0342333
0.0015703
0.0391655
0.0213146
0.0307551
0.0166812
0.0146292
-0.0474810
-0.0330378
-0.0758535
-0.0460352
-0.0646588
-0.0465967
-0.0296291
0.0075803
0.1128581
0.1538758
0.2001179
0.1946323
0.0699865
-0.1251278
-0.2281001
-0.2930542
-0.1704708
-0.0812825
0.0655011
0.0948827
0.1241487
0.1013383
0.0733370
0.0542902
0.0503386
-0.0291090
-0.0259875
-0.0258591
-0.0741657
-0.0382547
-0.0296505
-0.0238907
-0.0351211
-0.0137470
0.0080415
0.0022871
0.0394496
0.0050522
0.0385169
0.0357651
0.0039073
0.0162048
-0.0090390
0.0050609
-0.0223446
-0.0127213
-0.0283058
-0.0282063
-0.0108168
-0.0258479
-0.0236316
0.0197870
0.0324387
-0.0021108
-0.0040905
-0.0205707
-0.0050835
-0.0140716
-0.0054624
0.0081477
-0.0002942
-0.0178422
0.0061179
0.0242265
-0.0226190
0.0099717
0.0043284
-0.0002483
-0.0239073
0.0167980
0.0212324
-0.0116811
0.0135783
-0.0123978
0.0029113
0.0292701
0.0048697
0.0072545
0.0145125
-0.0172403
-0.0297480
-0.0097898
-0.0066950
0.0235767
-0.0002736
0.0139588
0.0022516
-0.0082457
-0.0049852
0.0057711
-0.0134351
-0.0140225
0.0092202
0.0241363
0.0179800
-0.0222828
-0.0187553
-0.0198747
0.0199255
0.0087551
0.0091703
-0.0155485
0.0326698
0.0112338
-0.0072677
0.0034804
-0.0290611
-0.0138768
-0.0120158
-0.0048787
-0.0306737
-0.0219261
0.0105576
0.0133695
-0.0204352
-0.0027022
-0.0040245
0.0230459
-0.0134815
0.0360118
-0.0156281
-0.0138539
-0.0242447
-0.0071689
-0.0017155
0.0056017
-0.0482120
-0.0407075
-0.0092996
-0.0036250
0.0275982
0.0203853
0.0218334
0.0411103
0.0153709
0.0541877
0.0519846
0.0252435
-0.0130423
-0.0270474
-0.0029629
-0.0286752
-0.0559744
-0.1005498
-0.0947538
-0.0822052
-0.0301876
0.0121718
0.0769263
0.1840554
0.2085407
0.1794742
0.0696879
-0.0812808
-0.2172194
-0.2909761
-0.2184410
-0.0904850
0.0667965
0.1038457
0.1101091
0.1192495
0.1224757
0.0699621
0.0173325
-0.0178140
-0.0484219
-0.0603985
-0.0645099
-0.0665893
-0.0681146
-0.0406404
0.0049111
0.0093545
0.0114807
0.0004959
0.0044313
0.0132919
0.0403709
0.0336960
0.0126556
-0.0210804
-0.0021932
-0.0148576
-0.0074561
0.0003721
-0.0349891
-0.0021134
-0.0330394
-0.0290654
0.0258176
0.0341076
-0.0092512
0.0241494
0.0383344
0.0176853
0.0059023
-0.0224653
0.0095883
0.0128149
-0.0124257
-0.0119704
-0.0007154
0.0157150
-0.0099399
-0.0224550
-0.0119551
0.0270235
0.0082784
0.0177966
0.0108675
0.0127809
0.0150852
-0.0268630
0.0241461
0.0215022
0.0197804
0.0226043
-0.0093361
-0.0243227
0.0061156
-0.0078984
0.0150487
-0.0181322
0.0119630
0.0038216
-0.0144242
-0.0052229
0.0245298
-0.0124387
0.0035015
-0.0263733
-0.0124534
0.0151662
-0.0226976
-0.0235747
0.0255418
0.0128385
-0.0062022
0.0010338
0.0001533
0.0059425
-0.0134568
0.0093351
0.0089715
0.0045809
0.0149106
0.0115193
-0.0100789
0.0032475
-0.0277801
-0.0146267
-0.0029306
0.0180689
-0.0264418
0.0009830
-0.0007805
-0.0069863
-0.0086930
0.0150202
0.0308920
-0.0101110
0.0145123
-0.0086256
0.0124620
-0.0343075
-0.0464370
-0.0394516
0.0082779
0.0037506
-0.0058436
0.0162828
0.0295725
-0.0093687
0.0261284
0.0094386
0.0339116
0.0451515
0.0266034
0.0070326
0.0064784
-0.0542761
-0.0652816
-0.0660900
-0.0545047
-0.0706668
-0.0527601
0.0039855
0.0424184
0.1355952
0.1716685
0.1967626
0.1307997
0.0121047
-0.1544234
-0.2630103
-0.2682767
-0.1681136
-0.0207381
0.0770678
0.0958072
0.1261231
0.0951615
0.1120500
0.0752238
0.0289013
-0.0214483
-0.0391278
-0.0293621
-0.0637058
-0.0697896
-0.0429200
-0.0121855
-0.0266462
0.0355139
0.0142954
-0.0033646
0.0543271
0.0308294
0.0094312
-0.0066747
0.0237120
-0.0101461
0.0011987
-0.0219040
-0.0385654
-0.0419102
0.0102099
-0.0214144
0.0132138
0.0010162
-0.0299812
-0.0188786
-0.0103925
0.0348277
0.0377528
0.0270475
0.0206644
-0.0245620
-0.0039293
-0.0193113
0.0072833
0.0051157
-0.0091259
-0.0071577
-0.0239172
-0.0168955
0.0033900
0.0031421
0.0232813
-0.0119810
-0.0020045
-0.0147205
0.0025401
-0.0026770
0.0086445
-0.0047546
-0.0240449
-0.0200891
0.0066024
-0.0092990
0.0189615
-0.0013156
-0.0084163
0.0239410
-0.0273991
-0.0227435
0.0028528
-0.0092463
0.0176450
0.0211385
-0.0246537
0.0062056
0.0246400
-0.0176644
-0.0307107
-0.0104160
0.0047738
-0.0218742
-0.0122947
-0.0131344
0.0263903
-0.0103532
0.0022915
0.0168551
-0.0186093
-0.0085048
0.0177107
-0.0120115
-0.0253112
0.0268573
-0.0070319
-0.0233215
-0.0281382
-0.0079732
-0.0163268
0.0284951
0.0177863
0.0223919
0.0075566
0.0281182
0.0216985
0.0267314
0.0251813
0.0053513
-0.0251687
-0.0394791
-0.0351412
0.0038746
-0.0230181
-0.0149140
0.0037964
-0.0047630
0.0099524
0.0257936
0.0218831
0.0345680
0.0450257
0.0359427
0.0339785
0.0157701
-0.0115039
-0.0354689
-0.0512639
-0.0461559
-0.0964854
-0.0654131
-0.0770198
-0.0284658
0.0181915
0.0864162
0.1737235
0.2000212
0.2075186
0.1135510
-0.0517604
-0.1968761
-0.2820314
-0.2106848
-0.1125171
0.0187725
0.1117751
0.1009130
0.0835240
0.1133971
0.0635167
0.0294483
-0.0059051
-0.0137568
-0.0651807
-0.0518738
-0.0223404
-0.0691298
-0.0563892
-0.0139606
0.0124312
0.0071641
0.0327089
0.0300573
0.0249573
0.0376332
0.0278132
0.0014974
0.0204698
-0.0074289
-0.0325483
-0.0189624
0.0069436
-0.0012153
-0.0219540
-0.0162664
0.0096899
0.0095605
0.0212111
-0.0096571
0.0196317
0.0075775
0.0111468
-0.0106720
0.0300441
0.0250586
0.0029650
-0.0215781
-0.0061379
0.0083285
0.0091901
-0.0260735
0.0048787
0.0280667
-0.0221572
0.0188851
-0.0065849
0.0202504
-0.0060313
0.0051134
-0.0195247
-0.0104234
-0.0028561
-0.0181873
0.0296805
0.0269622
-0.0033303
-0.0185595
0.0005640
0.0162101
0.0077782
-0.0190648
-0.0204745
0.0172938
0.0122412
0.0308271
-0.0072567
0.0051456
-0.0122475
0.0135978
0.0030377
-0.0051348
0.0267268
-0.0080698
0.0194480
0.0014338
0.0076466
0.0032016
0.0258618
0.0135062
0.0012019
0.0226753
0.0064105
0.0148328
-0.0148779
-0.0127214
0.0113156
-0.0195198
-0.0265104
-0.0031791
-0.0076031
-0.0211531
0.0211410
0.0217009
-0.0114688
0.0330457
0.0030059
-0.0055405
0.0210889
0.0169840
-0.0117602
-0.0326515
0.0103607
0.0044372
-0.0056995
-0.0340817
-0.0078729
-0.0175390
-0.0133924
0.0193268
0.0324262
0.0431645
0.0123120
0.0173055
0.0165941
0.0384296
0.0104905
-0.0037646
-0.0063651
-0.0732070
-0.0384759
-0.0471056
-0.0601368
-0.0741823
-0.0111950
0.0327349
0.1028942
0.2052891
0.2280473
0.1597207
0.0282208
-0.1701010
-0.2774109
-0.2512163
-0.1771906
-0.0191193
0.0976218
0.1198234
0.1236200
0.1096996
0.1024719
0.0471915
0.0220977
0.0094680
-0.0260986
-0.0425661
-0.0720691
-0.0722777
-0.0554719
-0.0155790
-0.0155910
-0.0130149
0.0318201
0.0301158
0.0466627
0.0164179
0.0346978
0.0242364
-0.0060453
-0.0162014
-0.0020372
0.0104547
-0.0406377
-0.0413069
0.0010784
0.0175409
0.0088264
0.0294832
-0.0143318
-0.0231061
-0.0030166
0.0137891
-0.0106324
-0.0123686
0.0017504
-0.0024222
0.0246951
0.0113550
-0.0071323
0.0048710
-0.0054616
0.0005463
-0.0102513
-0.0072844
-0.0182201
-0.0206536
0.0293166
0.0288086
0.0078310
-0.0124650
0.0008630
-0.0016326
0.0056519
-0.0202497
0.0190620
0.0187791
-0.0140907
0.0182780
-0.0153400
0.0118218
0.0165961
0.0114818
0.0074029
-0.0113107
0.0134986
-0.0141547
-0.0092400
-0.0264617
0.0036517
-0.0108088
0.0152520
0.0228860
-0.0290732
-0.0243920
-0.0185967
-0.0220390
0.0225354
0.0191204
0.0180046
-0.0073623
-0.0112067
0.0277036
0.0053639
0.0155767
-0.0280502
-0.0146387
0.0206252
0.0074692
0.0152938
0.0109679
0.0220505
-0.0144935
0.0164092
0.0214148
0.0022829
0.0049003
-0.0094035
0.0207959
-0.0148961
-0.0029280
-0.0340828
-0.0007569
-0.0090889
-0.0059668
-0.0215111
0.0001060
-0.0300355
-0.0039965
0.0272851
-0.0033390
0.0144916
0.0017481
0.0364354
0.0346873
0.0056328
0.0368101
0.0077441
-0.0253141
-0.0335694
-0.0640180
-0.0709494
-0.0885200
-0.0335363
-0.0222936
0.0618543
0.1215120
0.1580356
0.2269457
0.1589299
0.0136622
-0.1243430
-0.2784501
-0.2669094
-0.1705734
-0.0312581
0.0516495
0.0970462
0.1152718
0.0758691
0.0713546
0.0575652
0.0093206
-0.0134847
-0.0341177
-0.0520802
-0.0676339
-0.0464383
-0.0127329
-0.0044388
-0.0127175
0.0179052
-0.0060655
0.0035139
0.0509680
0.0218526
0.0439317
0.0229967
-0.0068281
-0.0138393
0.0077060
-0.0337590
0.0011069
-0.0188791
-0.0367987
-0.0249150
-0.0085852
-0.0007925
-0.0008052
0.0043372
0.0212582
0.0287639
0.0198055
-0.0110439
0.0266675
-0.0116974
-0.0236217
-0.0213688
-0.0088300
-0.0136728
-0.0033543
-0.0311719
0.0206653
-0.0021817
-0.0056967
0.0038955
-0.0163461
-0.0169258
-0.0064519
-0.0226436
0.0143834
-0.0111026
-0.0226911
