-0.0174823
0.0213201
-0.0118785
0.0146187
-0.0210255
0.0022927
0.0056187
0.0048910
-0.0065635
-0.0187670
-0.0173693
0.0116486
0.0202212
0.0366819
0.0237928
0.0198154
0.0098462
0.0087282
0.0132645
0.0118366
-0.0071768
0.0222560
-0.0244530
-0.0119715
0.0147472
-0.0037298
0.0063378
-0.0117680
-0.0052746
0.0177625
0.0024459
-0.0109836
-0.0056961
-0.0041286
-0.0023282
0.0011971
-0.0129821
0.0098247
-0.0146714
0.0222242
0.0215041
0.0218676
-0.0174653
-0.0007157
0.0119763
-0.0158254
-0.0020128
0.0212085
-0.0031070
-0.0099375
0.0112567
0.0194702
-0.0139521
-0.0147169
0.0034686
0.0062528
0.0119099
0.0132276
-0.0194616
-0.0140214
0.0208015
-0.0042743
-0.0138993
0.0033261
0.0137906
-0.0166134
-0.0048196
0.0185887
0.0140901
-0.0078560
0.0071382
0.0160224
-0.0117653
0.0151268
-0.0147094
-0.0013427
0.0091701
0.0107720
0.0034685
0.0144646
0.0136663
0.0090655
-0.0080998
0.0030296
0.0011551
-0.0083407
-0.0187330
-0.0111396
0.0136926
-0.0000777
-0.0111743
-0.0057318
-0.0010826
0.0261247
0.0177015
0.0279268
0.0228175
-0.0060533
-0.0043663
0.0154483
-0.0096575
0.0064962
-0.0386043
-0.0185316
-0.0145456
0.0027825
-0.0054172
-0.0198759
-0.0043765
0.0222879
0.0283912
0.0412281
0.0464639
0.0396012
-0.0077925
-0.0415244
-0.0301599
-0.0444730
-0.0060326
-0.0076870
-0.0195682
-0.0049375
0.0021453
0.0173262
-0.0167381
-0.0384108
-0.0499534
-0.0561945
0.0278180
0.1114270
0.1817170
0.1940279
0.0454344
-0.1399854
-0.2187486
-0.1937300
-0.1211655
0.0168803
0.0630681
0.1032843
0.0635437
0.0615921
0.0724559
0.0392241
0.0046890
-0.0246278
-0.0376365
-0.0522370
-0.0483480
-0.0386055
-0.0065651
-0.0065636
-0.0050118
0.0308080
0.0020288
0.0167119
0.0169364
0.0112296
0.0079106
-0.0140637
-0.0241870
-0.0125567
0.0023776
0.0041018
0.0030343
-0.0075874
0.0125017
0.0030460
0.0129289
0.0288615
0.0184052
0.0055713
-0.0206232
-0.0210117
0.0174974
0.0050447
0.0238588
-0.0131102
0.0186884
0.0105075
0.0024451
-0.0084715
0.0147227
-0.0185616
0.0228241
-0.0052766
-0.0181471
-0.0202366
0.0028379
0.0066955
-0.0182049
0.0199649
0.0027916
0.0033191
0.0004778
-0.0048387
-0.0215807
-0.0187244
0.0208750
-0.0126658
0.0074340
0.0004243
0.0204490
0.0118523
0.0161201
-0.0091839
-0.0056503
-0.0128263
0.0025317
0.0107635
0.0211899
-0.0030383
0.0029801
0.0074330
-0.0104205
-0.0057950
-0.0120882
0.0043942
-0.0076907
0.0185765
-0.0032982
-0.0022165
-0.0074227
0.0193740
0.0063895
-0.0213844
0.0170859
-0.0113195
0.0072361
-0.0024127
0.0018565
0.0081779
0.0173024
0.0112536
0.0048692
0.0124656
-0.0094268
0.0111854
-0.0002708
-0.0043284
0.0036564
0.0006165
-0.0126494
-0.0038099
-0.0155028
-0.0086568
-0.0152839
-0.0138387
0.0119213
-0.0004488
0.0062188
-0.0056291
-0.0117800
0.0160311
0.0124411
-0.0061779
0.0244671
-0.0067993
0.0095838
0.0018721
0.0175417
0.0085398
0.0141616
-0.0028635
-0.0273612
0.0086156
0.0033073
0.0039530
-0.0062692
0.0195477
0.0079218
0.0092852
0.0154178
-0.0091210
0.0151519
0.0139714
-0.0146982
0.0071077
0.0217538
-0.0090347
0.0050425
-0.0274463
-0.0235727
0.0013266
0.0067904
0.0073478
0.0039545
0.0164859
-0.0068607
0.0035022
-0.0164775
-0.0073048
0.0079705
-0.0089158
-0.0117297
0.0089926
0.0129361
0.0148705
-0.0075672
-0.0143657
0.0022087
0.0084310
0.0062559
0.0067246
-0.0099486
-0.0062598
0.0217571
0.0315404
-0.0047867
-0.0184930
0.0065410
-0.0282504
0.0019319
-0.0091124
-0.0452881
-0.0065791
-0.0233923
-0.0134919
-0.0129459
0.0340258
0.0116520
0.0506411
0.0299390
0.0071859
-0.0083884
0.0015962
-0.0477182
-0.0459851
-0.0394504
0.0053097
0.0252601
-0.0201723
-0.0150380
0.0046698
-0.0243837
-0.0407142
-0.0554830
-0.0391201
0.0254130
0.1286562
0.1722032
0.1891816
0.0449887
-0.1148164
-0.2140417
-0.1991828
-0.1118526
-0.0418853
0.0482320
0.1029098
0.1091859
0.0686736
0.0804432
0.0148932
-0.0109195
-0.0371511
-0.0530612
-0.0550152
-0.0440537
-0.0279579
-0.0024758
-0.0204273
0.0159470
-0.0207596
0.0158831
0.0300513
0.0243278
0.0042498
0.0356013
0.0208236
-0.0127401
-0.0212964
-0.0094589
0.0094307
-0.0113257
-0.0288536
-0.0018772
-0.0214923
-0.0201610
-0.0181818
0.0156129
0.0210626
0.0204702
-0.0052227
0.0146221
-0.0114862
0.0264337
-0.0070048
-0.0216344
-0.0280016
-0.0234886
0.0033916
-0.0036509
0.0031632
0.0096162
-0.0246974
0.0106265
0.0191905
-0.0088442
-0.0103240
0.0139249
0.0094711
-0.0181343
-0.0114324
-0.0082830
-0.0013656
-0.0049673
-0.0040425
0.0000077
-0.0093231
0.0088438
-0.0090844
0.0126216
0.0056599
0.0220278
-0.0104471
-0.0209519
0.0062260
0.0195917
-0.0107692
0.0323027
-0.0078543
-0.0296730
-0.0286586
-0.0226326
0.0095820
-0.0011183
0.0052723
-0.0108882
0.0014294
0.0250769
-0.0181995
0.0181352
-0.0225391
0.0012026
0.0066217
0.0143669
-0.0076440
-0.0104879
-0.0038357
0.0172999
0.0027931
-0.0092810
0.0075275
-0.0005290
-0.0063863
-0.0274929
-0.0032698
0.0084380
0.0024011
-0.0147075
0.0142855
0.0034687
0.0056088
0.0018169
0.0023746
-0.0221070
-0.0221759
-0.0033193
0.0177941
-0.0001043
0.0004307
-0.0025310
0.0008944
-0.0162040
-0.0012293
0.0032850
-0.0130341
0.0258883
0.0208878
0.0138706
-0.0055626
-0.0149453
0.0065082
-0.0136321
0.0053981
0.0087324
-0.0133418
-0.0182216
-0.0138005
0.0258166
0.0181780
0.0082848
-0.0118899
0.0172297
-0.0010697
-0.0151011
-0.0130343
0.0017704
0.0119132
-0.0033766
-0.0238705
-0.0066687
-0.0025820
-0.0170233
-0.0074944
0.0248110
0.0246759
0.0208779
-0.0004689
0.0054642
0.0222709
0.0121063
-0.0145720
0.0001588
-0.0129720
-0.0186363
-0.0122113
0.0090866
-0.0008547
-0.0097083
-0.0080821
0.0305935
0.0269316
0.0257454
0.0153991
0.0310921
0.0285089
-0.0105977
0.0121172
-0.0177951
-0.0182269
-0.0311942
-0.0315697
-0.0104218
-0.0397425
0.0057896
-0.0041434
0.0058450
0.0465140
0.0659293
0.0624769
-0.0029463
-0.0288966
-0.0146472
-0.0536275
-0.0148800
-0.0233295
-0.0201636
-0.0289984
-0.0240937
0.0051296
-0.0080961
-0.0181257
-0.0181932
-0.0294037
0.0205447
0.0848498
0.1832885
0.1731748
0.1103267
-0.0960414
-0.1804925
-0.2101329
-0.1698548
-0.0614395
0.0451186
0.0654104
0.0747649
0.0893069
0.0877590
0.0530835
0.0012545
-0.0161545
-0.0308424
-0.0646094
-0.0218362
-0.0329889
-0.0251027
0.0042632
-0.0303017
-0.0131484
0.0199497
0.0248197
0.0246806
0.0096816
0.0036940
0.0314764
0.0123648
-0.0022406
-0.0251062
-0.0257883
0.0056436
-0.0267930
-0.0140017
-0.0267725
-0.0111510
-0.0126673
0.0156591
0.0158314
0.0240608
-0.0011493
0.0165901
0.0069385
0.0092345
-0.0178437
-0.0130988
-0.0115467
-0.0157828
0.0102600
-0.0038861
-0.0187373
-0.0199257
-0.0002294
-0.0000108
-0.0172673
0.0071663
0.0226040
-0.0077391
-0.0174348
0.0166540
0.0166194
0.0162813
-0.0035836
-0.0019006
0.0124987
0.0207895
0.0153849
0.0059191
0.0169236
-0.0145759
-0.0140418
0.0212177
0.0154157
-0.0130187
0.0206877
0.0084084
0.0137925
-0.0085286
0.0143655
0.0190626
0.0067138
-0.0024608
0.0039132
-0.0004925
0.0083681
-0.0055681
-0.0014935
-0.0113159
0.0236372
0.0296586
-0.0077536
0.0109519
-0.0222173
-0.0118993
-0.0069531
-0.0211539
-0.0131913
0.0044182
-0.0032405
0.0158327
0.0191960
0.0073028
0.0048105
-0.0045511
-0.0153920
-0.0065568
0.0022367
-0.0195224
-0.0016980
0.0279676
0.0022093
-0.0175427
-0.0117304
-0.0232150
-0.0146266
0.0187611
-0.0127439
0.0335687
0.0300002
-0.0026963
-0.0200720
-0.0320891
-0.0226188
0.0084061
0.0113554
0.0099308
-0.0099858
0.0170814
0.0018914
-0.0039834
0.0007202
-0.0120063
-0.0217608
-0.0207283
0.0069202
0.0180477
0.0203920
0.0017675
0.0048703
-0.0143294
-0.0105139
-0.0141080
-0.0197222
-0.0211361
0.0022359
-0.0198083
0.0129532
-0.0104966
-0.0054106
-0.0167247
0.0123489
0.0159822
0.0225956
-0.0131350
0.0230650
-0.0001980
-0.0143578
0.0032186
0.0036642
0.0139146
0.0130981
-0.0066444
-0.0065829
-0.0023711
-0.0141126
-0.0077686
0.0131539
0.0129857
0.0211784
0.0012230
0.0149933
0.0156553
0.0225616
0.0320655
0.0091235
-0.0293787
-0.0126824
0.0004362
-0.0098164
-0.0129366
-0.0200942
-0.0204831
0.0115546
0.0425875
0.0283921
0.0391853
0.0335313
0.0367206
0.0131576
-0.0162991
-0.0280746
-0.0156444
-0.0159698
-0.0171842
-0.0076179
-0.0300260
-0.0368777
-0.0284757
0.0108915
-0.0184626
-0.0407031
-0.0348906
0.0861030
0.1815340
0.2366240
0.1297929
-0.0461016
-0.1893247
-0.2285294
-0.1599530
-0.0826717
0.0019380
0.0418870
0.0827097
0.0857111
0.0731744
0.0501662
0.0322898
-0.0184667
-0.0458076
-0.0696366
-0.0667802
-0.0363821
-0.0382487
-0.0172279
-0.0039185
0.0168244
0.0255515
0.0366423
0.0331424
0.0226066
-0.0014945
0.0222900
0.0021977
0.0133077
-0.0049031
-0.0043387
-0.0266946
-0.0028571
0.0093344
-0.0050941
-0.0025342
0.0166569
0.0060333
0.0149292
0.0261103
-0.0068628
0.0193502
0.0278295
0.0080505
0.0012413
0.0118646
0.0078377
0.0040939
-0.0208674
0.0060056
0.0215120
-0.0043544
0.0117417
0.0188060
0.0183747
0.0192433
0.0253369
0.0017298
-0.0052718
0.0039245
-0.0110043
0.0087693
-0.0026420
-0.0306530
-0.0035659
-0.0008248
0.0110105
-0.0213308
-0.0233705
0.0225778
-0.0085047
0.0002888
-0.0094452
-0.0184301
0.0189235
-0.0028400
0.0113382
-0.0056286
0.0130456
-0.0077277
-0.0039367
0.0073155
-0.0125211
0.0224738
0.0237036
-0.0167493
0.0104065
0.0188037
-0.0181122
-0.0115211
-0.0158607
-0.0034317
0.0084660
0.0198280
-0.0047971
0.0055972
-0.0058754
-0.0037144
-0.0108161
0.0045081
-0.0208377
-0.0191960
0.0054895
-0.0192399
0.0144024
-0.0065594
-0.0070176
-0.0140273
-0.0098005
0.0217359
-0.0162155
-0.0043264
-0.0136781
0.0029324
0.0062988
-0.0095758
-0.0001942
-0.0175526
0.0070070
0.0216760
0.0181071
-0.0037484
0.0166038
0.0268520
0.0035169
-0.0209741
-0.0069393
-0.0117544
-0.0215401
0.0179152
0.0075482
0.0003441
0.0233362
-0.0103106
-0.0139537
-0.0089180
0.0182972
-0.0200961
-0.0026779
-0.0172586
0.0126936
0.0024685
-0.0108080
-0.0038527
0.0080620
-0.0215455
-0.0271422
-0.0229045
-0.0258614
0.0197605
0.0204886
-0.0030089
0.0176862
0.0183805
0.0049022
-0.0006167
0.0126704
0.0003712
-0.0203297
0.0092298
0.0111314
0.0071007
0.0025547
-0.0049439
-0.0349613
0.0004965
-0.0032409
0.0130356
-0.0145446
0.0148714
0.0173609
0.0339059
0.0155019
0.0174435
0.0048871
0.0001716
-0.0175937
0.0049887
-0.0027956
-0.0068254
-0.0175877
0.0020532
-0.0040668
0.0229081
0.0445595
0.0163605
0.0474814
0.0507608
0.0272786
-0.0120889
-0.0404621
-0.0453567
-0.0042311
0.0004083
0.0079534
-0.0040789
-0.0298125
-0.0296260
-0.0087710
-0.0032336
-0.0604020
-0.0707259
-0.0161111
0.1092847
0.1899846
0.1952313
0.0831449
-0.0870973
-0.2210845
-0.2060489
-0.1466625
-0.0031091
0.0275305
0.0662593
0.0931772
0.0667999
0.0684492
0.0278184
0.0144285
-0.0200594
-0.0375460
-0.0494202
-0.0444112
-0.0316079
-0.0155601
-0.0140546
0.0141295
0.0261277
-0.0061952
0.0124947
0.0239540
0.0215962
0.0333010
-0.0060967
-0.0125168
0.0083171
-0.0289216
0.0057373
-0.0105034
-0.0031232
0.0118239
-0.0177990
-0.0204840
0.0107788
0.0087053
-0.0080189
-0.0149616
0.0016597
0.0206720
-0.0063649
-0.0020712
0.0195602
0.0050696
0.0092938
0.0088864
0.0161357
0.0215026
0.0202490
0.0029937
-0.0163421
-0.0030878
-0.0121323
-0.0048564
-0.0217727
-0.0019759
0.0108130
0.0100229
0.0172631
-0.0100870
-0.0139744
-0.0171065
0.0085275
-0.0175341
0.0139306
0.0113064
-0.0149080
-0.0038451
-0.0040708
0.0202312
0.0207551
-0.0137713
0.0189651
0.0181190
-0.0102766
0.0024739
0.0147749
0.0115050
0.0161203
-0.0070718
-0.0097241
-0.0198313
0.0069305
-0.0210599
-0.0027818
-0.0032692
-0.0179173
-0.0113081
-0.0249000
-0.0122689
0.0030498
-0.0175953
0.0033064
-0.0145587
-0.0217391
-0.0001892
0.0215308
-0.0043592
-0.0233350
0.0100163
-0.0044997
0.0357108
0.0116161
0.0202225
0.0117308
-0.0170730
-0.0237800
0.0006059
-0.0201538
-0.0113108
-0.0047449
0.0163329
0.0026426
0.0044189
0.0078630
-0.0076573
-0.0143359
0.0075661
0.0151532
-0.0137335
-0.0037225
0.0015470
0.0020910
-0.0046632
-0.0083736
-0.0220847
0.0161463
-0.0156940
-0.0036636
-0.0153036
0.0014657
-0.0128265
-0.0003792
0.0101864
-0.0018406
-0.0119341
-0.0080296
0.0169967
-0.0045679
-0.0024120
-0.0227200
0.0138987
-0.0186373
-0.0079951
-0.0036452
-0.0076235
-0.0040916
0.0119005
0.0114430
-0.0159883
0.0008650
0.0066833
0.0184710
-0.0033548
-0.0228451
-0.0063347
-0.0198087
-0.0303922
-0.0210059
-0.0092292
-0.0159636
-0.0059972
-0.0042994
0.0230286
0.0199251
0.0277503
-0.0108084
-0.0122538
0.0049361
-0.0260371
-0.0195938
-0.0361842
-0.0075115
-0.0213095
-0.0293177
-0.0265539
0.0113196
0.0042516
0.0224142
0.0215052
0.0385494
0.0434723
0.0175016
-0.0045312
-0.0143455
-0.0306167
-0.0421124
-0.0256105
0.0241124
0.0194683
0.0153562
-0.0169197
-0.0176315
0.0169223
-0.0457511
-0.0366145
-0.0425622
0.0286996
0.1400955
0.1959745
0.1459446
0.0048485
-0.1525643
-0.2117276
-0.1991717
-0.0759571
0.0034269
0.0424700
0.0595490
0.0815047
0.0609167
0.0522961
0.0332288
-0.0109418
-0.0296182
-0.0267186
-0.0570993
-0.0245047
-0.0022423
-0.0266289
-0.0057362
0.0118697
-0.0108205
0.0074500
-0.0076173
0.0125333
0.0015654
0.0241050
-0.0139219
0.0109690
0.0007654
-0.0188176
0.0203406
-0.0025231
-0.0313224
-0.0064646
-0.0165111
0.0113200
-0.0062049
0.0316692
-0.0061623
0.0025912
-0.0045963
-0.0200281
-0.0150045
-0.0099592
0.0001530
-0.0150002
-0.0128450
-0.0018010
-0.0024261
0.0240516
-0.0172368
0.0059474
0.0039577
-0.0095986
-0.0190189
-0.0014907
-0.0038212
-0.0187878
-0.0134452
0.0055342
-0.0000905
0.0017607
0.0060454
-0.0150778
-0.0045279
-0.0085992
0.0044405
0.0090470
0.0016095
0.0149634
-0.0051190
-0.0215385
0.0209839
-0.0220127
-0.0005095
0.0156470
-0.0098369
-0.0064747
0.0201643
0.0103835
-0.0121889
-0.0169529
