-0.0395864
-0.0274632
-0.0071019
-0.0014581
-0.0241239
-0.0315204
-0.0118522
0.0203995
0.0050733
-0.0081757
0.0134492
-0.0057539
-0.0121697
-0.0124376
0.0000176
0.0146209
0.0021689
-0.0134155
-0.0220526
-0.0252468
-0.0072443
0.0194281
0.0010480
0.0266229
0.0178542
0.0237192
0.0427749
0.0067126
-0.0151978
-0.0076579
0.0106816
0.0207052
0.0149821
-0.0007254
0.0074974
-0.0079256
-0.0094133
-0.0148653
0.0372152
-0.0180309
0.0065352
0.0326172
0.0009987
-0.0026899
-0.0279411
-0.0393795
0.0075183
-0.0311315
0.0189256
-0.0263923
-0.0213296
-0.0021642
0.0025555
-0.0148899
-0.0020101
0.0260990
-0.0167612
-0.0224031
0.0133281
0.0146970
0.0085303
-0.0033162
-0.0355992
-0.0328554
-0.0284679
-0.0047085
-0.0211388
-0.0225213
-0.0059256
-0.0221111
-0.0200729
0.0215755
0.0321248
0.0303431
0.0327193
-0.0006657
-0.0253224
-0.0041881
0.0038732
-0.0114671
0.0383387
0.0253056
-0.0295564
0.0153912
-0.0085369
-0.0375406
-0.0095274
0.0030225
0.0134250
0.0052060
0.0261857
0.0043957
-0.0136169
0.0003507
-0.0231957
0.0208257
0.0252907
0.0234314
0.0293607
0.0209617
0.0191170
-0.0020838
-0.0250858
0.0334576
0.0127465
-0.0238827
-0.0085911
-0.0330850
0.0043927
0.0068559
-0.0032803
0.0158607
-0.0079015
-0.0075397
-0.0153216
0.0130458
0.0045095
-0.0092798
0.0090072
0.0108109
-0.0296886
0.0163679
0.0070725
-0.0110299
0.0270807
-0.0029856
0.0351375
0.0158123
0.0305858
0.0222893
0.0160614
-0.0097091
-0.0206813
-0.0376044
0.0019739
0.0294030
0.0109426
-0.0239840
-0.0047944
-0.0057842
0.0298779
0.0278526
-0.0197892
0.0067471
-0.0242002
0.0191329
-0.0302619
-0.0375754
-0.0033091
0.0108944
-0.0416561
-0.0279341
0.0260153
-0.0206247
0.0179383
0.0382602
0.0266382
0.0308152
0.0522587
0.0009603
0.0003806
-0.0153220
-0.0191522
-0.0470252
-0.0311339
-0.0637894
-0.0741094
-0.0475160
-0.0407530
0.0086476
0.0677746
0.1073279
0.1624027
0.2263117
0.2581714
0.0440844
-0.2260533
-0.4287723
-0.4162200
-0.1616209
0.0825374
0.2298232
0.1792566
0.0895043
0.0616730
0.0443399
0.0033588
0.0095946
-0.0344389
-0.0516592
-0.0264691
-0.0534014
-0.0635073
-0.0055484
0.0027502
-0.0205088
0.0352199
0.0406362
0.0123105
0.0090444
0.0479117
0.0204587
0.0339258
-0.0259505
-0.0274189
-0.0197319
-0.0160405
0.0029596
-0.0051638
-0.0333793
0.0136470
0.0001624
0.0098181
0.0210721
0.0177334
0.0485913
0.0395591
-0.0075002
0.0310516
-0.0184572
-0.0057192
-0.0159051
0.0070574
-0.0275890
-0.0155929
-0.0319526
0.0152248
-0.0116480
0.0251256
0.0298175
-0.0003479
-0.0046425
0.0106800
0.0267696
-0.0190506
0.0024364
0.0053820
-0.0164841
0.0267267
-0.0096934
0.0105002
-0.0145716
0.0022013
-0.0029575
0.0008371
-0.0007234
-0.0225911
-0.0328258
0.0047636
-0.0340790
0.0116839
0.0163908
0.0063453
0.0079997
0.0183807
-0.0325044
-0.0044843
-0.0193392
0.0087322
-0.0160715
0.0138814
0.0148899
0.0141751
-0.0303040
0.0075468
-0.0179481
-0.0243545
0.0368965
0.0377209
0.0043736
-0.0291805
0.0074155
-0.0095017
0.0067495
-0.0275233
0.0363404
0.0280509
-0.0107723
0.0078257
-0.0178452
0.0337792
-0.0318882
-0.0205929
-0.0104533
-0.0053687
0.0106170
-0.0128484
-0.0209968
-0.0143177
0.0266944
0.0270931
0.0204145
0.0249337
-0.0114311
-0.0068989
0.0233969
-0.0130250
0.0162300
-0.0239873
-0.0133796
0.0325423
-0.0102415
0.0187442
-0.0320521
-0.0304914
0.0073617
-0.0355218
-0.0005060
-0.0310322
0.0079450
0.0265109
-0.0275958
0.0247157
-0.0019350
-0.0142240
-0.0066141
0.0234912
-0.0114879
-0.0378972
-0.0023916
0.0129784
0.0253972
-0.0176832
-0.0269803
0.0220554
0.0114510
-0.0263728
0.0219658
0.0275062
0.0013888
0.0178723
-0.0103574
0.0295018
0.0078216
0.0297791
0.0190185
-0.0255527
-0.0197548
-0.0048685
-0.0316569
0.0207475
-0.0024977
0.0191490
-0.0009046
-0.0183319
0.0194095
0.0233714
0.0009493
-0.0133029
-0.0067968
0.0271242
-0.0290694
0.0020809
0.0067760
0.0111501
0.0239716
-0.0122028
0.0112726
0.0070591
-0.0236430
-0.0329110
-0.0044213
-0.0151901
0.0187462
0.0151076
0.0233245
-0.0183286
-0.0096520
0.0535040
0.0328912
0.0425802
0.0327034
0.0366319
0.0177675
-0.0182423
-0.0056690
0.0015711
-0.0024621
-0.0112558
-0.0729280
-0.0426235
-0.0654587
-0.0589582
-0.0074666
0.0439859
0.0809489
0.1641934
0.2108483
0.1933671
0.0248090
-0.2450767
-0.3576601
-0.2767993
-0.1052151
0.1090764
0.1843248
0.1566177
0.0918839
0.0842831
0.0440371
0.0522331
-0.0451525
-0.0797007
-0.0762384
-0.0873657
-0.0496685
-0.0488061
0.0060075
-0.0336694
0.0242962
0.0308659
-0.0117875
0.0017601
0.0550424
0.0139621
0.0482473
0.0298186
-0.0328796
0.0138473
-0.0146301
-0.0592510
0.0088859
-0.0049685
-0.0033492
0.0320759
0.0042492
0.0077670
-0.0110287
0.0209663
0.0013820
0.0114119
-0.0211849
-0.0088687
0.0257008
-0.0018855
-0.0154323
-0.0132305
0.0151553
-0.0034065
0.0164620
-0.0337951
0.0053463
-0.0124662
0.0087290
-0.0296489
0.0061243
0.0315822
-0.0093104
-0.0023608
0.0093861
-0.0313247
-0.0013810
0.0191385
-0.0088701
0.0144462
-0.0229354
-0.0027511
-0.0109863
0.0218501
-0.0284224
0.0208769
0.0047570
0.0257281
0.0129484
0.0201203
0.0059005
-0.0107243
-0.0194913
0.0028408
-0.0154207
-0.0161886
0.0228397
-0.0085381
0.0020913
-0.0064248
0.0255663
0.0099052
-0.0021502
0.0372286
-0.0209118
0.0007898
0.0001062
0.0060683
0.0082343
-0.0281748
0.0156581
-0.0012914
-0.0200593
-0.0264196
0.0139234
0.0040137
-0.0028465
-0.0361582
0.0245288
0.0360514
-0.0221546
0.0201332
-0.0172215
0.0170175
-0.0301817
-0.0136721
-0.0102893
-0.0107634
0.0289996
0.0205968
-0.0271614
0.0279905
-0.0149498
-0.0102513
-0.0240089
-0.0257565
0.0061693
0.0219718
-0.0082323
0.0221156
-0.0094783
-0.0001489
0.0131025
0.0230609
-0.0283226
-0.0092275
-0.0044357
0.0309271
0.0252295
0.0180314
-0.0336708
-0.0077500
-0.0191386
0.0286664
-0.0151142
0.0143708
-0.0154782
-0.0265864
0.0344394
-0.0313945
0.0250690
0.0002518
-0.0291071
0.0011927
-0.0064688
-0.0026636
0.0036508
-0.0092391
0.0303248
0.0242737
-0.0093017
-0.0282727
-0.0316002
-0.0126444
-0.0362167
0.0026879
0.0215740
-0.0098279
-0.0285050
-0.0191568
-0.0053686
0.0138209
-0.0057809
-0.0084530
-0.0210862
0.0064825
-0.0264594
-0.0066829
-0.0015963
0.0188964
0.0136230
0.0206115
-0.0072982
-0.0277222
0.0039665
0.0337402
0.0412226
-0.0113300
-0.0240702
-0.0131930
-0.0726938
-0.0650150
-0.0774708
-0.0446328
0.0026539
-0.0059691
0.0082583
0.0554658
0.0461815
0.0306034
0.0510312
0.0146263
-0.0160355
0.0185359
-0.0193528
-0.0240001
-0.0667324
-0.0817094
-0.0589003
-0.0754628
-0.0464695
-0.0056446
0.0220154
0.0272506
0.1071509
0.1531636
0.2344021
0.1291857
-0.0869161
-0.3063518
-0.3893156
-0.2643910
-0.0399986
0.0975873
0.1570287
0.1883041
0.1183067
0.0561242
0.0434496
-0.0110253
-0.0381017
-0.0750637
-0.0396440
-0.0708213
-0.0445665
-0.0650198
-0.0052843
0.0215696
0.0096691
-0.0064215
0.0319224
0.0308144
0.0622451
0.0376181
0.0383385
0.0130691
-0.0002612
-0.0279574
0.0138649
-0.0163817
-0.0185620
-0.0035514
-0.0061046
-0.0295206
0.0083384
0.0139301
0.0036478
-0.0104138
0.0102022
0.0211740
0.0223981
-0.0078296
0.0233892
-0.0050729
0.0049858
0.0116311
0.0032700
0.0362982
0.0187339
-0.0012205
0.0055094
0.0047547
-0.0097407
-0.0161167
0.0233886
0.0083520
-0.0034982
-0.0033786
0.0287317
-0.0196407
-0.0219199
-0.0192663
-0.0215202
-0.0036128
0.0181721
0.0004608
0.0118009
0.0217453
0.0246028
0.0232556
-0.0245731
-0.0119000
-0.0154567
0.0317733
0.0313416
-0.0131917
-0.0028050
-0.0034923
-0.0087494
0.0272687
-0.0074138
0.0244284
-0.0242700
-0.0380660
-0.0361940
-0.0252685
0.0253800
-0.0159101
0.0237788
0.0243794
0.0307646
-0.0028066
0.0117687
-0.0250209
0.0009745
-0.0382133
0.0180847
-0.0047101
0.0116829
0.0197441
-0.0204732
0.0048979
-0.0059628
-0.0034098
-0.0354958
0.0083429
-0.0316117
0.0332078
0.0235119
-0.0011060
0.0079616
0.0164795
0.0134149
0.0016730
0.0060716
0.0327382
-0.0308259
-0.0190342
0.0138868
-0.0344371
-0.0143064
0.0189384
0.0228446
-0.0070208
0.0195791
0.0034655
-0.0332038
-0.0209664
0.0064226
-0.0235902
-0.0056223
-0.0099749
0.0287967
0.0083880
-0.0194540
-0.0221766
-0.0316051
0.0020487
0.0088223
-0.0061880
-0.0231437
0.0061655
-0.0140080
-0.0362375
0.0274359
-0.0120576
0.0383381
-0.0193960
-0.0089810
0.0220995
-0.0277845
-0.0237132
0.0367513
-0.0194735
0.0303442
-0.0337102
0.0246588
0.0065424
0.0048798
0.0041782
0.0172775
0.0172169
0.0015121
-0.0045356
0.0383744
0.0087379
0.0478453
-0.0149280
-0.0127660
-0.0309574
0.0093749
-0.0190216
0.0035230
-0.0099638
-0.0310196
-0.0024255
0.0019766
0.0141088
-0.0244217
0.0072107
0.0053977
0.0354183
-0.0073453
0.0367686
-0.0048003
0.0012116
0.0287683
0.0176159
0.0262984
0.0086216
-0.0254422
-0.0715788
-0.0527323
-0.0881728
-0.0541762
-0.0302466
0.0395185
0.0801878
0.0777558
0.1757245
0.1798542
0.2194820
0.0301286
-0.1808316
-0.3628197
-0.3646933
-0.1524323
0.0847214
0.2401070
0.2013154
0.1539231
0.0627727
0.0196347
-0.0129662
-0.0055331
-0.0378904
-0.0752189
-0.0752882
-0.0813787
-0.0543164
-0.0168351
-0.0104222
0.0400538
-0.0203934
0.0311684
0.0190700
0.0624982
0.0365743
0.0105750
-0.0095850
-0.0248203
0.0179953
-0.0308957
-0.0084588
-0.0364434
-0.0073648
0.0213058
0.0196689
-0.0046933
-0.0019439
0.0205798
0.0015988
-0.0001465
-0.0065537
0.0417310
0.0020924
-0.0209383
0.0092666
-0.0191059
-0.0404485
0.0194358
-0.0244928
0.0072305
0.0288683
-0.0109258
-0.0297199
0.0280844
0.0198451
0.0302903
-0.0051744
-0.0061721
-0.0233983
0.0116466
0.0246129
0.0183533
-0.0077643
-0.0359583
-0.0105398
-0.0020456
0.0352335
-0.0133129
0.0044195
-0.0335724
0.0110617
0.0270058
0.0215880
0.0009724
0.0156051
0.0350952
-0.0260473
-0.0308049
0.0126721
-0.0029168
-0.0355816
0.0215302
-0.0056362
-0.0011900
-0.0171714
0.0205334
-0.0221672
0.0087203
0.0023674
0.0023602
-0.0184375
-0.0279428
0.0285192
-0.0043329
-0.0116975
-0.0265832
0.0289534
-0.0107695
-0.0116445
0.0148401
0.0023350
0.0289373
-0.0317036
0.0197847
0.0061675
-0.0089840
0.0243729
-0.0291502
0.0156490
-0.0338185
0.0038643
0.0231402
-0.0176729
-0.0143623
-0.0375728
-0.0217110
-0.0036170
-0.0194972
0.0198376
0.0219870
0.0290540
-0.0327175
0.0115005
-0.0063196
0.0080972
-0.0071229
-0.0096528
-0.0297680
0.0016408
-0.0076049
-0.0190953
-0.0076385
0.0083412
0.0148618
-0.0008035
0.0009332
0.0197948
-0.0033605
-0.0227309
-0.0039789
0.0003786
0.0229921
0.0025805
0.0139830
0.0289348
0.0097675
0.0204917
0.0169912
-0.0266001
0.0116210
-0.0354738
0.0072747
0.0350790
-0.0129993
0.0190944
0.0127280
0.0011369
-0.0185165
-0.0109592
0.0180381
-0.0117812
-0.0230758
0.0002405
0.0113072
-0.0056127
0.0337879
-0.0197447
0.0192883
0.0176983
0.0044809
-0.0324367
-0.0503388
-0.0310899
-0.0140682
0.0182874
0.0112491
0.0089726
-0.0021071
0.0099931
0.0043093
0.0549157
0.0581382
-0.0037795
-0.0050115
0.0036969
-0.0384469
-0.0709022
-0.0344401
-0.0473955
-0.0668128
-0.0457389
0.0273904
0.0655996
0.0775569
0.1488582
0.2028624
0.2356470
0.0607980
-0.1998330
-0.3742728
-0.3933102
-0.2012167
0.0487572
0.2284868
0.2503445
0.1590487
0.0918933
0.0269754
0.0479010
-0.0109540
-0.0354460
-0.0788196
-0.0819683
-0.0851152
-0.0603203
-0.0108070
-0.0022090
0.0154357
0.0173932
0.0480135
0.0084169
0.0248765
0.0268340
-0.0085313
-0.0202889
-0.0412445
-0.0130937
-0.0124463
0.0078591
-0.0130875
-0.0144565
0.0271274
-0.0321257
-0.0160242
0.0079981
0.0037527
0.0106688
-0.0279740
0.0160210
-0.0049438
-0.0139602
0.0078013
0.0080429
0.0172334
0.0287084
-0.0124971
-0.0189146
-0.0126746
-0.0083406
0.0189780
-0.0266999
-0.0301156
-0.0084937
0.0271528
0.0369484
0.0146177
0.0267021
-0.0074883
0.0326890
-0.0062797
0.0130991
0.0227408
-0.0281855
0.0123327
-0.0124679
-0.0127113
-0.0017509
0.0275870
0.0062363
-0.0030394
-0.0204815
-0.0127348
-0.0202581
0.0202171
-0.0003589
0.0213594
0.0168054
0.0268074
-0.0321757
-0.0323570
0.0095971
-0.0346935
0.0130306
0.0006116
0.0109283
0.0339778
-0.0149526
0.0093688
-0.0060178
0.0325604
0.0021451
-0.0150356
-0.0301997
-0.0179063
0.0238259
-0.0284400
-0.0026151
-0.0373424
-0.0091976
0.0193704
0.0219115
0.0178011
-0.0058872
-0.0237200
0.0188858
0.0321549
0.0235534
-0.0192202
0.0236378
0.0150486
0.0125879
-0.0102726
0.0034077
0.0181533
0.0260346
-0.0326606
0.0243397
-0.0002193
-0.0094503
-0.0250341
0.0365243
0.0393788
0.0240657
0.0183947
0.0186933
-0.0302409
0.0302090
-0.0062346
-0.0358184
0.0027479
-0.0206856
0.0145148
-0.0156850
-0.0298678
0.0137904
-0.0222858
-0.0018358
0.0149329
0.0080857
0.0080478
0.0292088
0.0230463
-0.0075424
-0.0148320
-0.0060847
-0.0067691
-0.0174464
-0.0068523
-0.0232130
0.0008820
-0.0045271
0.0178275
0.0153016
0.0020392
0.0113468
-0.0067505
0.0235826
0.0098609
0.0145371
-0.0019723
0.0268003
0.0249804
0.0249794
-0.0221657
0.0324821
-0.0011563
0.0335472
0.0049508
-0.0020748
-0.0505577
-0.0083647
-0.0170424
0.0190504
0.0326327
0.0191313
0.0072635
0.0461288
0.0035925
0.0196092
0.0112671
0.0432555
0.0145306
0.0008688
-0.0252014
0.0038524
-0.0252946
-0.0274473
-0.0950997
-0.0461843
-0.0725249
-0.0254195
0.0156964
0.0428888
0.1376312
0.1459121
0.2039588
0.1921977
-0.0462203
-0.2981627
-0.4206055
-0.3441039
-0.0934994
0.1042803
0.2704252
0.2207442
0.1144959
0.0396741
0.0412685
0.0379102
-0.0324715
-0.0450543
-0.0804731
-0.0881163
-0.0258301
-0.0391251
-0.0403475
0.0105191
0.0145984
0.0275575
0.0037242
0.0473115
0.0513469
0.0244298
-0.0038543
0.0230491
-0.0087726
-0.0355994
-0.0417815
-0.0354344
-0.0349972
-0.0338170
-0.0190961
0.0111603
-0.0253008
-0.0194010
0.0266039
0.0367127
0.0195666
0.0347614
-0.0045577
-0.0167296
-0.0175744
