-0.0075752
0.0069045
0.0105092
-0.0147550
0.0116784
0.0123918
-0.0217770
-0.0116495
-0.0059819
0.0143049
-0.0207498
-0.0065112
-0.0003697
0.0038963
0.0186455
-0.0077817
0.0096688
0.0027511
0.0190114
-0.0179096
-0.0011634
-0.0148402
-0.0012962
-0.0198676
-0.0064437
0.0140488
-0.0009247
-0.0012124
-0.0216979
0.0167738
-0.0359935
0.0031953
-0.0009776
0.0158903
0.0006729
0.0276079
-0.0142934
0.0118283
0.0004465
-0.0016872
0.0335764
0.0047167
0.0155281
-0.0101348
-0.0143511
-0.0220989
-0.0362175
-0.0383379
-0.0253277
-0.0191177
-0.0263836
0.0190494
-0.0046067
0.0062927
0.0119977
0.0567761
0.0737678
0.0867323
0.1040127
-0.0227609
-0.1495957
-0.2363377
-0.1888399
-0.0478487
0.1154961
0.1933605
0.1490795
0.0327831
-0.0143652
-0.0211341
-0.0243653
-0.0127397
-0.0582395
-0.0689372
-0.0179194
-0.0004800
0.0042454
0.0016775
0.0119351
0.0402388
0.0029310
0.0481606
0.0109435
0.0313746
0.0176773
-0.0007464
-0.0160737
0.0130459
0.0100298
0.0071349
-0.0202223
0.0019274
0.0180117
-0.0083213
0.0173861
-0.0075679
-0.0024999
0.0050524
0.0087028
-0.0097270
-0.0061497
0.0187493
0.0186194
-0.0207308
-0.0174996
-0.0316630
0.0059230
-0.0233393
-0.0032178
0.0270636
-0.0073734
-0.0120518
-0.0265653
0.0031807
-0.0172925
0.0026929
-0.0030801
0.0290215
0.0076379
0.0124913
-0.0220617
-0.0330276
-0.0262972
-0.0077237
0.0276986
0.0099161
-0.0171103
-0.0122153
-0.0235325
-0.0060445
0.0168511
0.0092924
0.0117700
0.0191490
-0.0194671
0.0027639
-0.0130429
0.0077943
-0.0256073
-0.0228478
-0.0260483
0.0162449
-0.0000797
-0.0043932
0.0071544
-0.0085313
0.0027852
0.0178266
0.0218644
-0.0209405
-0.0211098
-0.0189968
0.0018685
0.0221348
-0.0253521
-0.0209505
0.0026044
0.0140084
0.0278375
-0.0214952
0.0256357
-0.0106503
-0.0043803
0.0176250
-0.0173222
-0.0128307
0.0115257
0.0180473
-0.0043533
0.0020906
0.0135430
0.0181073
0.0051939
0.0129432
0.0019116
-0.0160242
0.0198556
-0.0019263
-0.0030901
0.0236938
0.0187155
-0.0068150
0.0098550
-0.0013937
0.0171250
0.0084075
0.0168333
-0.0121821
-0.0221627
0.0251389
-0.0065264
0.0246748
0.0222295
0.0104108
-0.0058904
0.0098210
-0.0167103
-0.0059412
-0.0093395
0.0247221
0.0158261
-0.0230654
-0.0126556
0.0167081
-0.0036402
0.0148476
0.0239554
0.0128842
-0.0172766
-0.0084344
0.0023365
0.0156933
0.0047383
-0.0006517
0.0229662
0.0244439
0.0142970
0.0063659
-0.0009788
-0.0216624
0.0086944
0.0006110
0.0176629
0.0224237
-0.0037527
-0.0136122
0.0146670
0.0101787
-0.0128927
-0.0116010
-0.0059515
-0.0094260
-0.0229861
0.0188023
0.0152866
0.0122372
0.0199582
0.0022622
0.0156316
-0.0002537
-0.0105680
-0.0156193
0.0015797
0.0219146
-0.0046500
0.0161049
-0.0201499
0.0095816
0.0102737
-0.0132146
-0.0183396
-0.0008241
0.0203277
0.0206164
0.0028911
-0.0010061
0.0207979
-0.0176546
0.0092210
-0.0126891
-0.0314542
-0.0437840
-0.0103194
-0.0009451
-0.0249495
0.0014503
-0.0169548
0.0067215
0.0173460
0.0126549
0.0671911
0.0819278
0.1328759
0.0894339
-0.0343521
-0.2349052
-0.2930116
-0.1550731
0.0340535
0.1841304
0.2183226
0.1181260
0.0118383
0.0126532
-0.0172366
-0.0487912
-0.0577465
-0.0583554
-0.0373166
-0.0054687
-0.0184635
-0.0213656
0.0096476
0.0350355
0.0296453
0.0145863
-0.0046847
-0.0039873
-0.0097791
-0.0135741
-0.0137348
-0.0001496
-0.0085892
-0.0306268
-0.0165129
-0.0115419
-0.0231609
0.0167263
0.0029428
-0.0143878
0.0210028
0.0058282
0.0210345
-0.0013685
0.0031647
0.0128095
-0.0151615
0.0098807
0.0014953
0.0077854
-0.0121653
0.0097126
0.0144258
-0.0265826
-0.0186383
0.0195762
-0.0039554
-0.0060009
0.0211064
0.0138860
0.0146042
0.0003926
-0.0239532
-0.0019728
-0.0207733
0.0163356
-0.0219637
-0.0152504
-0.0107949
0.0023067
0.0030988
0.0109126
0.0146235
0.0154381
0.0076583
0.0094625
0.0001422
0.0136505
-0.0075629
0.0040736
-0.0194372
-0.0211416
0.0182760
-0.0136037
-0.0049124
-0.0139181
-0.0095603
-0.0146796
-0.0130303
-0.0047325
0.0126360
0.0075423
-0.0145725
-0.0191868
-0.0146301
0.0072809
0.0202644
-0.0003494
0.0239623
0.0035199
-0.0213847
-0.0142503
-0.0189072
0.0207544
-0.0246421
0.0179030
-0.0267130
0.0165310
-0.0103573
-0.0156784
-0.0058699
-0.0060731
0.0237236
0.0143668
-0.0173480
0.0209729
0.0144479
0.0136426
0.0192229
-0.0036629
0.0194810
-0.0160341
-0.0242507
0.0015037
0.0075558
0.0289127
0.0080323
0.0131123
-0.0202785
-0.0148095
-0.0191815
-0.0207175
0.0084617
-0.0060143
0.0195997
-0.0026833
0.0146799
0.0163805
-0.0166895
-0.0115343
0.0189011
-0.0018018
-0.0069153
0.0112847
0.0051322
-0.0013009
0.0094700
-0.0223201
-0.0053160
0.0177599
0.0066907
-0.0051023
0.0034974
-0.0036028
0.0002131
-0.0050373
0.0170006
0.0144537
-0.0051409
-0.0177993
0.0228100
0.0001632
0.0180315
-0.0251260
-0.0118280
-0.0119033
0.0130917
-0.0057042
0.0273379
-0.0094784
-0.0185208
0.0078241
-0.0240674
0.0041484
-0.0095407
0.0112256
0.0178302
0.0098749
0.0013534
-0.0177724
0.0244577
-0.0140065
0.0118674
0.0237259
-0.0187123
-0.0190215
0.0094553
-0.0293362
-0.0049853
0.0121265
0.0091043
-0.0099103
0.0101008
-0.0078302
-0.0130754
0.0158484
0.0130686
0.0237709
0.0344367
0.0339100
0.0272699
-0.0031836
-0.0128323
-0.0254794
-0.0131074
-0.0431147
-0.0397647
0.0093850
0.0008966
-0.0213346
-0.0119796
0.0132396
0.0453835
0.0466493
0.0451024
0.0853699
0.1141178
-0.0120556
-0.1389007
-0.2565390
-0.2322348
-0.0812218
0.1247642
0.2085762
0.1757958
0.0638887
0.0127722
-0.0432250
-0.0426360
-0.0205554
-0.0410500
-0.0235071
-0.0100790
-0.0227902
-0.0298790
-0.0161729
0.0305195
0.0315464
0.0433507
0.0205966
0.0050228
0.0178252
-0.0107661
0.0050771
-0.0007239
-0.0086121
-0.0202453
-0.0248200
-0.0225416
0.0053126
0.0072238
-0.0094507
-0.0024601
0.0192096
-0.0020839
0.0029920
0.0160162
0.0039839
-0.0090622
-0.0077168
0.0213433
0.0101014
-0.0190110
-0.0038546
-0.0055335
0.0032416
0.0050359
0.0131507
-0.0164978
0.0133319
0.0122956
0.0055745
0.0170682
-0.0107235
0.0157016
-0.0074599
0.0079608
0.0182716
0.0063533
-0.0201876
-0.0199311
-0.0142926
0.0025649
-0.0115972
0.0086602
0.0248549
0.0047750
-0.0002578
0.0091434
-0.0199615
0.0202658
0.0134068
-0.0028462
0.0018331
0.0106592
0.0131988
-0.0129578
0.0275087
0.0134315
-0.0244438
-0.0103994
-0.0007407
0.0065974
-0.0198696
-0.0192344
-0.0280618
-0.0296402
-0.0033917
-0.0148828
0.0179034
0.0037539
0.0101467
0.0186477
-0.0005062
0.0109281
-0.0097469
-0.0126220
-0.0049005
0.0136784
0.0190245
-0.0189484
0.0133764
-0.0072014
0.0194124
-0.0039008
0.0071611
-0.0048314
0.0033333
-0.0022888
-0.0000963
-0.0021601
0.0179831
-0.0161455
0.0009185
0.0313397
0.0276182
0.0223422
0.0168056
0.0039529
-0.0278768
-0.0246209
-0.0108645
-0.0165286
-0.0007193
0.0226987
-0.0008636
-0.0006595
0.0209190
-0.0118251
-0.0261345
0.0088737
0.0167873
0.0283310
0.0254323
0.0240811
-0.0104985
-0.0199908
-0.0146230
0.0082206
0.0046559
-0.0176743
-0.0057159
-0.0082452
0.0084305
-0.0212249
0.0199125
-0.0022560
0.0055294
0.0147967
0.0139697
-0.0208182
0.0083059
-0.0133985
-0.0129139
0.0306894
-0.0138114
-0.0051786
0.0082508
0.0105794
0.0091476
-0.0126962
-0.0011180
-0.0203118
-0.0273721
0.0165770
-0.0012719
0.0018406
0.0113342
0.0068453
0.0158042
0.0228900
-0.0227348
-0.0184482
0.0108500
0.0229115
-0.0121415
0.0028785
-0.0110694
0.0072250
-0.0308096
0.0132313
0.0215376
-0.0101403
-0.0265836
0.0136208
0.0177435
0.0170412
-0.0095209
0.0027885
-0.0119323
0.0134740
-0.0110041
0.0269591
-0.0084856
0.0122511
-0.0204785
-0.0232726
-0.0150982
-0.0125276
-0.0200913
-0.0156698
-0.0204667
-0.0319720
0.0176816
0.0164242
0.0280484
0.0383533
0.0541997
0.0380410
0.0989915
0.0880568
0.0143562
-0.1443810
-0.2463323
-0.2269311
-0.0765306
0.1127976
0.2093927
0.1997189
0.0894128
0.0035994
0.0019624
-0.0106447
-0.0366380
-0.0152505
-0.0422623
-0.0301538
-0.0341845
-0.0216087
0.0028852
-0.0067073
0.0350535
0.0385880
0.0100510
0.0048752
-0.0025335
-0.0130876
-0.0108115
0.0075542
0.0114728
0.0007286
0.0010416
-0.0260006
-0.0302741
-0.0265262
-0.0137542
-0.0167293
0.0136466
0.0202649
0.0309436
0.0085930
-0.0008456
-0.0196428
-0.0069932
-0.0054601
-0.0148041
-0.0220035
-0.0044264
-0.0205070
0.0094321
0.0270002
0.0257657
-0.0104063
-0.0095336
0.0126760
-0.0200214
0.0033384
-0.0235296
-0.0160113
-0.0215361
-0.0111961
-0.0140286
-0.0220110
0.0221583
-0.0116033
0.0047096
-0.0155620
0.0232983
0.0175152
0.0137810
-0.0150118
-0.0008756
0.0160298
-0.0274139
0.0135070
-0.0170000
0.0074904
0.0200043
0.0165703
-0.0018494
-0.0237241
-0.0088841
0.0119634
0.0009856
-0.0139316
-0.0040720
0.0173434
0.0145519
-0.0148032
0.0016759
0.0171653
0.0123870
-0.0210682
-0.0149040
-0.0120991
0.0248494
-0.0073450
-0.0204011
0.0026864
-0.0161647
-0.0234863
0.0131829
0.0117713
-0.0143213
-0.0146566
-0.0116559
-0.0167632
-0.0227529
0.0115203
-0.0237897
0.0176892
-0.0059205
-0.0206747
-0.0091046
0.0030290
-0.0132896
-0.0225257
-0.0075694
0.0258399
0.0214252
-0.0078500
-0.0221984
-0.0028261
-0.0235288
-0.0080296
-0.0021702
-0.0258756
0.0150472
-0.0023612
-0.0203731
-0.0074831
-0.0188488
-0.0063347
-0.0124812
0.0258044
-0.0167647
0.0047313
-0.0265590
0.0108235
-0.0257851
0.0039638
0.0218189
0.0083369
-0.0150395
0.0004911
-0.0223447
-0.0284529
0.0083828
0.0027466
0.0237258
0.0144826
-0.0054216
-0.0055677
0.0230727
-0.0207158
0.0088586
-0.0009331
0.0124415
-0.0116044
-0.0202191
0.0226912
0.0254542
-0.0161974
-0.0212483
0.0139563
0.0107620
-0.0032958
-0.0244849
0.0051526
-0.0029300
0.0084316
-0.0150357
-0.0080366
-0.0170038
0.0033658
0.0227813
-0.0100806
0.0088416
-0.0236687
0.0045764
-0.0242044
-0.0198770
0.0227532
-0.0059988
-0.0091733
-0.0019917
0.0223186
0.0120156
0.0160894
-0.0292875
-0.0263121
0.0076518
0.0149061
0.0222593
0.0279097
0.0232038
0.0096738
0.0253624
0.0334170
-0.0202875
-0.0338459
-0.0049586
-0.0129253
-0.0073871
-0.0052394
-0.0191139
-0.0011966
-0.0329706
0.0080824
0.0157118
-0.0080669
0.0308858
0.0293570
0.0320578
0.1098954
0.0811209
0.0061276
-0.1127389
-0.2437532
-0.2021235
-0.0662213
0.1014365
0.1990471
0.1425377
0.0536005
-0.0110543
-0.0316095
0.0020015
-0.0490146
-0.0232216
-0.0230548
-0.0129615
-0.0151437
0.0012940
-0.0141043
-0.0014662
0.0066163
0.0352336
0.0302907
0.0009610
0.0304355
-0.0108535
0.0017505
-0.0151220
-0.0168074
-0.0320076
-0.0291241
0.0107970
0.0114378
-0.0154632
-0.0198394
0.0186697
0.0149856
-0.0116681
-0.0178047
-0.0062084
-0.0088003
-0.0045840
0.0118846
-0.0023180
0.0084920
0.0037616
0.0148503
0.0086011
-0.0271310
-0.0160565
0.0010130
0.0124254
0.0175426
-0.0010169
0.0002335
0.0209969
-0.0118646
-0.0090658
-0.0130515
-0.0011897
-0.0154606
-0.0085319
-0.0201098
0.0181224
-0.0165276
0.0074737
0.0103510
0.0107790
-0.0168415
-0.0012519
-0.0064974
0.0055767
-0.0017634
-0.0118043
-0.0130559
0.0083211
0.0216687
-0.0041609
-0.0112801
-0.0104527
-0.0059711
0.0060825
0.0138643
-0.0092298
-0.0204873
-0.0085977
0.0097723
0.0064147
0.0218713
0.0104186
0.0242550
-0.0227145
-0.0181361
-0.0095268
-0.0003667
-0.0115415
0.0172008
0.0188444
-0.0170326
-0.0066524
-0.0231011
0.0168830
-0.0050049
-0.0222650
0.0205136
-0.0130474
-0.0026234
0.0120192
0.0238370
-0.0262220
0.0159406
0.0159166
-0.0219776
-0.0154135
0.0092283
0.0137253
-0.0201158
0.0180598
0.0000572
0.0229790
-0.0092761
0.0144074
0.0101965
-0.0088097
-0.0015102
0.0206247
0.0188238
-0.0194930
0.0096356
-0.0085781
-0.0129182
0.0054318
-0.0143083
-0.0121989
-0.0147855
-0.0242277
0.0034989
-0.0041828
0.0007744
-0.0101805
0.0077735
0.0169266
0.0058073
0.0036008
-0.0071886
0.0216597
-0.0029980
-0.0241129
-0.0089894
0.0176520
0.0129334
-0.0015940
0.0163156
0.0028089
0.0018966
-0.0079871
-0.0017100
-0.0112144
-0.0054235
0.0244839
0.0172357
0.0259363
-0.0070052
-0.0151964
-0.0056933
-0.0220466
0.0169873
0.0048915
-0.0167171
-0.0127981
-0.0111993
0.0105924
0.0118721
0.0219840
-0.0239601
0.0132652
-0.0068756
0.0297766
0.0066486
0.0141666
0.0040842
0.0121107
-0.0136606
0.0152086
-0.0113186
-0.0127705
-0.0071093
0.0087566
-0.0127959
-0.0034468
0.0161064
0.0143170
-0.0195808
-0.0029402
0.0027347
0.0305975
-0.0077404
-0.0036763
-0.0037864
0.0023458
-0.0162969
-0.0226500
-0.0032936
0.0059680
0.0164772
0.0112956
-0.0105895
0.0008353
0.0349648
0.0345325
0.0104118
0.0174594
0.0815391
0.0810950
0.0491525
-0.0982317
-0.2156215
-0.2295857
-0.0885648
0.0844515
0.1579270
0.1284111
0.0654381
0.0063958
-0.0120304
-0.0273575
0.0073495
-0.0143392
-0.0503539
-0.0257664
-0.0373593
-0.0244379
0.0171377
-0.0051422
0.0342967
0.0033522
0.0241156
0.0209356
0.0077987
-0.0030363
0.0173501
-0.0046870
-0.0112018
0.0025550
-0.0354102
-0.0031870
0.0030365
-0.0166749
-0.0154216
0.0195001
0.0087874
-0.0061327
0.0306775
0.0243702
-0.0020517
0.0159043
0.0145780
-0.0023161
-0.0169135
0.0090594
-0.0108122
-0.0044105
0.0109732
0.0062237
0.0090528
-0.0109736
-0.0104240
-0.0196301
0.0086281
-0.0036448
0.0084984
-0.0114631
-0.0287589
0.0006377
0.0156539
-0.0163093
0.0060537
0.0004814
-0.0130259
0.0058852
-0.0224891
0.0161558
0.0246717
-0.0112683
0.0184922
0.0175067
0.0028629
0.0202637
0.0062319
0.0141455
0.0014100
-0.0155344
0.0087427
-0.0160903
-0.0172773
0.0078182
0.0255998
-0.0056619
0.0024721
-0.0173055
-0.0080173
0.0078221
-0.0191877
-0.0028263
-0.0002440
0.0137833
0.0001444
0.0038156
0.0040352
0.0148922
0.0163866
-0.0015992
0.0157279
-0.0145258
-0.0079016
-0.0037125
0.0275506
-0.0176946
0.0066573
0.0133722
0.0202590
-0.0051894
-0.0158308
0.0184196
-0.0171662
-0.0003380
0.0017927
0.0209957
0.0203221
0.0184237
0.0107179
-0.0146756
-0.0158846
0.0139024
