0.0026069
-0.0086870
0.0392920
0.0451415
0.0134914
-0.0112471
0.0285932
0.0352322
0.0070589
-0.0375768
-0.0259882
-0.0507070
-0.0096356
0.0205212
0.0165309
0.0117746
0.0138529
0.0007916
0.0462549
0.0317889
0.0189656
0.0969992
0.0612284
0.0442314
-0.0300985
-0.0783727
-0.0924806
-0.1344198
-0.1789511
-0.1733638
-0.0352391
0.2184968
0.3604404
0.4120494
0.1346241
-0.0570800
-0.2358102
-0.2978586
-0.1962096
-0.0820424
0.0024183
0.0337276
0.0234727
0.1062837
0.0734254
0.0254614
0.0942672
0.0407468
0.0427397
-0.0410435
-0.0423435
-0.0828735
-0.0766269
-0.0766298
-0.0179329
-0.0586707
0.0267869
-0.0250583
0.0363973
0.0501616
-0.0113924
0.0657705
0.0370019
0.0346116
0.0111847
-0.0045185
-0.0065938
-0.0239542
-0.0646933
-0.0045329
-0.0262978
0.0350453
-0.0208296
0.0462583
0.0288906
0.0296646
0.0534696
0.0859173
0.0373024
-0.0188618
0.0005929
-0.0309122
-0.1086171
-0.0854467
-0.1303158
-0.0934178
-0.0742318
0.0487765
0.3079637
0.3571803
0.2231691
-0.0754434
-0.2592913
-0.2267203
-0.1639492
-0.0426361
-0.0102520
-0.0066050
0.0683821
0.0434970
0.0113959
0.0791957
0.0501326
0.0306206
0.0075930
-0.0567727
-0.0286292
-0.0525163
-0.0373074
-0.0201900
-0.0186090
-0.0460521
-0.0267572
0.0272448
0.0157500
-0.0108816
0.0495255
-0.0233675
-0.0178562
0.0122721
-0.0141298
0.0175214
-0.0312517
0.0194036
0.0077455
-0.0197512
-0.0300487
-0.0074798
0.0612552
0.0679368
0.0010192
0.0091414
0.0066216
-0.0116504
0.0109721
-0.0432837
-0.0737165
-0.0975458
-0.0673815
-0.0885287
-0.0762049
-0.0442234
0.1248586
0.3331426
0.2860539
0.1454448
-0.1579594
-0.2986838
-0.1752963
-0.0816047
0.0323186
0.0315808
-0.0109061
0.0102076
0.0836334
0.0924588
0.0713105
0.0122271
-0.0313360
-0.0060261
-0.0550853
-0.0537606
-0.0579332
-0.0479697
-0.0402455
0.0239014
-0.0248053
0.0269537
0.0463908
0.0134510
-0.0307246
0.0171553
0.0349058
-0.0079915
-0.0431978
-0.0216118
-0.0432707
-0.0082334
-0.0103901
-0.0133689
-0.0488607
0.0278303
0.0601717
0.0310984
0.0559495
0.0168206
-0.0123102
0.0491718
0.0375659
0.0129943
-0.0523772
-0.1053492
-0.0749158
-0.0668023
-0.0550307
0.0390259
0.2212860
0.2374160
0.1886957
-0.0140061
-0.1440985
-0.2626771
-0.1758003
-0.0598331
-0.0184762
0.0513589
-0.0055041
0.0805035
0.0658360
0.0099169
0.0126220
0.0148290
0.0253956
-0.0317000
0.0294808
0.0178306
0.0083123
0.0083273
-0.0510181
0.0074260
0.0184826
0.0164816
-0.0241690
0.0240489
0.0038838
-0.0174357
-0.0169650
-0.0088422
0.0380772
0.0015952
-0.0517486
-0.0343151
-0.0372724
-0.0375418
0.0003942
0.0270200
0.0166580
0.0108512
-0.0065087
0.0772050
0.0845968
-0.0147574
-0.0356029
-0.0555390
-0.0401629
-0.0508173
-0.1068288
-0.1238067
-0.0952115
-0.0755654
0.1005078
0.2365187
0.3384921
0.1885676
0.0255438
-0.1935338
-0.2727242
-0.1480286
-0.0667754
-0.0073259
0.0005851
-0.0127636
0.0916252
0.0281650
0.0551991
0.0372546
0.0507065
-0.0291664
0.0060676
-0.0524198
-0.0618509
-0.0426136
-0.0425019
0.0155423
-0.0181555
-0.0388659
-0.0351919
-0.0094485
0.0507711
0.0679139
-0.0134015
-0.0208261
0.0446986
-0.0154311
-0.0248854
-0.0289730
-0.0257988
-0.0072342
-0.0277593
0.0060547
-0.0058199
0.0235867
-0.0064256
0.0539846
0.0442511
0.0032881
0.0304514
0.0681201
0.0732822
0.0022523
-0.0363995
-0.0501994
-0.0141239
-0.1436857
-0.1371818
-0.1788172
-0.0321830
0.1589977
0.3059516
0.3166596
0.1265899
-0.0857167
-0.2253936
-0.1900625
-0.0554772
0.0043902
0.0412064
0.0259916
-0.0271253
0.0343302
0.0028039
0.0022015
0.0806703
0.0031128
0.0344176
0.0379899
-0.0395410
-0.0193949
-0.0437569
-0.0118924
-0.0380476
-0.0210619
0.0122452
0.0328410
0.0270574
0.0546355
0.0160164
0.0286271
0.0265085
-0.0148131
0.0135367
0.0078678
0.0132071
0.0061771
-0.0038391
-0.0142442
0.0170118
-0.0223089
0.0117875
-0.0442023
-0.0220221
-0.0365659
0.0192088
0.0501835
0.0119379
0.0643382
-0.0108948
-0.0136205
-0.0042325
-0.0001151
-0.0698909
-0.0323521
-0.0725763
-0.0198139
-0.0274460
0.0301819
0.0192659
0.0173498
0.0697930
0.0336448
0.0762823
0.1124597
0.0558423
0.0697752
-0.0621262
-0.1167888
-0.1591478
-0.2171650
-0.2558415
-0.1021759
0.0471118
0.2425280
0.3506445
0.2425994
0.0653658
-0.0621470
-0.1782133
-0.1731985
-0.1566498
-0.0640412
-0.0897461
-0.0003102
0.0023631
0.0288406
0.0994831
0.0432088
0.0482685
0.0221439
0.0062401
0.0433327
-0.0272144
-0.0225058
0.0325327
-0.0239623
-0.0269667
0.0206405
-0.0003315
0.0187732
0.0127619
0.0128596
0.0261182
-0.0119352
0.0374699
0.0325269
0.0098274
-0.0117284
0.0232335
-0.0151684
0.0422197
-0.0161992
-0.0146363
0.0094512
-0.0014235
-0.0288209
-0.0079208
-0.0189521
-0.0136969
-0.0281301
-0.0349539
-0.0491665
0.0280856
-0.0181566
0.0122481
0.0355715
0.0188798
0.0929420
0.0478635
0.0433507
0.0446101
0.0309695
-0.0356856
-0.0961596
-0.1477130
-0.1828581
-0.1552711
-0.0221708
0.1456479
0.2674704
0.3223948
0.2067472
-0.0114753
-0.1662588
-0.1250348
-0.1155601
-0.0750998
-0.1186366
-0.0928582
-0.0726742
-0.0199399
0.0348127
0.0382203
0.0507475
0.0531870
0.0888963
0.0145468
-0.0307781
-0.0030447
-0.0794970
-0.0525036
-0.0098898
-0.0332519
0.0072228
-0.0357516
-0.0169845
-0.0330179
0.0146850
0.0024445
0.0182379
0.0599471
0.0520839
0.0128335
-0.0384890
0.0244241
0.0230085
-0.0050109
-0.0602552
0.0131615
-0.0461074
-0.0377516
-0.0018431
0.0285583
0.0054213
0.0116462
-0.0182717
0.0169397
0.0335826
-0.0152630
-0.0166038
0.0101817
0.0203824
-0.0496955
-0.0202004
0.0065811
0.0084065
-0.0093574
0.0035939
-0.0091287
0.0111651
0.0686501
0.0483728
0.0657660
0.0611518
0.0721462
0.0219550
-0.0169470
-0.0615895
-0.0631638
-0.1174950
-0.1939001
-0.0883206
0.0388699
0.2046572
0.1982408
0.1301929
0.0309247
-0.0476734
-0.1360488
-0.0421869
0.0055744
0.0267835
-0.0517031
-0.0394145
-0.0473806
0.0162242
-0.0021563
-0.0109516
0.0456974
0.0654120
0.0625801
-0.0086344
-0.0047172
-0.0008125
0.0291240
-0.0356733
0.0194168
-0.0433258
-0.0275156
0.0237943
-0.0155404
-0.0180142
0.0060414
0.0193657
0.0007577
0.0168883
0.0100204
0.0020196
0.0180806
-0.0292914
-0.0188954
0.0058961
0.0142772
0.0012801
-0.0178665
-0.0510939
-0.0399481
-0.0210314
-0.0429375
0.0298688
-0.0040032
-0.0213120
0.0489862
-0.0107336
-0.0126298
0.0089505
0.0407819
-0.0033447
0.0192804
0.0054154
-0.0485143
-0.0200700
-0.0444202
-0.0041973
0.0198269
0.0076489
0.0339826
0.0500166
0.0199075
0.0907946
0.1014948
0.0817159
0.0145848
0.0350183
0.0203175
-0.0777706
-0.1283575
-0.2469475
-0.2314748
-0.0955548
0.1450074
0.2442705
0.2881920
0.1170377
0.0037685
-0.1560931
-0.1581638
-0.1284389
-0.1070491
-0.0796789
-0.0289896
-0.0342478
0.0689855
0.0641405
0.0111902
-0.0116490
-0.0205678
0.0210504
-0.0219919
-0.0207139
-0.0416859
-0.0369769
0.0048644
-0.0013172
-0.0038975
-0.0584066
0.0037435
-0.0280253
-0.0479938
0.0027918
0.0505538
0.0365704
0.0587576
0.0078877
0.0328963
0.0486820
-0.0314439
0.0324647
-0.0153790
-0.0280323
-0.0201246
-0.0277122
-0.0297293
0.0072382
-0.0384536
-0.0020753
-0.0001136
0.0596509
-0.0124102
-0.0049178
0.0563986
0.0129385
-0.0374343
0.0347763
0.0309230
-0.0127339
-0.0396032
0.0000349
-0.0629156
-0.0645374
-0.0275897
0.0156734
0.0544240
0.0316355
0.0292026
0.0130224
0.0438433
0.0525462
0.0115418
-0.0422773
-0.0250617
-0.1405907
-0.1406380
-0.1365653
-0.0950997
0.0134266
0.1751285
0.3660204
0.3036649
0.0978025
-0.1603871
-0.2338853
-0.2614948
-0.1282508
-0.0510446
-0.0131954
-0.0222877
0.0384280
0.0465615
0.0550079
0.0684314
-0.0004894
0.0614544
0.0203063
0.0246488
-0.0283143
-0.0339523
-0.0641924
-0.0081647
0.0017580
-0.0192128
0.0019112
-0.0335927
0.0023769
0.0264801
0.0058952
0.0196476
0.0204268
0.0289641
0.0432604
0.0050759
-0.0152088
0.0090121
0.0020495
-0.0548052
0.0263349
-0.0421545
-0.0478211
-0.0302596
0.0009847
-0.0151259
0.0063134
0.0269047
0.0440259
0.0193421
0.0101110
-0.0404132
-0.0405282
-0.0284518
-0.0695972
-0.0392569
-0.0779340
-0.0218974
-0.0355581
0.0262170
0.0156092
0.0405395
0.0996947
0.1252866
0.0520132
0.0603893
0.0362879
0.0018571
-0.1037758
-0.1272833
-0.1337408
-0.1886167
-0.2248762
-0.1455695
0.0320393
0.2314004
0.4338952
0.4362628
0.2052127
-0.0394029
-0.2348162
-0.2843118
-0.2579418
-0.1765015
-0.0687476
0.0060888
0.0925468
0.1265287
0.1221332
0.0784494
0.0370202
-0.0061509
0.0154472
-0.0351434
-0.0036591
-0.0665326
-0.0233282
-0.0260816
0.0043425
-0.0636888
0.0194795
0.0420311
0.0433652
0.0527085
-0.0134801
0.0540998
-0.0261389
0.0457796
-0.0123303
-0.0000339
-0.0368985
0.0090440
0.0141468
-0.0291839
-0.0152997
-0.0153284
0.0167987
0.0218528
0.0186372
0.0029570
-0.0000961
0.0049671
0.0242470
-0.0375835
-0.0401702
-0.0044511
-0.0725008
-0.0164102
-0.0095472
-0.0249094
-0.0709561
-0.0298550
0.0263411
0.0620995
0.0913348
0.0819476
0.0571729
0.0553849
0.0330812
-0.0224657
-0.0236289
-0.1459963
-0.1541054
-0.2013003
-0.2274149
-0.1318925
-0.0243623
0.1991494
0.4167339
0.3755608
0.2147126
-0.0129910
-0.2598644
-0.3339147
-0.2527921
-0.1831989
-0.0369626
-0.0295763
0.0940415
0.0450888
0.0641242
0.0914974
0.0301329
0.0226651
0.0365643
-0.0330904
-0.0305972
-0.0538487
-0.0791005
-0.0529716
-0.0561312
-0.0414619
-0.0153969
-0.0392370
0.0172784
-0.0048269
0.0105477
0.0154114
0.0667783
0.0210897
-0.0285383
-0.0398279
-0.0175987
-0.0039645
-0.0317424
-0.0288848
-0.0569639
0.0048828
-0.0440545
-0.0147351
-0.0108729
0.0024944
0.0492125
0.0329424
0.0105692
0.0107264
0.0306688
0.0189249
-0.0026557
-0.0263070
-0.0652645
0.0014243
-0.0465370
0.0104423
-0.0589258
0.0303250
0.0329699
0.0365294
0.1158303
0.0752462
0.0352084
0.0596928
0.0486839
-0.0122668
-0.0827845
-0.1348321
-0.1693745
-0.2142437
-0.1765846
-0.0134602
0.1922552
0.3271112
0.4064701
0.2932909
0.0081437
-0.2351763
-0.2761587
-0.2496849
-0.2052161
-0.0785566
-0.0080134
0.0570332
0.1215646
0.0757711
0.0713716
0.1039313
0.0857367
0.0745519
0.0196458
-0.0266161
-0.0126726
-0.0269799
-0.0269100
-0.0564082
0.0117792
-0.0537939
0.0178203
-0.0010751
-0.0042275
0.0709065
0.0032711
0.0286497
0.0445689
0.0042403
-0.0505492
0.0360173
-0.0057227
0.0197328
-0.0148214
-0.0495778
-0.0162278
0.0201684
0.0380440
-0.0126585
0.0158740
0.0559378
0.0052735
-0.0159734
0.0386535
-0.0238232
-0.0124016
-0.0293710
-0.0179110
-0.0523299
-0.0634359
-0.0023485
-0.0159352
0.0338092
0.0869304
0.0979129
0.0482173
0.0966648
0.0162773
-0.0112601
0.0159977
-0.0423380
-0.1281872
-0.1856556
-0.2306373
-0.2275864
-0.1179686
0.1329333
0.3278245
0.4399158
0.3145889
0.0629092
-0.1654634
-0.2471602
-0.2228425
-0.1490866
-0.1258731
-0.0329362
0.0257550
0.0927398
0.1114937
0.1057595
0.0440952
0.0833127
0.0187537
-0.0095262
-0.0075441
-0.0649278
-0.0548393
-0.0274525
-0.0483623
-0.0677420
-0.0589691
0.0078231
0.0573018
-0.0219716
-0.0029068
0.0261796
-0.0176667
-0.0227511
0.0284618
0.0229668
0.0251223
0.0241708
-0.0088509
-0.0568409
-0.0319603
-0.0404985
0.0085649
0.0243238
0.0586621
0.0054614
0.0220119
0.0091743
-0.0283171
-0.0173407
0.0349767
-0.0158387
-0.0327723
-0.0421989
-0.0821893
-0.0636644
0.0290358
-0.0394792
0.0423139
-0.0011055
0.1048628
0.1199510
0.0642513
0.0642723
0.0289949
0.0157563
-0.0714998
-0.1630408
-0.1954858
-0.2275713
-0.1681562
-0.0687281
0.1100704
0.3081729
0.4440451
0.3382314
0.1193532
-0.1573666
-0.2352654
-0.2648683
-0.2398501
-0.1371018
-0.0652440
0.0756142
0.1092218
0.1227009
0.0752562
0.0732333
0.0443329
0.0494899
-0.0294879
-0.0415505
-0.0374962
-0.0679038
-0.0155640
-0.0547256
-0.0429038
0.0027327
0.0067109
0.0402197
0.0033079
-0.0122394
0.0247396
0.0259294
0.0045014
-0.0207611
-0.0198497
-0.0089581
-0.0418503
-0.0410492
-0.0297231
0.0355438
-0.0184861
0.0401511
-0.0113946
-0.0217693
-0.0007284
0.0573635
-0.0153905
-0.0104492
-0.0412232
0.0189132
-0.0632593
-0.0726179
-0.0358756
-0.0078535
0.0011718
0.0421784
0.0145152
0.0589193
0.0199710
0.0365782
0.0602451
0.0381123
0.0565670
0.0197955
-0.0557534
-0.0927319
-0.1338138
-0.1846187
-0.1738130
-0.1389449
0.0641087
0.2623840
0.4145861
0.3215809
0.1271636
-0.0973874
-0.3053538
-0.3135957
-0.2191539
-0.1033660
0.0129040
-0.0167307
0.0883297
0.0673773
0.1099042
0.0973489
0.0848270
0.0454434
0.0284291
0.0032473
0.0025212
-0.0241842
-0.0743173
-0.0759287
-0.0584969
-0.0487378
0.0289219
-0.0086047
0.0264706
-0.0116002
0.0052075
0.0501691
0.0410079
0.0039251
-0.0336628
-0.0315914
-0.0457063
-0.0041157
-0.0212762
0.0126175
0.0363331
0.0194004
0.0085504
0.0042830
0.0609024
0.0476415
-0.0317432
-0.0026599
-0.0345273
-0.0151288
-0.0639231
-0.0131404
-0.0288588
-0.0611660
-0.0202399
-0.0024425
-0.0095375
0.0621087
0.0284170
0.0558064
0.1151498
0.0287477
0.0704947
-0.0431415
-0.0583944
-0.1409535
-0.1149208
-0.1534344
-0.2310531
-0.1452216
0.0951121
0.2754443
0.4421218
0.3651395
0.1548767
-0.1011043
-0.2836436
-0.2572951
-0.2446109
-0.1104666
-0.0388485
0.0614320
0.0383514
0.1170942
0.0877884
0.0847672
0.0330105
0.0272717
0.0257780
-0.0225867
0.0253922
-0.0189385
-0.0238108
0.0019734
0.0092887
-0.0350761
-0.0258035
0.0295498
-0.0102004
0.0056895
-0.0016677
0.0168327
-0.0082901
-0.0066033
0.0433271
-0.0349672
-0.0263494
-0.0464140
-0.0502242
0.0242456
-0.0311001
0.0021975
0.0478245
0.0423683
-0.0010593
0.0498940
-0.0370917
-0.0059232
-0.0097687
-0.0384957
-0.0061338
-0.0105896
0.0260497
0.0222594
-0.0186558
0.0724692
0.0558625
0.0411890
0.0425702
0.0738630
0.0475676
-0.0249462
0.0165936
-0.0479524
-0.1187119
-0.2169362
-0.2101131
-0.1356259
-0.0587217
0.1812921
0.3880910
0.3835714
0.2522549
0.0253371
-0.2128726
