0.0016769
0.0328437
-0.0104694
-0.0098156
0.0123663
-0.0137368
0.0251784
0.0255054
-0.0207636
-0.0304738
0.0102273
-0.0247563
0.0173045
-0.0218114
0.0127649
-0.0104383
-0.0159444
-0.0029454
0.0041478
-0.0274579
-0.0042557
0.0245072
-0.0235552
-0.0092236
0.0173419
-0.0189185
0.0010853
0.0020133
-0.0320493
-0.0280320
0.0036591
-0.0036881
-0.0217402
0.0246537
0.0144018
-0.0061779
0.0071056
0.0198091
0.0267044
0.0014743
-0.0012596
0.0008601
0.0054618
0.0202350
0.0157141
0.0067476
-0.0216214
0.0141522
-0.0338171
-0.0095562
0.0171475
-0.0210971
0.0095392
0.0357590
-0.0164552
0.0004364
-0.0349280
0.0072976
-0.0073866
-0.0213039
0.0091208
-0.0343122
-0.0046118
-0.0020541
-0.0170282
0.0046569
0.0159200
0.0373859
0.0115597
0.0244129
-0.0012377
0.0309257
0.0277847
0.0371587
-0.0116898
-0.0163028
-0.0420069
-0.0388352
-0.0523867
-0.0164076
-0.0010584
-0.0323624
0.0229314
0.0267349
0.0478950
0.0549023
0.0718343
0.0896511
0.1416701
0.0686046
-0.0721661
-0.2559192
-0.3099982
-0.2181700
0.0333133
0.2236010
0.2069628
0.1256483
0.0245380
0.0220816
0.0142664
-0.0437776
-0.0235287
-0.0620990
-0.0379862
-0.0336773
-0.0594079
0.0094586
-0.0280585
0.0152444
0.0097644
-0.0047461
0.0220879
0.0225526
0.0494668
0.0154603
-0.0136446
-0.0156563
-0.0083119
-0.0007675
-0.0013706
0.0156876
-0.0294154
0.0190905
-0.0266369
-0.0186549
0.0349574
0.0224108
0.0054303
0.0241108
-0.0070299
-0.0028961
0.0080868
-0.0121770
-0.0239646
-0.0307840
0.0033205
0.0041706
-0.0156650
-0.0018062
0.0151720
0.0176699
0.0264429
0.0140331
-0.0126225
0.0027282
-0.0022007
0.0179908
-0.0098393
0.0118325
-0.0203741
-0.0169134
-0.0149812
-0.0356465
-0.0000133
-0.0112203
0.0255175
0.0241433
0.0295187
0.0206229
0.0099771
-0.0174686
0.0126062
-0.0008415
-0.0019440
-0.0032128
0.0002364
-0.0238839
0.0122718
0.0209987
-0.0089143
0.0032644
-0.0200052
0.0018148
0.0051535
0.0125170
0.0256029
-0.0209372
0.0349794
-0.0067655
-0.0288533
0.0126443
-0.0250058
0.0269770
0.0219587
-0.0173809
-0.0273052
-0.0032979
-0.0129558
0.0217972
-0.0011270
-0.0114578
-0.0226995
-0.0144698
0.0227393
0.0048884
0.0047035
-0.0107294
0.0027070
0.0107994
0.0270829
0.0247055
0.0135365
-0.0081490
0.0115221
-0.0266676
-0.0313141
-0.0245160
-0.0173295
0.0208014
-0.0024988
0.0240095
-0.0218847
0.0226381
0.0174893
-0.0136271
-0.0272799
0.0267524
-0.0173995
0.0080701
0.0037069
-0.0159592
0.0054245
0.0232191
0.0253692
0.0083712
-0.0130796
0.0225556
-0.0272937
-0.0267659
-0.0246499
0.0043238
0.0027532
-0.0196080
-0.0297232
0.0130537
-0.0400691
-0.0346205
-0.0227312
0.0042379
0.0172901
-0.0174188
-0.0084363
0.0101009
-0.0072309
0.0057817
-0.0294425
-0.0149139
0.0147159
0.0196595
-0.0123255
0.0228360
0.0264390
0.0193351
-0.0153013
-0.0097323
-0.0076205
0.0273389
-0.0086197
-0.0212956
0.0133505
0.0276712
-0.0261193
0.0219288
-0.0305514
-0.0022009
0.0249615
-0.0074267
-0.0206511
0.0233752
-0.0110811
-0.0005736
0.0105659
-0.0248979
-0.0029585
-0.0033658
0.0012579
0.0240615
-0.0070776
-0.0317916
-0.0353054
-0.0230784
-0.0277310
0.0328408
0.0145223
0.0070215
0.0127782
0.0348539
-0.0000329
0.0353174
0.0217508
-0.0195489
-0.0169534
-0.0020665
-0.0176210
-0.0263572
-0.0211534
-0.0258370
-0.0598116
-0.0327254
0.0385112
0.0297152
0.0424548
0.0184264
0.0530192
0.1252184
0.1667369
0.0485574
-0.1662680
-0.3114007
-0.3155364
-0.1518360
0.0484421
0.1965890
0.2070893
0.1082466
0.0647594
0.0134142
-0.0236551
-0.0307570
-0.0254632
-0.0437708
-0.0630882
-0.0712792
0.0067102
-0.0058477
0.0241596
0.0106196
0.0277800
0.0266393
0.0495152
0.0216155
0.0081925
0.0227846
0.0173311
0.0152727
-0.0411791
-0.0028217
0.0087384
0.0032193
0.0233562
-0.0072245
-0.0023360
-0.0231422
0.0070256
-0.0119141
0.0044190
-0.0027134
-0.0288963
-0.0123819
-0.0234767
-0.0211160
0.0165813
0.0254428
0.0074614
0.0203978
0.0214399
0.0125023
-0.0165893
0.0050576
0.0248358
0.0001843
0.0127914
-0.0060002
0.0234108
0.0308583
-0.0265566
0.0044191
0.0006959
0.0016407
-0.0362270
-0.0021931
0.0123290
0.0168350
0.0221562
-0.0161643
0.0072802
-0.0132915
0.0113270
0.0103664
-0.0259591
0.0104993
0.0292342
-0.0110919
-0.0117118
-0.0372593
-0.0138309
0.0026228
-0.0149124
-0.0135520
0.0284140
-0.0008514
0.0187752
-0.0247314
0.0278887
0.0097065
0.0013774
-0.0232332
0.0141617
-0.0036322
0.0115655
0.0223385
-0.0266107
-0.0006248
-0.0288710
-0.0337734
0.0139274
0.0037605
-0.0209014
0.0306331
-0.0165455
0.0223191
-0.0135699
-0.0139771
-0.0323197
0.0077052
0.0081692
-0.0225712
-0.0271862
-0.0031703
-0.0189996
0.0289403
-0.0038631
0.0270555
0.0164563
-0.0243684
-0.0274374
0.0304206
0.0190558
0.0177531
-0.0136860
-0.0030849
0.0303677
-0.0167643
0.0166536
-0.0138324
-0.0236992
0.0336232
0.0134594
0.0278120
0.0113493
0.0274757
0.0312876
-0.0270780
-0.0333493
-0.0250742
-0.0145660
-0.0180146
-0.0137216
0.0052114
0.0065303
0.0084240
0.0059379
-0.0114353
-0.0204284
0.0291408
0.0058305
-0.0203267
0.0002487
-0.0141281
0.0059628
-0.0331729
0.0208110
-0.0168820
-0.0241997
0.0105356
-0.0022544
0.0283294
-0.0260597
-0.0024913
-0.0264113
-0.0252689
0.0240864
0.0340309
-0.0036767
0.0271483
0.0235134
0.0075198
0.0155145
0.0166467
0.0110023
0.0238251
0.0109585
0.0242907
-0.0311588
0.0085339
-0.0169144
-0.0038824
-0.0169972
0.0174630
0.0202767
-0.0249924
0.0036852
-0.0412491
-0.0142255
0.0120855
-0.0195548
0.0102893
0.0088565
0.0311116
-0.0122076
0.0138572
0.0306565
-0.0019459
-0.0107541
-0.0062959
0.0163339
0.0085186
0.0140613
-0.0105406
-0.0214539
-0.0654145
-0.0173893
-0.0338262
-0.0390774
0.0238730
0.0445733
0.0485870
0.0457533
0.0478994
0.1404082
0.1762240
0.1167899
-0.0594341
-0.2655909
-0.3429975
-0.2941278
-0.0622962
0.2064443
0.2783498
0.2391388
0.1029693
0.0408798
-0.0223183
-0.0297050
-0.0506405
-0.0953529
-0.0515662
-0.0661776
-0.0325843
-0.0459335
-0.0045033
0.0003123
0.0070534
0.0294718
0.0096315
0.0078523
0.0166372
0.0301615
0.0135747
-0.0230999
0.0156603
-0.0375156
-0.0253531
-0.0246764
0.0215103
0.0236033
0.0131841
0.0284757
-0.0062782
0.0122834
0.0010861
0.0127518
0.0059925
0.0294153
-0.0156989
-0.0257872
0.0308022
0.0010455
-0.0104388
-0.0231611
-0.0359843
-0.0173763
0.0136369
-0.0253600
-0.0159921
0.0133263
0.0329261
-0.0227945
-0.0222763
0.0178511
0.0262277
0.0199249
-0.0188400
-0.0365232
-0.0196448
-0.0077277
0.0241641
-0.0245484
-0.0321341
0.0028032
-0.0144332
-0.0175647
0.0016398
0.0068170
0.0103639
0.0167562
-0.0066865
-0.0001561
-0.0341354
-0.0021724
0.0223819
-0.0255627
-0.0055128
-0.0220196
0.0009240
0.0216268
0.0103244
0.0212705
-0.0013861
0.0119685
0.0205456
-0.0171281
0.0329421
0.0284744
0.0146545
-0.0029909
-0.0039958
0.0147789
0.0103381
-0.0003255
0.0174594
-0.0331433
-0.0305700
-0.0117542
0.0165100
-0.0001262
-0.0243218
-0.0107445
0.0209880
-0.0243322
0.0150985
0.0150570
0.0173198
-0.0286154
0.0083860
-0.0243472
0.0143741
-0.0229067
0.0038295
0.0087631
-0.0135747
0.0156662
-0.0316563
-0.0193877
-0.0359508
0.0175045
0.0127753
-0.0092792
0.0335798
-0.0269307
0.0187417
-0.0124772
0.0136671
0.0107005
0.0229693
0.0243077
0.0335932
0.0244924
0.0136212
0.0251763
-0.0104137
-0.0002910
0.0104479
-0.0232838
0.0072880
-0.0204402
-0.0263420
0.0235012
-0.0092638
-0.0220424
-0.0154178
0.0088099
0.0066104
0.0212161
-0.0104766
-0.0209803
-0.0010384
0.0037208
-0.0048768
-0.0193068
-0.0112420
-0.0271335
-0.0194860
0.0137670
0.0031203
0.0345483
-0.0015590
0.0283965
0.0248845
-0.0348579
0.0125941
0.0049070
0.0101014
0.0034672
0.0216881
0.0035976
0.0272396
-0.0110012
0.0355567
-0.0006232
0.0180971
0.0184906
0.0316787
-0.0026337
-0.0072055
0.0087715
-0.0082599
-0.0290291
0.0072510
-0.0267045
0.0121599
-0.0022487
-0.0101174
0.0018014
-0.0194606
0.0501423
0.0511480
0.0169336
-0.0146173
-0.0188631
0.0068497
-0.0259633
-0.0374258
-0.0074124
-0.0379639
-0.0597527
-0.0491970
-0.0446168
0.0233371
0.0120688
0.0281397
0.0617480
0.0599636
0.0865781
0.1098679
0.1349995
0.0599458
-0.1291193
-0.3189338
-0.3310839
-0.1469191
0.0713978
0.2425698
0.2367592
0.1472156
0.0724429
0.0448254
-0.0085099
-0.0326627
-0.0437095
-0.0754171
-0.0926748
-0.0191703
-0.0418636
-0.0072241
0.0257782
0.0063366
0.0331982
0.0447003
0.0142786
-0.0039371
0.0284858
0.0077502
0.0208882
-0.0274068
-0.0192251
-0.0296733
-0.0387987
-0.0035184
-0.0416933
-0.0207988
-0.0127652
0.0114618
0.0300854
-0.0076310
0.0165859
-0.0070275
0.0131575
0.0279984
-0.0085538
0.0099371
-0.0043836
-0.0224802
0.0126101
-0.0207613
-0.0206071
0.0038057
0.0149623
0.0020954
0.0170511
-0.0224640
0.0083467
0.0099776
0.0052214
0.0088570
0.0250778
0.0367086
0.0162949
-0.0112449
0.0124832
-0.0347480
-0.0095211
-0.0124151
0.0077353
-0.0193018
0.0333935
-0.0004000
0.0145983
0.0047090
-0.0051822
-0.0267259
-0.0207276
-0.0095993
-0.0059506
0.0199373
-0.0237651
-0.0247837
0.0060757
-0.0222449
-0.0151370
0.0132968
0.0104502
-0.0158225
-0.0216312
-0.0181445
0.0307558
0.0033590
0.0229618
0.0005857
-0.0097641
-0.0339730
-0.0219033
-0.0213187
-0.0023605
0.0308267
0.0016885
-0.0022437
0.0031529
0.0274366
0.0081166
-0.0000214
-0.0286624
-0.0246706
0.0264737
0.0284597
-0.0169700
0.0036979
-0.0188948
-0.0058225
0.0042650
-0.0132420
-0.0071153
-0.0099618
-0.0184780
0.0298853
0.0201831
-0.0160358
-0.0013807
0.0291599
0.0177190
-0.0297944
-0.0180165
-0.0002329
0.0327875
0.0319400
-0.0063105
-0.0013125
-0.0177887
0.0111769
-0.0296554
0.0065448
-0.0166216
-0.0053942
0.0302921
0.0111674
-0.0240333
-0.0248652
-0.0174806
0.0038529
-0.0059599
0.0194694
0.0138851
0.0018192
0.0282859
-0.0258914
-0.0131856
0.0145389
0.0111588
0.0115752
0.0305180
0.0264410
0.0053949
-0.0209190
-0.0046624
0.0281187
-0.0249003
-0.0265506
0.0185491
-0.0264282
0.0102015
-0.0182930
-0.0004398
0.0135110
-0.0250385
0.0058726
-0.0079908
-0.0339515
-0.0310862
0.0295113
0.0104594
0.0018330
0.0106161
0.0056251
-0.0128011
0.0127276
0.0044977
-0.0115144
0.0038022
0.0072394
-0.0242235
-0.0131724
-0.0204811
-0.0364568
0.0008512
-0.0081576
-0.0232178
-0.0078279
-0.0103577
0.0065643
0.0408617
0.0385241
-0.0122161
0.0140427
0.0105089
0.0366489
-0.0123392
-0.0294475
-0.0367352
-0.0313319
-0.0266125
-0.0400458
-0.0284078
0.0347363
0.0473856
0.0756137
0.0531848
0.0986134
0.1110523
0.1383930
0.0726706
-0.0842694
-0.3113245
-0.3759257
-0.2339445
-0.0020728
0.2388008
0.2844061
0.1704886
0.0727035
0.0383138
0.0061749
-0.0091269
-0.0358773
-0.0974940
-0.0754897
-0.0297459
-0.0445327
-0.0180715
0.0104661
0.0165464
0.0189878
0.0035664
0.0380646
0.0257906
0.0398884
0.0194579
0.0038454
0.0119121
0.0093198
-0.0367218
-0.0241705
-0.0384792
0.0110723
0.0067171
0.0294469
0.0351214
-0.0036576
0.0199607
0.0065732
0.0087888
-0.0074306
0.0148594
-0.0234104
-0.0013427
0.0219978
0.0201460
-0.0041175
0.0205077
0.0081435
-0.0009925
-0.0217501
0.0270163
0.0248287
0.0376134
0.0116770
-0.0230120
-0.0293356
-0.0303298
0.0041803
0.0044535
0.0204391
-0.0101058
0.0242952
0.0184336
0.0077812
-0.0333525
-0.0094335
-0.0211052
0.0119654
0.0122276
0.0176615
0.0163964
0.0013413
-0.0057006
-0.0244848
-0.0050413
-0.0150341
0.0196722
0.0267118
-0.0397961
-0.0228026
-0.0075435
-0.0129851
-0.0019431
-0.0154571
-0.0177390
0.0372113
-0.0048460
0.0365072
-0.0161511
0.0012437
0.0092516
-0.0102811
0.0087231
-0.0024486
0.0274760
0.0333521
0.0110395
-0.0187334
-0.0253730
-0.0213673
-0.0085464
0.0059291
-0.0023133
0.0237437
-0.0098132
-0.0253474
-0.0112387
-0.0026408
0.0247953
0.0136929
-0.0184055
0.0294907
0.0316599
0.0334727
-0.0002281
-0.0274250
-0.0220860
-0.0175615
0.0011222
-0.0070696
-0.0274024
-0.0042855
-0.0191302
0.0096437
-0.0291790
0.0196619
0.0115885
-0.0309112
-0.0130874
0.0173047
0.0316560
-0.0170372
0.0165071
0.0189236
0.0241280
-0.0083429
0.0054310
-0.0060233
0.0148851
-0.0203886
-0.0190898
0.0016999
0.0288618
0.0058251
0.0084829
-0.0156126
0.0138227
0.0210251
0.0022070
0.0083806
0.0132894
0.0151137
-0.0014311
0.0191007
0.0158845
-0.0152735
-0.0244521
0.0060148
-0.0014444
0.0168839
0.0032801
0.0012819
0.0342884
0.0173835
0.0108624
0.0148200
0.0185110
-0.0207368
0.0167495
0.0010861
0.0022214
-0.0238637
0.0208969
-0.0235065
-0.0257493
-0.0113117
-0.0087298
-0.0046469
0.0061524
0.0082889
0.0015436
-0.0241819
-0.0028031
-0.0182742
0.0018230
0.0068682
-0.0258513
-0.0018414
0.0272685
0.0151004
0.0361697
0.0059424
0.0395356
0.0529702
0.0082464
0.0041172
-0.0412969
-0.0208834
-0.0381419
-0.0418957
-0.0597673
-0.0368468
-0.0233567
-0.0165544
-0.0066835
0.0127422
0.0115481
0.0243276
0.0979373
0.1265889
0.1433462
-0.0010305
-0.1627139
-0.3232521
-0.2874230
-0.1367794
0.1044316
0.2411051
0.2555800
0.1437514
0.0217261
-0.0297536
-0.0177011
-0.0624145
-0.0793963
-0.0559524
-0.0801572
-0.0498623
-0.0215465
-0.0226832
-0.0075756
0.0023742
0.0328690
0.0085971
0.0553672
-0.0024673
0.0079941
-0.0139945
0.0197393
0.0108349
-0.0429297
0.0172051
0.0051158
0.0029908
0.0150491
0.0031032
-0.0319501
-0.0063757
0.0184016
0.0317778
0.0109469
0.0405518
-0.0101700
0.0072929
0.0140210
0.0276408
-0.0289963
-0.0167451
-0.0333736
0.0143841
-0.0052161
-0.0250737
-0.0225119
-0.0044318
0.0245724
-0.0263021
0.0268550
0.0248058
-0.0090841
0.0016117
-0.0006728
-0.0154256
0.0315451
-0.0199587
0.0275578
0.0278185
0.0205045
-0.0072197
-0.0142167
-0.0168430
-0.0048275
0.0123213
0.0200691
0.0030373
0.0187573
-0.0305544
0.0133918
0.0088301
-0.0026898
-0.0211246
-0.0266873
-0.0104319
0.0209808
-0.0056615
0.0082437
0.0023412
0.0139646
-0.0358491
