0.0044450
0.0044070
0.0033957
-0.0132007
0.0170507
-0.0085738
-0.0037647
0.0041768
-0.0092387
0.0166473
-0.0005464
0.0023393
0.0135380
0.0090136
0.0056997
-0.0087614
-0.0079692
-0.0181006
-0.0086410
0.0108948
-0.0066206
0.0107152
0.0023738
-0.0079905
-0.0041086
-0.0087958
-0.0114500
0.0039032
-0.0038046
-0.0161723
0.0086934
0.0145823
0.0117761
0.0145964
0.0046561
-0.0129191
-0.0003034
-0.0153873
-0.0120550
0.0080859
-0.0025736
-0.0065868
0.0223891
0.0075020
-0.0046966
-0.0077804
-0.0053195
-0.0009669
-0.0007070
-0.0013708
-0.0087966
-0.0091647
0.0136590
0.0026833
-0.0081079
0.0085827
-0.0007597
-0.0034606
0.0191884
0.0034650
0.0084369
0.0130588
0.0061039
-0.0198196
0.0013484
-0.0037402
-0.0224712
-0.0060644
-0.0164614
-0.0306120
-0.0064594
-0.0119652
0.0134268
0.0356546
0.0589354
0.0724049
0.0816730
0.0337283
-0.0158574
-0.0885250
-0.1380308
-0.1087319
-0.0447241
0.0386899
0.0725263
0.0577277
0.0353808
0.0577023
0.0519519
0.0349072
-0.0024350
-0.0411189
-0.0423704
-0.0334836
-0.0198814
-0.0164617
-0.0151737
0.0147894
0.0014032
-0.0006086
0.0154971
0.0106323
0.0063357
0.0162059
0.0135118
-0.0143228
-0.0103150
0.0087873
-0.0063979
-0.0016487
-0.0172378
-0.0179570
-0.0167033
-0.0020558
-0.0096808
0.0086500
0.0118975
-0.0139352
0.0060746
-0.0001393
0.0159987
0.0031382
-0.0130697
-0.0097313
-0.0157207
0.0028362
-0.0168332
-0.0170261
0.0068286
-0.0103377
0.0124655
-0.0049132
-0.0063438
-0.0072943
0.0000767
-0.0084141
0.0013689
-0.0096279
-0.0157971
0.0154044
-0.0119145
0.0021682
-0.0149353
0.0099247
0.0025002
0.0090260
-0.0035470
0.0069133
0.0111861
-0.0048678
0.0092055
-0.0013870
0.0070900
-0.0002972
-0.0182516
0.0022487
-0.0165512
-0.0146736
-0.0055058
0.0044125
0.0053362
-0.0113512
0.0185757
-0.0039506
0.0160603
-0.0038231
-0.0063253
-0.0110697
-0.0124448
0.0017872
0.0069137
0.0048903
-0.0139856
0.0023526
-0.0093563
-0.0109321
0.0015937
0.0130580
-0.0082321
-0.0029417
-0.0008469
-0.0063240
-0.0045343
0.0088129
0.0066714
0.0116492
-0.0124530
-0.0018330
-0.0097555
-0.0163670
0.0089731
-0.0037478
0.0166552
-0.0093098
-0.0119126
0.0130077
-0.0008964
-0.0124622
-0.0148162
-0.0143052
0.0021277
0.0039284
0.0064779
0.0012398
-0.0125964
0.0116701
0.0030026
-0.0069614
-0.0020605
-0.0133893
-0.0040063
-0.0035444
0.0037060
0.0092538
-0.0082188
-0.0036411
-0.0024787
-0.0107273
0.0109888
-0.0049170
0.0157987
0.0131267
-0.0017162
-0.0005809
0.0063145
0.0108369
0.0008356
-0.0016084
0.0117172
-0.0088896
0.0045373
-0.0116045
0.0044337
0.0115405
-0.0060875
-0.0172605
-0.0026826
0.0079843
-0.0061027
0.0011038
0.0112833
0.0103850
0.0112429
0.0174395
-0.0068180
0.0035488
0.0026912
-0.0081081
-0.0011492
0.0202124
-0.0098510
-0.0107793
0.0034087
0.0077966
-0.0081406
-0.0092222
0.0117678
-0.0011138
0.0126923
0.0171060
-0.0100635
-0.0059755
-0.0076741
0.0015461
0.0100327
-0.0147053
0.0067926
-0.0116681
0.0079206
0.0105301
-0.0008754
0.0176845
0.0010503
-0.0094150
-0.0166239
0.0075371
-0.0022335
0.0120384
-0.0046971
-0.0116410
-0.0085572
-0.0035478
-0.0114545
-0.0081365
-0.0097255
0.0118934
0.0099991
-0.0040018
-0.0046964
0.0008885
-0.0077288
-0.0020594
-0.0126876
-0.0010515
-0.0034779
-0.0035101
-0.0067244
-0.0127928
-0.0002866
0.0038269
0.0089686
0.0043566
0.0238138
0.0235813
0.0109554
0.0183989
-0.0052702
-0.0125981
-0.0128058
-0.0179642
-0.0045781
-0.0066291
-0.0205795
-0.0210600
-0.0090743
-0.0197159
-0.0246488
-0.0035192
0.0467739
0.0451140
0.0692950
0.0574296
0.0333058
-0.0143306
-0.0676065
-0.1157605
-0.1272607
-0.0536953
0.0278774
0.0532544
0.0738819
0.0586661
0.0416583
0.0482069
0.0125197
-0.0037253
-0.0226661
-0.0452163
-0.0310405
-0.0266880
-0.0148823
-0.0261548
0.0048924
0.0000505
0.0037731
0.0170657
0.0059433
0.0079121
0.0051981
0.0218796
0.0009521
-0.0024775
-0.0196277
-0.0160551
-0.0065552
-0.0184043
0.0157000
-0.0121806
0.0037204
-0.0021143
-0.0040345
0.0123757
0.0001474
-0.0109492
0.0087107
0.0043691
0.0159877
0.0155630
0.0077685
0.0000443
0.0148710
-0.0193330
-0.0196546
-0.0192707
-0.0140371
-0.0053793
-0.0016071
0.0021194
0.0143006
0.0059057
-0.0076703
-0.0024514
0.0133539
0.0057052
0.0104483
-0.0036650
-0.0030857
-0.0000701
0.0055056
0.0108295
0.0104011
0.0128983
-0.0028854
0.0143229
-0.0001564
0.0020641
0.0038698
-0.0045747
0.0029778
0.0045190
0.0019900
-0.0059571
-0.0053277
-0.0096750
-0.0098797
0.0047125
-0.0029314
-0.0055165
-0.0057126
-0.0016305
0.0056307
-0.0127495
0.0156233
-0.0132013
-0.0074856
-0.0086332
-0.0078912
-0.0027350
-0.0108961
0.0139353
-0.0120020
0.0140236
0.0144285
-0.0000524
0.0103925
0.0148744
0.0032413
0.0062365
-0.0087605
0.0070965
-0.0030489
-0.0003224
-0.0081657
-0.0001757
-0.0181708
0.0120826
0.0179757
-0.0007926
0.0083717
0.0084845
0.0057560
-0.0055644
0.0166883
-0.0060773
-0.0060645
-0.0070562
0.0033877
-0.0133576
-0.0019928
0.0148129
0.0010693
-0.0047940
-0.0043956
-0.0158226
-0.0175143
0.0043705
0.0146273
0.0101060
-0.0091316
0.0069623
0.0065481
0.0098781
0.0004081
0.0059644
-0.0096872
-0.0073062
-0.0028679
0.0095906
-0.0004211
0.0066414
-0.0139574
-0.0042054
-0.0037873
-0.0028538
0.0061054
0.0084112
0.0097282
0.0137438
-0.0147200
-0.0068240
0.0143119
-0.0090445
0.0116941
-0.0161193
-0.0080879
0.0079845
-0.0031260
0.0141983
0.0050072
-0.0068715
-0.0167192
0.0011536
0.0144116
0.0042119
0.0074637
-0.0077389
0.0087775
-0.0146961
-0.0074261
0.0088681
0.0121325
0.0041344
0.0043378
0.0086955
-0.0136651
0.0008784
0.0055546
0.0130941
0.0050877
-0.0179955
-0.0126525
0.0027560
0.0034915
0.0022885
-0.0071454
0.0106138
0.0016993
-0.0096463
0.0029774
-0.0007736
0.0002372
-0.0129390
-0.0090683
-0.0133149
-0.0069317
0.0022989
-0.0139973
-0.0212530
0.0112942
-0.0007245
0.0128389
0.0129573
0.0096282
-0.0045682
-0.0012932
0.0092548
-0.0057342
-0.0021387
-0.0139284
-0.0060299
0.0059256
0.0065526
-0.0072035
0.0016868
-0.0039561
0.0017378
0.0060036
0.0069357
0.0305942
0.0216349
-0.0025845
-0.0081632
-0.0117625
-0.0076553
0.0028277
-0.0152625
-0.0045258
-0.0229644
-0.0157712
-0.0235074
-0.0112314
-0.0009061
0.0036454
0.0195946
0.0472422
0.0429682
0.0571130
0.0615353
0.0001433
-0.0764751
-0.1321506
-0.1367613
-0.0719555
0.0207234
0.0608737
0.0644171
0.0460973
0.0415459
0.0455687
0.0453856
-0.0015899
-0.0212029
-0.0318827
-0.0443540
-0.0418122
-0.0237135
0.0000244
-0.0167382
0.0144732
0.0168052
0.0145612
0.0173294
0.0007357
0.0207901
0.0106574
0.0176106
0.0013207
0.0048925
-0.0117108
-0.0175940
0.0045031
0.0010742
-0.0191826
-0.0180780
-0.0183500
0.0168408
0.0095378
-0.0072830
0.0056366
-0.0088309
0.0012756
0.0016573
-0.0151507
-0.0202736
-0.0213106
-0.0134692
0.0152327
0.0063569
-0.0042999
-0.0063177
-0.0182708
0.0091552
0.0004060
-0.0026894
0.0068594
-0.0073607
0.0093500
0.0052084
0.0031893
0.0091190
-0.0076418
-0.0050563
0.0037570
0.0021074
-0.0081675
0.0133638
-0.0115865
-0.0024429
0.0033061
0.0083821
0.0032183
0.0079827
-0.0013050
-0.0155246
0.0029651
-0.0028148
-0.0121542
-0.0011924
0.0070374
-0.0084663
0.0153574
-0.0024533
0.0116560
0.0007664
0.0024918
-0.0109129
0.0082375
0.0079068
-0.0124517
0.0109695
0.0074744
-0.0032174
-0.0112163
-0.0014672
0.0090355
-0.0058281
0.0021427
-0.0009309
0.0146827
-0.0090534
-0.0044357
-0.0011274
-0.0046731
-0.0039209
-0.0039356
-0.0079882
0.0025975
0.0099130
0.0015412
0.0043560
-0.0054757
0.0029757
0.0004560
-0.0089291
0.0061604
0.0082192
0.0114463
-0.0036077
-0.0063338
-0.0073637
0.0051532
-0.0093517
-0.0013853
0.0073973
0.0062712
0.0009863
0.0013969
-0.0001543
-0.0038968
-0.0130932
0.0010849
0.0021528
-0.0079147
-0.0004344
0.0078989
-0.0072480
-0.0055654
-0.0063872
-0.0122532
-0.0090120
0.0091661
0.0104972
0.0088903
0.0073680
-0.0172853
0.0016839
-0.0055098
0.0021678
0.0168397
-0.0090215
-0.0108630
-0.0049057
-0.0049452
0.0060058
-0.0004051
0.0159158
-0.0070364
-0.0051193
0.0006466
-0.0124512
-0.0112508
-0.0067384
-0.0047032
-0.0103423
0.0015289
0.0125148
0.0027620
-0.0068754
-0.0003935
0.0031922
-0.0118144
0.0039309
0.0052938
0.0004776
-0.0089480
0.0054975
0.0137039
-0.0004471
-0.0094126
-0.0074190
0.0052473
-0.0111539
-0.0055204
-0.0228232
0.0075678
-0.0022902
0.0208371
0.0128393
0.0006538
0.0013620
-0.0124855
0.0097691
0.0108947
0.0077788
0.0147087
-0.0073703
0.0205757
-0.0000497
0.0017026
-0.0136995
-0.0160265
-0.0054544
-0.0189161
0.0067030
0.0138985
0.0081267
0.0171137
0.0120571
-0.0004156
0.0267399
0.0034894
0.0023395
-0.0100264
-0.0149411
0.0003421
-0.0100383
0.0044316
-0.0118241
0.0003517
-0.0042649
0.0090746
0.0107210
-0.0053427
0.0186105
0.0010704
0.0172008
-0.0080755
0.0081748
0.0139641
0.0044971
-0.0102386
-0.0223880
-0.0088389
-0.0052504
-0.0056752
-0.0245551
-0.0282448
-0.0013732
0.0133656
0.0441186
0.0558719
0.0611221
0.0737544
0.0397428
-0.0111161
-0.0814876
-0.1272641
-0.1169981
-0.0576136
0.0081346
0.0569956
0.0581077
0.0333962
0.0461213
0.0458211
0.0193097
-0.0039032
-0.0233522
-0.0311481
-0.0355680
-0.0155569
-0.0133983
-0.0123573
-0.0248798
0.0078644
0.0048519
0.0283207
0.0154333
0.0111588
0.0008712
0.0057798
-0.0061809
0.0130835
-0.0174396
-0.0122048
-0.0029115
-0.0116010
-0.0067298
0.0089338
0.0058129
0.0008033
-0.0031379
0.0012079
0.0147683
-0.0036795
-0.0008563
0.0140665
-0.0035562
0.0017679
-0.0076918
-0.0166756
-0.0026364
-0.0018033
0.0029158
0.0023572
0.0120871
-0.0079143
-0.0107798
0.0005740
0.0064948
0.0050092
-0.0105896
0.0110395
-0.0152556
0.0040345
0.0102824
-0.0076546
0.0047625
-0.0033937
-0.0110949
0.0098204
0.0048365
-0.0059097
-0.0081810
-0.0102895
-0.0104932
0.0153867
-0.0129535
-0.0062011
-0.0053160
0.0067551
-0.0019626
0.0024446
-0.0159409
-0.0165709
-0.0136902
0.0136979
0.0100735
-0.0090116
-0.0104764
-0.0050866
0.0083265
0.0103323
-0.0108824
-0.0116850
0.0001001
-0.0022183
-0.0102202
-0.0097819
0.0097022
0.0074716
-0.0060021
0.0034909
-0.0058754
-0.0102128
0.0143554
0.0000704
0.0101753
0.0053174
-0.0007155
-0.0174244
0.0125158
0.0016045
-0.0036967
-0.0122943
0.0106438
0.0002923
0.0091849
-0.0125605
-0.0124794
0.0020196
-0.0055122
-0.0035357
-0.0125271
0.0050855
0.0052805
0.0125938
0.0109944
-0.0013046
0.0012488
-0.0134931
-0.0048587
0.0032088
0.0089143
-0.0085804
-0.0106831
0.0026847
-0.0083693
0.0092931
0.0018635
-0.0003880
0.0023889
-0.0087856
-0.0063393
0.0101310
-0.0185984
-0.0109349
-0.0013625
0.0164028
0.0021432
0.0120458
0.0006077
-0.0132581
-0.0051324
0.0003662
0.0107287
0.0195341
0.0101548
-0.0123168
-0.0221786
0.0096934
0.0131107
-0.0135346
0.0084286
-0.0034433
0.0054085
0.0111903
0.0047412
0.0117994
0.0022391
-0.0053222
-0.0136570
-0.0116204
-0.0144262
0.0121237
0.0033644
0.0040133
-0.0059579
-0.0125900
0.0072308
-0.0023575
0.0137790
-0.0026437
-0.0103819
-0.0077213
0.0015391
0.0006890
-0.0036744
0.0122907
0.0015491
-0.0098409
-0.0166587
-0.0005416
0.0050597
0.0121285
0.0087331
-0.0154132
0.0108241
0.0105297
0.0099777
-0.0023896
0.0011363
0.0136495
0.0089841
0.0130272
0.0061271
0.0125733
-0.0190490
-0.0099379
0.0103829
0.0105159
0.0078141
-0.0022040
-0.0096977
0.0067151
-0.0051868
-0.0086428
0.0052291
0.0091102
0.0033578
0.0106235
-0.0103815
-0.0101552
-0.0099331
0.0025353
0.0085869
-0.0096964
0.0108807
-0.0138675
-0.0073409
0.0001703
0.0027348
0.0028203
0.0092243
0.0267060
0.0121147
0.0023465
-0.0118805
-0.0269166
-0.0247564
-0.0098704
-0.0017651
-0.0089873
-0.0028730
-0.0059288
-0.0004609
0.0176892
0.0134468
0.0339395
0.0742853
0.0731315
0.0343045
0.0004718
-0.0669322
-0.1173882
-0.1019400
-0.0541111
0.0289806
0.0728155
0.0589388
0.0352562
0.0265593
0.0202657
0.0345294
0.0052365
-0.0198665
-0.0358713
-0.0576083
-0.0378601
-0.0186689
-0.0233273
-0.0060838
0.0151063
0.0061267
0.0163703
0.0052945
0.0241460
0.0035284
-0.0025319
0.0184358
0.0017182
-0.0217732
-0.0154275
-0.0176158
-0.0093193
-0.0069523
-0.0029325
-0.0026447
0.0171142
-0.0051394
0.0088788
-0.0014040
-0.0104759
0.0154883
-0.0109905
-0.0086610
0.0179286
0.0097773
-0.0118265
0.0047489
0.0017860
-0.0217930
-0.0055436
-0.0026858
0.0031669
-0.0018827
0.0043987
0.0166449
-0.0028242
-0.0012182
0.0093783
0.0125743
-0.0089922
0.0007695
-0.0056954
-0.0080407
0.0034146
-0.0150761
-0.0077780
-0.0013699
-0.0033121
0.0067529
0.0023015
-0.0147827
0.0000863
0.0115361
-0.0076169
0.0087181
-0.0110687
0.0118822
0.0087403
-0.0185208
-0.0041102
0.0128751
0.0130394
0.0192687
0.0091463
0.0122868
0.0052218
-0.0048993
0.0001935
0.0175159
-0.0024005
-0.0019545
-0.0092474
-0.0221079
-0.0002222
-0.0110078
0.0111962
0.0067245
0.0015768
-0.0069232
0.0008258
-0.0044567
-0.0118600
0.0136568
-0.0042650
-0.0069432
-0.0193550
-0.0036891
0.0005679
0.0123082
0.0188179
0.0016698
0.0144245
0.0123102
-0.0055617
0.0028706
-0.0108464
-0.0037166
-0.0217203
0.0029836
0.0059055
0.0095466
0.0237351
0.0015675
-0.0011479
-0.0189150
0.0079288
-0.0108923
-0.0063185
-0.0013477
-0.0124899
-0.0054209
0.0063058
-0.0063077
0.0039465
0.0080572
0.0029521
-0.0081737
-0.0032104
-0.0109260
0.0069604
0.0017749
-0.0038877
-0.0097366
0.0076133
-0.0041287
-0.0077053
0.0115871
-0.0090773
-0.0021671
-0.0060015
-0.0068325
0.0184666
0.0088458
-0.0005287
-0.0173038
-0.0028465
-0.0159824
-0.0032404
-0.0121889
0.0022498
0.0088079
0.0172010
0.0023560
-0.0095661
-0.0084651
-0.0062571
0.0149376
-0.0100277
-0.0171571
0.0002098
0.0080532
-0.0005996
0.0048724
0.0117834
0.0128789
0.0156550
-0.0127490
-0.0137474
-0.0068027
-0.0141227
0.0067801
0.0199936
0.0179273
0.0007883
0.0004121
-0.0122977
-0.0153396
