0.0682379
-0.0249998
-0.0633690
-0.0292828
0.0285208
-0.0695209
0.0396044
0.0624371
-0.0113266
0.0171437
0.0898968
-0.0632005
-0.0400549
0.0574636
0.0532165
0.0646524
0.0196410
-0.0155573
0.0683520
0.0536661
-0.0671323
-0.0553610
-0.0743330
0.0681026
-0.0757733
0.0176588
0.0284087
0.0892878
0.0286328
0.0210146
0.0826495
-0.0187790
-0.0860144
0.0344123
-0.0123068
0.0097136
0.0707090
0.0613492
-0.0171628
-0.0598834
0.0828110
-0.0397209
0.0380680
-0.0042231
0.0505963
-0.0128614
-0.0600998
0.0387685
-0.0160065
-0.0885051
-0.0224494
-0.0563480
-0.0970522
-0.0566289
0.0689241
0.0044467
-0.0216770
-0.0143099
0.0649534
0.0704511
0.0501808
0.0284993
-0.0135378
0.0625953
0.0086878
-0.1795406
-0.1326071
-0.1821101
-0.2263097
-0.0375542
0.3047076
0.4252967
0.4166686
0.1361623
0.0657296
-0.1030502
-0.1412317
-0.1823172
-0.2124124
-0.0523518
0.0584471
0.0778048
0.0576124
0.0942562
0.1297378
0.0292265
-0.0166271
0.0982917
-0.0551613
-0.0038459
-0.0099122
-0.0667078
-0.0454970
0.0280882
-0.0637759
0.0026753
-0.0912374
0.0642877
0.0392137
-0.0270829
0.0647812
-0.0049348
0.0676884
0.0673096
-0.0544294
-0.0834314
-0.0478408
-0.0709328
-0.0530619
0.0043096
-0.0930143
-0.0619694
0.0670147
-0.0127749
0.0686746
0.0050861
0.0585397
0.0141951
0.0637591
0.0768546
0.0004677
0.0197263
-0.0868663
-0.0688100
-0.0787572
0.0814534
0.0445808
-0.0309462
0.0496231
0.0031086
0.0838064
0.0131281
0.0427793
0.0612921
-0.0689497
-0.0430155
0.0582612
0.0313091
-0.0207136
-0.0908514
0.0101041
-0.0256333
0.0345359
0.0873653
0.0111317
-0.0525678
0.0159560
0.0461880
0.0950290
0.0744015
0.0694989
0.0698195
-0.0342193
0.0429944
0.0375357
-0.0075556
-0.0562239
-0.0719231
-0.0507599
-0.0461990
0.0202082
0.1257108
0.1050549
0.0269058
0.0907664
0.0800704
-0.0764254
-0.0541158
0.0106420
-0.1705683
-0.2621077
-0.3261266
-0.1297996
-0.0172269
0.1924064
0.3504709
0.2819396
0.1748704
-0.0347140
-0.2170541
-0.2940984
-0.1399574
-0.1324286
-0.0420015
-0.0268578
-0.0541397
0.0840225
0.1567705
0.1232801
0.0028211
0.0326715
0.0418189
0.0149848
-0.0309641
-0.0145285
-0.0083300
0.0317328
0.0357892
-0.0501884
-0.0084270
0.0415550
-0.0617749
-0.0456873
0.0511835
-0.0551961
0.0887437
0.0258074
0.0178632
-0.0109265
-0.0036452
-0.0885203
-0.0821277
0.0461864
0.0576919
-0.0904619
0.0515708
0.0157884
0.0509171
0.0828317
0.0274294
0.0012380
0.0019752
-0.0699859
0.0577211
0.0219688
0.0157473
0.0050697
0.0725991
0.0096178
-0.0464678
-0.0768848
-0.0226393
0.0056143
0.0787257
0.0260759
-0.0735082
0.0489101
-0.0317135
0.0821569
-0.0128704
0.0244908
0.0175410
0.0055449
-0.0384400
-0.0403344
-0.0768080
0.0741517
-0.0332510
0.0732308
-0.0571810
-0.0231896
0.0075536
-0.0471276
-0.0112739
-0.0480173
-0.0796152
-0.0209031
-0.1012984
-0.0795811
-0.0375754
-0.0520188
-0.0151740
0.0491262
-0.0347763
0.0932208
0.0981488
0.0728366
0.0609645
0.0291235
-0.0262798
-0.0063793
-0.0107316
-0.1944048
-0.2697303
-0.2815824
-0.1325972
-0.0345744
0.2482959
0.4495478
0.3489065
0.3004286
0.0455928
-0.1094204
-0.2475525
-0.2219801
-0.1272227
-0.1003701
0.0115769
-0.0639262
-0.0043157
0.1007748
0.0551904
-0.0000692
0.1269047
0.0452988
-0.0134008
-0.0174165
-0.0590595
0.0412264
-0.0715879
-0.0171142
-0.1077678
-0.0573451
-0.0227197
0.0419140
0.0371462
-0.0107336
0.0711533
0.0351478
0.0994234
0.0345455
0.0522184
0.0666258
0.0549579
-0.0472095
0.0554739
-0.1000948
-0.0347147
-0.0341674
0.0839600
0.0674075
-0.0427817
-0.0483489
-0.0768177
-0.0467869
0.0826141
-0.0249240
-0.0330055
-0.0363180
-0.0392956
-0.0921006
-0.0677604
-0.0394885
-0.0155591
-0.0496936
0.0431574
0.0329838
-0.0446506
0.0835097
0.0339906
-0.0472332
-0.0682083
0.0177775
-0.0287308
0.0358416
0.0090250
-0.0685268
-0.0487612
0.0475893
-0.0521879
0.0000985
0.0489415
0.0772709
0.0813312
0.0091910
-0.0454422
-0.0423681
-0.0503107
-0.0037132
-0.0270531
-0.1007629
-0.0008862
-0.1099965
-0.0222195
-0.0256394
0.0159745
0.0005006
-0.0416565
0.0632093
0.1160895
0.0183208
0.1164314
0.1015042
-0.0505672
-0.0871798
-0.0094165
-0.1694163
-0.1613924
-0.2405182
-0.0795093
0.1009308
0.2399266
0.3874990
0.2346348
0.0706612
-0.0066385
-0.2077390
-0.1746542
-0.1290585
-0.2089177
-0.1101917
-0.0403639
0.0636573
0.0871822
0.0033552
0.0884593
0.0409708
0.0811809
0.0402242
0.0463913
-0.0121467
-0.0489463
-0.0057077
-0.0301166
0.0210479
0.0013213
0.0066630
0.0340362
-0.0396372
-0.0114974
-0.0393200
0.0654562
-0.0489930
0.0828244
0.1051388
0.1271497
0.0277074
0.0957955
0.0951285
-0.0071071
-0.0241279
-0.0584589
-0.1312260
-0.1483483
-0.0545873
-0.2454332
-0.2405612
-0.3710718
-0.1510630
0.3235395
0.7380900
0.8578260
0.2221215
-0.4209531
-0.6368446
-0.3599618
-0.0718841
0.0731255
-0.0300642
-0.1086512
0.0285854
0.1674257
0.2213138
0.1315303
0.0601008
0.1275002
-0.0239535
-0.0414261
-0.1120373
-0.0868979
0.0154986
-0.1088079
-0.0068713
-0.1089142
-0.0188577
-0.0527735
0.0220504
-0.0133216
0.0206015
0.0120765
0.0363940
0.0949103
0.0467173
-0.0713023
0.0226479
-0.1037234
0.0205800
-0.0467040
0.0325970
-0.0590351
-0.0116573
0.0279556
0.0867164
0.1189320
0.0919895
0.1230189
0.0750295
0.0715167
-0.1077650
-0.1892127
-0.2509675
-0.2369579
-0.2505420
-0.0266319
0.1797449
0.3488297
0.4289297
0.1530515
0.0756172
-0.1290590
-0.1523894
-0.1888902
-0.1975757
-0.1436500
-0.1162615
-0.0401865
-0.0825529
0.0854542
0.0542229
0.0468620
0.1284141
0.0474854
0.0753969
0.0276259
0.1080335
0.0272010
0.0772381
-0.0328383
0.0730153
-0.0740273
-0.0329823
-0.1449455
-0.1364071
-0.2786540
-0.3545249
-0.2951162
0.1726074
0.7633097
0.8720566
0.5194073
-0.2032032
-0.6140886
-0.5926405
-0.1038140
0.0502380
0.0478055
-0.0789048
0.1189905
0.0654610
0.1613259
0.0241814
0.1069160
0.0692977
-0.0130902
0.0560760
-0.0640245
-0.0408581
0.0128495
0.0244287
-0.0976213
0.0365633
0.0117220
0.0473914
0.0308030
0.0130048
0.0711093
-0.0133697
-0.0216892
0.0097614
-0.0016952
-0.0526183
0.0240890
0.0464062
-0.0599324
-0.0914924
0.0608917
-0.0123995
-0.0131249
-0.0256900
0.0867157
-0.0562393
0.0515240
-0.0247608
-0.0282896
0.0487133
0.0069817
0.0642746
-0.0442043
-0.0686173
-0.1338006
-0.0821615
-0.0664328
-0.0066854
-0.0247794
-0.0152952
-0.0113794
0.0255774
0.0053293
0.1555327
0.0600845
0.0105786
0.0109341
0.0251044
-0.0757545
-0.2914125
-0.3478345
-0.2247380
-0.0497685
0.2108786
0.2383629
0.3516485
0.2063761
0.1921898
0.0748136
-0.0646927
-0.1604097
-0.0790838
-0.0566502
-0.2205956
-0.0713534
-0.2003932
-0.1931177
-0.2577503
-0.1097458
0.2558924
0.8228372
0.9352858
0.3680950
-0.2899961
-0.7420285
-0.4588197
-0.1478467
-0.0424641
-0.0206048
-0.0336313
0.0794589
0.1555788
0.2339102
0.1478441
0.1168651
-0.0168590
0.0293184
0.0059377
-0.0025184
-0.1354338
-0.1000608
-0.0473691
-0.0774964
-0.0186822
0.0400814
-0.0457079
0.0206007
0.0014490
0.0406589
0.0947365
0.0778117
-0.0489787
0.0760182
0.0368329
-0.0827580
0.0338541
0.0572364
0.0627528
-0.0931807
-0.0062107
-0.0687102
-0.0001699
-0.0150776
0.0638980
0.0802439
-0.0590205
0.0083698
-0.0603413
0.0201036
0.0563610
-0.0069559
0.0528573
0.0291021
0.0000814
-0.0660109
-0.0283730
-0.0360157
-0.0476200
0.0548749
0.0434117
0.0184209
0.0167771
0.0905005
-0.0344021
0.0429410
-0.1090828
-0.0923738
-0.1499111
-0.0497782
-0.0113690
-0.0484244
0.0753697
0.0467526
-0.0000916
0.0633182
0.1605910
0.1291287
0.0624249
0.1296945
-0.0183280
-0.1419005
-0.1316948
-0.3495857
-0.2693085
-0.3394544
-0.1696560
0.0714744
0.6738472
0.8522929
0.6201824
-0.1181554
-0.5885265
-0.6174112
-0.2986648
-0.0507266
-0.0243620
-0.1187416
0.0389040
0.1183546
0.1664915
0.1380700
0.1046869
0.1394893
0.0454319
-0.0413810
-0.1013733
-0.0307216
-0.1302484
-0.0469144
-0.0608839
-0.0874010
0.0190625
0.0370698
-0.0450064
0.0264981
-0.0391532
-0.0410407
0.1020601
-0.0445846
-0.0436590
-0.0093600
-0.0062010
0.0010396
-0.0054382
-0.0088306
-0.0603387
-0.0673857
-0.0649276
0.0562661
0.0550606
0.0742116
0.0855536
-0.0097372
0.0036556
0.0053406
-0.0182740
0.0124794
0.0391178
-0.0424873
-0.0077330
0.0119876
-0.0141006
0.0315155
-0.0351083
-0.0531430
0.0119518
0.0387559
0.0203967
0.0847116
0.0493915
0.0306176
-0.0425671
-0.0776191
-0.0207677
0.0345330
0.0402903
-0.0547837
-0.0479767
-0.0967645
-0.0562596
0.0113094
0.0363201
0.0092268
0.0925621
0.1126555
0.1284823
0.0242528
0.0512161
-0.1171783
-0.0480415
-0.2281111
-0.3714880
-0.3853792
-0.2139618
0.1978965
0.6121068
0.6455727
0.3533263
-0.1707705
-0.3831768
-0.3265921
-0.1251709
-0.1025191
-0.0652434
-0.0452247
-0.0187203
0.1333471
0.0662183
0.0682025
0.0595272
0.0441116
0.0584786
0.0008315
-0.0160047
0.0205871
-0.0624162
0.0292638
0.0295230
-0.0341508
-0.0253470
0.0738985
0.0887187
-0.0568751
0.0744368
-0.0364098
-0.0125461
0.0240097
0.0324730
0.0205904
-0.0480928
-0.0339480
0.0306342
-0.0191069
0.0527545
-0.0551956
0.0654042
0.0889773
0.0059056
0.0253058
0.0679415
-0.0245570
0.0695864
-0.0119393
-0.0608315
0.0079494
-0.0891604
-0.0656357
-0.0431617
-0.0562929
-0.0710288
0.0786366
0.0368209
-0.0195401
0.0904843
-0.0480993
-0.0012583
0.0822452
-0.0541963
-0.0331353
-0.0627338
0.0246696
-0.0008424
0.0276770
-0.1090782
-0.0537231
0.0189914
0.0546004
0.0737879
0.0634381
0.0810486
0.0691256
-0.0001511
0.0741874
0.0590892
-0.0584797
0.0118971
-0.1092015
-0.2048350
-0.2249673
-0.2967252
-0.1602002
0.1779930
0.6037901
0.6786964
0.3374085
-0.2545976
-0.4512958
-0.4207771
0.0132201
0.0624875
0.0598437
-0.0707627
0.0698671
0.1452939
0.0803363
0.0868679
-0.0253204
0.0677280
0.0850590
0.0094885
0.0432149
-0.0957217
0.0217108
-0.0787494
-0.0574412
-0.0514028
0.0492223
0.0879678
-0.0518835
0.0550583
0.0417541
0.0079299
-0.0279533
0.0574006
0.0106755
0.0388798
-0.0164141
-0.0743217
-0.0154183
0.0481179
0.0018548
-0.0671159
-0.0577045
-0.0604986
0.0505422
-0.0090226
0.0085728
0.0557032
0.0781052
-0.0655655
-0.0375243
-0.0098169
-0.0679780
0.0303536
-0.0600119
0.0575215
-0.0438653
0.0291471
0.0521641
-0.0126474
0.0547808
-0.0364056
0.0497578
0.0055427
-0.0134167
0.0807838
-0.0047805
0.0322059
-0.0989636
-0.0230092
-0.0735634
-0.0002119
0.0142278
-0.0121349
0.0659450
0.0714739
0.0529754
0.0970892
0.1471167
0.0329317
-0.0250870
0.0508378
-0.0959184
-0.1036639
-0.1882660
-0.1321870
-0.2985683
-0.3289090
0.0030879
0.4090541
0.8018670
0.6177331
0.0152396
-0.4753206
-0.4845426
-0.2031418
-0.0575995
0.0007547
-0.0002855
-0.0459791
0.0139215
0.0925002
0.0532784
0.0336636
0.0351158
0.0394321
0.0042721
0.0169025
-0.0619467
-0.0129938
-0.0688066
0.0089438
-0.0428420
0.0146381
-0.0656846
-0.0249791
0.0206032
0.0435042
-0.0140523
0.0266277
-0.0022421
0.0001701
0.0078006
-0.0745525
-0.0713852
-0.0723679
0.0507441
-0.0426510
0.0329237
0.0086769
-0.0453738
-0.0398655
0.0082285
0.0276294
0.0694706
0.0615215
-0.0129005
0.0660163
-0.0292961
-0.0250623
-0.0225517
-0.0614532
-0.0693056
0.0583054
-0.0220598
-0.0415244
0.0395516
0.0933964
0.0555890
0.0150896
0.0117415
0.0736071
0.0873185
0.0442264
0.0111159
-0.0845452
-0.0985849
0.0032997
-0.0458555
0.0536900
-0.0894345
0.0413257
0.0999978
0.0590087
0.0524635
0.0316908
0.0071474
0.1109284
-0.0145410
-0.0841806
-0.1117798
-0.0936351
-0.1057652
-0.2901784
-0.3179171
-0.2771664
0.0425862
0.4777276
0.7669406
0.5027389
-0.1291764
-0.6171975
-0.4805571
-0.0614077
-0.0214305
0.0103997
-0.0432493
-0.0064763
0.1203467
0.1983888
0.0620533
0.0188177
0.0532825
-0.0359739
0.0855692
0.0429811
0.0394933
0.0326263
-0.0820203
-0.0843221
-0.0912598
0.0452684
-0.0313572
-0.0433263
0.0453065
-0.0462615
-0.0071385
-0.0405874
0.0607884
0.0483990
-0.0437391
0.0728075
-0.0499096
-0.0715306
0.0711957
0.0368869
-0.0115758
0.0180519
-0.0092979
0.0121192
-0.0318908
-0.0181377
0.0690230
-0.0569135
-0.0355421
-0.0585356
0.0151483
-0.0523454
0.0094418
0.0592330
-0.0028763
0.0453340
-0.0587061
0.0114583
-0.0469738
0.0868861
0.0985388
0.0387985
-0.0348403
0.0113300
-0.0214347
-0.0741980
-0.0795419
-0.0655242
-0.0719894
-0.0667418
0.0044853
-0.0244401
-0.0393607
0.0925368
-0.0147397
0.0155572
0.0090433
0.0794327
0.0112609
-0.0437527
0.0488283
-0.1140410
-0.0531288
-0.0679612
-0.1919715
-0.3904000
-0.3508050
0.0640487
0.6612293
0.8913988
0.6368800
-0.1201114
-0.7118023
-0.7008092
-0.2974812
-0.1281907
-0.0119063
0.0389234
0.1449142
0.2159449
0.1891778
0.0743269
0.0254314
0.0382628
-0.0195651
-0.0021469
0.0073942
-0.0229707
0.0404655
-0.0016626
-0.0640918
-0.0166598
0.0004025
0.0854546
0.0972880
0.0965428
0.0294393
-0.0346572
0.0372516
0.0354254
0.0206430
0.0243734
-0.0137268
0.0221569
-0.0830064
-0.0906125
0.0128815
-0.0394462
-0.0046586
-0.0607618
0.0599220
0.0270688
-0.0296863
-0.0250859
-0.0277231
0.0812401
0.0225441
-0.0086393
-0.0162357
-0.0965349
0.0054839
0.0255744
0.0500832
0.0426525
-0.0811637
0.0444770
0.0607636
-0.0453328
-0.0420745
0.0882108
-0.0047294
-0.0301919
-0.0038733
-0.0483160
-0.0810699
0.0194376
-0.0560806
0.0156582
0.0185864
-0.0226853
0.0326997
-0.0211407
-0.0191680
-0.0114404
0.0700485
-0.0050787
0.1167489
0.0591356
0.0659515
-0.0850444
-0.1676526
-0.1853799
-0.1052258
-0.1694785
-0.2799144
-0.0129124
0.4263299
0.8495857
0.5880109
0.0030946
-0.6409276
-0.6647794
-0.2114845
-0.0539547
-0.0530985
-0.0671875
0.0523423
0.1898103
0.2410908
0.1206757
0.0585181
0.0096888
-0.0510943
0.0597981
-0.0633923
-0.0793548
-0.1131182
0.0084779
-0.0302940
-0.0824830
-0.0373232
0.0417563
0.0374221
0.0683252
-0.0349173
0.0530664
0.0313122
0.0582945
-0.0758371
