0.0496141
-0.0416230
-0.0164490
0.0064349
-0.0462382
-0.0097992
-0.0129570
0.0356024
0.0106510
0.0190397
-0.0120253
0.0385772
-0.0174030
-0.0339371
-0.0383583
-0.0427222
-0.0440625
-0.0185073
-0.0191823
-0.0154700
0.0544831
-0.0050371
-0.0040490
0.0471580
0.0204027
-0.0221707
-0.0066536
-0.0243311
-0.0277286
-0.0167187
-0.0302300
-0.0241939
-0.0007996
0.0125189
0.0391018
0.0182096
0.0794064
0.0500594
0.0233669
0.0292192
-0.0644083
-0.0290799
-0.0401247
-0.0701938
-0.0907725
-0.0946524
-0.0375600
0.0824950
0.2697456
0.2565837
0.1649818
-0.0885828
-0.1335372
-0.1381783
-0.1398401
-0.0509738
0.0058473
0.0019938
0.0333071
0.0352050
0.0172469
0.0558711
-0.0081292
-0.0253695
-0.0043473
0.0261178
-0.0090634
-0.0203306
0.0029516
0.0188544
-0.0381650
0.0145928
0.0206928
-0.0357755
-0.0387668
0.0461197
-0.0186911
0.0145111
-0.0050981
-0.0321770
0.0352807
0.0141755
-0.0092394
-0.0278026
0.0195528
-0.0203684
0.0093182
-0.0381294
-0.0441370
0.0210387
0.0169126
-0.0436496
-0.0472864
0.0041672
0.0225679
0.0139174
-0.0393218
-0.0405719
-0.0254822
0.0429571
0.0344911
-0.0193751
0.0344276
-0.0029874
-0.0404536
-0.0290152
-0.0048188
0.0343851
0.0372281
-0.0455510
-0.0266160
0.0432453
-0.0052571
-0.0179038
0.0275198
0.0019561
0.0069239
0.0432033
-0.0307431
-0.0336087
0.0044883
-0.0219575
0.0087719
-0.0453918
-0.0082188
-0.0011581
0.0266914
-0.0226176
0.0376993
-0.0181108
0.0534882
-0.0250003
0.0146539
0.0199939
-0.0092102
-0.0277956
0.0196907
0.0322936
-0.0022210
0.0468042
0.0009613
-0.0159638
-0.0178211
0.0093934
-0.0184300
-0.0212468
0.0070546
0.0220725
0.0056271
0.0485266
0.0275328
-0.0193069
0.0308720
0.0470011
-0.0017363
-0.0137743
0.0190100
0.0166066
-0.0268713
0.0365109
0.0189932
-0.0100500
-0.0363697
0.0308933
0.0280835
-0.0169805
0.0066314
0.0146503
-0.0329974
-0.0298794
0.0481019
0.0416509
0.0309141
0.0327363
0.0385743
-0.0262584
0.0039843
-0.0173833
0.0344402
-0.0299163
-0.0129594
0.0386452
0.0267203
0.0321699
-0.0243419
-0.0204625
-0.0060674
0.0064890
0.0483855
-0.0021050
-0.0198987
-0.0307417
0.0310107
0.0134212
-0.0377697
-0.0483824
0.0139586
-0.0345064
0.0094490
0.0186243
-0.0484193
0.0312419
-0.0131890
-0.0013893
-0.0422800
0.0090569
0.0386868
0.0466589
0.0375715
-0.0166344
0.0408210
0.0358466
0.0397474
-0.0352909
-0.0127776
-0.0381480
-0.0336472
-0.0258562
-0.0042727
0.0029911
-0.0461560
0.0019390
0.0415031
0.0345910
0.0666379
0.0832675
0.0503659
-0.0085107
-0.0316561
-0.0067679
-0.0878296
-0.1088396
-0.0735262
-0.1165952
-0.1172769
-0.0122390
0.1095343
0.2898184
0.2523392
0.1355632
-0.0521948
-0.1481177
-0.2073519
-0.1124853
-0.0981125
0.0188876
-0.0319145
-0.0135851
0.0556745
0.0664747
0.0767311
0.0367739
0.0581539
0.0338174
0.0356420
-0.0043711
0.0190407
0.0038663
0.0183927
-0.0327729
-0.0038941
0.0164363
0.0104276
-0.0203348
-0.0390632
0.0452880
-0.0187573
-0.0325475
0.0554402
-0.0062440
0.0308027
-0.0339669
0.0080148
-0.0153697
-0.0497961
0.0235713
-0.0013506
0.0249973
-0.0376997
-0.0047069
0.0447296
0.0293724
-0.0317355
0.0405905
-0.0079569
0.0325100
0.0395307
0.0131574
0.0225962
0.0379592
-0.0320524
0.0260468
-0.0071474
0.0303851
0.0204277
-0.0129807
0.0063358
0.0175661
-0.0054318
-0.0402082
0.0124566
-0.0345621
0.0272609
0.0431917
-0.0244677
0.0380923
-0.0035579
-0.0117486
0.0019970
-0.0187321
0.0259091
0.0398168
-0.0335647
-0.0114068
-0.0162287
-0.0242587
0.0100848
0.0230359
0.0382582
-0.0475733
-0.0334222
-0.0395311
0.0395217
0.0297756
0.0006538
-0.0269502
0.0325476
-0.0303616
-0.0241298
0.0253166
0.0178274
-0.0024360
-0.0017396
0.0056514
0.0031587
0.0457657
-0.0418292
0.0326150
-0.0494430
0.0388908
0.0315285
-0.0165130
0.0284411
-0.0000308
-0.0361963
0.0410533
0.0444570
0.0006089
-0.0063834
0.0256831
-0.0436836
-0.0128400
0.0447333
0.0209168
0.0300708
0.0094413
0.0127044
-0.0351017
-0.0223699
-0.0316023
0.0305152
0.0068237
0.0045289
0.0114165
0.0246955
0.0474319
0.0175371
-0.0064154
-0.0319965
-0.0204034
0.0295944
0.0163903
0.0298944
-0.0510611
-0.0057042
0.0178250
0.0229569
0.0235402
0.0228121
0.0465301
-0.0061209
0.0018064
0.0126951
0.0024976
-0.0276028
0.0094880
0.0341881
0.0325063
0.0103762
0.0157817
0.0014902
-0.0124681
-0.0371287
-0.0256071
0.0175160
0.0405797
0.0380120
-0.0048341
0.0177194
0.0113322
-0.0069188
-0.0136904
-0.0484763
-0.0226056
-0.0772980
-0.0530317
-0.0169730
-0.0599577
-0.0167318
0.0392319
0.0223100
-0.0106753
0.0238185
0.0212925
0.0478792
0.0726937
0.0757832
0.0511109
0.0228766
-0.0597263
-0.1101081
-0.0565932
-0.1124341
-0.1402382
-0.1420064
0.0145902
0.2409763
0.3758403
0.3143128
0.1464678
-0.1470354
-0.2593358
-0.2156826
-0.1256914
-0.0901255
-0.0078682
-0.0029529
0.0511497
0.0506315
0.0885492
0.0182946
0.0706049
0.0110170
0.0300103
0.0263177
-0.0250281
-0.0507685
-0.0254600
-0.0104808
-0.0218705
-0.0090154
-0.0270115
0.0380662
-0.0324132
0.0044548
0.0391769
-0.0054179
-0.0080000
-0.0220205
0.0439870
0.0015477
0.0322705
0.0209237
-0.0157528
-0.0302288
-0.0176832
-0.0375455
0.0137194
-0.0032297
-0.0324277
-0.0251608
0.0106710
0.0323544
-0.0322287
0.0180882
0.0472017
-0.0092956
0.0220626
-0.0416427
0.0055292
0.0160085
-0.0326627
0.0419148
-0.0402976
-0.0190715
-0.0064797
-0.0382810
0.0366744
-0.0347214
0.0518974
0.0446911
0.0107625
-0.0210936
0.0119990
0.0282979
0.0234308
-0.0373845
0.0426804
-0.0418572
0.0314911
-0.0038679
0.0016887
-0.0460145
0.0248510
0.0213107
-0.0029763
0.0240581
-0.0239678
0.0135993
0.0431271
0.0452568
0.0217751
-0.0538679
-0.0350887
0.0006243
0.0318310
-0.0345562
-0.0156409
-0.0102338
0.0283896
-0.0277808
-0.0130682
-0.0048512
0.0261997
-0.0045262
-0.0096568
0.0341468
0.0305730
-0.0425266
-0.0125580
-0.0229892
-0.0385366
0.0380062
-0.0404594
0.0394632
0.0198983
-0.0148144
-0.0079018
-0.0186884
-0.0054425
0.0024533
0.0183531
0.0236576
0.0036228
0.0033453
0.0473248
-0.0111556
-0.0209463
0.0409357
-0.0453316
0.0236840
-0.0084286
0.0365248
0.0282429
0.0403042
-0.0305077
0.0365497
-0.0242258
-0.0403491
-0.0293444
0.0141717
-0.0549190
0.0112942
0.0331672
0.0497346
-0.0322573
-0.0082277
-0.0011099
-0.0362001
-0.0306169
0.0258428
0.0379825
-0.0350989
0.0458695
-0.0236566
-0.0350226
0.0092479
-0.0223655
-0.0340297
-0.0364317
-0.0485040
-0.0440325
-0.0427734
0.0180845
-0.0288439
-0.0308205
0.0272889
0.0472149
0.0139358
0.0262563
-0.0297397
0.0131618
0.0333187
-0.0201389
0.0194443
-0.0638118
0.0127800
-0.0587796
-0.0597146
-0.0573608
0.0121249
0.0403000
-0.0037396
0.0877249
0.0244451
0.1040060
0.0809165
0.0219052
0.0184631
-0.0209031
-0.0527447
-0.1221229
-0.0979999
-0.1583668
-0.2512933
-0.1296931
0.1227244
0.3905885
0.5775693
0.3885212
0.0250471
-0.3207971
-0.3461211
-0.2718214
-0.0783374
-0.0363543
-0.0105330
-0.0029497
0.0632010
0.0944848
0.0525218
0.0361094
0.0713786
0.0434967
-0.0378533
-0.0241297
-0.0471850
-0.0363362
-0.0160106
-0.0247607
-0.0593594
-0.0497279
0.0270997
0.0184592
-0.0068477
0.0103787
0.0360490
0.0566289
-0.0224547
0.0508374
0.0409065
0.0162569
-0.0453206
0.0304351
-0.0536606
-0.0386984
0.0108736
-0.0412896
0.0223685
-0.0024919
0.0384725
0.0342354
0.0501234
0.0384709
0.0364494
0.0289859
0.0091015
-0.0061328
-0.0220171
-0.0078516
-0.0413137
-0.0043660
0.0402513
-0.0203039
0.0087789
-0.0316084
0.0418942
-0.0307302
0.0110923
0.0148835
-0.0295131
-0.0030866
0.0194304
-0.0423631
0.0278376
-0.0002839
0.0090672
0.0146995
0.0356273
-0.0203736
-0.0393251
0.0376163
-0.0086289
-0.0077605
-0.0381011
0.0419290
-0.0371750
-0.0378590
-0.0458195
0.0313216
-0.0237280
-0.0153207
-0.0177811
0.0023194
0.0313133
0.0056888
0.0348027
-0.0176257
0.0443556
-0.0124141
0.0391989
-0.0054172
0.0304734
-0.0282597
-0.0230618
0.0092176
0.0051758
0.0474896
-0.0387498
-0.0213510
-0.0265937
-0.0467861
-0.0518465
0.0365056
0.0107484
0.0303174
-0.0268780
-0.0085790
-0.0360846
0.0374175
-0.0099748
-0.0297242
0.0240412
0.0108461
-0.0056795
0.0275771
-0.0315593
-0.0353045
0.0441854
0.0451182
-0.0202393
-0.0205965
-0.0064593
-0.0231096
0.0004920
0.0424103
0.0255959
-0.0345125
0.0260569
-0.0161999
-0.0399897
-0.0402562
0.0223611
0.0204775
0.0424265
-0.0163791
-0.0231119
-0.0421792
0.0194184
-0.0376552
0.0406095
0.0296759
-0.0156526
0.0203920
0.0522114
-0.0161561
-0.0523097
-0.0531358
0.0209281
0.0285753
0.0109102
0.0252765
0.0353311
-0.0156435
-0.0240107
-0.0048878
0.0036672
0.0139726
-0.0084109
0.0447082
0.0559440
0.0504984
0.0004924
0.0164820
0.0177686
0.0318025
0.0110225
-0.0217746
-0.0334889
-0.0282367
0.0140661
-0.0017305
-0.0174847
0.0067228
0.0084162
0.0103394
0.0190723
0.0004574
0.0563552
-0.0099857
0.0410356
-0.0347402
-0.0234266
-0.0190275
-0.0514782
-0.0429382
-0.0574653
-0.0496979
-0.0385005
0.0607666
0.1831914
0.2531017
0.1255338
-0.0594203
-0.1670131
-0.1294635
-0.0918923
-0.0382772
-0.0391080
-0.0225161
0.0414643
0.0609879
0.0059967
0.0881091
0.0643254
0.0568016
0.0105770
0.0071072
-0.0154178
-0.0232690
-0.0086696
-0.0184649
-0.0489617
-0.0463303
0.0372425
-0.0167502
-0.0217391
0.0294237
0.0162938
0.0023388
0.0097280
-0.0058081
0.0341725
0.0484455
0.0473952
-0.0240070
0.0163942
-0.0353610
-0.0293932
-0.0122581
0.0305099
0.0363345
0.0449723
0.0240062
-0.0188625
0.0307622
0.0065410
-0.0206690
-0.0444181
0.0427311
0.0390175
-0.0152549
0.0119925
-0.0261187
-0.0450150
-0.0476298
0.0000447
0.0423470
-0.0163812
-0.0270089
0.0437053
0.0438720
0.0123328
0.0121691
-0.0253118
0.0374651
-0.0167867
-0.0190869
-0.0077036
0.0336492
-0.0367834
-0.0062097
-0.0177834
0.0286112
0.0264465
0.0402707
-0.0310316
0.0053980
0.0078013
0.0188370
-0.0377117
0.0078938
-0.0073560
0.0262693
-0.0277243
0.0292797
0.0384051
-0.0489516
-0.0123306
0.0061339
-0.0362971
-0.0175776
0.0042663
0.0059383
-0.0322109
0.0175462
-0.0370110
-0.0365940
-0.0178996
-0.0340607
0.0364081
0.0034908
0.0469438
0.0458144
0.0097733
-0.0352512
-0.0016014
0.0147228
-0.0076934
-0.0281267
0.0215517
-0.0259047
0.0219003
0.0236888
0.0508796
-0.0345919
-0.0097074
0.0239055
0.0025011
0.0157273
-0.0360821
-0.0265085
-0.0109152
0.0291100
0.0173920
0.0010526
0.0418807
0.0035181
-0.0449587
-0.0417819
-0.0233298
0.0292372
-0.0049340
0.0147661
0.0304199
0.0445560
0.0456666
-0.0501959
-0.0343759
-0.0193511
-0.0272523
-0.0179936
-0.0017753
-0.0039766
0.0387318
-0.0254306
0.0516808
-0.0002356
-0.0190536
-0.0190842
0.0020311
-0.0040019
0.0248843
-0.0357609
-0.0402682
0.0172734
0.0124157
-0.0286729
0.0390423
0.0409039
0.0145230
0.0152886
0.0007511
0.0153688
0.0077962
-0.0022329
-0.0041240
0.0212311
-0.0352375
-0.0310989
-0.0361602
0.0166792
0.0127627
-0.0318200
0.0246293
-0.0518683
0.0262661
0.0374333
0.0152305
0.0136553
0.0818566
0.0051924
0.0610949
-0.0248122
0.0135594
-0.0435483
-0.0854097
-0.0342951
-0.1248706
-0.1254762
-0.0752713
-0.0163069
0.0760676
0.2565916
0.2777407
0.1364917
-0.0528262
-0.1414559
-0.1572089
-0.0885990
-0.0327188
-0.0165492
-0.0254355
0.0004955
-0.0016374
0.0351410
0.0777885
0.0479168
-0.0018104
-0.0328790
-0.0110761
-0.0194282
-0.0218806
-0.0519137
0.0135926
-0.0389791
0.0184701
0.0283877
-0.0098014
-0.0346734
0.0022879
0.0303103
0.0116624
0.0305573
-0.0160080
0.0135680
0.0023938
-0.0026010
0.0346099
-0.0363331
0.0360199
-0.0249506
-0.0389450
0.0362967
0.0207368
0.0358618
-0.0058327
-0.0207622
0.0216507
0.0177029
-0.0453245
-0.0070827
0.0005778
-0.0122341
-0.0347077
-0.0341128
-0.0083669
-0.0361076
-0.0469032
0.0292192
0.0354595
0.0208338
0.0369088
0.0202085
0.0325283
0.0269350
-0.0398342
-0.0370645
-0.0260074
-0.0103104
0.0239602
0.0122636
0.0358499
-0.0415728
-0.0094220
0.0202259
-0.0266024
0.0200639
0.0016603
0.0072393
0.0483792
-0.0407752
0.0227588
0.0404534
-0.0192061
0.0354365
-0.0189691
-0.0173451
-0.0034030
-0.0364632
0.0263154
0.0405538
-0.0332447
-0.0188209
0.0114443
-0.0401272
-0.0191643
0.0386308
0.0032998
-0.0280870
-0.0384743
-0.0145302
-0.0143558
0.0183098
0.0203730
-0.0381074
0.0269851
0.0256722
-0.0491800
0.0323392
-0.0354266
-0.0381905
-0.0067443
-0.0245915
0.0456424
-0.0142161
0.0213176
0.0384837
0.0426234
-0.0380194
-0.0471410
-0.0069635
-0.0362484
0.0102547
-0.0441087
-0.0330812
0.0381645
-0.0154582
0.0007446
-0.0015663
-0.0189759
0.0042537
0.0328090
0.0440433
-0.0163566
-0.0008743
0.0169362
0.0080693
-0.0234590
-0.0322335
-0.0398533
0.0014452
-0.0131963
-0.0254570
0.0012815
0.0074628
-0.0238752
-0.0561111
-0.0007285
-0.0069322
0.0281428
-0.0167473
0.0025250
-0.0204432
0.0160889
0.0209080
0.0032413
0.0313708
-0.0183361
-0.0043426
-0.0260988
0.0390700
0.0075538
-0.0249914
0.0144474
-0.0099205
-0.0280265
0.0005091
-0.0114205
0.0057974
0.0273376
0.0449950
-0.0270756
0.0306750
0.0150073
0.0061088
0.0070071
-0.0701414
-0.0588188
0.0078824
0.0226677
0.0412592
-0.0049898
0.0559421
0.0201644
0.0350056
0.0070334
0.0069374
-0.0343316
-0.0553439
-0.0614300
-0.1007781
-0.1123000
-0.1582337
-0.1784899
-0.1081483
0.0628230
0.2301151
0.3198091
0.2331903
0.0347028
-0.1547665
-0.2483439
-0.1891877
-0.1165695
-0.0543078
0.0020962
-0.0359021
0.0364387
0.0416040
0.1097204
0.0263384
0.0558138
0.0533907
0.0098899
-0.0077627
-0.0338004
-0.0144187
-0.0015042
-0.0441680
-0.0590134
-0.0316076
0.0224382
-0.0414038
0.0238744
0.0489513
0.0031795
0.0215545
0.0446868
0.0500220
0.0074329
0.0111339
0.0016271
-0.0117807
-0.0456583
-0.0392435
-0.0458879
0.0014606
0.0280218
-0.0177393
-0.0256842
0.0456657
-0.0315034
-0.0383349
0.0219615
0.0173825
-0.0477989
-0.0168358
-0.0029553
-0.0271779
