-0.0584447
-0.0534286
0.0415975
0.0028657
0.0595277
-0.0045159
0.0232501
0.0024901
0.0513502
0.0022658
-0.0371093
0.0534592
-0.0343348
0.0306187
0.0710866
0.0476678
0.0439924
-0.0216694
0.0709898
-0.0153683
0.0545727
0.0017088
-0.0201222
0.0580325
-0.0461096
-0.0057582
0.0747922
0.0592785
-0.0947653
0.0068632
-0.0985542
0.0008496
-0.0986772
0.0183122
0.0554147
-0.0183200
0.0359601
0.1329398
0.1076085
0.0992383
0.0493852
0.1410935
0.1292966
-0.0914702
-0.0769651
-0.2051842
-0.3191444
-0.3746390
-0.3943467
-0.2315870
0.2137437
0.8169034
0.8766835
0.5102202
-0.0385503
-0.4486882
-0.6494548
-0.4853378
-0.2202858
-0.0166168
-0.0031088
0.0934621
0.0484882
0.1440395
0.1136491
0.0806308
0.0178134
0.0464955
-0.0594562
-0.0803378
-0.0983136
0.0130630
-0.1281328
-0.0714823
-0.0630352
0.0416019
0.0759588
-0.0131931
0.0949193
-0.0195774
0.0701588
0.0280383
0.0576174
0.0509938
0.0602770
-0.0003188
0.0257100
-0.0446183
0.0401297
0.0681622
0.0514379
0.0007015
-0.0547454
-0.0105689
-0.0503336
-0.0335941
0.0684806
-0.0452536
-0.0470260
0.0734748
-0.0248133
-0.0332340
-0.0159574
0.0001621
0.0617521
0.0854411
-0.0432827
0.0580208
0.0832436
0.0605998
-0.0437079
0.0459993
-0.0172803
-0.0215684
-0.0270724
-0.0113522
-0.0471676
-0.0358681
-0.0095022
0.0461577
0.0183247
0.1798654
0.0661239
0.1470206
0.1678417
0.0443355
0.0183542
-0.1233258
-0.2104764
-0.3968376
-0.4024539
-0.4859103
-0.0983626
0.4142007
0.8355986
0.8270864
0.4104893
-0.2756172
-0.5500712
-0.6153657
-0.2910075
-0.1694397
-0.0015731
-0.0476582
0.1248482
0.0523165
0.1076050
0.2093078
0.0876271
0.0512283
0.0570411
-0.0615067
-0.0808850
-0.0994659
-0.1026230
-0.0646324
0.0321146
0.0483761
0.0394501
-0.0639573
0.0145377
-0.0399791
0.0902190
0.0430756
0.0347266
0.0188149
0.1045799
-0.0730147
0.0281750
-0.0657281
0.0029588
-0.0597693
-0.0536873
-0.0338301
-0.0110990
-0.0526895
-0.0464982
-0.0581071
0.0635024
-0.0815526
0.0750436
0.0239980
0.0095446
0.0759917
0.0451763
0.0950915
0.0230532
-0.0440879
0.0453903
0.0149855
-0.0509341
-0.0027719
0.0617188
-0.0899162
0.0141021
0.0275361
-0.0420835
-0.0881642
-0.0839205
-0.0761556
0.0696906
-0.0217624
0.1216654
0.1526048
0.1040989
0.0303258
0.0157408
0.0595149
0.0437808
-0.0230491
-0.1788453
-0.2483267
-0.4874171
-0.4408766
-0.1709021
0.2741572
0.8748863
1.0018396
0.4758290
-0.1176481
-0.6106258
-0.5701201
-0.4060553
-0.0533942
-0.0657542
0.0630056
0.0829830
0.0727282
0.1405955
0.0943820
0.1269435
0.0571648
-0.0240694
0.0239574
-0.0165747
-0.1505874
-0.0554807
-0.0840348
0.0288961
-0.0392636
-0.0955621
-0.0591144
-0.0364888
-0.0029794
-0.0140629
-0.0151541
0.1007707
-0.0602547
-0.0156901
-0.0670252
0.0778249
0.0810783
0.0741196
-0.0379703
-0.0505050
-0.0189240
0.0426620
-0.0723031
-0.0680918
-0.0682066
-0.0550496
-0.0188708
0.0603308
-0.0293520
0.0244015
-0.0244839
-0.0681945
-0.0635633
0.0235392
0.0622312
-0.0345475
0.0830982
0.0736898
0.0198915
0.0438276
-0.0606705
-0.0817112
-0.0309177
-0.0521118
-0.1185719
0.0316464
-0.0232947
-0.0088731
0.0600692
0.1278556
0.0593831
0.1572814
0.1768267
0.0886690
0.1337416
0.0781225
-0.1185018
-0.0689953
-0.1592060
-0.3613704
-0.4489968
-0.3719454
0.0306839
0.5163114
0.9185996
0.7717791
0.2117684
-0.3781920
-0.5525997
-0.5325539
-0.2288877
0.0030720
-0.0494986
0.0811886
0.1405362
0.0650564
0.2177080
0.1312533
0.0320548
-0.0073873
0.0882190
0.0228734
-0.0519362
0.0189278
-0.1109640
-0.0520470
-0.0466723
-0.0479704
0.0611672
-0.0549387
0.0764674
0.0917488
0.0553915
0.0496479
0.0851221
-0.0228342
0.0788282
-0.0447328
-0.0540861
-0.0821636
0.0287150
-0.0480470
-0.0395342
-0.0410921
0.0384797
0.0300281
-0.0563083
-0.0734257
0.0544659
-0.0066556
-0.0075776
-0.0124297
-0.0620291
-0.0310806
-0.0392437
-0.0542363
0.0945942
0.0987159
0.0426728
-0.0052332
-0.0441353
-0.0703077
-0.0102331
-0.0462729
-0.0571944
-0.1382817
-0.0648335
-0.1141777
0.0470054
-0.0144166
0.0038199
0.0427804
0.1393014
0.1746715
0.1333220
0.1537748
0.0513397
-0.0706007
-0.0127222
-0.1875736
-0.1553664
-0.2989900
-0.4614423
-0.4011966
-0.0246687
0.6008218
0.8404024
0.7608809
0.1726424
-0.3352024
-0.5720021
-0.4569333
-0.3272043
-0.1073115
0.0093650
-0.0569946
0.0778183
0.1088652
0.1803949
0.1345263
0.1249249
0.0912856
-0.0415131
-0.0400287
-0.0437336
-0.0487539
-0.1189917
-0.0565703
-0.0963437
-0.1047218
0.0533043
-0.0038523
0.0379667
0.0579450
0.0206052
0.0934244
-0.0050888
0.0368429
0.0206882
-0.0378145
-0.0584309
-0.0395032
0.0683761
-0.0752429
0.0226287
0.0369931
-0.0819292
-0.0684995
0.0458519
-0.0207843
0.0486944
-0.0531720
0.0229537
0.0736354
-0.0447586
0.0048846
-0.0267565
0.0268068
0.0875368
-0.0225904
-0.0535095
-0.0272645
0.0481268
0.0092337
-0.0494841
0.0416556
-0.0585170
-0.0666982
-0.0896216
-0.0293512
0.0463272
0.0416830
0.0730477
0.0632202
0.0675767
0.1136789
0.1592285
0.0585677
0.0688670
0.1161577
-0.0312108
-0.1119872
-0.0915289
-0.1756384
-0.3107576
-0.4558414
-0.2967949
0.2135894
0.6055689
0.9963275
0.6375757
-0.0004825
-0.4293371
-0.5628926
-0.3771111
-0.1111299
-0.1106412
-0.0772243
0.0144356
0.0734092
0.1019022
0.1058655
0.1837023
0.0680311
0.0818472
0.0521591
0.0444270
-0.0753408
-0.0173044
-0.0802038
-0.1005533
-0.0349689
0.0484238
0.0243401
-0.0058650
0.0441704
-0.0380723
0.0847870
0.0440999
0.1003922
-0.0467826
0.0258937
0.0497901
-0.0457429
0.0630201
0.0641793
-0.0308351
-0.0062467
-0.0761476
-0.0641729
-0.0669706
0.0431567
0.0415581
-0.0744761
0.0673771
0.0308989
-0.0485424
0.0406661
0.0227388
0.0422591
0.0862837
-0.0017559
-0.0297388
-0.0112363
-0.0464310
-0.0089390
0.0047444
-0.0432555
-0.0024967
-0.0030475
-0.1117010
0.0044450
0.0274172
-0.0860215
-0.0331282
-0.0130753
0.1453603
0.1343836
0.0240445
0.0847955
0.0936595
0.1108234
-0.0496456
-0.0526564
-0.1048059
-0.1838737
-0.3766356
-0.4895548
-0.2440679
0.1075844
0.6512978
0.9109284
0.5669696
0.0559502
-0.4746491
-0.6699052
-0.3770375
-0.2332425
0.0209004
-0.0590086
0.0649369
0.0217490
0.2024261
0.0857646
0.1292895
0.0647256
0.0274581
0.0931951
-0.0635483
-0.1212770
0.0086699
-0.1037536
-0.0612087
-0.0297096
0.0658128
-0.0306514
0.0314593
-0.0644453
-0.0436396
-0.0509675
-0.0019586
0.0924043
0.0755101
0.0613344
0.0723671
-0.0616324
0.0650136
-0.0623098
0.0701714
0.0021797
0.0255420
0.0040846
-0.0624352
-0.0057094
0.0255103
-0.0144398
0.0132949
0.0371998
0.0215745
-0.0694679
0.0618622
-0.0690017
-0.0038212
-0.0060089
0.0905271
-0.0115689
0.0782807
0.0356637
0.0410168
0.0590143
0.0048565
-0.0342853
-0.0552786
-0.0026714
-0.0124843
0.0333351
-0.0080645
0.0962888
0.1052817
0.1506133
0.0374147
0.1674396
0.1688478
0.1560073
-0.0165207
-0.0159429
-0.1207137
-0.2133713
-0.3370050
-0.3970102
-0.3597805
-0.0960271
0.3793711
0.8430293
0.8690282
0.4919844
-0.2071585
-0.5168195
-0.4981104
-0.3281534
-0.1840706
0.0419862
0.0035245
0.0128398
0.1529537
0.2223855
0.1915421
0.1165756
0.1347135
0.0361166
-0.0368107
-0.0534531
0.0016215
-0.0079027
-0.1146395
-0.1258115
-0.0259027
-0.0114604
-0.0337886
0.0722545
0.0680399
-0.0456299
0.0797177
0.0023240
-0.0090634
0.0428893
0.0448277
0.0284398
0.0040911
0.0042083
-0.0217657
-0.0843358
0.0444208
0.0126084
0.0064862
0.0308481
0.0138805
-0.0494916
-0.0140926
0.0217462
-0.0632082
-0.0430514
0.0113061
-0.0171440
-0.0282394
0.0708321
0.0321580
0.0563132
0.0127537
0.0799434
0.0213580
0.0039281
0.0298373
0.0250585
-0.0570253
-0.0250236
-0.0968137
0.0075115
-0.0129804
0.0293903
0.0706569
0.1468855
0.0888886
0.1430722
0.1107797
0.1280957
0.0136822
-0.0094974
-0.1566964
-0.1078723
-0.2983090
-0.3814929
-0.5004289
-0.1840536
0.3967681
0.7204346
0.8389802
0.4423791
-0.1899273
-0.5560995
-0.5286954
-0.3490715
-0.1250945
0.0177318
-0.0763658
0.0676711
0.1264367
0.1021532
0.1555921
0.1546765
0.0297517
-0.0416480
0.0098926
-0.0027876
0.0158929
-0.0681409
0.0200762
-0.0489210
-0.0867536
-0.0739552
0.0332672
-0.0545142
0.0076761
0.0114987
0.0636257
0.0793779
-0.0630731
-0.0171039
-0.0722778
-0.0641250
0.0238977
0.0738575
0.0391873
0.0565896
0.0135839
-0.0191482
-0.0726610
-0.0112389
0.0260847
0.0614478
0.0492366
0.0728539
0.0030613
0.0134950
0.0289407
-0.0274348
0.0065473
0.0421091
-0.0108244
0.0091324
0.0485629
0.0594351
0.0799223
0.0131633
-0.0728887
0.0258233
-0.0155498
-0.0018268
-0.0407580
-0.0293238
0.0239332
0.0525182
-0.0040074
0.1404771
0.1611652
0.1260633
0.0374830
0.0322413
0.0680071
-0.0223881
-0.0604110
-0.1888097
-0.2628588
-0.3027116
-0.4151417
-0.3856067
-0.1069777
0.5624094
0.9178185
0.8039652
0.1917985
-0.4844847
-0.6113670
-0.4419005
-0.2231622
-0.0715629
-0.1099658
-0.0820708
0.0242500
0.2246370
0.2117142
0.0490769
0.1307453
-0.0372472
0.0770669
-0.0679405
0.0248377
0.0202474
0.0042493
-0.1152913
-0.1036966
-0.0491553
-0.0636165
-0.0299350
-0.0571533
0.0245376
-0.0082275
-0.0063383
0.0519915
-0.0257366
0.0800055
0.0022635
0.0618163
0.0543637
-0.0632858
0.0426095
-0.0646465
-0.0625287
-0.0678149
-0.0102061
-0.0156019
0.0631820
0.0577459
-0.0774475
-0.0374003
-0.0635272
-0.0483884
0.0183046
0.0374996
0.0021891
-0.0212697
0.0331411
-0.0185618
0.0690278
0.0376774
-0.0361701
0.0710924
-0.0275157
-0.0123494
0.0401621
-0.0751703
-0.0462069
-0.0408236
-0.1112908
0.0614705
0.0203450
0.1414437
0.0966642
0.1593457
0.0835159
0.0994238
0.0008392
-0.0891070
-0.0114395
-0.2140932
-0.1751815
-0.4389155
-0.3614280
-0.2543365
0.1965004
0.5830405
0.9803329
0.7340025
0.0906943
-0.4144037
-0.5678402
-0.5144159
-0.1339332
-0.0786443
0.0689916
0.0429070
0.1034297
0.1839033
0.2104251
0.0346599
0.0143060
0.0641550
0.0478970
-0.1108578
-0.0825564
-0.0896984
-0.0862250
-0.0114959
-0.0800411
0.0124046
-0.0758732
-0.0441900
0.0119345
-0.0417200
0.0984860
-0.0537009
0.0512849
0.0625516
-0.0218908
0.0111875
-0.0780588
0.0183090
-0.0478182
-0.0275253
0.0647894
0.0521335
0.0392485
-0.0588539
0.0258262
-0.0658841
0.0125294
0.0012158
0.0464842
-0.0092752
-0.0309208
0.0311187
0.0249748
0.0379147
0.0373361
0.0785064
0.0425906
0.0356340
0.0449914
0.0584274
-0.0539349
0.0056233
-0.0999636
-0.0829669
-0.0535887
-0.0037472
-0.0055468
-0.0632344
0.0567044
0.0218102
0.0957111
0.0887870
0.1653309
0.1826026
0.0766660
-0.0013178
-0.0534325
-0.0267035
-0.2209098
-0.3024485
-0.4226885
-0.4351516
-0.2252741
0.2287067
0.7322914
0.8851810
0.5061030
-0.0439175
-0.5986658
-0.5535576
-0.4209055
-0.1349836
0.0284376
-0.0823579
0.0296687
0.1432891
0.2334428
0.1635656
0.0993646
0.0270161
0.0338198
0.0304060
-0.1057334
-0.0748406
0.0005776
-0.1400145
-0.0241682
-0.0899257
-0.0910181
0.0819843
0.0891697
-0.0019834
0.1080248
-0.0157778
-0.0557370
0.0422688
-0.0784053
-0.0511710
0.0758927
-0.0665859
0.0601009
0.0422295
-0.0710999
0.0163955
-0.0453588
0.0499387
-0.0566394
0.0395411
0.0088483
-0.0088925
0.0378405
-0.0758323
-0.0238463
-0.0798382
-0.0097459
-0.0622003
0.0932153
-0.0083985
-0.0108199
0.0273060
0.1065195
0.0803514
-0.0765540
-0.0612042
-0.0550610
0.0060989
-0.0360244
-0.1220420
-0.1018835
-0.1113989
-0.0898837
-0.0214355
0.0015018
0.0067344
0.0868850
0.1173413
0.0579581
0.0845434
0.1570191
0.0965529
0.0132791
-0.0649778
-0.2598323
-0.3305947
-0.4682996
-0.4142254
0.1273245
0.5994940
0.9499992
0.8240721
0.2732913
-0.4338749
-0.5137906
-0.5530901
-0.1650399
-0.1528683
0.0202841
0.0983247
0.0632601
0.0957042
0.2248003
0.1274758
0.0048188
0.0896281
0.0001427
0.0438119
-0.0744555
-0.0131404
-0.1301854
-0.1126058
-0.1110681
0.0513918
0.0125651
0.0513082
-0.0205585
-0.0551652
-0.0554039
-0.0623360
0.0492097
0.0924230
0.0184260
-0.0573853
0.0242414
-0.0109542
0.0729248
-0.0301340
0.0033587
0.0226165
-0.0880606
0.0059485
0.0895903
-0.0468324
-0.0524704
0.0350273
-0.0513314
0.0417607
-0.0175010
-0.0411211
0.0045093
0.0655323
-0.0169811
-0.0034669
0.1093629
-0.0410371
0.0033560
-0.0666666
0.0196716
-0.0107607
0.0382286
-0.1235181
-0.0906873
-0.0190013
0.0012972
-0.1168480
-0.0542950
-0.0436664
0.0148980
0.0883270
0.1776702
0.0314705
0.0726066
0.0892271
0.0269308
-0.1196572
-0.0970336
-0.1656375
-0.3458051
-0.4825800
-0.2437551
0.0480303
0.7181350
0.8884723
0.6128575
0.0684457
-0.4362739
-0.6111518
-0.3717452
-0.2370287
-0.0786171
0.0057538
0.0318498
0.0724284
0.1325434
0.1785743
0.1042624
0.0836887
0.1160546
-0.0536759
-0.0504253
-0.0173419
-0.0354012
-0.0261575
0.0383347
-0.0586636
0.0047205
-0.0149154
0.0031220
-0.0026543
0.0930117
-0.0465925
0.0614709
-0.0654584
0.0646249
-0.0044318
-0.0696550
-0.0805936
0.0174934
-0.0634713
-0.0211083
-0.0188155
-0.0312027
0.0006309
-0.0150706
-0.0525664
0.0049150
-0.0075255
0.0102433
-0.0501697
-0.0157160
0.0327291
0.0642029
-0.0730597
-0.0214592
-0.0364409
-0.0088567
0.0697854
0.0474446
-0.0181116
-0.0022444
0.0602379
0.0156294
-0.1282184
-0.0369211
-0.0584210
-0.0877962
-0.0243064
-0.0565426
-0.0472398
0.0534327
0.1200732
0.1286684
0.1629118
0.1537211
0.0708714
-0.0458896
0.0178219
-0.1242623
-0.1270384
-0.3699635
-0.4367426
-0.3464070
-0.2324805
0.3359072
0.8560788
0.8656938
0.5849326
-0.0571895
-0.6282862
-0.5872353
-0.4314272
-0.1741473
-0.0789949
-0.0640838
-0.0238431
0.1094634
0.1285651
0.2309684
0.1467228
0.1627614
0.0020610
-0.0866256
-0.0752246
0.0190397
-0.0018228
-0.0462582
-0.1176094
-0.0368918
-0.0709626
-0.0405516
0.0618727
0.0860540
0.0693651
0.0792554
-0.0292246
0.0644234
0.0164639
-0.0015117
-0.0688345
-0.0656358
-0.0904338
-0.0672600
0.0526628
0.0254070
-0.0305767
0.0121295
-0.0778241
