-0.0954343
0.0094099
-0.0048927
0.0527265
0.0946059
-0.0398543
0.1004954
0.0349650
0.0664375
0.0543574
0.1009096
-0.0198908
0.0685329
0.0128890
-0.0810824
-0.0256861
0.0162214
-0.0429772
0.0668654
0.0392648
-0.0356414
0.0554905
-0.0023473
0.0361266
-0.0896947
-0.0681477
0.0377878
-0.0091399
0.0440484
-0.0468118
0.0474418
-0.0315211
0.0774249
0.0144314
-0.0395153
0.0623564
-0.0143332
-0.0575578
0.0323129
0.0176996
-0.0702662
-0.0357514
-0.0925534
-0.0980767
0.0366933
0.1017425
0.1295828
0.0589820
0.0351981
0.1635966
0.1583720
0.0579421
0.0612449
-0.0391101
-0.1117298
-0.3242653
-0.3915552
-0.4067962
-0.2958753
0.2056030
0.7343272
0.9770912
0.5960648
-0.1005558
-0.4548981
-0.5846126
-0.4666164
-0.1164437
-0.0989599
-0.0273855
0.0849762
0.0441314
0.1452000
0.2061834
0.1495488
0.0882582
-0.0001161
0.0191686
0.0146956
-0.1338261
-0.0728561
-0.0023233
-0.1364133
0.0053397
0.0639752
0.0300085
-0.0233353
0.0560414
-0.0093744
-0.0096340
0.0799132
0.0215201
0.0151368
-0.0008852
-0.0703413
0.0343538
-0.0333518
-0.0433827
-0.0777564
0.0322132
0.0300195
0.0808256
-0.0730319
0.0244763
-0.0512029
-0.0841294
0.0167961
0.0000522
0.0261013
0.0318101
0.0511967
-0.0243032
-0.0448754
0.0218098
0.0574017
0.0850936
0.0216948
0.0471697
-0.0255114
0.0219663
-0.1083351
-0.0963348
-0.0251835
-0.0516239
-0.0599034
-0.0318742
-0.0720291
0.0063965
0.0919313
0.0794406
0.1270478
0.1992098
0.0885627
0.0476062
0.1312393
-0.0855887
-0.0889798
-0.2066881
-0.2314251
-0.3589462
-0.4845109
-0.1634608
0.1984570
0.6891126
0.8604482
0.5630974
-0.0292328
-0.5890186
-0.6373708
-0.4371909
-0.1278696
-0.0275209
0.0427676
0.0637736
0.1031694
0.0993256
0.1721453
0.1693058
0.0868200
0.0243867
0.0961670
-0.0709093
-0.0328073
-0.0749289
-0.0805399
-0.0843463
-0.0372062
0.0109530
-0.0690387
-0.0179003
0.0712718
0.0095108
0.0923867
0.0775992
-0.0560400
-0.0305774
0.0332534
0.0608094
0.0223904
-0.0394014
0.0782472
-0.0247406
0.0082611
0.0400285
-0.0495608
-0.0642236
-0.0418636
-0.0496719
-0.0341409
-0.0517661
-0.0675717
-0.0095659
0.0668237
-0.0307011
-0.0407069
-0.0180470
-0.0403478
-0.0118819
0.0710925
-0.0588458
-0.0554930
0.0581650
0.0445171
-0.0877514
-0.0669879
0.0302239
-0.0705644
-0.0899795
-0.0762775
-0.0097380
-0.0666504
-0.0182398
0.0210595
0.0438789
0.0636839
0.0679669
0.0504480
0.0247083
-0.1109893
-0.0462059
-0.1637700
-0.2763175
-0.4951349
-0.5125836
-0.1338123
0.4420289
0.8034026
0.8225700
0.4343474
-0.2711027
-0.6398810
-0.5965926
-0.3041652
-0.0667537
-0.0343313
-0.0700004
-0.0247262
0.1082360
0.1567216
0.1274817
0.1204792
0.0460765
0.0354218
0.0651596
0.0312941
-0.0636777
-0.1487007
0.0013375
0.0159525
0.0429820
0.0418424
-0.0351539
-0.0432416
0.0082997
-0.0047426
0.0185731
-0.0389499
-0.0063797
0.0816787
0.0394178
0.0529956
-0.0564036
-0.0705472
-0.0155345
-0.0278883
0.0151120
-0.0231569
0.0384131
-0.0778759
0.0578308
0.0828959
0.0621687
0.0738412
-0.0589107
-0.0150616
-0.0807896
0.0541608
-0.0174493
0.0002275
0.0420869
0.0697779
-0.0109689
0.0401878
-0.0511390
0.0521470
-0.0747878
0.0303469
-0.0269099
0.0153648
-0.0859305
-0.1306160
-0.1190262
-0.0243471
-0.0632319
0.0511758
0.1152490
0.0862159
0.0749465
0.1940027
0.1684435
0.0506757
-0.0872181
-0.0895639
-0.1322006
-0.2764672
-0.4315307
-0.4394733
-0.3055567
0.0931711
0.7494213
0.9565717
0.6766974
0.0956236
-0.5337279
-0.6553693
-0.4011570
-0.2603436
-0.1196524
-0.0568934
-0.0538554
0.0290003
0.1371936
0.0855525
0.0452145
0.0996722
0.0935931
-0.0306023
0.0341154
0.0252772
-0.0993013
-0.1441240
-0.1161199
-0.0975237
-0.0704189
0.0490862
0.0024039
-0.0593033
-0.0020968
0.0153130
0.0538002
0.0300545
0.0667008
-0.0628063
0.0177932
-0.0227052
0.0622843
-0.0164633
0.0355331
0.0747931
-0.0832229
0.0097511
-0.0671347
0.0796651
0.0748713
0.0633326
0.0006121
-0.0123003
-0.0769343
0.0866577
0.0002129
0.0475031
0.0053887
0.0222961
0.0917829
0.0654986
-0.0582956
-0.0346899
-0.0433546
0.0636844
-0.0648572
0.0308116
-0.0002701
0.0106870
0.0031039
-0.0238075
-0.0285948
0.0097547
-0.0224299
0.0868170
0.0641156
0.1235466
0.1733572
0.1127601
0.0938528
0.0664465
-0.0705199
-0.2268333
-0.3206123
-0.3223215
-0.4534173
-0.2878415
0.1371700
0.7761477
0.9738408
0.7589564
0.0177285
-0.4709752
-0.6872306
-0.5012857
-0.2715088
-0.0690132
-0.0948431
0.0226111
0.0665242
0.1974600
0.2305966
0.0520408
0.1588048
0.0631527
0.0407917
-0.0976505
-0.0262273
-0.1452833
-0.0796244
-0.0274096
-0.1077520
-0.0875896
0.0412376
0.0135749
0.0571010
0.1022768
0.0400900
0.0074881
0.0448320
-0.0751138
0.0784707
-0.0065182
0.0226739
0.0626299
0.0429841
0.0672368
-0.0429127
-0.0692192
-0.0802504
0.0709485
-0.0657600
-0.0265152
-0.0011633
-0.0768419
0.0101199
-0.0692628
-0.0963526
0.0094989
0.0436687
0.0450358
0.0988000
-0.0540218
-0.0448978
0.0818764
-0.0418455
-0.0492105
-0.0602661
-0.0850728
-0.1114147
-0.0159551
-0.1129336
-0.0002571
0.0391378
0.0066472
-0.0349329
0.1127790
0.1072031
0.1290528
0.1790865
0.1982761
0.1145816
0.0027883
-0.0928425
-0.0393079
-0.1799517
-0.3124006
-0.3284163
-0.4533942
-0.2202025
0.1937948
0.7179966
0.9415897
0.7129506
0.1468246
-0.5006253
-0.6214374
-0.4198580
-0.2433737
-0.0799319
-0.0430325
0.0237736
0.1566189
0.1037831
0.1001755
0.1170173
0.0959240
0.0746537
-0.0556056
-0.0508502
-0.0454412
-0.0507312
-0.1032846
-0.0438514
-0.0446104
0.0208348
-0.0214061
-0.0357394
-0.0263273
0.0083458
0.0781175
0.0818839
-0.0430425
0.0292680
-0.0560718
0.0177052
0.0324500
-0.0397048
-0.0834527
0.0425748
-0.0772451
0.0352380
0.0580582
-0.0380711
-0.0823859
-0.0214484
0.0192520
-0.0673398
0.0456326
-0.0785306
0.0333531
0.0149820
-0.0483542
-0.0512206
0.0061937
0.0869320
-0.0272489
0.1002136
-0.0414708
0.0307127
-0.0988756
-0.1191020
-0.0295784
-0.1140192
-0.1261563
-0.0623388
0.0155181
0.0189689
0.0911249
0.0587603
0.0417164
0.1634229
0.0760419
0.1105767
0.0470887
0.0970235
-0.1056738
-0.0843049
-0.1602391
-0.3208667
-0.5004712
-0.3329686
-0.0614217
0.5173434
0.9828713
0.8349721
0.3564819
-0.3925829
-0.6397960
-0.5294700
-0.3491522
-0.1194155
-0.0356543
-0.0549109
0.0397707
0.1591049
0.1485086
0.1615273
0.0644022
0.0690622
0.0914482
-0.0861340
-0.0297835
-0.0535267
-0.0811657
-0.0404370
-0.1150403
0.0196691
-0.0954737
-0.0296292
-0.0124135
0.0995977
-0.0013753
0.0634192
-0.0552182
0.0749317
-0.0395046
0.0652178
-0.0693513
0.0582888
0.0044449
-0.0190198
0.0160249
-0.0095528
0.0175095
0.0145357
-0.0774664
0.0692045
0.0432436
0.0498276
-0.0033171
-0.0330018
0.0319721
-0.0582059
0.0272792
0.0179081
0.0183890
0.0537034
0.0454141
-0.0090010
0.0236970
0.0092267
-0.0765962
-0.0037203
0.0437132
-0.1028838
-0.0135097
-0.1091136
-0.0087119
-0.0085227
-0.0603866
0.0362616
0.1093546
0.0793796
0.0975393
0.0896397
0.0455474
0.0935352
-0.0285937
-0.0237457
-0.1533559
-0.2766678
-0.3803747
-0.4227498
-0.4330929
-0.0393272
0.6322453
0.9387840
0.9106313
0.3112374
-0.2853586
-0.6312480
-0.5090062
-0.3546422
-0.0539522
-0.0227467
-0.0416911
0.0238055
0.1620143
0.1269893
0.0830146
0.0673449
0.0148365
-0.0605308
0.0546867
-0.0991978
-0.0337452
-0.0627496
-0.0702265
0.0094139
-0.0416757
-0.0163804
0.0416510
-0.0217205
0.0614392
0.0248088
0.0963032
0.1015110
0.0711658
0.0148581
0.0091941
0.0187870
0.0712668
0.0485160
-0.0504167
-0.0649657
0.0314361
0.0487121
-0.0398904
0.0660479
0.0608536
-0.0473512
0.0655704
-0.0803899
-0.0697128
-0.0859945
0.0260257
-0.0405687
0.0278918
-0.0394748
-0.0530402
-0.0327355
0.0168304
0.0410999
0.0240545
0.0572588
-0.0668410
-0.1008529
-0.0671222
0.0163653
-0.0993976
0.0237006
0.0517971
0.0769281
0.0502493
0.1212740
0.1243569
0.0371615
0.1439315
0.0690378
-0.0360024
-0.0296126
-0.0864680
-0.2000293
-0.2182877
-0.3792056
-0.4871344
-0.0715069
0.4951010
0.8067561
0.9591001
0.4580133
-0.2161956
-0.5518955
-0.6402931
-0.2960901
-0.1666917
-0.0386520
0.0289841
0.0539140
0.1958562
0.1105598
0.2268614
0.0305224
0.0248637
0.0460379
0.0657316
-0.0319840
-0.0911040
-0.0212365
-0.0638587
-0.0433265
-0.0653526
0.0462040
0.0618112
0.0363676
0.0350422
0.0522339
0.0430139
-0.0376068
-0.0464577
0.0222357
0.0023986
-0.0632321
-0.0672356
0.0459974
-0.0703067
-0.0471123
0.0109814
-0.0821445
-0.0889205
-0.0768428
0.0070603
-0.0172196
0.0372099
0.0252446
0.0673474
0.0404741
-0.0598102
0.0432116
0.0170406
-0.0614032
0.0043094
0.0456336
0.0353673
0.0683021
0.0745481
-0.0733190
0.0460239
-0.0497251
-0.1017059
-0.0229455
0.0434382
-0.0471561
0.0003225
0.0235370
0.0692678
-0.0079052
0.0584492
0.1115761
0.1495107
0.1109245
0.1126445
-0.0596192
-0.1317049
-0.0445973
-0.2080895
-0.2247523
-0.3714673
-0.3387388
0.0406377
0.6195340
0.8864133
0.6738837
0.1258119
-0.5213627
-0.6199935
-0.3922375
-0.2218861
-0.0653128
-0.0615235
-0.0463207
0.0809880
0.2151972
0.2001141
0.1760344
0.0246618
0.1256478
-0.0025277
-0.0720446
-0.0799968
-0.1089840
0.0084402
-0.0125261
-0.1040633
-0.0468715
-0.0613051
0.0099886
0.0424153
0.0239824
-0.0051343
-0.0304876
-0.0043270
0.0079180
0.0047675
0.0656398
0.0001284
0.0170601
-0.0565065
0.0661930
-0.0081616
-0.0784210
-0.0379245
0.0597831
0.0779546
-0.0845931
-0.0145912
0.0121810
-0.0237080
0.0065301
0.0325741
-0.0350513
0.0072566
0.0456761
0.0980549
0.0505097
-0.0263067
-0.0200192
0.0181746
0.0836701
-0.0244433
0.0132319
-0.0091074
-0.0408615
-0.0647135
-0.0018843
-0.0816274
-0.0183951
-0.0553950
0.0048533
0.0588238
0.1319399
0.1572157
0.1030839
0.1015190
0.1205755
0.0020485
-0.0967415
-0.1356867
-0.2582237
-0.4955211
-0.4919082
-0.2150844
0.2395928
0.8736523
0.8951618
0.5537224
-0.0822533
-0.5748527
-0.5244256
-0.4361105
-0.0946063
-0.0510144
0.0070940
0.1151294
0.0968538
0.1445531
0.1699334
0.0716365
0.1462323
0.0989494
0.0780659
-0.0709606
-0.0690385
-0.0851097
-0.1107351
-0.0555733
-0.0928510
0.0393562
0.0504886
0.0313775
0.0541261
0.0786692
0.0904628
-0.0257854
0.0611643
0.0128135
-0.0134834
0.0641497
0.0661118
0.0716951
-0.0472441
-0.0752067
-0.0296690
-0.0857712
0.0109056
-0.0750331
0.0273182
-0.0762565
0.0214952
-0.0735622
0.0347501
0.0049031
0.0382573
-0.0503904
-0.0658349
0.0650163
0.0982949
0.0977422
-0.0207727
-0.0344607
0.0690175
0.0375952
0.0572573
0.0327724
-0.1120017
-0.0630168
0.0137635
-0.0265847
-0.0404223
0.0211563
0.0693097
0.0889503
0.1512998
0.0851901
0.0319544
0.1149215
0.1384704
0.0604697
-0.0416595
-0.1902883
-0.1966165
-0.4047499
-0.3916839
-0.3736191
0.1900058
0.6828057
0.9958497
0.7378677
0.0508443
-0.4385002
-0.7146464
-0.4921841
-0.2406089
0.0150936
-0.0903530
0.0739080
0.1199809
0.1579749
0.1970841
0.2027351
0.0101698
0.0194179
0.0129726
-0.1107884
-0.0523107
-0.0885865
-0.0612145
-0.0022280
0.0432113
-0.0681657
-0.0580346
0.0240689
0.0390793
-0.0484652
-0.0039275
0.0122534
-0.0544181
0.0868847
0.0322100
-0.0301720
-0.0659267
-0.0575043
-0.0767515
-0.0597251
0.0325802
-0.0102297
0.0358189
-0.0713039
0.0438722
-0.0727129
-0.0178185
-0.0221893
-0.0273051
-0.0258626
0.0216658
-0.0715394
-0.0009476
-0.0381804
-0.0240790
-0.0124437
0.0301370
-0.0002384
0.0310622
-0.0394279
-0.0839923
-0.0056074
0.0403039
-0.0996355
-0.1045679
-0.1198076
0.0268103
0.0122217
0.0077947
-0.0426029
0.0275401
0.0747762
0.1867742
0.1796132
0.1665097
0.0443544
-0.0718921
-0.0255209
-0.1364617
-0.3413660
-0.3440163
-0.4466896
-0.3202450
0.1422724
0.7091792
0.9633572
0.6969493
0.0315283
-0.5211873
-0.6700990
-0.4208250
-0.1615999
-0.0848649
0.0043704
0.0835261
0.1447433
0.0670612
0.1211156
0.1450533
0.1350475
-0.0289289
0.0312452
-0.0725251
-0.0713616
-0.0785455
-0.0218993
-0.0865242
0.0117279
0.0239850
-0.0262673
0.0039964
0.0694204
-0.0109376
0.0467704
-0.0246920
-0.0409346
0.0320309
0.0102403
0.0072876
-0.0412337
0.0466554
0.0018583
0.0231130
0.0658242
-0.0329390
0.0633724
0.0117120
-0.0154268
-0.0609539
-0.0496258
-0.0010626
-0.0405730
0.0269775
0.0672080
0.0346750
-0.0209483
0.0180494
-0.0617728
0.0777998
0.0655103
-0.0057337
-0.0739488
-0.0513642
-0.0061752
-0.0578414
-0.0379302
-0.0156480
-0.0923819
-0.1074071
0.0287783
-0.0693746
0.0246957
0.0951612
0.0191243
0.0361702
0.0709503
0.0701024
0.1392452
-0.0075305
-0.0725917
-0.1591685
-0.2622236
-0.3764601
-0.4290745
-0.4065393
-0.2090086
0.3390265
0.8898595
0.8512971
0.5159281
-0.2209134
-0.5693119
-0.6883112
-0.2915196
-0.1467887
0.0136944
0.0550391
0.0722972
0.2088980
0.0979487
0.0998941
0.0456347
0.0893904
-0.0009418
-0.0200403
-0.1087418
-0.1456362
-0.0237867
-0.0347848
-0.1142602
-0.0183466
-0.0021203
-0.0511748
0.0510647
0.0807875
0.0303415
0.0438489
0.0042539
0.0530731
0.0655957
-0.0353857
0.0598349
0.0087348
-0.0678059
-0.0826731
0.0268718
-0.0837301
0.0297551
-0.0533559
0.0827326
0.0706680
0.0646624
-0.0568858
-0.0484590
-0.0375086
-0.0393362
-0.0243339
-0.0888845
-0.0081241
0.0503908
0.0499767
0.0027946
-0.0024315
-0.0466489
0.0740636
-0.0173948
0.0133063
-0.0876575
0.0001744
-0.0909890
-0.0240635
-0.0112778
0.0323767
0.0533377
0.0395941
0.0170794
0.0541443
0.1064554
0.1098459
0.1412694
0.1404764
0.0279945
-0.0175834
-0.0579778
-0.0940442
-0.2653515
-0.3509032
-0.5226325
-0.3242778
0.0638231
0.7035961
0.9371595
0.7316749
0.2297406
-0.4040920
-0.6383442
-0.4564962
-0.2771027
-0.1359217
0.0215368
0.0860276
0.1305819
0.2065802
0.1155632
0.1104846
0.1795709
-0.0168514
0.0162579
-0.0849499
-0.0839204
-0.0335413
-0.0802375
0.0352515
-0.0483450
-0.0597512
0.0615072
0.0090906
-0.0031494
-0.0117789
0.0249837
0.1094306
