-0.0533131
-0.0599201
0.0559452
-0.0408161
0.0454506
0.1424297
0.1429415
0.1738389
0.1147907
0.0228292
0.1033501
-0.0994808
-0.1137368
-0.2279326
-0.3526805
-0.3577496
-0.5228459
-0.1872847
0.3231689
0.7356263
0.9376122
0.4465293
-0.1462499
-0.6045800
-0.5322445
-0.4235314
-0.2109691
-0.0083132
-0.0066532
0.0485573
0.0739109
0.0838361
0.0779111
0.1067030
0.1259141
0.0581011
0.0846384
-0.0135402
0.0121042
-0.0964841
-0.0187638
-0.0096255
-0.0182562
-0.0436859
0.0510190
0.0432938
0.0846334
-0.0043734
-0.0017112
-0.0153195
0.0033127
0.0179288
0.0584326
0.0333846
-0.0207495
0.0231558
-0.0653409
0.0736069
-0.0572159
-0.0701648
-0.0648192
0.0666950
0.0451928
-0.0738501
-0.0828326
-0.0430715
-0.0278849
0.0656439
0.0357227
-0.0312908
-0.0676481
-0.0396439
0.0223533
-0.0400393
-0.0357941
0.0683772
-0.0743339
-0.0490167
-0.0333231
0.0038817
-0.1033437
-0.1295692
-0.0678688
-0.1135433
0.0271406
0.0676086
0.0106105
0.0702118
0.1166886
0.1362909
0.1976409
0.1288780
0.1706816
0.0237671
-0.1329631
-0.1682089
-0.1429500
-0.3498567
-0.4262304
-0.3744631
-0.0228282
0.5226125
0.9627383
0.9104082
0.2710853
-0.2178080
-0.5839130
-0.5067061
-0.3514784
-0.1198543
-0.0715279
-0.0028391
0.0001830
0.0509598
0.1230581
0.1430966
0.0971014
0.0355017
0.0626194
-0.0496345
-0.0561538
-0.0812557
-0.0280826
-0.0012427
-0.0368082
0.0295623
0.0497967
0.0635839
-0.0352504
-0.0119981
0.0008990
-0.0214801
0.0571066
0.0980982
-0.0298638
-0.0262844
0.0127474
-0.0462896
-0.0759635
-0.0856847
-0.0744619
-0.0069181
-0.0405946
-0.0255248
0.0317780
0.0590769
0.0271650
0.0186679
0.0195371
0.0654814
-0.0417662
0.0720476
-0.0026798
0.0560995
-0.0390589
0.0414942
0.0875067
0.0076782
-0.0293456
0.0216273
0.0169110
-0.0358238
0.0148748
-0.0033008
-0.0395143
-0.0997306
0.0478966
-0.0551314
0.0099526
0.0213125
0.0960468
0.0402247
0.1855660
0.1336137
0.1482220
0.0300018
0.0152729
-0.1216442
-0.1028928
-0.2247524
-0.3377617
-0.4047256
-0.1841011
0.3198377
0.8293189
0.8731894
0.4404747
-0.0994778
-0.6157153
-0.6421042
-0.4316263
-0.0595477
0.0548192
-0.0587634
0.0826292
0.1963105
0.1788243
0.1723930
0.0632916
0.1112935
0.0984601
0.0912371
0.0373278
-0.0567090
-0.1090301
-0.0175011
-0.1266552
-0.0701312
-0.0009589
0.0687425
0.0286852
0.0895195
0.0217572
-0.0428994
0.0717725
0.0349836
-0.0540761
0.0789120
-0.0677376
0.0321574
0.0181303
0.0758633
0.0032780
0.0595409
0.0084960
-0.0225524
-0.0226017
-0.0688722
-0.0508169
0.0356848
-0.0860197
-0.0917777
0.0035531
-0.0248274
-0.0339663
0.0676820
-0.0646418
0.0536944
0.0764976
0.0732265
-0.0063858
-0.0672131
0.0150957
0.0508474
-0.0036729
-0.0695759
-0.0160563
-0.1196586
-0.0070760
-0.0620596
-0.0585432
-0.0055749
0.0637778
0.0899666
0.1759131
0.1369194
0.1208192
0.1154389
0.0422369
-0.0057071
-0.0473840
-0.2528211
-0.2491903
-0.3445092
-0.4974266
-0.1546436
0.2064832
0.8095865
1.0061299
0.5129716
-0.1195305
-0.5131209
-0.6089610
-0.4417274
-0.2216987
-0.1253938
0.0063646
0.0448389
0.1918916
0.2426035
0.1646785
0.1920612
0.0483455
0.1126944
0.0229391
-0.0137920
-0.0309068
-0.0942897
0.0134730
-0.0745466
-0.0068125
-0.0272748
0.0549018
0.0793300
0.0641380
-0.0046867
-0.0369733
-0.0186607
-0.0095703
0.0658908
0.0766879
-0.0414275
-0.0050713
-0.0929637
0.0144710
-0.0522698
0.0730375
0.0338530
-0.0456237
0.0757118
0.0474704
0.0166988
-0.0076890
0.0305672
-0.0726023
-0.0032867
-0.0188404
0.0574299
0.0387021
0.0764704
0.0113297
0.0624176
0.1073353
-0.0388370
-0.0114855
0.0723956
-0.0668077
-0.0606364
-0.0939250
-0.1106480
-0.1405917
-0.0836435
-0.0638597
-0.0026100
-0.0587332
-0.0173472
0.0112816
0.1581484
0.0516664
0.1749607
0.1261981
0.0527117
-0.0274313
-0.1691124
-0.1578112
-0.3477199
-0.4861929
-0.4741782
-0.2013917
0.3677099
0.9167478
0.8053895
0.4979944
-0.1282944
-0.5921768
-0.5761159
-0.3316151
-0.1126814
-0.0056666
0.0093945
0.1332219
0.1585507
0.0834781
0.0862251
0.0650831
0.0914506
0.0445810
-0.0055107
-0.0242107
-0.0221161
-0.0489843
-0.0974810
-0.0871370
0.0468142
-0.0444708
0.0027543
0.0854332
0.0060054
-0.0313332
0.0561604
0.0156388
0.0981612
0.0079246
-0.0392740
-0.0498568
-0.0463593
-0.0354924
0.0195023
0.0298463
0.0646826
0.0362738
0.0467058
-0.0602749
0.0192825
-0.0301794
-0.0677678
0.0349860
0.0798984
0.0586229
-0.0027044
0.0685108
-0.0441747
0.0212641
0.0558539
-0.0093026
0.0505599
0.0753344
-0.0348143
0.0779553
0.0326460
-0.0802462
-0.0744705
0.0260711
-0.1253486
0.0333433
-0.0747612
0.0145862
-0.0077303
0.0456307
0.0818602
0.0844812
0.1575341
0.0606901
0.0900657
0.0606939
-0.0034436
-0.0475928
-0.1476312
-0.3701420
-0.4671517
-0.3613673
0.0322588
0.5641018
0.9354046
0.8218233
0.3414066
-0.2685724
-0.6638564
-0.5677428
-0.2709606
-0.1265975
0.0591635
-0.0564348
0.0041922
0.0977144
0.1784805
0.1277444
0.0980122
0.0545163
0.0811171
-0.0280142
-0.1094440
-0.1331476
-0.1301300
-0.0720187
-0.0472689
-0.0552194
-0.0790927
-0.0008433
-0.0531654
0.0072694
0.0859680
0.0346933
0.0515230
0.0419701
-0.0286635
-0.0008915
0.0717846
-0.0938732
-0.0827099
-0.0854833
0.0668225
-0.0486013
0.0337156
-0.0736148
0.0703087
-0.0353899
-0.0643224
-0.0212850
0.0094390
0.0248991
-0.0274249
-0.0404764
0.0844064
-0.0626988
0.0361006
-0.0357661
0.0521676
-0.0129271
-0.0232966
-0.0109889
0.0265580
-0.0924902
-0.0921016
-0.0573922
-0.1164269
-0.0826072
0.0089884
-0.0971426
0.0879866
0.0145329
0.0891581
0.0477388
0.0393778
0.1573047
0.1786600
0.0750743
0.0132637
-0.0672968
-0.1929482
-0.3006104
-0.4433348
-0.4598373
-0.3176492
0.1315318
0.6951509
1.0092244
0.7060798
0.1044837
-0.4824361
-0.6716745
-0.5829497
-0.2361622
-0.1533656
-0.0999125
0.0213059
0.1418746
0.0951777
0.1346188
0.1349027
0.1386070
0.1278065
0.0836592
0.0173569
0.0124210
-0.0650289
-0.0136267
-0.0125412
0.0190333
0.0168832
0.0393012
0.0236711
-0.0315802
-0.0425714
-0.0432723
-0.0024394
0.0659190
-0.0393679
0.0525646
0.0112864
0.0493649
-0.0760370
0.0500435
-0.0121678
0.0627534
-0.0354769
0.0632121
0.0651159
-0.0704425
-0.0564313
0.0045399
-0.0480151
0.0171655
-0.0029301
0.0457186
-0.0467509
-0.0401415
0.0435651
-0.0041641
0.1065263
0.0263164
0.0428475
0.0783646
-0.0297376
-0.0471375
-0.0887320
-0.0916923
0.0254664
-0.0065592
-0.0102927
0.0367525
0.0316194
0.0472805
-0.0092694
0.1423729
0.0763410
0.0459997
0.1648587
0.0414350
-0.0244492
-0.1258806
-0.1105392
-0.2258010
-0.3810124
-0.4805373
-0.3526405
0.0991762
0.6738498
1.0144618
0.8477614
0.2881626
-0.4408692
-0.6294178
-0.5689417
-0.2567370
-0.1411177
-0.0547214
-0.0339120
0.0831762
0.1268211
0.1924217
0.0737194
0.1777923
-0.0172115
-0.0279666
-0.0298498
-0.0761342
-0.0063270
-0.0560269
0.0175243
0.0418179
-0.0631770
-0.0825455
-0.0036767
0.0642074
-0.0139177
0.0594931
0.0899313
0.0168203
0.0742549
-0.0783986
0.0628967
-0.0179217
-0.0579971
0.0360635
-0.0089027
0.0091419
0.0453268
-0.0358458
-0.0420889
0.0247641
-0.0621261
0.0182271
0.0224168
0.0255285
-0.0228621
-0.0357642
0.0432375
0.0430905
-0.0214084
-0.0303871
-0.0120943
0.0847181
0.0678552
-0.0189181
-0.0595614
-0.0573821
-0.0168462
-0.0397647
-0.0690229
-0.0947910
-0.0630103
0.0066732
-0.0770609
0.0248248
-0.0214736
0.0885062
0.0557182
0.1362366
0.1219093
0.0699939
-0.0244400
0.0499973
-0.1689133
-0.0828596
-0.3244161
-0.3695557
-0.5371256
-0.3202594
0.1139256
0.6671370
1.0386379
0.6821262
0.1242952
-0.4875821
-0.6552333
-0.4448969
-0.2024084
-0.0819440
-0.0134071
0.0825207
0.0166480
0.0874741
0.0898450
0.1708562
0.1315263
0.0792577
0.0384130
0.0589617
-0.0331571
-0.0115210
-0.0366373
-0.0615677
0.0329033
-0.0615303
0.0158838
-0.0568488
-0.0611415
-0.0177470
0.0493601
0.0353854
0.0587026
0.0687894
0.0911289
-0.0574278
-0.0598824
-0.0805498
0.0550822
-0.0858306
0.0183167
0.0443109
0.0080491
-0.0268431
0.0617773
0.0554781
0.0342336
0.0445975
-0.0652710
-0.0116045
0.0139067
-0.0657796
0.0137499
-0.0029069
0.0576349
-0.0033351
0.0434469
-0.0179400
0.0661989
-0.0068690
0.0149944
-0.0089702
-0.0535265
-0.0413589
-0.1271603
-0.0692040
-0.0594936
-0.0144541
0.0672864
0.1388537
0.0865543
0.1385073
0.0817394
0.0786768
0.0240698
0.0187471
-0.0261624
-0.2124984
-0.2277813
-0.4285978
-0.4023299
-0.3312433
0.2536656
0.7871311
1.0374797
0.6020116
0.0946070
-0.4379101
-0.7174313
-0.4397175
-0.1510704
-0.1082928
-0.0478176
0.0753462
0.0469223
0.1246941
0.0799439
0.1431448
0.0957992
0.0861671
0.0494378
-0.0497508
0.0213235
-0.1359793
-0.1132881
-0.0297988
-0.0775314
-0.0684541
0.0597463
-0.0172184
0.0891599
0.0902457
0.0443180
-0.0318562
0.1044717
-0.0431586
0.0013032
0.0818292
-0.0571321
-0.0198993
-0.0888802
0.0037719
-0.0185782
-0.0298138
-0.0199935
-0.0576067
-0.0554975
-0.0782359
-0.0116207
-0.0704134
0.0227316
-0.0084675
0.0246291
0.0248338
0.0395520
0.0896669
0.0838081
0.1046740
0.0108135
0.0097117
0.0713900
-0.0799573
-0.0927928
0.0347344
0.0373774
-0.1213888
-0.0455866
-0.0420021
0.0325507
-0.0359102
-0.0380186
-0.0179347
0.0569630
0.0914109
0.0981794
0.1587469
0.0657305
0.0639298
-0.1041367
-0.0322000
-0.1622390
-0.2946595
-0.4856852
-0.4641582
-0.2448096
0.3972925
0.8123491
0.9174747
0.4990469
-0.0846442
-0.6310707
-0.6164764
-0.3814811
-0.1279260
0.0104108
-0.0498442
0.0380210
0.0724941
0.1623018
0.0950392
0.1300786
0.0305358
0.0278441
0.0139973
-0.0006006
-0.0190772
-0.0155598
-0.0499690
-0.0998865
-0.0425884
-0.0172211
0.0304006
-0.0202051
-0.0560887
0.0445326
-0.0415079
-0.0604775
0.0807797
0.0387316
-0.0052093
-0.0200683
0.0245442
-0.0257779
0.0203605
0.0636553
0.0109301
0.0414227
0.0483211
0.0315229
0.0582479
0.0329586
-0.0346325
-0.0305114
-0.0194908
0.0663528
0.0540118
0.0476805
0.0634516
0.0343281
-0.0505868
0.0554434
0.0399971
-0.0146271
-0.0379057
-0.0538210
-0.0869572
-0.1081033
-0.1362271
-0.0916452
-0.0065703
-0.0342105
-0.0415149
0.0664640
0.0837872
0.0481815
0.0880864
0.1068729
0.0566201
0.1166353
0.1130952
-0.1087418
-0.1209239
-0.2340132
-0.2855512
-0.3870584
-0.4473879
-0.2231969
0.2925592
0.7998859
0.9574966
0.5086223
-0.0281742
-0.4809674
-0.6169975
-0.4362143
-0.1688591
0.0470691
-0.0318125
-0.0282291
0.0784614
0.1265208
0.1328941
0.1050333
0.0857271
0.0561510
0.0535465
-0.0716611
-0.0361989
-0.0249065
-0.0204804
-0.0824614
-0.1064808
-0.0582243
-0.0097304
0.0455991
0.0106171
-0.0316312
0.0304949
0.0282213
-0.0320663
-0.0250545
0.0024964
-0.0362821
-0.0235483
0.0610241
-0.0639999
0.0551431
0.0682147
0.0089929
-0.0094173
0.0479002
-0.0147981
-0.0015782
-0.0567060
-0.0063852
0.0111111
0.0785856
-0.0678508
-0.0001730
-0.0263272
0.1046029
0.0956603
0.0930143
-0.0270984
-0.0685823
0.0347194
-0.0291646
-0.0923645
-0.0113847
-0.1056358
-0.1227712
0.0033267
-0.0303470
0.0452448
0.0666094
-0.0330781
-0.0181397
0.0085649
0.0514903
0.1738385
0.0859038
0.1437494
-0.0131805
0.0023958
-0.1306532
-0.1192915
-0.3930937
-0.4604263
-0.3173679
-0.0142828
0.5235084
0.9306420
0.8613622
0.3303186
-0.3059104
-0.5522401
-0.5728977
-0.3533652
-0.0142124
-0.0810042
0.0019247
-0.0126130
0.1228505
0.1449294
0.1674907
0.0256107
0.0327216
0.1054159
-0.0537681
0.0085661
-0.1401651
-0.0115612
-0.0270508
-0.0811157
-0.0205836
-0.0759604
-0.0162656
-0.0258203
0.0516057
0.0056969
0.0708220
0.0485814
0.0220946
0.0847886
0.0581091
0.0465578
-0.0204062
0.0402317
0.0067393
0.0648700
0.0304721
-0.0519555
0.0517866
-0.0342194
0.0332992
-0.0080010
-0.0684692
-0.0959798
0.0238182
0.0772814
0.0185810
-0.0408742
0.0457084
0.0059513
0.0929357
-0.0242387
0.0547555
0.0372482
0.0351459
-0.0455755
-0.0034457
-0.1018339
-0.0148321
-0.1075297
-0.0288426
-0.0511880
0.0021387
0.0383997
0.0300093
0.1453413
0.1817743
0.0766114
0.1412418
0.1666205
0.0195874
-0.0238042
-0.1183430
-0.1848792
-0.3105680
-0.4473223
-0.4011011
-0.0175457
0.4391679
0.8844614
0.8632532
0.3345044
-0.2113967
-0.6589730
-0.5134604
-0.2290345
-0.0402492
0.0083911
0.0471669
0.1150860
0.0830517
0.2251511
0.1038256
0.0266942
0.1134740
0.0146018
-0.0125876
-0.0455158
-0.0973666
-0.0868483
-0.0734205
-0.0303340
-0.0752604
0.0626215
-0.0723015
0.0717674
0.0402840
0.0359346
0.0202846
-0.0425249
-0.0001622
-0.0262196
0.0512258
-0.0546785
-0.0330929
-0.0564587
-0.0795865
-0.0103193
-0.0684984
-0.0487343
0.0491342
-0.0700304
-0.0763207
0.0143470
0.0295025
0.0383733
-0.0040916
0.0582015
-0.0519898
0.0740416
0.0824886
-0.0065476
-0.0054378
0.0604962
0.1014187
-0.0451038
-0.0247671
0.0759331
0.0100963
-0.0522913
-0.0933371
-0.0565371
-0.0203506
0.0279414
0.0487159
-0.0806867
-0.0080936
0.0005947
0.0533527
0.1436627
0.0478831
0.0888973
0.0397214
-0.0677487
-0.1215844
-0.0922789
-0.1424470
-0.2973320
-0.4435560
-0.4276170
-0.0007674
0.5955692
0.9740915
0.8323718
0.1447000
-0.4226578
-0.6009442
-0.5625868
-0.2050719
-0.0489993
-0.0384735
-0.0594994
0.0603137
0.1378847
0.1976260
0.0446097
0.1515727
0.1044783
0.0781221
0.0101151
-0.0569983
-0.0983460
-0.0915601
-0.0687015
-0.0097998
-0.0903741
-0.0214481
0.0295632
-0.0413272
-0.0481726
0.0330011
0.0386794
0.1025335
-0.0139542
-0.0274285
-0.0527074
0.0678114
-0.0639777
-0.0757254
-0.0174513
0.0439396
-0.0461367
-0.0750669
-0.0799605
0.0133740
-0.0336128
-0.0101545
0.0628119
0.0274186
0.0665639
-0.0478029
-0.0531138
0.0292183
-0.0105744
-0.0104197
0.0374412
-0.0231396
0.0871066
0.0381614
-0.0574450
0.0069332
-0.1140456
-0.0394645
-0.0227963
-0.0071850
-0.1193525
-0.0556530
-0.0896395
0.0137205
-0.0270838
0.0169233
0.1548600
0.1639631
0.0854748
0.0246272
0.0128006
-0.0836880
