-0.0202317
-0.0046110
0.0034653
-0.0065232
-0.0112639
0.0198455
-0.0016858
-0.0129711
-0.0045362
0.0232620
0.0224044
-0.0135926
-0.0203867
-0.0038999
0.0155236
0.0140540
0.0061871
0.0192725
0.0242747
0.0147745
-0.0026956
-0.0149239
0.0168532
-0.0052553
0.0181591
0.0257686
0.0016549
0.0034930
0.0148026
-0.0148587
-0.0099795
-0.0053595
0.0073111
-0.0111829
0.0255173
0.0241264
0.0196449
0.0143824
-0.0047894
0.0199823
0.0145474
0.0101668
0.0235646
-0.0230695
0.0197505
-0.0067396
-0.0053684
-0.0143915
-0.0061767
0.0190229
0.0111415
-0.0024620
-0.0310615
-0.0038621
-0.0137572
0.0096798
-0.0120544
0.0175289
-0.0132456
0.0018783
-0.0194340
0.0184859
-0.0146214
-0.0144173
0.0187129
0.0050155
-0.0081689
0.0112742
0.0027939
-0.0098533
-0.0235401
-0.0069868
0.0220595
-0.0085745
-0.0066419
0.0199396
-0.0030416
-0.0184185
0.0201583
-0.0142989
0.0251169
0.0226021
-0.0099024
-0.0230442
-0.0124781
-0.0346048
0.0051763
-0.0059599
-0.0176098
0.0265688
-0.0076325
0.0110590
0.0375741
0.0203365
0.0384503
0.0274276
-0.0221683
-0.0471773
-0.0427039
-0.0480179
-0.1107981
-0.0826139
-0.0461100
0.0608432
0.1805566
0.1876903
0.0689433
-0.0352532
-0.1308245
-0.1094008
-0.0448474
0.0087648
-0.0027623
-0.0052200
-0.0342530
-0.0159754
-0.0035938
0.0165338
0.0212957
-0.0086707
-0.0029811
0.0013957
-0.0132503
-0.0043775
-0.0160965
0.0160814
-0.0289050
-0.0279224
-0.0323401
0.0180047
0.0184812
-0.0141127
0.0127085
-0.0036114
-0.0249674
-0.0076772
0.0260637
-0.0045811
-0.0003959
0.0030421
-0.0179012
0.0025600
-0.0173350
0.0036825
-0.0204089
-0.0006006
0.0061353
-0.0055089
0.0027234
-0.0091147
-0.0037202
-0.0120111
0.0160986
0.0212777
0.0085238
0.0129759
0.0148393
-0.0070352
0.0086195
0.0123411
0.0022475
-0.0213572
0.0203209
0.0032805
0.0247460
-0.0080253
-0.0023178
-0.0021135
0.0273239
-0.0202662
0.0056042
0.0021127
0.0060991
-0.0148123
-0.0147270
-0.0099191
-0.0047172
0.0077396
0.0258826
0.0087043
0.0246428
0.0072050
-0.0030154
-0.0001190
-0.0164846
-0.0239550
-0.0008224
-0.0255737
-0.0138385
0.0198769
0.0184988
-0.0045139
0.0096726
0.0154710
0.0054187
-0.0033950
0.0024877
-0.0128956
0.0185252
-0.0201009
-0.0153121
0.0117744
-0.0123418
0.0137233
0.0268687
0.0165941
-0.0237993
0.0131263
-0.0090782
-0.0047839
0.0188060
0.0017619
0.0113288
0.0062606
0.0115324
0.0062568
-0.0141700
-0.0184958
0.0224524
0.0088491
0.0144936
-0.0030362
0.0052023
0.0133663
0.0089387
-0.0001772
0.0111909
-0.0049640
-0.0063054
0.0160646
-0.0208642
-0.0176645
0.0081657
0.0194382
0.0085678
0.0087960
-0.0084224
-0.0018715
-0.0093500
-0.0139278
0.0156058
-0.0007753
-0.0268873
-0.0009626
-0.0038032
0.0293581
-0.0148090
-0.0162207
-0.0059447
0.0159822
0.0085120
0.0134262
0.0060450
0.0262673
0.0055489
-0.0038786
0.0127029
-0.0122310
0.0012306
0.0183197
0.0014912
0.0130093
0.0176054
-0.0096535
-0.0119895
-0.0058601
0.0160722
0.0112279
0.0245038
-0.0118242
0.0134433
-0.0101915
0.0210787
0.0256664
-0.0100815
-0.0016006
-0.0230364
-0.0243602
0.0164924
-0.0067326
-0.0168899
0.0169121
-0.0222473
-0.0020977
0.0062534
-0.0161491
0.0220618
0.0042437
-0.0232491
0.0135374
0.0124419
-0.0155269
-0.0198092
0.0210300
0.0114756
-0.0273852
0.0124844
0.0223758
0.0077452
0.0098382
0.0249748
0.0062084
-0.0194211
0.0096781
0.0076925
0.0280039
0.0203449
0.0063915
0.0081794
0.0099594
-0.0026710
-0.0103250
0.0067358
0.0052138
-0.0245429
-0.0068304
0.0110398
-0.0140867
-0.0012168
0.0090786
-0.0189749
0.0192977
0.0090729
0.0311119
-0.0189581
0.0147467
-0.0138968
-0.0025010
0.0091445
-0.0161423
-0.0209430
0.0050221
0.0058262
0.0050012
-0.0037573
0.0129836
0.0118272
0.0234750
0.0016700
-0.0001407
-0.0138616
-0.0212414
-0.0285867
-0.0052840
-0.0255420
-0.0329806
-0.0028768
-0.0236850
0.0025941
0.0170395
0.0136221
0.0330158
0.0200812
0.0084662
0.0412634
0.0446720
0.0352926
0.0173680
-0.0367994
-0.0609283
-0.0681732
-0.0927290
-0.1054644
-0.1060918
0.0349391
0.1389663
0.2313532
0.1811091
0.0154038
-0.1216264
-0.1342868
-0.0819434
-0.0206148
0.0077729
-0.0065511
-0.0288974
-0.0057146
0.0284567
0.0478243
0.0336944
-0.0010491
-0.0061160
0.0259122
-0.0147200
0.0091685
0.0065166
-0.0119887
-0.0086121
-0.0291156
-0.0100532
0.0108907
-0.0142951
-0.0109766
0.0034049
0.0251072
0.0078641
0.0219350
0.0172548
-0.0121177
0.0078280
0.0246004
-0.0215008
0.0165725
-0.0105495
-0.0190530
-0.0058560
0.0158421
-0.0109988
0.0028459
-0.0217955
-0.0121239
-0.0074405
0.0212101
0.0137286
-0.0137927
0.0100459
-0.0039191
0.0108617
0.0081539
-0.0089437
-0.0209694
0.0003069
0.0099569
0.0113774
-0.0007087
0.0047366
-0.0075956
-0.0130893
0.0088124
-0.0102516
0.0051585
-0.0103788
0.0217344
0.0011263
0.0206624
-0.0144827
-0.0229834
0.0149734
0.0155775
0.0080701
-0.0091359
0.0075466
0.0134675
-0.0100224
0.0000436
-0.0206928
-0.0106005
-0.0054362
-0.0084476
-0.0095196
0.0051853
0.0003871
-0.0174706
0.0108429
0.0004385
-0.0045159
0.0135113
-0.0199952
-0.0065368
-0.0144179
0.0012955
-0.0181327
0.0116753
0.0150394
0.0010419
0.0051789
-0.0154554
-0.0185399
-0.0219425
0.0118898
-0.0205344
0.0126681
0.0020896
0.0008195
-0.0079569
-0.0184013
-0.0291129
-0.0222717
-0.0092841
0.0190892
-0.0176567
0.0184617
-0.0163082
0.0142741
0.0141114
-0.0165875
0.0034547
0.0139236
-0.0081743
-0.0130353
0.0069953
-0.0243328
0.0198034
0.0230342
-0.0102893
-0.0074783
0.0073879
0.0182335
-0.0165965
-0.0186139
0.0108326
-0.0102023
-0.0173988
-0.0151945
0.0170874
-0.0150345
-0.0177881
0.0119178
-0.0213488
0.0078990
0.0017748
0.0113218
-0.0149960
-0.0099776
-0.0168418
0.0089599
0.0175707
-0.0082846
-0.0304543
0.0082775
-0.0220237
-0.0017241
-0.0080044
-0.0044597
-0.0123040
0.0179837
0.0051612
-0.0004469
-0.0113600
-0.0191622
-0.0216547
-0.0036645
0.0068042
0.0109776
0.0117781
-0.0241168
-0.0026905
-0.0112148
0.0007556
-0.0051416
0.0101906
0.0301968
0.0054719
0.0018111
0.0170329
0.0075052
-0.0239443
-0.0049323
0.0212396
0.0073497
-0.0162695
0.0179450
-0.0037132
-0.0108435
-0.0153151
0.0120617
0.0217626
0.0098126
0.0025694
0.0174863
-0.0060482
0.0019158
-0.0231455
0.0146439
0.0209830
0.0186378
0.0069151
-0.0221142
-0.0096873
-0.0016671
0.0231759
-0.0065678
0.0335683
0.0093811
0.0116482
-0.0224509
-0.0024905
-0.0211066
-0.0025888
0.0048246
0.0213219
0.0152454
0.0143769
-0.0254311
-0.0129661
0.0126750
-0.0017313
0.0257673
0.0148742
0.0273426
-0.0006494
-0.0150019
-0.0023873
0.0159953
-0.0195606
-0.0267944
0.0102972
-0.0185349
-0.0012359
-0.0163363
-0.0210547
-0.0089033
0.0278699
0.0076830
0.0321356
0.0118804
0.0120739
-0.0058660
-0.0007271
0.0020947
-0.0143857
0.0023855
-0.0368098
-0.0144375
-0.0266280
0.0028873
-0.0196825
0.0057760
-0.0078444
0.0069487
0.0272566
0.0389297
0.0461054
0.0521573
0.0434918
-0.0024241
-0.0094367
-0.0179065
-0.0675793
-0.1243452
-0.1585131
-0.1009006
0.0211235
0.2201891
0.2788901
0.1680721
-0.0039401
-0.1257466
-0.1658722
-0.1057679
-0.0179775
0.0043070
-0.0083317
-0.0232056
-0.0002342
0.0039354
0.0385014
0.0344086
0.0237529
0.0013013
0.0376283
0.0093139
-0.0144538
-0.0249606
-0.0098552
-0.0408485
-0.0094598
-0.0222193
-0.0207129
0.0237547
-0.0075966
-0.0176292
0.0265586
0.0276766
-0.0004745
0.0314964
-0.0049049
-0.0126467
0.0153954
0.0100643
-0.0199002
0.0206179
0.0050249
0.0038031
0.0147760
-0.0257539
-0.0058566
0.0070579
-0.0025431
-0.0108084
-0.0052375
-0.0167515
-0.0184361
0.0033086
0.0168510
0.0098433
-0.0056837
-0.0086381
-0.0253564
0.0112964
-0.0140977
0.0264107
0.0070203
0.0038845
0.0155342
-0.0229547
0.0036313
0.0249141
0.0151290
-0.0140511
-0.0223970
0.0131817
-0.0067152
-0.0079647
-0.0096204
0.0064037
-0.0098513
-0.0177204
-0.0179422
0.0067077
-0.0218626
0.0206828
0.0132493
-0.0123095
0.0209420
0.0092166
-0.0145345
-0.0119661
-0.0101092
-0.0150477
0.0197996
0.0278903
0.0013769
0.0101686
0.0064855
0.0084764
0.0155020
-0.0154448
0.0285100
-0.0105536
-0.0211354
-0.0287502
-0.0250345
-0.0243398
0.0002801
-0.0144582
0.0164483
-0.0109489
0.0136439
-0.0161227
-0.0043380
0.0217688
-0.0052459
-0.0169563
0.0103131
0.0002803
-0.0073841
-0.0191469
0.0100526
0.0145471
-0.0224445
0.0001306
0.0275916
0.0300611
-0.0061152
-0.0314264
-0.0327618
-0.0186557
0.0086637
-0.0142069
0.0235975
-0.0029526
0.0104955
0.0133086
-0.0107247
0.0124314
-0.0121405
0.0068058
0.0037481
0.0079786
-0.0001805
-0.0149118
-0.0067478
0.0147940
-0.0098757
-0.0039784
-0.0183055
0.0093068
-0.0186175
0.0036701
0.0067339
0.0005848
0.0065569
-0.0169359
-0.0064539
0.0024440
-0.0179703
-0.0220223
-0.0015802
0.0140143
0.0076084
-0.0109810
0.0109807
0.0085868
-0.0042324
0.0055685
-0.0167262
0.0162268
-0.0099994
-0.0036624
-0.0039421
-0.0192860
0.0201543
-0.0155739
0.0024705
-0.0071938
0.0038632
0.0205125
0.0166628
0.0095395
-0.0273315
-0.0331564
-0.0006744
-0.0091037
0.0151370
-0.0145280
-0.0196702
-0.0252680
-0.0169467
0.0294322
0.0192000
0.0158807
0.0176930
0.0208513
0.0090546
-0.0104370
0.0122098
0.0073394
-0.0007658
-0.0109344
-0.0209677
-0.0072811
0.0226687
0.0135897
0.0028978
0.0045289
0.0183254
0.0207853
0.0015256
0.0137739
-0.0138312
0.0100949
0.0048198
-0.0151567
0.0250647
0.0092153
0.0102984
0.0151789
-0.0078852
0.0127222
-0.0026370
-0.0072638
0.0218306
-0.0136998
-0.0215107
-0.0278331
-0.0145033
0.0157297
0.0260283
0.0046054
-0.0257217
0.0136668
-0.0253926
0.0180993
-0.0000974
0.0115217
-0.0156217
-0.0186788
0.0149763
0.0239093
0.0117213
-0.0243032
0.0136617
-0.0132112
-0.0189627
-0.0032153
0.0011826
0.0262936
0.0278655
-0.0093831
0.0029663
0.0104244
-0.0024289
-0.0101529
-0.0030049
-0.0090747
0.0078536
0.0003065
-0.0347803
0.0047909
-0.0280475
0.0053462
-0.0231258
0.0229082
0.0308100
0.0329995
0.0201598
0.0477379
0.0551313
0.0515594
-0.0063482
-0.0227942
-0.0488122
-0.0708771
-0.1323919
-0.1422983
-0.1098613
0.0480397
0.1873145
0.2992168
0.2174099
0.0408869
-0.1321886
-0.1912604
-0.1389038
-0.0570592
0.0004205
-0.0280137
-0.0124854
0.0172591
0.0330434
0.0116871
0.0273913
0.0346461
0.0174519
0.0209380
-0.0098792
0.0034892
-0.0153147
0.0025883
-0.0357373
0.0038399
-0.0003098
0.0183322
-0.0185686
-0.0215171
-0.0054598
-0.0177124
0.0282289
0.0152525
-0.0184920
-0.0240353
0.0216306
-0.0008888
-0.0043441
0.0106057
-0.0095075
0.0002854
-0.0082712
-0.0269958
-0.0332915
-0.0032189
0.0179801
0.0249223
0.0172118
0.0062954
0.0163248
0.0018128
-0.0178113
-0.0019800
-0.0108093
0.0081535
0.0145746
0.0285541
0.0199885
0.0022575
0.0134426
-0.0025018
0.0034236
0.0219946
-0.0088820
-0.0030110
0.0239330
0.0103524
0.0200025
0.0036714
-0.0147480
0.0098228
-0.0146283
0.0043894
0.0226960
-0.0131661
-0.0116619
-0.0222219
0.0015326
-0.0101039
0.0100643
0.0141637
-0.0223015
0.0136643
0.0197345
0.0046768
0.0065920
0.0149968
0.0145966
0.0049009
0.0184630
0.0075733
-0.0106524
0.0208289
0.0001944
0.0007309
0.0214117
0.0228132
-0.0061058
0.0060692
0.0090884
0.0167720
-0.0025618
-0.0074329
-0.0229549
0.0165473
-0.0152545
0.0023487
-0.0102073
0.0047697
-0.0050952
0.0220058
0.0252213
0.0105542
0.0021878
-0.0189101
-0.0156531
-0.0025157
-0.0000125
0.0142608
-0.0192604
0.0226323
0.0071456
-0.0078924
-0.0169531
-0.0092986
0.0044310
-0.0127345
-0.0200858
0.0144465
-0.0167992
0.0090585
-0.0116923
-0.0232158
-0.0037112
0.0052400
0.0005749
0.0211621
-0.0216870
0.0030773
0.0035660
-0.0070825
-0.0188285
-0.0184670
0.0242844
-0.0053317
0.0002359
-0.0154251
-0.0066114
0.0115427
0.0051694
-0.0144723
0.0187534
-0.0021403
0.0094330
-0.0079597
0.0204883
0.0003015
-0.0152897
-0.0100159
0.0031552
0.0089301
-0.0076275
-0.0140874
0.0211126
-0.0192955
0.0143682
-0.0265266
0.0072357
0.0255799
0.0128598
0.0162411
-0.0075736
-0.0162531
0.0001246
0.0136879
-0.0108826
-0.0064558
-0.0134558
-0.0091048
-0.0105504
-0.0212764
-0.0169544
-0.0118976
0.0072341
0.0010762
-0.0187831
-0.0047451
0.0203782
0.0220179
0.0057177
-0.0199216
0.0098787
0.0180373
-0.0131944
0.0157779
-0.0093279
-0.0246851
-0.0034913
-0.0139371
0.0144532
0.0163813
-0.0178775
0.0177332
-0.0262406
0.0198573
-0.0164647
-0.0226728
0.0099908
-0.0336130
-0.0288860
0.0284044
-0.0063247
0.0043521
-0.0093037
0.0163538
0.0307080
0.0019317
0.0264563
0.0204423
0.0227011
0.0124633
-0.0077249
0.0094175
-0.0366932
-0.0206619
-0.0044817
-0.0061324
-0.0168285
0.0005184
-0.0018666
0.0439576
0.0144326
0.0237461
0.0525968
0.0379311
0.0322316
0.0182874
-0.0321701
-0.0685261
-0.0846103
-0.1596058
-0.1669182
-0.0577608
0.1270217
0.2629336
0.2741822
0.1483340
-0.0423673
-0.1487802
-0.1501973
-0.1115321
-0.0085415
0.0029880
-0.0157730
0.0180506
0.0205318
0.0336566
0.0073282
0.0374094
-0.0088672
0.0252448
0.0172028
-0.0124273
-0.0110931
-0.0069721
-0.0323477
-0.0263345
-0.0235292
-0.0092066
-0.0116717
-0.0239825
-0.0147355
-0.0092548
0.0068318
0.0195277
-0.0014385
-0.0009789
0.0096513
0.0065743
-0.0055759
-0.0041329
0.0282247
0.0248998
-0.0130470
-0.0331209
-0.0266193
-0.0082118
0.0176092
0.0054108
-0.0055813
0.0094842
0.0020052
0.0153286
-0.0015281
-0.0242182
-0.0139271
-0.0222384
-0.0173823
0.0009636
-0.0117367
-0.0070856
-0.0124635
-0.0261511
0.0091532
-0.0055511
0.0164758
0.0127978
-0.0265919
-0.0244057
0.0246424
0.0074317
-0.0035398
0.0013426
0.0079723
0.0167336
-0.0176752
-0.0045069
-0.0208449
0.0070986
0.0137734
0.0222325
0.0077253
0.0104069
-0.0013628
0.0199902
0.0131423
-0.0016571
-0.0240292
-0.0061301
-0.0016064
0.0203174
0.0004647
0.0120646
-0.0005900
-0.0161313
0.0012342
0.0106692
0.0243698
0.0191817
0.0138678
-0.0237136
-0.0211881
-0.0065039
