-0.0250832
-0.0041006
0.0028697
-0.0121732
-0.0043942
-0.0104513
-0.0176470
0.0070427
0.0294591
0.0083597
0.0280057
0.0124788
0.0142366
-0.0154371
0.0223368
-0.0116828
-0.0029644
0.0115631
-0.0217863
-0.0176869
-0.0306839
-0.0066582
-0.0174351
-0.0245652
-0.0013848
-0.0115431
-0.0093617
-0.0194659
0.0014896
-0.0004885
-0.0310191
0.0161724
0.0060523
-0.0035700
0.0246048
-0.0189513
-0.0235456
0.0132047
0.0176349
-0.0111928
-0.0137619
0.0277374
-0.0166414
0.0035131
0.0197752
-0.0165850
0.0101287
-0.0042121
0.0160623
-0.0294424
-0.0132111
-0.0275780
0.0242247
-0.0236381
0.0190064
-0.0017413
0.0115591
-0.0139949
-0.0008806
-0.0097553
-0.0108747
0.0039173
-0.0215852
-0.0075821
-0.0238930
-0.0025493
-0.0255621
-0.0177965
-0.0112956
-0.0173975
0.0033923
0.0168129
0.0342097
0.0087738
0.0065073
-0.0170527
0.0310496
-0.0109869
-0.0152599
0.0127821
-0.0199378
0.0122733
0.0003817
0.0159023
-0.0261579
-0.0343743
0.0053458
0.0190284
-0.0100369
0.0059245
0.0385930
0.0175422
-0.0152687
0.0460790
0.0800066
0.0340139
-0.0312058
-0.0886469
-0.0909834
-0.0363366
0.0170230
0.0407801
0.0496131
0.0131871
0.0014615
0.0318504
0.0233698
0.0095078
-0.0371022
-0.0391308
-0.0206934
-0.0019470
0.0004019
-0.0060146
0.0029620
0.0249025
-0.0022826
-0.0063182
0.0201356
0.0208406
0.0100388
-0.0045446
-0.0137972
-0.0000958
-0.0142045
-0.0096656
-0.0077035
0.0000786
-0.0151902
-0.0026986
-0.0301368
0.0252764
0.0072766
-0.0070098
-0.0028851
-0.0140947
-0.0019801
-0.0050132
0.0191077
0.0113538
-0.0042156
-0.0242376
-0.0140235
-0.0252693
-0.0179754
0.0134948
0.0108077
0.0040004
0.0071158
0.0184113
0.0164615
-0.0085844
0.0001506
0.0000017
0.0242524
0.0253184
0.0257443
0.0009659
0.0206931
0.0103759
0.0120170
0.0209217
0.0005138
-0.0007381
-0.0130310
-0.0107783
-0.0236503
-0.0157598
-0.0225904
0.0080696
-0.0076405
-0.0107407
-0.0228349
0.0098881
0.0179299
-0.0211885
-0.0072883
-0.0230690
0.0024180
-0.0208770
0.0190565
-0.0219642
0.0236864
0.0000487
-0.0153849
0.0073159
0.0100385
0.0148686
-0.0146087
0.0142916
-0.0032567
-0.0318241
-0.0134037
0.0108264
0.0121166
0.0269475
-0.0094533
0.0176559
-0.0152110
0.0001903
-0.0053291
0.0233581
0.0198189
0.0222492
-0.0079217
0.0263139
-0.0140992
-0.0155831
-0.0043826
0.0184180
-0.0011639
-0.0077570
0.0022288
-0.0183219
-0.0163175
0.0041338
-0.0280249
0.0021957
-0.0278834
0.0263439
-0.0223415
0.0103830
0.0176463
-0.0085685
-0.0227406
0.0202110
-0.0157655
-0.0032896
0.0233968
0.0121469
-0.0283929
0.0011824
-0.0123522
0.0156612
-0.0009296
0.0237602
0.0234157
-0.0198468
-0.0051191
-0.0266097
-0.0186783
0.0207943
-0.0085856
0.0173611
-0.0176810
-0.0044247
-0.0171684
-0.0286629
0.0163931
-0.0130479
-0.0072595
-0.0136360
-0.0056333
0.0016795
-0.0213705
-0.0110996
0.0021256
0.0221430
-0.0211572
-0.0067042
-0.0281686
0.0219936
-0.0175920
0.0170901
0.0168284
0.0191046
-0.0028078
-0.0241543
-0.0283815
-0.0033691
-0.0082365
0.0058316
-0.0093357
-0.0163688
0.0213089
0.0084724
-0.0100195
-0.0301054
-0.0104741
0.0002272
0.0101140
-0.0012882
0.0200172
0.0201711
0.0019141
0.0083566
0.0076174
0.0082532
-0.0197807
0.0299497
-0.0115980
0.0082996
-0.0082029
-0.0225740
0.0134020
-0.0204472
-0.0162569
0.0133785
0.0108675
-0.0210108
-0.0086084
-0.0105893
0.0118972
0.0003047
0.0177740
-0.0133470
0.0196363
0.0131067
-0.0071068
0.0119456
0.0239734
0.0225232
-0.0178335
0.0025581
-0.0183529
0.0039349
0.0007797
-0.0127928
-0.0276416
-0.0170414
-0.0268288
-0.0213922
0.0141018
-0.0208834
0.0173218
0.0070183
-0.0024050
0.0077222
-0.0046354
-0.0267288
0.0204095
-0.0133849
-0.0126438
-0.0029029
0.0201333
0.0097331
-0.0229393
0.0022319
0.0296427
-0.0100122
-0.0196285
0.0002595
-0.0023238
0.0069505
-0.0089478
0.0097922
0.0120321
-0.0143240
0.0168630
-0.0115980
-0.0012338
0.0083022
-0.0070884
0.0204638
-0.0031033
0.0103146
0.0055755
-0.0136047
-0.0064685
0.0228301
-0.0151359
0.0182115
0.0099796
0.0030436
-0.0114070
-0.0286285
-0.0270095
-0.0240498
-0.0027249
-0.0118680
0.0030508
-0.0057699
-0.0016093
0.0426020
0.0208741
0.0602850
0.0359551
0.0396733
0.0178210
-0.0504283
-0.0643414
-0.0752868
-0.0884977
-0.1237904
-0.0947389
0.0518331
0.1599815
0.2524205
0.1854700
0.0002024
-0.1487492
-0.2163511
-0.1354144
-0.0357509
-0.0127156
0.0163458
-0.0125930
0.0125544
0.0582181
0.0485938
0.0528329
0.0239296
0.0324268
-0.0110052
-0.0316617
-0.0123248
-0.0326728
0.0001712
-0.0024708
-0.0371990
-0.0108002
0.0117903
-0.0003628
-0.0022239
0.0163492
-0.0138009
0.0264809
0.0153537
-0.0038284
0.0036364
0.0043656
-0.0028346
-0.0044914
-0.0109628
0.0130845
0.0274474
-0.0089590
-0.0006221
0.0072261
0.0175200
-0.0099812
0.0220589
0.0122546
0.0036438
-0.0166469
-0.0232876
-0.0050880
0.0125444
-0.0112514
-0.0080441
-0.0268652
0.0049004
-0.0011927
0.0032034
-0.0145302
-0.0044781
-0.0049489
-0.0171850
-0.0042948
-0.0075029
-0.0038718
-0.0269615
-0.0047555
-0.0100603
0.0255292
0.0233456
-0.0234572
0.0206409
-0.0293867
0.0253771
-0.0214890
-0.0125423
0.0250823
-0.0053265
-0.0018987
-0.0176977
0.0216175
-0.0059850
0.0208032
0.0075470
-0.0003267
0.0287721
-0.0071215
-0.0138509
0.0183698
0.0033164
0.0101112
-0.0060030
0.0019466
0.0077310
0.0263064
0.0295766
-0.0021523
0.0274378
0.0219812
0.0133205
-0.0218749
-0.0051158
-0.0092185
-0.0155012
0.0007067
-0.0153065
0.0287775
0.0111840
-0.0259462
-0.0099554
-0.0264621
-0.0066481
-0.0228591
0.0174946
0.0010703
-0.0001608
-0.0171589
0.0084497
0.0103986
0.0048571
-0.0218010
0.0112198
-0.0296153
0.0022632
0.0058878
-0.0180402
0.0034614
-0.0225156
0.0031425
-0.0083740
-0.0287996
-0.0013641
0.0098436
-0.0031166
0.0088505
-0.0273937
-0.0062007
-0.0071402
-0.0146567
-0.0006417
0.0080163
0.0156070
0.0129180
0.0057600
0.0035212
0.0062217
-0.0043507
-0.0139615
-0.0178603
-0.0145678
0.0051473
-0.0116893
-0.0148022
-0.0015978
-0.0236637
0.0004059
-0.0176758
-0.0134711
-0.0046007
0.0125162
0.0222681
-0.0209943
0.0063153
0.0276369
0.0217367
-0.0248387
-0.0048625
-0.0082699
0.0024344
0.0042385
0.0199014
-0.0014855
0.0063252
0.0188403
-0.0186936
-0.0151366
0.0035723
0.0089192
0.0185898
0.0135616
-0.0085981
-0.0142254
0.0173504
0.0005837
-0.0067023
-0.0000317
-0.0190167
-0.0074839
-0.0208610
0.0125202
0.0034484
0.0076015
-0.0134610
-0.0037074
0.0253633
0.0211504
-0.0231738
0.0057371
0.0172892
-0.0220095
-0.0217307
-0.0308309
-0.0175798
-0.0041740
0.0173429
0.0276411
0.0263505
0.0170432
-0.0085578
-0.0001199
0.0246510
-0.0204729
0.0043624
0.0132469
-0.0047827
-0.0250246
0.0211182
0.0194147
0.0229031
0.0093651
0.0237202
-0.0133367
0.0253209
-0.0076822
0.0017852
0.0078501
0.0190720
0.0130234
-0.0051379
0.0179807
-0.0242489
-0.0002602
0.0298198
0.0203263
-0.0130948
-0.0072237
-0.0086922
-0.0051887
0.0185431
-0.0097780
0.0033478
-0.0307770
0.0199480
-0.0047541
-0.0180454
-0.0079596
0.0164226
0.0286128
0.0186134
-0.0044196
-0.0050875
-0.0033440
0.0090246
-0.0315837
-0.0272979
-0.0032772
-0.0127266
0.0131815
0.0089738
-0.0085029
-0.0128915
0.0043951
-0.0087893
0.0148806
0.0042639
0.0308401
0.0316651
0.0447486
0.0140727
-0.0088660
0.0000685
-0.0435597
-0.0477981
-0.0750309
-0.1025389
-0.0596457
-0.0034867
0.1068001
0.2280716
0.2520143
0.0791202
-0.0769824
-0.1752028
-0.1936037
-0.0830948
0.0013334
0.0240064
0.0221975
0.0319527
0.0563412
0.0142822
0.0482282
0.0440231
0.0011748
-0.0027023
0.0205591
-0.0263888
-0.0128198
-0.0089285
-0.0078561
-0.0145326
-0.0177723
-0.0239558
0.0063025
-0.0071176
-0.0130210
-0.0131155
0.0051911
-0.0137136
0.0192056
-0.0154320
-0.0149138
0.0074723
0.0094660
-0.0283722
-0.0356901
0.0155906
-0.0236492
0.0019356
-0.0231884
-0.0179258
-0.0232209
-0.0102453
0.0172527
0.0064978
0.0010444
-0.0259309
-0.0101499
-0.0100883
0.0054227
-0.0213113
0.0016104
0.0252193
-0.0054349
-0.0166248
-0.0075316
-0.0242379
-0.0244354
-0.0171261
-0.0023336
0.0069164
0.0043213
-0.0250476
-0.0123974
-0.0143028
-0.0140174
-0.0035413
0.0187538
0.0141300
-0.0068398
0.0176199
0.0186492
-0.0221291
-0.0107441
-0.0058466
0.0011756
0.0054623
-0.0262984
0.0022937
-0.0128274
-0.0160509
0.0165971
0.0093910
-0.0057610
0.0166556
-0.0163055
0.0250870
-0.0078241
-0.0169513
-0.0037031
-0.0261783
0.0222917
-0.0042257
0.0177390
-0.0033685
-0.0133586
-0.0151205
0.0019643
0.0277022
-0.0025832
0.0243901
0.0092784
-0.0271049
-0.0333435
-0.0032541
0.0091102
0.0020139
-0.0160332
0.0244597
-0.0163206
0.0108908
0.0104129
0.0201421
0.0354963
0.0209983
-0.0199255
0.0042958
-0.0152672
-0.0046308
0.0324137
-0.0084369
-0.0027190
0.0209155
-0.0166961
0.0104038
0.0158160
0.0225583
0.0291825
0.0092902
-0.0107379
0.0214005
-0.0250308
0.0086179
-0.0186786
0.0139946
0.0011312
-0.0018294
-0.0038882
0.0227033
-0.0034777
-0.0138779
-0.0100233
-0.0086293
0.0124453
0.0175461
-0.0233629
-0.0256792
-0.0046750
-0.0057106
0.0072798
0.0009816
-0.0157415
-0.0252990
0.0098840
0.0080733
-0.0106377
-0.0179141
-0.0273355
-0.0303561
0.0080407
0.0224521
-0.0135454
0.0152399
0.0176784
0.0247600
-0.0072853
-0.0104709
-0.0068381
-0.0121372
-0.0161746
-0.0042503
0.0212293
0.0061205
-0.0170880
0.0008882
0.0239059
0.0079675
0.0305695
-0.0067538
0.0038242
-0.0043723
0.0044126
0.0206177
-0.0095852
0.0089436
0.0012345
0.0185863
0.0175733
0.0158090
-0.0235652
-0.0093765
-0.0030612
0.0043636
0.0049564
-0.0122837
-0.0023072
0.0258249
0.0180995
-0.0118742
0.0248767
0.0226182
-0.0069705
0.0047804
-0.0270210
0.0158309
-0.0064259
0.0130623
-0.0236378
-0.0219759
-0.0278528
0.0262728
0.0210071
0.0281717
0.0210343
-0.0054945
-0.0114146
-0.0068519
0.0204349
0.0126699
0.0253874
0.0131929
0.0023065
-0.0196683
-0.0160437
0.0029177
0.0226276
-0.0196787
-0.0064405
-0.0212845
0.0109187
0.0036524
0.0278769
0.0113446
-0.0205455
-0.0090669
-0.0172407
0.0070962
0.0007712
-0.0227738
-0.0319365
-0.0102784
-0.0257125
0.0025986
0.0216949
-0.0204354
-0.0154277
-0.0117995
0.0185932
0.0067459
-0.0094506
-0.0135238
0.0226946
0.0048836
-0.0120437
-0.0057726
0.0180463
-0.0321426
-0.0100702
-0.0202264
-0.0193062
-0.0096253
-0.0198412
-0.0171498
0.0200235
0.0360189
0.0490300
0.0392403
0.0287472
0.0528826
0.0151470
0.0188100
-0.0403447
-0.0629859
-0.0761335
-0.0777658
-0.1038304
-0.0903231
-0.0173745
0.1497580
0.2650136
0.2197114
0.0418920
-0.0926702
-0.2029617
-0.1647539
-0.0532406
0.0007894
0.0467102
0.0218551
0.0486426
0.0059818
0.0419475
0.0381645
0.0299440
0.0160513
-0.0116639
-0.0272445
0.0092624
-0.0218380
-0.0279747
-0.0048292
0.0057139
-0.0354081
-0.0144176
0.0019267
0.0046588
0.0158238
0.0254428
0.0112599
0.0081911
-0.0081945
-0.0012815
-0.0175625
0.0119883
0.0163268
0.0042455
-0.0101779
-0.0076679
0.0049882
0.0037425
-0.0145058
0.0225728
-0.0143011
-0.0095760
-0.0068449
-0.0201177
-0.0094495
-0.0197029
-0.0051990
0.0124390
0.0241384
-0.0183709
-0.0164019
-0.0207812
0.0042868
0.0185604
0.0338018
0.0113141
0.0127141
-0.0084630
-0.0278692
0.0217905
0.0058761
0.0163359
0.0008269
-0.0123807
-0.0102186
-0.0130201
0.0243310
-0.0231784
-0.0065634
-0.0143789
-0.0020861
-0.0074874
-0.0210954
-0.0057153
0.0099909
-0.0333480
0.0039213
-0.0108913
0.0063633
-0.0111917
-0.0125737
0.0065887
0.0047553
0.0178304
0.0050606
-0.0035391
-0.0178946
0.0206676
0.0198598
-0.0068258
0.0212176
0.0045793
-0.0240089
0.0194618
-0.0175251
-0.0056250
-0.0182307
0.0021077
0.0166193
0.0105463
0.0167346
-0.0156022
-0.0274167
0.0148316
-0.0010541
0.0147089
-0.0251089
-0.0187697
-0.0169683
0.0240041
-0.0259602
0.0252382
-0.0248886
-0.0236884
-0.0258815
0.0087137
0.0195592
-0.0095843
-0.0015421
-0.0230465
0.0234558
0.0034726
-0.0217051
0.0301720
-0.0192975
0.0094345
0.0089768
0.0080550
-0.0091388
0.0298536
-0.0288549
0.0168421
-0.0243680
-0.0276821
0.0214821
-0.0132745
0.0184494
0.0288690
-0.0032108
0.0112467
-0.0190625
0.0330711
0.0344292
-0.0110609
-0.0175554
0.0142500
0.0156232
-0.0132988
-0.0154532
-0.0222882
0.0205258
0.0163399
-0.0084727
-0.0231787
0.0197523
-0.0067794
-0.0078674
-0.0158606
0.0169983
-0.0094728
0.0192948
0.0269169
0.0000701
0.0024375
-0.0095777
0.0197020
0.0028168
0.0104371
-0.0167693
-0.0026862
-0.0212835
0.0240049
0.0082973
-0.0083951
0.0029203
-0.0060720
0.0249551
0.0291663
0.0231869
0.0258029
0.0053357
0.0004456
-0.0172854
0.0151045
0.0073363
0.0013221
-0.0079012
-0.0043001
0.0014654
-0.0202344
0.0081101
0.0265661
0.0152207
0.0141802
0.0204141
0.0137578
-0.0208777
0.0270547
-0.0001186
-0.0089151
0.0087436
0.0152507
0.0189602
0.0106642
0.0186389
0.0037919
-0.0216217
-0.0052437
0.0073196
0.0083667
-0.0128176
-0.0118028
0.0125982
0.0162383
0.0109433
0.0288342
-0.0146803
0.0215565
-0.0071238
-0.0055953
0.0241130
-0.0161813
-0.0219211
0.0128138
0.0306274
-0.0029240
-0.0195157
-0.0035266
-0.0076213
0.0153076
-0.0157720
0.0027572
-0.0224980
-0.0193699
-0.0203159
0.0121194
0.0245732
0.0254996
0.0085209
0.0038696
-0.0259081
-0.0009015
0.0365118
0.0138858
0.0381828
-0.0102001
-0.0103216
-0.0197193
-0.0040577
-0.0074298
-0.0192828
-0.0294971
-0.0061825
0.0125376
-0.0181863
-0.0179727
0.0073777
-0.0024479
0.0198045
0.0417433
0.0066528
0.0224636
0.0345650
-0.0129496
-0.0335917
-0.0446955
-0.0539969
-0.1017965
-0.0928546
-0.0929572
0.0672999
0.1745566
0.2659068
0.1896623
0.0067930
-0.1643889
-0.2052810
-0.1407651
-0.0219806
-0.0141930
0.0319126
0.0314371
0.0187196
0.0110237
0.0450123
0.0284578
0.0111640
0.0189736
0.0093668
0.0076820
0.0127342
0.0033259
-0.0245050
-0.0403353
-0.0250438
-0.0341171
-0.0176715
-0.0017406
0.0296351
0.0196241
0.0318420
-0.0002462
