-0.0163092
0.0289201
-0.0127255
0.0288022
-0.0180671
-0.0012786
-0.0095502
0.0077056
-0.0098640
-0.0136260
0.0022413
-0.0254615
0.0082514
-0.0040023
0.0084986
-0.0040853
0.0016505
0.0126212
0.0081266
0.0191820
0.0289176
0.0024894
-0.0030960
-0.0174398
-0.0185811
-0.0339518
0.0089066
0.0008179
-0.0008265
-0.0103458
0.0112318
-0.0219363
0.0275036
0.0006137
0.0108241
0.0221033
0.0308555
0.0417044
0.0216130
0.0133769
-0.0284566
-0.0670564
-0.0961386
-0.1046323
-0.1064312
-0.0986161
0.0208340
0.1888416
0.2130559
0.1719629
0.0306626
-0.0939851
-0.1203827
-0.0739267
-0.0367400
-0.0194559
-0.0361367
-0.0181815
0.0152594
0.0285003
0.0046902
0.0298102
0.0016469
0.0400738
0.0340459
-0.0024517
-0.0122936
0.0060649
-0.0078212
0.0003554
-0.0117864
0.0088516
-0.0153269
0.0107036
0.0023683
0.0101746
0.0121975
0.0056988
0.0054200
0.0012302
0.0126813
-0.0188820
0.0032055
0.0077690
0.0115768
-0.0168384
0.0133491
-0.0191186
0.0136067
0.0013920
0.0178758
-0.0211066
-0.0122029
0.0141568
0.0151610
0.0170059
0.0221209
0.0086964
-0.0117914
-0.0149525
-0.0193139
0.0077001
-0.0030449
-0.0155048
-0.0116816
-0.0098564
-0.0155327
0.0196269
-0.0123892
0.0210523
-0.0246683
0.0040543
0.0251461
-0.0029401
0.0216107
0.0001592
-0.0002375
0.0083162
0.0025556
-0.0035854
-0.0013131
0.0075640
0.0137513
-0.0007957
-0.0278538
0.0090009
-0.0154787
0.0239832
0.0150493
-0.0134126
0.0129661
0.0239519
-0.0011559
-0.0089215
0.0060172
0.0174201
0.0072547
-0.0119436
-0.0094404
-0.0146624
-0.0099343
0.0017565
0.0162992
0.0149219
0.0134943
-0.0242893
-0.0119137
-0.0056231
-0.0194326
0.0098133
-0.0159790
0.0016942
0.0246480
0.0117354
-0.0247460
0.0009073
-0.0291966
0.0007087
-0.0021374
0.0262566
-0.0114910
-0.0096042
0.0204975
-0.0200874
0.0186435
-0.0234275
-0.0239858
-0.0211780
-0.0185472
0.0044275
0.0222004
0.0211197
0.0085300
0.0007708
-0.0120438
-0.0026327
0.0166583
-0.0119568
0.0012511
-0.0181898
0.0012171
0.0007269
-0.0117159
-0.0246570
-0.0215743
-0.0216100
-0.0204424
-0.0058453
0.0150681
0.0221964
0.0005034
0.0095123
-0.0180789
0.0091221
-0.0062907
0.0112285
-0.0144654
-0.0191718
-0.0194078
-0.0151742
0.0141471
0.0091415
0.0157061
0.0097562
0.0066390
0.0215334
-0.0141966
0.0027589
-0.0093752
-0.0091995
-0.0032660
-0.0199304
-0.0105091
-0.0149330
-0.0180260
0.0148963
-0.0124727
-0.0190500
-0.0218466
0.0084697
-0.0005607
0.0084017
-0.0131033
-0.0115189
0.0138424
0.0229921
-0.0062326
-0.0018689
0.0232126
-0.0210394
0.0174232
-0.0121190
0.0003098
-0.0124345
-0.0094591
-0.0024689
-0.0048131
0.0320637
-0.0015013
0.0127890
0.0110505
-0.0169842
0.0226784
-0.0123389
0.0051233
-0.0012105
0.0047840
0.0220125
-0.0193481
-0.0154098
0.0078676
-0.0159430
-0.0047964
0.0155159
-0.0088213
0.0025478
0.0156984
-0.0174568
-0.0077879
0.0247324
0.0143680
-0.0025489
0.0268981
0.0110120
0.0152028
-0.0010126
0.0164070
0.0153334
-0.0083148
0.0138850
0.0047053
-0.0238834
-0.0180876
0.0019595
-0.0022953
-0.0135712
0.0238574
0.0046995
0.0142617
-0.0090635
0.0002663
0.0215520
-0.0211516
-0.0076591
0.0000769
0.0097946
0.0149303
0.0008740
-0.0172519
0.0006939
-0.0110340
-0.0114950
0.0117473
0.0376587
0.0152026
-0.0085214
-0.0095104
-0.0096510
-0.0051019
-0.0303050
-0.0257734
-0.0070366
-0.0163188
0.0006688
-0.0196007
-0.0034914
0.0091094
0.0497619
0.0438178
0.0409067
0.0239991
0.0340361
-0.0012124
-0.0617048
-0.1011905
-0.1397338
-0.1271449
-0.1086196
0.0359646
0.1945963
0.2621191
0.1647358
0.0190382
-0.1229923
-0.1474037
-0.0972578
-0.0432783
0.0184886
0.0137765
0.0071938
0.0181350
0.0110654
0.0265359
-0.0003074
0.0328017
0.0247441
0.0357207
0.0038297
-0.0157027
-0.0150248
0.0025997
-0.0212350
-0.0044040
-0.0327598
-0.0261774
-0.0296733
-0.0050662
0.0302802
0.0152307
0.0207932
-0.0224765
0.0014460
0.0189839
0.0276193
-0.0152346
-0.0047527
0.0166635
0.0028455
0.0174870
0.0075433
0.0061024
-0.0273096
-0.0216812
-0.0146140
0.0125241
-0.0205036
-0.0152065
0.0174237
-0.0094529
-0.0086956
0.0077813
0.0217676
0.0109752
-0.0018709
-0.0059718
0.0135416
-0.0258833
0.0105785
-0.0212651
0.0138064
0.0136759
-0.0091850
-0.0140019
-0.0206277
-0.0097087
0.0034781
0.0152511
0.0133918
-0.0054836
-0.0035989
0.0127714
-0.0091299
-0.0031211
0.0267598
-0.0239023
-0.0005344
-0.0209012
-0.0015983
-0.0147247
0.0112528
-0.0194463
-0.0016844
0.0135164
-0.0213388
-0.0217541
-0.0237046
0.0026415
0.0000325
0.0053203
-0.0016702
-0.0123522
-0.0210026
-0.0057027
0.0123082
0.0164318
0.0066531
-0.0174168
0.0186523
-0.0291864
-0.0024716
0.0143623
0.0031109
0.0009223
-0.0039387
-0.0048217
0.0221252
0.0135160
0.0110159
0.0046653
0.0164947
-0.0103464
0.0166731
-0.0006724
-0.0158135
0.0085508
-0.0209347
-0.0064445
-0.0073304
0.0223591
-0.0086606
-0.0137364
0.0126094
-0.0166420
-0.0060578
-0.0184121
-0.0205323
0.0090532
0.0223123
0.0076901
0.0193098
-0.0030181
0.0021816
0.0073140
0.0107244
0.0130563
0.0124851
-0.0125110
-0.0053954
-0.0176815
-0.0280155
0.0186883
-0.0172833
-0.0053292
0.0190836
-0.0105705
-0.0207249
-0.0135391
-0.0072653
-0.0093287
0.0278492
-0.0117733
-0.0252802
-0.0317939
0.0142093
-0.0054481
-0.0058839
0.0026373
0.0185266
-0.0265612
0.0142095
0.0149411
0.0023236
0.0070216
0.0198493
-0.0204772
-0.0220694
0.0005034
0.0041815
0.0191925
-0.0074520
-0.0228718
-0.0180956
-0.0003879
-0.0112895
0.0138250
0.0071253
-0.0096658
0.0252025
0.0065476
0.0240485
-0.0105640
-0.0029417
-0.0135525
-0.0194160
-0.0161210
-0.0292992
-0.0192746
0.0039870
0.0119560
0.0145638
-0.0184987
-0.0039815
0.0217043
-0.0137146
-0.0032927
-0.0322073
-0.0066667
-0.0143018
0.0068836
0.0014848
-0.0097207
0.0045148
-0.0234776
-0.0074931
0.0220204
-0.0127353
0.0150746
-0.0073787
-0.0009659
-0.0034613
-0.0128429
0.0031153
0.0016327
-0.0020723
-0.0161555
0.0264871
-0.0047365
0.0160193
-0.0273991
0.0125706
0.0037452
-0.0188969
0.0015989
0.0037610
0.0064238
-0.0062618
0.0211293
0.0085382
0.0227984
0.0263416
0.0031160
-0.0149948
0.0075869
0.0182360
-0.0022630
-0.0189567
0.0056090
-0.0126582
-0.0189938
-0.0262058
-0.0113629
-0.0251795
-0.0136490
-0.0094579
0.0046303
0.0104518
0.0175508
0.0334756
0.0106506
0.0168982
-0.0091378
-0.0299685
-0.0091022
-0.0118226
-0.0097601
-0.0241706
-0.0253594
-0.0002457
0.0219046
0.0207678
0.0353394
0.0384282
0.0646683
0.0515306
0.0234219
0.0038759
-0.0441855
-0.0560407
-0.0903705
-0.1051982
-0.1103937
-0.0773243
0.1097375
0.2368950
0.2218500
0.1059317
-0.0273149
-0.1322740
-0.1295837
-0.0579553
-0.0254646
-0.0026635
-0.0251753
-0.0149461
-0.0050014
0.0027920
0.0385061
0.0149471
-0.0043693
0.0039322
0.0025645
-0.0110178
0.0183880
-0.0000521
-0.0317237
-0.0311014
-0.0242374
0.0001727
0.0156248
0.0131644
-0.0175448
0.0029701
0.0147900
0.0049520
-0.0020735
-0.0142361
0.0048956
0.0202824
0.0086230
-0.0174103
-0.0025484
0.0040499
0.0002699
-0.0111569
-0.0122520
-0.0168196
0.0086797
0.0055111
0.0213715
0.0217675
-0.0015374
0.0226221
-0.0032611
0.0127150
-0.0141055
-0.0167851
0.0004767
0.0016421
-0.0180916
-0.0014915
-0.0029556
-0.0141306
0.0071647
-0.0126811
-0.0007721
-0.0013460
-0.0048123
-0.0078958
-0.0182113
0.0231200
-0.0168612
-0.0073350
0.0006172
-0.0085748
0.0026282
-0.0196107
0.0089518
-0.0078646
0.0148202
-0.0222031
-0.0247193
-0.0214377
0.0113780
0.0143520
0.0167107
0.0095523
-0.0048562
0.0283841
0.0123546
-0.0226573
-0.0243444
-0.0286789
-0.0109870
-0.0023060
0.0203867
-0.0055847
0.0241220
0.0150663
0.0165835
-0.0037092
0.0071512
0.0087188
0.0058096
-0.0323380
-0.0209858
-0.0128818
0.0010214
0.0124697
0.0232174
0.0273775
-0.0133640
0.0003784
0.0214179
0.0066367
-0.0086087
-0.0074757
0.0082467
-0.0218815
-0.0064382
0.0018914
-0.0246343
-0.0070885
-0.0048910
0.0172181
0.0104832
-0.0019007
0.0107607
0.0240541
0.0059272
0.0024061
-0.0181782
-0.0250972
-0.0157615
-0.0020589
-0.0223259
0.0133188
0.0225670
0.0191113
-0.0219132
0.0099198
0.0033063
-0.0096051
-0.0001049
0.0181353
0.0136602
-0.0263869
-0.0078884
-0.0124724
-0.0195285
-0.0190104
-0.0041995
-0.0245238
-0.0049966
0.0196358
0.0127433
-0.0081623
0.0176595
-0.0000628
-0.0140857
-0.0103374
-0.0110422
0.0193550
-0.0171181
0.0026994
0.0123711
0.0145687
0.0022923
-0.0054183
-0.0124586
-0.0140953
0.0137139
0.0135287
0.0061306
0.0177881
-0.0205767
-0.0185785
-0.0038184
-0.0008426
0.0137440
-0.0143906
0.0062831
-0.0086803
-0.0039563
0.0061609
-0.0116367
-0.0061772
0.0024930
-0.0179631
0.0106091
0.0057816
0.0104646
-0.0145915
0.0283743
-0.0135255
0.0169647
0.0019388
-0.0081906
-0.0044149
-0.0237892
-0.0108560
0.0043257
0.0114406
-0.0221301
-0.0180049
-0.0173082
0.0020257
-0.0031729
-0.0206696
0.0132296
0.0103056
0.0130292
-0.0116779
-0.0095708
-0.0191449
-0.0198019
0.0162915
0.0116246
0.0123286
-0.0074965
0.0126831
0.0098920
0.0183324
-0.0157759
-0.0001108
-0.0002674
-0.0218299
0.0057194
-0.0048118
0.0135430
0.0043209
0.0039686
0.0160574
0.0114132
0.0055946
-0.0092151
-0.0012306
0.0177408
0.0118834
0.0077026
0.0083652
-0.0155565
-0.0263748
0.0070184
-0.0199983
-0.0070962
-0.0087883
-0.0043917
0.0032171
0.0267435
-0.0005714
0.0034935
-0.0210774
-0.0247763
-0.0334868
-0.0231708
-0.0180298
-0.0034236
-0.0059208
0.0122019
0.0041099
0.0288890
0.0127922
0.0071973
0.0263330
0.0249602
0.0211959
0.0372418
0.0095765
-0.0500476
-0.0511507
-0.0997742
-0.1505935
-0.1221983
-0.0401210
0.1550074
0.2282611
0.1898172
0.0747232
-0.0806054
-0.1646369
-0.0988256
-0.0207844
0.0172806
0.0005771
-0.0030690
-0.0012019
0.0395756
0.0090799
0.0004029
-0.0109419
0.0230537
0.0069595
-0.0100490
0.0072958
-0.0226576
-0.0103307
0.0006036
-0.0043468
0.0093131
0.0055919
-0.0089914
0.0156481
-0.0009538
-0.0223942
0.0254505
0.0275315
0.0369629
-0.0003291
0.0063156
0.0016197
-0.0219734
-0.0244175
-0.0080341
-0.0005327
0.0156339
-0.0094252
-0.0077725
0.0130464
0.0160986
0.0095862
-0.0137615
0.0096131
0.0177540
-0.0070866
-0.0189110
-0.0154463
-0.0014646
-0.0225735
0.0166582
0.0186511
0.0184909
0.0153600
-0.0179332
0.0080562
-0.0005426
0.0126294
0.0177675
0.0160746
-0.0014401
-0.0190460
-0.0024360
-0.0129588
-0.0088859
-0.0022403
-0.0052303
-0.0145575
0.0017943
0.0015446
0.0251800
-0.0191860
0.0084705
-0.0071719
0.0052464
0.0045055
-0.0103432
0.0115257
-0.0102203
0.0084044
0.0199255
0.0007233
0.0226926
-0.0182709
0.0036477
-0.0128380
0.0055216
0.0079775
0.0094482
0.0053837
0.0220829
0.0214753
0.0030706
-0.0057695
-0.0179835
-0.0216240
-0.0129582
-0.0096132
-0.0145663
0.0155214
-0.0161637
0.0084434
-0.0169368
0.0002304
0.0236215
0.0274014
-0.0108498
-0.0100270
0.0118833
0.0016182
0.0016471
-0.0164805
-0.0212151
0.0008804
-0.0156182
-0.0131909
0.0159309
-0.0264781
0.0146687
-0.0138086
0.0273882
0.0120407
0.0092409
-0.0186046
-0.0002205
0.0135171
0.0079232
-0.0212724
0.0094222
-0.0222438
0.0151985
-0.0203136
0.0285079
0.0056704
-0.0025324
-0.0026163
-0.0171060
0.0100388
0.0061890
-0.0171475
-0.0095938
0.0159500
-0.0112617
-0.0093984
-0.0052237
-0.0117402
0.0193361
0.0092071
-0.0015362
-0.0128977
-0.0030647
-0.0048045
-0.0221120
0.0114503
0.0073805
-0.0099098
-0.0128992
0.0001560
-0.0032784
-0.0077704
-0.0083798
-0.0100361
-0.0099681
0.0136508
-0.0080993
-0.0095291
-0.0034711
0.0092151
-0.0063803
-0.0201688
0.0139760
0.0171256
0.0147003
-0.0292930
0.0168056
0.0166770
0.0022619
0.0144305
-0.0233455
0.0107676
0.0287046
0.0266703
-0.0008139
-0.0338522
0.0106219
0.0150894
-0.0104568
-0.0140026
-0.0183961
-0.0065012
-0.0107642
-0.0018733
0.0238040
-0.0123301
-0.0096725
-0.0299234
0.0147747
0.0202198
0.0106206
0.0024155
-0.0009118
0.0068791
0.0179653
-0.0058563
0.0134984
-0.0049004
0.0126021
0.0077169
0.0119590
-0.0212354
-0.0298568
-0.0255455
0.0024582
0.0018906
-0.0209187
0.0130241
0.0098323
-0.0245040
0.0023545
-0.0162436
0.0122660
0.0307108
-0.0037680
-0.0169673
-0.0143983
-0.0052737
0.0113563
0.0056792
-0.0086547
0.0013249
-0.0095891
0.0039813
-0.0070830
0.0103352
-0.0140816
-0.0030502
0.0140961
0.0411260
0.0535827
0.0298142
0.0412075
0.0079083
-0.0402934
-0.0338434
-0.0629867
-0.0806395
-0.1171770
-0.0417408
0.1002172
0.2007971
0.1861282
0.0775341
-0.0638320
-0.1255246
-0.0930045
-0.0064042
-0.0085497
-0.0237075
-0.0395941
-0.0288028
0.0102614
-0.0114194
-0.0079082
0.0028839
0.0408833
-0.0042090
-0.0108414
0.0217335
0.0116345
0.0184096
0.0070931
-0.0231247
0.0015858
-0.0289444
-0.0220569
0.0022870
-0.0004097
0.0103693
-0.0109049
0.0243980
0.0143820
0.0144583
-0.0069804
0.0243813
-0.0147133
0.0186938
-0.0017992
0.0115935
-0.0039567
-0.0154958
0.0242957
-0.0053157
-0.0185472
-0.0060426
0.0056413
-0.0074464
-0.0041374
-0.0144957
-0.0060370
0.0176495
0.0292413
0.0082973
-0.0240838
0.0033859
-0.0084722
0.0169286
-0.0136283
0.0065420
0.0001973
-0.0125591
0.0245006
-0.0121375
0.0088850
-0.0107580
-0.0141951
-0.0234652
0.0180053
-0.0032011
-0.0036532
0.0091893
0.0085738
0.0147407
0.0146628
-0.0156041
-0.0034031
-0.0150014
0.0263147
-0.0106478
0.0167373
0.0049912
0.0027801
0.0061261
0.0269046
-0.0011296
0.0065954
0.0024363
-0.0230580
0.0165648
0.0230890
-0.0044182
-0.0217328
0.0146393
0.0119928
0.0058166
-0.0061482
0.0086031
-0.0014804
0.0137801
-0.0104670
-0.0167429
-0.0226179
0.0021403
0.0207267
0.0126666
0.0080140
-0.0081056
-0.0042336
0.0159732
-0.0076718
-0.0240718
0.0045333
-0.0093050
0.0015415
0.0227613
-0.0048830
-0.0062950
0.0082292
0.0018632
0.0073533
-0.0102361
-0.0181356
0.0035166
-0.0142079
0.0083938
-0.0229163
0.0114085
-0.0180710
-0.0150348
0.0102786
-0.0227048
0.0109731
-0.0055355
