-0.0407428
-0.0065392
-0.0326702
0.0028964
0.0007513
-0.0253115
0.0174216
-0.0258642
-0.0114188
0.0048689
0.0238972
-0.0385705
-0.0507613
-0.0245223
0.0329553
0.0209282
-0.0332206
0.0667881
-0.0560071
0.0395741
0.0361137
-0.0543614
0.0007476
-0.0591927
-0.0504342
0.0196230
-0.0063100
0.0060476
0.0631746
0.0213147
0.0516853
0.0285063
0.0158090
0.0620757
0.0086507
-0.0076001
-0.0095905
0.0268595
-0.0218846
0.0087745
-0.0303625
0.0264719
0.0509326
-0.0545318
-0.0033076
0.0054577
0.0082060
0.0673264
0.0598985
0.0417292
0.0522580
0.0112572
0.0055216
0.0156214
0.0157445
0.0008489
0.0391462
-0.0179222
-0.0447357
0.0376738
-0.0542487
0.0469273
-0.0315640
0.0081114
0.0517445
-0.0703957
-0.0185088
0.0504186
0.0209284
0.0356233
-0.0416467
0.0453586
0.0703383
0.0055589
-0.0574868
-0.0666914
0.0599302
-0.0425126
0.0511392
-0.0626970
-0.0669675
-0.0370271
-0.0186005
0.0003693
0.0516334
0.0446710
-0.0121236
0.0526823
0.0103413
-0.0381474
0.0439609
-0.0454718
-0.0594552
0.0229315
-0.0015699
0.0091622
0.0181993
0.0358247
-0.0502955
-0.0068799
0.0226476
-0.0083913
-0.0519357
-0.0462611
-0.0026955
-0.0640657
-0.0406002
-0.0020444
0.0693904
-0.0478746
-0.0262090
0.0621129
0.0059777
0.0565511
0.0180618
0.0576620
0.0015269
-0.0231194
-0.0474996
-0.0277958
-0.0635746
-0.0502139
0.0358093
-0.0051566
-0.0102116
0.0330542
-0.0503265
0.0642464
0.0790973
0.0026454
0.0070375
0.0145707
0.0025085
0.0366763
0.0678959
-0.0578584
-0.0843599
-0.0512951
-0.0251573
-0.0152618
-0.0516876
0.0294866
0.0068610
-0.0037907
0.0570360
0.1040452
0.0088459
0.1197611
0.0964017
0.0868225
0.0952949
-0.0371947
-0.0500540
-0.1115868
-0.2396352
-0.1342727
-0.1442276
-0.0566723
0.0238021
0.3287227
0.5532178
0.5504429
0.2532197
-0.1806794
-0.5329199
-0.4606173
-0.2923674
-0.0049229
0.0491875
0.1009457
0.1392987
0.1296117
0.1662933
0.0312982
0.0793110
0.0493208
-0.0023710
-0.0892422
0.0088370
-0.0987786
-0.0370620
-0.0450054
0.0170207
0.0309887
0.0552216
-0.0023017
-0.0266122
0.0144782
0.0984889
0.0906901
-0.0223266
0.0640273
0.0274515
0.0493768
-0.0379089
-0.0609597
-0.0790789
-0.0034840
-0.0029787
-0.0024060
0.0660339
-0.0323313
-0.0374791
0.0688446
0.0724850
0.0230121
0.0043193
0.0120218
-0.0349646
0.0078502
-0.0129750
0.0209761
0.0045593
-0.0727029
-0.0326799
-0.0025156
0.0176942
0.0723175
0.0157831
-0.0344514
-0.0482468
0.0012705
-0.0669287
-0.0040168
0.0203240
0.0486087
0.0622306
-0.0686658
-0.0205759
0.0531972
-0.0127690
0.0328650
0.0555447
0.0037255
-0.0482396
-0.0759187
-0.0035537
0.0153600
-0.0216528
0.0340924
0.0366755
-0.0507482
-0.0499513
-0.0185499
-0.0346504
-0.0489549
-0.0201559
-0.0023792
0.0382689
-0.0493354
0.0309635
-0.0081251
0.0258574
0.0374114
0.0564584
-0.0293259
-0.0437453
-0.0000303
0.0168840
0.0194700
0.0402240
0.0199593
0.0076915
-0.0036679
-0.0163765
-0.0280327
-0.0015487
-0.0465679
0.0412430
-0.0416855
-0.0360006
-0.0208146
-0.0482180
0.0319461
-0.0545071
-0.0637228
0.0606641
-0.0399521
0.0381085
0.0069242
-0.0656328
0.0623863
-0.0034507
0.0224067
0.0543957
-0.0431325
0.0134493
0.0542120
-0.0352966
0.0206606
-0.0272235
0.0224238
-0.0404563
0.0522151
0.0348917
0.0307907
0.0231091
0.0673883
-0.0590182
-0.0330594
0.0673126
0.0030094
0.0429097
-0.0053955
-0.0216336
0.0141102
-0.0213659
-0.0438734
-0.0632047
0.0628895
0.0312613
0.0295604
-0.0594582
0.0595600
0.0302361
0.0515770
0.0109050
-0.0053032
0.0319456
0.0329206
-0.0167357
-0.0044240
-0.0686947
-0.0561405
0.0073798
0.0119873
-0.0154360
0.0740511
0.0315310
0.0545602
-0.0077640
-0.0335926
0.0472533
-0.0446587
-0.0655644
0.0424771
-0.0047241
-0.0679432
-0.0480185
0.0217035
-0.0252329
0.0271550
0.0116236
0.0688265
-0.0208896
-0.0448826
-0.0225357
-0.0330860
0.0517352
0.0265745
0.0524951
0.0524917
0.0195671
-0.0503336
0.0710917
-0.0570401
0.0048186
-0.0201833
-0.0544467
0.0455776
-0.0039716
0.0126964
-0.0348032
0.0353924
0.0532672
0.0695244
-0.0194569
-0.0441604
-0.0365456
-0.0579712
-0.0684889
0.0199493
0.0204354
0.0402678
-0.0365341
0.0080677
-0.0024914
0.0111332
0.0450388
-0.0463593
0.0535555
0.0294748
-0.0031041
0.0544451
0.0617210
-0.0044800
0.0497979
0.0697820
-0.0021329
-0.0241185
-0.0685208
0.0511525
-0.0415140
-0.0364726
-0.0021097
0.0400756
0.0052800
0.0111325
-0.0472540
-0.0380932
-0.0020612
-0.0514688
-0.0010958
0.0104967
0.0854349
0.0350998
0.0238912
-0.0465558
-0.0889218
-0.0695015
-0.0756614
-0.0163665
-0.1073489
-0.0397087
-0.0206169
-0.0339673
-0.0129424
0.0326447
0.0480836
0.0360595
0.0968803
0.0593161
-0.0098034
-0.0478411
-0.0733580
-0.2132199
-0.1384481
-0.2388032
-0.1527260
-0.1537018
0.1571562
0.3949131
0.5878326
0.5318445
0.1124580
-0.4022646
-0.5831358
-0.5017572
-0.2401385
0.0224840
0.1615916
0.1535689
0.1465160
0.1696461
0.0530231
0.0067726
0.0909352
-0.0036255
-0.0216765
-0.0766471
-0.1186237
0.0018919
0.0096174
-0.0867826
0.0307624
0.0206087
-0.0588048
-0.0355838
0.0760328
0.0021858
0.0579561
0.0077203
0.0550485
-0.0235544
0.0290805
-0.0080182
0.0466893
-0.0494883
0.0332948
-0.0311838
-0.0535607
0.0481624
0.0074067
-0.0247391
-0.0529275
-0.0513866
0.0333801
0.0299008
0.0437076
-0.0301790
-0.0419939
0.0607921
-0.0182462
-0.0214195
0.0223526
-0.0534151
0.0494757
0.0559587
-0.0682267
-0.0468356
0.0324666
-0.0308683
0.0085496
-0.0273904
-0.0297271
0.0081849
0.0426826
0.0577381
-0.0024713
-0.0368178
-0.0566516
0.0024448
0.0498484
0.0137371
0.0317844
0.0250470
0.0580333
-0.0277951
0.0250217
0.0552875
-0.0511683
-0.0292895
0.0565492
-0.0256667
-0.0497219
0.0614267
-0.0151459
-0.0386786
-0.0623460
-0.0603625
0.0098101
-0.0074777
0.0348587
-0.0026293
-0.0022595
-0.0610829
0.0134304
-0.0197555
0.0284367
-0.0675665
-0.0152109
0.0667889
-0.0360701
-0.0460953
0.0097755
-0.0334782
-0.0225152
0.0010530
-0.0160267
-0.0505330
0.0267512
-0.0662273
-0.0053879
0.0060152
-0.0036579
-0.0597409
0.0550309
0.0697127
-0.0272094
-0.0309263
0.0165659
0.0213207
0.0232485
-0.0561045
-0.0224879
0.0303017
0.0375028
-0.0600660
0.0327996
0.0284685
0.0576650
-0.0501250
0.0709258
0.0308004
0.0530371
0.0470915
0.0492069
-0.0335446
-0.0351802
-0.0643548
0.0387046
0.0024409
-0.0318321
-0.0526178
0.0397383
-0.0156329
0.0081900
0.0236874
0.0437979
0.0287691
0.0159802
0.0309718
0.0541540
0.0402141
0.0671500
0.0642823
0.0517215
0.0009172
-0.0683750
0.0381113
0.0446799
0.0310097
0.0289625
0.0348418
-0.0662328
-0.0566203
-0.0312686
0.0542787
-0.0004268
-0.0656382
0.0399629
0.0138810
-0.0498044
0.0210967
0.0316668
0.0113811
0.0173277
0.0525250
-0.0444042
0.0061851
0.0378489
0.0258881
-0.0618479
-0.0099235
-0.0104171
-0.0149328
-0.0386184
0.0630180
-0.0465689
0.0262121
-0.0651404
-0.0484538
-0.0000419
-0.0275458
-0.0484606
-0.0482903
-0.0575698
-0.0536588
0.0175611
-0.0274310
0.0261018
-0.0140827
0.0422658
-0.0133024
0.0392436
-0.0583461
-0.0682104
0.0060318
0.0612251
-0.0474914
0.0047441
0.0017698
-0.0491162
-0.0121794
-0.0733301
-0.0509492
0.0468179
0.0019015
-0.0449725
0.0676742
-0.0060774
0.0411832
-0.0106871
0.0692537
0.0743802
-0.0404033
0.0499041
-0.0524745
-0.0326730
-0.0005342
-0.0059297
-0.0346791
0.0103009
0.0548102
0.0305653
-0.0081178
-0.0434981
0.0130563
0.0540820
0.0288995
0.0383299
-0.0307591
0.0764494
0.0026009
-0.0172623
0.0220218
0.0284470
-0.0084150
-0.0785834
-0.0666300
-0.0900847
-0.0800182
0.0382270
-0.0341640
-0.0181852
0.1031874
0.0707349
0.0320524
0.0393226
0.0882128
0.0953753
-0.0523894
-0.0244598
-0.1789616
-0.1849973
-0.1503929
-0.2200418
-0.0526576
-0.0007608
0.2614691
0.4327337
0.4914473
0.3120664
-0.1088348
-0.5046561
-0.5166633
-0.3633004
0.0043885
0.0699214
0.0783526
0.1367777
0.1010100
0.1216623
0.0945546
0.0691739
0.0640711
0.0504516
-0.0679063
-0.0771802
-0.0349636
-0.0211704
-0.0283618
0.0213200
-0.0742472
-0.0631777
0.0223973
-0.0397622
0.0153469
-0.0371057
0.0192483
0.0684720
0.0030244
-0.0543959
0.0713489
-0.0275535
-0.0158643
0.0363889
0.0222587
0.0337548
-0.0414678
-0.0436295
0.0558985
0.0581534
-0.0346939
-0.0227374
0.0762200
-0.0509056
0.0776454
0.0468857
-0.0153493
0.0082217
0.0509160
-0.0625494
0.0349925
0.0255603
-0.0214381
0.0386449
-0.0318872
0.0770933
-0.0145534
-0.0048945
-0.0406589
0.0263770
0.0302540
-0.0188913
0.0009133
-0.0575186
-0.0187485
-0.0041338
-0.0765232
0.0033001
0.0550375
0.0101762
0.0049766
0.0547105
0.0323130
0.0059164
0.0623105
-0.0665840
-0.0733046
-0.0423989
-0.0266392
-0.0339051
0.0378619
-0.0426268
-0.0511134
-0.0268946
-0.0060929
0.0076131
0.0141728
0.0627526
0.0033237
-0.0029877
-0.0382083
-0.0071943
-0.0126386
0.0299526
-0.0154581
0.0387452
0.0059102
-0.0264190
0.0445098
-0.0470679
-0.0035317
-0.0331607
0.0127119
0.0308661
-0.0553905
0.0302581
0.0643830
0.0358621
-0.0656630
0.0554594
0.0198554
-0.0565864
-0.0290685
0.0024281
-0.0381321
0.0442666
-0.0201315
-0.0029472
0.0421985
-0.0319867
0.0117031
-0.0543407
0.0036859
0.0143798
-0.0197358
0.0413882
0.0649037
-0.0405801
-0.0041788
0.0578339
0.0616685
-0.0133071
0.0296184
-0.0491098
0.0031804
0.0226717
0.0409608
0.0113379
-0.0359133
-0.0679762
0.0599569
0.0254321
-0.0111397
0.0423526
0.0699205
-0.0037393
-0.0154395
-0.0063284
0.0394787
0.0551328
0.0168284
-0.0269563
0.0176225
0.0141144
-0.0371466
0.0473945
0.0086704
0.0032289
0.0442842
-0.0714335
0.0564777
0.0210382
-0.0319438
-0.0124468
0.0500655
-0.0388546
0.0049756
0.0609193
-0.0334838
0.0563649
0.0405443
0.0620435
0.0335545
0.0466957
-0.0643839
0.0030915
0.0145177
0.0625372
-0.0082961
0.0016459
-0.0563576
-0.0108994
-0.0045616
0.0436843
-0.0219954
0.0035566
0.0273235
0.0530648
-0.0078806
0.0173870
0.0510866
-0.0450351
0.0733386
0.0492522
-0.0154204
-0.0435671
0.0247347
0.0256880
-0.0150695
0.0747841
-0.0246924
0.0188251
0.0290938
-0.0598561
-0.0046467
-0.0638368
-0.0517394
0.0357561
0.0443227
-0.0166915
0.0725875
0.0685009
0.0184548
-0.0110479
0.0449631
-0.0693315
-0.0532925
-0.0125672
0.0471227
0.0316878
0.0345439
0.0447599
0.0537116
-0.0422033
0.0185818
0.0521726
-0.0694077
-0.0336991
0.0111919
-0.0191254
-0.0510805
0.0155805
-0.0267575
0.0795520
0.0824054
0.0239506
0.0097779
0.0775988
-0.0401974
0.0042542
0.0706803
-0.0675000
0.0334341
0.0298927
0.0153599
-0.0067315
0.0353469
-0.0637855
-0.0185241
-0.0297700
0.0661671
0.0511025
0.0330304
0.0063997
0.0083258
0.0936250
0.0120414
0.0093119
-0.0892375
-0.1695453
-0.2346378
-0.1624468
-0.1632811
0.0014865
0.0807002
0.3462962
0.5067009
0.4144757
0.0698681
-0.2481626
-0.5618008
-0.4647409
-0.2355358
-0.0131981
0.1802430
0.1453159
0.1202357
0.1103647
0.1453845
0.0524403
-0.0008395
0.0319262
-0.0071115
-0.0949370
-0.0582585
-0.0872888
-0.0505994
-0.0081579
-0.0834811
-0.0642591
0.0695085
0.0367358
-0.0111235
0.0526482
0.0741413
-0.0073929
0.0776580
0.0555988
0.0690710
0.0581522
-0.0032189
0.0211621
-0.0315994
-0.0422157
-0.0006035
0.0030269
-0.0276956
-0.0134905
-0.0124709
0.0454016
0.0458275
0.0695401
-0.0606912
-0.0551738
0.0590231
-0.0305666
-0.0075982
-0.0573374
-0.0707633
0.0417790
-0.0611850
0.0336959
0.0594813
-0.0326965
0.0078715
0.0702162
-0.0341542
0.0103552
-0.0606555
-0.0284656
-0.0481443
-0.0306714
0.0512704
-0.0299645
0.0625087
0.0726014
-0.0325557
0.0390340
0.0639079
0.0583508
0.0070595
0.0150067
-0.0243466
-0.0639328
0.0074959
-0.0327816
-0.0364365
-0.0150017
0.0203890
0.0718996
0.0037072
-0.0064493
0.0616004
-0.0503876
0.0615789
-0.0370135
-0.0504806
-0.0448347
0.0388284
-0.0325943
-0.0345958
-0.0511913
0.0020667
-0.0493101
0.0380787
-0.0717290
0.0492089
-0.0376259
0.0446287
0.0171602
0.0650365
-0.0537876
-0.0396998
0.0687039
0.0220051
-0.0509973
0.0698074
-0.0022123
0.0143761
0.0310592
0.0143166
-0.0590692
-0.0351693
0.0535287
0.0499193
-0.0358016
0.0535710
-0.0448736
0.0638290
0.0454038
0.0112993
0.0601412
0.0425924
0.0410627
-0.0524207
-0.0141733
0.0579939
0.0538308
0.0504794
-0.0623578
0.0334375
-0.0509820
0.0402457
0.0584511
0.0237262
-0.0506174
-0.0505969
-0.0538681
-0.0038915
0.0679402
-0.0041555
0.0139563
-0.0699498
-0.0345651
-0.0277184
0.0018317
-0.0489090
0.0027938
0.0712014
-0.0223451
0.0085290
0.0276439
-0.0400472
-0.0064207
0.0639392
-0.0028069
0.0448484
0.0238936
-0.0191819
-0.0031943
-0.0126107
-0.0656486
0.0092345
-0.0323216
0.0345842
0.0208289
-0.0288559
0.0117235
-0.0506276
-0.0080078
0.0524576
-0.0028090
-0.0404046
-0.0210579
-0.0080604
0.0573780
0.0571316
-0.0441664
0.0469416
0.0055840
-0.0001263
0.0410843
-0.0410172
-0.0118298
0.0664910
-0.0028440
-0.0364254
0.0568750
-0.0047042
0.0665832
-0.0453904
0.0553838
-0.0297859
-0.0244743
-0.0144365
-0.0269621
-0.0109551
-0.0613494
-0.0389519
0.0215121
-0.0413796
-0.0656164
0.0359241
0.0188318
-0.0120159
-0.0564969
0.0084181
-0.0423188
0.0506158
0.0093106
-0.0033331
-0.0560414
0.0628442
-0.0520287
-0.0496213
0.0466208
0.0119583
-0.0336836
0.0129347
-0.0052833
-0.0171099
0.0287721
-0.0267252
0.0098009
-0.0257427
0.0731591
-0.0515978
-0.0434682
0.0106323
-0.0653683
-0.0007359
-0.0364115
0.0502531
-0.0294050
-0.0393144
-0.0191419
-0.0676538
-0.0426932
-0.0021131
-0.0285749
0.0489072
0.1244481
0.1111421
0.0664893
0.1009964
-0.0288760
0.0014236
-0.0232574
-0.1137755
-0.1820342
-0.1226273
-0.1304436
-0.1113442
0.0262247
0.1831879
0.3512152
0.5298581
0.3998240
0.0134491
-0.3354846
-0.5297259
-0.4257986
-0.1389769
-0.0021873
0.1122173
0.0780629
0.0680850
0.0519101
0.0769913
0.0220208
-0.0455567
-0.0151821
-0.0726442
0.0061620
-0.0253070
-0.0802803
-0.0108776
