0.0148438
-0.0070293
-0.0048896
-0.0187946
-0.0378356
-0.0093487
-0.0141066
-0.0343490
0.0090374
0.0392071
0.0304030
0.0633088
0.0443890
0.0695435
0.0387909
0.0227044
-0.0204595
-0.0657335
-0.0841516
-0.1271154
-0.1618032
-0.1104133
-0.0326877
0.1913069
0.2935601
0.2581010
0.0808721
-0.1165676
-0.1627696
-0.1286952
-0.0495572
0.0193686
-0.0108414
-0.0124579
0.0140502
0.0037697
0.0404873
0.0353297
0.0342670
0.0426942
0.0078843
-0.0042640
-0.0050728
0.0143940
-0.0053462
-0.0195864
-0.0062751
-0.0134550
-0.0312930
-0.0214421
0.0029909
0.0227041
0.0161165
0.0261313
-0.0156618
0.0163538
-0.0090709
-0.0031394
0.0061960
0.0221877
-0.0024228
0.0011370
0.0015270
-0.0013521
0.0000300
0.0037480
0.0016725
0.0038460
-0.0010867
-0.0119183
0.0261676
0.0168469
-0.0157888
-0.0083676
0.0152431
-0.0116298
0.0087380
-0.0148340
0.0169487
0.0147435
0.0110038
-0.0192248
-0.0110358
0.0023523
0.0054608
0.0164380
0.0206481
-0.0061321
0.0129828
0.0008401
-0.0227018
0.0254239
0.0061557
0.0198525
0.0052272
0.0100504
-0.0008966
0.0062655
-0.0005232
0.0012131
-0.0145573
-0.0201055
-0.0247954
-0.0219516
0.0197881
0.0082588
0.0072538
-0.0151965
-0.0141001
-0.0057865
-0.0169211
0.0242094
-0.0028587
0.0194770
-0.0097003
-0.0201242
-0.0168419
-0.0265850
-0.0213869
0.0028058
0.0086782
-0.0222366
0.0015195
-0.0207132
-0.0209963
-0.0025782
0.0191097
-0.0156982
0.0062849
0.0246393
0.0180686
0.0083561
-0.0143622
0.0186500
-0.0201355
-0.0074542
-0.0186808
-0.0056148
0.0271760
-0.0035999
-0.0235965
0.0171221
-0.0089710
-0.0214703
0.0126694
-0.0027257
0.0235412
-0.0075963
0.0033040
-0.0095686
0.0195539
0.0272193
0.0044980
-0.0235082
-0.0017875
0.0166804
-0.0198981
-0.0148918
-0.0050261
-0.0239283
0.0111717
-0.0081421
0.0159902
0.0111246
0.0271394
0.0248569
0.0156676
0.0028291
-0.0127729
-0.0032252
-0.0096694
0.0010581
0.0144208
0.0162470
-0.0128737
-0.0180216
0.0148955
-0.0177229
-0.0121552
-0.0179541
-0.0158368
0.0247607
0.0291866
0.0216524
-0.0135287
-0.0010440
0.0163674
0.0184109
-0.0219556
0.0071550
-0.0194599
0.0017528
-0.0113271
-0.0143798
-0.0145869
-0.0205479
-0.0116223
-0.0028659
0.0088655
0.0084417
0.0085321
0.0044872
-0.0072807
0.0026333
-0.0148549
-0.0087416
-0.0224808
0.0122794
-0.0105858
0.0205733
-0.0067965
0.0108338
-0.0066059
-0.0220646
0.0201382
0.0266892
0.0052212
0.0008191
-0.0114379
0.0008371
-0.0092622
-0.0040942
-0.0163829
0.0186460
-0.0020715
0.0141967
-0.0020638
-0.0291734
0.0001444
-0.0004436
-0.0003312
0.0109397
0.0202722
-0.0159739
0.0186035
0.0020824
0.0239312
0.0209541
0.0049113
-0.0079059
-0.0157857
0.0124834
-0.0008030
-0.0024444
-0.0291396
0.0083902
-0.0098256
0.0069169
0.0070198
-0.0017864
-0.0068872
0.0072040
0.0546091
0.0189185
0.0557252
0.0292506
-0.0032581
-0.0347561
-0.0650980
-0.0857640
-0.0962182
-0.1140644
-0.0317642
0.1010850
0.1976401
0.1638064
0.0577605
-0.0743245
-0.1019403
-0.0739461
-0.0332362
0.0161173
-0.0181078
-0.0155044
0.0076883
0.0276836
0.0241308
-0.0129856
0.0195238
0.0035682
-0.0074301
0.0243432
0.0096201
-0.0206188
-0.0188897
0.0059769
-0.0137830
-0.0116831
-0.0183140
-0.0040245
0.0156595
0.0178045
0.0141424
0.0184263
-0.0015330
-0.0104021
0.0043395
-0.0184563
-0.0227658
0.0171276
0.0098771
0.0081259
0.0021251
-0.0199394
-0.0262424
-0.0032059
-0.0288726
-0.0213747
0.0112216
0.0081409
0.0057977
0.0123571
0.0238694
0.0073873
0.0033858
0.0066961
0.0109167
0.0118107
0.0045868
0.0017358
-0.0108853
-0.0087074
0.0201098
0.0109861
0.0163558
0.0109262
-0.0151188
0.0201287
-0.0107503
-0.0070806
-0.0160729
-0.0119460
0.0180990
-0.0038127
-0.0024096
-0.0106701
-0.0002087
0.0195162
0.0154678
0.0023776
0.0151108
-0.0157807
-0.0158195
0.0139219
-0.0093517
0.0194041
-0.0129993
-0.0110848
0.0004536
0.0251378
-0.0080438
0.0009210
0.0149455
-0.0109368
0.0202308
0.0037441
0.0120174
-0.0017045
0.0114110
0.0123580
-0.0005469
0.0107853
-0.0241116
-0.0135782
0.0133874
0.0166301
0.0220162
-0.0127590
0.0011310
0.0036970
-0.0240063
-0.0138661
-0.0195693
-0.0170808
-0.0160278
-0.0148906
-0.0009952
-0.0122135
-0.0214160
0.0130413
-0.0044695
0.0107836
0.0288900
-0.0153851
0.0173312
-0.0224921
0.0130072
0.0145316
-0.0191659
0.0213092
-0.0037477
-0.0143878
0.0203174
0.0195559
0.0236755
-0.0062077
-0.0152963
0.0060531
0.0115428
-0.0134421
-0.0107129
-0.0115710
-0.0055779
0.0037399
-0.0172910
-0.0222972
0.0122217
0.0271094
-0.0119303
-0.0065806
0.0104877
-0.0019649
-0.0218964
0.0174874
-0.0040864
0.0028284
-0.0053973
-0.0021451
0.0013448
-0.0094617
0.0009212
0.0087951
-0.0048963
0.0226922
-0.0054308
0.0074855
-0.0163276
0.0135699
-0.0171220
0.0331744
0.0047681
-0.0173623
-0.0156646
0.0089678
-0.0023097
0.0115638
-0.0191126
0.0121548
0.0130184
0.0022500
-0.0182417
0.0007246
-0.0136002
0.0130111
0.0014770
0.0215989
0.0218330
0.0152845
0.0036477
0.0220943
-0.0230170
-0.0167432
0.0019726
-0.0124808
-0.0026434
-0.0047936
-0.0252985
-0.0227173
0.0116370
-0.0179196
-0.0297025
0.0078883
0.0122748
-0.0153410
0.0226334
0.0194595
-0.0091954
0.0104247
-0.0024559
0.0136343
-0.0051787
-0.0226851
0.0160948
0.0073517
-0.0050024
-0.0121430
-0.0042669
0.0018207
-0.0026724
-0.0217443
-0.0017311
0.0097054
-0.0075693
0.0110769
0.0231439
0.0047496
-0.0188229
-0.0256565
-0.0154912
0.0238051
0.0125613
0.0097163
-0.0245305
-0.0120657
0.0199006
-0.0115163
-0.0118261
0.0185635
0.0274869
0.0094163
0.0086046
0.0254608
-0.0016188
0.0081960
-0.0145768
0.0142740
-0.0139506
0.0117526
-0.0123311
-0.0213307
-0.0262684
-0.0302614
0.0152130
0.0127779
-0.0059621
0.0337568
0.0100033
0.0259705
0.0292350
0.0521305
0.0329458
-0.0052900
-0.0092472
-0.0411681
-0.0984116
-0.1315588
-0.1157738
-0.0099558
0.1204444
0.1945838
0.1696566
0.0320061
-0.0693773
-0.1143324
-0.0811511
-0.0008745
0.0169540
0.0018685
-0.0287234
-0.0162782
-0.0117713
0.0237270
0.0186543
0.0211020
0.0278531
0.0267995
0.0038436
0.0195223
0.0022801
-0.0198888
-0.0063852
-0.0037515
-0.0064047
-0.0073108
-0.0157855
-0.0188757
-0.0044460
0.0241292
-0.0077663
0.0156290
-0.0018292
-0.0029276
-0.0149634
-0.0167515
-0.0002121
-0.0061866
0.0189199
-0.0085492
-0.0116679
-0.0225640
-0.0005967
0.0222569
0.0058068
0.0068175
0.0241617
0.0013005
-0.0157551
-0.0160111
0.0068347
0.0087526
0.0208872
-0.0270085
-0.0272277
0.0160474
-0.0099161
-0.0075543
-0.0184393
0.0027563
-0.0054036
-0.0149206
0.0181349
0.0111391
0.0186461
-0.0155470
-0.0244655
0.0100803
-0.0081774
0.0084338
-0.0095757
0.0166531
-0.0187955
0.0262248
-0.0163655
-0.0183887
-0.0172709
-0.0071474
-0.0040413
0.0063831
-0.0062589
-0.0075801
-0.0105470
0.0096333
0.0153246
0.0206945
0.0067625
0.0197600
0.0039642
0.0058263
0.0108786
0.0094417
-0.0220760
0.0087588
0.0012527
0.0181439
0.0237357
-0.0028179
-0.0304375
-0.0207948
-0.0046530
0.0336021
0.0289382
0.0007312
0.0050112
0.0051863
-0.0150580
-0.0267364
0.0230399
-0.0026819
0.0049680
-0.0086910
-0.0042732
0.0199958
-0.0043737
0.0019458
0.0028362
-0.0170674
0.0007108
-0.0049896
-0.0181357
-0.0134575
0.0212255
-0.0093253
-0.0233430
0.0071215
-0.0140764
0.0070549
0.0302512
-0.0180667
0.0044570
-0.0038854
-0.0101635
0.0032377
-0.0163130
-0.0034922
-0.0056137
0.0033001
-0.0126076
0.0002756
0.0181082
-0.0043946
0.0143690
-0.0239229
0.0078950
-0.0030214
0.0150601
-0.0144954
-0.0001231
0.0097779
0.0137971
-0.0059134
0.0106390
-0.0038793
-0.0020910
-0.0144968
-0.0180223
-0.0016644
0.0158711
-0.0002760
0.0185063
-0.0185112
-0.0035944
-0.0022947
-0.0052889
0.0092276
0.0065433
0.0214441
0.0123151
-0.0231286
-0.0074338
-0.0025354
-0.0143862
0.0222622
0.0111441
-0.0045176
-0.0194297
0.0033951
-0.0082462
-0.0157276
-0.0143762
-0.0131575
0.0155059
-0.0103072
0.0182294
0.0198007
0.0186023
-0.0155240
0.0044757
-0.0205341
0.0224860
0.0126903
-0.0089573
0.0138756
0.0095424
-0.0107600
0.0135469
-0.0070572
-0.0207076
0.0156705
-0.0166599
-0.0205631
0.0109074
0.0017599
-0.0202002
-0.0075123
0.0191978
0.0036073
0.0040869
-0.0204002
-0.0023451
-0.0126552
-0.0018728
-0.0157774
0.0110834
-0.0010981
0.0104364
0.0193739
0.0023032
0.0039237
0.0130230
0.0082119
0.0221741
-0.0161310
-0.0095727
-0.0054586
-0.0210652
0.0208375
-0.0070221
0.0142151
0.0020298
-0.0150178
0.0119094
0.0156120
0.0003438
-0.0018965
0.0304584
0.0146483
0.0080989
0.0016683
-0.0037492
0.0066814
0.0069737
-0.0152465
-0.0167699
-0.0191685
-0.0020975
-0.0185848
0.0231267
0.0135103
0.0532318
0.0106328
0.0342369
0.0253262
0.0442826
0.0451332
0.0246108
-0.0214494
-0.0350111
-0.0813041
-0.1347804
-0.1581488
-0.1105617
0.0618389
0.1990662
0.2672516
0.1561269
-0.0207027
-0.1282299
-0.1640985
-0.0745874
-0.0237987
-0.0288894
-0.0085212
0.0092925
-0.0100754
0.0061147
0.0117827
0.0028992
0.0291856
0.0410568
0.0243338
-0.0150534
-0.0187334
-0.0161502
0.0103523
-0.0119601
-0.0274109
0.0119205
0.0047421
-0.0051643
-0.0155762
-0.0157757
0.0233899
-0.0148106
0.0322787
0.0047605
0.0212205
0.0221267
-0.0080419
0.0180916
0.0061595
-0.0269622
0.0113449
-0.0006978
0.0027970
0.0229462
-0.0145209
-0.0024641
0.0178884
0.0235862
0.0257908
0.0212765
0.0286892
0.0108269
0.0148445
0.0174305
-0.0124399
0.0107677
-0.0072484
-0.0133055
-0.0089531
-0.0039593
-0.0053793
-0.0215046
-0.0175257
0.0067340
0.0267970
0.0119432
0.0156053
-0.0056709
-0.0211853
-0.0055629
-0.0157200
-0.0148713
-0.0017670
-0.0009335
-0.0014546
0.0080974
-0.0102559
-0.0034572
0.0160863
0.0012093
-0.0159253
0.0152603
0.0082135
-0.0069822
0.0168232
-0.0103412
0.0202525
0.0224675
-0.0111088
0.0148989
0.0150869
-0.0147218
0.0097258
0.0083069
-0.0167576
0.0256652
0.0199518
-0.0047845
-0.0075762
0.0086528
0.0187547
0.0087505
0.0042086
0.0213805
0.0045345
-0.0035603
0.0084461
-0.0252025
-0.0075068
0.0234388
0.0086293
0.0123057
-0.0119531
-0.0001520
-0.0088815
-0.0168262
0.0131542
-0.0201895
0.0054235
-0.0172515
-0.0106208
0.0115265
0.0004358
-0.0097030
0.0139530
0.0108749
-0.0047998
0.0096433
-0.0203150
-0.0027228
0.0203308
0.0088698
-0.0180991
-0.0021127
0.0066255
-0.0052132
0.0013238
-0.0073563
-0.0007893
-0.0233072
-0.0280189
-0.0232693
0.0266687
0.0222923
-0.0249227
-0.0300190
0.0019516
-0.0071523
0.0181410
0.0023294
-0.0014802
0.0166212
0.0152261
0.0160375
-0.0117335
-0.0090631
-0.0171801
0.0072262
0.0050157
-0.0070060
-0.0158851
0.0064347
-0.0186125
0.0050075
0.0015564
0.0141114
-0.0057176
0.0037189
0.0035155
-0.0227568
0.0122721
-0.0029660
0.0113920
-0.0207133
0.0011513
0.0051952
-0.0024725
0.0019618
-0.0027287
-0.0123936
0.0255778
0.0283341
-0.0031111
-0.0285275
0.0105399
0.0201274
0.0095669
0.0079497
0.0035536
0.0058216
0.0132651
-0.0181992
-0.0007377
-0.0057363
0.0104176
-0.0221368
-0.0309400
0.0145542
-0.0006884
0.0233915
-0.0021456
0.0006965
0.0059036
-0.0028273
0.0256599
-0.0131724
-0.0141025
0.0067525
-0.0037345
-0.0018960
-0.0025323
-0.0102748
-0.0205858
-0.0180123
0.0144278
-0.0223967
-0.0272441
-0.0074794
-0.0014585
0.0248577
0.0155400
0.0026555
-0.0071878
-0.0239224
-0.0241772
0.0008195
-0.0182930
-0.0071423
0.0185355
0.0034721
0.0173441
0.0260255
0.0063852
-0.0147664
-0.0013028
-0.0012537
-0.0259773
0.0019002
0.0153007
-0.0129413
-0.0107557
0.0290007
0.0007186
0.0089650
-0.0045084
0.0189742
-0.0076959
-0.0023667
0.0069641
-0.0004269
-0.0242605
-0.0481694
-0.0085504
-0.0029313
-0.0387111
-0.0348954
-0.0046336
0.0181263
0.0445034
0.0540555
0.0438217
0.0553795
0.0699303
0.0287206
0.0260771
-0.0470027
-0.0548670
-0.0849262
-0.1390841
-0.1669007
-0.1147996
0.0455210
0.1934050
0.2729234
0.2242022
0.0268383
-0.1439250
-0.1647170
-0.0955664
-0.0349996
0.0109095
-0.0249401
0.0165601
-0.0022726
0.0055065
0.0390418
0.0413512
0.0400438
0.0098978
-0.0147526
0.0183208
-0.0145845
-0.0057458
-0.0117275
-0.0373445
-0.0013399
-0.0260403
-0.0047070
-0.0250356
-0.0052739
0.0278282
-0.0067647
-0.0075116
0.0255233
-0.0217486
-0.0112239
-0.0018980
-0.0072289
0.0240913
0.0175453
-0.0208089
-0.0180445
0.0045141
0.0153117
-0.0246318
0.0058579
-0.0028274
-0.0197014
0.0274104
0.0157255
-0.0040197
0.0034937
0.0103159
0.0092634
0.0270228
0.0124150
-0.0255344
0.0034618
-0.0144860
0.0233726
0.0014846
-0.0091001
-0.0218888
0.0212243
-0.0217550
0.0105055
0.0013845
-0.0177912
-0.0147186
-0.0110579
-0.0156865
0.0035847
-0.0190349
0.0076603
0.0079811
0.0081850
0.0186433
-0.0193898
0.0101339
0.0153332
0.0037584
0.0095748
0.0103383
-0.0218469
-0.0086920
0.0167794
0.0095632
-0.0017123
-0.0125941
-0.0006360
0.0255467
-0.0189608
-0.0154516
0.0060096
0.0168645
0.0067654
0.0023039
-0.0220288
0.0081093
-0.0204334
0.0001547
0.0005170
0.0257458
0.0044690
0.0143580
0.0006164
0.0140142
-0.0228970
-0.0031249
0.0123498
-0.0098054
-0.0258078
-0.0274550
-0.0055169
0.0390942
0.0220611
-0.0029588
-0.0168293
-0.0315187
-0.0225169
0.0172565
-0.0072690
0.0119042
-0.0263995
-0.0224592
0.0045181
-0.0049912
0.0067835
0.0066006
-0.0018560
0.0192654
-0.0051502
-0.0038021
-0.0034340
0.0061936
-0.0171335
0.0154863
0.0076732
0.0137506
0.0073280
-0.0235816
0.0117289
0.0136098
0.0179390
-0.0042405
-0.0166915
-0.0032035
0.0175414
-0.0102858
-0.0219132
-0.0250171
0.0253737
0.0230846
0.0203133
0.0194628
-0.0156077
-0.0130700
0.0058104
0.0188935
0.0060694
0.0024436
-0.0124853
-0.0148733
-0.0248666
-0.0037500
0.0106044
-0.0074565
-0.0089234
-0.0244852
0.0249447
-0.0191837
-0.0070046
0.0138864
-0.0226250
-0.0017894
-0.0036471
-0.0087985
0.0045579
0.0048585
-0.0150636
0.0118889
0.0047262
-0.0258305
0.0010533
-0.0004953
0.0076575
-0.0108320
0.0171942
-0.0170980
