-0.0191255
-0.0031585
0.0087510
-0.0013448
-0.0043240
-0.0035259
-0.0091483
0.0016473
0.0203979
-0.0187600
0.0205457
0.0098231
0.0083495
-0.0024597
0.0003407
-0.0195335
0.0134555
0.0207211
0.0252438
0.0140156
0.0124972
0.0056094
-0.0050704
0.0075581
-0.0010248
-0.0045776
-0.0058626
-0.0039952
-0.0001003
-0.0072274
-0.0211181
0.0133142
-0.0014507
0.0011146
-0.0262953
-0.0061596
-0.0189148
-0.0087505
0.0262762
-0.0145572
0.0058685
0.0091846
-0.0071894
-0.0188246
-0.0166831
-0.0306934
-0.0016679
-0.0196815
0.0048704
-0.0144675
0.0244197
-0.0144603
-0.0049892
-0.0261388
0.0159642
-0.0038011
0.0246813
0.0012897
0.0090657
-0.0004814
-0.0235530
0.0095728
0.0135339
-0.0014589
-0.0145378
-0.0006710
0.0090192
0.0124113
0.0018482
0.0171860
0.0036693
0.0045041
-0.0031696
0.0044902
-0.0151290
0.0066940
-0.0167725
0.0103482
-0.0268818
-0.0223641
0.0008469
-0.0064664
-0.0083469
0.0056697
0.0113948
0.0013435
-0.0228814
0.0070699
0.0096702
0.0180538
0.0076540
-0.0236818
0.0149786
0.0196613
0.0026719
0.0175640
-0.0156317
-0.0037064
0.0308063
-0.0116845
-0.0050010
-0.0074084
0.0003323
0.0157616
0.0178769
-0.0085605
0.0037632
0.0211166
-0.0218122
-0.0191157
0.0080445
0.0217207
-0.0036754
-0.0068455
-0.0015083
0.0200565
0.0192923
-0.0112203
0.0046119
0.0136249
-0.0196531
0.0089419
0.0092942
-0.0121669
0.0004183
-0.0084968
-0.0139964
-0.0199374
-0.0221623
0.0033801
-0.0029414
-0.0220911
0.0058545
0.0042610
0.0056143
0.0004757
0.0014588
-0.0072409
-0.0091267
0.0064845
0.0057066
-0.0056997
-0.0303360
0.0178370
-0.0210663
-0.0054009
-0.0008073
-0.0216894
0.0187126
-0.0090834
0.0062132
0.0168869
0.0185840
-0.0142589
0.0167379
-0.0202178
-0.0024796
0.0181567
0.0061461
-0.0239720
-0.0184942
-0.0025028
0.0167158
-0.0128958
-0.0145460
0.0202536
-0.0146871
0.0289219
-0.0011169
-0.0061321
-0.0266038
-0.0154844
-0.0003197
-0.0101688
-0.0110394
-0.0147179
-0.0249401
0.0203392
0.0268402
0.0010413
0.0188291
0.0287069
-0.0049776
0.0372261
0.0020291
-0.0165498
-0.0048377
-0.0139785
-0.0284654
-0.0407093
-0.0418958
-0.0068827
-0.0140774
-0.0413548
-0.0007232
-0.0142369
0.0161451
0.0152278
0.0559097
0.0513694
0.0576187
0.0419315
0.0399558
-0.0288260
-0.0477603
-0.0855967
-0.1491147
-0.1490900
-0.1472566
0.0139308
0.1838094
0.2707107
0.2341818
0.0454602
-0.0937099
-0.1779264
-0.1290919
-0.0593802
0.0197039
0.0087284
-0.0002910
0.0097665
0.0273701
0.0431984
0.0047631
0.0085339
0.0319358
0.0236034
0.0305011
0.0001862
-0.0103505
-0.0061487
-0.0059340
-0.0071481
-0.0281288
-0.0002317
-0.0324746
-0.0015881
0.0082071
-0.0104645
0.0040072
0.0010009
-0.0041026
-0.0199077
0.0031860
0.0141306
-0.0184728
-0.0194673
0.0188428
-0.0179117
-0.0037007
0.0152540
0.0107574
0.0046042
0.0111614
0.0044967
-0.0148197
-0.0117320
-0.0093073
0.0114744
0.0146083
-0.0250839
0.0122086
0.0060178
-0.0130404
-0.0096362
-0.0126040
-0.0092022
-0.0096159
0.0094691
-0.0096788
-0.0114445
0.0052204
0.0077959
0.0091582
-0.0051365
-0.0185085
0.0212933
0.0144940
-0.0075114
-0.0109919
-0.0248942
0.0004868
-0.0108660
0.0070300
0.0072142
0.0213361
0.0104599
-0.0012489
-0.0068829
-0.0140190
0.0158138
-0.0238770
-0.0177439
-0.0209884
-0.0127429
0.0199860
0.0204829
-0.0012023
-0.0175565
0.0181502
0.0101396
0.0229091
-0.0015688
0.0075887
-0.0233133
0.0179131
0.0036254
-0.0035159
0.0234171
0.0117809
-0.0164916
-0.0088895
-0.0161432
0.0062905
-0.0074112
0.0174662
-0.0087558
0.0026886
-0.0099631
0.0209759
0.0048640
-0.0185563
0.0039731
-0.0148477
-0.0028440
-0.0205618
-0.0007283
-0.0114148
-0.0164510
-0.0183535
-0.0034131
0.0089349
0.0127398
0.0002848
-0.0077095
-0.0138212
0.0100924
0.0007894
-0.0211203
-0.0056765
0.0204570
-0.0112593
0.0103387
0.0091169
-0.0197101
-0.0058576
-0.0037283
0.0257208
0.0084889
-0.0078635
0.0195213
0.0041600
0.0054627
0.0213064
-0.0090807
0.0178300
0.0118098
-0.0146465
-0.0260970
0.0179861
0.0144934
0.0064019
-0.0069855
0.0071588
-0.0131453
-0.0095828
-0.0215259
-0.0213271
0.0211843
0.0159723
-0.0154589
-0.0268399
-0.0034254
-0.0221646
-0.0012474
-0.0118054
-0.0031545
-0.0007686
0.0057202
0.0063640
0.0194133
-0.0217904
-0.0290884
0.0138466
-0.0107980
0.0012255
0.0094221
0.0266437
0.0132920
0.0085204
0.0170328
0.0187884
0.0078729
0.0116920
0.0092449
0.0080215
-0.0029907
0.0010157
-0.0195999
0.0025369
-0.0240853
0.0022392
0.0019085
-0.0075099
-0.0195897
-0.0042224
-0.0215548
0.0204542
-0.0184419
0.0080228
-0.0205097
0.0056773
0.0153348
0.0069775
-0.0033444
0.0142548
0.0223242
-0.0129020
0.0079735
0.0275464
-0.0056790
-0.0146176
-0.0124544
-0.0258968
-0.0053713
-0.0009485
-0.0178549
-0.0002673
0.0171657
-0.0073226
-0.0179418
-0.0082478
-0.0026496
-0.0147125
-0.0233380
0.0123547
0.0023347
0.0178486
-0.0144511
-0.0074617
-0.0129437
0.0065203
0.0129040
-0.0050703
-0.0263886
0.0050872
-0.0171165
-0.0090894
0.0146994
0.0053486
0.0288656
-0.0022584
0.0302631
-0.0126779
0.0056397
0.0091399
0.0014152
-0.0056170
0.0055558
-0.0266578
-0.0067837
-0.0301086
-0.0448116
-0.0336788
0.0050152
-0.0078932
0.0293217
0.0120771
0.0402171
0.0203027
0.0396561
0.0412029
0.0003956
-0.0438584
-0.0621833
-0.0629762
-0.0983375
-0.1350941
-0.0874559
0.0389696
0.1917430
0.2829937
0.1498136
0.0017536
-0.1540543
-0.1427821
-0.0454814
0.0054826
0.0028939
-0.0107032
-0.0239469
0.0159911
0.0126186
0.0251275
0.0100012
0.0071352
0.0355882
0.0338087
0.0058704
0.0087172
-0.0001881
-0.0240535
0.0078972
-0.0263365
-0.0075683
-0.0244917
-0.0137846
0.0181145
0.0061114
-0.0119014
-0.0185326
-0.0077960
0.0303787
-0.0134739
-0.0034630
0.0260906
0.0161457
0.0076497
0.0149893
-0.0106871
-0.0256112
-0.0121529
0.0166280
-0.0237999
-0.0253935
-0.0097290
0.0115247
-0.0001227
-0.0073278
-0.0161218
0.0277479
0.0025712
-0.0042826
0.0014898
0.0199262
-0.0087836
0.0018990
0.0070828
-0.0064977
0.0080457
-0.0101098
-0.0144333
-0.0100208
0.0138687
-0.0024980
-0.0073234
0.0147505
-0.0134462
0.0018335
0.0238772
-0.0063662
-0.0041278
-0.0190249
-0.0183136
-0.0172108
-0.0040958
-0.0230455
-0.0128353
0.0099633
0.0113896
0.0190328
0.0056934
0.0043166
-0.0166924
-0.0053656
0.0070440
0.0169940
-0.0069766
0.0197720
-0.0090693
-0.0127021
-0.0033380
0.0220435
-0.0024166
0.0144924
-0.0158313
-0.0205805
0.0070481
-0.0064302
-0.0127945
-0.0015621
-0.0201370
-0.0106351
0.0162523
0.0218830
0.0166808
0.0126169
-0.0019406
-0.0161527
-0.0017491
-0.0001786
0.0195155
0.0203739
-0.0031561
-0.0066529
0.0143434
0.0166142
-0.0141865
-0.0052763
-0.0190389
-0.0117366
-0.0148627
0.0037635
-0.0201265
0.0062598
0.0103564
-0.0171027
0.0010960
-0.0132130
-0.0039550
0.0126585
0.0127882
-0.0138669
-0.0178001
0.0056510
0.0075704
0.0132965
-0.0140447
-0.0064328
-0.0144129
-0.0125849
-0.0055930
0.0108135
-0.0170171
-0.0067670
-0.0019185
0.0272977
-0.0125842
-0.0087554
0.0134602
0.0111484
-0.0080977
0.0063306
-0.0108167
-0.0040638
0.0065985
0.0202629
0.0257815
0.0036710
-0.0048536
0.0060728
-0.0234886
-0.0248324
-0.0061190
0.0123583
0.0273318
-0.0140714
-0.0217191
-0.0027708
-0.0203040
0.0258152
0.0160200
0.0113288
-0.0095156
0.0063800
0.0067702
0.0129218
0.0241809
0.0197702
0.0208538
0.0115084
0.0232117
0.0082019
-0.0138494
-0.0132749
0.0191463
-0.0250446
-0.0212634
-0.0037553
0.0078386
0.0156296
0.0093219
-0.0149007
0.0156763
0.0087265
-0.0091425
0.0182003
0.0237549
0.0022043
0.0249683
-0.0131640
0.0054347
-0.0009882
-0.0079377
0.0346311
0.0264878
-0.0211062
-0.0184745
-0.0162700
0.0087388
-0.0222446
-0.0005911
0.0067689
-0.0050740
0.0316833
0.0150221
0.0074675
0.0155919
-0.0182669
0.0036407
0.0202409
-0.0161193
-0.0305161
-0.0130497
0.0143998
-0.0214871
-0.0085379
-0.0092679
-0.0037436
0.0208118
0.0072928
0.0026064
-0.0081192
0.0283946
-0.0048123
0.0142286
-0.0283687
-0.0308396
-0.0048134
-0.0158844
0.0018475
-0.0332762
-0.0158072
-0.0251068
0.0194125
0.0205475
0.0279282
0.0203801
0.0206617
0.0366227
0.0398585
0.0196241
-0.0334656
-0.0564948
-0.0535647
-0.0846924
-0.1139560
-0.0513906
0.0813397
0.1339452
0.1834907
0.1025431
-0.0318566
-0.1079255
-0.1014300
-0.0561129
-0.0035719
0.0010201
0.0091454
-0.0219579
-0.0103417
-0.0094178
0.0251003
0.0384655
0.0375431
0.0313581
0.0074497
-0.0247304
-0.0183594
0.0161403
-0.0066514
0.0197224
-0.0134585
0.0112131
-0.0156854
0.0124838
0.0065676
-0.0204761
0.0058971
-0.0113523
0.0085455
0.0200616
0.0150351
-0.0095209
-0.0197058
-0.0072740
-0.0068807
0.0041327
0.0241123
-0.0161958
-0.0011050
-0.0273551
0.0116184
0.0098174
0.0013522
0.0284544
0.0083010
-0.0100631
0.0119875
0.0095327
-0.0081013
0.0103555
-0.0195638
0.0211036
-0.0152034
-0.0204271
-0.0031618
-0.0161970
0.0104351
-0.0169449
0.0142016
-0.0124728
0.0259295
0.0121562
-0.0099598
-0.0173739
0.0099690
0.0226089
0.0197293
0.0093207
0.0021454
0.0213789
0.0135010
-0.0187027
0.0026544
0.0197250
-0.0195128
-0.0221445
0.0096439
-0.0086728
-0.0202525
-0.0095213
0.0081665
0.0180802
0.0243954
0.0163294
-0.0126453
-0.0241140
0.0154787
0.0112902
0.0064603
-0.0220178
-0.0264510
-0.0017273
0.0080285
-0.0061620
-0.0011175
0.0062689
-0.0177925
0.0176445
-0.0215328
-0.0207665
0.0289878
0.0125521
-0.0139474
-0.0194208
-0.0243906
0.0066888
0.0019702
0.0234325
0.0172825
0.0189228
-0.0232308
0.0076139
-0.0112172
0.0074833
0.0107855
-0.0149044
0.0192618
0.0159096
0.0038657
-0.0239829
-0.0030688
-0.0210744
0.0058294
0.0175659
-0.0236751
-0.0083479
-0.0153729
0.0069965
-0.0055259
-0.0102730
-0.0078306
-0.0148038
-0.0063709
0.0016184
-0.0148599
0.0004221
0.0090143
-0.0109115
0.0176175
-0.0267374
-0.0071953
-0.0237890
-0.0170733
0.0047717
0.0260740
-0.0180520
-0.0221117
0.0123196
-0.0242757
0.0065949
-0.0188272
-0.0023475
0.0198522
0.0106546
-0.0084834
0.0077653
0.0094759
0.0187796
0.0232447
-0.0110414
0.0126470
-0.0116655
0.0038938
0.0242201
0.0187422
0.0107809
0.0057344
-0.0221949
-0.0220855
0.0246493
-0.0015641
-0.0112870
0.0215243
0.0142520
0.0169369
-0.0040820
0.0177696
0.0232206
-0.0068714
0.0205006
-0.0016999
0.0261202
0.0126394
-0.0091462
-0.0151302
0.0140593
0.0172615
-0.0223118
-0.0226355
-0.0218687
-0.0151380
-0.0083698
0.0000199
-0.0118259
0.0178792
-0.0193486
-0.0259564
0.0018117
0.0075476
-0.0031512
0.0048716
0.0144731
0.0180549
0.0253229
0.0333809
0.0319433
0.0197914
-0.0152025
0.0158992
-0.0055503
-0.0017012
0.0011633
-0.0241566
-0.0122820
-0.0285957
-0.0089818
-0.0376512
-0.0364274
-0.0247534
-0.0208271
-0.0098777
0.0041682
0.0193291
0.0070897
0.0302199
0.0313559
0.0623859
0.0397021
-0.0091630
-0.0459115
-0.0379464
-0.0803357
-0.0941221
-0.1269729
-0.1023395
0.0540888
0.1698611
0.2318568
0.1387677
-0.0059710
-0.1434865
-0.1060934
-0.0617418
0.0040645
0.0095780
-0.0169167
-0.0134883
-0.0050843
0.0173776
0.0160306
0.0329754
0.0312173
0.0170113
0.0266534
-0.0122925
0.0036742
-0.0252360
-0.0086701
0.0048607
-0.0142346
0.0012870
-0.0259614
-0.0004162
0.0081651
-0.0002699
0.0002313
-0.0128280
-0.0010340
0.0142427
0.0029552
-0.0106352
-0.0074050
-0.0287093
0.0105614
-0.0018267
0.0038968
0.0133772
0.0098680
-0.0117396
0.0277915
0.0077128
-0.0211619
-0.0259870
0.0226916
0.0014592
-0.0186009
0.0198656
-0.0279537
-0.0297432
-0.0243338
0.0173919
0.0210116
-0.0018985
-0.0051041
-0.0166501
-0.0252425
-0.0290699
-0.0064107
0.0024865
0.0060119
-0.0115788
-0.0248923
0.0118557
0.0206319
0.0174501
0.0142012
-0.0197118
-0.0047300
0.0060737
0.0148335
0.0072688
0.0052028
-0.0210062
0.0029786
-0.0028377
-0.0225792
-0.0043632
-0.0206262
0.0107241
0.0101161
0.0131168
-0.0093340
-0.0179016
-0.0112717
0.0024732
0.0211653
-0.0088785
0.0020462
0.0040840
-0.0242453
-0.0239659
0.0218060
-0.0137854
-0.0165633
0.0007303
-0.0043839
-0.0122970
-0.0082375
-0.0310312
-0.0077820
-0.0032934
0.0070161
-0.0035802
-0.0042885
-0.0089195
0.0127272
-0.0156530
-0.0027653
-0.0061545
0.0088177
-0.0172511
0.0163079
-0.0059039
-0.0096354
-0.0184189
-0.0120578
-0.0181706
0.0055898
0.0095338
-0.0182674
-0.0031945
-0.0067646
0.0014255
-0.0078273
0.0056180
0.0021946
-0.0257646
0.0151740
0.0180999
0.0203046
0.0012493
-0.0230049
0.0101766
0.0204666
-0.0263869
-0.0115948
-0.0142020
0.0152917
-0.0126666
0.0144045
0.0025322
0.0129016
-0.0081025
-0.0003964
0.0024271
0.0126592
-0.0052113
0.0109739
-0.0250101
0.0011366
0.0059384
-0.0063167
0.0001401
-0.0160103
-0.0139055
0.0126545
0.0175228
0.0171291
0.0223697
-0.0151458
-0.0228402
0.0214772
0.0189789
0.0070827
-0.0059275
-0.0151456
-0.0094949
-0.0061241
-0.0055308
-0.0089341
-0.0153114
-0.0097772
-0.0085816
0.0219061
-0.0044829
0.0128835
-0.0226870
0.0239077
0.0208717
-0.0098918
-0.0105087
-0.0117788
0.0106308
0.0062090
0.0027745
-0.0273643
0.0175575
0.0053057
0.0161486
-0.0046909
0.0188783
0.0151850
-0.0141321
0.0087987
-0.0157991
0.0107610
-0.0177015
-0.0120523
0.0022715
0.0179066
0.0088483
0.0112504
-0.0164474
-0.0140766
0.0168911
0.0046441
-0.0054698
0.0100678
-0.0261695
-0.0104602
-0.0269731
0.0161485
-0.0130476
0.0278418
0.0010906
-0.0230802
-0.0017603
0.0148290
0.0031292
-0.0171784
-0.0261014
0.0043629
-0.0053997
0.0016164
-0.0121147
0.0054043
-0.0134841
0.0128753
-0.0135551
-0.0185223
0.0154976
-0.0177786
-0.0086153
0.0105010
0.0056305
-0.0218582
0.0145483
-0.0102431
0.0079732
0.0029733
0.0250821
-0.0006917
0.0243302
0.0004890
-0.0075671
0.0081420
-0.0107917
-0.0125712
-0.0045993
0.0072563
-0.0322244
-0.0140416
-0.0235563
-0.0289319
0.0243789
0.0187712
0.0436537
0.0621607
0.0518025
0.0593805
0.0537357
0.0329664
-0.0073886
-0.0429550
-0.0573217
-0.1078737
-0.1266358
