-0.0297914
-0.0435051
-0.0625668
-0.0947376
-0.0791524
-0.0870207
-0.0025305
0.0142910
0.0146952
-0.0355388
-0.0008308
-0.0007707
0.0104584
-0.0125009
-0.0446569
0.0354144
0.0528917
-0.0310254
-0.0763912
-0.0267325
-0.0211027
-0.0626611
-0.0032875
0.0467084
0.0095593
-0.0274388
0.0425590
-0.0047520
-0.0207596
0.0706912
-0.0101701
-0.0415867
-0.0091873
-0.0576776
-0.0218623
-0.0598366
-0.0449768
-0.0115970
0.0316400
-0.0278509
-0.0252135
-0.0580313
-0.0494462
0.0235143
-0.0196423
-0.0009080
-0.0216562
-0.0527095
-0.0389987
-0.0134713
-0.0180201
0.0282881
-0.0068083
-0.0030869
0.0488472
0.0169006
-0.0424087
0.0520584
0.0060480
-0.0150635
-0.0654342
0.0663746
-0.0230032
0.0467136
0.0304048
0.0066379
0.0449427
-0.0138810
0.0624564
-0.0587977
-0.0585964
0.0396715
0.0571891
-0.0526276
0.0280844
0.0378832
0.0531510
-0.0488364
0.0091981
0.0199727
0.0606003
-0.0640423
0.0146417
0.0050566
0.0676480
0.0136799
-0.0269986
0.0576266
-0.0178152
-0.0023760
-0.0608575
0.0243278
-0.0590708
-0.0008176
0.0083905
-0.0455994
0.0051647
0.0411154
-0.0135515
0.0043004
-0.0225971
0.0246578
-0.0228311
-0.0309565
-0.0606214
0.0458340
0.0336754
0.0292464
-0.0297840
0.0432922
-0.0166680
0.0226556
0.0541644
0.0149178
0.0432773
-0.0342336
0.0172526
-0.0108266
-0.0505222
-0.0314442
0.0137460
-0.0615688
0.0331610
-0.0082532
-0.0287057
0.0568223
0.0017403
-0.0511124
0.0564787
-0.0638046
0.0386525
-0.0053581
-0.0389856
-0.0019016
0.0088636
-0.0087215
-0.0112300
-0.0428602
0.0370918
-0.0063720
0.0036031
0.0149264
-0.0161230
0.0288183
-0.0182499
0.0443099
-0.0591781
0.0245927
-0.0677106
-0.0634496
0.0031329
0.0422372
0.0332376
0.0179508
0.0604475
-0.0094975
0.0169251
0.0043764
-0.0560558
0.0398408
0.0583814
-0.0249479
-0.0214656
0.0181219
0.0293339
0.0190776
-0.0174203
-0.0406312
-0.0006647
0.0507402
0.0516507
-0.0447401
-0.0455785
-0.0394933
-0.0570956
0.0527429
-0.0621648
0.0076485
0.0098827
-0.0673653
-0.0295413
-0.0252497
-0.0321805
-0.0001305
0.0070113
-0.0392254
-0.0296222
0.0144832
-0.0673183
0.0604288
-0.0152016
0.0301994
-0.0222736
0.0188634
-0.0510038
0.0652395
-0.0486344
0.0089314
0.0135378
-0.0542107
-0.0670459
-0.0030357
-0.0023627
-0.0153357
0.0798637
0.0408921
-0.0283161
-0.0461337
0.0747374
0.0064888
0.0598125
0.0534340
0.0559557
0.0440179
-0.0903788
-0.0914155
0.0154169
-0.0476961
-0.0375726
0.0421493
-0.0064753
-0.0501302
0.0336676
0.1016957
0.1064086
0.0823766
0.0932719
0.0647498
0.0240444
-0.0639678
-0.0131995
-0.1300221
-0.1238683
-0.1449895
-0.1553707
-0.0639371
0.0096960
0.2641330
0.3708362
0.4936007
0.2013462
-0.0972006
-0.3630838
-0.3612790
-0.2344762
-0.0131600
0.0903195
0.1097828
0.0415659
0.0374583
0.0463457
0.1214092
0.0533018
-0.0068842
0.0495120
-0.0887034
-0.0960403
-0.0284615
0.0047478
0.0250709
-0.0138375
-0.0049092
-0.0674872
-0.0624632
-0.0196057
-0.0442132
0.0245045
-0.0367306
0.0790484
0.0317217
-0.0490385
-0.0464443
-0.0034361
0.0354698
-0.0044322
0.0262837
-0.0258709
-0.0588642
0.0430560
-0.0149682
0.0095828
0.0181244
0.0154162
0.0682721
0.0632998
0.0411614
0.0055734
0.0072759
-0.0389324
-0.0024976
0.0303751
0.0054295
-0.0663730
-0.0708413
-0.0621684
-0.0166080
0.0711241
0.0491497
0.0399876
-0.0445550
0.0443232
-0.0442577
0.0673257
0.0664770
-0.0387792
0.0418504
-0.0457847
-0.0520579
-0.0007285
-0.0237773
-0.0432329
0.0147526
0.0095226
-0.0401845
0.0466551
0.0117336
-0.0073434
-0.0305744
-0.0127695
0.0371668
0.0405612
-0.0439152
-0.0199481
0.0535122
-0.0480455
0.0439368
0.0223926
0.0362499
-0.0124969
-0.0168186
0.0616013
0.0284917
-0.0465795
0.0002411
0.0181741
0.0223970
0.0305108
0.0296078
-0.0231289
0.0190279
0.0353852
-0.0336700
0.0457532
0.0638397
0.0541809
0.0550100
-0.0562218
-0.0682892
0.0542395
0.0033257
0.0596896
-0.0187028
0.0701343
-0.0455250
-0.0336556
0.0310930
0.0239032
0.0390254
-0.0453429
-0.0308677
-0.0676838
0.0168517
0.0100326
0.0618600
0.0183927
0.0445166
-0.0422216
0.0662776
0.0454860
-0.0374338
0.0454428
-0.0323215
0.0599682
0.0639867
-0.0404658
0.0058791
-0.0135346
0.0524154
0.0256468
-0.0702839
-0.0584797
-0.0058653
-0.0320850
0.0621175
0.0393860
0.0512874
0.0215794
-0.0263158
0.0418899
0.0671444
-0.0593651
-0.0048901
-0.0706783
0.0653586
0.0342083
-0.0510397
0.0721741
-0.0378980
0.0175189
0.0368519
-0.0155238
0.0180458
0.0085114
-0.0497059
-0.0571139
0.0074318
-0.0621332
-0.0668524
0.0460622
0.0489001
0.0449492
-0.0040143
0.0565200
0.0306983
0.0130351
0.0315014
0.0069134
-0.0563035
-0.0132085
-0.0391933
-0.0041449
0.0099708
0.0395837
-0.0547602
-0.0378988
-0.0430920
-0.0581150
0.0561438
-0.0093106
-0.0573770
0.0000942
-0.0594350
-0.0649307
-0.0091486
-0.0064048
0.0143024
-0.0087133
-0.0464792
0.0045313
-0.0136442
-0.0488219
-0.0624430
-0.0404843
0.0632391
-0.0289802
0.0082655
0.0219357
-0.0518980
0.0320399
-0.0399544
0.0058096
-0.0312866
0.0602165
-0.0086317
0.0026790
-0.0487111
-0.0456485
0.0341236
0.0603256
0.0386469
0.0315480
-0.0500215
-0.0528225
-0.0271579
0.0217091
-0.0072059
-0.0088060
-0.0168122
0.0432771
-0.0051401
-0.0620012
-0.0352644
-0.0596647
0.0381912
0.0730433
0.0906280
-0.0225774
0.0486106
0.0909256
0.0549487
0.0952320
0.0187944
-0.0735673
-0.0899977
-0.0710891
-0.1143855
-0.1787449
-0.0496980
-0.0469193
0.0139583
0.2085343
0.2859781
0.3283036
0.0932212
-0.1185779
-0.3688626
-0.3352899
-0.2574346
-0.0065390
0.0881742
0.0984676
0.1214866
0.0379961
0.1384870
0.0332243
0.0851779
0.0209662
-0.0737483
-0.0390250
0.0289415
-0.1115419
-0.1034901
-0.0777650
0.0337849
-0.0581273
0.0107230
0.0686576
0.0765428
0.0180138
0.0240528
0.0417249
0.0004029
0.0069014
-0.0208581
-0.0485022
-0.0264922
-0.0232098
0.0513723
0.0168885
0.0409014
0.0220218
-0.0364145
0.0512147
0.0474640
-0.0102338
-0.0245431
-0.0455076
0.0655860
0.0704052
0.0484315
-0.0263104
-0.0059600
-0.0271190
-0.0084663
-0.0466830
-0.0488112
-0.0504314
0.0067979
-0.0207193
-0.0063249
-0.0578290
-0.0297363
-0.0301700
-0.0678359
-0.0193001
-0.0130931
0.0488773
-0.0272718
-0.0424361
-0.0197194
-0.0585488
-0.0042306
-0.0179262
0.0506346
0.0388618
-0.0533606
-0.0628492
0.0432915
0.0351148
0.0226112
0.0641905
-0.0544214
-0.0479143
0.0458436
-0.0233235
-0.0361557
0.0084691
-0.0643755
0.0159837
0.0513453
0.0140922
0.0044568
-0.0435014
-0.0289457
0.0566722
0.0326874
-0.0328154
-0.0042535
0.0145485
-0.0647125
-0.0735883
-0.0127499
-0.0353615
-0.0613469
0.0092004
0.0179558
-0.0369087
-0.0557173
0.0520779
-0.0133587
-0.0553662
0.0298284
0.0268777
-0.0628099
0.0424906
-0.0174628
-0.0734736
-0.0425637
0.0173409
-0.0167023
-0.0042963
0.0752528
-0.0379179
0.0212236
0.0597684
-0.0342447
-0.0239276
-0.0106805
0.0248321
0.0277930
-0.0661714
-0.0486375
0.0124002
-0.0370706
-0.0580057
0.0469154
0.0396903
-0.0526203
0.0048353
0.0069634
0.0044626
0.0190031
0.0478668
-0.0185843
0.0328062
-0.0236352
0.0176356
0.0175635
-0.0288215
0.0233701
0.0394298
-0.0658378
-0.0305570
-0.0346394
0.0530026
0.0516095
0.0541588
0.0427936
-0.0357072
0.0324673
-0.0148914
0.0027785
0.0081204
0.0639433
-0.0236500
0.0603921
-0.0325040
0.0083892
0.0606075
0.0478921
-0.0473841
-0.0263548
-0.0087884
-0.0599352
0.0567939
-0.0365770
-0.0087141
0.0243654
-0.0346973
0.0448153
0.0552328
-0.0609332
0.0659753
0.0366564
0.0389757
0.0113149
-0.0099448
0.0484160
0.0364514
-0.0155472
0.0201959
0.0364322
0.0605767
0.0630018
-0.0520756
-0.0449413
0.0223780
0.0053144
0.0329282
0.0486613
0.0287755
0.0448856
-0.0611779
0.0517683
-0.0621880
0.0369134
-0.0048364
-0.0530502
0.0142641
-0.0622185
0.0445815
-0.0227131
0.0521762
0.0414734
0.0224785
-0.0707336
0.0604063
0.0255204
-0.0242322
0.0435682
-0.0000322
0.0366643
0.0638705
0.0666010
0.0826685
0.0036069
-0.0212744
-0.0531064
0.0647369
-0.0335585
-0.0385766
-0.0485111
0.0320247
-0.0823243
0.0319691
-0.0528104
-0.0128145
-0.0466821
0.0739002
0.0739231
0.0944636
0.0921481
0.1059926
0.0214384
0.1153176
-0.0349354
-0.0046909
-0.0246374
-0.0871409
-0.1612421
-0.1176937
-0.0787045
-0.1765195
-0.0840116
0.1405278
0.3176094
0.4530515
0.3493990
0.0057008
-0.3426048
-0.4122549
-0.2731060
-0.0277725
0.1099668
0.1124246
0.0795009
0.0651189
0.0408820
0.0974633
-0.0101877
-0.0495827
-0.0392073
-0.0016794
-0.0283964
-0.0087194
0.0286622
-0.0642460
-0.0750210
0.0057762
0.0260254
0.0245010
0.0159421
0.0248193
0.0204149
0.0332853
-0.0308480
0.0546009
0.0202667
-0.0521530
-0.0223344
-0.0518572
0.0291258
-0.0551073
-0.0307037
-0.0246078
-0.0668743
0.0339438
0.0422837
0.0651470
0.0232535
0.0452914
-0.0166286
-0.0618758
0.0297838
0.0070247
0.0388329
0.0016536
0.0032691
-0.0491852
-0.0397897
-0.0366728
0.0162659
0.0326890
-0.0249690
-0.0592332
-0.0522802
-0.0588587
-0.0086860
0.0058610
0.0627794
-0.0655184
-0.0674585
-0.0581773
-0.0732906
0.0579293
-0.0705585
0.0534785
0.0350765
-0.0143955
-0.0547774
0.0627243
-0.0403759
0.0647698
-0.0283612
0.0055798
0.0455941
-0.0737564
-0.0808753
-0.0245204
0.0104456
-0.0120734
-0.0438061
-0.0441029
-0.0309119
0.0505771
-0.0375697
-0.0285218
-0.0031198
0.0081379
0.0052444
0.0042096
0.0653369
-0.0160396
-0.0968110
0.0203337
-0.0339803
-0.1152974
-0.0277644
-0.0371394
-0.0039041
0.0975397
0.1292363
0.1682575
0.0885598
0.1318174
0.0843470
-0.0225996
-0.1043722
-0.2865705
-0.3300415
-0.2713716
-0.0586938
0.1425692
0.1980180
0.3068248
0.2047418
0.1303235
0.0444591
0.0544130
0.0095878
-0.0621092
-0.1774542
-0.1352630
-0.0770588
-0.0657843
-0.0176487
0.0812641
0.0655012
0.0729732
0.0058979
0.0930450
-0.0085450
-0.0110881
0.0515730
0.0090196
0.0343315
0.0311201
-0.0792494
-0.0641944
0.0338710
-0.0656034
-0.0460341
0.0200090
-0.0524603
-0.0476119
0.0826570
-0.0563146
0.0250455
-0.0140457
0.0520930
-0.0021856
0.0075282
-0.0588678
0.0558973
-0.0202605
0.0321547
0.0045504
-0.0076583
-0.0319255
-0.0422686
-0.0112121
0.0050433
0.0169695
-0.0236269
-0.0102065
0.0459298
0.0419730
0.0400746
-0.0428098
-0.0002934
-0.0362317
-0.0541911
-0.0106662
0.0446354
-0.0297082
-0.0261283
0.0331690
-0.0598854
0.0242328
0.0147451
-0.0490927
-0.0388399
-0.0412175
-0.0363048
-0.0110965
-0.0224865
-0.0098986
0.0179639
-0.0241369
0.0560828
-0.0212469
-0.0428274
0.0507952
-0.0061416
0.0617153
-0.0711981
0.0199649
-0.0401015
-0.0260059
0.0631307
0.0044584
-0.0556120
-0.0159877
-0.0129870
0.0671250
0.0011102
0.0644857
-0.0445717
0.0091798
0.0124032
-0.0195046
0.0734181
0.0334151
-0.0460845
0.0353878
0.0592068
0.0448991
-0.0203463
0.0648871
-0.0612791
-0.0034552
-0.0062852
0.0144382
0.0127199
-0.0097303
0.0244963
0.0116286
-0.0152372
0.0022867
-0.0535231
-0.0114747
-0.0623485
-0.0502214
-0.0006500
0.0738485
-0.0072147
-0.0486262
-0.0041351
-0.0358852
0.0494353
-0.0508864
0.0022533
0.0459215
-0.0467151
-0.0534144
-0.0170196
0.0024547
0.0337291
0.0515328
0.0494443
-0.0007368
0.0588885
0.0394032
0.0228623
-0.0539754
0.0683547
0.0622093
0.0308583
-0.0523051
-0.0591549
-0.0472454
-0.0433662
-0.0465962
-0.0543175
0.0244636
0.0445580
-0.0003224
-0.0664902
0.0344374
0.0520720
-0.0440309
-0.0161097
-0.0418367
-0.0443120
-0.0131145
0.0312514
-0.0150099
0.0119758
-0.0013306
-0.0566145
-0.0091275
0.0029059
0.0373547
-0.0652173
0.0484023
-0.0399857
-0.0148006
-0.0282141
-0.0156586
-0.0518915
0.0032934
0.0399634
-0.0418733
-0.0266958
-0.0341104
-0.0000618
-0.0372380
0.0624692
0.0345190
0.0063130
-0.0141831
-0.0180133
-0.0627348
0.0386565
0.0239136
-0.0183123
-0.0359848
0.0320584
-0.0144281
0.0536403
-0.0327070
0.0176212
-0.0108094
0.0171487
0.0631686
-0.0221024
0.0421923
0.0550517
0.0250926
0.0242547
0.0081693
-0.0481223
0.0591613
0.0044410
-0.0562155
-0.0440577
0.0628557
0.0155363
0.0038683
0.0336971
0.0416539
0.0396228
0.0233710
-0.0550362
0.0106621
0.0671244
0.0023529
0.0308796
-0.0382517
-0.0522839
-0.0054780
-0.0061670
0.0081336
0.0246981
0.0013402
-0.0512923
0.0712715
0.0515517
-0.0561467
0.0126624
0.0483711
-0.0316921
0.0140695
-0.0313317
-0.0458553
-0.0630379
0.0182157
-0.0536811
-0.0577920
-0.0066808
-0.0398905
0.0112227
0.0079880
-0.0466951
0.0542047
-0.0370152
-0.0366046
-0.0419415
-0.0587308
-0.0680511
-0.0405122
0.0089786
0.0245423
-0.0076104
-0.0309955
0.0554459
0.0539123
-0.0503763
-0.0704712
-0.0534377
-0.0564245
0.0097573
-0.0476518
0.0294217
0.0734856
-0.0250834
-0.0371786
0.0198030
0.0583455
0.0520781
0.0501485
0.0602901
0.0178411
-0.0318086
0.0628411
-0.0135869
-0.0198416
0.0124049
-0.0137845
0.0011120
0.0199702
-0.0124977
-0.0373907
-0.0251326
-0.0602035
-0.0603746
-0.0354811
0.0376749
0.0601029
0.0591713
-0.0275603
-0.0062932
0.0165391
0.0674614
-0.0542343
-0.0296398
0.0114520
-0.0195613
0.0415292
0.0624057
-0.0368538
-0.0673679
-0.0660910
0.0362250
0.0533652
0.0461180
-0.0159785
-0.0270291
0.0102743
0.0336708
-0.0562791
-0.0035901
-0.0622792
-0.0044429
0.0095745
-0.0321460
-0.0093559
-0.0329192
-0.0174149
0.0486593
0.0817907
-0.0244134
-0.0027251
0.0465708
0.0427640
-0.0554784
-0.0006117
-0.0293685
-0.0382276
0.0059822
0.0079067
0.0226506
-0.0580709
0.0624937
0.0690428
-0.0039000
0.0772756
0.0466732
0.0465412
0.0200296
0.0728892
0.0648425
-0.0495523
-0.0969795
-0.0570787
-0.0993447
-0.2081582
-0.1060771
0.0260260
0.0715445
0.2929167
0.3316147
0.2793310
0.0417574
-0.2374522
-0.3363081
-0.2900488
-0.1749997
0.0183464
0.0228981
0.0439175
0.0575508
0.1146526
0.1382769
0.0137128
0.0641877
0.0351034
-0.0786821
-0.0788969
0.0291711
-0.0826218
0.0234371
-0.0659087
-0.0129670
-0.0691179
0.0083213
-0.0361743
0.0685571
0.0055622
0.0279916
