0.0221741
-0.0161310
-0.0095727
-0.0054586
-0.0210652
0.0208375
-0.0070221
0.0142151
0.0020298
-0.0150178
0.0119094
0.0156120
0.0003438
-0.0018965
0.0304584
0.0146483
0.0080989
0.0016683
-0.0037492
0.0066814
0.0069737
-0.0152465
-0.0167699
-0.0191685
-0.0020975
-0.0185848
0.0231267
0.0135103
0.0532318
0.0106328
0.0342369
0.0253262
0.0442826
0.0451332
0.0246108
-0.0214494
-0.0350111
-0.0813041
-0.1347804
-0.1581488
-0.1105617
0.0618389
0.1990662
0.2672516
0.1561269
-0.0207027
-0.1282299
-0.1640985
-0.0745874
-0.0237987
-0.0288894
-0.0085212
0.0092925
-0.0100754
0.0061147
0.0117827
0.0028992
0.0291856
0.0410568
0.0243338
-0.0150534
-0.0187334
-0.0161502
0.0103523
-0.0119601
-0.0274109
0.0119205
0.0047421
-0.0051643
-0.0155762
-0.0157757
0.0233899
-0.0148106
0.0322787
0.0047605
0.0212205
0.0221267
-0.0080419
0.0180916
0.0061595
-0.0269622
0.0113449
-0.0006978
0.0027970
0.0229462
-0.0145209
-0.0024641
0.0178884
0.0235862
0.0257908
0.0212765
0.0286892
0.0108269
0.0148445
0.0174305
-0.0124399
0.0107677
-0.0072484
-0.0133055
-0.0089531
-0.0039593
-0.0053793
-0.0215046
-0.0175257
0.0067340
0.0267970
0.0119432
0.0156053
-0.0056709
-0.0211853
-0.0055629
-0.0157200
-0.0148713
-0.0017670
-0.0009335
-0.0014546
0.0080974
-0.0102559
-0.0034572
0.0160863
0.0012093
-0.0159253
0.0152603
0.0082135
-0.0069822
0.0168232
-0.0103412
0.0202525
0.0224675
-0.0111088
0.0148989
0.0150869
-0.0147218
0.0097258
0.0083069
-0.0167576
0.0256652
0.0199518
-0.0047845
-0.0075762
0.0086528
0.0187547
0.0087505
0.0042086
0.0213805
0.0045345
-0.0035603
0.0084461
-0.0252025
-0.0075068
0.0234388
0.0086293
0.0123057
-0.0119531
-0.0001520
-0.0088815
-0.0168262
0.0131542
-0.0201895
0.0054235
-0.0172515
-0.0106208
0.0115265
0.0004358
-0.0097030
0.0139530
0.0108749
-0.0047998
0.0096433
-0.0203150
-0.0027228
0.0203308
0.0088698
-0.0180991
-0.0021127
0.0066255
-0.0052132
0.0013238
-0.0073563
-0.0007893
-0.0233072
-0.0280189
-0.0232693
0.0266687
0.0222923
-0.0249227
-0.0300190
0.0019516
-0.0071523
0.0181410
0.0023294
-0.0014802
0.0166212
0.0152261
0.0160375
-0.0117335
-0.0090631
-0.0171801
0.0072262
0.0050157
-0.0070060
-0.0158851
0.0064347
-0.0186125
0.0050075
0.0015564
0.0141114
-0.0057176
0.0037189
0.0035155
-0.0227568
0.0122721
-0.0029660
0.0113920
-0.0207133
0.0011513
0.0051952
-0.0024725
0.0019618
-0.0027287
-0.0123936
0.0255778
0.0283341
-0.0031111
-0.0285275
0.0105399
0.0201274
0.0095669
0.0079497
0.0035536
0.0058216
0.0132651
-0.0181992
-0.0007377
-0.0057363
0.0104176
-0.0221368
-0.0309400
0.0145542
-0.0006884
0.0233915
-0.0021456
0.0006965
0.0059036
-0.0028273
0.0256599
-0.0131724
-0.0141025
0.0067525
-0.0037345
-0.0018960
-0.0025323
-0.0102748
-0.0205858
-0.0180123
0.0144278
-0.0223967
-0.0272441
-0.0074794
-0.0014585
0.0248577
0.0155400
0.0026555
-0.0071878
-0.0239224
-0.0241772
0.0008195
-0.0182930
-0.0071423
0.0185355
0.0034721
0.0173441
0.0260255
0.0063852
-0.0147664
-0.0013028
-0.0012537
-0.0259773
0.0019002
0.0153007
-0.0129413
-0.0107557
0.0290007
0.0007186
0.0089650
-0.0045084
0.0189742
-0.0076959
-0.0023667
0.0069641
-0.0004269
-0.0242605
-0.0481694
-0.0085504
-0.0029313
-0.0387111
-0.0348954
-0.0046336
0.0181263
0.0445034
0.0540555
0.0438217
0.0553795
0.0699303
0.0287206
0.0260771
-0.0470027
-0.0548670
-0.0849262
-0.1390841
-0.1669007
-0.1147996
0.0455210
0.1934050
0.2729234
0.2242022
0.0268383
-0.1439250
-0.1647170
-0.0955664
-0.0349996
0.0109095
-0.0249401
0.0165601
-0.0022726
0.0055065
0.0390418
0.0413512
0.0400438
0.0098978
-0.0147526
0.0183208
-0.0145845
-0.0057458
-0.0117275
-0.0373445
-0.0013399
-0.0260403
-0.0047070
-0.0250356
-0.0052739
0.0278282
-0.0067647
-0.0075116
0.0255233
-0.0217486
-0.0112239
-0.0018980
-0.0072289
0.0240913
0.0175453
-0.0208089
-0.0180445
0.0045141
0.0153117
-0.0246318
0.0058579
-0.0028274
-0.0197014
0.0274104
0.0157255
-0.0040197
0.0034937
0.0103159
0.0092634
0.0270228
0.0124150
-0.0255344
0.0034618
-0.0144860
0.0233726
0.0014846
-0.0091001
-0.0218888
0.0212243
-0.0217550
0.0105055
0.0013845
-0.0177912
-0.0147186
-0.0110579
-0.0156865
0.0035847
-0.0190349
0.0076603
0.0079811
0.0081850
0.0186433
-0.0193898
0.0101339
0.0153332
0.0037584
0.0095748
0.0103383
-0.0218469
-0.0086920
0.0167794
0.0095632
-0.0017123
-0.0125941
-0.0006360
0.0255467
-0.0189608
-0.0154516
0.0060096
0.0168645
0.0067654
0.0023039
-0.0220288
0.0081093
-0.0204334
0.0001547
0.0005170
0.0257458
0.0044690
0.0143580
0.0006164
0.0140142
-0.0228970
-0.0031249
0.0123498
-0.0098054
-0.0258078
-0.0274550
-0.0055169
0.0390942
0.0220611
-0.0029588
-0.0168293
-0.0315187
-0.0225169
0.0172565
-0.0072690
0.0119042
-0.0263995
-0.0224592
0.0045181
-0.0049912
0.0067835
0.0066006
-0.0018560
0.0192654
-0.0051502
-0.0038021
-0.0034340
0.0061936
-0.0171335
0.0154863
0.0076732
0.0137506
0.0073280
-0.0235816
0.0117289
0.0136098
0.0179390
-0.0042405
-0.0166915
-0.0032035
0.0175414
-0.0102858
-0.0219132
-0.0250171
0.0253737
0.0230846
0.0203133
0.0194628
-0.0156077
-0.0130700
0.0058104
0.0188935
0.0060694
0.0024436
-0.0124853
-0.0148733
-0.0248666
-0.0037500
0.0106044
-0.0074565
-0.0089234
-0.0244852
0.0249447
-0.0191837
-0.0070046
0.0138864
-0.0226250
-0.0017894
-0.0036471
-0.0087985
0.0045579
0.0048585
-0.0150636
0.0118889
0.0047262
-0.0258305
0.0010533
-0.0004953
0.0076575
-0.0108320
0.0171942
-0.0170980
0.0150360
-0.0170994
0.0241919
0.0185334
-0.0044784
-0.0284395
0.0029750
0.0198135
-0.0108193
0.0188532
-0.0243404
-0.0066097
-0.0036079
-0.0132331
0.0153335
0.0206884
-0.0026417
-0.0035707
0.0014970
-0.0061819
-0.0038029
0.0028166
-0.0284887
-0.0061318
-0.0061152
-0.0012378
0.0243612
0.0201701
-0.0118572
0.0118726
0.0260695
0.0275673
0.0227281
0.0239232
0.0249424
0.0063301
-0.0203611
0.0097737
0.0002312
-0.0335558
-0.0341928
-0.0105660
0.0050350
0.0037143
-0.0007701
0.0287086
0.0178217
0.0278648
0.0547902
0.0611024
0.0400000
-0.0288481
-0.0628869
-0.0447964
-0.0814002
-0.1519251
-0.1603527
-0.0580329
0.1201702
0.2791712
0.2978588
0.1507339
-0.0633387
-0.1758350
-0.1302885
-0.0504749
-0.0314836
0.0027790
0.0013081
-0.0018079
0.0005032
0.0466856
0.0511578
0.0167283
-0.0009026
0.0057321
-0.0003868
0.0078435
-0.0140649
-0.0308426
-0.0018034
-0.0175409
-0.0189369
0.0096354
-0.0363921
-0.0277113
0.0127643
0.0125742
0.0181689
0.0156527
0.0070923
-0.0124937
0.0242615
0.0179867
0.0190226
-0.0009610
-0.0254187
0.0033027
0.0167060
-0.0201615
0.0215413
-0.0044114
-0.0074709
-0.0079740
0.0148272
-0.0002157
-0.0037083
-0.0143985
-0.0043636
0.0230567
-0.0009292
-0.0015172
0.0063208
0.0158903
-0.0064337
0.0086883
0.0130527
0.0147066
-0.0023049
-0.0087651
-0.0052066
-0.0241444
0.0003052
-0.0242737
0.0153711
-0.0109439
0.0039845
-0.0228295
0.0104623
-0.0263713
-0.0069402
-0.0085076
-0.0178906
-0.0136272
0.0191406
0.0146743
-0.0006462
-0.0068633
0.0066057
-0.0182571
-0.0042321
-0.0211328
-0.0216738
0.0096043
0.0256941
0.0256401
-0.0182612
-0.0073392
0.0186233
0.0080485
-0.0122587
0.0146190
0.0052358
0.0121060
-0.0163244
0.0020374
0.0184744
-0.0272094
0.0043670
0.0084465
-0.0012841
-0.0077224
-0.0112563
-0.0209545
0.0176883
-0.0039864
-0.0238999
0.0233578
-0.0121613
0.0225361
-0.0231484
0.0105407
0.0080675
-0.0057532
0.0249859
0.0081547
-0.0131316
-0.0034130
0.0060303
0.0025103
-0.0180145
0.0023825
-0.0158933
-0.0028730
-0.0044869
-0.0281024
-0.0249949
-0.0054744
0.0150237
0.0024926
0.0161322
-0.0095086
0.0055889
-0.0070712
-0.0186429
-0.0117140
-0.0218599
0.0180196
-0.0137857
0.0063355
0.0140959
0.0028459
-0.0201695
-0.0201638
-0.0228364
-0.0195971
-0.0142550
0.0106986
-0.0098203
0.0223920
0.0045788
-0.0176095
-0.0267834
-0.0162536
-0.0145550
-0.0139054
0.0146357
-0.0066097
0.0209280
-0.0060781
0.0237394
-0.0264027
-0.0105996
0.0122688
0.0003654
0.0239867
-0.0030343
-0.0253058
0.0140341
0.0067179
-0.0081795
-0.0140283
-0.0296007
-0.0273505
0.0127085
-0.0050380
0.0225073
0.0085103
-0.0210177
-0.0053593
-0.0248262
-0.0057868
0.0180123
0.0111236
0.0153279
0.0110118
0.0189174
-0.0007536
0.0068714
-0.0133265
-0.0183895
0.0200832
0.0143989
0.0027046
-0.0073214
-0.0159861
0.0171295
-0.0084201
0.0015933
0.0077618
0.0134002
0.0075675
-0.0049865
0.0105298
0.0064351
-0.0242513
0.0188857
0.0076864
0.0058892
-0.0189905
-0.0046025
-0.0074172
-0.0191218
0.0011397
-0.0125539
-0.0260044
-0.0124727
-0.0122317
0.0070562
0.0264764
-0.0212475
-0.0194457
0.0155774
-0.0078790
0.0131620
-0.0176894
-0.0226154
-0.0141585
-0.0112194
0.0067164
-0.0180804
0.0038752
0.0019889
-0.0036097
-0.0100827
0.0053964
-0.0138041
0.0203649
-0.0202506
-0.0014564
-0.0061651
-0.0280698
-0.0158268
-0.0191395
0.0175235
-0.0024500
-0.0140921
0.0233189
-0.0086711
0.0313909
0.0304862
0.0299849
0.0390970
0.0127384
-0.0078143
-0.0145622
0.0067195
-0.0187541
-0.0342973
-0.0404693
-0.0249408
-0.0088470
-0.0097691
-0.0036172
0.0016458
0.0267763
0.0124678
0.0185225
0.0361364
0.0361899
0.0317274
-0.0177713
-0.0249017
-0.0771687
-0.0616069
-0.1070884
-0.0627422
0.0143000
0.1501234
0.1712664
0.1301147
0.0010372
-0.0928240
-0.1202644
-0.0643380
-0.0224345
-0.0030953
-0.0247915
-0.0344710
-0.0150925
0.0247891
0.0105622
0.0207264
0.0112219
0.0092694
0.0104471
-0.0001569
-0.0043755
0.0084681
0.0098003
0.0076035
0.0123674
0.0126254
0.0059842
0.0098579
0.0173729
-0.0171793
0.0081345
-0.0125126
-0.0150295
0.0008062
0.0200856
-0.0148351
-0.0038878
0.0179117
0.0160300
0.0036423
-0.0228452
-0.0063612
-0.0140486
-0.0108047
0.0174404
0.0102165
-0.0165685
-0.0221083
-0.0038212
0.0197274
0.0253234
0.0239573
0.0073156
-0.0024897
-0.0239815
-0.0158477
-0.0091142
-0.0234361
-0.0007429
-0.0044350
0.0198982
0.0241566
0.0253247
-0.0032549
0.0048646
-0.0012278
-0.0222599
0.0050059
0.0013718
0.0252123
-0.0012298
0.0052520
0.0036905
-0.0039005
0.0096325
0.0037948
-0.0055493
-0.0035441
0.0143016
-0.0204607
-0.0107826
0.0144421
-0.0131340
-0.0084680
-0.0198635
-0.0240375
0.0085892
0.0034399
-0.0255994
-0.0076110
0.0010899
0.0131023
0.0274440
-0.0060960
-0.0208509
-0.0122131
-0.0252052
0.0082315
0.0182378
-0.0047809
-0.0026491
0.0000494
-0.0204883
0.0195998
0.0017855
-0.0068669
-0.0093168
-0.0050119
-0.0196384
-0.0101020
0.0234643
-0.0182513
-0.0202574
-0.0016492
0.0093101
0.0201175
-0.0193617
0.0039091
-0.0137034
0.0215780
0.0070137
-0.0102116
-0.0226085
-0.0101868
-0.0025013
0.0100259
0.0242870
-0.0132501
-0.0040200
0.0221408
0.0170782
0.0131674
-0.0078593
-0.0164994
0.0009798
-0.0032848
0.0076869
0.0145777
0.0069097
-0.0315665
-0.0246009
0.0110601
-0.0084376
-0.0028455
0.0313303
0.0240922
-0.0085633
0.0014282
-0.0107058
-0.0160819
-0.0058491
0.0081252
0.0232623
0.0139793
-0.0241361
-0.0031347
-0.0188520
-0.0131369
0.0018628
0.0070864
-0.0059413
-0.0189872
-0.0165667
-0.0143245
-0.0123731
-0.0040023
0.0105951
0.0035839
0.0101703
0.0239365
-0.0059351
-0.0212244
-0.0077111
-0.0092765
0.0265844
0.0250414
0.0014729
0.0112464
0.0229255
0.0271800
0.0089528
-0.0127498
-0.0266856
-0.0035392
-0.0081544
-0.0118014
0.0028926
-0.0095245
-0.0259335
-0.0118054
0.0180313
0.0021740
0.0062169
0.0308316
0.0172743
0.0144999
-0.0247692
0.0065262
-0.0080836
0.0198011
-0.0020436
-0.0197044
0.0100840
-0.0014553
-0.0202583
-0.0159851
0.0228785
-0.0188981
-0.0183436
0.0139810
-0.0057191
0.0110883
-0.0238110
-0.0263990
0.0032962
0.0191192
-0.0065614
-0.0140565
0.0202514
-0.0152497
0.0115915
0.0234907
0.0105412
0.0106254
0.0072031
0.0245265
-0.0277269
-0.0308941
-0.0044747
-0.0000914
0.0160879
-0.0120098
0.0099238
0.0117327
0.0209508
0.0296587
0.0166480
0.0013427
0.0093457
-0.0045611
0.0205343
-0.0076171
0.0143101
-0.0096486
-0.0001799
-0.0349649
-0.0212465
-0.0095622
0.0078032
-0.0397561
-0.0408488
-0.0132984
0.0091628
0.0363950
0.0200841
0.0538792
0.0364524
0.0223274
0.0386216
-0.0163052
-0.0287721
-0.0468385
-0.0707133
-0.1017286
-0.1247330
-0.1031662
0.0143882
0.1537713
0.2515718
0.1928769
0.0478300
-0.1092058
-0.1236296
-0.0721846
-0.0300998
-0.0238194
-0.0166058
-0.0267501
0.0235701
0.0432085
0.0295716
0.0213024
0.0161913
-0.0003518
0.0282108
0.0158008
-0.0099916
0.0117942
-0.0313573
0.0027103
-0.0330915
0.0073575
0.0067472
0.0034150
0.0062882
0.0216555
0.0105714
0.0138225
0.0110749
-0.0045658
0.0246170
0.0092933
-0.0060362
0.0215608
-0.0099149
0.0035317
-0.0112959
0.0048982
0.0259461
0.0244010
0.0211651
-0.0028881
0.0190182
0.0185405
-0.0008271
-0.0023754
0.0208040
-0.0074110
0.0137251
-0.0039400
-0.0020333
-0.0286118
0.0188680
0.0171709
0.0033105
0.0181518
0.0142326
-0.0244461
0.0099118
0.0011762
-0.0060908
-0.0203770
-0.0181485
-0.0236845
0.0018047
0.0102185
-0.0143859
-0.0039817
-0.0214572
-0.0019646
-0.0154785
-0.0122841
-0.0109222
-0.0135624
-0.0208290
0.0009315
0.0006709
-0.0102658
0.0209669
0.0083157
-0.0050234
-0.0201581
0.0083708
-0.0093049
0.0168053
-0.0146620
-0.0136343
-0.0037957
-0.0232033
0.0232265
0.0002597
0.0079862
-0.0155326
-0.0167937
-0.0063446
0.0236348
0.0054875
-0.0019268
-0.0235617
-0.0106302
-0.0047663
-0.0161947
0.0122810
0.0075364
-0.0055993
0.0121935
-0.0228396
-0.0026010
0.0197445
0.0285357
0.0093103
-0.0171978
0.0161980
0.0004871
0.0181977
0.0106610
-0.0269940
0.0142692
-0.0227804
0.0117024
0.0265059
-0.0141782
0.0088565
0.0003040
-0.0006217
0.0115393
0.0146181
-0.0132880
-0.0179599
0.0141969
-0.0133904
0.0042687
-0.0279045
-0.0000720
-0.0139940
-0.0175476
0.0201178
-0.0097297
-0.0027619
-0.0153081
0.0226836
0.0082140
0.0125919
