-0.0625326
0.0792457
0.2931463
0.3014898
0.2007077
0.0402432
-0.1768292
-0.2168646
-0.1769284
-0.1231924
-0.0362617
-0.0329565
-0.0130482
0.0087437
0.0406273
0.0936531
0.0458257
0.0201991
0.0317566
0.0016585
-0.0343526
-0.0026857
-0.0110780
-0.0394110
-0.0148663
-0.0586999
-0.0486909
-0.0167867
-0.0241614
0.0181748
0.0074721
0.0189354
-0.0001662
0.0435139
0.0063344
0.0231236
-0.0009624
-0.0298115
0.0153454
-0.0442764
-0.0244400
-0.0318461
-0.0221472
0.0299261
0.0130504
-0.0048976
-0.0268954
0.0302446
-0.0161038
-0.0243765
-0.0268023
0.0258118
-0.0289725
0.0379176
0.0147443
-0.0102679
0.0103955
0.0249627
-0.0032746
-0.0052152
0.0048513
0.0004605
-0.0125456
0.0078237
0.0133709
0.0095638
0.0282032
-0.0336781
-0.0024215
0.0402001
-0.0009822
0.0010514
0.0205411
-0.0321055
0.0282413
0.0121232
0.0059327
0.0026268
0.0250969
-0.0084385
0.0287781
0.0195869
-0.0289200
0.0270707
0.0227151
0.0238879
0.0189267
-0.0063887
-0.0341901
-0.0193260
0.0121239
0.0162495
0.0039572
-0.0287324
-0.0079423
-0.0090026
-0.0162612
0.0018703
0.0262627
0.0288714
0.0179922
0.0045404
-0.0107340
0.0274701
-0.0007353
-0.0157667
-0.0196918
-0.0042199
-0.0033851
0.0341820
-0.0172104
-0.0339455
0.0137542
0.0281428
-0.0361510
-0.0015446
0.0162453
0.0272344
0.0195179
0.0329856
0.0221101
-0.0039456
0.0123384
0.0197830
-0.0183154
-0.0291002
0.0322060
0.0230257
0.0277451
-0.0078411
0.0026275
0.0278158
-0.0178256
-0.0133272
-0.0193779
0.0276533
0.0350233
-0.0216990
-0.0169640
0.0064053
-0.0395274
-0.0268630
-0.0193578
0.0029506
0.0232012
-0.0115281
0.0152498
0.0064169
0.0108953
0.0304211
-0.0039908
0.0314582
0.0412525
0.0338313
-0.0266413
-0.0335421
-0.0020759
-0.0316480
-0.0694618
-0.0594108
0.0084551
0.0194166
0.0045707
0.0441682
0.0538627
0.0342319
0.0382091
0.0544752
0.0779494
-0.0012110
-0.0359410
-0.0901294
-0.1080977
-0.1766356
-0.1744379
-0.1709826
-0.0339452
0.1169507
0.3093873
0.4060366
0.2853294
0.0367891
-0.1835589
-0.3046087
-0.2027194
-0.0925730
-0.0349470
0.0128881
0.0474061
0.0440478
0.0654700
0.1106889
0.1001393
0.0192431
0.0231095
0.0103500
-0.0051591
-0.0579043
-0.0501707
-0.0468529
-0.0343928
-0.0150269
-0.0414581
-0.0099567
0.0034250
-0.0036056
-0.0059246
-0.0002637
0.0372104
0.0269092
0.0008603
0.0267022
-0.0384345
0.0092672
-0.0013316
0.0177109
-0.0016584
-0.0377041
0.0244585
-0.0319933
-0.0193394
-0.0232727
-0.0192583
-0.0102973
0.0209852
0.0305917
0.0083887
-0.0080597
-0.0299980
-0.0183041
0.0204118
-0.0164972
-0.0140090
-0.0132992
0.0103273
-0.0170093
-0.0150924
-0.0218005
0.0041422
-0.0068098
-0.0286993
0.0010368
0.0030976
0.0182850
-0.0031229
0.0170717
0.0107510
0.0160208
-0.0406816
0.0230647
-0.0258691
-0.0024730
-0.0247481
0.0251658
0.0163149
-0.0283614
0.0090194
-0.0128255
0.0187659
0.0177532
0.0226213
-0.0078671
0.0287445
-0.0389342
-0.0042927
-0.0212211
-0.0001131
0.0155430
0.0210192
0.0279552
0.0125547
0.0386550
-0.0001879
0.0146027
0.0143904
0.0158652
0.0262010
0.0050577
0.0040098
-0.0307232
-0.0116783
0.0211156
0.0082828
-0.0135438
-0.0066019
0.0278546
-0.0204535
0.0233072
-0.0042752
-0.0068221
0.0145622
0.0016693
0.0196593
0.0064770
0.0015301
0.0243853
0.0272483
0.0236054
-0.0167218
-0.0268793
-0.0065598
-0.0352190
0.0246463
-0.0274994
-0.0077929
-0.0335843
0.0044381
-0.0264979
0.0004045
0.0226526
0.0242977
0.0275391
-0.0161794
0.0281967
0.0031937
-0.0378380
0.0282176
0.0108165
0.0321633
0.0264542
0.0219308
-0.0475839
0.0157609
-0.0135575
0.0344381
-0.0151083
0.0223212
-0.0048463
0.0249711
0.0472311
-0.0163634
0.0002039
0.0221437
-0.0116087
-0.0483328
-0.0583598
-0.0694057
-0.0301224
0.0087667
0.0027893
0.0041493
0.0294281
0.0698149
0.0248654
0.0765325
0.0376568
0.0358213
-0.0006767
0.0032326
-0.0506795
-0.0711209
-0.1161239
-0.1636850
-0.1678091
-0.0921252
0.0592519
0.2460570
0.3409678
0.2840813
0.0466323
-0.1348318
-0.2344567
-0.1757883
-0.1462692
-0.0260260
0.0267003
-0.0071700
0.0215473
0.0462898
0.0934869
0.0672811
0.0612725
0.0048698
0.0406695
-0.0365927
0.0075024
-0.0406172
-0.0463282
-0.0067409
-0.0461557
0.0232347
-0.0116862
0.0145029
-0.0108236
0.0374583
0.0110801
0.0192661
0.0406573
0.0284652
-0.0205672
-0.0133976
0.0051451
-0.0316347
-0.0131201
-0.0108700
0.0042980
0.0102463
0.0128589
-0.0425050
0.0001828
-0.0055799
0.0197825
-0.0093264
-0.0265879
0.0076863
0.0103263
-0.0152974
0.0346159
-0.0304630
-0.0227724
0.0127986
-0.0235609
-0.0267496
0.0106206
-0.0193315
-0.0123533
-0.0307395
0.0308749
-0.0246067
-0.0209408
-0.0332285
0.0248426
-0.0257753
0.0329668
-0.0023374
0.0287564
0.0223067
0.0107667
-0.0277082
0.0259256
0.0004799
0.0309003
-0.0003516
0.0036459
0.0302521
0.0050543
-0.0180645
0.0028625
0.0003791
0.0073817
-0.0268916
0.0037520
0.0109612
-0.0003730
-0.0349197
-0.0055857
-0.0276197
0.0002972
-0.0325632
0.0161354
-0.0204014
0.0073391
0.0071922
-0.0087540
-0.0220482
-0.0028455
0.0367879
-0.0283284
0.0385057
0.0243867
-0.0133363
0.0042742
-0.0219719
-0.0361809
-0.0174548
-0.0203703
-0.0152793
-0.0209059
0.0161150
0.0234389
-0.0245549
0.0302605
0.0267629
-0.0108257
-0.0311423
0.0221397
-0.0135006
-0.0236788
0.0224344
-0.0354945
0.0054911
-0.0040741
-0.0225867
-0.0015448
-0.0110376
-0.0080630
0.0250717
0.0164689
-0.0204973
-0.0009830
0.0321193
0.0021097
-0.0243249
-0.0474153
-0.0178150
-0.0207941
0.0073755
0.0067951
0.0023186
-0.0214420
0.0054991
-0.0011763
0.0006976
-0.0020254
-0.0119398
0.0159335
0.0090605
0.0399593
-0.0225276
-0.0559876
-0.0359825
-0.0513025
-0.0606369
-0.0193361
-0.0374307
0.0074732
-0.0056081
0.0344389
0.0295372
0.0889012
0.0806933
0.0488839
0.0562256
0.0101242
-0.0441444
-0.0287233
-0.0899523
-0.1028821
-0.1320660
-0.1801279
-0.0824323
0.0787509
0.2300003
0.3573807
0.3124868
0.0804039
-0.1290850
-0.2222102
-0.2290263
-0.1762893
-0.0447298
-0.0083792
0.0348278
0.0582058
0.0607817
0.1096617
0.0339355
0.0157005
-0.0020631
-0.0093237
-0.0207052
0.0101876
-0.0369512
-0.0334547
-0.0504008
-0.0102312
-0.0465248
0.0146248
-0.0015908
0.0376278
0.0038319
0.0297803
-0.0014507
0.0275139
0.0110095
-0.0150449
0.0123493
-0.0255782
0.0001987
0.0008057
0.0201841
0.0107088
-0.0303430
0.0020393
-0.0254726
0.0290018
0.0256077
0.0405362
0.0033893
-0.0193575
0.0031285
-0.0081034
-0.0063773
-0.0296614
-0.0108977
-0.0162220
0.0278966
-0.0225258
-0.0257912
0.0159475
0.0312689
-0.0036791
-0.0139645
-0.0412572
-0.0013339
0.0173708
0.0179128
0.0348296
-0.0222772
0.0140981
0.0082946
-0.0008810
-0.0189855
-0.0025487
0.0011137
-0.0077457
-0.0232648
0.0310835
-0.0041054
-0.0315487
0.0188752
0.0194765
-0.0107848
0.0159470
-0.0107682
-0.0174957
0.0233507
-0.0267648
0.0069654
-0.0008734
-0.0318919
-0.0082754
-0.0179983
0.0317843
-0.0026385
0.0100171
0.0252897
0.0186073
-0.0273937
-0.0084566
0.0277387
-0.0185870
0.0160270
0.0244044
-0.0218797
-0.0225535
0.0169344
-0.0149049
0.0321100
0.0076318
-0.0108230
0.0377237
-0.0201895
0.0032566
0.0184184
0.0129980
0.0203629
0.0011917
-0.0046514
0.0115085
0.0194922
-0.0245043
-0.0192320
-0.0087098
-0.0169421
-0.0428295
0.0090934
0.0158039
0.0323351
-0.0200770
-0.0023687
0.0258636
-0.0197232
-0.0245718
-0.0187596
0.0149413
0.0003865
-0.0282769
0.0166040
-0.0296846
-0.0098596
0.0080823
-0.0270313
0.0005579
-0.0201989
-0.0167987
0.0039151
0.0320798
0.0069156
0.0340230
0.0354383
0.0017151
0.0117589
0.0362685
0.0222069
0.0291039
-0.0247233
-0.0435619
-0.0692875
-0.0662843
-0.0098595
-0.0423250
0.0032689
-0.0239901
0.0193282
0.0256765
0.0881460
0.0466680
0.0338048
0.0572433
0.0503543
0.0199895
-0.0394819
-0.0633913
-0.1105251
-0.1456857
-0.1690023
-0.1426377
0.0358473
0.2423908
0.3497290
0.3653353
0.1397400
-0.1123310
-0.2792163
-0.2946200
-0.1640221
-0.0841628
-0.0359920
0.0305821
0.0617587
0.0636129
0.1001079
0.0616253
0.0586664
0.0185640
0.0032799
-0.0267286
-0.0397020
-0.0612535
-0.0677973
-0.0627131
-0.0150012
-0.0153333
0.0103333
-0.0013497
0.0200386
0.0060985
0.0371772
0.0061674
-0.0067189
0.0153587
-0.0291967
0.0067633
0.0177904
0.0173770
-0.0256892
-0.0016332
0.0031498
-0.0305668
-0.0272573
0.0243414
0.0312661
-0.0221453
0.0195003
0.0068097
-0.0240971
-0.0185676
0.0077310
-0.0037504
0.0293211
0.0020491
0.0042208
-0.0312696
0.0136712
0.0112967
0.0094752
0.0318504
-0.0257220
-0.0166181
-0.0140837
-0.0379967
-0.0400098
-0.0359111
0.0016048
0.0266773
0.0049851
-0.0244758
0.0097658
0.0350127
-0.0213749
-0.0070395
0.0191559
0.0273381
0.0260558
0.0342749
-0.0004436
-0.0055031
0.0131103
-0.0295533
-0.0136814
-0.0024306
0.0219738
-0.0186714
-0.0178796
-0.0076382
-0.0153322
-0.0177894
-0.0144569
0.0290039
0.0330720
0.0066714
0.0017278
-0.0120133
0.0138477
-0.0188229
0.0135915
-0.0238001
-0.0163676
0.0062839
0.0284398
-0.0148798
-0.0285819
-0.0070517
0.0343009
0.0101771
0.0163672
-0.0019263
-0.0193439
-0.0355059
-0.0051738
0.0292624
-0.0134337
0.0437169
-0.0045038
-0.0038908
-0.0299927
0.0317077
0.0262853
0.0070133
-0.0148336
0.0093930
-0.0256320
-0.0269714
-0.0228078
0.0120901
-0.0082941
-0.0155659
-0.0321633
-0.0118566
0.0412662
0.0415830
0.0256703
0.0162525
-0.0354213
0.0226474
-0.0338755
-0.0160280
-0.0448679
-0.0094668
-0.0151397
-0.0155056
0.0226449
0.0133479
0.0241037
-0.0125532
-0.0225430
-0.0139723
0.0105591
-0.0099832
0.0184581
0.0266488
0.0186164
0.0104268
-0.0420164
0.0064062
-0.0120774
-0.0035536
-0.0580677
-0.0140654
-0.0227730
-0.0078767
0.0519625
0.0689742
0.0271680
0.0677263
0.0592649
0.0253337
-0.0039188
-0.0479197
-0.0797987
-0.1326654
-0.1445751
-0.1760520
-0.1087443
0.0594878
0.2610704
0.3338407
0.2617264
0.0618880
-0.1329617
-0.2094218
-0.2369298
-0.1253746
-0.0766589
0.0185499
-0.0233486
0.0452661
0.0525472
0.0374012
0.0267386
0.0704653
0.0045880
0.0511243
-0.0176218
-0.0521277
-0.0215814
-0.0122062
0.0014128
-0.0451138
-0.0016229
0.0192764
-0.0161513
0.0313580
0.0054306
0.0417879
0.0361841
0.0325715
0.0312661
0.0276457
0.0026700
-0.0038618
-0.0198016
-0.0164109
-0.0032511
0.0025679
0.0245589
-0.0148236
-0.0323735
0.0221477
0.0295926
-0.0032113
0.0042859
0.0139103
-0.0143277
0.0023919
-0.0210801
0.0063455
-0.0341533
-0.0019506
-0.0213504
0.0231413
-0.0003320
0.0233682
0.0225699
0.0328755
0.0118438
0.0182397
0.0133945
0.0037651
-0.0118133
0.0057115
0.0387451
0.0099196
-0.0168918
-0.0216474
-0.0363468
-0.0012036
0.0019359
0.0111403
-0.0198479
0.0178419
-0.0149526
0.0179993
-0.0172995
0.0238416
-0.0399230
0.0341631
-0.0055961
0.0277525
-0.0331375
-0.0224525
0.0062258
-0.0071160
0.0186345
-0.0173461
-0.0150899
-0.0093202
-0.0304077
-0.0087778
-0.0011751
0.0337304
-0.0415730
0.0012196
-0.0202061
0.0094068
0.0005733
-0.0068141
-0.0338049
-0.0066606
-0.0046370
0.0027882
0.0043446
0.0205668
0.0227188
0.0333181
0.0165095
0.0108889
-0.0279928
0.0330971
0.0123969
-0.0262896
-0.0159113
-0.0311391
-0.0331427
0.0258211
0.0018726
-0.0257560
-0.0142965
0.0190274
-0.0013936
-0.0022241
0.0367071
0.0054554
0.0031451
-0.0214124
0.0080138
0.0134081
-0.0162043
-0.0048329
-0.0001481
-0.0030517
0.0144281
-0.0113763
0.0060383
0.0015968
-0.0143233
-0.0439671
0.0015028
-0.0028238
-0.0222299
0.0391995
0.0078816
0.0242000
0.0401312
0.0175121
0.0308664
0.0174429
-0.0114547
-0.0198194
0.0103283
-0.0163790
-0.0617153
-0.0532736
-0.0258998
0.0070612
-0.0349112
0.0327589
0.0090955
0.0477551
0.0592505
0.0817432
0.0709419
0.0625536
0.0131740
-0.0120934
-0.1027241
-0.1366077
-0.1300441
-0.1712055
-0.1655088
-0.0290974
0.1566583
0.3094004
0.3577881
0.2400956
0.0123914
-0.1458869
-0.2896737
-0.2405786
-0.1550804
-0.0447934
-0.0005226
-0.0017972
0.0289827
0.0559754
0.0557325
0.0750121
0.0511357
-0.0046015
0.0499054
-0.0167707
-0.0221025
-0.0400793
-0.0510630
-0.0535939
-0.0346925
-0.0068465
0.0011041
-0.0180668
0.0018298
-0.0080208
-0.0172925
0.0011243
0.0154250
0.0506251
-0.0143483
-0.0224960
0.0015886
0.0183933
-0.0054891
-0.0278173
-0.0223566
-0.0359600
-0.0126329
0.0052528
-0.0287895
0.0166760
0.0027490
0.0186900
-0.0224486
-0.0153739
-0.0029548
-0.0232585
-0.0246240
-0.0181768
-0.0225137
-0.0046188
0.0031857
-0.0355533
0.0266167
0.0277893
-0.0018937
0.0298638
-0.0219751
-0.0437188
-0.0323230
-0.0070493
0.0138203
0.0071718
0.0231316
0.0102414
0.0084672
0.0130023
-0.0256606
0.0176758
0.0215822
-0.0185241
-0.0112254
-0.0141917
-0.0002182
-0.0329360
0.0286042
-0.0134297
0.0307127
0.0421895
0.0256930
0.0286580
-0.0261703
-0.0196509
-0.0266067
0.0367718
-0.0102224
-0.0319395
0.0246865
0.0297564
-0.0061946
0.0219978
0.0137324
-0.0065400
0.0196682
-0.0257173
-0.0276578
-0.0323021
0.0233286
0.0326613
-0.0190137
-0.0323093
-0.0066723
-0.0136011
-0.0321143
-0.0250038
-0.0198189
-0.0078625
0.0047050
-0.0324301
-0.0017986
-0.0246090
-0.0023319
0.0106457
-0.0268918
-0.0132946
-0.0185977
0.0114370
0.0057651
0.0145072
-0.0080233
-0.0308774
-0.0076401
-0.0282677
0.0241934
-0.0229077
-0.0291065
0.0255055
0.0201868
0.0166577
0.0089784
-0.0169541
-0.0171661
0.0129786
-0.0310678
-0.0076877
-0.0458485
0.0181686
-0.0031963
-0.0303883
-0.0126026
0.0241887
0.0134270
0.0104545
0.0391326
-0.0059656
0.0306109
-0.0065724
-0.0141739
0.0321395
-0.0218914
-0.0297358
0.0033525
-0.0107229
-0.0572406
-0.0254140
-0.0222578
-0.0227340
-0.0013592
-0.0020870
0.0310983
0.0456815
0.0504109
0.0618830
0.0374480
0.0529324
-0.0059255
-0.0055427
-0.0734125
-0.0938447
-0.1350852
-0.1697880
-0.1991607
-0.0785644
0.1224658
0.3148277
0.4043256
0.3008666
0.0178279
-0.1459253
-0.2458402
-0.2473442
-0.1187342
-0.0384011
