-0.0131905
0.0107135
-0.0230949
-0.0336161
0.0031593
-0.0071464
0.0357721
0.0064832
0.0233559
0.0310374
-0.0174145
-0.0129900
-0.0095994
-0.0158344
-0.0131741
-0.0235643
-0.0159084
0.0247129
0.0280210
-0.0322508
-0.0223885
-0.0111879
0.0215182
0.0324887
0.0039404
0.0020122
0.0289521
-0.0075942
-0.0103960
-0.0107717
-0.0134419
0.0243914
0.0309082
-0.0330000
0.0235754
0.0038705
-0.0223398
0.0316358
-0.0153212
-0.0354817
-0.0380647
-0.0393896
0.0143451
0.0193897
-0.0022289
0.0215007
0.0403157
-0.0230547
0.0438431
0.0399368
0.0094411
0.0200986
0.0184287
0.0059393
-0.0210045
-0.0416434
-0.0083852
-0.0150893
0.0042346
0.0042161
0.0046439
0.0019942
0.0509202
0.0764655
0.0420111
0.0373511
0.0071066
0.0250169
-0.0062434
-0.0762983
-0.1181743
-0.1042266
-0.1506834
-0.1144663
-0.0153161
0.1138635
0.2759506
0.3217425
0.2109494
0.0079108
-0.1879644
-0.2227899
-0.2120726
-0.1104518
-0.0151150
0.0159671
0.0182412
0.0678082
0.0548430
0.0967447
0.0715814
0.0479661
-0.0070062
-0.0072934
-0.0383625
0.0053187
-0.0265939
-0.0005283
0.0050501
-0.0471124
-0.0388573
-0.0279538
-0.0191372
0.0183649
-0.0093338
-0.0126443
0.0468912
-0.0140992
-0.0109458
-0.0223067
0.0178665
-0.0242682
0.0024833
-0.0435328
-0.0365609
0.0020535
0.0285871
-0.0034056
0.0072941
-0.0185254
0.0342616
-0.0092424
0.0171188
-0.0167451
0.0227990
-0.0237326
-0.0042009
-0.0082323
-0.0279605
-0.0187386
-0.0345795
0.0100928
0.0136252
0.0211313
0.0102648
-0.0119535
0.0104459
-0.0134608
0.0341820
-0.0021897
0.0210479
-0.0218724
-0.0020376
0.0128927
-0.0010112
-0.0149295
-0.0344680
0.0243719
0.0049025
-0.0315230
-0.0062355
0.0194496
0.0304000
0.0049614
0.0155521
-0.0086739
0.0190365
0.0329411
-0.0303974
0.0357824
0.0209826
-0.0033894
-0.0362319
0.0198419
-0.0127476
-0.0225515
0.0223737
-0.0108626
-0.0057858
0.0054734
0.0030459
0.0290447
-0.0210429
0.0160668
0.0227519
0.0185546
0.0012489
0.0174435
-0.0043099
0.0194891
0.0163008
-0.0162766
-0.0035194
0.0089807
-0.0313124
-0.0118635
0.0283537
-0.0324013
-0.0177550
-0.0285460
0.0054579
-0.0208102
-0.0112786
0.0332188
-0.0164157
0.0040080
0.0327827
-0.0340249
-0.0265123
-0.0211764
0.0310568
-0.0172267
0.0300776
-0.0084614
-0.0114342
0.0181628
0.0381594
0.0166045
0.0315290
0.0239827
0.0138882
-0.0307164
-0.0416831
0.0013201
0.0129371
0.0145128
0.0274965
-0.0362257
-0.0104558
0.0338867
-0.0180631
0.0268934
0.0261914
0.0210443
0.0040817
-0.0256063
-0.0200793
0.0034594
-0.0360934
-0.0077270
-0.0520692
-0.0058089
-0.0054131
-0.0422059
-0.0321252
0.0283722
0.0602474
0.0843795
0.0618306
0.0447155
0.0426391
0.0139190
0.0386849
-0.0371735
-0.0922736
-0.1425736
-0.1495918
-0.1530723
-0.1638270
-0.0217416
0.1835882
0.3311281
0.3746697
0.2559819
-0.0331638
-0.2391427
-0.2759877
-0.1891969
-0.0948691
-0.0274289
-0.0022654
0.0059048
0.0270848
0.0521155
0.0920842
0.0750126
0.0314238
0.0152706
0.0405878
0.0057126
0.0019541
-0.0663410
-0.0512125
-0.0749250
-0.0277142
-0.0311904
-0.0202471
0.0124814
-0.0000715
0.0332118
0.0365865
0.0178280
0.0262227
0.0271557
-0.0330251
-0.0364540
-0.0363090
0.0038907
0.0205554
0.0161480
0.0192419
-0.0176032
0.0035205
-0.0327006
0.0201111
0.0159673
-0.0101460
0.0199569
0.0268666
0.0378330
0.0028586
-0.0325245
0.0031570
0.0053646
0.0172854
-0.0022868
-0.0224143
0.0087149
-0.0103780
-0.0007168
-0.0276727
-0.0243910
0.0224499
-0.0057809
0.0170160
0.0317828
0.0190390
-0.0252611
0.0097916
-0.0071566
-0.0173395
0.0269591
0.0310761
0.0146732
0.0057761
0.0051782
-0.0116963
0.0259197
0.0299644
-0.0108797
-0.0129869
0.0294665
0.0022680
-0.0210901
-0.0304427
-0.0318341
0.0323052
0.0224878
-0.0041126
-0.0240410
-0.0368023
-0.0265525
-0.0202529
-0.0189972
-0.0194778
0.0391596
0.0240563
0.0186556
-0.0240338
0.0033826
-0.0134907
0.0018238
-0.0177347
-0.0332961
0.0232539
-0.0133561
-0.0172206
-0.0115271
-0.0384872
-0.0299344
-0.0127867
-0.0194520
0.0102305
-0.0374898
-0.0288137
-0.0086653
-0.0305489
-0.0252287
0.0150212
-0.0103035
0.0005796
0.0171764
0.0062372
-0.0070256
-0.0318125
0.0209135
0.0093091
-0.0338812
-0.0189011
0.0288795
-0.0070759
-0.0095685
0.0424465
-0.0140573
-0.0249988
-0.0185290
0.0234440
-0.0137705
-0.0409730
0.0141484
0.0057497
-0.0387924
-0.0108632
0.0022970
-0.0241929
0.0287719
0.0274711
0.0128386
0.0408190
-0.0097939
0.0041867
0.0079777
-0.0115956
0.0114143
-0.0551260
-0.0410333
-0.0044883
-0.0480385
0.0004863
-0.0281443
-0.0318643
-0.0114779
0.0139228
0.0524518
0.0590388
0.0702476
0.0669687
0.0645156
-0.0246596
-0.0871111
-0.1167520
-0.1373658
-0.1448544
-0.1998525
-0.1538477
0.0509315
0.2407347
0.3858151
0.3330641
0.1632348
-0.0701251
-0.2112595
-0.2626546
-0.1961576
-0.1123989
0.0029793
0.0228998
0.0219881
0.0762087
0.0416645
0.0577329
0.0202288
0.0241583
0.0323896
0.0351822
0.0027365
-0.0068717
-0.0609965
-0.0372941
-0.0461270
0.0103056
-0.0407408
-0.0146427
0.0323843
0.0427082
0.0320690
0.0123455
-0.0130755
0.0248812
0.0396765
0.0150076
-0.0335162
0.0217259
-0.0414785
-0.0400451
-0.0003838
0.0045514
0.0290134
-0.0136332
-0.0048741
0.0083669
-0.0177446
0.0006001
0.0237942
-0.0236146
-0.0255675
0.0176154
-0.0252717
-0.0023204
0.0061918
-0.0059342
0.0184205
-0.0130592
0.0186358
-0.0142716
0.0219825
0.0337221
0.0137768
-0.0202859
-0.0014310
0.0032911
0.0030977
0.0252031
-0.0253850
-0.0280790
-0.0046992
-0.0028313
-0.0107725
-0.0232680
-0.0204412
0.0087513
0.0268138
0.0216386
0.0389953
-0.0129638
0.0001176
-0.0285134
-0.0304669
-0.0231145
-0.0221863
0.0234818
-0.0209047
-0.0042423
-0.0186595
-0.0209542
0.0221035
0.0300960
0.0314812
0.0051414
-0.0020273
-0.0278059
-0.0130427
-0.0046919
0.0253624
-0.0341770
-0.0254424
0.0257819
-0.0092351
-0.0149012
0.0169087
-0.0232617
-0.0088593
-0.0257511
-0.0285130
0.0038755
0.0037036
-0.0210149
-0.0132705
0.0262392
-0.0266184
0.0314897
-0.0158215
-0.0187055
-0.0098863
-0.0314700
-0.0090408
0.0273188
-0.0119052
-0.0206773
0.0224734
-0.0370042
0.0278434
0.0316673
0.0120612
-0.0018520
-0.0021938
0.0241454
-0.0158077
0.0370494
0.0060116
0.0118198
-0.0025080
-0.0258920
0.0055170
-0.0402399
-0.0012998
0.0076836
0.0066043
0.0160257
0.0018787
0.0078026
0.0144039
0.0104715
0.0342953
0.0349956
0.0015463
0.0203268
0.0077672
0.0214469
0.0018381
-0.0500072
-0.0623381
-0.0170495
-0.0250129
-0.0282254
0.0265737
-0.0012187
0.0567687
0.0828913
0.0172740
0.0760801
0.0357610
0.0156766
0.0194549
-0.0486834
-0.0577830
-0.1184238
-0.1411455
-0.1469326
-0.1122266
-0.0625326
0.0792457
0.2931463
0.3014898
0.2007077
0.0402432
-0.1768292
-0.2168646
-0.1769284
-0.1231924
-0.0362617
-0.0329565
-0.0130482
0.0087437
0.0406273
0.0936531
0.0458257
0.0201991
0.0317566
0.0016585
-0.0343526
-0.0026857
-0.0110780
-0.0394110
-0.0148663
-0.0586999
-0.0486909
-0.0167867
-0.0241614
0.0181748
0.0074721
0.0189354
-0.0001662
0.0435139
0.0063344
0.0231236
-0.0009624
-0.0298115
0.0153454
-0.0442764
-0.0244400
-0.0318461
-0.0221472
0.0299261
0.0130504
-0.0048976
-0.0268954
0.0302446
-0.0161038
-0.0243765
-0.0268023
0.0258118
-0.0289725
0.0379176
0.0147443
-0.0102679
0.0103955
0.0249627
-0.0032746
-0.0052152
0.0048513
0.0004605
-0.0125456
0.0078237
0.0133709
0.0095638
0.0282032
-0.0336781
-0.0024215
0.0402001
-0.0009822
0.0010514
0.0205411
-0.0321055
0.0282413
0.0121232
0.0059327
0.0026268
0.0250969
-0.0084385
0.0287781
0.0195869
-0.0289200
0.0270707
0.0227151
0.0238879
0.0189267
-0.0063887
-0.0341901
-0.0193260
0.0121239
0.0162495
0.0039572
-0.0287324
-0.0079423
-0.0090026
-0.0162612
0.0018703
0.0262627
0.0288714
0.0179922
0.0045404
-0.0107340
0.0274701
-0.0007353
-0.0157667
-0.0196918
-0.0042199
-0.0033851
0.0341820
-0.0172104
-0.0339455
0.0137542
0.0281428
-0.0361510
-0.0015446
0.0162453
0.0272344
0.0195179
0.0329856
0.0221101
-0.0039456
0.0123384
0.0197830
-0.0183154
-0.0291002
0.0322060
0.0230257
0.0277451
-0.0078411
0.0026275
0.0278158
-0.0178256
-0.0133272
-0.0193779
0.0276533
0.0350233
-0.0216990
-0.0169640
0.0064053
-0.0395274
-0.0268630
-0.0193578
0.0029506
0.0232012
-0.0115281
0.0152498
0.0064169
0.0108953
0.0304211
-0.0039908
0.0314582
0.0412525
0.0338313
-0.0266413
-0.0335421
-0.0020759
-0.0316480
-0.0694618
-0.0594108
0.0084551
0.0194166
0.0045707
0.0441682
0.0538627
0.0342319
0.0382091
0.0544752
0.0779494
-0.0012110
-0.0359410
-0.0901294
-0.1080977
-0.1766356
-0.1744379
-0.1709826
-0.0339452
0.1169507
0.3093873
0.4060366
0.2853294
0.0367891
-0.1835589
-0.3046087
-0.2027194
-0.0925730
-0.0349470
0.0128881
0.0474061
0.0440478
0.0654700
0.1106889
0.1001393
0.0192431
0.0231095
0.0103500
-0.0051591
-0.0579043
-0.0501707
-0.0468529
-0.0343928
-0.0150269
-0.0414581
-0.0099567
0.0034250
-0.0036056
-0.0059246
-0.0002637
0.0372104
0.0269092
0.0008603
0.0267022
-0.0384345
0.0092672
-0.0013316
0.0177109
-0.0016584
-0.0377041
0.0244585
-0.0319933
-0.0193394
-0.0232727
-0.0192583
-0.0102973
0.0209852
0.0305917
0.0083887
-0.0080597
-0.0299980
-0.0183041
0.0204118
-0.0164972
-0.0140090
-0.0132992
0.0103273
-0.0170093
-0.0150924
-0.0218005
0.0041422
-0.0068098
-0.0286993
0.0010368
0.0030976
0.0182850
-0.0031229
0.0170717
0.0107510
0.0160208
-0.0406816
0.0230647
-0.0258691
-0.0024730
-0.0247481
0.0251658
0.0163149
-0.0283614
0.0090194
-0.0128255
0.0187659
0.0177532
0.0226213
-0.0078671
0.0287445
-0.0389342
-0.0042927
-0.0212211
-0.0001131
0.0155430
0.0210192
0.0279552
0.0125547
0.0386550
-0.0001879
0.0146027
0.0143904
0.0158652
0.0262010
0.0050577
0.0040098
-0.0307232
-0.0116783
0.0211156
0.0082828
-0.0135438
-0.0066019
0.0278546
-0.0204535
0.0233072
-0.0042752
-0.0068221
0.0145622
0.0016693
0.0196593
0.0064770
0.0015301
0.0243853
0.0272483
0.0236054
-0.0167218
-0.0268793
-0.0065598
-0.0352190
0.0246463
-0.0274994
-0.0077929
-0.0335843
0.0044381
-0.0264979
0.0004045
0.0226526
0.0242977
0.0275391
-0.0161794
0.0281967
0.0031937
-0.0378380
0.0282176
0.0108165
0.0321633
0.0264542
0.0219308
-0.0475839
0.0157609
-0.0135575
0.0344381
-0.0151083
0.0223212
-0.0048463
0.0249711
0.0472311
-0.0163634
0.0002039
0.0221437
-0.0116087
-0.0483328
-0.0583598
-0.0694057
-0.0301224
0.0087667
0.0027893
0.0041493
0.0294281
0.0698149
0.0248654
0.0765325
0.0376568
0.0358213
-0.0006767
0.0032326
-0.0506795
-0.0711209
-0.1161239
-0.1636850
-0.1678091
-0.0921252
0.0592519
0.2460570
0.3409678
0.2840813
0.0466323
-0.1348318
-0.2344567
-0.1757883
-0.1462692
-0.0260260
0.0267003
-0.0071700
0.0215473
0.0462898
0.0934869
0.0672811
0.0612725
0.0048698
0.0406695
-0.0365927
0.0075024
-0.0406172
-0.0463282
-0.0067409
-0.0461557
0.0232347
-0.0116862
0.0145029
-0.0108236
0.0374583
0.0110801
0.0192661
0.0406573
0.0284652
-0.0205672
-0.0133976
0.0051451
-0.0316347
-0.0131201
-0.0108700
0.0042980
0.0102463
0.0128589
-0.0425050
0.0001828
-0.0055799
0.0197825
-0.0093264
-0.0265879
0.0076863
0.0103263
-0.0152974
0.0346159
-0.0304630
-0.0227724
0.0127986
-0.0235609
-0.0267496
0.0106206
-0.0193315
-0.0123533
-0.0307395
0.0308749
-0.0246067
-0.0209408
-0.0332285
0.0248426
-0.0257753
0.0329668
-0.0023374
0.0287564
0.0223067
0.0107667
-0.0277082
0.0259256
0.0004799
0.0309003
-0.0003516
0.0036459
0.0302521
0.0050543
-0.0180645
0.0028625
0.0003791
0.0073817
-0.0268916
0.0037520
0.0109612
-0.0003730
-0.0349197
-0.0055857
-0.0276197
0.0002972
-0.0325632
0.0161354
-0.0204014
0.0073391
0.0071922
-0.0087540
-0.0220482
-0.0028455
0.0367879
-0.0283284
0.0385057
0.0243867
-0.0133363
0.0042742
-0.0219719
-0.0361809
-0.0174548
-0.0203703
-0.0152793
-0.0209059
0.0161150
0.0234389
-0.0245549
0.0302605
0.0267629
-0.0108257
-0.0311423
0.0221397
-0.0135006
-0.0236788
0.0224344
-0.0354945
0.0054911
-0.0040741
-0.0225867
-0.0015448
-0.0110376
-0.0080630
0.0250717
0.0164689
-0.0204973
-0.0009830
0.0321193
0.0021097
-0.0243249
-0.0474153
-0.0178150
-0.0207941
0.0073755
0.0067951
0.0023186
-0.0214420
0.0054991
-0.0011763
0.0006976
-0.0020254
-0.0119398
0.0159335
0.0090605
0.0399593
-0.0225276
-0.0559876
-0.0359825
-0.0513025
-0.0606369
-0.0193361
-0.0374307
0.0074732
-0.0056081
0.0344389
0.0295372
0.0889012
0.0806933
0.0488839
0.0562256
0.0101242
-0.0441444
-0.0287233
-0.0899523
-0.1028821
-0.1320660
-0.1801279
-0.0824323
0.0787509
0.2300003
0.3573807
0.3124868
0.0804039
-0.1290850
-0.2222102
-0.2290263
-0.1762893
-0.0447298
-0.0083792
0.0348278
0.0582058
0.0607817
0.1096617
0.0339355
0.0157005
-0.0020631
-0.0093237
-0.0207052
0.0101876
-0.0369512
-0.0334547
-0.0504008
-0.0102312
-0.0465248
0.0146248
-0.0015908
0.0376278
0.0038319
0.0297803
-0.0014507
0.0275139
0.0110095
-0.0150449
0.0123493
-0.0255782
0.0001987
0.0008057
0.0201841
0.0107088
-0.0303430
0.0020393
-0.0254726
0.0290018
0.0256077
0.0405362
0.0033893
-0.0193575
0.0031285
-0.0081034
-0.0063773
-0.0296614
-0.0108977
-0.0162220
0.0278966
-0.0225258
-0.0257912
0.0159475
0.0312689
-0.0036791
-0.0139645
-0.0412572
-0.0013339
0.0173708
0.0179128
0.0348296
-0.0222772
0.0140981
0.0082946
-0.0008810
-0.0189855
-0.0025487
0.0011137
-0.0077457
-0.0232648
0.0310835
-0.0041054
-0.0315487
0.0188752
0.0194765
-0.0107848
0.0159470
-0.0107682
-0.0174957
0.0233507
-0.0267648
0.0069654
-0.0008734
-0.0318919
-0.0082754
-0.0179983
0.0317843
-0.0026385
0.0100171
0.0252897
0.0186073
-0.0273937
-0.0084566
0.0277387
-0.0185870
0.0160270
0.0244044
-0.0218797
-0.0225535
0.0169344
-0.0149049
0.0321100
0.0076318
-0.0108230
0.0377237
-0.0201895
0.0032566
0.0184184
0.0129980
0.0203629
0.0011917
-0.0046514
0.0115085
