0.0200407
-0.0351786
0.0154147
0.0122841
0.0007806
-0.0294744
0.0006752
0.0218672
0.0318896
0.0212084
0.0182317
-0.0360431
0.0227425
0.0342814
-0.0375397
-0.0174593
-0.0338252
-0.0114250
0.0343651
-0.0244185
0.0179735
-0.0315885
0.0126160
0.0193459
0.0083408
0.0176271
-0.0102835
-0.0208275
-0.0327826
-0.0243580
-0.0179078
0.0058668
-0.0236183
-0.0019961
-0.0192799
0.0017574
0.0143835
0.0048991
0.0236795
0.0249453
0.0267251
0.0331074
-0.0302077
-0.0140843
-0.0089516
0.0000191
-0.0170743
-0.0032940
0.0326789
0.0046430
0.0139694
0.0149274
0.0129912
-0.0002173
0.0089521
-0.0069987
0.0287812
-0.0166586
-0.0201761
0.0302529
-0.0183533
0.0122034
0.0031248
0.0043068
0.0119907
-0.0137011
-0.0331405
-0.0233083
-0.0004175
-0.0248996
0.0091885
-0.0026246
-0.0288329
-0.0277471
0.0414270
-0.0137584
0.0024584
-0.0032903
0.0113598
0.0410390
-0.0219120
-0.0020739
-0.0431220
-0.0085123
-0.0084369
-0.0649421
-0.0515601
-0.0355259
0.0124631
-0.0009230
-0.0310118
-0.0071712
0.0268874
0.0603597
0.0350174
0.0269016
0.0801142
0.0655016
-0.0219119
-0.0404344
-0.1173222
-0.1645448
-0.1813354
-0.1747915
-0.0840974
0.0661386
0.3158447
0.4356966
0.3368327
0.1457358
-0.1064597
-0.2792725
-0.2766434
-0.1567813
-0.0841680
-0.0150815
0.0321417
0.0762614
0.0948839
0.0588902
0.0456794
0.0228210
0.0344822
0.0136332
-0.0070014
-0.0208831
-0.0475236
-0.0242121
-0.0073568
-0.0510097
-0.0118398
0.0048066
0.0021784
0.0179302
0.0318008
0.0130494
0.0064582
0.0492931
0.0444985
0.0246191
-0.0267965
-0.0243951
-0.0234345
-0.0140842
-0.0254840
0.0090587
0.0093811
-0.0440421
0.0171468
-0.0158592
0.0132903
-0.0050291
0.0356251
0.0318273
-0.0309670
0.0307377
0.0213802
0.0013833
0.0106203
0.0172939
0.0083068
-0.0422201
0.0266799
0.0288072
-0.0320803
-0.0367596
-0.0033655
0.0356681
-0.0061550
-0.0063457
-0.0161637
0.0238539
-0.0076058
0.0413813
0.0366480
0.0183459
0.0185634
-0.0447926
0.0252993
-0.0162784
-0.0156107
-0.0180237
0.0147979
-0.0040096
-0.0023891
0.0085124
0.0055961
0.0291646
0.0184657
0.0136521
0.0199596
-0.0037687
0.0322951
0.0058264
0.0066347
-0.0293910
-0.0195494
-0.0146316
-0.0012420
0.0182323
0.0189519
0.0364755
-0.0247709
0.0283426
0.0318064
-0.0189254
0.0152665
0.0264266
-0.0079400
-0.0371548
0.0221629
0.0008895
-0.0338733
0.0251257
0.0034964
0.0212042
0.0079293
0.0360266
0.0264465
-0.0145083
0.0059157
0.0300600
0.0329269
-0.0132018
-0.0122756
-0.0353361
0.0138866
-0.0217559
-0.0205703
-0.0079410
0.0074038
0.0147651
-0.0392825
0.0112132
-0.0090589
-0.0152794
0.0040204
-0.0032358
0.0366809
0.0146890
0.0023982
0.0135975
-0.0300440
0.0341373
-0.0237774
0.0124892
0.0020540
-0.0295663
0.0122082
0.0105756
0.0254735
-0.0048041
-0.0188669
-0.0146578
0.0225822
-0.0034358
0.0161180
-0.0144204
0.0325571
0.0446501
0.0111147
-0.0030991
-0.0155491
0.0125591
-0.0322388
-0.0030430
-0.0415273
-0.0203278
-0.0382427
-0.0374920
0.0030969
0.0115943
0.0486784
0.0628838
0.0273202
0.0843992
0.0493248
0.0017332
-0.0706729
-0.0377423
-0.1259795
-0.1690476
-0.1792060
-0.1127067
-0.0217457
0.2331658
0.3974220
0.3721939
0.1512494
-0.1052830
-0.2006643
-0.1997779
-0.1227307
-0.0746254
-0.0624408
0.0034890
0.0242492
0.0390989
0.0930087
0.0487238
0.0571492
0.0079053
0.0277778
0.0384839
0.0045016
-0.0472435
-0.0732122
-0.0586222
-0.0252807
-0.0510636
0.0246786
0.0086696
0.0411468
0.0080457
-0.0024559
0.0473083
0.0004750
0.0436118
-0.0230342
-0.0235433
-0.0180149
-0.0226846
-0.0310581
0.0108755
-0.0426481
0.0241777
-0.0025273
0.0188173
0.0053725
0.0056115
0.0116260
0.0035057
0.0315450
0.0233848
0.0300342
0.0352182
0.0220390
0.0203522
-0.0257539
-0.0140645
0.0347279
-0.0354871
0.0302261
-0.0234644
0.0162011
-0.0264093
0.0238140
0.0337384
0.0342575
-0.0305209
-0.0168104
-0.0093526
-0.0323555
0.0239641
0.0034396
-0.0034964
0.0153528
0.0124086
-0.0334813
-0.0241982
0.0120594
-0.0349622
0.0037271
0.0085478
0.0411340
-0.0033570
0.0295615
-0.0152577
-0.0071217
0.0222447
0.0047423
0.0289934
0.0422085
-0.0210123
0.0352691
-0.0375319
-0.0420494
0.0302393
-0.0066524
-0.0084422
0.0183410
-0.0163228
-0.0076046
0.0383927
0.0256932
0.0203715
0.0200606
-0.0268667
-0.0174246
-0.0343446
-0.0322235
-0.0159522
-0.0346272
0.0342405
0.0295771
0.0267869
0.0275763
0.0271191
-0.0338476
-0.0287536
-0.0008910
0.0187313
-0.0191255
-0.0143561
-0.0209244
0.0294791
0.0040144
0.0062575
-0.0082101
0.0183218
0.0337217
0.0346636
0.0304925
0.0340190
0.0172164
-0.0102253
-0.0213863
-0.0205616
-0.0266590
-0.0018595
0.0265904
0.0105128
-0.0218986
0.0178093
0.0303115
-0.0308938
0.0284553
-0.0015605
-0.0257811
-0.0159254
-0.0116829
-0.0359904
0.0112517
0.0130593
0.0406104
-0.0199278
0.0470797
0.0029687
-0.0170161
0.0360111
0.0411018
0.0181314
-0.0059658
0.0016279
-0.0178347
-0.0420955
-0.0160504
-0.0405388
0.0247351
0.0056037
0.0253369
0.0497652
0.0787268
0.0623469
0.0313023
0.0574147
-0.0141102
-0.0660633
-0.0889123
-0.1420437
-0.1665013
-0.2044992
-0.1321961
0.0879628
0.2886390
0.3330919
0.2761260
0.1001290
-0.1136385
-0.2347034
-0.2136830
-0.1441984
-0.1287414
-0.0536889
-0.0015759
0.0763043
0.0889470
0.0650165
0.1011616
0.0906590
0.0521170
0.0328416
0.0309961
-0.0402944
-0.0304776
-0.0185418
-0.0639795
-0.0313924
-0.0074141
0.0084546
-0.0014946
0.0416302
0.0543617
0.0185197
0.0428848
0.0575268
-0.0115714
0.0224409
0.0205375
-0.0181733
-0.0280955
0.0052839
-0.0169138
0.0196402
0.0339527
-0.0088904
-0.0296503
0.0247676
0.0180368
0.0305760
-0.0214946
-0.0117719
0.0158090
0.0022613
-0.0355778
-0.0254071
-0.0316923
0.0158436
-0.0022194
-0.0291155
-0.0323496
-0.0231905
0.0164959
-0.0364938
-0.0018268
-0.0381096
-0.0238160
-0.0159556
-0.0220872
-0.0166115
-0.0230253
-0.0096410
0.0248322
0.0065479
0.0165558
-0.0153734
0.0088745
-0.0016880
-0.0363896
-0.0204994
0.0246017
-0.0189514
-0.0347998
-0.0017985
-0.0344950
-0.0068441
0.0234564
0.0333015
-0.0078083
-0.0199804
-0.0056374
-0.0091420
0.0245695
0.0282671
-0.0158556
0.0032592
0.0217773
-0.0390480
-0.0321254
0.0304285
-0.0332961
-0.0122228
0.0109896
-0.0180720
0.0069660
0.0011207
0.0419063
0.0085332
0.0106532
-0.0003847
0.0302941
0.0077780
-0.0050569
0.0314278
0.0003148
0.0009408
0.0048192
0.0301165
0.0304794
0.0178459
-0.0046637
0.0358957
0.0019703
-0.0219348
0.0382373
-0.0106563
-0.0449409
-0.0182829
0.0263429
-0.0242372
-0.0081581
0.0162110
-0.0061494
-0.0044313
0.0427641
-0.0319345
0.0331907
0.0243785
0.0062001
-0.0125320
-0.0369311
-0.0324356
0.0040852
0.0021302
-0.0358723
0.0173454
0.0117416
0.0269833
0.0364776
-0.0332731
-0.0222876
-0.0195278
0.0175626
0.0105355
-0.0072847
0.0010867
-0.0093426
-0.0410566
-0.0009902
-0.0238114
-0.0055721
-0.0553456
0.0008365
-0.0108748
-0.0270681
0.0177120
0.0272296
0.0701965
0.0448132
0.0485869
0.0580800
0.0582747
-0.0180242
-0.0923578
-0.1415223
-0.1863589
-0.2207186
-0.2500994
-0.1404935
0.0472957
0.3286606
0.4783847
0.4021936
0.1348171
-0.1336366
-0.2703769
-0.3085680
-0.1583249
-0.1314464
-0.0109652
-0.0013791
0.0669073
0.0836909
0.1325341
0.0663022
0.0569897
0.0557761
0.0085039
-0.0223346
-0.0110527
-0.0024881
-0.0713376
-0.0540623
-0.0230420
-0.0602321
0.0098209
-0.0308390
0.0038938
0.0086755
-0.0138589
0.0502137
0.0217875
0.0043310
0.0372624
-0.0023310
-0.0112158
0.0177858
-0.0379583
-0.0276163
-0.0502035
0.0063477
0.0150680
-0.0218643
-0.0072267
0.0039692
-0.0302284
0.0306292
0.0026893
0.0064526
-0.0116514
0.0103458
0.0362858
-0.0162703
0.0182307
-0.0254124
0.0152575
-0.0448358
0.0227169
0.0183872
0.0204150
-0.0003962
0.0017854
-0.0151869
0.0199597
0.0247414
-0.0244061
0.0030009
0.0228576
-0.0228076
-0.0231164
-0.0336968
-0.0009617
0.0200898
-0.0052416
-0.0174065
0.0236807
0.0085685
0.0011822
-0.0082604
0.0325617
0.0379630
0.0119120
-0.0059464
-0.0387747
-0.0282349
0.0020437
0.0098318
-0.0084255
0.0213600
0.0054640
-0.0009145
0.0200032
0.0394226
0.0231832
-0.0008601
-0.0004552
0.0311018
0.0440528
0.0037164
-0.0160164
0.0110066
-0.0099008
-0.0268952
-0.0060349
-0.0281283
0.0138380
0.0123333
-0.0014316
0.0262597
-0.0249055
-0.0093867
-0.0223922
-0.0115005
-0.0251169
0.0229278
0.0182453
-0.0230941
0.0110711
-0.0370402
0.0214214
0.0210043
-0.0276640
-0.0193538
-0.0012553
-0.0150260
0.0263007
0.0200229
-0.0399264
-0.0060859
-0.0072280
0.0127035
0.0404389
-0.0304530
-0.0094092
0.0000658
-0.0054590
-0.0002084
-0.0331329
-0.0250679
0.0125880
0.0205681
0.0447548
0.0481783
0.0388679
0.0036977
0.0311142
-0.0049369
0.0291750
0.0114124
0.0094848
-0.0555048
-0.0488295
-0.0338438
-0.0557637
-0.0299122
0.0300174
0.0267383
0.0155667
0.0540446
0.0876691
0.0818381
0.0531162
0.0472168
-0.0044997
0.0175730
-0.0634345
-0.0763768
-0.1319557
-0.2468652
-0.2052335
-0.1153897
0.1566629
0.3517010
0.4536749
0.3662765
0.0456344
-0.2101221
-0.3071844
-0.2926779
-0.1525553
-0.0723385
-0.0531553
0.0437400
0.0849952
0.0570968
0.1016966
0.0945990
0.0651327
0.0467418
-0.0182134
-0.0477631
-0.0623646
-0.0422602
-0.0057736
-0.0564254
-0.0317925
-0.0371798
0.0128127
-0.0259877
0.0008588
0.0220420
0.0012153
0.0509558
0.0557902
0.0490350
0.0219231
0.0012178
0.0034685
-0.0260399
-0.0448139
-0.0269691
-0.0269675
-0.0371876
-0.0026067
0.0086615
-0.0017932
-0.0227202
0.0259240
-0.0181972
0.0289340
0.0370981
-0.0045876
-0.0197173
0.0004704
0.0063629
-0.0231554
-0.0088282
-0.0041262
-0.0018888
-0.0335565
0.0115038
0.0013729
-0.0354716
0.0209221
-0.0193168
0.0119344
-0.0202946
0.0338713
-0.0323072
-0.0048133
-0.0339605
-0.0158844
-0.0417904
-0.0052602
-0.0069861
0.0271721
-0.0245206
-0.0099834
-0.0365436
-0.0295622
0.0305861
0.0268146
0.0379736
0.0250376
0.0113864
-0.0201407
0.0273001
-0.0362636
0.0170839
-0.0129248
-0.0268513
0.0020208
0.0271998
-0.0187158
0.0177554
-0.0070482
0.0010075
-0.0091283
-0.0116879
0.0379002
-0.0015073
-0.0296417
-0.0191299
-0.0065292
0.0154700
-0.0313022
0.0241555
0.0312101
-0.0071627
-0.0217884
-0.0193985
0.0254457
0.0071919
-0.0220105
-0.0230603
-0.0125707
-0.0057665
-0.0036790
-0.0068950
0.0094207
0.0286563
0.0412069
-0.0134666
-0.0112165
0.0184776
-0.0109098
0.0272625
-0.0056201
-0.0330752
-0.0153076
0.0091285
-0.0092947
-0.0106465
-0.0197022
0.0044380
-0.0462866
-0.0332423
-0.0147241
-0.0027327
0.0378852
0.0069800
0.0369232
-0.0255712
0.0134517
0.0032568
0.0013955
-0.0067758
0.0185536
-0.0253494
-0.0645863
-0.0119464
0.0061317
-0.0229669
-0.0226084
0.0056838
0.0123424
0.0214700
0.0649023
0.0313916
0.0521838
0.0896141
0.0591059
0.0138561
-0.0276596
-0.1261167
-0.1270578
-0.2256048
-0.2447829
-0.1596134
0.0740398
0.2817687
0.4599229
0.3552649
0.1127623
-0.1514462
-0.3015359
-0.2567585
-0.1941094
-0.1315910
-0.0251469
-0.0098909
0.0373718
0.0706425
0.0578382
0.1196472
0.0369425
0.0630753
-0.0124429
0.0005852
0.0015071
-0.0668147
-0.0682433
-0.0753948
-0.0722836
0.0021912
0.0061234
0.0221552
0.0450348
-0.0154421
-0.0131587
0.0024189
0.0525616
0.0211830
0.0319159
0.0071057
0.0078416
-0.0016742
-0.0241983
0.0059776
-0.0088030
-0.0081212
-0.0266626
0.0160803
0.0182769
-0.0354938
-0.0136808
0.0099786
0.0045483
-0.0064084
-0.0045750
-0.0170486
-0.0235174
-0.0071987
0.0029675
0.0037325
-0.0195328
0.0145388
-0.0401021
0.0091592
0.0191962
-0.0043297
0.0349138
0.0382229
0.0065213
0.0259727
0.0020706
0.0261683
0.0199400
-0.0076939
-0.0058105
-0.0165373
0.0241471
0.0033822
0.0205714
0.0330670
0.0080300
-0.0294053
-0.0279770
0.0264246
0.0376641
-0.0350999
-0.0181950
0.0311673
-0.0051395
0.0380089
0.0029866
-0.0039142
-0.0032858
0.0299291
0.0152004
-0.0087373
0.0277554
0.0184612
-0.0134821
-0.0044721
-0.0184890
0.0272566
-0.0209092
-0.0291509
0.0157113
-0.0132156
0.0089246
0.0087836
0.0075270
0.0294991
-0.0171210
-0.0405774
-0.0400887
-0.0373277
0.0339868
0.0044372
0.0321226
0.0099324
0.0297432
-0.0140454
0.0294747
-0.0094370
-0.0273811
0.0112270
-0.0025153
0.0052692
0.0297194
0.0016691
-0.0344743
0.0001465
-0.0341184
0.0100994
0.0011115
0.0077771
0.0154954
0.0000174
-0.0098852
0.0424603
-0.0032482
-0.0095953
0.0217768
0.0095202
0.0102183
-0.0351453
-0.0121668
-0.0404056
0.0091944
0.0249328
-0.0331334
0.0394548
0.0100446
0.0328562
0.0526244
0.0520480
0.0116095
-0.0056009
0.0329259
0.0004651
-0.0642024
-0.0196912
-0.0313552
-0.0597813
0.0053165
0.0062047
0.0025002
0.0160210
0.0033146
0.0716175
0.0618843
0.0893262
0.0742689
0.0361954
0.0273606
-0.0293705
-0.0857979
-0.0976656
-0.2003187
-0.2013376
-0.1506377
-0.0419721
0.1566329
0.3418535
0.4114673
0.2330664
0.0264632
-0.2284208
-0.3047773
-0.1926614
-0.1740186
-0.0794973
-0.0452676
-0.0028394
0.0824444
0.0940747
0.1249713
0.0886880
0.0131004
-0.0011594
-0.0198161
0.0046799
-0.0405135
-0.0275477
-0.0640511
-0.0728072
-0.0264890
-0.0447653
-0.0289235
-0.0024505
-0.0055725
-0.0044808
0.0242081
0.0515639
0.0285732
0.0324003
0.0406790
-0.0135813
0.0004375
0.0244351
-0.0462460
-0.0240594
-0.0230241
-0.0392906
-0.0109522
-0.0002625
-0.0276693
-0.0025287
-0.0098261
0.0135454
0.0176754
-0.0184139
0.0107681
-0.0106304
0.0190212
0.0325820
-0.0165533
-0.0110017
0.0325967
0.0254362
-0.0135744
0.0139915
0.0227705
0.0033870
-0.0294042
0.0115750
0.0312891
0.0121113
0.0064985
0.0099229
0.0346313
0.0139443
-0.0121133
-0.0150038
0.0120146
0.0107637
0.0398677
0.0153065
0.0202329
-0.0252245
0.0011556
0.0108704
-0.0116026
-0.0157700
-0.0130247
0.0003663
0.0396768
0.0052944
0.0037362
0.0113276
-0.0265946
-0.0121628
0.0272737
-0.0306356
0.0004651
-0.0347310
-0.0390763
