-0.0035033
-0.0194771
0.0102032
-0.0087459
0.0054949
-0.0262323
0.0256109
-0.0238744
-0.0096801
0.0049868
0.0299322
0.0275486
-0.0371343
0.0076502
-0.0126640
-0.0114914
-0.0240387
-0.0168255
0.0269327
0.0025347
0.0121895
0.0025577
-0.0267115
0.0291485
-0.0054452
-0.0378404
-0.0427693
0.0063335
0.0065569
0.0057152
0.0269720
0.0094635
-0.0031229
-0.0001390
0.0131323
-0.0233975
-0.0004545
-0.0187469
-0.0311673
-0.0396867
-0.0312456
-0.0339770
0.0008795
0.0323173
0.0301621
0.0371663
-0.0132434
-0.0314033
-0.0230113
-0.0368461
0.0121717
-0.0170603
-0.0016702
-0.0363079
-0.0293275
-0.0180517
-0.0159162
-0.0095388
-0.0046183
-0.0061007
0.0162018
0.0337061
0.0129995
0.0072341
-0.0239756
-0.0056349
-0.0150702
-0.0367904
-0.0259272
0.0331867
-0.0196709
0.0281053
-0.0201027
0.0322805
0.0109761
-0.0165565
-0.0132132
0.0171562
0.0070984
0.0063177
-0.0034411
0.0021053
0.0381313
0.0033140
0.0433683
0.0221486
-0.0128628
-0.0181968
-0.0088049
0.0298764
0.0143727
0.0219360
-0.0092609
0.0090232
-0.0041297
0.0032634
0.0425767
0.0009518
0.0210112
0.0360850
0.0164840
-0.0098135
-0.0234046
0.0111111
0.0206186
-0.0369544
0.0212663
-0.0428478
0.0186078
-0.0182146
-0.0130085
-0.0166387
-0.0324926
0.0113772
0.0373163
0.0220158
0.0297278
0.0178193
0.0094457
-0.0041431
0.0064688
-0.0240858
-0.0659221
-0.0335356
-0.0306083
-0.0489395
-0.0120743
-0.0326004
-0.0141518
0.0105071
0.0424708
0.0143057
0.0438338
0.0325490
0.0785804
0.0079583
-0.0264783
-0.0389953
-0.0864576
-0.1058388
-0.1704328
-0.1452839
-0.1021302
0.0838072
0.2862779
0.4112961
0.2514715
0.0474529
-0.1656159
-0.2338604
-0.2143671
-0.1431555
-0.1036259
-0.0534311
0.0261566
0.0669725
0.0968680
0.0925233
0.0599986
0.0666205
0.0570994
0.0431794
-0.0038926
-0.0293783
-0.0465696
-0.0472994
-0.0616332
-0.0633290
-0.0186318
0.0011939
0.0070272
0.0246955
0.0535908
0.0331068
0.0230638
0.0204228
0.0012107
0.0377737
-0.0203184
0.0005039
-0.0239438
0.0124660
-0.0044201
-0.0154774
-0.0469570
-0.0105495
0.0303938
-0.0326884
-0.0021683
0.0025551
-0.0080093
0.0186827
0.0083169
0.0057829
0.0177111
-0.0090860
0.0164234
0.0204561
0.0066752
-0.0166400
0.0221125
0.0213971
-0.0237046
0.0294038
0.0415440
0.0174848
-0.0273105
-0.0213828
-0.0043981
-0.0262652
0.0076200
0.0086312
0.0120781
0.0018792
0.0318713
-0.0108696
0.0081507
-0.0424054
-0.0215988
-0.0102776
-0.0089856
-0.0308835
0.0286153
0.0249219
-0.0073407
-0.0092203
-0.0149303
0.0104556
-0.0147615
-0.0047353
0.0166662
-0.0139293
0.0050526
0.0115280
0.0360163
0.0267761
-0.0138852
0.0292557
-0.0121131
-0.0159601
-0.0045471
0.0229081
0.0008724
0.0199889
0.0387344
0.0149242
0.0291000
0.0238362
-0.0146849
0.0131044
0.0291733
0.0022612
0.0009191
0.0127152
0.0084244
-0.0176562
0.0284880
-0.0040048
0.0247314
-0.0202986
0.0092594
0.0037533
0.0278635
-0.0198343
0.0031349
0.0193346
0.0336408
-0.0314705
-0.0326722
-0.0331643
0.0296598
0.0363317
-0.0363058
0.0218335
-0.0221873
-0.0087891
-0.0013286
0.0207960
0.0091899
0.0105132
-0.0339177
-0.0376725
-0.0195936
0.0048114
-0.0043641
-0.0084875
-0.0006900
0.0150259
-0.0196425
0.0256308
0.0014663
-0.0043725
-0.0154061
0.0105706
-0.0295726
-0.0052320
-0.0133000
-0.0328180
-0.0399353
0.0073612
-0.0320104
-0.0334162
-0.0411449
-0.0188832
-0.0240122
0.0324384
0.0082941
0.0408083
0.0249118
0.0730943
0.0258253
0.0065492
-0.0352865
-0.1041238
-0.1412185
-0.1414686
-0.2153943
-0.1075145
0.0073009
0.1551247
0.3707583
0.3484728
0.1523574
-0.0458112
-0.1660574
-0.2354451
-0.1770213
-0.1324003
-0.0489103
0.0328396
0.0247462
0.0824326
0.0492134
0.1144006
0.0562330
0.0059732
0.0471740
0.0215779
-0.0022363
-0.0611340
-0.0748946
-0.0572658
-0.0497436
-0.0129324
0.0290051
-0.0001041
0.0442405
0.0014100
0.0526168
0.0311808
0.0013440
0.0498239
0.0335225
-0.0054651
0.0068856
-0.0341048
-0.0409374
0.0249567
0.0254476
0.0235746
-0.0375829
-0.0100642
0.0246802
-0.0087503
0.0357245
0.0077662
-0.0015969
-0.0270173
-0.0355178
0.0102089
-0.0189939
0.0341082
0.0288692
-0.0296636
-0.0145477
-0.0032493
-0.0286908
0.0245792
0.0235458
-0.0151203
-0.0109377
-0.0131544
0.0304144
-0.0300252
0.0094762
-0.0135197
-0.0059369
0.0321301
0.0192606
0.0146616
-0.0275276
0.0014840
-0.0416157
-0.0394275
-0.0316158
-0.0260137
-0.0411978
0.0113338
-0.0247914
-0.0072729
0.0138230
0.0107747
-0.0065534
-0.0232220
0.0293973
-0.0118175
0.0325066
-0.0257028
0.0254695
-0.0173027
-0.0329899
0.0272520
-0.0126591
0.0176692
0.0357302
-0.0193208
0.0004469
-0.0079252
0.0289800
0.0213572
0.0007841
0.0148630
0.0244068
-0.0302312
-0.0341085
0.0259802
-0.0209423
-0.0231099
0.0322964
0.0243770
0.0168080
0.0282722
-0.0128951
-0.0162763
-0.0189903
-0.0066300
0.0256648
0.0207897
0.0040041
-0.0324064
-0.0025985
-0.0193684
0.0170371
-0.0234808
0.0433714
-0.0047046
-0.0039590
0.0015644
0.0163367
-0.0016090
-0.0409078
-0.0325542
-0.0140452
-0.0369094
-0.0274021
0.0193132
-0.0039357
0.0032254
0.0293302
-0.0108825
0.0280752
-0.0287249
0.0382727
-0.0091701
-0.0143372
0.0301656
-0.0023328
0.0065971
-0.0114988
-0.0150349
-0.0244022
-0.0488167
-0.0099527
-0.0010063
0.0148249
-0.0081836
0.0024607
0.0092760
0.0268303
0.0589917
0.0993144
0.0298071
0.0597639
-0.0087416
-0.0378661
-0.1107889
-0.1226327
-0.1756339
-0.1652833
-0.1578171
0.0303511
0.2545199
0.4050279
0.3863277
0.1623254
-0.0906613
-0.2614522
-0.2525534
-0.2166022
-0.1403122
-0.0626596
-0.0220171
0.0400696
0.0405327
0.0781661
0.1101962
0.0580570
0.0122958
0.0193924
0.0011580
-0.0394031
-0.0181301
-0.0508502
-0.0702607
-0.0213779
-0.0282283
0.0152773
0.0329009
0.0398816
0.0303377
0.0242690
-0.0020135
0.0258829
-0.0033469
0.0257020
-0.0106533
-0.0241599
-0.0379192
-0.0162421
-0.0488550
0.0228769
0.0069852
0.0252938
0.0265148
-0.0335531
0.0370171
0.0194262
-0.0074262
0.0031426
0.0170405
0.0279665
-0.0042960
-0.0028019
-0.0231856
-0.0288546
0.0045614
-0.0350216
-0.0271980
-0.0377470
0.0038268
0.0292385
-0.0082485
0.0369452
0.0135304
0.0342829
-0.0112778
0.0096369
0.0201903
-0.0261387
-0.0356450
-0.0094988
-0.0011343
-0.0286156
0.0230940
-0.0326373
0.0190839
-0.0155962
-0.0242404
0.0080031
-0.0236735
-0.0299683
0.0051627
0.0053986
0.0034073
0.0193206
0.0120793
0.0240124
0.0143650
0.0326522
0.0351133
0.0456534
-0.0157346
0.0104385
-0.0303880
0.0114079
-0.0099969
-0.0191386
0.0278173
-0.0006524
-0.0179546
0.0213156
0.0193441
0.0350445
-0.0074908
-0.0373634
-0.0205066
-0.0213215
0.0269410
-0.0258747
0.0248878
0.0286796
-0.0224410
0.0103978
-0.0148277
0.0211196
-0.0051053
0.0024751
-0.0223362
0.0153564
-0.0170661
0.0264537
0.0073678
0.0016491
0.0168013
0.0374234
-0.0338468
0.0349259
0.0192507
-0.0214770
-0.0123782
0.0114164
0.0072206
-0.0402800
-0.0248854
0.0135736
-0.0173063
-0.0023394
0.0334565
0.0165974
-0.0177185
0.0398904
-0.0095488
0.0049068
-0.0048668
-0.0205208
-0.0226270
-0.0171245
-0.0090632
-0.0010964
0.0093503
-0.0378440
-0.0420522
-0.0157977
0.0188410
0.0551770
0.0112268
0.0634073
0.0562487
0.0329882
0.0829401
0.0165171
-0.0382484
-0.0692923
-0.0966900
-0.1070574
-0.2157878
-0.2364891
-0.1190860
0.0877121
0.3225562
0.4395719
0.3238675
0.0920026
-0.1826265
-0.3252786
-0.2454801
-0.1529844
-0.0668421
-0.0072454
0.0535210
0.0345107
0.0817077
0.0791178
0.1124834
0.0733697
0.0210510
-0.0248580
-0.0496369
-0.0084477
-0.0149570
-0.0391855
-0.0059559
-0.0505623
-0.0615219
-0.0503640
0.0312200
-0.0103189
0.0572220
-0.0024120
0.0316456
-0.0099726
-0.0090624
-0.0010568
0.0100171
-0.0014976
-0.0024264
-0.0387670
-0.0013250
-0.0383014
0.0249449
-0.0312620
0.0040095
0.0465916
0.0397606
-0.0252915
0.0217926
0.0000314
0.0050351
0.0316566
-0.0374811
0.0211846
-0.0068888
-0.0354451
0.0143767
0.0244288
0.0049372
-0.0366048
-0.0085586
0.0385248
0.0016222
-0.0127874
-0.0297113
-0.0230224
-0.0224179
-0.0151599
-0.0116225
-0.0194592
0.0073625
-0.0193304
0.0233364
0.0291191
-0.0187861
-0.0194900
-0.0005652
-0.0255017
-0.0005545
0.0123436
0.0034378
0.0389553
0.0349396
0.0262152
0.0006857
-0.0232607
0.0020559
0.0274272
0.0349748
-0.0066416
0.0381205
-0.0217845
0.0255081
-0.0253351
0.0154309
0.0367326
0.0080368
0.0341247
-0.0094182
0.0317142
0.0158415
0.0207952
-0.0278981
0.0264450
-0.0146650
0.0069913
0.0103092
0.0122584
0.0205959
-0.0135628
0.0099602
-0.0036133
0.0363839
0.0210401
-0.0350290
0.0311562
0.0249511
-0.0083753
-0.0023468
0.0272028
-0.0035564
-0.0257239
0.0062193
0.0026553
0.0221980
0.0200668
0.0126619
0.0296381
-0.0157925
-0.0306981
-0.0087497
0.0099725
-0.0252290
0.0302069
0.0247616
0.0418628
0.0086622
-0.0003621
-0.0333669
0.0253541
-0.0209080
-0.0002702
-0.0062122
0.0386807
-0.0271973
-0.0329511
0.0090216
-0.0121032
-0.0260115
0.0235105
0.0261020
0.0117812
0.0173694
0.0137352
-0.0274955
0.0117679
-0.0093128
-0.0187799
0.0059397
0.0233624
-0.0303676
-0.0248207
-0.0102851
-0.0273002
-0.0669159
-0.0074440
-0.0054637
-0.0234557
0.0043861
0.0596240
0.0440697
0.0592853
0.0457946
0.0536802
0.0308119
0.0105848
-0.0187238
-0.0116625
-0.0684200
-0.1026504
-0.1965666
-0.2171505
-0.1015105
0.0885920
0.3371595
0.4202059
0.3107594
0.1132131
-0.1003854
-0.2517470
-0.2527728
-0.1499805
-0.1285304
0.0002454
0.0268425
0.0880059
0.0840324
0.1041108
0.1051459
0.0532872
0.0292049
0.0472809
-0.0359045
-0.0095072
-0.0421982
-0.0421451
-0.0715589
-0.0489349
0.0109855
0.0176452
-0.0086894
0.0051848
-0.0162062
0.0130956
-0.0060158
0.0535951
0.0104582
-0.0229964
-0.0246938
-0.0173074
0.0029644
0.0195098
-0.0117039
-0.0239181
-0.0133190
-0.0387270
-0.0238798
-0.0203371
0.0020266
-0.0034426
-0.0232002
0.0392375
-0.0119192
0.0170979
0.0408770
-0.0040995
0.0286443
-0.0149432
0.0139161
-0.0300920
-0.0304710
-0.0201957
-0.0361512
0.0260533
-0.0119803
0.0240700
-0.0107172
0.0251107
-0.0246794
0.0007819
-0.0194967
-0.0167980
0.0113239
-0.0300279
-0.0259910
0.0031254
-0.0086167
0.0329122
0.0341159
0.0359597
0.0445284
-0.0008893
0.0281724
-0.0171584
0.0060853
-0.0058509
-0.0224482
0.0193067
-0.0274094
0.0278294
0.0339274
0.0380771
0.0053169
0.0337430
0.0305188
-0.0136049
0.0329628
0.0363840
0.0036919
-0.0211299
0.0081493
0.0225093
0.0016087
0.0248771
-0.0001434
0.0368308
0.0141616
-0.0278868
-0.0187682
-0.0264533
0.0101533
-0.0265186
-0.0127165
0.0189921
-0.0283981
-0.0372630
0.0103370
0.0337453
-0.0096974
0.0026585
0.0377947
0.0331250
0.0079218
-0.0039844
-0.0081597
-0.0224734
-0.0205537
0.0043761
-0.0196338
0.0174586
-0.0317912
-0.0293561
-0.0141522
-0.0325864
-0.0006967
0.0371240
-0.0165351
-0.0157244
-0.0060757
0.0063248
0.0345394
-0.0171306
0.0039976
0.0116161
-0.0232979
-0.0189300
0.0207421
-0.0228673
0.0054825
-0.0098166
-0.0488765
0.0173901
0.0164347
0.0109273
-0.0060034
-0.0037091
0.0282036
0.0102061
0.0177855
0.0500713
0.0502817
-0.0182332
0.0108005
0.0327128
-0.0263796
-0.0277802
-0.0371263
-0.0336663
0.0021587
-0.0170446
0.0143400
0.0220434
-0.0036717
0.0643982
0.0686733
0.0415052
0.0857255
0.0335850
0.0238761
0.0159278
-0.0494701
-0.1019287
-0.1717352
-0.1695183
-0.2021756
-0.1354844
0.0296359
0.1941452
0.4079106
0.3752473
0.1663557
-0.0644686
-0.1987703
-0.2474730
-0.2356504
-0.1143930
-0.0146044
-0.0301225
0.0674601
0.0367332
0.0819659
0.0635166
0.0560148
0.0345054
0.0227914
0.0122595
-0.0099738
-0.0342690
-0.0627431
-0.0294544
-0.0475413
-0.0547950
-0.0357627
0.0336458
0.0114947
-0.0032730
0.0512665
0.0513769
0.0200822
0.0355307
0.0306893
-0.0117685
-0.0093744
-0.0149059
-0.0479854
-0.0079225
0.0083611
-0.0010278
-0.0405549
0.0273226
-0.0224116
-0.0052341
0.0278148
0.0241525
-0.0213308
0.0299258
0.0302030
-0.0015180
0.0332299
0.0069937
-0.0373185
-0.0251885
-0.0249798
-0.0267326
-0.0254706
0.0108877
-0.0032084
-0.0022052
0.0217342
-0.0299938
-0.0359855
0.0305060
-0.0211982
-0.0140034
-0.0190888
-0.0157289
-0.0347306
0.0281984
0.0163936
0.0222016
0.0331147
-0.0228662
-0.0376930
0.0024765
0.0232602
0.0219635
0.0022667
-0.0116176
0.0244569
-0.0249920
0.0090732
-0.0366758
0.0064617
-0.0290146
-0.0118628
-0.0213856
0.0299967
0.0049234
-0.0329298
0.0221638
0.0349672
0.0266792
0.0113965
0.0239099
0.0211616
0.0161700
0.0003423
-0.0161086
-0.0068455
-0.0146361
0.0429451
0.0025537
-0.0115930
-0.0089702
-0.0149321
0.0182503
-0.0275610
-0.0105513
0.0163307
0.0249005
-0.0387985
0.0059963
-0.0003148
0.0123653
-0.0098584
0.0146974
-0.0343000
0.0362638
-0.0156656
-0.0354963
-0.0115324
-0.0017346
-0.0292584
-0.0223779
0.0413575
0.0391860
-0.0216213
0.0152073
0.0068991
-0.0166802
0.0089871
0.0302079
0.0034218
0.0140135
-0.0304360
0.0026696
-0.0005390
0.0119679
0.0299713
-0.0091040
-0.0042134
-0.0033988
-0.0450932
0.0119054
-0.0253971
0.0010823
-0.0491741
-0.0074486
-0.0236248
0.0385434
0.0023643
0.0424590
0.0226310
0.0494582
0.0177557
0.0359067
0.0173333
0.0320729
-0.0454832
-0.0121423
-0.0037673
0.0019355
-0.0287537
0.0184356
0.0180770
0.0323712
-0.0118462
0.0584635
0.0557344
0.0669633
0.0448856
0.0761511
0.0689240
0.0418493
0.0006486
-0.1076377
-0.1103069
-0.1261048
-0.1540347
-0.1327469
0.0012278
0.1430221
0.3329954
0.3731750
0.2186884
-0.0404731
-0.1779405
-0.2570894
-0.1990218
-0.0889515
-0.0700811
0.0120958
0.0009686
0.0987213
0.0969854
0.0785034
0.0426208
0.0543397
0.0115522
-0.0159022
-0.0339449
-0.0245865
-0.0429276
-0.0670453
-0.0192677
0.0149768
-0.0232868
0.0019923
-0.0069052
0.0235003
0.0454111
0.0325387
0.0194460
0.0311152
-0.0281065
0.0202864
0.0312616
0.0020576
0.0046174
-0.0061614
-0.0400250
-0.0342997
-0.0449861
