0.0166398
0.0311733
-0.0236190
-0.0866589
0.0082095
0.0595546
0.0485183
-0.0148397
0.0896128
0.0724483
0.0386789
0.0660695
0.0319751
0.0209156
0.0274072
-0.1110697
-0.0362689
-0.0821572
-0.0797230
-0.0694322
-0.0392818
-0.0269645
-0.0266371
0.2570770
0.4411731
0.4758641
0.3785016
-0.0924741
-0.5892835
-0.7274328
-0.4688716
-0.1035405
0.1789711
0.2852119
0.1866346
0.2287949
0.0661914
0.0722936
0.0611894
-0.0297081
-0.0484510
-0.1396251
-0.0506629
-0.0294907
-0.0682944
-0.0464785
0.0212446
0.0404733
0.0776613
-0.0211876
0.0276249
-0.0172964
0.1097742
0.0337956
-0.0375675
-0.0165892
0.0180094
0.0077178
0.0275465
-0.0768640
0.0103659
-0.0026766
0.0085637
-0.0673864
-0.0455181
-0.0586702
0.0793756
0.0383585
0.0061148
0.0790648
0.0364111
0.0367126
0.0657217
-0.0499522
-0.0435848
0.0202694
-0.0515255
0.0438899
-0.0543796
0.0047022
0.0256175
0.0118896
0.0563580
-0.0405137
-0.0278833
0.0175344
0.0450493
0.0113428
0.1178877
-0.0205209
0.0863015
0.0118197
-0.0200755
-0.0778590
-0.1491996
-0.1528398
-0.1619874
-0.0987293
-0.0768605
0.0120328
0.0082355
0.2492929
0.4533316
0.5612333
0.2963458
-0.1632488
-0.7073764
-0.7438203
-0.4316725
0.0588275
0.3322434
0.3713797
0.2214721
0.1262597
0.0686408
0.0381076
0.0276492
-0.0747693
-0.0454834
-0.0923359
-0.1427669
-0.0351497
-0.0343411
-0.0039864
-0.0796977
0.0235701
0.0732277
0.0965053
0.0738690
-0.0113374
0.1115150
-0.0352184
-0.0332768
-0.0419601
-0.0029858
-0.0541349
-0.0756770
-0.0784192
0.0229486
0.0398579
0.0104758
-0.0671780
-0.0710271
0.0037215
-0.0369341
0.0979037
0.0191592
0.0323601
0.0674238
-0.0352559
0.0413183
0.0454317
0.0325953
-0.0408796
-0.0301415
0.0284332
-0.0407825
-0.0751173
-0.0143326
0.0185659
-0.0188852
0.0504347
0.0490140
0.0511874
0.1132464
0.0192733
0.0917814
-0.0311264
-0.0666324
-0.0168028
-0.0185347
-0.0447601
-0.1728268
-0.1744804
-0.1062024
-0.1237176
-0.0075528
0.1067999
0.1802147
0.4351301
0.5360426
0.2334370
-0.1701501
-0.6774263
-0.6322668
-0.4471957
-0.0286786
0.2452209
0.3026862
0.2848917
0.1411784
0.1718826
-0.0130324
0.0005189
-0.0063290
-0.1122442
-0.0705628
-0.0586336
-0.0675069
-0.0982900
0.0325120
0.0424804
0.0487749
-0.0294284
-0.0133886
-0.0120251
0.0263975
0.0151788
0.0585618
0.0093106
0.0523805
-0.0484124
-0.0049369
-0.0087344
0.0390484
0.0258040
-0.0490430
-0.0245511
-0.0130910
-0.0694851
-0.0317282
-0.0094597
0.0523642
0.0136430
-0.0116890
-0.0262815
-0.0017470
0.0560117
-0.0461692
-0.0341396
-0.0897970
-0.0768224
0.0119338
-0.0515751
0.0369360
-0.0256517
0.0530244
0.0056991
0.0418338
0.0104382
0.0932997
0.0577136
0.0658829
0.0953331
0.0067261
-0.0354583
0.0032344
-0.0474124
-0.1307294
-0.0929638
-0.1239688
-0.0669840
-0.0008199
-0.0532148
-0.0371210
0.2019660
0.4071110
0.5966231
0.3937646
-0.0162909
-0.5520857
-0.6445583
-0.5052319
-0.1131251
0.1589546
0.3275684
0.2799007
0.0997529
0.1628833
0.0812789
0.0772004
0.0022703
0.0051233
-0.0430677
-0.0851251
-0.1419179
-0.0188016
-0.0277551
-0.0796595
-0.0506902
0.0723534
-0.0217390
0.0269088
0.0240145
0.0138296
-0.0390216
-0.0532430
-0.0055918
-0.0814950
-0.0074255
-0.0073946
-0.0718895
-0.0633576
-0.0604615
-0.0372828
-0.0830400
-0.0190498
0.0227075
-0.0472097
-0.0202501
0.0548420
0.0539267
0.0103482
-0.0364759
-0.0252013
-0.0087319
-0.0548222
-0.0621060
-0.0032771
0.0553957
0.0176645
-0.0349989
-0.0958314
-0.0512573
0.0192791
-0.0053899
0.0936672
-0.0042386
0.0499351
0.0155533
0.0184758
0.0902318
0.0094436
-0.0019299
-0.0116648
-0.0087792
-0.0573491
-0.1659266
-0.0423323
-0.0592320
-0.0146844
-0.1301546
0.0129297
0.1746026
0.4247693
0.5454574
0.2453615
-0.1254946
-0.5366647
-0.5193016
-0.4051639
-0.0711639
0.1881288
0.2754002
0.2060128
0.2010123
0.0604197
0.0954729
0.0279230
-0.0171182
-0.0456245
-0.1296208
-0.0002323
-0.0120356
0.0116469
0.0222482
-0.0385234
-0.0374424
0.0715074
0.0897990
0.0397429
-0.0415034
-0.0281510
-0.0030583
-0.0440863
-0.0445879
-0.0666804
0.0291453
0.0001886
0.0258507
-0.0877155
0.0417840
0.0460572
0.0060962
-0.0395457
-0.0142187
-0.0201466
-0.0118581
0.0037742
0.0720897
-0.0309305
-0.0241272
0.0723717
-0.0069622
-0.0240280
-0.0408846
-0.0571691
-0.0416828
-0.0821999
-0.0509655
-0.0425435
-0.0206778
0.0044943
0.0603217
-0.0329176
0.0183265
-0.0210166
0.0004621
0.0540999
0.0029448
0.1001712
0.0778103
-0.0426066
0.0055026
-0.0785176
-0.0755116
-0.0524580
-0.1332477
-0.1539388
-0.0339977
-0.0872178
0.0251467
0.2813758
0.5255201
0.4308965
0.2185809
-0.3238260
-0.5219898
-0.5303884
-0.2638447
0.0484133
0.1897239
0.2073025
0.2070503
0.1499286
0.0679860
0.0644188
0.0430204
-0.0324432
-0.0216978
-0.0324106
-0.1374188
-0.1174088
-0.1076424
-0.0533119
-0.0616142
-0.0138443
0.0232818
0.0605000
-0.0074554
0.0255559
0.0764831
0.0327466
0.0237472
0.0389943
0.0247104
-0.0016702
-0.0801340
0.0510570
-0.0918693
-0.0743293
-0.0284016
-0.0300498
0.0674199
-0.0311643
0.0055047
0.0313346
0.0417714
0.0155207
0.0624113
-0.0417259
0.0362328
-0.0692121
0.0243687
-0.0644731
-0.0588978
0.0186805
-0.0579077
0.0209819
-0.0733497
-0.0177353
0.0644494
0.0422701
0.0603951
-0.0170438
-0.0225191
0.0795197
-0.0086349
-0.0064450
0.0154726
-0.0635440
-0.0230764
-0.1130374
-0.0688928
-0.0948208
-0.1094881
-0.1050736
-0.1013220
-0.0615521
-0.0232006
0.2025737
0.4508412
0.4323002
0.2619370
-0.2049615
-0.5940938
-0.5890813
-0.2680124
-0.0459158
0.2263938
0.2275290
0.2629238
0.1129704
0.1022726
-0.0009870
0.0010875
-0.0840005
-0.0792531
-0.0298575
-0.0064263
-0.1314104
-0.0806018
-0.0106894
0.0019281
-0.0346443
-0.0347251
-0.0041242
0.0490982
0.0449195
0.0429002
0.0564277
0.0418908
0.0069253
0.0359289
-0.0451881
-0.0600188
0.0199482
-0.0780570
0.0133912
0.0083952
-0.0652671
-0.0448273
-0.0154397
0.0589697
0.0638800
0.0698770
-0.0129421
0.0221052
0.0205846
-0.0421959
-0.0099111
-0.0728849
-0.0317104
-0.0722096
0.0029406
0.0544475
-0.0633377
-0.0181727
-0.0247576
-0.0023567
0.0570636
0.0077683
-0.0099582
0.0699425
-0.0286135
0.0323088
0.0490259
-0.0104688
0.0704888
0.0223789
-0.0642265
-0.0650053
-0.0801115
-0.1527589
-0.0486583
-0.0432118
-0.0638260
0.0451316
0.1420477
0.2527652
0.4670004
0.4479067
0.0131355
-0.4970832
-0.6616895
-0.3950011
0.0617050
0.1915770
0.2497619
0.1319541
0.1306962
0.0162828
0.0955938
0.0168072
0.0546331
-0.0177741
-0.0368902
-0.0909569
-0.1051903
-0.0588945
-0.0602012
-0.0471240
-0.0082113
-0.0283333
0.0876455
0.0943171
0.0415079
0.0435749
-0.0278350
-0.0209445
0.0433162
0.0558873
0.0034314
-0.0859788
-0.0437490
-0.0438568
-0.0529258
-0.0529825
0.0661250
0.0443218
0.0729137
-0.0147326
0.0013662
-0.0502517
0.0785425
-0.0123858
0.0195740
-0.0145092
0.0666324
-0.0236576
0.0299180
0.0511209
-0.1010188
0.0178461
-0.0807251
0.0173696
0.0190854
0.0211879
0.0442499
0.0282133
-0.0353864
0.0570566
-0.0130274
0.1166235
0.0476496
-0.0332491
-0.0307196
0.0130451
-0.0476092
-0.0941781
-0.1548605
-0.0800141
-0.1202717
-0.1082478
0.0222084
0.0167813
0.2330124
0.4360577
0.5789308
0.2485409
-0.1811404
-0.6449248
-0.7217340
-0.3931697
-0.0220642
0.2230309
0.3429222
0.2996159
0.1192958
0.0672969
0.0616144
-0.0564448
0.0282150
0.0051776
-0.0475603
-0.1234307
-0.0361529
0.0001365
-0.0850424
-0.0296824
-0.0408203
0.0394638
0.0639221
0.0961569
-0.0124263
0.0866441
0.0654548
0.0181932
0.0252953
-0.0400897
0.0401031
-0.0492554
-0.0395105
0.0107565
-0.0636640
0.0370685
0.0525917
-0.0062559
0.0624702
0.0233118
0.0799549
-0.0283338
0.0131333
0.0067685
-0.0361450
-0.0243635
-0.0058052
-0.0416338
-0.0434083
-0.0066372
-0.0703145
-0.0097754
0.0145201
-0.0513371
-0.0610571
0.0084052
0.0150221
0.0310925
0.0803068
0.0932278
0.0738927
0.0156336
-0.0269274
-0.0622006
0.0062027
-0.1081479
-0.0969176
-0.0767485
-0.1086027
-0.0619239
0.0126531
-0.0487890
-0.0169017
0.2512044
0.4127754
0.5071847
0.2611125
-0.0847867
-0.4715554
-0.7103106
-0.4906004
-0.0592788
0.2639213
0.2462571
0.3122697
0.2335517
0.0706998
0.0884587
-0.0576041
-0.0285342
-0.0679754
-0.0437843
-0.0939988
-0.1089678
-0.0959250
-0.0707669
-0.0119014
0.0428251
-0.0316861
-0.0195110
0.0651714
0.0965073
0.0264927
0.0750484
0.0415201
0.0340136
-0.0491587
-0.0684068
-0.0488397
-0.0654345
0.0073229
0.0037804
0.0468225
0.0617450
0.0616917
0.0085755
0.0352774
0.0668935
0.0522222
0.0088567
0.0522330
-0.0590704
0.0292790
0.0192280
-0.0609381
-0.0001218
0.0091671
-0.0937808
-0.0839532
0.0324304
0.0627012
-0.0099590
0.0954055
0.0656187
-0.0145570
0.0072711
0.0689179
-0.0051725
0.0049509
0.0475176
-0.0853884
-0.0565447
-0.0762610
-0.0718891
-0.1637182
-0.0732988
-0.1216784
-0.0390171
0.0992858
0.3716768
0.5697961
0.5381804
0.1527354
-0.3049239
-0.6557682
-0.6304424
-0.2927344
0.0246130
0.3272019
0.3373629
0.2674718
0.1060659
0.0719868
0.0626995
-0.0459885
-0.0920663
-0.0257576
-0.1249223
-0.1082377
-0.0016425
-0.0397979
-0.0408935
-0.0402112
0.0338650
0.0088505
-0.0066911
0.0859042
0.0292288
0.0290329
0.0420107
-0.0398438
-0.0410005
0.0181556
0.0190674
-0.0328795
0.0181871
-0.0621778
-0.0673777
0.0230288
-0.0082942
-0.0608031
-0.0494669
0.0581980
0.0000338
0.0830731
0.0787367
0.0096967
-0.0413658
-0.0085649
-0.0609379
0.0391186
0.0108804
0.0025202
-0.0769597
0.0312949
-0.0161464
-0.0145255
-0.0298040
0.0232080
0.0779890
-0.0285087
0.0306214
0.1191819
0.0797214
0.0599001
-0.0061379
0.0192564
0.0166335
-0.0365232
-0.0305307
-0.1465433
-0.0510332
-0.0239999
-0.0657941
-0.0258191
0.0012790
0.2080024
0.3921365
0.4754483
0.2276338
-0.1804085
-0.6391317
-0.6456830
-0.2664074
-0.0317425
0.2615505
0.2064084
0.1734182
0.2015217
0.0255472
-0.0162509
0.0224257
0.0227737
-0.0974138
-0.0072507
-0.0509288
0.0032876
-0.0062329
-0.0637086
-0.0038030
0.0656743
0.0921425
0.0700760
0.0116685
0.0623828
-0.0208403
0.0779737
-0.0350224
-0.0643310
-0.0510220
-0.0611324
0.0289568
0.0199372
-0.0208241
-0.0189941
-0.0471093
0.0316936
0.0093655
0.0062882
-0.0148221
0.0574970
-0.0304909
0.0431409
0.0560076
0.0126662
0.0449035
-0.0379177
-0.0286133
0.0009368
0.0263939
-0.0429819
0.0031650
0.0258513
-0.0203920
0.0221781
0.0374989
0.0198329
0.0108560
0.0460325
-0.0000262
0.0837345
0.1061773
-0.0026893
0.0012884
0.0459489
-0.0388175
-0.0197852
-0.1476258
-0.1637802
-0.1330845
-0.0590337
-0.0575689
-0.0401010
0.0711336
0.3639957
0.5555857
0.4278991
0.0651589
-0.4796220
-0.6477853
-0.5289233
-0.2352427
0.1386386
0.3035298
0.3088779
0.1532344
0.1074608
0.0470754
-0.0189908
-0.0306378
-0.0268098
-0.0882839
-0.0199924
-0.0383910
-0.0277740
0.0092212
-0.0551553
-0.0114680
0.0513930
-0.0226008
0.1051956
0.0444405
0.0406575
0.0414598
-0.0145663
-0.0582601
-0.0636045
0.0547253
0.0297498
0.0438065
-0.0401430
-0.0150135
0.0063117
-0.0633868
-0.0086680
-0.0404539
-0.0072044
-0.0048034
0.0358258
-0.0009852
0.0309849
0.0538382
0.0072014
0.0641022
-0.0001437
-0.0553815
-0.0554516
-0.0283044
-0.0670446
-0.0658153
-0.0974162
-0.0228376
-0.0481888
0.0447128
0.0084241
0.0712728
-0.0143312
0.0401358
0.0595727
0.0502485
0.0336409
-0.0137473
-0.0235096
-0.0315927
-0.0867522
-0.0341942
-0.1383879
-0.0651007
-0.0778264
-0.0561735
-0.0928970
-0.0377659
0.1033031
0.3186249
0.4860181
0.4541991
-0.0104774
-0.4819237
-0.6047067
-0.4741263
-0.1717520
0.1414465
0.2075978
0.1779032
0.1731755
0.0625959
0.0521060
0.0055303
0.0439917
0.0177808
-0.0752919
-0.0374102
-0.1003924
-0.1003523
0.0087375
0.0315098
-0.0660195
0.0418907
0.0128841
0.0395685
0.0508677
0.0253746
0.0789539
0.0604982
0.0312352
0.0108486
0.0230874
-0.0669869
-0.0110081
0.0061288
-0.0382709
0.0309800
0.0273309
-0.0151486
0.0132500
0.0619863
-0.0362457
-0.0163059
0.0812434
0.0793587
0.0363916
-0.0246406
-0.0582706
0.0212266
-0.0546917
-0.0428873
-0.0807162
0.0000930
-0.0345972
-0.0738956
-0.0437052
0.0035706
0.0591206
0.0736689
0.0471672
-0.0198643
-0.0208760
0.0654084
0.0050537
0.0344260
0.0489340
-0.0414459
0.0039801
-0.0807762
-0.1790393
-0.0995946
-0.0944984
-0.1546095
-0.1160935
0.0781808
0.2093930
0.4971120
0.4890889
0.2323338
-0.2683453
-0.5423921
-0.6622974
-0.3672546
-0.0452115
0.2457681
0.2370332
0.2656475
0.1955349
0.1875108
0.0595911
-0.0625072
-0.0972853
-0.0686272
-0.1341239
-0.1272779
-0.0293439
-0.0736081
0.0304461
0.0271359
0.0484607
0.0146375
-0.0266001
-0.0198098
-0.0158549
0.0073551
0.0205388
0.0581809
-0.0673481
-0.0194802
0.0403308
-0.0659090
0.0337121
-0.0259155
0.0143625
0.0210664
0.0111224
-0.0415962
-0.0268192
0.0511534
0.0043128
-0.0266418
0.0338614
0.0362653
-0.0236387
-0.0321752
-0.0003275
0.0386832
-0.0501603
-0.0482834
-0.0927597
-0.0894312
0.0420863
-0.0064316
0.0444444
-0.0382500
0.0593912
0.0555890
0.0335059
0.0313919
0.1076843
0.0981835
0.0141801
-0.0158524
0.0100136
-0.0721697
-0.1448058
-0.1704606
-0.0724256
-0.0699875
-0.1137801
-0.0374823
0.0128749
0.2118190
0.5048285
0.4313115
0.1340059
-0.2452171
-0.6089988
-0.6335117
-0.3042591
0.0126213
0.1872748
0.3067799
0.1898694
0.1123942
0.1140065
-0.0019906
-0.0213710
-0.0548419
-0.0981276
-0.0597143
-0.0927442
-0.0487455
0.0080232
-0.0031599
-0.0566704
0.0292838
-0.0387744
0.0307411
0.0529407
0.0582720
0.0057926
0.0550315
0.0026475
-0.0277786
-0.0491568
0.0394093
-0.0425490
-0.0157104
-0.0361124
-0.0777012
-0.0576381
0.0428564
-0.0046446
0.0616953
-0.0135023
0.0612311
0.0103770
-0.0205461
-0.0340664
0.0491319
0.0534499
-0.0486478
-0.0342226
0.0172474
-0.0284994
0.0021648
0.0310034
-0.0803653
-0.0182437
0.0690018
0.0523114
0.0696194
0.0982289
0.0958741
