0.0186603
0.0294575
0.0270994
-0.0427619
-0.0386285
0.0070680
-0.0115604
-0.0158083
0.0267179
0.0355082
0.0171299
-0.0130733
0.0025647
-0.0022612
0.0334696
0.0058506
-0.0275665
0.0294740
-0.0378100
-0.0223828
-0.0236379
-0.0178390
0.0369112
-0.0127455
0.0200431
0.0125338
-0.0061460
-0.0127306
-0.0096544
-0.0004149
-0.0128322
0.0013623
-0.0286665
0.0377434
0.0342296
0.0361981
-0.0259056
-0.0369637
-0.0137376
-0.0117626
0.0061910
-0.0295818
-0.0221388
0.0296177
0.0322848
-0.0167142
0.0297720
0.0035888
0.0354280
-0.0203551
-0.0178685
0.0242270
-0.0112778
0.0246125
-0.0089516
-0.0235059
0.0370901
-0.0200073
0.0000993
0.0083816
0.0142533
-0.0137400
0.0356460
-0.0055393
-0.0276199
0.0302010
-0.0055296
-0.0342533
0.0055986
0.0310734
-0.0035195
0.0199483
0.0039418
-0.0321649
-0.0283805
-0.0098403
0.0318223
0.0242323
0.0077586
0.0301998
-0.0177495
-0.0331107
-0.0199840
-0.0384640
-0.0252291
0.0299512
-0.0361486
-0.0113000
-0.0089129
0.0002793
0.0163732
-0.0005331
0.0291974
-0.0175379
-0.0057099
0.0157900
-0.0200009
-0.0298703
-0.0004940
0.0075151
-0.0281244
-0.0429089
-0.0176885
-0.0253036
0.0087536
-0.0105919
0.0281284
0.0758677
0.0258382
0.0734100
0.0370652
0.0515777
0.0689411
-0.0055116
-0.0259084
-0.1361924
-0.1476363
-0.1946949
-0.1394616
-0.0462742
0.0982695
0.2143713
0.3032176
0.2782221
0.1137180
-0.0279165
-0.1626485
-0.2384393
-0.1581381
-0.0593075
-0.0585453
-0.0241228
0.0540478
0.0329667
0.0447322
0.0482019
0.0323785
0.0298792
0.0455495
0.0004168
-0.0005075
-0.0257729
-0.0562379
-0.0589490
-0.0601348
0.0130110
-0.0372287
-0.0203956
0.0128838
-0.0196155
-0.0065204
0.0537748
0.0120827
0.0109861
0.0258311
0.0001211
0.0019197
0.0012429
0.0063313
-0.0171865
0.0251863
-0.0187959
0.0197463
-0.0350743
-0.0040081
-0.0164310
-0.0123315
-0.0291199
-0.0361726
0.0015139
0.0218142
-0.0058659
-0.0037531
-0.0318521
-0.0283889
0.0148930
-0.0014142
-0.0359073
0.0130059
0.0200555
-0.0119102
-0.0325403
0.0272026
0.0164655
0.0253452
-0.0055085
-0.0250894
0.0222682
0.0011584
0.0271268
-0.0080127
-0.0214009
-0.0081299
0.0063222
0.0149116
-0.0353358
-0.0240538
0.0084610
-0.0252790
-0.0007591
-0.0053185
-0.0384057
-0.0225182
0.0210215
-0.0349035
0.0188127
0.0261456
0.0316983
-0.0236965
-0.0253576
0.0309217
0.0250440
0.0106603
0.0302760
-0.0301671
-0.0023299
-0.0007403
0.0108514
-0.0344637
0.0146059
0.0294950
-0.0353425
-0.0197362
0.0193428
-0.0296245
-0.0169950
0.0271891
0.0076559
0.0205666
0.0109471
-0.0231370
0.0062733
-0.0338610
-0.0152472
-0.0320652
-0.0240198
0.0209659
-0.0379086
-0.0284752
0.0121200
0.0146958
0.0104025
0.0379458
0.0002632
-0.0391969
0.0122582
0.0089113
-0.0332919
0.0268964
0.0260872
-0.0268166
0.0030353
-0.0340172
0.0326022
-0.0016565
-0.0144638
-0.0024748
-0.0238769
0.0132449
-0.0033238
0.0069240
-0.0347779
0.0173445
-0.0189507
-0.0284713
-0.0243228
-0.0100929
0.0228594
0.0206011
0.0321163
-0.0080935
0.0254857
-0.0427814
-0.0412706
-0.0402303
-0.0298480
-0.0244771
0.0109163
0.0056446
-0.0160418
0.0000023
0.0073755
0.0356217
0.0437693
0.0346767
0.0294583
-0.0073771
-0.0290965
-0.0656371
-0.0148013
-0.0285971
-0.0004568
-0.0007690
-0.0235478
0.0314620
0.0203445
0.0502653
0.0580598
0.0409298
0.0292423
0.0015500
0.0249364
-0.0704147
-0.1648720
-0.2174034
-0.2231788
-0.1472207
-0.0462937
0.0913955
0.2430630
0.3326594
0.2372326
0.1821027
-0.0443718
-0.1406074
-0.2637282
-0.1749876
-0.1028712
-0.0728501
-0.0074539
0.0093264
0.0369771
0.0717080
0.0808016
0.0682606
0.0573098
0.0041569
0.0442803
-0.0082092
-0.0311062
-0.0399422
-0.0323304
-0.0333515
-0.0036354
-0.0497563
0.0283637
0.0282987
0.0198189
-0.0083946
0.0325842
0.0167391
0.0516792
-0.0118959
0.0231456
0.0019118
-0.0072044
-0.0385767
0.0202091
-0.0380186
-0.0129558
-0.0079566
-0.0092260
-0.0003894
-0.0108050
-0.0058408
0.0204882
0.0149856
0.0414318
0.0341268
0.0177700
-0.0142294
-0.0260600
0.0094114
-0.0261072
0.0300005
-0.0130533
0.0161107
-0.0321928
-0.0110404
-0.0022151
-0.0183930
-0.0354321
-0.0373315
-0.0095294
-0.0193831
0.0366089
0.0177522
-0.0148827
0.0030164
0.0298583
-0.0171101
0.0162511
0.0353001
0.0189413
0.0283958
0.0185032
-0.0238900
-0.0391668
0.0311745
0.0255199
-0.0001924
-0.0139028
0.0389614
-0.0058312
0.0174057
0.0074579
-0.0099142
0.0311607
0.0139413
-0.0027975
-0.0071860
-0.0231583
0.0000045
-0.0241251
-0.0281019
-0.0225913
-0.0076652
-0.0148801
-0.0207569
-0.0013506
0.0186014
0.0142199
0.0252766
0.0081086
-0.0022807
-0.0302623
-0.0157882
-0.0360780
0.0151707
0.0186309
0.0087053
0.0030239
0.0347076
0.0074331
0.0022734
0.0325773
-0.0287218
-0.0328032
-0.0428062
0.0142050
0.0322639
0.0217887
-0.0011937
-0.0026565
0.0081242
-0.0070401
0.0087593
-0.0027216
0.0116404
0.0067729
-0.0161360
0.0266620
-0.0019804
-0.0164375
0.0258323
-0.0311839
0.0021033
0.0102171
-0.0035622
0.0138731
0.0314046
0.0386166
-0.0080581
-0.0095468
0.0207665
-0.0205460
0.0267035
-0.0310216
-0.0350985
-0.0190477
-0.0319570
-0.0147634
0.0012442
-0.0145753
0.0007931
0.0476707
0.0575910
0.0146875
0.0096091
0.0294915
-0.0234977
-0.0231184
-0.0304656
-0.0062047
-0.0352346
-0.0570443
-0.0241328
-0.0362622
-0.0250620
0.0003612
0.0480454
0.0479427
0.0846439
0.0712941
0.0440770
0.0565529
0.0351037
0.0218917
-0.0361101
-0.1314639
-0.1679791
-0.2263991
-0.1361994
-0.0200100
0.1242124
0.2580569
0.2994477
0.2793429
0.1309523
-0.0553140
-0.1953112
-0.2183841
-0.2071789
-0.1138965
-0.0364950
0.0257686
0.0340859
0.0646874
0.0605699
0.0869945
0.0630698
0.0762223
0.0188555
-0.0318147
-0.0417342
-0.0416198
-0.0286217
-0.0742255
-0.0268449
0.0046677
0.0088847
-0.0174774
0.0364923
0.0184474
0.0366775
0.0056011
-0.0048737
0.0032797
-0.0150731
0.0009000
0.0073676
0.0217225
0.0157858
-0.0466936
-0.0484803
-0.0120547
0.0095103
-0.0223928
-0.0160096
0.0169498
-0.0231286
0.0011314
-0.0047700
-0.0019934
-0.0147856
-0.0338726
0.0124494
0.0016734
0.0138016
0.0043002
0.0156483
-0.0225886
0.0067019
-0.0261805
-0.0331494
0.0342096
-0.0160306
0.0112505
-0.0239958
0.0024027
-0.0436287
0.0212739
-0.0275000
0.0067466
-0.0174782
-0.0079230
-0.0308881
-0.0187080
0.0214413
0.0325895
0.0064148
0.0017699
0.0200756
0.0350985
-0.0098836
0.0068586
-0.0207377
0.0131925
-0.0345564
-0.0284690
0.0010441
-0.0242990
-0.0040649
0.0347929
-0.0166541
-0.0121556
0.0233684
0.0139581
-0.0267520
-0.0219939
0.0277865
0.0265677
0.0042241
0.0354820
-0.0313433
-0.0061573
-0.0062476
-0.0352837
-0.0132780
0.0019083
0.0004112
0.0237471
-0.0081151
-0.0017778
-0.0178691
0.0245827
0.0019595
-0.0215851
-0.0333612
0.0073799
-0.0248152
-0.0093349
0.0171001
-0.0261599
-0.0320753
-0.0486075
-0.0031213
-0.0029875
0.0398607
-0.0001640
0.0177095
-0.0268872
-0.0134324
0.0013951
0.0277882
0.0193376
-0.0040063
-0.0011704
0.0294032
-0.0123747
-0.0132921
0.0092380
0.0409806
-0.0160483
0.0029114
0.0194682
0.0042864
0.0314858
-0.0260606
-0.0297320
-0.0418714
-0.0057632
-0.0319907
0.0248033
-0.0039187
-0.0299366
-0.0415511
0.0079749
0.0063528
-0.0061044
0.0205448
-0.0034495
-0.0198740
0.0248887
0.0033150
-0.0119502
0.0292635
0.0199366
-0.0024506
-0.0588388
-0.0553922
-0.0431002
-0.0616814
-0.0106153
-0.0413616
0.0283844
0.0346301
0.0786685
0.1058906
0.0967133
0.0484520
0.0652278
0.0222435
-0.0127090
-0.0924264
-0.1673306
-0.2391397
-0.2185669
-0.1259503
0.0180551
0.1995243
0.3449434
0.3022918
0.2086076
0.0027838
-0.1405890
-0.1989128
-0.2514242
-0.1776352
-0.0947142
0.0129664
0.0526488
0.0608968
0.0841591
0.0815153
0.1069947
0.0454878
-0.0067777
0.0399181
-0.0111887
-0.0232472
-0.0307787
-0.0672368
-0.0619265
-0.0060661
-0.0200787
0.0064687
-0.0161175
0.0103931
0.0141975
0.0148242
0.0184047
0.0127627
0.0160573
-0.0074703
0.0157913
-0.0459495
-0.0195418
-0.0278762
-0.0305294
0.0040210
0.0129300
-0.0112674
-0.0250316
-0.0117817
-0.0227744
-0.0287130
0.0364131
-0.0026851
0.0308976
-0.0156763
-0.0011735
-0.0410642
0.0002026
0.0229154
0.0124045
-0.0265592
-0.0002678
0.0073822
-0.0286235
-0.0162793
0.0183735
0.0007817
-0.0162620
-0.0047773
0.0351786
0.0215554
0.0158442
-0.0194890
-0.0031207
-0.0056251
0.0281459
0.0136213
0.0292990
0.0325822
0.0128742
-0.0021304
-0.0006373
0.0327833
0.0035518
0.0159543
-0.0059362
0.0239507
-0.0330847
-0.0356487
-0.0000820
0.0169472
0.0327538
-0.0025124
-0.0305901
-0.0155852
-0.0192627
-0.0322694
0.0404708
-0.0071762
0.0278598
0.0001425
-0.0273998
-0.0044172
-0.0323640
-0.0108218
0.0033609
-0.0158627
-0.0041390
-0.0225962
-0.0028630
-0.0062221
-0.0080091
0.0238557
0.0169271
-0.0385631
-0.0386694
0.0301740
-0.0348953
-0.0079426
0.0249274
-0.0034676
-0.0243587
0.0189913
0.0104630
0.0261263
-0.0268886
-0.0380202
0.0201116
0.0042929
0.0008660
0.0382226
-0.0286620
0.0180449
-0.0063484
-0.0176959
-0.0113885
0.0284081
0.0008911
0.0198645
0.0256376
-0.0122164
-0.0274772
-0.0368514
-0.0308728
0.0042242
-0.0189082
0.0352022
0.0332087
0.0164525
0.0020059
-0.0204707
-0.0306519
-0.0350558
-0.0337508
0.0025162
-0.0216032
0.0048017
-0.0397968
-0.0205533
-0.0268531
0.0050909
0.0256058
-0.0109844
0.0497681
-0.0084360
-0.0115914
-0.0153418
0.0305166
-0.0395677
-0.0249090
-0.0221615
-0.0025660
-0.0188608
-0.0045478
0.0095981
0.0350812
0.0262160
0.0725248
0.0241527
0.0677714
0.0495061
0.0225448
0.0527170
0.0300297
-0.0813085
-0.0773508
-0.1430477
-0.1961981
-0.1229938
-0.0092472
0.1019815
0.2134271
0.2446422
0.2320471
0.1542258
-0.0271590
-0.1622017
-0.2097063
-0.1945582
-0.1078896
-0.0420333
-0.0113997
0.0126682
0.0231852
0.0756650
0.0357721
0.0809526
0.0152141
0.0365179
0.0101449
-0.0441150
-0.0611501
-0.0583747
-0.0155064
-0.0014440
-0.0348689
-0.0258100
0.0076002
-0.0181717
0.0356723
0.0412515
0.0202327
0.0335973
0.0127478
0.0317182
-0.0061711
-0.0371091
0.0125647
0.0075480
-0.0332732
-0.0057281
-0.0202881
0.0061251
0.0315217
-0.0233233
0.0432225
-0.0263769
0.0331050
-0.0073934
-0.0025037
0.0289432
-0.0091264
0.0198393
-0.0270573
-0.0036255
0.0117893
-0.0008894
0.0322266
-0.0402853
0.0308349
-0.0032930
-0.0087939
0.0063422
-0.0070068
0.0101946
0.0301447
0.0257244
-0.0221212
0.0089387
0.0275135
-0.0139085
-0.0213065
0.0042190
0.0319234
0.0116415
0.0109605
-0.0117794
-0.0299518
-0.0059354
0.0102034
-0.0319605
-0.0357465
-0.0106396
-0.0353547
0.0289218
-0.0317109
0.0151881
-0.0162658
-0.0280607
0.0036328
0.0238020
0.0163796
-0.0109050
-0.0286041
0.0082311
-0.0034030
0.0148051
-0.0037009
0.0013768
0.0043680
-0.0068629
-0.0146902
0.0166331
-0.0155096
-0.0294284
-0.0212930
-0.0260917
-0.0178289
-0.0037659
0.0222302
-0.0338705
-0.0205990
0.0265903
0.0321127
0.0311709
0.0106422
0.0346646
-0.0130009
0.0116788
0.0227155
-0.0118254
-0.0317660
0.0185915
0.0155302
0.0119958
-0.0138423
-0.0001145
-0.0292235
0.0109585
0.0285414
0.0024246
0.0089989
-0.0214089
0.0319426
-0.0217775
0.0237835
0.0171948
-0.0260616
0.0075167
-0.0304647
0.0093969
-0.0015087
0.0301514
0.0086180
0.0005568
-0.0095931
0.0271013
-0.0270406
-0.0026352
-0.0368752
-0.0086081
-0.0109657
-0.0209979
0.0199159
-0.0498604
-0.0380620
-0.0037222
0.0053456
-0.0084787
-0.0045526
0.0315338
0.0077885
-0.0038621
0.0125476
0.0090858
-0.0008432
-0.0104263
-0.0408069
-0.0288007
-0.0606790
-0.0373457
-0.0223588
-0.0259777
0.0433865
0.0330695
0.0882245
0.0370769
0.0927914
0.0344131
0.0315363
-0.0321577
-0.0297918
-0.1079056
-0.1917840
-0.2201886
-0.1441584
-0.0379787
0.0932874
0.2981952
0.3196546
0.2848454
0.1245155
-0.1263610
-0.2182077
-0.2723063
-0.1782243
-0.0721515
-0.0365503
0.0412593
0.0565715
0.0948627
0.1054895
0.0587494
0.0262066
0.0115554
-0.0086008
-0.0042330
-0.0432954
-0.0529021
-0.0514055
-0.0237814
-0.0374919
-0.0149772
0.0275221
0.0097065
-0.0274238
0.0466681
0.0143479
-0.0121011
0.0330715
0.0092897
0.0410706
-0.0142576
-0.0291210
-0.0439138
0.0113341
-0.0221459
-0.0274270
-0.0137901
-0.0050067
-0.0026469
0.0231815
-0.0025436
0.0141666
0.0290231
-0.0259016
0.0392016
-0.0316707
0.0296596
0.0040998
0.0150293
-0.0049367
0.0052297
-0.0277436
0.0365965
-0.0338161
-0.0207472
-0.0163482
-0.0320790
-0.0414846
-0.0320610
0.0138083
-0.0151077
0.0126075
-0.0152847
0.0191927
0.0348848
-0.0136513
-0.0378402
0.0105676
0.0293711
-0.0107335
0.0358402
0.0132589
-0.0052236
0.0017812
0.0192083
0.0116621
0.0061487
-0.0112759
-0.0038053
0.0339122
0.0324539
-0.0162993
-0.0291470
0.0059518
-0.0382928
-0.0215662
-0.0158554
0.0070188
0.0078708
-0.0060424
-0.0367816
-0.0160441
0.0068569
-0.0078683
-0.0128261
0.0268211
0.0372870
0.0279786
-0.0288652
-0.0017761
0.0285830
0.0195839
0.0072521
0.0256367
-0.0114274
-0.0012364
0.0017574
0.0105886
0.0152724
-0.0061642
-0.0033444
-0.0072537
0.0096308
0.0394496
0.0077938
-0.0008396
0.0084508
-0.0227406
0.0026719
-0.0353191
-0.0168997
-0.0070708
-0.0322800
0.0069633
0.0022751
0.0078750
0.0056918
-0.0132728
0.0253013
-0.0388790
-0.0012534
-0.0309489
-0.0213542
0.0026605
0.0310914
0.0122458
0.0328387
0.0344930
-0.0007433
-0.0128622
0.0354906
-0.0195008
-0.0158058
0.0141338
-0.0101556
-0.0170533
0.0177673
-0.0313572
-0.0466545
0.0272365
0.0198886
0.0459511
0.0140669
0.0206124
0.0155079
-0.0038577
0.0088052
0.0163116
-0.0059215
-0.0306924
-0.0527538
-0.0103623
-0.0243460
0.0027518
0.0045451
-0.0178118
-0.0074919
0.0202245
0.1015045
0.0691930
0.0532488
0.0682709
0.0294782
0.0052761
-0.0384167
-0.1090077
-0.1830699
-0.2153889
-0.1840042
-0.0857540
0.0923637
0.2630890
0.3459514
0.2828845
0.1425093
-0.0012867
-0.1781467
-0.2576722
-0.1831223
-0.1159873
-0.0420605
0.0200312
