-0.0094394
-0.0281037
-0.0071326
-0.0677822
-0.0297556
-0.0179866
0.0138429
0.0668762
0.0693933
0.0525380
0.0779316
0.0520894
0.0127365
0.0438498
-0.0630926
-0.0936957
-0.1428280
-0.1334109
-0.2322080
-0.1892708
-0.0046057
0.1698971
0.3620021
0.3695033
0.2452227
-0.0115960
-0.1826359
-0.2671079
-0.2727207
-0.0989280
-0.0492710
0.0031951
0.0608991
0.0404016
0.0961749
0.0575326
0.1000625
0.0360032
0.0401269
-0.0174138
-0.0288612
-0.0152927
-0.0681576
-0.0811752
-0.0145667
-0.0409086
-0.0089433
0.0220067
0.0117872
0.0488801
0.0178574
0.0382437
0.0166836
0.0492245
-0.0219212
0.0349667
-0.0411006
0.0258048
-0.0275732
-0.0284017
0.0284241
-0.0212534
-0.0180741
-0.0038434
-0.0372019
0.0055447
0.0335695
-0.0010804
0.0191994
-0.0334300
0.0317138
0.0401212
0.0392779
-0.0315350
-0.0019333
-0.0046208
-0.0095867
-0.0038784
-0.0144759
-0.0221037
-0.0020179
-0.0166785
-0.0053686
0.0192536
-0.0317166
0.0376760
0.0338114
0.0239455
0.0110938
0.0435608
0.0325028
0.0281412
-0.0018045
-0.0203907
-0.0063120
-0.0332358
0.0391184
0.0308962
0.0086992
0.0056832
0.0233509
-0.0094901
-0.0211109
0.0102157
-0.0210863
-0.0032089
-0.0442612
-0.0104449
-0.0054089
-0.0176857
-0.0326356
-0.0293323
-0.0169033
-0.0056092
0.0323573
-0.0387095
0.0227362
0.0068517
0.0161105
0.0267645
0.0050066
-0.0341298
-0.0045258
-0.0069489
-0.0347559
0.0187599
-0.0133103
0.0004342
-0.0294286
0.0241121
0.0301271
-0.0159575
-0.0263182
0.0032404
-0.0420800
0.0003838
-0.0089469
-0.0040174
0.0348379
0.0320875
0.0395142
0.0077558
0.0298296
0.0387975
0.0218588
0.0439960
-0.0401684
-0.0125409
0.0148734
-0.0237652
-0.0039628
-0.0070108
0.0072394
-0.0092484
0.0371341
0.0039986
0.0070483
-0.0308362
0.0073204
0.0391499
0.0311266
0.0038017
0.0085868
-0.0307626
0.0046805
0.0049628
0.0071996
-0.0033836
-0.0217956
-0.0006691
0.0030953
0.0199530
-0.0015805
0.0354811
0.0204288
0.0472180
0.0348549
-0.0167592
-0.0176913
0.0057830
0.0213973
0.0309239
0.0195913
-0.0507599
-0.0654619
-0.0096401
0.0125854
0.0217456
0.0233302
0.0488497
0.0585346
0.0799909
0.0213309
0.0934024
0.0265745
-0.0065322
-0.0444160
-0.0551796
-0.1201958
-0.0996853
-0.1911810
-0.1856163
-0.1142701
0.0974366
0.2689045
0.3812189
0.2783371
0.0665402
-0.1112839
-0.2549015
-0.1888401
-0.1838249
-0.1070411
-0.0461774
0.0252829
0.0676397
0.0799145
0.0588876
0.0425430
0.0783221
0.0352128
0.0186522
-0.0143121
0.0172062
-0.0313388
-0.0526347
-0.0587259
-0.0589606
-0.0108099
-0.0193766
-0.0152857
0.0248688
0.0060657
-0.0078921
-0.0151913
0.0475957
0.0366446
-0.0062193
0.0087409
-0.0040575
0.0099954
-0.0452993
-0.0012845
-0.0023588
0.0177384
-0.0239292
0.0244240
-0.0026013
0.0374235
0.0191685
0.0269042
0.0149599
0.0212547
-0.0075852
0.0012042
-0.0214185
0.0198067
0.0001725
-0.0012750
0.0168301
0.0364108
-0.0042890
0.0122110
0.0248556
-0.0178309
-0.0082969
0.0119429
0.0081289
-0.0035655
0.0023559
0.0189796
-0.0106171
-0.0276387
0.0245022
0.0033162
-0.0153463
-0.0194639
0.0048614
0.0192247
0.0243111
0.0249671
-0.0110900
-0.0348255
-0.0352630
-0.0179659
0.0245180
0.0354062
0.0161346
0.0104195
0.0141040
-0.0182715
0.0063937
0.0031756
0.0077200
-0.0146982
-0.0072588
0.0308273
0.0305187
-0.0026590
0.0069006
0.0144133
-0.0091877
0.0332235
0.0112893
0.0021769
0.0177469
0.0191205
-0.0288572
0.0345591
0.0267535
0.0137932
-0.0227399
-0.0231104
-0.0290337
0.0211531
0.0189295
-0.0169435
-0.0235508
-0.0320424
-0.0038851
-0.0380184
-0.0349395
-0.0173966
-0.0051146
-0.0039476
-0.0254870
0.0452847
-0.0090064
0.0391420
-0.0354247
0.0256780
0.0082000
0.0174725
-0.0204830
0.0127474
-0.0014031
0.0230883
-0.0345044
0.0268682
0.0071274
-0.0190472
-0.0072611
0.0162717
-0.0058172
0.0050845
0.0194002
0.0252448
0.0060968
-0.0297556
-0.0132673
0.0146550
-0.0045795
-0.0129534
-0.0108324
0.0424819
-0.0288790
-0.0086320
0.0414207
0.0534921
0.0110482
-0.0024612
-0.0246034
0.0155462
-0.0033092
-0.0280045
-0.0318386
-0.0710507
-0.0712278
-0.0471138
-0.0195945
0.0073354
-0.0035199
0.0790168
0.0324342
0.0616762
0.0551825
0.0905037
0.0092197
-0.0070894
-0.0248243
-0.0461739
-0.1390444
-0.2207807
-0.2249307
-0.2157520
-0.0115938
0.2721801
0.4254093
0.4078224
0.2336161
-0.0635700
-0.2195104
-0.3101621
-0.2668274
-0.1683330
-0.0236048
-0.0463545
0.0613893
0.0526025
0.1272273
0.0628765
0.1192186
0.0394745
0.0160069
0.0319541
-0.0430313
-0.0752798
-0.0815131
-0.0367143
-0.0166049
-0.0097826
0.0122267
-0.0072568
0.0347233
0.0155740
0.0194955
-0.0199747
0.0151921
-0.0125035
-0.0165418
0.0374035
-0.0204951
-0.0441986
-0.0248821
-0.0209107
-0.0237751
-0.0392299
0.0110501
0.0076880
0.0409873
-0.0261374
0.0161736
-0.0245605
0.0221252
-0.0255457
0.0222410
0.0274504
0.0097923
0.0102142
-0.0073616
-0.0022374
-0.0163655
-0.0340493
0.0063886
0.0225995
-0.0369989
0.0440915
0.0047386
0.0320325
0.0160865
-0.0018727
0.0290712
-0.0275483
-0.0034466
-0.0327777
-0.0122773
-0.0114060
0.0306362
0.0227953
0.0004713
0.0375006
-0.0074901
-0.0232008
0.0264252
0.0041622
0.0375416
0.0142676
-0.0217715
-0.0020352
0.0059799
0.0242772
-0.0282672
0.0261709
0.0093311
0.0251457
-0.0305202
-0.0017871
0.0051396
-0.0134573
-0.0126014
0.0229791
-0.0110290
0.0189726
-0.0443617
-0.0328922
0.0368826
0.0214611
-0.0014003
0.0310090
-0.0258815
0.0189671
0.0418412
-0.0337739
-0.0038799
0.0280178
0.0080353
-0.0093296
-0.0342388
-0.0091435
-0.0155538
-0.0061042
-0.0306587
0.0235363
-0.0068201
0.0254383
-0.0122286
0.0383641
0.0331386
0.0030980
0.0342877
-0.0108469
0.0282169
0.0251093
-0.0450972
-0.0232115
0.0221350
-0.0267129
0.0333440
-0.0320673
-0.0174894
0.0372796
0.0286303
-0.0047391
-0.0325414
-0.0234289
0.0009570
0.0388629
0.0199595
0.0235964
-0.0405361
0.0243048
-0.0524909
-0.0165432
0.0091123
0.0226367
-0.0215422
-0.0146037
0.0475173
0.0535162
-0.0079197
0.0532523
0.0555527
-0.0076235
0.0150357
-0.0258439
-0.0383859
-0.0419786
-0.0626978
-0.0060622
-0.0641046
-0.0507084
-0.0391439
-0.0022975
0.0455633
0.0496058
0.0212849
0.0855689
0.0322512
0.0265928
0.0593201
0.0210114
-0.0271911
-0.1343454
-0.1804833
-0.1904758
-0.2496101
-0.1184684
0.0510627
0.3126810
0.4085362
0.3630883
0.1811452
-0.1075650
-0.2340460
-0.2900598
-0.1736119
-0.1391890
-0.0237370
0.0211542
0.0477951
0.0739222
0.0631472
0.0523903
0.0376258
0.0133582
0.0072503
-0.0181094
-0.0032509
-0.0670097
-0.0668384
-0.0312892
-0.0511402
-0.0332872
-0.0155530
-0.0016632
0.0102369
0.0300383
0.0419134
0.0388783
0.0446957
0.0224775
0.0012833
0.0332113
-0.0092841
0.0186636
0.0224266
-0.0415544
0.0043171
-0.0360315
0.0113637
-0.0371013
0.0162878
0.0369648
0.0244030
-0.0062084
0.0155762
0.0060783
-0.0084689
0.0443643
-0.0324410
0.0320050
0.0020034
-0.0136548
-0.0180549
0.0160069
0.0190228
0.0076962
-0.0336382
0.0196477
0.0222832
-0.0350726
-0.0417252
0.0232607
-0.0133857
-0.0128666
0.0080604
0.0305981
0.0012826
0.0218069
0.0345633
0.0237630
0.0121134
-0.0035258
-0.0322137
0.0064927
0.0269803
0.0219534
-0.0304975
0.0001609
-0.0276690
-0.0129279
-0.0223416
0.0283645
0.0363447
-0.0278851
0.0267491
-0.0183830
0.0265249
-0.0244579
-0.0230610
-0.0098512
-0.0253591
-0.0162208
-0.0396889
0.0220907
0.0072449
-0.0245121
-0.0274969
0.0372563
-0.0279440
-0.0148117
-0.0038081
0.0270901
0.0277385
0.0172682
-0.0142579
0.0086717
0.0303955
-0.0106584
0.0205307
-0.0098871
0.0106651
0.0037652
0.0357399
0.0173377
-0.0226713
0.0319643
0.0236836
0.0150111
0.0228788
0.0383571
0.0279651
0.0193629
0.0091133
-0.0416264
-0.0054271
0.0062478
-0.0025460
-0.0365683
0.0156712
-0.0014831
-0.0288371
-0.0269726
-0.0307232
-0.0019092
-0.0180440
-0.0081278
-0.0226225
0.0250826
-0.0151105
-0.0019692
0.0219362
-0.0459878
0.0167767
-0.0131197
-0.0091831
-0.0106030
-0.0107934
-0.0234041
0.0485778
-0.0249439
-0.0038167
-0.0025051
0.0257015
0.0383042
0.0047137
0.0102542
-0.0388364
-0.0420361
-0.0137211
-0.0570646
-0.0227564
-0.0431055
-0.0186671
0.0414825
0.0036546
0.0669165
0.0481925
0.0683805
0.1011743
0.0263519
0.0230557
-0.0193478
-0.0467882
-0.1088632
-0.1432189
-0.1601559
-0.2212018
-0.1820379
0.0643356
0.2936895
0.3847103
0.3774807
0.1361938
-0.1051671
-0.2396403
-0.2632270
-0.2306054
-0.1249278
-0.0560966
-0.0295039
0.0390688
0.0723376
0.0650557
0.0756188
0.0399030
0.0727096
0.0601252
-0.0204904
0.0012019
-0.0720561
-0.0372522
-0.0309620
-0.0705776
-0.0531427
-0.0367786
0.0032841
0.0194494
0.0063726
0.0459573
0.0261942
0.0309267
0.0321225
0.0349008
-0.0299903
-0.0213966
-0.0474607
-0.0281162
0.0138239
0.0250903
-0.0388635
-0.0005624
-0.0025028
-0.0163072
-0.0154652
-0.0246101
0.0186393
0.0190217
0.0229032
0.0383882
0.0083122
-0.0369436
-0.0430653
-0.0201393
-0.0207314
-0.0001095
0.0034020
-0.0371623
0.0035161
0.0028313
0.0354899
-0.0466988
0.0050135
-0.0240753
-0.0227009
0.0029846
0.0215737
-0.0098418
-0.0418334
0.0081421
0.0268854
-0.0293276
-0.0252366
-0.0022545
0.0019978
0.0162066
0.0099758
-0.0112690
0.0038360
0.0148816
-0.0199411
0.0235183
0.0206705
0.0013800
0.0061116
0.0429251
0.0273123
0.0106706
-0.0186295
0.0290041
-0.0405775
-0.0149534
-0.0225166
0.0313687
-0.0057470
0.0306353
0.0341393
-0.0329870
-0.0026287
-0.0339591
0.0024155
0.0000406
-0.0035070
0.0038154
0.0145062
-0.0190757
-0.0298072
0.0343653
0.0085415
-0.0076071
0.0200969
0.0350468
-0.0180631
-0.0126791
-0.0365762
-0.0071242
0.0060767
0.0290159
0.0233492
0.0008122
0.0325289
-0.0328486
-0.0338923
0.0027542
0.0257645
0.0140081
0.0305976
0.0294334
-0.0148295
-0.0101979
-0.0072964
-0.0331843
0.0349735
-0.0329619
-0.0269769
-0.0036176
0.0345218
0.0326661
-0.0117644
-0.0112749
-0.0105365
0.0233757
-0.0274369
-0.0432792
0.0121113
-0.0368313
-0.0243856
-0.0388098
-0.0433793
-0.0123193
0.0396187
0.0286677
0.0132209
0.0280943
-0.0113214
0.0395982
0.0379789
0.0068300
0.0310553
-0.0021480
0.0118497
-0.0476033
-0.0415704
-0.0439365
-0.0421517
0.0277984
-0.0154795
0.0016712
0.0387722
0.0778946
0.0245392
0.0461010
0.0832945
0.0569649
-0.0332814
-0.0460895
-0.1174248
-0.1300069
-0.1905764
-0.1820718
-0.1177917
0.1368512
0.3343867
0.4551461
0.3249584
0.0124226
-0.2457671
-0.3226079
-0.1975244
-0.0865389
-0.0856576
-0.0099504
0.0499258
0.0687989
0.1092000
0.1123919
0.1085519
0.0749437
0.0325010
0.0428643
-0.0396400
-0.0328641
-0.0338435
-0.0375905
0.0004179
0.0061108
-0.0279856
-0.0114903
-0.0309992
0.0486659
0.0262925
0.0008833
0.0109542
0.0056371
-0.0274283
-0.0213944
0.0248166
-0.0001171
-0.0351677
0.0258345
-0.0042702
-0.0381934
-0.0283386
0.0046404
0.0075530
-0.0183548
-0.0207757
-0.0051440
0.0370122
-0.0264210
0.0187478
0.0218961
0.0407119
-0.0200782
0.0152639
-0.0252562
-0.0152550
-0.0334461
0.0142816
0.0225924
-0.0213054
-0.0043490
0.0269470
-0.0128439
0.0320175
0.0067350
0.0219650
-0.0173942
0.0427793
0.0456516
0.0211576
0.0210775
0.0218864
-0.0013975
-0.0114535
-0.0138513
0.0164874
-0.0227836
-0.0093085
0.0123959
0.0070322
-0.0070847
-0.0206592
-0.0177136
0.0208895
0.0167399
0.0176890
-0.0097549
0.0418547
0.0172788
-0.0060413
-0.0398017
-0.0199468
0.0084223
-0.0193714
0.0356089
0.0171686
0.0127424
0.0051844
0.0267964
-0.0304396
-0.0324626
0.0006970
0.0394299
-0.0356859
0.0205996
-0.0345860
0.0395828
0.0258993
0.0019887
-0.0280448
0.0376077
-0.0341426
0.0153056
0.0074631
0.0305038
0.0052917
0.0248536
-0.0029526
-0.0223780
-0.0222490
-0.0130440
0.0323592
-0.0290938
0.0003047
-0.0070688
-0.0249996
-0.0313683
-0.0101056
-0.0085597
-0.0450076
-0.0123403
-0.0287959
0.0225691
-0.0354465
-0.0174921
-0.0234330
0.0258686
-0.0233492
0.0354125
-0.0232938
0.0338334
0.0039485
-0.0114764
0.0176932
0.0218110
-0.0094830
0.0233851
0.0270877
-0.0008363
-0.0388731
0.0259769
0.0047428
0.0061390
0.0484987
0.0400577
0.0417552
0.0367547
0.0493302
0.0038419
-0.0242780
-0.0394128
-0.0074718
0.0115663
-0.0259657
-0.0533570
-0.0211370
-0.0314078
-0.0137380
0.0197731
0.0446408
0.0407560
0.0543390
0.0430859
0.0315489
0.0744684
0.0111698
-0.0296914
-0.0815519
-0.0849925
-0.1868695
-0.1787155
-0.1771079
-0.0218776
0.2079930
0.3388915
0.3108143
0.1787474
-0.0128504
-0.1568332
-0.2290979
-0.2290979
-0.1048609
-0.0730352
-0.0427363
0.0499887
0.0723796
0.0794687
0.0896951
0.0846008
0.0174761
0.0118048
0.0303812
-0.0395050
-0.0565152
-0.0612639
-0.0432764
-0.0025578
0.0053576
-0.0508701
0.0102770
-0.0333504
0.0148835
0.0023497
0.0496001
0.0158780
0.0342671
0.0398697
0.0461294
-0.0305706
-0.0164097
0.0128558
-0.0162076
-0.0487541
0.0147851
0.0094452
0.0273313
0.0031201
0.0344860
0.0299595
-0.0268400
0.0123993
-0.0005715
-0.0162796
-0.0047754
0.0096682
-0.0145323
0.0367276
0.0370713
0.0110441
-0.0246478
0.0013170
-0.0285777
0.0126449
0.0282034
-0.0253104
-0.0101194
-0.0089130
0.0021711
0.0246877
0.0269656
0.0103031
0.0364908
-0.0133033
-0.0266866
-0.0490765
-0.0088083
0.0234885
-0.0027120
-0.0187341
-0.0235861
0.0347057
-0.0148634
0.0010398
0.0182017
-0.0222332
-0.0228803
0.0220668
-0.0247286
0.0163249
0.0401226
0.0004138
0.0061206
-0.0407761
-0.0247473
0.0319095
0.0383423
0.0132030
-0.0295228
0.0088910
0.0015606
-0.0181377
-0.0215830
-0.0033640
0.0112832
-0.0190431
0.0341429
0.0221271
-0.0142189
-0.0086098
-0.0169166
-0.0412693
-0.0285573
0.0325373
0.0450219
0.0386089
0.0212958
-0.0243518
-0.0071421
-0.0504989
-0.0382363
-0.0237311
0.0127314
0.0080502
0.0398355
-0.0246241
-0.0031769
0.0162410
0.0020790
0.0094586
-0.0186302
-0.0453901
-0.0352523
-0.0220547
0.0012328
-0.0128705
-0.0351731
-0.0338261
0.0214371
0.0194896
