0.0261604
0.0297170
0.0051869
0.0091102
0.0186337
-0.0048449
-0.0188911
0.0236135
-0.0308709
0.0051215
0.0270780
0.0149977
0.0153164
0.0016509
0.0243807
-0.0139663
-0.0028215
-0.0030546
-0.0073200
0.0037279
-0.0221940
-0.0205730
0.0103840
-0.0067812
-0.0101890
-0.0293154
-0.0195071
0.0176755
0.0013239
-0.0194594
-0.0162216
-0.0212669
0.0247675
-0.0135395
0.0061724
-0.0283354
-0.0333686
0.0323081
-0.0203244
-0.0114648
-0.0200363
0.0076919
-0.0031638
0.0154360
0.0231626
0.0287206
-0.0150135
-0.0070834
0.0259474
-0.0010789
-0.0139660
0.0225184
-0.0054434
0.0004319
-0.0167188
-0.0119634
-0.0267640
0.0231518
0.0284605
-0.0088171
0.0212006
0.0241780
0.0049423
-0.0156014
-0.0308981
-0.0109909
-0.0096435
0.0210453
0.0222773
0.0016556
-0.0073284
0.0227893
-0.0174118
0.0099206
0.0027154
0.0065205
-0.0068970
0.0101505
0.0333436
-0.0156498
0.0050893
-0.0226604
-0.0267783
-0.0269310
-0.0255593
-0.0544991
-0.0344830
-0.0206398
0.0353141
0.0473718
0.0479436
0.0638388
0.0716309
0.0606926
0.0047277
-0.0250140
-0.0599680
-0.0914879
-0.1116918
-0.0991922
-0.0104282
0.0307287
0.0947793
0.1198246
0.0788183
0.1017367
0.0845862
0.0226104
-0.0135978
-0.0543636
-0.0608803
-0.0621350
-0.0865982
-0.0107033
-0.0030802
0.0424730
0.0416636
0.0264583
0.0357973
0.0269881
-0.0027602
0.0098711
-0.0001492
-0.0338336
-0.0058206
-0.0233883
0.0010836
-0.0126632
-0.0069812
0.0128335
0.0080406
0.0001531
0.0014823
-0.0074083
0.0204926
0.0052773
-0.0061748
-0.0273101
-0.0169661
0.0107827
0.0099146
-0.0362695
0.0147494
0.0063565
-0.0006785
-0.0205592
-0.0305330
-0.0322113
-0.0041787
0.0134871
0.0299427
0.0121686
-0.0165116
0.0236671
0.0341232
0.0122108
0.0142835
0.0034144
0.0017313
-0.0092205
-0.0083063
-0.0211232
0.0018050
-0.0122191
-0.0145367
-0.0006722
0.0243915
0.0002746
-0.0024731
0.0059954
-0.0298870
-0.0276162
-0.0012744
0.0076427
0.0298960
-0.0241475
0.0045603
0.0011409
0.0244304
0.0295218
0.0011541
-0.0224611
-0.0005909
-0.0255860
0.0064096
-0.0143340
-0.0192069
0.0276789
0.0325631
0.0143076
0.0250144
0.0110424
0.0065137
0.0202335
0.0214470
0.0242042
-0.0198162
0.0258032
0.0196282
0.0345078
0.0125163
-0.0337561
0.0002500
-0.0247693
-0.0138252
0.0303169
0.0009580
-0.0207870
0.0076391
0.0261064
0.0149074
0.0106875
-0.0133135
-0.0189296
0.0037520
-0.0090227
0.0306573
0.0028322
-0.0176494
-0.0126894
-0.0254744
-0.0029822
-0.0264862
-0.0189076
-0.0075538
-0.0019083
0.0209901
-0.0069883
-0.0260720
-0.0142365
-0.0065100
-0.0033487
-0.0173077
0.0037604
0.0237852
-0.0132196
0.0242793
-0.0194434
0.0070966
-0.0183761
0.0196160
-0.0187319
0.0242752
0.0110497
-0.0210403
0.0040786
-0.0184408
0.0016202
-0.0216772
0.0117232
-0.0260124
0.0181548
0.0264522
-0.0236541
-0.0097683
0.0211899
-0.0279812
0.0079684
0.0244363
-0.0176816
-0.0280929
0.0192690
0.0110249
0.0083920
0.0063526
0.0241830
-0.0087801
0.0204212
-0.0034498
-0.0374205
-0.0530034
-0.0364031
0.0047258
-0.0166516
0.0068636
-0.0248179
0.0061385
0.0129590
0.0310345
0.0611095
0.0507554
0.0487678
0.0142013
-0.0091998
-0.0476195
-0.0582186
-0.1385137
-0.1114331
-0.0698651
0.0086346
0.0616160
0.1285135
0.1244523
0.1051652
0.0694628
0.0131688
-0.0204199
-0.1030735
-0.1051178
-0.0901378
-0.0436819
-0.0336500
0.0235203
0.0002762
0.0515187
0.0235643
0.0375942
0.0214894
0.0115365
0.0143648
0.0144120
-0.0387254
-0.0183965
-0.0537878
-0.0348445
0.0071064
0.0139556
0.0155219
0.0285309
0.0014966
0.0058049
-0.0078371
-0.0112060
0.0021247
-0.0205530
0.0136524
-0.0229046
-0.0179331
0.0196527
0.0190263
-0.0057935
0.0070583
-0.0121986
-0.0210236
0.0064191
0.0294068
0.0353994
0.0221916
-0.0004132
0.0209951
0.0228319
-0.0101580
-0.0030251
-0.0249729
0.0011485
-0.0175481
-0.0057508
-0.0191840
-0.0081043
0.0256805
0.0275238
0.0252449
0.0206652
0.0292611
-0.0143491
-0.0272255
-0.0329861
0.0034868
-0.0079793
0.0281983
-0.0144023
0.0237541
0.0180316
-0.0225373
0.0054684
0.0215301
-0.0232524
0.0241994
-0.0170290
0.0002595
0.0229860
0.0050261
0.0205107
-0.0108344
0.0023327
0.0086851
-0.0334846
0.0183750
-0.0130719
0.0020679
-0.0188482
0.0066596
-0.0269974
-0.0219987
0.0232600
-0.0178216
0.0335382
0.0228087
0.0060715
-0.0333821
-0.0332353
-0.0337416
-0.0290940
-0.0272208
0.0219849
-0.0286431
0.0217570
0.0068865
0.0096803
-0.0285207
-0.0095951
0.0124561
0.0091602
0.0225241
-0.0082528
-0.0260946
-0.0352191
-0.0219160
-0.0096969
-0.0122688
-0.0077064
-0.0205163
-0.0306512
-0.0091004
-0.0064364
0.0069878
0.0265786
0.0030450
-0.0010940
0.0013903
-0.0153213
0.0137396
-0.0114584
0.0204651
0.0229014
0.0045128
0.0284650
0.0036312
-0.0056650
0.0282697
0.0139033
-0.0136393
-0.0017214
-0.0234416
0.0203249
0.0232308
-0.0160500
-0.0197412
-0.0199668
-0.0068379
-0.0066822
-0.0413022
0.0020191
-0.0083382
-0.0293252
-0.0305247
0.0018929
0.0233991
0.0279462
-0.0102713
0.0206757
0.0305697
0.0358661
0.0404796
0.0018660
0.0293333
-0.0025584
-0.0469432
-0.0339167
-0.0073849
0.0075181
-0.0222877
0.0291675
0.0172471
0.0467519
0.0276607
0.0327813
0.0649953
0.0738694
0.0563935
0.0321350
-0.0087082
-0.0879845
-0.1426031
-0.1075330
-0.1028083
-0.0280075
0.0396627
0.1173736
0.1338812
0.1072360
0.1071641
0.0514689
-0.0423174
-0.1014121
-0.1208603
-0.0910947
-0.0822776
-0.0356660
0.0026942
0.0571310
0.0347859
0.0619018
0.0235740
0.0306084
0.0051836
0.0263298
0.0158358
0.0154732
-0.0337961
-0.0004725
-0.0406183
-0.0348738
-0.0372326
-0.0309300
0.0170757
-0.0191763
0.0347609
0.0107397
0.0455631
0.0122982
0.0292008
0.0095132
-0.0252173
0.0101708
-0.0185668
-0.0333181
-0.0326618
-0.0120568
-0.0311637
-0.0170430
0.0252717
0.0177312
0.0167983
-0.0032373
0.0111221
-0.0235486
-0.0253703
0.0143966
0.0254818
-0.0237023
-0.0314531
-0.0314969
-0.0014247
-0.0109163
-0.0279941
0.0188678
0.0165027
0.0060998
0.0270516
-0.0069345
-0.0101852
0.0071503
-0.0120832
-0.0017397
-0.0146628
0.0111839
-0.0083346
0.0050850
-0.0092676
-0.0330379
-0.0147955
-0.0001734
0.0005951
-0.0044386
-0.0270358
0.0110256
0.0053213
-0.0033033
0.0238382
0.0074654
-0.0084281
0.0137213
0.0198208
-0.0115852
-0.0218933
0.0298371
0.0025182
-0.0081889
0.0047470
0.0333323
-0.0017289
-0.0191551
-0.0007677
0.0077834
-0.0337835
0.0230359
-0.0217049
-0.0096983
-0.0031364
0.0185161
-0.0165745
-0.0172219
0.0286841
-0.0169846
-0.0085922
-0.0058093
0.0145653
-0.0125455
0.0169719
0.0176316
0.0119329
0.0243113
-0.0270311
0.0019428
-0.0066354
-0.0155299
0.0044195
0.0178663
0.0052959
-0.0251482
0.0096509
-0.0251643
-0.0160390
0.0127960
-0.0219761
-0.0030201
0.0274562
0.0037459
-0.0134125
0.0226265
-0.0110939
0.0317348
0.0210826
-0.0043224
0.0206615
0.0214488
-0.0107009
0.0318276
0.0253019
0.0114839
-0.0246117
0.0221235
0.0297208
0.0193252
0.0086428
-0.0268847
-0.0009676
-0.0361042
-0.0067481
0.0046698
0.0156307
0.0142420
0.0257579
0.0380406
0.0363399
0.0048039
0.0098349
0.0022032
-0.0141315
-0.0267169
0.0132826
0.0156805
-0.0361022
-0.0444132
-0.0330564
-0.0386545
-0.0339983
-0.0116558
0.0106736
0.0387372
0.0309100
0.0217301
0.0290239
0.0647552
0.0444776
0.0089657
0.0365692
-0.0194161
-0.0773330
-0.1098722
-0.1528490
-0.1186405
0.0069208
0.0502333
0.1287257
0.1677560
0.1436021
0.0742828
-0.0134717
-0.0380189
-0.0979693
-0.0961103
-0.1104779
-0.0780660
-0.0260933
0.0150355
0.0478429
0.0529082
0.0473634
0.0440641
0.0614118
0.0486007
-0.0137107
0.0074779
-0.0263198
-0.0254090
-0.0115396
-0.0003779
-0.0145131
-0.0016602
0.0147628
0.0248957
-0.0110103
-0.0019780
0.0370180
0.0326968
-0.0231474
-0.0185777
0.0310621
-0.0287384
0.0218020
-0.0268938
0.0157524
-0.0087071
0.0118738
-0.0178124
0.0219760
0.0099856
-0.0233068
0.0316604
-0.0217012
-0.0062751
-0.0151369
-0.0237909
0.0118669
0.0050453
-0.0225152
0.0233677
0.0042009
0.0071828
-0.0196260
-0.0202712
-0.0190217
0.0078932
-0.0030353
-0.0062901
-0.0076859
-0.0237568
0.0362196
0.0133815
-0.0009533
-0.0111474
-0.0245869
0.0197511
0.0107367
-0.0075475
0.0247260
0.0125937
-0.0162684
0.0125020
0.0218819
0.0180600
0.0163357
0.0216908
0.0201901
0.0065119
-0.0125849
-0.0136688
0.0058198
0.0068340
0.0146330
0.0199411
0.0195950
0.0046136
0.0034222
0.0003137
-0.0216390
0.0226606
-0.0045704
0.0159387
-0.0091910
-0.0049442
0.0197591
0.0190234
0.0251904
-0.0188131
0.0288947
-0.0178882
0.0018014
-0.0062693
-0.0242392
0.0085564
0.0326665
-0.0297028
-0.0321123
0.0014513
0.0122660
0.0268271
-0.0250239
0.0018615
-0.0236095
0.0017839
0.0223917
0.0004049
-0.0208301
0.0274139
0.0210691
0.0195626
-0.0155726
0.0264273
-0.0121892
-0.0111903
0.0168629
-0.0371759
-0.0153691
-0.0178965
-0.0083795
-0.0056447
-0.0302402
0.0109072
0.0039919
-0.0274732
-0.0276974
-0.0243731
0.0141914
-0.0168215
0.0208475
-0.0029807
-0.0035670
0.0240973
0.0130093
0.0285472
-0.0184010
-0.0387968
-0.0383905
-0.0377392
-0.0364056
0.0034241
0.0083406
0.0110814
0.0110999
0.0161009
0.0335776
0.0251320
-0.0034343
-0.0110498
-0.0253206
-0.0237830
0.0132911
-0.0154424
-0.0010624
-0.0395280
-0.0232818
-0.0059545
-0.0179086
0.0275106
0.0477502
0.0478089
0.0365635
0.0775451
0.0469427
0.0146606
-0.0055736
-0.0315488
-0.0951039
-0.1045093
-0.1403863
-0.1285412
-0.0501073
0.0542852
0.1485849
0.1588964
0.1350951
0.1009444
0.0442904
-0.0153738
-0.1009529
-0.0894416
-0.0761525
-0.0520405
-0.0256641
-0.0040226
0.0143869
0.0451499
0.0611301
0.0533802
0.0442452
-0.0060425
0.0158705
-0.0156038
0.0114596
-0.0179627
-0.0345616
-0.0083385
-0.0363628
-0.0428921
0.0180251
0.0235919
0.0099793
0.0126609
-0.0005030
0.0343680
0.0046080
0.0228489
0.0097009
-0.0002500
-0.0316333
-0.0098028
0.0213493
-0.0238289
0.0054509
-0.0089901
-0.0072396
0.0012576
0.0126807
-0.0170658
0.0276305
-0.0095567
-0.0024952
-0.0313276
0.0093770
0.0095222
0.0111005
-0.0025145
0.0265979
-0.0085631
0.0056655
-0.0235150
-0.0333305
0.0076498
-0.0199119
0.0347570
0.0211836
-0.0124046
0.0025050
-0.0282045
-0.0238592
-0.0084808
-0.0162874
-0.0258462
0.0061357
0.0299979
-0.0138300
0.0155959
0.0012921
0.0181338
0.0001686
0.0278297
-0.0026452
-0.0005455
-0.0179346
-0.0019792
-0.0019919
-0.0036643
0.0215135
-0.0014780
0.0203349
-0.0062767
0.0247323
0.0315305
0.0119418
0.0166111
0.0089585
0.0128699
-0.0150868
0.0277449
-0.0164945
-0.0050151
0.0045337
0.0272896
-0.0009401
0.0240290
-0.0001886
-0.0236588
-0.0174343
0.0226032
0.0218273
0.0213774
0.0053518
0.0069434
-0.0136209
-0.0113297
-0.0274744
-0.0199931
-0.0030713
0.0057702
0.0242976
0.0290684
0.0033581
-0.0108653
0.0072110
0.0280830
-0.0058322
0.0108938
0.0027369
0.0261063
0.0291130
0.0046619
0.0019882
-0.0064686
-0.0216986
0.0041547
0.0109172
0.0283623
0.0165585
-0.0135305
-0.0092425
0.0092378
-0.0151978
0.0046823
0.0118135
-0.0170281
0.0051923
0.0038153
0.0281406
-0.0263270
0.0068038
0.0201113
-0.0397609
0.0188298
-0.0232313
0.0234729
-0.0066382
0.0151543
0.0246943
0.0087912
0.0296407
0.0065743
0.0269379
0.0081448
-0.0026608
-0.0123895
-0.0253717
-0.0212647
-0.0141649
-0.0262163
-0.0252233
-0.0201441
-0.0010750
-0.0181727
-0.0039730
0.0395337
0.0072569
0.0423431
0.0760164
0.0741669
0.0537648
0.0655130
0.0051155
-0.0310218
-0.0944185
-0.1637582
-0.1035543
-0.0819151
0.0105727
0.0678983
0.1432343
0.1706788
0.1071906
0.0718391
-0.0044776
-0.0488174
-0.0784042
-0.0858843
-0.0982623
-0.0497144
-0.0218205
0.0094297
0.0293001
0.0468214
0.0373840
0.0194403
0.0325883
0.0465629
0.0229813
-0.0295363
0.0052380
0.0007576
0.0099984
-0.0091317
-0.0101948
-0.0174795
0.0007977
-0.0328031
0.0118073
-0.0062663
0.0074324
-0.0108189
0.0299919
0.0078598
0.0298603
-0.0044323
0.0183531
0.0259314
-0.0173580
-0.0047189
-0.0281561
-0.0361559
0.0194689
0.0084745
0.0119770
0.0289429
0.0158945
0.0154290
0.0236170
-0.0095591
0.0196688
0.0113446
0.0278148
-0.0292734
-0.0273801
-0.0350085
-0.0355954
0.0205531
0.0319438
-0.0110106
0.0067215
-0.0224971
-0.0259449
0.0007499
0.0000144
-0.0219771
-0.0091724
0.0144520
-0.0306725
0.0105429
0.0038311
-0.0305616
-0.0003784
-0.0022277
-0.0198216
0.0055258
-0.0221210
0.0227826
0.0072612
0.0129670
0.0027842
-0.0260298
0.0090406
0.0016313
-0.0057557
0.0297509
-0.0242841
-0.0258002
0.0151169
-0.0255817
-0.0192190
-0.0304262
0.0057210
0.0085125
-0.0075976
0.0177925
0.0179338
-0.0207153
-0.0051813
0.0062879
-0.0191894
0.0278547
-0.0048386
0.0357983
-0.0017570
-0.0293634
0.0164013
0.0309367
-0.0154256
-0.0157648
-0.0269619
-0.0210734
0.0189565
0.0041045
0.0014630
-0.0014842
-0.0091412
0.0179442
-0.0223018
0.0088796
0.0269872
-0.0007730
0.0158267
0.0134771
0.0176762
-0.0278237
0.0001811
-0.0237880
0.0203125
0.0255292
0.0236389
0.0074087
-0.0004732
-0.0200481
0.0294615
-0.0265327
0.0211286
0.0086568
-0.0275249
-0.0043622
0.0306574
0.0017990
0.0123451
0.0007977
0.0153509
0.0049128
0.0223201
0.0254389
-0.0103629
-0.0209119
0.0144390
0.0030005
-0.0192859
0.0066815
0.0145427
0.0162219
0.0062422
0.0015367
0.0093444
-0.0138431
-0.0119200
-0.0157002
-0.0181749
-0.0240458
-0.0120300
-0.0421346
-0.0365949
-0.0479203
0.0102156
-0.0084783
-0.0007953
0.0263684
0.0511527
0.0245773
0.0665270
0.0424806
0.0426133
0.0198976
0.0040843
-0.0834139
-0.1155283
-0.1017794
-0.0828890
-0.0323576
-0.0131953
0.0639241
0.1553846
0.1277355
0.0898155
0.0462639
-0.0154766
-0.0495115
-0.0993847
-0.0821719
-0.0572693
-0.0232215
-0.0069102
0.0157271
0.0133802
0.0247759
0.0811332
0.0577547
0.0432893
-0.0036557
-0.0224840
-0.0437588
-0.0141360
-0.0118343
-0.0109520
-0.0155551
-0.0036790
0.0223782
-0.0055294
