-0.0448199
-0.0356900
0.0231996
0.0424682
0.0023437
0.0051277
0.0222928
-0.0903734
0.0182309
-0.0626065
0.0797354
0.0876518
0.0315368
0.0090355
0.0666629
0.0810651
0.1190827
0.0787437
-0.0435468
-0.0517892
-0.0710433
-0.0350475
-0.1247344
-0.1785374
-0.1413595
-0.0225808
-0.0536349
-0.0183508
0.2922677
0.4101984
0.5513008
0.2985863
-0.1960601
-0.6144042
-0.7533660
-0.3641262
-0.0821366
0.2808479
0.3293753
0.2139260
0.1685583
0.1290667
0.0035550
-0.0445741
-0.0819418
-0.1005884
-0.1422973
-0.0403442
-0.0577150
-0.0057436
0.0311256
-0.0569797
0.0892740
-0.0100926
-0.0131963
0.0996771
0.0724173
0.0613096
0.0808090
-0.0095893
0.0004255
-0.0129414
0.0018117
0.0337204
-0.0927657
-0.0744842
0.0037207
0.0552334
0.0610713
0.0443949
0.0421869
-0.0370430
0.0209769
-0.0311493
0.0161037
0.0751403
0.0052859
0.0249232
0.0450298
0.0258197
-0.0029930
-0.0871277
-0.0627987
-0.0206499
0.0037921
0.0505319
-0.0535073
0.0921390
0.0262778
0.1014732
0.0963589
0.0116296
0.0616765
-0.0629990
0.0370251
-0.0322395
-0.1429665
-0.1049513
-0.1482167
-0.0824471
-0.0589767
-0.0087696
0.0066547
0.2319837
0.4403901
0.4287495
0.2976482
-0.1217801
-0.5755387
-0.6333477
-0.3426948
0.0289624
0.1885809
0.2853134
0.2600190
0.1432846
0.1641001
0.0009174
0.0281602
-0.0128609
-0.0688416
-0.1048106
-0.1317336
-0.0810493
0.0205230
0.0105743
-0.0180511
0.0780246
0.0938373
-0.0060279
0.0170141
0.0019726
-0.0127667
0.0553576
0.0482889
0.0224082
0.0287650
-0.0662066
0.0128615
0.0433238
0.0385492
0.0264344
0.0032618
-0.0166640
0.0124664
0.0598468
0.0705627
0.0296694
-0.0385493
0.0247618
-0.0097409
0.0777386
-0.0505544
-0.0024554
0.0179784
-0.0328701
-0.0594805
0.0238473
-0.0013388
-0.0656791
-0.0112490
0.0063977
-0.0475497
-0.0135173
0.0908899
0.1220073
-0.0009270
0.0014121
-0.0087685
0.0619880
-0.0574315
-0.0698530
-0.1481895
-0.1075810
-0.1419181
-0.1583626
-0.0555964
-0.0336109
-0.0165290
0.1738756
0.3911499
0.5073376
0.3592110
-0.0840701
-0.4810069
-0.7861646
-0.5859388
-0.1023483
0.2006007
0.3037896
0.2700013
0.2444632
0.1979557
0.0948612
0.0405147
-0.1068768
-0.1069187
-0.0284056
-0.0984412
-0.0055204
-0.0775360
-0.0624755
-0.0202450
0.0346977
-0.0323884
0.0755545
0.0289364
0.0404322
0.0360831
0.0954319
0.0239115
-0.0259793
0.0454067
-0.0208099
0.0029263
-0.0392526
-0.0040341
-0.0454793
-0.0370877
-0.0774200
0.0089685
-0.0562287
-0.0498295
0.0653048
-0.0104533
0.0368771
-0.0067461
0.0448055
-0.0207500
-0.0383940
-0.0115848
-0.0743268
-0.0529531
-0.0915469
0.0349404
-0.0902837
-0.0693306
-0.0805495
0.0559794
0.0588000
0.0190592
-0.0113947
-0.0110899
0.0165083
0.1358946
-0.0084707
0.0492251
-0.0618718
-0.0578615
-0.1401669
-0.1332673
-0.1557970
-0.1460557
-0.0811007
-0.0985123
-0.0248366
0.0675421
0.2829734
0.4452958
0.6471173
0.3825326
-0.1701556
-0.7154464
-0.8260893
-0.6292694
-0.0615842
0.3441231
0.3913650
0.3611781
0.2141740
0.1442895
-0.0034171
-0.0578722
0.0083552
-0.1030484
-0.0857308
-0.0250146
-0.0483413
-0.0388500
-0.0459628
0.0347146
0.0602522
0.0741945
0.0671393
0.0329843
0.0712660
-0.0250081
0.0950640
-0.0047039
-0.0538548
0.0184963
0.0342119
0.0304893
-0.0734105
-0.0971460
0.0394454
-0.0197035
0.0084946
0.0116071
0.0425069
-0.0145266
0.0958707
0.0389368
0.0285714
0.0193450
0.0341350
-0.0635549
0.0332561
-0.0006437
-0.0122712
0.0269893
0.0069209
-0.0552104
-0.0232901
-0.0497428
0.0249647
0.0465217
-0.0416801
0.0010991
0.0900311
0.0923770
0.0622314
0.0780268
-0.0418351
0.0269528
-0.0548241
-0.0506878
-0.1496384
-0.1396618
-0.1685197
-0.1013651
-0.1125339
-0.0167864
0.0311863
0.2971337
0.4924712
0.5480567
0.1724274
-0.2986841
-0.6578720
-0.6925125
-0.4390477
0.0582967
0.2482629
0.3688826
0.2283936
0.2316214
0.1327972
0.0770398
-0.0734348
-0.0802426
-0.1563484
-0.1193904
-0.0215916
-0.0438389
-0.0792965
0.0010503
0.0531739
-0.0036685
0.0199332
-0.0261497
0.0992526
0.0611047
0.0897250
-0.0290196
-0.0293492
-0.0053527
0.0099568
0.0222071
-0.0443242
0.0394537
0.0283993
0.0435447
-0.0206705
-0.0159780
0.0004244
0.0920720
0.0620812
-0.0191466
0.0879381
0.0469429
0.0472459
0.0115121
-0.0095061
-0.0251846
-0.0535451
-0.0165657
0.0369822
0.0366220
-0.0407711
-0.0268275
-0.0204607
0.0927203
0.1072224
0.0212577
0.0154586
0.0308180
0.0108038
-0.0480305
-0.0376006
0.0024916
-0.1487015
-0.0907379
-0.1898066
-0.1001219
-0.1360992
-0.0204006
-0.0286648
0.2070175
0.4416955
0.4870171
0.2977294
-0.0263735
-0.5189992
-0.6429928
-0.4120032
-0.1292655
0.1166754
0.3070816
0.1875347
0.1585398
0.0998931
0.1262491
0.0672047
-0.0051802
-0.0567709
-0.1275232
-0.0250383
-0.1329693
-0.0448258
0.0152905
0.0312113
-0.0408140
0.0365122
0.0549581
0.0702428
0.0575218
0.0723944
0.0576376
0.0236247
0.0210002
0.0004245
0.0029626
-0.0589079
-0.0847363
0.0291208
-0.0851357
-0.0820476
-0.0351762
0.0620315
-0.0030594
-0.0498665
0.0487859
0.0089009
0.0677252
0.0764345
-0.0304404
-0.0590005
0.0467486
0.0063493
0.0420613
0.0336349
-0.0168698
-0.0760979
-0.0289912
0.0518168
-0.0231666
0.0482316
0.0566991
0.0543382
0.0906871
0.1055089
0.0488482
0.0610132
0.0278807
0.0309172
0.0090783
-0.0914032
-0.0881687
-0.0936390
-0.1079287
-0.1136861
-0.0341393
-0.1103381
0.0027843
0.1544905
0.4337953
0.4468524
0.2795383
-0.1198710
-0.5632397
-0.5951655
-0.4099567
-0.0073660
0.2629157
0.2507870
0.2200373
0.2091643
0.1300419
0.1358608
0.0000821
0.0208751
-0.1164935
-0.1428999
-0.1281680
-0.1091865
-0.0966529
0.0035194
0.0087786
0.0711659
0.0087383
0.0597714
-0.0196369
0.0613406
0.0242431
0.0802278
-0.0157767
0.0265917
-0.0278621
-0.0262980
0.0205242
-0.0714285
-0.0609404
0.0109464
-0.0652016
-0.0629806
0.0079904
-0.0335872
0.0586966
-0.0361439
-0.0102421
0.0307612
0.0873409
0.0548460
-0.0648007
-0.0296789
-0.0049311
-0.0462168
0.0322466
-0.0813280
-0.0266112
0.0544526
-0.0183845
0.0004257
-0.0180893
0.0176764
0.0135377
0.0066818
0.0675113
-0.0150881
0.0578271
-0.0562099
0.0317080
-0.0586034
-0.1309600
-0.0897004
-0.1386420
-0.0770982
-0.0638250
-0.0493941
0.1853552
0.4417523
0.5392698
0.4720925
0.0452851
-0.3641596
-0.6501208
-0.5589494
-0.2217767
0.1183120
0.3336062
0.2952911
0.2915828
0.1576514
0.0402918
0.0945900
-0.0451492
-0.1256337
-0.1485606
-0.0443632
-0.0344782
-0.0721129
-0.0616776
-0.0623367
0.0166416
0.0823440
0.0732016
-0.0002543
0.0629313
-0.0033215
0.0560613
-0.0421241
-0.0264264
0.0461805
0.0180605
-0.0871544
-0.0304267
-0.0943843
-0.0130986
-0.0667616
-0.0567044
0.0268021
0.0441792
0.0369795
0.0483832
0.0293321
0.0012373
-0.0359612
0.0753620
0.0562492
0.0013096
0.0341344
-0.0082326
-0.0030423
0.0007169
-0.0305920
-0.0746089
-0.0409976
-0.0561887
-0.0121246
0.0034114
-0.0291289
0.0604110
0.0907167
0.0867345
0.0188364
-0.0315870
0.0146564
0.0194087
-0.0367453
-0.0791839
-0.1575517
-0.0674541
-0.1360224
-0.1332422
-0.0692476
0.1606513
0.3564140
0.5766318
0.3842233
0.0918648
-0.3817665
-0.7070398
-0.5598062
-0.2814732
0.0644205
0.2252233
0.2804123
0.2438203
0.2072844
0.1403318
0.0760243
0.0236412
-0.0029800
-0.0712159
-0.0711748
-0.0556239
-0.0580170
-0.0935239
-0.0583201
0.0382092
0.0703122
0.0734194
0.0457790
0.1165044
-0.0076576
0.0834844
0.0029561
-0.0218758
-0.0650441
-0.0252536
-0.0232100
-0.0876004
0.0155051
-0.0370846
-0.0528464
-0.0550619
0.0609490
-0.0241161
-0.0013591
-0.0020358
0.0693264
0.0568168
-0.0244951
0.0314383
0.0202718
0.0555420
-0.0485499
0.0237954
-0.0296847
-0.0879488
-0.0620259
0.0075522
-0.0534019
0.0196157
-0.0087168
-0.0378761
0.0716343
0.0198930
0.1045708
0.1053325
-0.0060214
-0.0088356
-0.0234766
-0.0723320
-0.1007229
-0.0847861
-0.0748535
-0.1562614
-0.0404136
-0.1089658
-0.0278886
0.0056250
0.0933005
0.4429534
0.4675033
0.3439818
0.0388678
-0.4592744
-0.6710496
-0.4730496
-0.1889737
0.1280741
0.2737937
0.2412488
0.1821393
0.1625265
0.0242418
0.0549714
-0.0963616
-0.1328958
-0.1040756
-0.1123400
-0.0551020
-0.1178807
-0.0088279
-0.0034028
0.0110907
0.0908608
0.0078604
-0.0106991
0.0714459
0.0569497
0.0501582
0.0541740
0.0604303
-0.0285322
0.0488793
-0.0952537
-0.0789185
0.0031207
-0.0842753
0.0404064
-0.0547252
0.0279680
-0.0335147
0.0316536
-0.0028723
0.0606424
0.0371364
0.0602499
-0.0370691
0.0066496
-0.0235501
0.0665111
-0.0158000
0.0369131
-0.0181139
-0.0192665
0.0406236
-0.0045087
-0.0438486
-0.0001468
0.0034656
0.0572151
0.0660273
-0.0183409
0.0265310
0.0592113
0.0008737
-0.0162836
-0.0529560
0.0291402
0.0111905
-0.0700455
-0.1728272
-0.1488255
-0.1356430
-0.0002599
-0.0046497
0.0526918
0.2475577
0.4666604
0.4394778
0.2301349
-0.2332104
-0.6091032
-0.6053097
-0.3938794
-0.0231660
0.2470138
0.2558000
0.1946684
0.1062652
0.0516115
0.1014081
0.0296709
-0.0649645
-0.0329962
-0.1230745
-0.0404811
-0.1011627
-0.1018632
-0.0010038
0.0128216
0.0627560
-0.0032090
0.0410488
0.1151024
0.0311862
0.0731364
0.0634950
0.0334769
-0.0310938
-0.0834142
-0.0820141
-0.0813683
-0.0803047
-0.0234050
-0.0452048
-0.0620087
-0.0574245
-0.0084294
0.0608443
0.0586273
0.0884249
-0.0228025
-0.0370710
0.0358032
0.0708920
-0.0289817
-0.0105568
-0.0476356
-0.0057570
-0.0692361
-0.0451501
-0.0061541
0.0263660
-0.0664722
-0.0000996
0.0160012
0.0104390
0.0927497
0.1095073
0.0074559
0.1085206
0.1040206
0.0670836
0.0031157
0.0178549
-0.1101339
-0.1290604
-0.0970679
-0.1325991
-0.0679445
-0.0638490
-0.0184092
0.1085949
0.3840909
0.4602146
0.4589878
0.1271406
-0.3346848
-0.6575612
-0.6252999
-0.2070955
0.1376823
0.2607707
0.2941580
0.2016584
0.1384687
0.0202440
0.0206117
0.0376590
0.0106320
-0.1352663
-0.0972402
-0.1284462
-0.1244341
-0.0901676
0.0107721
-0.0367261
0.0909406
0.0931284
0.0899430
0.0191145
0.0404690
-0.0283104
0.0420562
0.0734383
-0.0309636
0.0153791
0.0087895
-0.0209969
-0.0634347
-0.0843933
0.0328270
-0.0519190
0.0517853
-0.0227939
0.0309987
0.0617253
0.0643190
0.0489139
-0.0598396
0.0496434
0.0374536
0.0353602
0.0388256
0.0389383
-0.0247887
0.0486540
-0.0651934
-0.0933622
0.0291118
-0.0949537
-0.0277614
0.0539383
-0.0439077
0.0412534
0.0127978
0.0489181
0.0691652
0.0280532
-0.0301782
-0.0399571
-0.0575012
-0.0953847
-0.0228258
-0.1372719
-0.2055506
-0.1497248
-0.1011770
-0.0729532
-0.0243368
0.1633649
0.3463026
0.5356992
0.4404198
-0.0161832
-0.5151375
-0.6883119
-0.5705723
-0.0892121
0.2334426
0.2888906
0.2236181
0.2375084
0.1814225
0.0029755
0.0542286
0.0431638
0.0147820
-0.0626635
-0.0481828
-0.1158537
-0.0630380
-0.1021777
-0.0081857
0.0670291
-0.0065380
-0.0096602
0.0651860
0.0316720
0.0125072
0.0864213
0.0277104
-0.0650435
-0.0224019
-0.0518203
-0.0723643
-0.0673242
0.0338884
-0.0749146
-0.0295433
-0.0477256
0.0045622
-0.0227559
-0.0279959
-0.0384729
-0.0142342
0.0880926
0.0674220
0.0063147
-0.0198110
0.0027242
0.0656819
-0.0458985
-0.0457140
-0.0099540
0.0166398
0.0311733
-0.0236190
-0.0866589
0.0082095
0.0595546
0.0485183
-0.0148397
0.0896128
0.0724483
0.0386789
0.0660695
0.0319751
0.0209156
0.0274072
-0.1110697
-0.0362689
-0.0821572
-0.0797230
-0.0694322
-0.0392818
-0.0269645
-0.0266371
0.2570770
0.4411731
0.4758641
0.3785016
-0.0924741
-0.5892835
-0.7274328
-0.4688716
-0.1035405
0.1789711
0.2852119
0.1866346
0.2287949
0.0661914
0.0722936
0.0611894
-0.0297081
-0.0484510
-0.1396251
-0.0506629
-0.0294907
-0.0682944
-0.0464785
0.0212446
0.0404733
0.0776613
-0.0211876
0.0276249
-0.0172964
0.1097742
0.0337956
-0.0375675
-0.0165892
0.0180094
0.0077178
0.0275465
-0.0768640
0.0103659
-0.0026766
0.0085637
-0.0673864
-0.0455181
-0.0586702
0.0793756
0.0383585
0.0061148
0.0790648
0.0364111
0.0367126
0.0657217
-0.0499522
-0.0435848
0.0202694
-0.0515255
0.0438899
-0.0543796
0.0047022
0.0256175
0.0118896
0.0563580
-0.0405137
-0.0278833
0.0175344
0.0450493
0.0113428
0.1178877
-0.0205209
0.0863015
0.0118197
-0.0200755
-0.0778590
-0.1491996
-0.1528398
-0.1619874
-0.0987293
-0.0768605
0.0120328
0.0082355
0.2492929
0.4533316
0.5612333
0.2963458
-0.1632488
-0.7073764
-0.7438203
-0.4316725
0.0588275
0.3322434
0.3713797
0.2214721
0.1262597
0.0686408
0.0381076
0.0276492
-0.0747693
-0.0454834
-0.0923359
-0.1427669
-0.0351497
-0.0343411
-0.0039864
-0.0796977
0.0235701
0.0732277
0.0965053
0.0738690
-0.0113374
0.1115150
-0.0352184
-0.0332768
-0.0419601
-0.0029858
-0.0541349
-0.0756770
-0.0784192
0.0229486
0.0398579
0.0104758
-0.0671780
-0.0710271
0.0037215
-0.0369341
0.0979037
0.0191592
0.0323601
0.0674238
-0.0352559
0.0413183
0.0454317
0.0325953
-0.0408796
-0.0301415
0.0284332
-0.0407825
-0.0751173
-0.0143326
0.0185659
-0.0188852
0.0504347
0.0490140
0.0511874
0.1132464
0.0192733
0.0917814
-0.0311264
-0.0666324
-0.0168028
-0.0185347
-0.0447601
-0.1728268
-0.1744804
-0.1062024
-0.1237176
-0.0075528
0.1067999
0.1802147
0.4351301
0.5360426
0.2334370
-0.1701501
-0.6774263
-0.6322668
-0.4471957
-0.0286786
0.2452209
0.3026862
0.2848917
0.1411784
0.1718826
-0.0130324
0.0005189
-0.0063290
-0.1122442
-0.0705628
-0.0586336
-0.0675069
-0.0982900
0.0325120
0.0424804
0.0487749
-0.0294284
-0.0133886
-0.0120251
0.0263975
0.0151788
0.0585618
0.0093106
0.0523805
-0.0484124
-0.0049369
-0.0087344
0.0390484
0.0258040
-0.0490430
-0.0245511
-0.0130910
-0.0694851
-0.0317282
-0.0094597
0.0523642
0.0136430
-0.0116890
-0.0262815
-0.0017470
0.0560117
-0.0461692
-0.0341396
-0.0897970
-0.0768224
0.0119338
-0.0515751
0.0369360
-0.0256517
0.0530244
0.0056991
0.0418338
0.0104382
0.0932997
0.0577136
0.0658829
0.0953331
0.0067261
-0.0354583
0.0032344
-0.0474124
-0.1307294
-0.0929638
