0.0192474
-0.0033960
0.0247907
0.0168382
0.0046315
-0.0072843
0.0355233
-0.0315614
0.0201923
0.0054826
0.0179288
0.0248015
0.0269755
0.0164969
0.0117935
-0.0379847
-0.0165062
-0.0113629
0.0220260
-0.0012853
-0.0209479
0.0390106
0.0313188
-0.0199200
0.0232516
0.0063647
-0.0205751
-0.0192243
0.0007803
0.0271459
-0.0403956
-0.0289639
-0.0018299
-0.0174656
0.0062391
-0.0270256
0.0160988
-0.0210423
0.0330304
0.0178279
0.0466853
-0.0109392
-0.0348297
-0.0073209
0.0286999
-0.0233762
-0.0334797
0.0186160
0.0327435
-0.0216634
-0.0232972
0.0098942
0.0269109
0.0019550
-0.0443751
0.0129649
0.0003534
0.0018840
-0.0318473
0.0326184
0.0166193
-0.0168409
-0.0232587
0.0100574
0.0026916
0.0346176
0.0057193
0.0088256
-0.0352145
-0.0125620
0.0158742
0.0212114
0.0287895
0.0159153
0.0144770
-0.0223445
0.0416570
-0.0395823
-0.0404257
0.0040214
-0.0074860
0.0359166
0.0271936
0.0217201
-0.0182692
-0.0103264
0.0170728
0.0086837
-0.0309688
-0.0226007
-0.0315244
0.0371451
0.0261926
0.0158557
0.0410972
-0.0067483
0.0424481
0.0364133
0.0061827
-0.0297797
0.0205200
0.0033764
-0.0261823
-0.0383726
-0.0068050
-0.0321238
-0.0090965
0.0005676
0.0170016
-0.0375786
-0.0052832
-0.0183239
0.0193768
-0.0011691
0.0081006
0.0157361
-0.0373712
-0.0314317
-0.0555838
-0.0401898
-0.0422331
-0.0103595
-0.0114495
-0.0609947
0.0089293
0.0358756
-0.0045448
0.0677574
0.0557053
0.0345896
0.0623377
0.0833011
0.0395861
-0.0319835
-0.0084809
-0.0699652
-0.1191697
-0.1829915
-0.2273967
-0.1467330
0.0559302
0.2712434
0.4240204
0.3813678
0.1832445
-0.0786384
-0.2745097
-0.2459598
-0.2486969
-0.1055311
-0.0841764
-0.0365432
0.0162156
0.0961708
0.1103477
0.0956684
0.1038540
0.0821416
0.0123653
-0.0195061
-0.0570964
-0.0644212
-0.0448087
-0.0777684
-0.0026313
-0.0030114
-0.0172144
0.0239639
0.0059228
0.0000752
0.0559485
-0.0060938
0.0172374
0.0507280
0.0171391
0.0342437
-0.0092085
-0.0201595
0.0094106
-0.0305052
-0.0277742
-0.0138167
0.0279055
-0.0290459
0.0052010
-0.0183775
0.0191242
0.0369279
0.0083359
0.0325722
-0.0279660
-0.0172946
-0.0319180
0.0199585
-0.0220776
0.0100291
-0.0249574
-0.0277144
-0.0166776
-0.0220809
0.0434095
-0.0014160
0.0250852
-0.0087603
-0.0158480
-0.0074252
0.0178717
0.0364837
0.0061731
0.0088981
-0.0330574
-0.0169842
0.0220668
0.0343908
-0.0246708
-0.0050061
0.0056859
-0.0063162
0.0231231
-0.0133089
0.0190333
-0.0112690
-0.0062442
0.0212484
0.0306950
-0.0286980
0.0163875
0.0126432
-0.0050517
-0.0068122
0.0173855
0.0200946
0.0239525
0.0406990
0.0009058
-0.0359067
-0.0024366
0.0105747
-0.0133390
0.0128506
-0.0194219
-0.0180658
0.0012198
-0.0375019
-0.0034291
-0.0292356
0.0321656
-0.0273876
0.0003616
-0.0260149
0.0360601
-0.0266990
0.0079188
-0.0321419
0.0171783
-0.0296219
0.0235944
0.0158847
0.0367596
0.0219268
-0.0348976
0.0223458
-0.0361357
-0.0378882
-0.0317513
-0.0093601
-0.0184068
-0.0362140
-0.0231880
0.0089202
-0.0008225
-0.0311022
0.0118191
-0.0100061
-0.0151486
-0.0206960
0.0333241
-0.0303266
-0.0240438
0.0367291
0.0111976
-0.0142430
-0.0018901
-0.0398255
-0.0099063
-0.0035897
-0.0410679
0.0218822
0.0348064
0.0397619
0.0181689
0.0065214
0.0323884
0.0153349
0.0559605
-0.0055847
-0.0070380
0.0257592
-0.0347516
-0.0407449
-0.0094394
-0.0281037
-0.0071326
-0.0677822
-0.0297556
-0.0179866
0.0138429
0.0668762
0.0693933
0.0525380
0.0779316
0.0520894
0.0127365
0.0438498
-0.0630926
-0.0936957
-0.1428280
-0.1334109
-0.2322080
-0.1892708
-0.0046057
0.1698971
0.3620021
0.3695033
0.2452227
-0.0115960
-0.1826359
-0.2671079
-0.2727207
-0.0989280
-0.0492710
0.0031951
0.0608991
0.0404016
0.0961749
0.0575326
0.1000625
0.0360032
0.0401269
-0.0174138
-0.0288612
-0.0152927
-0.0681576
-0.0811752
-0.0145667
-0.0409086
-0.0089433
0.0220067
0.0117872
0.0488801
0.0178574
0.0382437
0.0166836
0.0492245
-0.0219212
0.0349667
-0.0411006
0.0258048
-0.0275732
-0.0284017
0.0284241
-0.0212534
-0.0180741
-0.0038434
-0.0372019
0.0055447
0.0335695
-0.0010804
0.0191994
-0.0334300
0.0317138
0.0401212
0.0392779
-0.0315350
-0.0019333
-0.0046208
-0.0095867
-0.0038784
-0.0144759
-0.0221037
-0.0020179
-0.0166785
-0.0053686
0.0192536
-0.0317166
0.0376760
0.0338114
0.0239455
0.0110938
0.0435608
0.0325028
0.0281412
-0.0018045
-0.0203907
-0.0063120
-0.0332358
0.0391184
0.0308962
0.0086992
0.0056832
0.0233509
-0.0094901
-0.0211109
0.0102157
-0.0210863
-0.0032089
-0.0442612
-0.0104449
-0.0054089
-0.0176857
-0.0326356
-0.0293323
-0.0169033
-0.0056092
0.0323573
-0.0387095
0.0227362
0.0068517
0.0161105
0.0267645
0.0050066
-0.0341298
-0.0045258
-0.0069489
-0.0347559
0.0187599
-0.0133103
0.0004342
-0.0294286
0.0241121
0.0301271
-0.0159575
-0.0263182
0.0032404
-0.0420800
0.0003838
-0.0089469
-0.0040174
0.0348379
0.0320875
0.0395142
0.0077558
0.0298296
0.0387975
0.0218588
0.0439960
-0.0401684
-0.0125409
0.0148734
-0.0237652
-0.0039628
-0.0070108
0.0072394
-0.0092484
0.0371341
0.0039986
0.0070483
-0.0308362
0.0073204
0.0391499
0.0311266
0.0038017
0.0085868
-0.0307626
0.0046805
0.0049628
0.0071996
-0.0033836
-0.0217956
-0.0006691
0.0030953
0.0199530
-0.0015805
0.0354811
0.0204288
0.0472180
0.0348549
-0.0167592
-0.0176913
0.0057830
0.0213973
0.0309239
0.0195913
-0.0507599
-0.0654619
-0.0096401
0.0125854
0.0217456
0.0233302
0.0488497
0.0585346
0.0799909
0.0213309
0.0934024
0.0265745
-0.0065322
-0.0444160
-0.0551796
-0.1201958
-0.0996853
-0.1911810
-0.1856163
-0.1142701
0.0974366
0.2689045
0.3812189
0.2783371
0.0665402
-0.1112839
-0.2549015
-0.1888401
-0.1838249
-0.1070411
-0.0461774
0.0252829
0.0676397
0.0799145
0.0588876
0.0425430
0.0783221
0.0352128
0.0186522
-0.0143121
0.0172062
-0.0313388
-0.0526347
-0.0587259
-0.0589606
-0.0108099
-0.0193766
-0.0152857
0.0248688
0.0060657
-0.0078921
-0.0151913
0.0475957
0.0366446
-0.0062193
0.0087409
-0.0040575
0.0099954
-0.0452993
-0.0012845
-0.0023588
0.0177384
-0.0239292
0.0244240
-0.0026013
0.0374235
0.0191685
0.0269042
0.0149599
0.0212547
-0.0075852
0.0012042
-0.0214185
0.0198067
0.0001725
-0.0012750
0.0168301
0.0364108
-0.0042890
0.0122110
0.0248556
-0.0178309
-0.0082969
0.0119429
0.0081289
-0.0035655
0.0023559
0.0189796
-0.0106171
-0.0276387
0.0245022
0.0033162
-0.0153463
-0.0194639
0.0048614
0.0192247
0.0243111
0.0249671
-0.0110900
-0.0348255
-0.0352630
-0.0179659
0.0245180
0.0354062
0.0161346
0.0104195
0.0141040
-0.0182715
0.0063937
0.0031756
0.0077200
-0.0146982
-0.0072588
0.0308273
0.0305187
-0.0026590
0.0069006
0.0144133
-0.0091877
0.0332235
0.0112893
0.0021769
0.0177469
0.0191205
-0.0288572
0.0345591
0.0267535
0.0137932
-0.0227399
-0.0231104
-0.0290337
0.0211531
0.0189295
-0.0169435
-0.0235508
-0.0320424
-0.0038851
-0.0380184
-0.0349395
-0.0173966
-0.0051146
-0.0039476
-0.0254870
0.0452847
-0.0090064
0.0391420
-0.0354247
0.0256780
0.0082000
0.0174725
-0.0204830
0.0127474
-0.0014031
0.0230883
-0.0345044
0.0268682
0.0071274
-0.0190472
-0.0072611
0.0162717
-0.0058172
0.0050845
0.0194002
0.0252448
0.0060968
-0.0297556
-0.0132673
0.0146550
-0.0045795
-0.0129534
-0.0108324
0.0424819
-0.0288790
-0.0086320
0.0414207
0.0534921
0.0110482
-0.0024612
-0.0246034
0.0155462
-0.0033092
-0.0280045
-0.0318386
-0.0710507
-0.0712278
-0.0471138
-0.0195945
0.0073354
-0.0035199
0.0790168
0.0324342
0.0616762
0.0551825
0.0905037
0.0092197
-0.0070894
-0.0248243
-0.0461739
-0.1390444
-0.2207807
-0.2249307
-0.2157520
-0.0115938
0.2721801
0.4254093
0.4078224
0.2336161
-0.0635700
-0.2195104
-0.3101621
-0.2668274
-0.1683330
-0.0236048
-0.0463545
0.0613893
0.0526025
0.1272273
0.0628765
0.1192186
0.0394745
0.0160069
0.0319541
-0.0430313
-0.0752798
-0.0815131
-0.0367143
-0.0166049
-0.0097826
0.0122267
-0.0072568
0.0347233
0.0155740
0.0194955
-0.0199747
0.0151921
-0.0125035
-0.0165418
0.0374035
-0.0204951
-0.0441986
-0.0248821
-0.0209107
-0.0237751
-0.0392299
0.0110501
0.0076880
0.0409873
-0.0261374
0.0161736
-0.0245605
0.0221252
-0.0255457
0.0222410
0.0274504
0.0097923
0.0102142
-0.0073616
-0.0022374
-0.0163655
-0.0340493
0.0063886
0.0225995
-0.0369989
0.0440915
0.0047386
0.0320325
0.0160865
-0.0018727
0.0290712
-0.0275483
-0.0034466
-0.0327777
-0.0122773
-0.0114060
0.0306362
0.0227953
0.0004713
0.0375006
-0.0074901
-0.0232008
0.0264252
0.0041622
0.0375416
0.0142676
-0.0217715
-0.0020352
0.0059799
0.0242772
-0.0282672
0.0261709
0.0093311
0.0251457
-0.0305202
-0.0017871
0.0051396
-0.0134573
-0.0126014
0.0229791
-0.0110290
0.0189726
-0.0443617
-0.0328922
0.0368826
0.0214611
-0.0014003
0.0310090
-0.0258815
0.0189671
0.0418412
-0.0337739
-0.0038799
0.0280178
0.0080353
-0.0093296
-0.0342388
-0.0091435
-0.0155538
-0.0061042
-0.0306587
0.0235363
-0.0068201
0.0254383
-0.0122286
0.0383641
0.0331386
0.0030980
0.0342877
-0.0108469
0.0282169
0.0251093
-0.0450972
-0.0232115
0.0221350
-0.0267129
0.0333440
-0.0320673
-0.0174894
0.0372796
0.0286303
-0.0047391
-0.0325414
-0.0234289
0.0009570
0.0388629
0.0199595
0.0235964
-0.0405361
0.0243048
-0.0524909
-0.0165432
0.0091123
0.0226367
-0.0215422
-0.0146037
0.0475173
0.0535162
-0.0079197
0.0532523
0.0555527
-0.0076235
0.0150357
-0.0258439
-0.0383859
-0.0419786
-0.0626978
-0.0060622
-0.0641046
-0.0507084
-0.0391439
-0.0022975
0.0455633
0.0496058
0.0212849
0.0855689
0.0322512
0.0265928
0.0593201
0.0210114
-0.0271911
-0.1343454
-0.1804833
-0.1904758
-0.2496101
-0.1184684
0.0510627
0.3126810
0.4085362
0.3630883
0.1811452
-0.1075650
-0.2340460
-0.2900598
-0.1736119
-0.1391890
-0.0237370
0.0211542
0.0477951
0.0739222
0.0631472
0.0523903
0.0376258
0.0133582
0.0072503
-0.0181094
-0.0032509
-0.0670097
-0.0668384
-0.0312892
-0.0511402
-0.0332872
-0.0155530
-0.0016632
0.0102369
0.0300383
0.0419134
0.0388783
0.0446957
0.0224775
0.0012833
0.0332113
-0.0092841
0.0186636
0.0224266
-0.0415544
0.0043171
-0.0360315
0.0113637
-0.0371013
0.0162878
0.0369648
0.0244030
-0.0062084
0.0155762
0.0060783
-0.0084689
0.0443643
-0.0324410
0.0320050
0.0020034
-0.0136548
-0.0180549
0.0160069
0.0190228
0.0076962
-0.0336382
0.0196477
0.0222832
-0.0350726
-0.0417252
0.0232607
-0.0133857
-0.0128666
0.0080604
0.0305981
0.0012826
0.0218069
0.0345633
0.0237630
0.0121134
-0.0035258
-0.0322137
0.0064927
0.0269803
0.0219534
-0.0304975
0.0001609
-0.0276690
-0.0129279
-0.0223416
0.0283645
0.0363447
-0.0278851
0.0267491
-0.0183830
0.0265249
-0.0244579
-0.0230610
-0.0098512
-0.0253591
-0.0162208
-0.0396889
0.0220907
0.0072449
-0.0245121
-0.0274969
0.0372563
-0.0279440
-0.0148117
-0.0038081
0.0270901
0.0277385
0.0172682
-0.0142579
0.0086717
0.0303955
-0.0106584
0.0205307
-0.0098871
0.0106651
0.0037652
0.0357399
0.0173377
-0.0226713
0.0319643
0.0236836
0.0150111
0.0228788
0.0383571
0.0279651
0.0193629
0.0091133
-0.0416264
-0.0054271
0.0062478
-0.0025460
-0.0365683
0.0156712
-0.0014831
-0.0288371
-0.0269726
-0.0307232
-0.0019092
-0.0180440
-0.0081278
-0.0226225
0.0250826
-0.0151105
-0.0019692
0.0219362
-0.0459878
0.0167767
-0.0131197
-0.0091831
-0.0106030
-0.0107934
-0.0234041
0.0485778
-0.0249439
-0.0038167
-0.0025051
0.0257015
0.0383042
0.0047137
0.0102542
-0.0388364
-0.0420361
-0.0137211
-0.0570646
-0.0227564
-0.0431055
-0.0186671
0.0414825
0.0036546
0.0669165
0.0481925
0.0683805
0.1011743
0.0263519
0.0230557
-0.0193478
-0.0467882
-0.1088632
-0.1432189
-0.1601559
-0.2212018
-0.1820379
0.0643356
0.2936895
0.3847103
0.3774807
0.1361938
-0.1051671
-0.2396403
-0.2632270
-0.2306054
-0.1249278
-0.0560966
-0.0295039
0.0390688
0.0723376
0.0650557
0.0756188
0.0399030
0.0727096
0.0601252
-0.0204904
0.0012019
-0.0720561
-0.0372522
-0.0309620
-0.0705776
-0.0531427
-0.0367786
0.0032841
0.0194494
0.0063726
0.0459573
0.0261942
0.0309267
0.0321225
0.0349008
-0.0299903
-0.0213966
-0.0474607
-0.0281162
0.0138239
0.0250903
-0.0388635
-0.0005624
-0.0025028
-0.0163072
-0.0154652
-0.0246101
0.0186393
0.0190217
0.0229032
0.0383882
0.0083122
-0.0369436
-0.0430653
-0.0201393
-0.0207314
-0.0001095
0.0034020
-0.0371623
0.0035161
0.0028313
0.0354899
-0.0466988
0.0050135
-0.0240753
-0.0227009
0.0029846
0.0215737
-0.0098418
-0.0418334
0.0081421
0.0268854
-0.0293276
-0.0252366
-0.0022545
0.0019978
0.0162066
0.0099758
-0.0112690
0.0038360
0.0148816
-0.0199411
0.0235183
0.0206705
0.0013800
0.0061116
0.0429251
0.0273123
0.0106706
-0.0186295
0.0290041
-0.0405775
-0.0149534
-0.0225166
0.0313687
-0.0057470
0.0306353
0.0341393
-0.0329870
-0.0026287
-0.0339591
0.0024155
0.0000406
-0.0035070
0.0038154
0.0145062
-0.0190757
-0.0298072
0.0343653
0.0085415
-0.0076071
0.0200969
0.0350468
-0.0180631
-0.0126791
-0.0365762
-0.0071242
0.0060767
0.0290159
0.0233492
0.0008122
0.0325289
-0.0328486
-0.0338923
0.0027542
0.0257645
0.0140081
0.0305976
0.0294334
-0.0148295
-0.0101979
-0.0072964
-0.0331843
0.0349735
-0.0329619
-0.0269769
-0.0036176
0.0345218
0.0326661
-0.0117644
-0.0112749
-0.0105365
0.0233757
-0.0274369
-0.0432792
0.0121113
-0.0368313
-0.0243856
-0.0388098
-0.0433793
-0.0123193
0.0396187
0.0286677
0.0132209
0.0280943
-0.0113214
0.0395982
0.0379789
0.0068300
0.0310553
-0.0021480
0.0118497
-0.0476033
-0.0415704
-0.0439365
-0.0421517
0.0277984
-0.0154795
0.0016712
0.0387722
0.0778946
0.0245392
0.0461010
0.0832945
0.0569649
-0.0332814
-0.0460895
-0.1174248
-0.1300069
-0.1905764
-0.1820718
-0.1177917
0.1368512
0.3343867
0.4551461
0.3249584
0.0124226
-0.2457671
-0.3226079
-0.1975244
-0.0865389
-0.0856576
-0.0099504
0.0499258
0.0687989
0.1092000
0.1123919
0.1085519
0.0749437
0.0325010
0.0428643
