-0.0349502
-0.0457861
-0.0161883
0.0052581
0.0089804
0.0345847
0.0137547
0.0000703
0.0493311
0.0045126
0.0589733
0.0376035
-0.0172901
0.0078690
-0.0089929
-0.0174664
-0.0586481
-0.0825301
-0.0801318
-0.0466639
-0.0268302
-0.0084257
0.0243690
0.0268860
0.0571505
0.0319405
0.0636801
0.0950687
0.0197961
-0.0002543
-0.0669654
-0.0559035
-0.1519161
-0.2139661
-0.2049684
-0.2004508
-0.0127288
0.2354698
0.3760407
0.4155564
0.2517875
0.0133471
-0.1908844
-0.2802961
-0.2595181
-0.1997122
-0.0500512
0.0179490
0.0190802
0.0752211
0.0588844
0.1331811
0.1067064
0.0314615
0.0074517
0.0147439
-0.0273092
-0.0727007
-0.0613499
-0.0742529
-0.0832626
-0.0092154
-0.0519361
-0.0369614
0.0169841
0.0016811
0.0097519
-0.0018950
0.0008930
0.0183771
-0.0057860
0.0132115
0.0072207
-0.0198591
0.0111981
-0.0443469
-0.0277982
-0.0184009
0.0242284
-0.0322480
-0.0409121
-0.0273377
-0.0018534
-0.0328838
0.0043916
-0.0049431
-0.0167727
0.0370403
0.0005236
-0.0307245
0.0333348
0.0353083
-0.0384201
-0.0250579
-0.0026199
0.0046858
-0.0232290
0.0149955
0.0133871
0.0085039
-0.0208981
0.0259749
-0.0194811
0.0337637
0.0385531
0.0277492
-0.0059850
0.0201663
-0.0106537
0.0345039
0.0234876
0.0017390
0.0291399
0.0062897
-0.0163231
-0.0230235
0.0018345
0.0010368
0.0093489
0.0417926
0.0345433
0.0258781
-0.0321540
0.0047103
-0.0063670
-0.0237955
-0.0006577
0.0329529
0.0189228
0.0362870
0.0308887
-0.0278801
-0.0182628
0.0250977
-0.0238952
0.0022085
0.0168461
-0.0144319
0.0124557
0.0229348
0.0415452
-0.0120947
-0.0276893
-0.0047758
-0.0328470
-0.0080125
-0.0171319
-0.0086545
-0.0279604
-0.0127066
-0.0266723
-0.0380320
-0.0126309
0.0422719
0.0345635
-0.0111525
-0.0333238
-0.0070855
-0.0119708
0.0369398
0.0164540
0.0170356
0.0174427
-0.0289698
-0.0345820
0.0129863
-0.0039079
-0.0302073
0.0257204
0.0389408
0.0021431
0.0445737
-0.0039117
0.0457900
-0.0087869
0.0044154
-0.0120657
0.0336956
-0.0119578
0.0131760
-0.0340809
-0.0119648
-0.0178347
0.0067049
0.0175740
0.0376080
0.0141670
-0.0113042
0.0144181
-0.0031687
0.0500818
0.0505119
-0.0013035
-0.0155214
-0.0501770
-0.0126813
-0.0579377
-0.0390569
0.0027582
-0.0340939
0.0109883
0.0462367
0.0555026
0.0387956
0.0436721
0.1007819
0.0914852
0.0741642
0.0551508
0.0067404
-0.0467191
-0.0860163
-0.1297850
-0.2303161
-0.1926703
-0.0954592
0.0991354
0.3079676
0.3832564
0.2861203
0.0420828
-0.1611825
-0.2709240
-0.2873530
-0.1959082
-0.0566323
-0.0078862
0.0136443
0.0274629
0.0956265
0.0625452
0.1047673
0.0638429
-0.0000432
0.0509650
-0.0266602
-0.0569640
-0.0369423
-0.0730061
-0.0079408
-0.0408739
-0.0567717
0.0053930
-0.0022141
-0.0020589
-0.0082814
0.0151276
-0.0081659
0.0535377
0.0359411
0.0007997
0.0187909
0.0301659
-0.0099808
-0.0439450
-0.0137151
-0.0093068
-0.0145225
0.0242967
0.0250154
0.0193215
0.0121328
0.0471084
-0.0221219
0.0015907
-0.0411407
-0.0197983
-0.0195467
0.0013274
-0.0212461
0.0297950
-0.0422411
-0.0343519
-0.0044211
0.0131596
-0.0347592
-0.0281890
0.0072276
0.0173769
-0.0222432
-0.0373714
-0.0256221
-0.0157072
0.0039002
0.0304470
-0.0023134
0.0279604
0.0167550
0.0220752
0.0238718
-0.0475592
-0.0303433
-0.0238859
-0.0252338
0.0017823
0.0489185
-0.0086207
0.0056680
-0.0442418
0.0164191
-0.0168399
0.0086171
-0.0301520
0.0158077
-0.0296468
0.0344107
0.0227655
-0.0213770
0.0093427
-0.0373942
-0.0127763
-0.0171889
0.0330778
-0.0118750
0.0047844
-0.0031462
-0.0234615
-0.0150833
0.0259309
0.0265861
-0.0124624
-0.0084233
-0.0095290
-0.0336644
0.0393137
0.0249407
0.0284850
-0.0091048
0.0311057
-0.0339279
0.0428336
-0.0281082
-0.0305380
0.0253258
-0.0348430
-0.0061847
0.0118023
0.0316961
0.0193786
0.0051233
-0.0171262
0.0038672
-0.0418389
0.0236998
0.0129089
-0.0151610
0.0310763
0.0192600
-0.0335033
0.0105203
0.0154142
-0.0314714
-0.0079018
-0.0185420
0.0203775
-0.0258395
-0.0411052
0.0125577
-0.0265287
0.0336151
-0.0419768
0.0241792
-0.0147936
-0.0016647
0.0065793
-0.0170815
0.0297658
0.0092370
-0.0207525
-0.0186413
-0.0046811
0.0117985
0.0005452
-0.0201899
-0.0360469
-0.0647091
-0.0083904
-0.0438764
-0.0531250
-0.0040410
-0.0266109
0.0059155
0.0637328
0.0423647
0.1018361
0.0664003
0.0335232
0.0608094
0.0136306
-0.0492679
-0.1296992
-0.1736483
-0.1535287
-0.2197839
-0.1202408
0.0696153
0.2769414
0.3665494
0.3561466
0.1121139
-0.0560692
-0.1936916
-0.2417023
-0.1837189
-0.1181599
-0.0227055
0.0207155
0.0167888
0.0908549
0.0390880
0.1061280
0.0604088
0.0154599
-0.0142650
-0.0039606
0.0020330
-0.0403484
-0.0509841
-0.0413325
-0.0723906
-0.0462923
0.0038925
-0.0081352
-0.0303589
0.0386754
-0.0251373
-0.0134090
0.0009423
0.0521226
-0.0136138
0.0131839
-0.0182736
-0.0113633
0.0306435
-0.0393158
0.0169515
-0.0328678
-0.0177961
-0.0123850
0.0005956
0.0067730
0.0162523
-0.0385189
-0.0132394
0.0375660
-0.0079919
0.0232095
-0.0033567
-0.0365755
0.0345306
-0.0231804
-0.0400709
-0.0132895
-0.0307280
-0.0284973
-0.0408171
0.0422483
0.0103088
-0.0032110
-0.0225120
0.0291590
0.0031955
-0.0097658
-0.0235591
0.0003777
-0.0066650
0.0276379
0.0215665
-0.0269606
-0.0058851
-0.0101521
0.0026658
0.0126519
0.0296010
0.0403617
-0.0322363
0.0009774
0.0295893
0.0221049
-0.0145557
-0.0196059
0.0087860
0.0060108
-0.0077565
0.0297682
0.0405822
0.0246154
-0.0416613
-0.0121707
-0.0089970
0.0245007
-0.0274024
0.0003738
0.0143530
0.0469393
-0.0278261
-0.0414747
0.0135637
-0.0015306
-0.0059542
0.0145041
-0.0087028
-0.0316050
0.0225166
-0.0162224
-0.0172369
-0.0046785
-0.0074728
-0.0242732
0.0264358
0.0368494
0.0022243
-0.0135873
-0.0056515
-0.0395901
0.0067119
0.0090709
-0.0091981
0.0185365
-0.0092511
-0.0383997
0.0256556
0.0277215
0.0288210
-0.0153490
0.0164185
-0.0165605
0.0403859
0.0159732
0.0167000
0.0045918
0.0090466
0.0324738
0.0278035
-0.0096603
-0.0247172
-0.0226832
-0.0309366
0.0123765
-0.0011581
0.0248569
0.0187823
-0.0228597
0.0111054
0.0181113
0.0048667
-0.0220377
-0.0029970
-0.0097042
0.0269157
0.0373999
0.0381913
-0.0539588
-0.0624685
-0.0030082
-0.0327371
-0.0209148
-0.0606979
-0.0444258
0.0131067
0.0339049
0.0666711
0.0579296
0.1067350
0.0995072
0.1045493
0.0439261
-0.0328971
-0.0538002
-0.0807327
-0.1420402
-0.2046332
-0.2631204
-0.1097144
0.0943892
0.3427230
0.4791911
0.3619011
0.1190695
-0.1695833
-0.3176715
-0.2486859
-0.1922212
-0.0923042
-0.0565818
0.0223820
0.0114319
0.0523116
0.0809930
0.0622219
0.0993098
0.0243210
0.0019131
-0.0339503
-0.0358414
-0.0269689
-0.0708397
-0.0361296
-0.0173771
-0.0555824
-0.0310722
0.0359748
0.0043523
0.0017201
0.0257348
0.0125707
0.0521795
-0.0199125
-0.0103031
0.0108038
-0.0238014
-0.0190168
-0.0243219
0.0259970
-0.0064819
0.0054359
-0.0419634
0.0351908
0.0239935
0.0347676
0.0436481
0.0270253
0.0523323
-0.0259324
-0.0171235
-0.0412802
0.0285839
-0.0178069
0.0117602
-0.0221440
0.0014807
0.0293539
0.0108662
0.0210882
0.0234781
0.0154376
0.0032885
-0.0329929
0.0240567
0.0429959
0.0401829
0.0346480
-0.0295842
-0.0118556
-0.0322007
0.0065163
-0.0286839
-0.0165736
-0.0252941
0.0322770
0.0100263
0.0084240
0.0058354
0.0296163
0.0223593
0.0104921
0.0336884
0.0240930
0.0140610
0.0350780
0.0306940
0.0161464
-0.0006505
0.0306663
-0.0207543
0.0425859
-0.0070521
0.0219807
0.0063541
-0.0249373
-0.0377618
-0.0179233
-0.0340069
-0.0404976
-0.0252394
0.0334074
0.0320026
-0.0143747
-0.0347987
-0.0227095
0.0319642
-0.0138049
-0.0104288
-0.0293193
0.0000437
0.0020995
0.0309099
0.0094292
-0.0018766
0.0062072
0.0318856
0.0228904
0.0270699
-0.0196188
-0.0008943
0.0350971
-0.0028687
-0.0390083
0.0090445
-0.0374967
-0.0145658
0.0149539
0.0244889
0.0221065
0.0179251
-0.0133884
0.0256688
0.0140935
0.0364934
-0.0041283
-0.0123117
0.0061233
-0.0001817
-0.0149420
-0.0314300
0.0180571
-0.0038003
-0.0296917
-0.0504279
-0.0206024
-0.0314697
0.0067623
0.0096958
0.0157722
0.0050566
0.0174200
-0.0060327
-0.0083528
0.0363313
0.0282872
-0.0362133
-0.0126493
-0.0696010
-0.0324871
-0.0676716
-0.0666095
-0.0035547
-0.0057841
0.0039027
0.0300360
0.0288525
0.0510062
0.0869265
0.0828886
0.0057679
0.0015644
-0.0841340
-0.1453875
-0.1770868
-0.2451131
-0.2120289
-0.0714299
0.1293996
0.3847941
0.4901906
0.3379681
0.1194437
-0.2117453
-0.3264190
-0.3064972
-0.2288288
-0.0845740
-0.0628150
0.0116239
0.0547826
0.0676582
0.0924089
0.0965724
0.0478149
0.0199030
0.0220532
0.0213155
-0.0505356
-0.0825309
-0.0892135
-0.0382458
-0.0248606
-0.0425494
-0.0472504
-0.0270462
0.0154262
0.0422353
0.0418587
0.0438220
0.0113037
0.0429085
0.0013822
0.0313807
-0.0033456
-0.0218690
0.0028911
-0.0370709
0.0266123
-0.0163483
0.0147080
0.0030092
-0.0285418
0.0431205
-0.0134213
0.0481404
0.0450587
0.0130446
-0.0353155
0.0348446
-0.0022138
-0.0341571
-0.0380304
-0.0378867
0.0097668
0.0127989
-0.0144947
0.0074174
0.0206170
0.0421197
-0.0213493
-0.0124500
0.0144523
0.0057790
0.0201854
-0.0174879
-0.0197957
0.0140409
0.0334902
0.0009843
-0.0470470
0.0300605
0.0123916
-0.0314732
-0.0187798
0.0302677
-0.0188573
-0.0287015
-0.0339214
-0.0055269
0.0018732
0.0189104
-0.0243297
-0.0189936
-0.0182479
-0.0027451
-0.0193484
0.0056868
-0.0315921
0.0070972
0.0122042
0.0016553
-0.0015876
0.0091586
0.0041904
-0.0401352
0.0063025
0.0135955
0.0145906
0.0058392
0.0005868
0.0097358
0.0220084
-0.0161318
-0.0062801
0.0051076
0.0163278
-0.0384088
-0.0375826
0.0012844
0.0021956
-0.0010802
0.0180058
-0.0099071
0.0249632
-0.0105768
-0.0178460
0.0206379
-0.0258505
-0.0270722
0.0291443
-0.0389137
0.0313869
0.0299367
-0.0063218
0.0009279
0.0237859
-0.0129690
0.0260944
-0.0155714
0.0051796
-0.0169460
-0.0048098
-0.0082660
-0.0341705
-0.0402443
-0.0406370
-0.0217362
-0.0049447
-0.0340091
0.0197014
-0.0500462
0.0269075
0.0236111
-0.0225706
0.0510117
-0.0098481
-0.0164528
-0.0081364
0.0054411
0.0106814
-0.0310651
-0.0243680
0.0194742
-0.0562359
-0.0640383
-0.0257196
-0.0280199
0.0075016
-0.0332389
-0.0140373
0.0377759
0.0662259
0.0610446
0.1052856
0.0435199
0.0890110
0.0535289
-0.0195131
-0.0943067
-0.1234402
-0.2016220
-0.2644358
-0.2157134
-0.0473920
0.1848167
0.3609597
0.4888359
0.3410576
0.0153226
-0.1725690
-0.2851453
-0.2800840
-0.2053300
-0.0734566
-0.0225831
0.0711673
0.0586069
0.1190335
0.1098674
0.0568160
0.0211744
0.0049734
-0.0060406
-0.0134832
0.0057364
-0.0753664
-0.0207103
-0.0446723
-0.0561633
-0.0002520
-0.0056521
-0.0351258
0.0201014
0.0197961
0.0287460
0.0475428
-0.0139333
0.0457424
0.0387386
0.0144299
0.0174447
0.0040609
0.0271950
-0.0208586
0.0195859
-0.0001279
-0.0284401
-0.0367631
0.0230926
-0.0077313
-0.0244147
0.0318279
0.0309329
0.0110371
0.0409299
0.0255037
0.0173226
0.0351384
-0.0037420
-0.0235483
-0.0078050
0.0074942
-0.0294558
-0.0431054
0.0069618
0.0067551
0.0061685
-0.0233875
0.0367553
-0.0309441
-0.0335288
-0.0350096
-0.0329573
0.0174672
-0.0295885
0.0224090
0.0316030
-0.0067595
-0.0113265
0.0374468
-0.0013525
-0.0271139
0.0168840
-0.0281963
0.0104324
-0.0191716
0.0065074
0.0280855
-0.0011081
0.0242822
0.0124077
-0.0158354
0.0209862
-0.0007068
-0.0395828
0.0156564
-0.0096849
-0.0328543
0.0322903
-0.0265652
0.0015482
-0.0018696
0.0350507
0.0183789
0.0018011
0.0113162
0.0224748
-0.0417862
0.0307441
-0.0159842
0.0379335
-0.0302627
0.0193835
-0.0070075
-0.0067187
-0.0137529
0.0040024
-0.0220463
-0.0330982
0.0217725
0.0081799
0.0207681
0.0305564
0.0169286
0.0049377
-0.0298895
-0.0173489
0.0244631
-0.0475144
0.0251791
0.0235776
-0.0035107
-0.0054543
0.0242870
-0.0075318
-0.0215343
-0.0336074
-0.0390416
0.0262845
-0.0360868
-0.0114067
0.0279486
-0.0331764
0.0129739
0.0282293
-0.0266496
-0.0279829
0.0037306
0.0275835
0.0234193
0.0150955
-0.0322092
0.0347069
0.0048735
0.0271408
0.0466657
-0.0231893
0.0172981
0.0103232
-0.0367123
-0.0514532
-0.0483330
-0.0569186
-0.0434497
-0.0286224
-0.0337581
0.0327603
0.0290295
0.0152598
0.0693465
0.0735054
0.0735538
0.0274956
0.0350461
-0.0404127
-0.0522823
-0.1140070
-0.1282472
-0.1390539
-0.1562476
-0.1018453
-0.0011824
0.2262311
0.4248821
0.3421566
0.1352044
-0.1239535
-0.2406004
-0.2841062
-0.1624214
-0.0836593
-0.0300866
0.0291201
0.0505666
0.0417474
0.1049809
0.1000557
0.0770638
0.0679123
0.0484661
0.0065373
-0.0076943
-0.0633089
-0.0507803
0.0011984
-0.0132930
-0.0484350
-0.0350372
-0.0197966
-0.0184440
0.0050314
0.0233897
-0.0060077
0.0506744
0.0155870
0.0358172
-0.0165517
-0.0278852
-0.0467290
-0.0066005
-0.0037957
0.0163638
-0.0235906
0.0057926
-0.0227938
0.0149379
0.0414673
0.0236231
-0.0267577
-0.0300506
-0.0237129
0.0045360
0.0422396
0.0443005
0.0389654
0.0227734
-0.0328736
0.0001704
-0.0312987
-0.0437240
0.0258208
-0.0155869
-0.0267578
0.0128333
0.0401414
-0.0054729
-0.0238393
0.0012867
0.0039588
-0.0281189
0.0030621
-0.0085531
-0.0427408
-0.0376553
0.0418142
-0.0324137
-0.0327420
-0.0430779
-0.0389435
-0.0033642
0.0385527
0.0391999
-0.0276495
0.0299593
-0.0270584
-0.0202594
-0.0037250
-0.0053782
-0.0466073
0.0175138
-0.0303492
-0.0080413
-0.0009384
0.0100192
0.0154514
0.0164314
-0.0047794
0.0026881
-0.0117761
-0.0268575
-0.0391722
0.0172047
-0.0051088
0.0276125
0.0114941
-0.0051497
0.0374929
-0.0372802
0.0078429
-0.0128650
0.0007306
0.0317258
-0.0130276
-0.0260683
-0.0240996
-0.0324748
0.0201775
-0.0402879
-0.0065850
0.0001249
0.0190977
-0.0025774
-0.0432942
0.0073773
0.0241758
-0.0244284
-0.0067805
0.0089955
0.0007841
0.0028484
0.0003594
-0.0114011
0.0174390
0.0258295
-0.0116945
0.0164041
-0.0150815
-0.0194438
0.0347467
-0.0176778
-0.0429179
-0.0321249
-0.0104276
0.0165214
0.0247017
