0.0338378
0.0353627
-0.0118219
-0.0221100
-0.0142574
-0.0062462
0.0400053
0.0303476
0.0248929
-0.0374769
-0.0311417
-0.0265234
0.0182017
0.0099600
0.0157510
0.0002638
-0.0112220
0.0224772
-0.0123688
0.0301687
0.0446190
-0.0174955
0.0156811
-0.0143002
0.0109744
0.0290600
0.0287399
0.0337088
-0.0268915
0.0154640
0.0375658
0.0212612
-0.0233625
-0.0376390
0.0111032
-0.0362412
0.0079068
0.0207899
-0.0144570
-0.0256725
0.0371171
-0.0265126
-0.0202972
0.0081099
-0.0239719
-0.0322448
-0.0191244
-0.0053746
-0.0402179
0.0067715
-0.0296921
-0.0333490
0.0017973
0.0194252
0.0375014
-0.0031520
0.0038412
0.0281019
0.0109932
0.0056022
-0.0138346
0.0378567
-0.0180908
0.0156905
-0.0009628
0.0233670
0.0150456
0.0179096
-0.0015936
-0.0021113
-0.0147183
0.0149372
-0.0121367
0.0540741
0.0344957
0.0122639
0.0329818
-0.0415765
-0.0038271
-0.0153969
-0.0646604
-0.0479006
-0.0111663
0.0036184
-0.0193849
0.0139461
-0.0080626
0.0087932
0.0674760
0.0483495
0.0509825
0.0959972
0.0537073
0.0480466
-0.0703540
-0.1296333
-0.1825741
-0.1791352
-0.2353090
-0.1209995
0.0566145
0.2611364
0.4155389
0.3907395
0.1893803
0.0072560
-0.2276323
-0.2774572
-0.2482529
-0.1323540
-0.0434284
0.0113682
0.0085657
0.0571112
0.1064950
0.0656937
0.0492253
0.0582956
0.0459346
-0.0050681
-0.0528889
-0.0649924
-0.0342311
-0.0718497
-0.0357527
-0.0474125
-0.0041119
-0.0346198
0.0007075
0.0012533
-0.0092531
-0.0000880
0.0457527
0.0374574
0.0341422
0.0078832
-0.0197811
-0.0248844
0.0130882
0.0195529
0.0242642
-0.0155720
0.0002973
-0.0303533
0.0195781
-0.0085479
0.0469543
0.0413389
0.0009256
-0.0077769
-0.0167657
-0.0091422
0.0079881
-0.0138958
-0.0188471
-0.0302906
0.0065131
-0.0441176
-0.0102881
0.0146790
-0.0046132
-0.0077494
-0.0232974
0.0163919
0.0427969
0.0173971
0.0372964
-0.0158747
0.0205544
-0.0144105
-0.0202401
0.0109161
-0.0121188
-0.0003254
-0.0076494
-0.0400247
-0.0324182
-0.0128877
0.0152810
0.0002126
0.0027734
-0.0027191
-0.0054082
0.0278386
0.0211528
0.0316999
-0.0090782
-0.0208667
-0.0002008
-0.0073208
0.0183101
-0.0334582
-0.0345158
0.0321410
0.0266175
-0.0069084
-0.0234658
0.0129779
0.0145122
-0.0089954
-0.0194569
-0.0375126
-0.0170619
-0.0061829
-0.0179635
0.0161591
0.0303256
0.0238823
-0.0142837
-0.0280381
0.0243901
0.0401894
-0.0043664
0.0118531
-0.0162254
-0.0112069
0.0293212
-0.0225697
0.0039873
0.0007462
-0.0035207
-0.0272686
-0.0152019
-0.0069701
-0.0347033
-0.0199545
0.0282966
0.0220446
0.0355846
-0.0305502
-0.0189726
-0.0028538
0.0107825
-0.0283602
0.0304374
0.0103558
0.0012806
0.0180649
-0.0290441
-0.0332817
0.0047464
0.0330236
0.0286251
-0.0061496
-0.0041519
-0.0487981
-0.0237406
-0.0246166
0.0139680
-0.0433714
0.0100239
-0.0023412
-0.0064958
0.0395646
0.0221183
0.0357665
0.0118610
-0.0130787
0.0394671
0.0126004
0.0259452
-0.0028161
-0.0429692
0.0112118
-0.0319252
-0.0260990
-0.0505113
-0.0320627
0.0152359
-0.0114165
0.0145113
0.0506278
0.0666760
0.0639248
0.0797191
0.0441095
0.0104219
0.0083081
-0.1018181
-0.1158438
-0.1434245
-0.1518652
-0.1539780
-0.0506789
0.0666480
0.2892613
0.3767386
0.2530174
0.0706142
-0.0712979
-0.2011816
-0.2042993
-0.1495041
-0.0723909
-0.0101762
0.0273137
0.0475417
0.0859046
0.0785318
0.0626173
0.0524112
0.0687459
0.0177524
-0.0219882
-0.0382922
-0.0671467
-0.0299220
-0.0663839
-0.0687764
0.0105364
-0.0240351
0.0052276
-0.0113022
0.0140781
0.0064389
0.0121232
0.0541402
0.0480013
0.0324334
-0.0186619
-0.0089623
-0.0271458
0.0043906
-0.0160949
-0.0504135
-0.0053003
-0.0248135
-0.0210766
-0.0184196
0.0373401
0.0053147
-0.0040452
-0.0253014
-0.0029372
-0.0161640
-0.0418488
-0.0060954
-0.0236000
-0.0099727
-0.0132913
0.0030433
0.0135279
-0.0307111
-0.0247779
0.0238468
-0.0212565
0.0338890
-0.0181679
-0.0267699
-0.0073937
-0.0198604
-0.0216473
0.0337665
0.0369305
-0.0076615
-0.0336974
-0.0013385
-0.0048538
0.0080942
0.0149547
0.0344534
-0.0038786
-0.0027447
0.0219013
-0.0274442
0.0334010
0.0034845
0.0159585
0.0068747
0.0106370
-0.0125544
0.0156431
-0.0031262
0.0086158
-0.0325684
0.0227749
-0.0168668
-0.0343066
-0.0277977
0.0262752
0.0155294
-0.0246588
-0.0039166
0.0290481
-0.0146597
-0.0004487
0.0295600
0.0206507
-0.0228461
-0.0260938
0.0293420
0.0254469
-0.0145922
-0.0088879
-0.0462804
-0.0213454
0.0099427
-0.0161355
0.0051644
-0.0103060
-0.0105459
-0.0027191
0.0478843
0.0042742
-0.0290965
-0.0436024
-0.0417244
0.0057230
-0.0015751
0.0068479
0.0115832
0.0335687
0.0231150
-0.0169826
0.0013204
0.0092030
-0.0357941
0.0192606
0.0169529
-0.0018922
0.0094618
0.0243494
0.0162243
0.0388136
-0.0140040
-0.0141645
0.0332744
-0.0244308
0.0006221
-0.0430646
-0.0235541
-0.0133519
0.0136158
-0.0457134
-0.0068969
-0.0247579
-0.0077637
-0.0094307
-0.0219075
0.0171869
-0.0120562
0.0058672
0.0106400
0.0075067
-0.0114808
0.0068622
-0.0358393
-0.0215708
-0.0586272
-0.0432681
-0.0392114
0.0332191
0.0108333
0.0278605
0.0363754
0.0354831
0.0295736
0.0851494
0.0390029
0.0210421
-0.0124445
-0.0315865
-0.1396725
-0.1908873
-0.1925068
-0.2048767
-0.0837085
0.0940834
0.2758050
0.3957733
0.3743516
0.1156357
-0.0579931
-0.2545462
-0.2278402
-0.2216880
-0.1557073
-0.0629220
-0.0295135
0.0635115
0.0901852
0.0769323
0.0816775
0.0919753
0.0243583
0.0498044
0.0118383
-0.0027382
-0.0045002
-0.0398306
-0.0402035
-0.0007967
-0.0098711
-0.0038246
-0.0029014
0.0448021
0.0210058
0.0621740
0.0256545
-0.0194342
0.0053574
0.0419857
-0.0149918
-0.0278154
0.0057477
0.0194232
-0.0286312
0.0223128
-0.0189228
0.0159850
-0.0200609
0.0121818
-0.0288603
0.0273553
0.0080712
0.0035014
-0.0045524
-0.0138855
-0.0233568
0.0065676
0.0085477
0.0296174
0.0096057
-0.0276075
0.0070699
-0.0199496
-0.0128351
-0.0293519
0.0146935
-0.0018815
0.0355593
-0.0196211
-0.0260267
-0.0023466
-0.0195337
0.0432538
-0.0048528
-0.0040653
-0.0003527
0.0299124
-0.0295010
0.0183414
-0.0217023
0.0127351
0.0042115
0.0056227
-0.0109624
-0.0062230
-0.0019232
-0.0037265
-0.0173878
0.0180815
0.0121958
0.0013177
-0.0020839
-0.0274491
-0.0051720
-0.0010486
-0.0313604
-0.0378455
-0.0162558
0.0265901
0.0302739
0.0315236
0.0287123
0.0172718
-0.0227129
0.0266658
0.0225300
-0.0230582
-0.0261519
-0.0420745
-0.0100543
-0.0357931
0.0149847
-0.0238054
-0.0203575
0.0416861
0.0196846
0.0228463
-0.0452776
-0.0266854
0.0280441
-0.0295368
0.0039228
-0.0292176
-0.0032589
-0.0406496
-0.0370660
-0.0218648
0.0143793
0.0275635
0.0085047
-0.0167579
-0.0324035
-0.0321075
-0.0356843
0.0243053
-0.0116529
-0.0038033
-0.0051618
0.0186731
0.0255996
-0.0208755
-0.0241234
-0.0203724
-0.0328471
0.0230856
-0.0055623
-0.0441015
-0.0233516
-0.0527840
0.0163804
0.0194076
-0.0291378
-0.0166065
-0.0322854
0.0150506
0.0439868
0.0116127
-0.0074180
-0.0046599
0.0432949
0.0292072
-0.0270771
-0.0701901
-0.0713546
-0.0005287
0.0011210
-0.0403730
-0.0077141
0.0131392
0.0332348
0.0732119
0.0447225
0.0528186
0.0665041
0.0350777
0.0171222
-0.0244196
-0.0492652
-0.0580720
-0.1880871
-0.1883713
-0.2311978
-0.1867271
0.0237958
0.2304761
0.3760586
0.3748831
0.2450714
-0.0238979
-0.2027486
-0.2885715
-0.2779789
-0.1481588
-0.0629898
0.0188029
0.0219515
0.0680488
0.1012536
0.0720284
0.0495026
0.0136187
0.0522033
-0.0331318
-0.0558041
-0.0074931
-0.0475468
-0.0325193
-0.0351565
-0.0146880
-0.0278735
0.0036180
0.0304383
0.0464648
0.0295026
0.0573316
0.0203361
0.0465463
0.0127781
0.0243285
-0.0421535
0.0112703
0.0152004
-0.0025158
-0.0495097
-0.0036031
-0.0237781
-0.0065442
0.0199929
0.0226428
-0.0090992
0.0100692
0.0284274
0.0411647
-0.0181610
0.0074734
-0.0196183
0.0239823
-0.0322019
-0.0321178
-0.0299899
-0.0230207
-0.0233650
0.0325244
0.0327050
0.0055710
-0.0147770
0.0469975
0.0136151
-0.0040833
-0.0096595
0.0060765
-0.0239303
0.0306695
-0.0158716
-0.0080339
-0.0255923
0.0056825
-0.0165747
-0.0207904
-0.0146229
0.0197266
0.0252674
-0.0231061
0.0007495
0.0143144
0.0194841
0.0215109
0.0296522
-0.0361918
-0.0012569
0.0020248
0.0250071
-0.0409778
0.0007605
0.0079695
0.0030403
0.0178905
-0.0216581
0.0084669
0.0281817
-0.0391229
-0.0111830
-0.0020133
-0.0062385
-0.0260900
0.0022820
0.0099322
0.0213921
-0.0065185
-0.0213418
-0.0461858
0.0181566
-0.0254824
-0.0123544
0.0227517
0.0067749
0.0067299
0.0097876
-0.0003870
-0.0055875
-0.0173026
0.0064042
0.0353881
0.0284296
-0.0237468
0.0062680
-0.0217227
0.0090082
0.0322733
0.0001704
0.0314076
-0.0091497
-0.0127676
0.0377637
-0.0164483
0.0294284
-0.0090843
-0.0298569
-0.0190338
-0.0234661
-0.0180952
-0.0034544
-0.0321110
0.0298901
-0.0091793
-0.0202144
0.0147202
-0.0233941
-0.0139835
0.0016815
0.0351210
0.0447861
-0.0046619
0.0290414
0.0139461
0.0097539
-0.0062668
-0.0062058
0.0308333
-0.0448204
-0.0693120
-0.0690590
-0.0564526
-0.0331880
-0.0132988
-0.0169971
-0.0133446
0.0043874
0.0230212
0.0562832
0.0426452
0.1049746
0.0541426
0.0377146
0.0335174
-0.0495999
-0.1148829
-0.1507869
-0.1939053
-0.2553303
-0.1854857
0.0140559
0.2896513
0.4371014
0.4326122
0.2723259
-0.0416096
-0.2363683
-0.3008742
-0.2811691
-0.1984009
-0.0564860
0.0141396
0.0749656
0.0979814
0.1368165
0.1446953
0.0780922
0.0330992
-0.0039806
0.0037632
-0.0220622
-0.0472412
-0.0191115
-0.0771510
-0.0111016
0.0089100
0.0054063
-0.0222414
0.0159648
0.0175370
0.0263833
0.0294107
0.0380942
0.0013884
0.0334477
0.0049636
-0.0302976
-0.0130236
-0.0108855
-0.0343153
-0.0390265
-0.0385764
-0.0065272
-0.0157261
0.0017808
0.0327417
0.0148888
0.0067896
0.0247198
-0.0102186
0.0226446
0.0184281
0.0357198
-0.0170134
0.0097157
-0.0312770
0.0010303
-0.0109581
-0.0001700
0.0259550
-0.0101039
0.0141515
-0.0109980
0.0332317
0.0211645
-0.0350212
0.0172947
0.0151189
0.0389457
-0.0297752
0.0100842
-0.0340649
-0.0007429
-0.0357858
-0.0086176
0.0414924
-0.0236785
-0.0209865
-0.0051581
-0.0207569
-0.0060375
0.0087729
0.0208417
-0.0037667
0.0224468
-0.0197911
0.0095756
-0.0149844
0.0260648
-0.0271055
-0.0054802
-0.0069457
-0.0017022
0.0430743
0.0459543
0.0376804
-0.0172944
-0.0121191
0.0058773
-0.0242178
-0.0192374
0.0003430
0.0330009
0.0168841
-0.0351400
-0.0165757
-0.0194243
0.0247051
-0.0089576
0.0149531
-0.0041715
-0.0052177
-0.0304136
0.0225243
-0.0193603
-0.0190209
0.0139007
0.0078658
0.0157990
0.0017629
-0.0127934
0.0228991
-0.0114387
-0.0362512
-0.0401823
0.0065054
-0.0202387
0.0168084
0.0299036
-0.0103567
0.0159300
0.0374207
0.0574307
-0.0006934
0.0229003
0.0016293
-0.0569903
-0.0510406
-0.0529832
-0.0441525
-0.0002110
-0.0399911
-0.0016256
0.0038311
0.0538563
0.0594133
0.0301268
-0.0103092
0.0557794
-0.0235698
-0.0300549
-0.0499754
-0.0122865
-0.0359178
-0.0199252
-0.0504413
-0.0304268
-0.0179393
-0.0516416
0.0318346
0.0490658
0.0510237
0.0871485
0.1005976
0.0842955
0.0612203
0.0122448
-0.0414176
-0.0847628
-0.1233039
-0.2329724
-0.2619208
-0.2368089
-0.0892430
0.1369717
0.4004292
0.4388886
0.3660298
0.0586945
-0.1417121
-0.3060035
-0.2982113
-0.2356555
-0.1075247
-0.0747967
-0.0024032
0.1076716
0.1394230
0.1106129
0.0727023
0.0393331
0.0490208
-0.0158337
0.0232387
-0.0098408
-0.0536005
-0.0611664
-0.0324443
-0.0134757
-0.0292795
-0.0004760
0.0390143
0.0147452
0.0040589
0.0508958
0.0210819
-0.0078320
0.0460182
0.0181513
0.0231017
-0.0058696
-0.0244385
0.0026306
-0.0428746
-0.0499437
-0.0220980
-0.0281956
0.0102012
0.0316819
0.0070370
0.0438820
0.0063833
-0.0195725
-0.0182120
0.0235705
-0.0184478
-0.0384038
-0.0276292
-0.0322069
-0.0265243
-0.0079552
0.0435630
0.0445009
0.0154298
0.0043038
0.0050802
-0.0027331
0.0156545
0.0354736
-0.0054704
-0.0246492
0.0352407
0.0198476
-0.0338519
-0.0215305
0.0141374
-0.0247759
-0.0376037
-0.0084033
-0.0371505
-0.0159766
0.0267703
0.0165855
-0.0304654
-0.0039475
-0.0050369
0.0327076
-0.0150725
-0.0058443
0.0127145
0.0328704
0.0245227
-0.0166035
-0.0281918
0.0258237
-0.0371248
-0.0377700
0.0344123
0.0119696
-0.0234017
-0.0042106
-0.0206429
0.0068727
-0.0182963
-0.0063784
-0.0250074
0.0046698
0.0114066
-0.0182839
0.0211782
-0.0274401
0.0228254
0.0315572
-0.0012552
-0.0322880
0.0417813
0.0418812
-0.0081278
0.0036149
-0.0297143
-0.0046224
-0.0248042
-0.0002079
-0.0382406
-0.0067540
0.0335304
-0.0105867
0.0283539
0.0449579
0.0292681
0.0369958
0.0075972
-0.0391822
0.0155710
-0.0382824
0.0076848
-0.0033762
-0.0146477
-0.0305809
-0.0120258
-0.0100456
0.0102785
0.0489244
0.0310137
0.0422824
0.0342568
0.0542927
0.0004842
-0.0067792
-0.0186631
-0.0073475
-0.0103235
-0.0344962
-0.0463459
-0.0538029
-0.0502181
-0.0081425
-0.0156083
-0.0325538
0.0420786
0.0669258
0.0743176
0.1013944
0.0646345
0.0611834
0.0027645
-0.0121100
-0.1078904
-0.1178944
-0.2192819
-0.2607650
-0.2329578
-0.0283531
0.1911885
0.3905427
0.4609403
0.3032471
0.0329573
-0.1829060
-0.2785357
-0.2813183
-0.1823754
-0.0903797
-0.0601043
0.0141629
0.0816741
0.0858388
0.1040134
0.0643994
0.0879630
0.0077020
-0.0045937
0.0099696
-0.0295770
-0.0130822
-0.0681143
-0.0175622
-0.0171685
-0.0513802
0.0046304
0.0015357
-0.0301067
0.0603111
0.0182201
-0.0009302
0.0069800
-0.0102161
0.0154487
0.0242300
0.0197354
0.0298490
-0.0414797
-0.0444060
0.0137123
-0.0094974
0.0306307
-0.0046643
-0.0221161
-0.0335981
-0.0067997
0.0259165
-0.0147554
0.0437588
0.0261207
0.0294840
-0.0008437
0.0219556
0.0186002
-0.0018399
0.0200543
-0.0304697
0.0225167
-0.0223151
0.0317272
-0.0097616
-0.0062560
0.0349191
-0.0152254
-0.0036701
-0.0269770
-0.0116810
0.0044172
0.0169315
-0.0034829
0.0332576
-0.0191767
-0.0208525
-0.0093755
-0.0314941
0.0198096
-0.0016507
-0.0029426
-0.0030801
-0.0031449
0.0106873
0.0171216
