-0.0802426
-0.1563484
-0.1193904
-0.0215916
-0.0438389
-0.0792965
0.0010503
0.0531739
-0.0036685
0.0199332
-0.0261497
0.0992526
0.0611047
0.0897250
-0.0290196
-0.0293492
-0.0053527
0.0099568
0.0222071
-0.0443242
0.0394537
0.0283993
0.0435447
-0.0206705
-0.0159780
0.0004244
0.0920720
0.0620812
-0.0191466
0.0879381
0.0469429
0.0472459
0.0115121
-0.0095061
-0.0251846
-0.0535451
-0.0165657
0.0369822
0.0366220
-0.0407711
-0.0268275
-0.0204607
0.0927203
0.1072224
0.0212577
0.0154586
0.0308180
0.0108038
-0.0480305
-0.0376006
0.0024916
-0.1487015
-0.0907379
-0.1898066
-0.1001219
-0.1360992
-0.0204006
-0.0286648
0.2070175
0.4416955
0.4870171
0.2977294
-0.0263735
-0.5189992
-0.6429928
-0.4120032
-0.1292655
0.1166754
0.3070816
0.1875347
0.1585398
0.0998931
0.1262491
0.0672047
-0.0051802
-0.0567709
-0.1275232
-0.0250383
-0.1329693
-0.0448258
0.0152905
0.0312113
-0.0408140
0.0365122
0.0549581
0.0702428
0.0575218
0.0723944
0.0576376
0.0236247
0.0210002
0.0004245
0.0029626
-0.0589079
-0.0847363
0.0291208
-0.0851357
-0.0820476
-0.0351762
0.0620315
-0.0030594
-0.0498665
0.0487859
0.0089009
0.0677252
0.0764345
-0.0304404
-0.0590005
0.0467486
0.0063493
0.0420613
0.0336349
-0.0168698
-0.0760979
-0.0289912
0.0518168
-0.0231666
0.0482316
0.0566991
0.0543382
0.0906871
0.1055089
0.0488482
0.0610132
0.0278807
0.0309172
0.0090783
-0.0914032
-0.0881687
-0.0936390
-0.1079287
-0.1136861
-0.0341393
-0.1103381
0.0027843
0.1544905
0.4337953
0.4468524
0.2795383
-0.1198710
-0.5632397
-0.5951655
-0.4099567
-0.0073660
0.2629157
0.2507870
0.2200373
0.2091643
0.1300419
0.1358608
0.0000821
0.0208751
-0.1164935
-0.1428999
-0.1281680
-0.1091865
-0.0966529
0.0035194
0.0087786
0.0711659
0.0087383
0.0597714
-0.0196369
0.0613406
0.0242431
0.0802278
-0.0157767
0.0265917
-0.0278621
-0.0262980
0.0205242
-0.0714285
-0.0609404
0.0109464
-0.0652016
-0.0629806
0.0079904
-0.0335872
0.0586966
-0.0361439
-0.0102421
0.0307612
0.0873409
0.0548460
-0.0648007
-0.0296789
-0.0049311
-0.0462168
0.0322466
-0.0813280
-0.0266112
0.0544526
-0.0183845
0.0004257
-0.0180893
0.0176764
0.0135377
0.0066818
0.0675113
-0.0150881
0.0578271
-0.0562099
0.0317080
-0.0586034
-0.1309600
-0.0897004
-0.1386420
-0.0770982
-0.0638250
-0.0493941
0.1853552
0.4417523
0.5392698
0.4720925
0.0452851
-0.3641596
-0.6501208
-0.5589494
-0.2217767
0.1183120
0.3336062
0.2952911
0.2915828
0.1576514
0.0402918
0.0945900
-0.0451492
-0.1256337
-0.1485606
-0.0443632
-0.0344782
-0.0721129
-0.0616776
-0.0623367
0.0166416
0.0823440
0.0732016
-0.0002543
0.0629313
-0.0033215
0.0560613
-0.0421241
-0.0264264
0.0461805
0.0180605
-0.0871544
-0.0304267
-0.0943843
-0.0130986
-0.0667616
-0.0567044
0.0268021
0.0441792
0.0369795
0.0483832
0.0293321
0.0012373
-0.0359612
0.0753620
0.0562492
0.0013096
0.0341344
-0.0082326
-0.0030423
0.0007169
-0.0305920
-0.0746089
-0.0409976
-0.0561887
-0.0121246
0.0034114
-0.0291289
0.0604110
0.0907167
0.0867345
0.0188364
-0.0315870
0.0146564
0.0194087
-0.0367453
-0.0791839
-0.1575517
-0.0674541
-0.1360224
-0.1332422
-0.0692476
0.1606513
0.3564140
0.5766318
0.3842233
0.0918648
-0.3817665
-0.7070398
-0.5598062
-0.2814732
0.0644205
0.2252233
0.2804123
0.2438203
0.2072844
0.1403318
0.0760243
0.0236412
-0.0029800
-0.0712159
-0.0711748
-0.0556239
-0.0580170
-0.0935239
-0.0583201
0.0382092
0.0703122
0.0734194
0.0457790
0.1165044
-0.0076576
0.0834844
0.0029561
-0.0218758
-0.0650441
-0.0252536
-0.0232100
-0.0876004
0.0155051
-0.0370846
-0.0528464
-0.0550619
0.0609490
-0.0241161
-0.0013591
-0.0020358
0.0693264
0.0568168
-0.0244951
0.0314383
0.0202718
0.0555420
-0.0485499
0.0237954
-0.0296847
-0.0879488
-0.0620259
0.0075522
-0.0534019
0.0196157
-0.0087168
-0.0378761
0.0716343
0.0198930
0.1045708
0.1053325
-0.0060214
-0.0088356
-0.0234766
-0.0723320
-0.1007229
-0.0847861
-0.0748535
-0.1562614
-0.0404136
-0.1089658
-0.0278886
0.0056250
0.0933005
0.4429534
0.4675033
0.3439818
0.0388678
-0.4592744
-0.6710496
-0.4730496
-0.1889737
0.1280741
0.2737937
0.2412488
0.1821393
0.1625265
0.0242418
0.0549714
-0.0963616
-0.1328958
-0.1040756
-0.1123400
-0.0551020
-0.1178807
-0.0088279
-0.0034028
0.0110907
0.0908608
0.0078604
-0.0106991
0.0714459
0.0569497
0.0501582
0.0541740
0.0604303
-0.0285322
0.0488793
-0.0952537
-0.0789185
0.0031207
-0.0842753
0.0404064
-0.0547252
0.0279680
-0.0335147
0.0316536
-0.0028723
0.0606424
0.0371364
0.0602499
-0.0370691
0.0066496
-0.0235501
0.0665111
-0.0158000
0.0369131
-0.0181139
-0.0192665
0.0406236
-0.0045087
-0.0438486
-0.0001468
0.0034656
0.0572151
0.0660273
-0.0183409
0.0265310
0.0592113
0.0008737
-0.0162836
-0.0529560
0.0291402
0.0111905
-0.0700455
-0.1728272
-0.1488255
-0.1356430
-0.0002599
-0.0046497
0.0526918
0.2475577
0.4666604
0.4394778
0.2301349
-0.2332104
-0.6091032
-0.6053097
-0.3938794
-0.0231660
0.2470138
0.2558000
0.1946684
0.1062652
0.0516115
0.1014081
0.0296709
-0.0649645
-0.0329962
-0.1230745
-0.0404811
-0.1011627
-0.1018632
-0.0010038
0.0128216
0.0627560
-0.0032090
0.0410488
0.1151024
0.0311862
0.0731364
0.0634950
0.0334769
-0.0310938
-0.0834142
-0.0820141
-0.0813683
-0.0803047
-0.0234050
-0.0452048
-0.0620087
-0.0574245
-0.0084294
0.0608443
0.0586273
0.0884249
-0.0228025
-0.0370710
0.0358032
0.0708920
-0.0289817
-0.0105568
-0.0476356
-0.0057570
-0.0692361
-0.0451501
-0.0061541
0.0263660
-0.0664722
-0.0000996
0.0160012
0.0104390
0.0927497
0.1095073
0.0074559
0.1085206
0.1040206
0.0670836
0.0031157
0.0178549
-0.1101339
-0.1290604
-0.0970679
-0.1325991
-0.0679445
-0.0638490
-0.0184092
0.1085949
0.3840909
0.4602146
0.4589878
0.1271406
-0.3346848
-0.6575612
-0.6252999
-0.2070955
0.1376823
0.2607707
0.2941580
0.2016584
0.1384687
0.0202440
0.0206117
0.0376590
0.0106320
-0.1352663
-0.0972402
-0.1284462
-0.1244341
-0.0901676
0.0107721
-0.0367261
0.0909406
0.0931284
0.0899430
0.0191145
0.0404690
-0.0283104
0.0420562
0.0734383
-0.0309636
0.0153791
0.0087895
-0.0209969
-0.0634347
-0.0843933
0.0328270
-0.0519190
0.0517853
-0.0227939
0.0309987
0.0617253
0.0643190
0.0489139
-0.0598396
0.0496434
0.0374536
0.0353602
0.0388256
0.0389383
-0.0247887
0.0486540
-0.0651934
-0.0933622
0.0291118
-0.0949537
-0.0277614
0.0539383
-0.0439077
0.0412534
0.0127978
0.0489181
0.0691652
0.0280532
-0.0301782
-0.0399571
-0.0575012
-0.0953847
-0.0228258
-0.1372719
-0.2055506
-0.1497248
-0.1011770
-0.0729532
-0.0243368
0.1633649
0.3463026
0.5356992
0.4404198
-0.0161832
-0.5151375
-0.6883119
-0.5705723
-0.0892121
0.2334426
0.2888906
0.2236181
0.2375084
0.1814225
0.0029755
0.0542286
0.0431638
0.0147820
-0.0626635
-0.0481828
-0.1158537
-0.0630380
-0.1021777
-0.0081857
0.0670291
-0.0065380
-0.0096602
0.0651860
0.0316720
0.0125072
0.0864213
0.0277104
-0.0650435
-0.0224019
-0.0518203
-0.0723643
-0.0673242
0.0338884
-0.0749146
-0.0295433
-0.0477256
0.0045622
-0.0227559
-0.0279959
-0.0384729
-0.0142342
0.0880926
0.0674220
0.0063147
-0.0198110
0.0027242
0.0656819
-0.0458985
-0.0457140
-0.0099540
0.0166398
0.0311733
-0.0236190
-0.0866589
0.0082095
0.0595546
0.0485183
-0.0148397
0.0896128
0.0724483
0.0386789
0.0660695
0.0319751
0.0209156
0.0274072
-0.1110697
-0.0362689
-0.0821572
-0.0797230
-0.0694322
-0.0392818
-0.0269645
-0.0266371
0.2570770
0.4411731
0.4758641
0.3785016
-0.0924741
-0.5892835
-0.7274328
-0.4688716
-0.1035405
0.1789711
0.2852119
0.1866346
0.2287949
0.0661914
0.0722936
0.0611894
-0.0297081
-0.0484510
-0.1396251
-0.0506629
-0.0294907
-0.0682944
-0.0464785
0.0212446
0.0404733
0.0776613
-0.0211876
0.0276249
-0.0172964
0.1097742
0.0337956
-0.0375675
-0.0165892
0.0180094
0.0077178
0.0275465
-0.0768640
0.0103659
-0.0026766
0.0085637
-0.0673864
-0.0455181
-0.0586702
0.0793756
0.0383585
0.0061148
0.0790648
0.0364111
0.0367126
0.0657217
-0.0499522
-0.0435848
0.0202694
-0.0515255
0.0438899
-0.0543796
0.0047022
0.0256175
0.0118896
0.0563580
-0.0405137
-0.0278833
0.0175344
0.0450493
0.0113428
0.1178877
-0.0205209
0.0863015
0.0118197
-0.0200755
-0.0778590
-0.1491996
-0.1528398
-0.1619874
-0.0987293
-0.0768605
0.0120328
0.0082355
0.2492929
0.4533316
0.5612333
0.2963458
-0.1632488
-0.7073764
-0.7438203
-0.4316725
0.0588275
0.3322434
0.3713797
0.2214721
0.1262597
0.0686408
0.0381076
0.0276492
-0.0747693
-0.0454834
-0.0923359
-0.1427669
-0.0351497
-0.0343411
-0.0039864
-0.0796977
0.0235701
0.0732277
0.0965053
0.0738690
-0.0113374
0.1115150
-0.0352184
-0.0332768
-0.0419601
-0.0029858
-0.0541349
-0.0756770
-0.0784192
0.0229486
0.0398579
0.0104758
-0.0671780
-0.0710271
0.0037215
-0.0369341
0.0979037
0.0191592
0.0323601
0.0674238
-0.0352559
0.0413183
0.0454317
0.0325953
-0.0408796
-0.0301415
0.0284332
-0.0407825
-0.0751173
-0.0143326
0.0185659
-0.0188852
0.0504347
0.0490140
0.0511874
0.1132464
0.0192733
0.0917814
-0.0311264
-0.0666324
-0.0168028
-0.0185347
-0.0447601
-0.1728268
-0.1744804
-0.1062024
-0.1237176
-0.0075528
0.1067999
0.1802147
0.4351301
0.5360426
0.2334370
-0.1701501
-0.6774263
-0.6322668
-0.4471957
-0.0286786
0.2452209
0.3026862
0.2848917
0.1411784
0.1718826
-0.0130324
0.0005189
-0.0063290
-0.1122442
-0.0705628
-0.0586336
-0.0675069
-0.0982900
0.0325120
0.0424804
0.0487749
-0.0294284
-0.0133886
-0.0120251
0.0263975
0.0151788
0.0585618
0.0093106
0.0523805
-0.0484124
-0.0049369
-0.0087344
0.0390484
0.0258040
-0.0490430
-0.0245511
-0.0130910
-0.0694851
-0.0317282
-0.0094597
0.0523642
0.0136430
-0.0116890
-0.0262815
-0.0017470
0.0560117
-0.0461692
-0.0341396
-0.0897970
-0.0768224
0.0119338
-0.0515751
0.0369360
-0.0256517
0.0530244
0.0056991
0.0418338
0.0104382
0.0932997
0.0577136
0.0658829
0.0953331
0.0067261
-0.0354583
0.0032344
-0.0474124
-0.1307294
-0.0929638
-0.1239688
-0.0669840
-0.0008199
-0.0532148
-0.0371210
0.2019660
0.4071110
0.5966231
0.3937646
-0.0162909
-0.5520857
-0.6445583
-0.5052319
-0.1131251
0.1589546
0.3275684
0.2799007
0.0997529
0.1628833
0.0812789
0.0772004
0.0022703
0.0051233
-0.0430677
-0.0851251
-0.1419179
-0.0188016
-0.0277551
-0.0796595
-0.0506902
0.0723534
-0.0217390
0.0269088
0.0240145
0.0138296
-0.0390216
-0.0532430
-0.0055918
-0.0814950
-0.0074255
-0.0073946
-0.0718895
-0.0633576
-0.0604615
-0.0372828
-0.0830400
-0.0190498
0.0227075
-0.0472097
-0.0202501
0.0548420
0.0539267
0.0103482
-0.0364759
-0.0252013
-0.0087319
-0.0548222
-0.0621060
-0.0032771
0.0553957
0.0176645
-0.0349989
-0.0958314
-0.0512573
0.0192791
-0.0053899
0.0936672
-0.0042386
0.0499351
0.0155533
0.0184758
0.0902318
0.0094436
-0.0019299
-0.0116648
-0.0087792
-0.0573491
-0.1659266
-0.0423323
-0.0592320
-0.0146844
-0.1301546
0.0129297
0.1746026
0.4247693
0.5454574
0.2453615
-0.1254946
-0.5366647
-0.5193016
-0.4051639
-0.0711639
0.1881288
0.2754002
0.2060128
0.2010123
0.0604197
0.0954729
0.0279230
-0.0171182
-0.0456245
-0.1296208
-0.0002323
-0.0120356
0.0116469
0.0222482
-0.0385234
-0.0374424
0.0715074
0.0897990
0.0397429
-0.0415034
-0.0281510
-0.0030583
-0.0440863
-0.0445879
-0.0666804
0.0291453
0.0001886
0.0258507
-0.0877155
0.0417840
0.0460572
0.0060962
-0.0395457
-0.0142187
-0.0201466
-0.0118581
0.0037742
0.0720897
-0.0309305
-0.0241272
0.0723717
-0.0069622
-0.0240280
-0.0408846
-0.0571691
-0.0416828
-0.0821999
-0.0509655
-0.0425435
-0.0206778
0.0044943
0.0603217
-0.0329176
0.0183265
-0.0210166
0.0004621
0.0540999
0.0029448
0.1001712
0.0778103
-0.0426066
0.0055026
-0.0785176
-0.0755116
-0.0524580
-0.1332477
-0.1539388
-0.0339977
-0.0872178
0.0251467
0.2813758
0.5255201
0.4308965
0.2185809
-0.3238260
-0.5219898
-0.5303884
-0.2638447
0.0484133
0.1897239
0.2073025
0.2070503
0.1499286
0.0679860
0.0644188
0.0430204
-0.0324432
-0.0216978
-0.0324106
-0.1374188
-0.1174088
-0.1076424
-0.0533119
-0.0616142
-0.0138443
0.0232818
0.0605000
-0.0074554
0.0255559
0.0764831
0.0327466
0.0237472
0.0389943
0.0247104
-0.0016702
-0.0801340
0.0510570
-0.0918693
-0.0743293
-0.0284016
-0.0300498
0.0674199
-0.0311643
0.0055047
0.0313346
0.0417714
0.0155207
0.0624113
-0.0417259
0.0362328
-0.0692121
0.0243687
-0.0644731
-0.0588978
0.0186805
-0.0579077
0.0209819
-0.0733497
-0.0177353
0.0644494
0.0422701
0.0603951
-0.0170438
-0.0225191
0.0795197
-0.0086349
-0.0064450
0.0154726
-0.0635440
-0.0230764
-0.1130374
-0.0688928
-0.0948208
-0.1094881
-0.1050736
-0.1013220
-0.0615521
-0.0232006
0.2025737
0.4508412
0.4323002
0.2619370
-0.2049615
-0.5940938
-0.5890813
-0.2680124
-0.0459158
0.2263938
0.2275290
0.2629238
0.1129704
0.1022726
-0.0009870
0.0010875
-0.0840005
-0.0792531
-0.0298575
-0.0064263
-0.1314104
-0.0806018
-0.0106894
0.0019281
-0.0346443
-0.0347251
-0.0041242
0.0490982
0.0449195
0.0429002
0.0564277
0.0418908
0.0069253
0.0359289
-0.0451881
-0.0600188
0.0199482
-0.0780570
0.0133912
0.0083952
-0.0652671
-0.0448273
-0.0154397
0.0589697
0.0638800
0.0698770
-0.0129421
0.0221052
0.0205846
-0.0421959
-0.0099111
-0.0728849
-0.0317104
-0.0722096
0.0029406
0.0544475
-0.0633377
-0.0181727
-0.0247576
-0.0023567
0.0570636
0.0077683
-0.0099582
0.0699425
-0.0286135
0.0323088
0.0490259
-0.0104688
0.0704888
0.0223789
-0.0642265
-0.0650053
-0.0801115
-0.1527589
-0.0486583
-0.0432118
-0.0638260
0.0451316
0.1420477
0.2527652
0.4670004
0.4479067
0.0131355
-0.4970832
-0.6616895
-0.3950011
0.0617050
0.1915770
0.2497619
0.1319541
0.1306962
0.0162828
0.0955938
0.0168072
0.0546331
-0.0177741
-0.0368902
-0.0909569
-0.1051903
-0.0588945
-0.0602012
-0.0471240
-0.0082113
-0.0283333
0.0876455
0.0943171
0.0415079
0.0435749
-0.0278350
-0.0209445
