-0.0052332
0.0007201
-0.0121558
-0.0258113
-0.0175010
0.0040796
0.0057085
-0.0069018
-0.0289450
0.0209765
-0.0342848
-0.0165812
0.0017966
-0.0294592
-0.0093041
0.0296864
0.0194639
0.0133221
0.0146429
0.0332932
-0.0413407
0.0259034
0.0337914
-0.0099576
-0.0126699
-0.0031982
0.0124944
-0.0309669
0.0044711
0.0270684
0.0176059
0.0006586
-0.0227739
0.0149568
0.0364599
-0.0333228
-0.0119235
-0.0187791
-0.0259812
-0.0188136
0.0381212
-0.0076016
-0.0430351
-0.0142479
0.0132625
0.0381165
0.0012983
0.0266438
-0.0241434
-0.0123531
0.0308868
0.0233125
-0.0052749
0.0325022
-0.0095407
-0.0015267
-0.0090370
0.0123505
-0.0319520
0.0220435
0.0185618
0.0150651
-0.0082361
-0.0309652
-0.0355939
0.0317760
-0.0018213
-0.0224172
0.0065258
0.0265057
-0.0192464
-0.0019968
-0.0177289
-0.0191162
0.0184952
0.0491523
-0.0263532
0.0357095
0.0051254
0.0220160
-0.0155913
-0.0251218
0.0033189
-0.0539769
0.0091025
-0.0087528
-0.0119234
0.0107878
0.0319444
0.0632726
0.0960449
0.0330630
0.0502256
0.0108840
-0.0104482
-0.1184523
-0.1511806
-0.2160544
-0.1900126
-0.0850259
0.0468665
0.2053104
0.3858112
0.3205366
0.1718104
-0.0446776
-0.1737624
-0.2406046
-0.1845881
-0.1487926
-0.0213558
0.0419164
0.0017334
0.0708507
0.0465501
0.0838474
0.0547068
0.0562699
0.0273987
-0.0415080
-0.0109677
-0.0756421
-0.0421648
-0.0044383
0.0062292
-0.0552616
-0.0422623
0.0071344
-0.0116860
0.0301330
0.0454287
0.0180947
0.0030402
0.0399268
0.0517672
-0.0064686
-0.0011880
-0.0398317
-0.0189127
-0.0379273
-0.0100534
-0.0082091
-0.0429403
-0.0288918
-0.0023649
-0.0014656
0.0345335
-0.0135432
0.0487239
0.0032537
-0.0011625
-0.0022912
0.0217799
-0.0354582
-0.0135917
0.0088500
-0.0129892
-0.0260478
-0.0244465
0.0087255
-0.0256322
0.0002743
0.0063231
0.0243053
-0.0296835
-0.0231269
-0.0247771
0.0113758
0.0227229
-0.0291701
0.0100021
0.0211414
-0.0090935
0.0222198
0.0187497
0.0340772
0.0272276
0.0286821
0.0166066
-0.0231742
-0.0332601
0.0278862
-0.0306976
-0.0304001
0.0214053
-0.0149579
-0.0014283
-0.0226886
0.0170860
0.0317811
-0.0209186
-0.0346719
-0.0190815
0.0199784
0.0193078
0.0382834
0.0218992
0.0190215
0.0127248
0.0352950
-0.0291069
0.0304552
0.0271979
0.0093692
0.0423467
-0.0141802
-0.0323274
0.0172503
-0.0202714
-0.0295159
0.0266738
-0.0236897
-0.0234374
-0.0181055
0.0369699
0.0110231
0.0207747
0.0370737
-0.0111897
0.0267365
0.0131900
0.0297611
-0.0298744
-0.0329355
0.0135737
-0.0121049
0.0075574
-0.0335744
-0.0148237
0.0234288
-0.0251607
0.0070693
-0.0202875
0.0229681
0.0159375
-0.0327089
0.0159650
-0.0438994
-0.0113828
-0.0256965
0.0148260
-0.0075072
0.0099037
0.0134579
-0.0111359
-0.0067329
0.0382653
0.0451897
-0.0100537
0.0540428
0.0201864
0.0269515
0.0078042
-0.0154969
-0.0057292
-0.0011955
-0.0291820
-0.0715109
-0.0671885
-0.0498416
0.0072447
0.0221942
0.0610790
0.0444270
0.0520818
0.0704320
0.1046108
0.0317554
-0.0271631
-0.0464902
-0.0795820
-0.1659631
-0.1762585
-0.2552124
-0.1654749
0.0438699
0.2554480
0.4560375
0.3905047
0.2047137
-0.0038748
-0.2643780
-0.3331203
-0.2412108
-0.1812136
-0.0956083
0.0051151
0.0821918
0.0914705
0.0866419
0.0693097
0.0451323
0.0222058
0.0327571
0.0407717
-0.0330317
-0.0293000
-0.0524292
-0.0861510
-0.0623502
-0.0222179
-0.0522684
-0.0423659
0.0249279
0.0057274
0.0109301
0.0018008
0.0267093
-0.0067018
0.0231683
-0.0247046
-0.0143298
0.0220414
-0.0080157
0.0206109
-0.0305296
-0.0206672
-0.0404373
-0.0078875
-0.0330803
0.0131862
0.0473567
-0.0045918
-0.0172469
-0.0037654
-0.0311898
0.0109715
-0.0345893
-0.0019742
-0.0262434
0.0138309
0.0270930
-0.0437589
-0.0113742
-0.0271463
-0.0188574
-0.0063312
-0.0274384
-0.0247201
0.0355832
0.0066684
-0.0197685
-0.0073582
0.0095865
-0.0395020
0.0267121
-0.0072367
0.0333149
-0.0307792
-0.0281869
-0.0219139
-0.0239244
0.0207062
0.0083323
0.0176928
-0.0144993
-0.0345153
0.0256143
-0.0104223
0.0224987
-0.0094552
0.0011223
-0.0054361
0.0161828
0.0047772
0.0413563
0.0347397
-0.0008612
-0.0391460
-0.0436027
0.0357257
-0.0222742
0.0100026
-0.0372657
0.0030483
0.0019720
-0.0096960
0.0364664
-0.0203871
-0.0349077
-0.0141195
-0.0218081
0.0157270
0.0391087
0.0019273
-0.0003301
0.0186561
-0.0125763
-0.0123473
0.0384059
0.0030865
0.0222048
-0.0243141
-0.0348419
-0.0129562
-0.0312304
0.0309344
0.0264834
0.0322199
0.0018606
-0.0039893
-0.0310893
-0.0272128
0.0334553
0.0087612
-0.0384715
0.0100272
0.0219986
0.0302783
0.0001913
0.0271757
-0.0097894
-0.0187019
0.0064318
-0.0137427
0.0464938
-0.0022753
0.0315760
-0.0107108
0.0562979
-0.0104278
0.0130698
0.0293671
-0.0510708
-0.0381722
-0.0199983
-0.0513046
-0.0563975
-0.0297733
0.0122911
0.0068157
0.0573301
0.0354333
0.0288675
0.0914399
0.0731737
0.0404461
0.0832914
-0.0248381
-0.0713656
-0.1245361
-0.1581345
-0.2071537
-0.2126970
-0.1558978
0.0534421
0.2680962
0.4730721
0.4496229
0.1736684
-0.0635024
-0.2356899
-0.3257363
-0.2263050
-0.1511176
-0.0877372
0.0346886
0.0698734
0.1093103
0.0796009
0.0785285
0.0576948
0.0266396
0.0373191
0.0315303
-0.0280473
0.0010155
-0.0281480
-0.0872694
-0.0375449
-0.0238047
0.0206642
-0.0038646
0.0402441
0.0270838
-0.0001606
0.0107926
0.0402925
0.0333587
0.0099819
-0.0138052
0.0119264
0.0124787
0.0101349
-0.0457571
-0.0214831
-0.0073503
-0.0163267
-0.0265984
0.0211582
-0.0250430
-0.0078312
0.0235012
-0.0136351
0.0359224
-0.0039053
0.0420881
-0.0266904
0.0094321
-0.0191883
-0.0454013
-0.0377336
0.0378346
-0.0074450
-0.0100870
-0.0004604
-0.0156010
0.0097608
0.0037717
0.0193396
0.0259383
0.0292616
0.0364022
-0.0002341
0.0329558
-0.0323134
0.0220369
0.0108998
0.0323653
-0.0257759
-0.0242193
0.0239408
-0.0126889
0.0295222
0.0339285
-0.0324110
0.0344612
0.0221739
0.0371672
0.0300256
0.0117677
-0.0095702
-0.0286269
-0.0424029
0.0138297
-0.0040582
-0.0212332
0.0070068
-0.0262392
0.0311665
0.0046544
0.0001000
0.0060539
0.0115862
-0.0336252
0.0173838
0.0009785
-0.0085766
0.0169936
0.0261930
0.0089879
-0.0262982
0.0240692
0.0467353
0.0367115
-0.0252715
-0.0004284
-0.0007813
-0.0392995
-0.0364299
-0.0339693
-0.0286725
0.0088267
0.0348981
0.0174473
0.0059080
0.0224144
-0.0181219
-0.0144400
0.0384207
-0.0079475
-0.0161434
0.0040070
-0.0032518
-0.0224327
0.0049647
-0.0286618
0.0142372
-0.0141388
0.0345392
0.0307478
0.0137061
0.0144381
-0.0344953
-0.0333462
-0.0235640
-0.0189889
-0.0141402
0.0043584
-0.0188699
-0.0247211
-0.0236138
-0.0033799
-0.0181300
-0.0026619
0.0168046
-0.0386796
-0.0070714
-0.0259616
0.0180799
0.0309125
0.0166881
0.0344577
0.0516435
0.0276340
0.0044504
0.0462064
-0.0139215
-0.0123304
0.0134916
-0.0243563
-0.0235687
-0.0280884
-0.0346807
-0.0293263
0.0066756
0.0164295
0.0036533
0.0322139
0.0798614
0.0725518
0.0563583
0.0867874
0.0398605
0.0362791
0.0025597
-0.0617412
-0.1200401
-0.1985567
-0.1727523
-0.1803007
-0.1282495
0.1198265
0.3631669
0.4790837
0.3397818
0.0586960
-0.1438751
-0.2669996
-0.2928832
-0.1637655
-0.0959676
-0.0527663
0.0349445
0.0717378
0.0625066
0.1299397
0.0458890
0.0644152
0.0359091
-0.0308980
-0.0296345
0.0106546
0.0039087
-0.0248300
-0.0287630
-0.0483329
-0.0549733
-0.0028941
-0.0137715
-0.0132830
0.0389192
0.0584979
0.0541731
0.0086016
0.0214761
-0.0258543
-0.0195726
-0.0010507
0.0215982
0.0240884
-0.0399067
0.0124387
0.0129004
-0.0334675
-0.0245910
0.0326061
-0.0112746
0.0415576
-0.0202296
0.0085718
0.0308962
-0.0249765
0.0188459
0.0286559
-0.0265219
0.0125176
-0.0233102
-0.0299218
-0.0156930
0.0224983
0.0395237
0.0093672
0.0326140
-0.0098536
-0.0188257
-0.0393450
-0.0366497
0.0305741
0.0302731
-0.0329605
0.0295483
-0.0305708
-0.0111009
-0.0369373
-0.0206513
-0.0120508
0.0149318
0.0290640
-0.0311450
0.0311680
0.0039539
0.0126082
0.0119537
-0.0076356
-0.0014635
0.0144471
-0.0165457
-0.0300894
0.0303620
0.0161366
0.0226014
0.0284392
0.0305995
-0.0240668
-0.0297459
-0.0064713
0.0304652
-0.0109788
0.0141478
-0.0079161
0.0204023
-0.0379120
-0.0274311
-0.0186442
-0.0138738
0.0030773
-0.0344913
0.0338053
0.0121468
-0.0194893
0.0294968
0.0067265
-0.0040586
-0.0092584
0.0184102
-0.0114063
0.0326862
-0.0374672
0.0163930
-0.0277102
-0.0049211
-0.0133193
0.0165140
-0.0075804
0.0332679
-0.0220477
0.0135494
-0.0048532
0.0263866
0.0235835
-0.0237309
0.0132529
0.0469830
0.0006943
-0.0332304
-0.0190952
-0.0241462
0.0344712
-0.0087935
-0.0011873
0.0248197
-0.0073819
0.0312628
-0.0045019
0.0101998
0.0023133
0.0281878
0.0421930
0.0441817
0.0277075
-0.0335986
-0.0534163
0.0197738
-0.0334769
-0.0189464
-0.0153966
-0.0268519
0.0041693
-0.0231052
0.0013496
0.0281291
0.0238727
0.0515319
0.0489535
0.0348768
0.0191862
0.0147590
-0.0043829
-0.0371303
-0.0465841
-0.0466986
-0.0237724
-0.0041434
-0.0011220
0.0030120
0.0896548
0.0784166
0.0462981
0.1035363
0.0319388
0.0515086
0.0078011
-0.0885870
-0.1439209
-0.1631258
-0.2009288
-0.1680665
-0.1050837
0.1034734
0.3514630
0.4274898
0.3347104
0.0795784
-0.1365126
-0.2911655
-0.3093926
-0.1928091
-0.1483400
-0.0343395
0.0271716
0.0473220
0.0636488
0.1049793
0.0693358
0.0582664
0.0673743
-0.0124589
-0.0272542
0.0126862
-0.0429971
-0.0796447
-0.0592566
-0.0075936
-0.0232847
0.0236316
-0.0334577
-0.0075465
0.0122779
-0.0008397
0.0317686
0.0427712
-0.0223606
0.0345617
-0.0047872
-0.0334228
-0.0106188
0.0154351
-0.0432857
-0.0213823
-0.0066749
-0.0215930
0.0380894
-0.0199717
-0.0264453
0.0022368
0.0354580
-0.0031028
-0.0200553
0.0150507
-0.0160907
0.0079597
-0.0236928
0.0381487
0.0341031
-0.0380945
0.0207304
-0.0253426
0.0204615
-0.0117942
0.0023208
-0.0275316
-0.0245697
0.0105484
0.0288286
-0.0109864
0.0095854
0.0159668
-0.0287698
0.0264558
0.0025031
-0.0220373
-0.0376506
-0.0374465
0.0052302
-0.0393973
-0.0244103
-0.0330323
-0.0059807
0.0351276
0.0333079
0.0397655
-0.0244681
-0.0143201
-0.0406966
-0.0035821
-0.0338969
0.0344313
-0.0012095
0.0173445
0.0022722
-0.0022182
0.0348733
0.0110035
0.0166773
-0.0116991
0.0204734
-0.0369803
0.0359003
-0.0260846
-0.0364231
-0.0057997
0.0276404
-0.0057863
0.0349698
-0.0045735
0.0263375
0.0384470
0.0368299
0.0185385
0.0068957
-0.0340692
0.0105873
0.0286402
-0.0052940
-0.0109209
-0.0146947
-0.0177745
-0.0380060
0.0251963
-0.0235101
0.0226132
0.0105596
0.0131992
0.0295844
-0.0089136
-0.0094363
-0.0429961
0.0037101
0.0333714
0.0167022
-0.0384607
0.0162946
0.0276331
-0.0319755
-0.0176492
-0.0044448
0.0023104
0.0071303
-0.0276406
0.0128531
-0.0030799
0.0137631
-0.0125733
-0.0023506
0.0150503
0.0202271
-0.0180999
-0.0046924
-0.0478829
-0.0217598
-0.0071109
-0.0145884
-0.0090228
0.0025881
-0.0214496
0.0271524
0.0273392
0.0526266
0.0463682
-0.0276792
-0.0169016
0.0214787
-0.0091554
-0.0127705
-0.0698667
-0.0444335
-0.0574256
-0.0375002
-0.0290329
0.0517181
0.0549346
0.0285977
0.0750091
0.1050421
0.0866719
0.0014022
0.0267134
-0.0430923
-0.0998098
-0.1107302
-0.1854625
-0.2362915
-0.1791160
0.0031272
0.2353995
0.4209605
0.3597593
0.1768986
-0.0265431
-0.1984852
-0.2497265
-0.2151513
-0.1586590
-0.0495769
-0.0499760
0.0648521
0.1099559
0.1300520
0.0779573
0.0922447
0.0770879
0.0635747
-0.0231752
0.0057379
-0.0166929
-0.0633948
-0.0821914
-0.0173221
-0.0267374
-0.0363682
0.0126171
-0.0066597
-0.0012434
-0.0163058
0.0608115
0.0063584
-0.0113571
0.0571098
-0.0318851
-0.0107051
-0.0301616
0.0113041
0.0204580
-0.0392291
0.0264642
-0.0375158
0.0115588
-0.0152507
-0.0162833
0.0333620
0.0204210
-0.0326390
-0.0389164
-0.0253710
0.0028492
-0.0285318
-0.0081123
0.0016071
0.0020179
0.0221531
0.0381524
0.0011916
0.0203461
-0.0076165
0.0128792
0.0064425
0.0040126
-0.0023625
0.0155015
-0.0339209
0.0245112
0.0272926
-0.0164120
-0.0279065
-0.0014802
0.0174651
-0.0289779
-0.0065259
-0.0250079
-0.0231046
-0.0172794
0.0085249
0.0426572
-0.0003986
0.0112857
0.0121032
-0.0211072
0.0001543
-0.0282128
-0.0319800
-0.0145237
-0.0355965
-0.0167769
-0.0282342
0.0058021
0.0183840
-0.0305580
0.0274356
0.0212623
-0.0156801
0.0038217
-0.0300874
-0.0264832
-0.0241887
0.0204736
-0.0298859
-0.0324110
-0.0027774
0.0207854
0.0347313
0.0182118
0.0233299
-0.0275290
-0.0408359
0.0092608
-0.0044515
-0.0231833
0.0061069
-0.0272870
0.0297575
0.0236176
-0.0407656
-0.0285311
0.0147293
0.0353861
-0.0289978
-0.0278852
-0.0301554
0.0244328
0.0287818
-0.0236823
0.0047395
0.0137076
0.0179189
0.0054165
0.0335672
-0.0079363
0.0187279
-0.0451654
0.0050634
-0.0090485
0.0115722
-0.0264308
0.0326206
0.0152066
-0.0026475
-0.0052605
0.0022655
0.0145887
-0.0288760
-0.0231057
0.0118289
0.0291326
0.0272949
0.0129384
0.0148844
0.0150180
0.0195069
0.0186373
-0.0126732
0.0087674
0.0375981
0.0350125
0.0017320
-0.0233051
-0.0209945
-0.0009982
0.0190182
-0.0595985
-0.0164236
-0.0674541
-0.0527375
-0.0574742
-0.0368356
-0.0100141
0.0425025
0.0635868
0.0692323
0.0820131
0.0810739
0.0530382
0.0145201
0.0426460
-0.0027412
-0.0836823
-0.1496218
-0.1973445
-0.2137263
-0.1167069
0.0173910
0.2327597
0.3584624
0.3438309
0.1590915
-0.0052972
-0.2283082
-0.2768797
-0.1681272
-0.1120545
-0.0421429
0.0012670
0.0478912
0.0659635
0.0769922
0.0500969
0.0766392
0.0035364
0.0497420
-0.0147991
-0.0023499
0.0166170
-0.0584141
-0.0396299
-0.0321044
-0.0057971
-0.0103699
-0.0036205
-0.0020476
-0.0108972
0.0035140
0.0515808
0.0365767
0.0491080
0.0316022
-0.0172507
0.0151051
-0.0307138
-0.0252437
-0.0093228
-0.0332401
-0.0238227
-0.0083482
-0.0248405
0.0021901
-0.0380233
0.0089504
-0.0175996
-0.0240554
0.0007206
-0.0027015
0.0355704
-0.0017846
-0.0353229
0.0253012
-0.0054207
-0.0063069
0.0139190
-0.0170028
-0.0198789
