-0.0110547
0.0182760
0.0045911
0.0277160
-0.0032432
0.0344682
0.0358496
0.0139386
0.0146027
0.0102550
-0.0049988
0.0289839
0.0152374
0.0165199
-0.0361453
-0.0071180
-0.0027879
0.0258057
-0.0183755
0.0160889
-0.0352674
0.0310436
0.0232370
0.0219094
0.0214966
-0.0244959
0.0197353
0.0030549
-0.0302486
-0.0168250
-0.0364013
0.0299602
0.0366560
-0.0364613
0.0137811
-0.0057270
0.0280132
-0.0218632
-0.0377372
-0.0128414
0.0049300
-0.0311667
0.0162794
-0.0247759
0.0097220
-0.0031361
-0.0069500
0.0339090
-0.0189193
0.0149020
0.0209646
0.0223537
0.0177645
-0.0125059
-0.0048090
-0.0079890
0.0073218
-0.0176521
-0.0115430
-0.0143649
-0.0012961
0.0341052
0.0019652
-0.0051628
-0.0514762
-0.0053166
-0.0193638
0.0306281
-0.0406262
-0.0241900
-0.0159915
-0.0051905
0.0314932
0.0076017
-0.0218342
0.0428199
0.0025769
-0.0104586
-0.0252623
-0.0564018
-0.0425019
-0.0314863
-0.0248696
-0.0488795
-0.0029096
0.0125637
0.0079063
0.0133044
0.0441207
0.0498403
0.0648133
0.1031505
0.0545510
0.0273318
-0.0421435
-0.1384892
-0.2095772
-0.2060813
-0.2531592
-0.1322088
0.0976748
0.3188534
0.4022698
0.3474624
0.1728501
-0.0789132
-0.2400666
-0.2826816
-0.2008080
-0.1300957
-0.0379352
0.0035235
0.0665316
0.0592812
0.0859728
0.1115740
0.0561800
0.0471124
-0.0106013
-0.0215001
-0.0048485
-0.0569562
-0.0512985
-0.0638626
-0.0426342
-0.0639388
-0.0378915
0.0201786
0.0433621
0.0034007
0.0321100
0.0433656
0.0428629
0.0452893
-0.0234124
0.0077325
-0.0126579
-0.0419814
-0.0179483
-0.0141263
0.0043200
-0.0067929
0.0166885
-0.0225200
0.0356543
-0.0040003
-0.0041725
0.0375990
0.0195562
0.0430663
0.0069248
-0.0000454
-0.0058880
-0.0040568
0.0049566
-0.0380933
-0.0284448
0.0294341
-0.0272254
0.0230476
0.0090767
-0.0393370
0.0332593
-0.0117141
0.0110843
-0.0125479
0.0127996
0.0118866
0.0123233
-0.0282845
0.0260518
-0.0242026
0.0373734
-0.0143568
0.0095783
0.0149714
0.0042498
0.0228593
0.0294117
-0.0113851
0.0187811
0.0030021
0.0339560
-0.0059920
0.0030060
-0.0010117
0.0325003
-0.0015949
-0.0074269
0.0349048
-0.0006833
0.0085967
0.0096659
-0.0285486
-0.0312618
-0.0046345
-0.0158860
-0.0284759
0.0028015
0.0279254
-0.0061482
0.0061059
-0.0397262
0.0268471
-0.0181858
-0.0029750
0.0170806
0.0132848
0.0380667
-0.0173522
0.0287493
-0.0329146
-0.0254047
0.0172851
-0.0280978
-0.0098708
0.0007487
-0.0379437
-0.0383726
0.0180648
0.0171801
0.0094500
0.0197376
-0.0390533
0.0209442
0.0359294
0.0017836
0.0384052
0.0308961
0.0184932
-0.0170643
0.0163201
-0.0406226
-0.0096951
-0.0183328
0.0125574
-0.0263803
0.0242007
0.0339464
0.0344957
-0.0318058
-0.0335379
0.0211086
0.0150581
0.0108589
-0.0114429
-0.0000601
-0.0042207
-0.0028255
-0.0198511
-0.0270083
0.0117084
-0.0016125
-0.0291364
0.0149108
0.0384211
0.0052341
0.0070112
-0.0086764
0.0421148
0.0052400
0.0455815
-0.0007361
0.0273463
-0.0417042
-0.0372965
-0.0710699
-0.0118944
-0.0498289
-0.0645332
-0.0370633
0.0323548
0.0068636
0.0190851
0.0201163
0.0601396
0.0951152
0.0719151
0.0169472
0.0086048
-0.0430565
-0.0937301
-0.1158456
-0.2383819
-0.2452329
-0.1584445
0.0274054
0.1955319
0.3964303
0.3806752
0.2629983
-0.0296800
-0.2380013
-0.2629405
-0.2272220
-0.1285995
-0.0486162
0.0046796
0.0611887
0.0923189
0.1432516
0.1118825
0.0918590
0.0882169
0.0151899
0.0235762
0.0030699
-0.0263782
-0.0253573
-0.0493122
-0.0757300
-0.0344588
-0.0310061
0.0071121
0.0140591
-0.0176834
0.0333451
0.0507375
0.0037007
-0.0144712
-0.0006530
0.0210026
-0.0211050
-0.0372245
0.0031296
0.0139121
-0.0177675
-0.0430746
-0.0407893
-0.0239167
-0.0442926
0.0230791
0.0374025
0.0493172
0.0256073
0.0127519
-0.0048456
-0.0084601
0.0344923
-0.0122182
-0.0008012
0.0309734
-0.0204916
0.0006411
0.0355935
0.0108882
-0.0121393
-0.0365465
0.0161268
0.0283955
-0.0101015
-0.0318000
0.0029032
-0.0304420
0.0104444
0.0135690
0.0154524
-0.0196207
-0.0003455
0.0078524
-0.0153731
-0.0325484
-0.0320175
-0.0190962
0.0119281
-0.0164063
0.0077669
-0.0116130
-0.0079950
-0.0199585
0.0129526
-0.0172202
0.0263024
0.0142939
0.0077201
0.0214380
0.0383549
-0.0363322
0.0245045
0.0247727
0.0149233
-0.0087289
0.0280774
0.0281085
0.0013816
-0.0041038
0.0099472
0.0158464
0.0040088
0.0458624
0.0003573
0.0296212
0.0064433
-0.0141808
-0.0226511
-0.0428651
-0.0372756
0.0041431
-0.0243211
0.0245496
0.0019805
0.0155561
-0.0147450
-0.0369712
0.0163270
0.0081811
-0.0267746
-0.0223745
-0.0038102
0.0166839
-0.0267043
-0.0064218
0.0042186
-0.0354982
0.0123673
0.0281019
0.0158458
0.0037359
-0.0291618
0.0264794
-0.0361957
0.0045864
-0.0155165
0.0064750
-0.0041262
0.0277546
-0.0166362
0.0383588
0.0000552
0.0098503
0.0393650
-0.0031092
-0.0399167
-0.0193647
-0.0319799
0.0000140
-0.0499984
0.0210118
0.0032218
-0.0375382
-0.0060668
-0.0071551
0.0034922
-0.0059561
0.0046260
-0.0134092
0.0478896
-0.0204574
-0.0017716
0.0188065
-0.0513149
-0.0190527
-0.0362867
-0.0598870
-0.0450551
-0.0407031
0.0185203
-0.0041632
0.0373799
0.0715824
0.0515027
0.0337228
0.1034809
0.0999132
0.0592385
-0.0368496
-0.0649122
-0.1169452
-0.1257915
-0.2324813
-0.2259112
-0.0684547
0.0641606
0.2942018
0.3893611
0.3085429
0.1349633
-0.0543452
-0.2554599
-0.2246716
-0.2429865
-0.1385644
-0.0360649
-0.0175950
0.0777685
0.0638087
0.1096723
0.0603500
0.1019044
0.0058979
0.0334640
-0.0442190
-0.0409904
-0.0504301
-0.0065599
-0.0814217
-0.0758299
-0.0262545
0.0189357
0.0400870
-0.0252871
0.0111054
0.0069814
0.0221284
-0.0113730
0.0355214
0.0378183
-0.0039945
0.0304067
-0.0293272
-0.0413881
-0.0045587
-0.0306917
-0.0471689
0.0143837
0.0317427
-0.0227067
0.0008105
-0.0185755
0.0299694
0.0089910
0.0389224
0.0371458
0.0103254
-0.0314590
0.0168615
-0.0238075
0.0308056
-0.0219563
0.0119763
-0.0145304
0.0184688
-0.0046762
-0.0159231
-0.0348156
-0.0335625
0.0147309
0.0440625
-0.0010046
-0.0293005
-0.0079685
-0.0195757
0.0051561
0.0036363
0.0158929
0.0092191
0.0008240
-0.0248775
0.0038739
0.0196124
-0.0198814
0.0059707
-0.0340431
-0.0113619
0.0057756
0.0301980
-0.0044860
0.0070769
-0.0105773
0.0021912
0.0312574
-0.0180404
0.0129381
0.0163764
-0.0328929
-0.0204516
0.0101568
0.0012202
-0.0371558
0.0108558
0.0106926
-0.0041435
-0.0428290
-0.0383632
0.0352468
0.0372563
-0.0267278
0.0328777
-0.0415414
0.0034672
-0.0187512
0.0127421
0.0069385
-0.0036928
-0.0101893
0.0160601
-0.0097254
-0.0392828
0.0365825
-0.0010938
-0.0113270
-0.0360292
-0.0131791
-0.0246236
0.0340303
-0.0310095
0.0084281
0.0168586
0.0110222
0.0208751
-0.0225280
-0.0026280
-0.0263742
0.0260948
-0.0188650
-0.0269206
0.0089473
-0.0175526
0.0059449
0.0140780
-0.0123217
0.0398089
0.0200964
-0.0113697
-0.0155698
-0.0036608
-0.0129506
0.0034179
0.0229650
0.0060027
-0.0342028
0.0153057
0.0266981
0.0007506
-0.0095026
0.0107702
0.0233236
0.0336702
0.0113529
0.0436270
0.0032391
-0.0119540
0.0402924
-0.0147987
0.0012305
-0.0180718
-0.0419298
-0.0099210
-0.0473895
-0.0609238
-0.0105117
-0.0217674
-0.0368960
0.0095329
0.0046457
0.0678589
0.0934072
0.0811164
0.0996975
0.0344533
0.0674050
-0.0258976
-0.0606193
-0.0886318
-0.1571508
-0.1999299
-0.2004732
-0.1422280
0.0826682
0.2435014
0.3447432
0.3042054
0.1667682
-0.0394596
-0.2456467
-0.2383858
-0.2226303
-0.1178868
-0.0433603
-0.0292238
0.0694271
0.0981398
0.0684047
0.1062832
0.0898645
0.0488560
0.0124164
0.0290660
0.0060856
-0.0341220
-0.0525492
-0.0151343
-0.0384147
-0.0083467
0.0237548
0.0021150
0.0093683
-0.0139715
-0.0074054
0.0376525
-0.0059335
0.0351294
-0.0089996
-0.0062891
0.0139185
-0.0326570
-0.0198367
0.0243405
0.0011196
0.0044716
-0.0104806
0.0335608
-0.0259762
0.0070941
0.0274667
-0.0250906
0.0149705
0.0171433
0.0307846
0.0215695
-0.0063057
-0.0449598
0.0288745
-0.0223780
0.0246166
-0.0102577
0.0051428
-0.0233377
0.0256203
-0.0264258
0.0184088
0.0383678
-0.0288551
-0.0152182
0.0357905
-0.0333154
-0.0056849
0.0004414
0.0137110
-0.0199282
0.0105233
0.0280700
0.0258173
0.0266508
0.0192082
0.0056078
-0.0139156
-0.0090223
-0.0147311
-0.0138298
0.0337469
0.0030089
-0.0275603
0.0103288
-0.0076889
-0.0319430
-0.0069172
-0.0000975
-0.0085336
0.0318546
0.0069360
0.0207470
-0.0258945
0.0183731
-0.0283779
-0.0325946
-0.0147842
-0.0012129
-0.0156112
-0.0262235
-0.0253131
-0.0213809
-0.0336926
-0.0017254
0.0278680
-0.0085866
0.0342356
-0.0329183
-0.0380390
-0.0357953
0.0075266
-0.0219770
-0.0190786
-0.0171855
-0.0322562
0.0005633
-0.0386098
-0.0093686
-0.0279842
-0.0287994
-0.0137504
-0.0161636
0.0303952
0.0062721
0.0021046
-0.0101163
0.0323413
-0.0299817
0.0184270
0.0263548
0.0067168
-0.0193410
-0.0226119
-0.0195941
0.0253223
-0.0134758
0.0320401
0.0155619
0.0143150
-0.0156704
-0.0301450
0.0185398
0.0278617
0.0413493
0.0251392
0.0192613
0.0260561
-0.0259819
-0.0222125
-0.0049617
0.0037262
0.0002392
-0.0049084
-0.0335902
0.0409116
0.0184749
0.0027166
-0.0138578
0.0580733
-0.0063672
-0.0045921
0.0289820
0.0216557
-0.0394784
-0.0531289
-0.0438466
-0.0648629
-0.0138901
-0.0223834
-0.0003941
0.0293292
0.0064095
0.0207659
0.0715339
0.0840409
0.0518312
0.0541551
0.0227623
0.0191011
-0.0281784
-0.1280185
-0.1476677
-0.2453682
-0.2191931
-0.1681040
0.0165908
0.2764875
0.4390665
0.3918068
0.1552096
-0.0734544
-0.2679484
-0.2843620
-0.2403129
-0.1152942
-0.0969465
-0.0202159
0.0261215
0.1031026
0.0877450
0.1164161
0.0520040
0.0605886
-0.0001606
0.0040519
-0.0092282
-0.0601915
-0.0297042
-0.0391592
-0.0793494
-0.0631326
-0.0032184
0.0207973
0.0137893
-0.0167265
0.0188158
0.0092572
-0.0065631
0.0316282
-0.0280726
-0.0298951
-0.0042281
-0.0493567
-0.0480507
0.0089497
0.0229244
-0.0363805
-0.0150524
0.0271799
-0.0234736
0.0453488
-0.0040061
0.0389165
0.0019581
-0.0169179
-0.0145575
-0.0114687
-0.0098937
-0.0333039
-0.0351620
0.0193049
0.0293282
0.0274623
-0.0030868
0.0093897
0.0209993
0.0391487
-0.0104943
-0.0340135
-0.0067886
-0.0352666
0.0124171
-0.0252957
-0.0261942
0.0038105
0.0063099
-0.0104824
-0.0138993
-0.0344950
-0.0085376
-0.0271861
0.0218357
-0.0217271
0.0374727
0.0322484
0.0007692
0.0320652
-0.0261999
0.0264621
-0.0367189
0.0326505
0.0074354
0.0078868
0.0205512
0.0320283
-0.0174303
0.0376102
0.0337137
-0.0364556
-0.0072235
0.0229946
0.0136821
0.0058436
0.0360757
0.0328244
0.0270405
-0.0176708
-0.0284297
0.0338524
-0.0337984
0.0165576
-0.0243836
-0.0308158
0.0271636
-0.0249223
-0.0181326
0.0306452
-0.0008407
0.0038771
0.0132614
0.0086620
0.0198417
0.0285293
-0.0154550
0.0362249
0.0165891
-0.0087421
0.0258178
0.0252625
-0.0329802
0.0194969
0.0391365
-0.0054454
0.0224000
0.0137609
0.0126460
-0.0323413
0.0273118
-0.0378539
0.0139723
-0.0190386
0.0176745
-0.0323457
-0.0187461
-0.0252746
0.0132150
0.0047279
-0.0283705
0.0213131
-0.0152079
-0.0013755
-0.0314502
0.0280445
-0.0177976
-0.0274840
0.0229168
0.0253112
0.0252761
-0.0243935
0.0204017
-0.0284148
-0.0058429
-0.0052712
0.0481872
0.0432286
0.0367879
0.0100346
-0.0280078
-0.0179172
0.0076488
0.0017420
-0.0676829
-0.0667730
-0.0297133
-0.0176256
-0.0109787
0.0109146
0.0012634
0.0824242
0.0514906
0.0811596
0.0691740
0.0573464
0.0240331
0.0202143
-0.0785920
-0.1276379
-0.2039046
-0.2468987
-0.1843735
-0.1455236
0.0987918
0.3442671
0.4413153
0.3578463
0.1638662
-0.0814687
-0.2355794
-0.3115279
-0.2604754
-0.1096451
-0.0425694
0.0380263
0.0302407
0.1013806
0.1311670
0.0532843
0.0775683
0.0143402
0.0242466
-0.0057325
-0.0206650
-0.0138758
-0.0869811
-0.0523941
-0.0379359
0.0123335
-0.0289909
0.0032631
-0.0183020
0.0453602
0.0089907
0.0243173
0.0193962
-0.0167871
0.0464053
-0.0184086
-0.0388955
-0.0426516
0.0096854
-0.0106524
-0.0335166
0.0120229
0.0084223
0.0322437
0.0327617
-0.0100327
0.0476398
-0.0267842
-0.0076152
0.0179219
0.0371481
0.0454577
0.0307433
-0.0456312
-0.0417826
-0.0070525
-0.0136473
-0.0376191
-0.0294037
0.0124536
-0.0153051
0.0206401
-0.0219486
-0.0352898
0.0249506
-0.0138694
0.0329296
0.0078012
-0.0091716
0.0052420
0.0000112
-0.0166161
0.0319630
0.0371610
-0.0155218
-0.0097450
-0.0161580
0.0338195
-0.0092166
-0.0247438
-0.0018087
-0.0319263
-0.0138914
0.0053620
-0.0277225
0.0108464
0.0198084
0.0002392
0.0157770
-0.0156156
-0.0326481
0.0145301
-0.0236352
0.0223793
-0.0225845
0.0137122
-0.0321659
-0.0004757
0.0048072
-0.0299582
-0.0238627
-0.0122719
0.0070431
0.0105749
-0.0356422
0.0220110
-0.0278433
0.0100198
0.0011306
-0.0034705
0.0156678
-0.0190440
0.0408267
-0.0200734
-0.0267564
0.0311336
-0.0085117
-0.0179363
-0.0293462
-0.0318787
-0.0160480
-0.0315544
0.0271168
-0.0025832
0.0157619
0.0366733
-0.0132062
-0.0223413
-0.0156955
0.0092015
-0.0018194
-0.0396049
0.0327161
-0.0439578
0.0299934
-0.0318442
-0.0234440
0.0267027
-0.0044594
0.0035427
-0.0057402
-0.0334045
0.0349051
-0.0218271
0.0304725
0.0194368
0.0062053
0.0223875
-0.0155972
0.0248260
0.0018188
0.0009294
-0.0471149
0.0103837
0.0338067
0.0387889
-0.0114424
0.0266168
0.0338908
0.0236491
-0.0068987
-0.0308094
0.0346789
-0.0070868
-0.0271983
-0.0667500
-0.0762782
-0.0434665
-0.0482194
0.0069019
-0.0016651
-0.0144439
0.0529150
0.0239314
0.0681021
0.0729513
0.0689700
0.0224489
0.0015734
-0.0289733
-0.0729854
-0.1335797
-0.1819584
-0.1921953
-0.1714227
0.0080301
0.2436756
0.4178011
0.3934918
0.2385022
-0.0135634
-0.2413892
-0.3080672
-0.2574216
-0.1507956
-0.0550509
-0.0162261
0.0365731
0.1201700
0.0983453
0.1097237
0.0876365
0.0356132
0.0126198
0.0285270
-0.0005455
-0.0098418
-0.0358491
-0.0334899
-0.0505646
-0.0430515
-0.0336532
-0.0113914
-0.0171712
0.0020831
0.0000728
0.0377561
0.0379898
-0.0040318
