-0.0285437
0.0500876
0.0177248
-0.0472579
-0.0028997
-0.0208156
0.0640222
0.0548508
-0.0724863
-0.0814069
0.0127522
-0.0478467
0.0386115
-0.0430259
0.0503107
-0.0773618
0.0774371
-0.0638960
0.1001643
-0.0416581
-0.0331440
0.0333482
0.0430561
0.0015323
0.0655984
-0.0667555
-0.0806951
-0.1376717
-0.0886361
-0.1120284
-0.0296028
0.0047816
0.0806183
-0.0138138
0.1008912
0.1843776
0.0857955
0.1515901
0.0650323
0.0089196
-0.0513480
-0.1815213
-0.2387903
-0.4457845
-0.4110711
-0.2530698
0.2309031
0.6200257
0.5949762
0.4305021
0.0526920
-0.1501401
-0.3379361
-0.2384955
-0.2329240
-0.1040763
0.0114837
-0.0146708
0.1071745
0.1177572
0.1314138
0.1629748
0.0280405
0.0105949
0.0571806
-0.0037178
0.0306651
-0.0514681
0.0245407
-0.1296660
-0.0891159
0.0001330
0.0552230
0.0083814
0.0192849
-0.0124936
-0.0010514
0.0902890
0.0651153
0.0545886
0.0505706
0.0631965
0.0612913
-0.0085860
0.0099176
0.0237492
0.0206142
0.0238293
-0.0696858
-0.0554826
-0.0323433
-0.0234714
0.0802143
0.0104373
-0.0124126
-0.0221726
-0.0152245
-0.0651600
-0.0092976
0.0557988
-0.0705561
0.0319272
0.0311312
0.0077736
0.0589659
-0.0178361
0.0212754
-0.0478255
-0.0257559
0.0561229
0.0541434
0.0490770
0.0659914
0.0507673
0.0667592
-0.0055029
0.0399158
0.0097505
-0.0663830
0.0153585
-0.0596441
-0.0577060
-0.0335448
-0.0508629
0.0816426
0.0725220
0.0526668
0.0281258
0.0120647
0.0681795
0.0229244
0.0276229
0.0036356
0.0344402
0.0016010
-0.0251179
-0.1089962
-0.0572584
-0.0735946
-0.0507487
-0.0358503
0.0399917
0.1577188
0.2144190
0.2520609
0.1849011
0.1047485
0.0477242
0.0453413
-0.1543483
-0.2860655
-0.5626627
-0.6119801
-0.3132006
0.3867526
0.7634319
0.8378904
0.4640266
-0.0310552
-0.3955854
-0.4444734
-0.2760475
-0.2916164
-0.1243234
-0.0873717
-0.0469955
0.0524983
0.0412608
0.1244365
0.1088535
0.1427645
0.1036745
0.0946524
-0.0003943
-0.0003016
0.0134285
-0.0824191
-0.1027778
0.0138331
-0.0520433
0.0046446
0.0331816
-0.0625310
0.0527041
0.0112393
-0.0204749
0.0229764
-0.0556537
-0.0116974
-0.0291655
0.0296544
-0.0015880
-0.0243768
-0.0915426
0.0469649
-0.0633459
0.0161317
-0.0464638
0.0616728
-0.0189766
0.0316714
-0.0140731
0.0613892
-0.0424971
-0.0249838
0.0745536
0.0787435
-0.0096348
0.0319757
-0.0765400
-0.0485956
0.0375785
0.0138405
-0.0483482
-0.0173237
0.0743269
0.0689452
-0.0172574
0.0470756
0.0043451
0.0285444
-0.0015315
0.0545573
0.0832971
-0.0366367
-0.0345178
0.0345519
-0.0372270
-0.0164090
-0.0745293
-0.0556557
-0.0325143
0.0134395
-0.0723355
0.0210765
-0.0437939
0.0304706
0.0228355
0.0122479
0.0642443
-0.0166124
-0.0466680
-0.0945518
-0.1241599
-0.0501426
-0.0759634
-0.0561756
-0.0327699
0.0339253
0.0778403
0.0663513
0.1289619
0.1086264
0.1263116
0.2268871
0.1408088
0.0173331
-0.0902523
-0.2035851
-0.4161651
-0.5841580
-0.5064266
-0.0445977
0.4402613
0.7571053
0.7907530
0.3436789
-0.0568715
-0.3960272
-0.4388131
-0.3347427
-0.1908714
-0.1695144
-0.0667626
0.0806136
0.0504920
0.0834464
0.0718033
0.0988568
0.0787242
0.0922041
0.0041899
-0.0077248
-0.0247803
-0.0606422
-0.0118495
0.0269016
-0.0624709
0.0155591
-0.0145196
0.0042176
0.0060401
0.0127318
-0.0256192
0.0546402
0.0890657
0.0851546
-0.0459099
-0.0626837
0.0035047
0.0414473
-0.0169244
-0.0303216
0.0125033
-0.0626466
0.0261036
-0.0077083
-0.0462324
0.0234061
-0.0390672
-0.0697292
0.0278416
-0.0113398
0.0286882
-0.0536389
0.0185170
-0.0147923
0.0576943
-0.0524515
0.0396882
0.0734556
-0.0012627
0.0351987
0.0301540
-0.0628018
-0.0650594
0.0441388
0.0753922
0.0149456
-0.0245020
-0.0391158
-0.0104318
-0.0325847
0.0239371
-0.0290027
-0.0828490
0.0528854
-0.0864449
0.0541566
0.0572735
0.0307154
0.0657656
0.0552014
0.0047371
0.0644077
0.0578716
0.0086361
0.0042406
0.0002871
-0.0209391
-0.0037107
0.0238836
-0.0996054
-0.0643854
-0.0775332
-0.0559015
-0.0998708
0.0174946
-0.0552332
0.1089507
0.0485234
0.1396984
0.1561976
0.1865270
0.0360552
-0.0047156
-0.1386935
-0.1174563
-0.2504105
-0.4737747
-0.3911013
-0.1966433
0.2883193
0.5025601
0.5248951
0.2767722
-0.0504666
-0.2223634
-0.2441571
-0.2145019
-0.1007489
-0.1310977
0.0148003
-0.0634812
0.1189230
0.0350439
0.0209363
0.1182464
0.0045884
0.1111550
0.0063191
-0.0697831
-0.0579233
-0.0973580
-0.1094975
-0.1197753
-0.0277021
0.0383458
0.0243600
-0.0558304
-0.0293816
-0.0395372
-0.0038510
0.0929689
0.0247876
0.0735373
-0.0150722
0.0406046
-0.0742160
-0.0623222
-0.0363587
0.0292850
0.0308271
-0.0809064
-0.0014955
0.0025009
0.0525276
0.0701200
0.0678411
0.0104300
0.0370668
0.0152348
-0.0470304
-0.0159496
0.0117618
0.0140222
0.0498347
-0.0757309
0.0152088
-0.0694192
0.0466147
0.0240663
-0.0813112
-0.0239944
-0.0356000
0.0620206
0.0090256
0.0345630
-0.0566367
0.0005833
-0.0610202
0.0690414
0.0326186
-0.0089820
0.0185130
0.0329138
0.0269506
-0.0007085
-0.0513291
0.0454954
0.0510414
-0.0539828
0.0007176
0.0336468
0.0493546
0.0798669
-0.0042105
0.1004954
0.0636492
0.0504141
0.0415964
-0.1105475
-0.0028783
-0.0248665
-0.0752484
-0.0505678
-0.0854309
0.0698619
-0.0030564
0.0708879
0.0710213
0.2375211
0.2142653
0.1517989
0.1306128
0.0154919
-0.1409423
-0.3899725
-0.4933456
-0.4667649
-0.2327040
0.2570665
0.6180679
0.7810576
0.4976358
0.1257136
-0.2131616
-0.3214820
-0.3702622
-0.1990524
-0.1535913
-0.0890133
0.0133633
0.1297281
0.1195087
0.0795529
0.1500608
0.1230656
0.0531008
-0.0190520
-0.0429949
-0.0231252
0.0194392
-0.1186598
-0.0870471
-0.0526888
-0.0804459
0.0317253
-0.0264919
-0.0634376
-0.0387096
0.0453375
0.0412301
0.0529557
0.0586029
0.0434043
0.0579454
-0.0005622
-0.0805678
-0.0309268
-0.0913710
-0.0093311
0.0700990
0.0455522
0.0070549
-0.0355931
0.0705320
0.0433682
-0.0674847
-0.0298404
-0.0449276
0.0398827
0.0344193
0.0457306
-0.0199112
-0.0186821
-0.0780957
0.0101445
0.0224063
0.0668823
-0.0435513
0.0489250
-0.0197533
-0.0469973
0.0254044
-0.0375525
0.0504310
-0.0411887
0.0128367
-0.0014317
-0.0289317
0.0608903
-0.0266788
0.0198383
-0.0799186
-0.0205844
0.0087345
-0.0534886
0.0321889
0.0603762
0.0234972
0.0965164
0.1082174
0.0271540
0.0071742
-0.0460318
0.0448138
-0.0906869
-0.0754211
-0.0240364
-0.0074750
-0.1102017
-0.1371728
0.0105176
-0.0229094
0.0013891
0.0057771
0.1024941
0.2472474
0.1368587
0.1889785
0.0962961
-0.0162656
-0.0407833
-0.3187417
-0.5387424
-0.6327508
-0.4802050
0.0609362
0.6778595
0.8006306
0.6500276
0.0718051
-0.1710516
-0.3840530
-0.2544484
-0.1663705
-0.2325110
-0.0466899
-0.0598093
0.0384941
0.1571295
0.0248271
0.1644650
0.0335797
0.0360935
0.0235130
0.0124049
-0.0559878
0.0383269
-0.0078376
0.0153649
-0.1074878
-0.0540786
-0.0424334
0.0478153
0.0581079
0.0040144
0.0246965
-0.0466304
-0.0547093
0.0709166
0.0473322
0.0197948
-0.0521318
0.0343259
0.0344057
-0.0346555
-0.0588517
0.0027410
0.0559323
0.0304691
-0.0413417
-0.0177043
0.0436217
0.0701619
-0.0075929
-0.0496610
-0.0846908
-0.0521134
0.0218524
0.0441613
0.0453903
0.0276095
-0.0736024
-0.0238639
-0.0442837
0.0231767
-0.0272091
-0.0342734
0.0317795
0.0157832
0.0772282
-0.0401356
0.0322201
-0.0355998
-0.0345513
0.0671278
0.0681402
-0.0557336
0.0455137
0.0009303
-0.0359068
-0.0471058
-0.0250629
-0.0366483
0.0295025
-0.0077427
-0.0548728
0.0916282
0.0080967
-0.0326068
0.0978146
0.0855273
-0.0626262
0.0257600
0.0130743
-0.0563786
-0.0569611
-0.0022351
-0.1326460
0.0206297
0.0294415
0.0737513
0.0948948
0.0416487
0.1045339
0.0765524
0.1706761
0.1055084
0.0700179
-0.0328612
-0.1823560
-0.2028279
-0.3723829
-0.3227663
-0.0116595
0.2307161
0.4184125
0.4806045
0.3592660
0.0847354
-0.1574498
-0.2869619
-0.2427144
-0.2461392
-0.0746578
0.0154944
-0.0549410
-0.0200524
-0.0025612
0.0829704
0.1495144
-0.0018255
0.0913372
0.0826506
0.0344005
0.0264258
0.0064334
0.0208892
0.0286994
-0.0926139
-0.0263219
-0.0386629
0.0097230
-0.0302849
-0.0145540
-0.0515279
0.0924991
-0.0500080
0.0587332
-0.0460969
0.0190942
-0.0695288
0.0730900
-0.0635965
-0.0911198
0.0314986
-0.0731213
0.0651669
0.0321655
0.0711914
0.0838900
-0.0008689
-0.0166415
-0.0536972
-0.0681490
0.0732955
0.0069491
-0.0573745
0.0720463
-0.0498338
-0.0391149
-0.0477839
0.0414744
0.0648261
-0.0722611
-0.0157599
-0.0595345
-0.0536287
0.0465453
-0.0731435
0.0720613
-0.0059699
-0.0429068
-0.0339659
0.0420211
-0.0125101
-0.0492387
-0.0324765
-0.0944809
-0.0857797
0.0142389
-0.0061738
0.0251705
-0.0520111
-0.0390630
0.0355350
0.0795202
-0.0275129
-0.0160540
0.0804052
-0.0191001
-0.0304443
-0.0984637
-0.1139985
0.0066967
-0.1185148
-0.1274094
-0.0864996
0.0014020
0.0111769
0.1276580
0.1696509
0.1643634
0.1757870
0.1365443
0.0503582
-0.0493854
-0.1523101
-0.1585774
-0.2360414
-0.4236237
-0.3095681
-0.0395816
0.2944396
0.4221723
0.5788843
0.3224809
-0.0473573
-0.2276154
-0.2813361
-0.2095154
-0.0922718
-0.0971636
0.0170876
-0.0529591
0.0555862
0.0851690
0.0927548
0.0908790
0.1284130
0.0992452
0.0315078
-0.0035185
-0.0636966
-0.0359582
-0.0612310
0.0075098
0.0036587
-0.0840552
-0.0223555
0.0414843
0.0462745
0.0710015
0.0686748
-0.0253815
0.0838740
0.0810078
0.0237528
-0.0706654
0.0290588
0.0288060
-0.0486303
0.0003750
-0.0277287
0.0319757
-0.0100301
-0.0511413
-0.0365070
0.0081264
0.0115570
-0.0637196
-0.0526670
-0.0605666
0.0545827
-0.0098120
0.0255032
-0.0699332
0.0030090
-0.0303304
0.0406171
-0.0365920
0.0101053
0.0239992
0.0203077
0.0395953
0.0623209
0.0098201
0.0157040
-0.0181861
0.0081049
-0.0120010
-0.0316808
-0.0596743
0.0012138
0.0505439
0.0382228
-0.0695679
-0.0326248
-0.0150579
-0.0909716
-0.0731440
-0.0051472
0.0394254
-0.0190317
0.0599874
0.0835849
-0.0097566
-0.0226265
0.0790087
-0.0505797
0.0142849
-0.0845439
-0.0091300
-0.0321083
-0.0624349
-0.0509405
-0.0759316
-0.0037345
-0.0002976
0.0182222
0.0292931
0.0852885
0.2125155
0.0956065
0.0479023
-0.0612597
-0.0827524
-0.2133972
-0.2973945
-0.3291707
-0.2195757
0.0021502
0.2086030
0.3844164
0.4657856
0.2100534
-0.0097428
-0.1981244
-0.2373287
-0.1575909
-0.1258562
-0.0301530
-0.0388263
-0.0379677
0.0290253
0.0155724
0.0762557
0.0540835
-0.0153327
0.1017134
0.1018347
0.0068438
0.0033610
-0.0939170
0.0019177
-0.0460862
-0.0132942
-0.0692409
-0.0672396
0.0390823
-0.0441651
-0.0212438
-0.0472694
0.0475121
0.0384401
0.0134945
0.0022564
0.0517088
-0.0322759
-0.0580848
-0.0746607
-0.0398502
0.0219424
-0.0645111
0.0034635
-0.0632792
0.0193207
-0.0626703
-0.0136274
0.0059690
-0.0084680
0.0252080
0.0690096
-0.0099760
-0.0358168
0.0108714
0.0076504
0.0038634
0.0192195
0.0229750
0.0504801
0.0176626
-0.0647223
0.0167608
0.0521651
-0.0173054
0.0606638
0.0044166
0.0334884
0.0208392
-0.0128522
0.0503681
0.0404083
0.0565643
-0.0721468
-0.0682164
0.0164280
-0.0874950
0.0360780
-0.0390790
-0.0481117
0.0578487
0.0509729
0.0597622
0.0371736
0.0349822
0.0381772
0.0110755
-0.0740336
-0.0058169
-0.0961378
-0.0606013
-0.0008069
-0.0898212
-0.0888458
0.0812498
0.0577741
0.1518925
0.1393586
0.1612526
0.1483788
0.0463966
0.0097613
-0.1340132
-0.1224724
-0.3279987
-0.3924382
-0.2951701
-0.0026352
0.1470756
0.3981415
0.3620698
0.2416645
0.1166633
-0.0578474
-0.2499457
-0.2123766
-0.1592601
-0.0686387
0.0319415
0.0411636
-0.0211539
-0.0061071
0.1416564
0.0027637
0.0788188
0.0699050
0.0864123
0.0836519
0.0532272
-0.0071925
-0.0208445
0.0132096
-0.0030738
-0.0320084
-0.0063932
0.0269105
0.0300219
-0.0086007
0.0336467
0.0173679
-0.0066779
0.0401278
-0.0367798
-0.0528967
-0.0509630
-0.0043827
-0.0552784
-0.0427502
-0.0380728
0.0289536
0.0544696
-0.0638488
-0.0108707
-0.0314960
0.0133650
-0.0074562
-0.0041660
-0.0133651
0.0772680
0.0010738
0.0731525
0.0535437
0.0052551
-0.0537484
0.0560429
-0.0684197
0.0096985
0.0518322
0.0224040
0.0525027
0.0726461
0.0430861
0.0500197
0.0700539
0.0012363
-0.0387546
-0.0055070
-0.0156723
0.0599224
-0.0678659
0.0041941
-0.0350329
-0.0576466
-0.0341665
-0.0149127
0.0323875
0.0142119
-0.0156365
0.0138511
-0.0487247
-0.0182295
0.0849549
0.1029273
0.0400705
-0.0334569
-0.0665398
0.0427847
-0.1008262
-0.0310178
-0.1199935
-0.0883381
-0.1348704
-0.1172821
0.0646554
0.0057919
0.0370472
0.0726774
0.1624337
0.2375755
0.0813376
0.0224741
0.0715909
-0.0359147
-0.3033469
-0.4390391
-0.5226788
-0.4267431
-0.1050147
0.4289922
0.6931753
0.5917216
0.2812880
-0.0443448
-0.3533478
-0.4300847
-0.3369502
-0.2305914
-0.0250987
0.0366546
0.0899517
0.1067052
0.0304281
0.1634952
0.0438540
0.0564638
0.1177294
-0.0625539
0.0016970
-0.0915550
0.0140313
-0.0168719
-0.0781577
0.0019304
-0.1039313
-0.0570044
0.0611370
0.0226105
-0.0378136
0.0923734
0.0908553
0.0899769
0.0854097
0.0071980
-0.0564272
0.0338866
0.0277827
-0.0188920
-0.0092697
0.0185051
0.0496346
0.0405489
-0.0098579
-0.0326999
0.0353570
-0.0110479
0.0043512
-0.0051806
-0.0696327
-0.0106902
-0.0315410
-0.0053268
0.0342701
0.0106714
-0.0400517
0.0266459
0.0602847
-0.0693773
-0.0542872
0.0499967
-0.0669512
0.0232668
0.0315155
0.0298577
0.0427071
0.0451018
-0.0616877
0.0499080
-0.0694858
0.0399205
-0.0645580
-0.0700898
-0.0356124
0.0162218
0.0081972
-0.0077615
0.0086106
0.0038668
0.0218911
-0.0217305
-0.0286949
-0.0341167
-0.0396080
0.0272629
-0.0638318
-0.0059242
-0.0958882
-0.0106323
-0.0221642
-0.0891111
-0.0339293
-0.0298158
-0.0558954
0.0834366
0.0451553
0.1736392
0.1796988
0.1794836
0.1537836
0.1012575
-0.0199601
-0.0644107
-0.3110762
-0.6401368
-0.7290291
-0.3416345
0.2587151
0.8108856
0.9107392
0.5894559
-0.0250057
-0.3462046
-0.4145592
-0.2389582
-0.1524286
-0.2317521
-0.1107166
0.0726162
