-0.0244827
-0.0182920
-0.0454492
0.0136382
-0.0560263
-0.0503881
-0.0416876
-0.0279827
-0.0163793
0.0052608
-0.0341334
-0.0072798
0.0072696
0.0454466
0.0490834
0.0204009
0.0203714
0.0319249
0.0398488
0.0519376
-0.0511400
0.0501083
-0.0030478
-0.0128960
-0.0269819
0.0428721
0.0174190
0.0087353
0.0238606
0.0271279
0.0366274
-0.0515852
-0.0089006
0.0394053
-0.0137595
-0.0118682
-0.0324210
-0.0497507
-0.0026677
0.0625155
0.0444268
0.0501623
0.0039259
-0.0428895
0.0377007
0.0479572
0.0221837
0.0036750
0.0073792
0.0247883
0.0337674
0.0309063
0.0336394
0.0425993
-0.0005424
-0.0424118
0.0466488
-0.0343350
-0.0306043
0.0368699
-0.0112371
0.0315056
-0.0487610
0.0401380
-0.0482023
0.0328252
-0.0587308
0.0354424
0.0488680
0.0563082
-0.0155534
0.0453850
0.0421429
-0.0022818
0.0501594
0.0384237
0.0409235
0.0342756
0.0264199
-0.0288696
-0.0142132
-0.0011785
0.0177069
0.0062707
0.0558357
0.0135783
-0.0031155
-0.0050869
0.0125251
0.0194370
-0.0180867
0.0327185
-0.0145542
-0.0418880
0.0076565
-0.0249852
-0.0361987
-0.0481631
-0.0224543
0.0189275
-0.0103505
-0.0384323
-0.0259460
-0.0482804
-0.0168157
0.0320111
-0.0351029
0.0307674
-0.0083668
0.0311567
0.0375327
-0.0376937
0.0197922
-0.0558024
0.0248679
0.0103882
-0.0543129
-0.0215949
0.0121945
0.0253162
-0.0093396
0.0181920
-0.0353796
0.0256782
0.0164214
0.0379971
0.0437191
-0.0233607
0.0187399
0.0024471
0.0069142
-0.0440864
-0.0041095
-0.0633397
-0.0032986
0.0537241
-0.0317251
-0.0212838
0.0031569
0.0508584
-0.0016708
0.0139210
-0.0384480
-0.0018165
-0.0305685
-0.0552849
-0.0172755
-0.0377276
-0.0855400
-0.0311846
-0.0283110
-0.0181339
0.0519427
0.0911518
0.0555982
0.1708660
0.1362687
0.1079902
0.0657341
-0.0780179
-0.1998995
-0.2314531
-0.2868398
-0.1881033
-0.1015665
-0.1268415
-0.0336780
0.2165054
0.3836415
0.4694417
0.3428761
-0.0736916
-0.3040765
-0.3735698
-0.2807143
-0.0988225
-0.0309571
-0.0575745
-0.0082641
0.0161626
0.1198205
0.0619053
0.0547187
0.0557547
0.0526772
0.0108314
0.0325809
0.0187504
-0.0047057
-0.0952691
-0.0196307
-0.0030154
-0.0571723
0.0326756
-0.0128258
0.0359400
-0.0036825
0.0788464
0.0288733
0.0225215
0.0492442
0.0166944
0.0053390
-0.0510501
-0.0193361
0.0356941
0.0232951
-0.0114501
0.0278641
0.0184179
0.0099307
0.0051113
-0.0194878
0.0093403
0.0065762
-0.0479484
0.0073810
0.0505933
-0.0163692
0.0308362
-0.0153307
0.0418690
-0.0572393
0.0249391
-0.0323387
0.0543927
0.0523057
0.0358598
-0.0361926
-0.0001491
0.0370374
-0.0455458
-0.0108363
-0.0201763
0.0207922
-0.0462629
-0.0483181
-0.0104845
-0.0358203
-0.0261236
-0.0341480
-0.0159861
-0.0059103
0.0011122
0.0384932
-0.0312642
-0.0135327
0.0548389
-0.0302262
0.0195425
0.0341496
-0.0022917
-0.0049060
-0.0198967
-0.0233182
0.0408499
0.0366605
0.0298343
-0.0455204
-0.0544054
0.0094647
-0.0026909
0.0112999
0.0326815
-0.0242389
-0.0114572
0.0132685
0.0528199
0.0065848
-0.0549766
-0.0136250
-0.0018624
-0.0393181
-0.0007675
0.0134845
0.0528518
-0.0491008
-0.0314510
0.0512918
-0.0128851
0.0468739
-0.0109307
-0.0392923
-0.0224568
0.0474757
0.0164336
0.0283595
-0.0011143
-0.0036805
0.0038969
-0.0278404
0.0427762
-0.0137221
-0.0107261
-0.0075718
0.0222160
-0.0001521
0.0540674
0.0196185
-0.0510594
-0.0458539
0.0043511
-0.0372914
-0.0521842
0.0398913
-0.0376615
0.0306611
-0.0062051
0.0193510
0.0230491
0.0522141
0.0115301
-0.0066198
0.0347403
0.0073606
-0.0106453
-0.0307384
0.0508810
0.0269125
0.0477831
0.0107068
-0.0212948
-0.0157147
0.0346417
0.0180625
-0.0508083
0.0451525
-0.0188048
-0.0465608
0.0120774
-0.0477364
0.0556539
0.0338229
0.0124980
-0.0327987
-0.0433438
-0.0033326
0.0269904
-0.0249084
-0.0257967
-0.0481752
0.0200841
0.0506867
0.0343669
0.0443205
0.0447430
-0.0200611
0.0037990
-0.0319994
0.0040099
0.0077741
-0.0678821
-0.0506800
-0.0250576
-0.0633556
-0.0089377
0.0621911
0.0609183
-0.0135378
-0.0241668
-0.0092837
0.0044154
0.0431426
0.0338888
-0.0155236
-0.0447726
-0.0561400
-0.0662963
-0.0922677
-0.0652504
-0.0745359
-0.0508076
0.0303226
-0.0146157
0.0928105
0.0482150
0.1076411
0.1374833
0.0733101
0.0696069
-0.0648201
-0.1358298
-0.2595382
-0.2173807
-0.1622970
-0.1128307
-0.1210290
-0.0080419
0.2083303
0.4124304
0.5256729
0.2870075
-0.0184996
-0.2727964
-0.2756691
-0.1928146
-0.1497492
-0.0573099
-0.0295181
0.0095024
0.0795500
0.0814615
0.0434328
0.0760159
0.0575837
0.0044898
0.0536241
-0.0006641
0.0192740
-0.0708532
-0.0931138
-0.0901549
-0.0078801
-0.0647963
-0.0556196
0.0599537
-0.0143135
0.0451729
0.0069401
-0.0001566
0.0378625
0.0077357
-0.0457431
-0.0123305
-0.0193786
-0.0154094
-0.0169920
0.0137704
-0.0242683
-0.0565258
-0.0399762
0.0118312
-0.0097203
-0.0159105
0.0294266
-0.0251914
0.0231250
-0.0397485
0.0086331
-0.0148274
-0.0510712
0.0043043
0.0330722
-0.0253566
-0.0185868
-0.0556534
-0.0435761
-0.0133265
-0.0042484
-0.0178803
0.0205502
0.0364394
0.0074004
0.0543175
0.0401640
-0.0264791
-0.0352318
0.0291257
-0.0598994
-0.0156037
0.0231961
0.0236207
0.0029947
0.0499191
-0.0406596
-0.0432072
0.0193109
0.0038932
0.0436089
-0.0319300
-0.0067099
-0.0523522
0.0370920
0.0488557
0.0319219
0.0121429
-0.0487282
-0.0500927
0.0198542
0.0274309
-0.0350307
-0.0527738
0.0354254
-0.0552454
0.0171576
0.0437534
0.0212689
-0.0084211
-0.0504591
0.0544272
-0.0387542
0.0405904
0.0467868
-0.0519018
0.0075968
0.0024983
0.0302663
0.0163577
0.0225753
0.0478382
0.0210978
-0.0023283
0.0251705
-0.0262525
-0.0524151
-0.0316955
-0.0263531
0.0362500
0.0470650
0.0466099
-0.0205008
0.0405024
0.0242856
0.0197860
0.0506088
-0.0314705
0.0109858
0.0426915
-0.0382464
-0.0381055
-0.0181694
0.0481445
0.0196123
0.0462454
0.0329041
-0.0126934
0.0194957
0.0134600
-0.0096676
-0.0233597
0.0431379
-0.0437572
0.0054043
-0.0005224
-0.0096772
0.0517337
0.0191705
0.0151653
0.0367892
0.0146619
0.0432802
-0.0493608
-0.0203238
0.0476693
-0.0220862
-0.0037326
-0.0375697
0.0319876
0.0050880
-0.0147508
-0.0547529
0.0061127
0.0247280
-0.0209370
0.0427766
-0.0486263
0.0444544
-0.0345032
0.0195952
0.0508985
0.0358207
-0.0417466
0.0301250
-0.0396224
-0.0235299
0.0370919
0.0301265
-0.0315860
0.0058362
-0.0385213
0.0131284
-0.0327704
-0.0439914
0.0094457
-0.0095507
0.0242680
-0.0011050
0.0182376
0.0461199
0.0678479
0.0254330
0.0440506
-0.0553419
-0.0214811
-0.0739179
-0.0540156
-0.1017804
-0.0521215
-0.0421752
-0.0362685
0.0347675
-0.0218412
0.0702457
0.1234197
0.1310422
0.1107560
0.1262558
0.0836837
0.0285986
-0.0976835
-0.2822396
-0.2599879
-0.2627111
-0.1677088
-0.0161864
-0.0126299
0.1674984
0.4083420
0.5339556
0.3333613
-0.0322007
-0.2504347
-0.3687140
-0.2599012
-0.1734640
-0.0029198
0.0176796
0.0401971
0.0332148
0.0656903
0.0666565
0.0973163
0.0349156
0.0365519
0.0126162
-0.0155864
-0.0352713
-0.0486309
-0.1043206
-0.0679114
-0.0069611
-0.0410772
-0.0367629
0.0506179
-0.0356638
0.0123617
0.0569353
0.0342739
0.0821865
0.0542410
0.0474919
0.0431728
-0.0299560
-0.0202852
-0.0546974
-0.0373524
-0.0160914
-0.0392914
0.0442535
0.0232646
-0.0167906
-0.0314414
-0.0176312
0.0164917
0.0606305
0.0176363
0.0161070
-0.0504282
0.0158858
0.0057350
-0.0544127
0.0267970
0.0149409
0.0144568
-0.0419447
-0.0514681
0.0301346
0.0063422
0.0320850
0.0421145
-0.0088028
0.0160354
-0.0324623
-0.0525192
0.0095553
0.0434080
0.0314076
-0.0153066
-0.0546272
0.0419258
0.0081105
0.0103630
-0.0518851
-0.0183487
0.0482726
0.0108458
0.0526361
0.0408262
0.0026914
0.0356605
-0.0108255
0.0020150
0.0564299
0.0151443
0.0021875
0.0468959
-0.0266338
-0.0227422
-0.0091771
0.0126220
0.0455026
0.0159497
-0.0341925
0.0438233
-0.0516994
0.0368065
0.0060044
-0.0122183
0.0417249
0.0420494
-0.0155250
-0.0398990
-0.0543736
-0.0107703
0.0008277
-0.0077630
-0.0515481
0.0467562
0.0114424
0.0507361
-0.0032848
0.0449970
-0.0424243
0.0372529
-0.0167591
0.0183948
-0.0220472
-0.0296394
-0.0349107
-0.0140019
0.0501201
-0.0452273
0.0281437
0.0492213
0.0498083
0.0230461
-0.0094668
0.0008530
0.0308845
-0.0240565
0.0043563
0.0505102
-0.0172451
0.0418590
0.0201219
0.0409586
0.0029320
0.0033180
-0.0226157
-0.0490704
0.0176408
0.0352751
0.0173925
0.0317955
-0.0244625
0.0507440
0.0134011
0.0054855
-0.0128466
-0.0557424
0.0477507
-0.0417175
0.0035683
0.0489907
0.0319580
0.0124863
0.0002047
0.0298727
0.0015329
-0.0535815
0.0424826
0.0154449
-0.0337838
-0.0474642
0.0562950
0.0257952
-0.0132422
-0.0576149
0.0351315
0.0251883
0.0404098
-0.0233502
0.0589403
0.0377791
0.0600785
-0.0051262
-0.0052190
-0.0269760
0.0488786
-0.0418828
-0.0026881
0.0369103
-0.0583693
-0.0196802
-0.0300321
-0.0242167
-0.0183046
-0.0574883
0.0335047
0.0195119
0.0632671
0.0645371
0.0913196
0.0866800
0.0739581
0.0411475
0.0359937
0.0135617
-0.0474374
-0.0131821
-0.1001014
-0.1224509
-0.0675746
0.0290694
0.0597088
0.1027667
0.0789629
0.1173709
0.1008912
0.1307960
0.1454249
0.0347409
-0.0301148
-0.1906191
-0.2782773
-0.3536056
-0.2221312
-0.0375340
0.0370786
0.0750208
0.2382283
0.5016189
0.4911020
0.3018900
-0.0440588
-0.3383457
-0.4695421
-0.3098871
-0.1642974
-0.0197303
0.0163157
0.0782147
0.0744932
0.0978302
0.0999427
0.1237262
0.1118271
0.0803731
0.0247550
-0.0121350
-0.0161916
-0.0360714
-0.0524600
-0.0901890
-0.0025164
-0.0833237
-0.0098746
-0.0038587
0.0580275
0.0543188
0.0312537
0.0499782
0.0429900
-0.0336971
-0.0111734
-0.0310028
-0.0629670
0.0245146
-0.0220103
-0.0693928
-0.0510825
-0.0124963
0.0257442
-0.0388075
-0.0122056
0.0345550
-0.0313576
0.0187056
0.0110344
0.0380646
0.0455227
-0.0237272
-0.0205197
0.0315997
0.0382643
0.0118953
0.0059458
-0.0274718
0.0109425
-0.0083359
0.0460445
0.0109719
0.0284089
0.0469424
0.0458832
0.0359878
-0.0064337
0.0519374
0.0263673
-0.0459564
0.0428411
-0.0115008
0.0077697
-0.0370563
-0.0170229
-0.0357198
-0.0298500
-0.0161875
-0.0359599
0.0000412
-0.0234614
-0.0313808
-0.0411339
0.0588794
0.0172051
0.0553524
-0.0515897
0.0194776
-0.0027202
-0.0258535
-0.0177852
0.0407487
0.0333299
0.0081471
0.0229220
-0.0116004
0.0289689
-0.0478328
-0.0005824
0.0473379
-0.0304328
-0.0573215
-0.0183029
0.0386231
0.0116997
0.0547338
-0.0319152
0.0594434
0.0501386
-0.0345352
-0.0444121
-0.0233074
-0.0254436
-0.0162118
0.0373407
-0.0129674
-0.0329732
0.0159983
0.0028823
0.0331570
0.0525995
-0.0038656
0.0264990
0.0490835
-0.0176644
0.0347780
-0.0074505
-0.0164929
0.0338167
-0.0369298
0.0081835
-0.0082898
-0.0581291
-0.0202793
-0.0039965
-0.0283050
-0.0089067
0.0501076
0.0208910
0.0224805
-0.0025472
0.0045411
-0.0219639
-0.0035953
-0.0032498
-0.0387176
-0.0249218
-0.0163531
0.0369529
0.0386397
0.0516987
-0.0306362
-0.0512990
-0.0219240
-0.0466600
0.0179323
0.0280435
-0.0281411
-0.0594406
-0.0114657
0.0417536
0.0138452
-0.0070856
-0.0079077
-0.0252991
-0.0344508
0.0538355
0.0048961
0.0108676
0.0078112
-0.0362924
0.0164489
0.0418859
-0.0296289
0.0250663
0.0166886
0.0138754
0.0464871
-0.0341414
-0.0415431
-0.0221028
0.0227558
0.0554425
0.0405880
0.0089906
0.0419637
0.0208487
-0.0158831
0.0054696
0.0145807
-0.0041593
-0.0068013
-0.0070777
0.0605839
-0.0110794
0.0850877
-0.0009649
0.0552425
-0.0125465
-0.0095833
-0.0165447
-0.0024368
-0.0093544
-0.0897877
-0.0520765
-0.1174105
-0.0334529
-0.0079771
-0.0175702
0.0112514
0.0585155
0.1530245
0.1075078
0.1029118
0.1728514
0.1172380
0.0299114
-0.1465792
-0.2400040
-0.3610434
-0.2776890
-0.2015168
-0.1072095
0.0193233
0.1805279
0.3938923
0.5722644
0.4365845
0.0961535
-0.3041396
-0.4279387
-0.4019384
-0.1866862
-0.0784616
-0.0514561
0.0562079
0.1284505
0.1145417
0.1064320
0.1374653
0.1183425
0.1060271
0.0333824
-0.0140608
-0.0128455
-0.0292755
-0.0804216
-0.0590877
-0.0446203
-0.0061203
0.0136113
0.0122656
0.0357706
-0.0181738
0.0235874
0.0193993
0.0865436
0.0255968
0.0612769
0.0594242
0.0116796
0.0278336
0.0066243
0.0194997
-0.0685879
-0.0217753
0.0096999
-0.0409707
-0.0293209
0.0314802
0.0251542
0.0637098
0.0163412
0.0408406
-0.0165524
0.0063534
0.0131445
-0.0059844
-0.0010134
0.0435349
0.0232540
-0.0139736
-0.0187536
0.0071818
0.0329545
0.0113591
-0.0411238
0.0541148
0.0077812
0.0277476
0.0461343
-0.0449428
-0.0394170
-0.0040811
0.0107796
-0.0398594
-0.0283069
-0.0366058
-0.0174885
0.0093508
0.0558252
0.0342370
-0.0119816
0.0180984
-0.0429270
-0.0050601
-0.0407809
-0.0019052
-0.0025865
0.0315423
0.0082744
0.0190246
0.0048966
-0.0130574
-0.0452034
-0.0605290
-0.0574267
0.0463208
0.0196860
0.0385143
0.0248159
0.0249448
-0.0197688
-0.0245237
0.0150538
0.0401811
-0.0550965
0.0408922
-0.0487496
0.0130327
0.0426363
0.0016416
-0.0009292
-0.0147543
0.0221731
-0.0088970
-0.0464754
0.0059513
-0.0448993
-0.0448552
0.0544485
0.0361273
-0.0183704
-0.0494945
0.0355876
-0.0248017
0.0214999
0.0235784
0.0338307
-0.0418607
-0.0083643
-0.0102300
0.0436125
0.0185520
0.0330078
0.0261290
-0.0460688
-0.0257601
-0.0389083
-0.0451510
0.0070729
0.0412233
0.0450789
0.0484012
0.0488597
0.0380885
-0.0325828
0.0112629
0.0515914
-0.0393305
0.0265209
0.0025386
0.0221606
-0.0310117
-0.0266795
0.0435195
-0.0434960
0.0073970
0.0464161
-0.0222215
-0.0528961
0.0307173
-0.0041605
0.0468560
-0.0000188
0.0071596
0.0583586
-0.0455359
-0.0052868
0.0283922
0.0414403
-0.0108680
-0.0263470
0.0448966
-0.0556507
-0.0276411
0.0034672
0.0304500
0.0247897
-0.0322078
0.0399105
0.0227943
0.0124308
0.0431883
0.0298582
-0.0038849
-0.0001284
0.0171771
0.0146681
-0.0175723
0.0050730
0.0289427
0.0018447
-0.0537600
0.0192972
0.0070504
-0.0313312
0.0072418
0.0198942
-0.0275868
