0.0325841
-0.0075142
-0.0477687
-0.0446517
0.0366289
-0.0349115
-0.0114902
0.0082901
-0.0385368
-0.0501475
-0.0097838
0.0032705
0.0453290
0.0331445
-0.0052139
-0.0308761
0.0406851
-0.0392983
-0.0057590
0.0225235
-0.0669059
-0.0150300
-0.0562136
0.0067158
-0.0035467
0.0011804
-0.0445233
-0.0498048
0.0312627
0.0348353
-0.0100197
-0.0247099
0.0646583
0.0078154
0.0106659
0.0134623
0.0269230
-0.0448054
0.0512268
-0.0024584
0.0019848
0.0267152
-0.0093933
0.0150766
-0.0405636
-0.0483579
-0.0146759
-0.0526322
0.0108180
-0.0521306
0.0216910
-0.0085416
0.0268829
-0.0162729
0.0563866
0.0554463
0.0626540
-0.0513224
0.0399857
-0.0401974
-0.0561763
-0.0080949
-0.0325369
-0.0440638
-0.0712427
0.0558214
0.0366958
0.0250204
-0.0267721
0.0089284
0.0369331
0.0329973
0.0262115
-0.0163472
-0.0486145
-0.0006758
-0.0042663
-0.0360934
0.0022869
-0.0188071
-0.0842518
0.0002790
-0.0388401
-0.0494314
-0.0423386
0.0322234
0.0141305
0.0541480
0.0280478
0.0901195
0.0958129
0.0641730
-0.0116354
-0.1398489
-0.0922659
-0.0763804
-0.1362734
-0.1768809
-0.1783968
-0.0418323
0.2003386
0.3743000
0.3650455
0.1630871
-0.0329086
-0.3435028
-0.3773042
-0.2911134
-0.0810178
0.0121111
0.0795872
0.0337280
0.0440583
0.1417519
0.0760234
0.1102658
0.0251622
-0.0434212
0.0183926
-0.0217337
0.0103428
-0.1127264
-0.0196400
-0.0089278
0.0425332
-0.0065632
-0.0418725
-0.0079972
0.0619092
-0.0274332
0.0460551
-0.0022387
0.0732853
-0.0186991
-0.0126685
-0.0137664
-0.0294756
-0.0026208
0.0128786
0.0013793
0.0473422
-0.0426675
0.0070362
-0.0130016
0.0154664
0.0340477
-0.0149838
-0.0560456
0.0338758
-0.0576557
-0.0340688
0.0050398
-0.0625142
0.0114676
-0.0169044
0.0536620
-0.0095246
-0.0356202
-0.0541351
0.0234105
0.0250697
-0.0602811
-0.0425611
-0.0075985
0.0343658
0.0085479
0.0288839
0.0343541
0.0036860
-0.0235687
-0.0049711
0.0595221
-0.0657118
0.0280220
-0.0116358
0.0529085
0.0610573
-0.0252217
0.0506642
0.0177048
-0.0342658
0.0640971
0.0304320
0.0269270
-0.0414076
0.0096000
-0.0099727
-0.0344187
-0.0410930
0.0563980
0.0050768
-0.0034807
-0.0458119
-0.0055382
0.0169869
-0.0681318
0.0578021
0.0376571
-0.0577213
0.0196495
-0.0621698
-0.0338342
-0.0077868
-0.0260128
-0.0524748
0.0575627
0.0465995
-0.0155829
-0.0271542
0.0441967
-0.0406827
-0.0694989
0.0290211
0.0509186
0.0587735
-0.0681656
0.0022794
-0.0441504
0.0515067
-0.0223029
0.0243134
-0.0333737
0.0873713
-0.0334823
-0.0552840
0.0157172
0.0454508
0.0386708
0.0043252
-0.0443447
-0.0467532
-0.0359885
0.0508246
0.0607168
-0.0235312
-0.0435242
0.0457603
0.0178928
0.0561510
-0.0204623
0.0479764
0.0188759
-0.0537396
-0.0532016
-0.0510376
0.0031329
0.0072129
-0.0908788
0.0151164
0.0069537
0.0129841
0.0388822
0.0188657
0.0856133
0.1006393
0.1610955
0.1612155
0.0665897
-0.0013328
-0.1344139
-0.1096561
-0.1453900
-0.2482085
-0.2562535
-0.2262445
-0.0888407
0.2086891
0.5141255
0.7316575
0.4843869
0.0329795
-0.4557953
-0.5401747
-0.4542401
-0.2634185
-0.1035064
0.0853611
0.0439118
0.1861567
0.1061653
0.0984151
0.1775998
0.0942490
0.0195673
-0.0602529
-0.0572184
-0.0860894
-0.1093723
-0.1199359
-0.1121155
-0.0578396
-0.0396112
-0.0234083
-0.0493927
0.0614869
-0.0057251
0.0063560
0.0349494
-0.0242550
0.0519142
0.0379088
-0.0070040
0.0248110
-0.0746321
0.0294212
-0.0319152
-0.0569903
-0.0592288
-0.0197331
-0.0620267
0.0321294
0.0763836
0.0688239
0.0200396
-0.0134939
0.0132482
-0.0479869
-0.0341565
-0.0372475
-0.0196424
0.0612749
-0.0154221
0.0169063
-0.0723455
0.0268205
0.0193639
-0.0143844
-0.0323109
0.0641733
0.0356537
-0.0186564
-0.0225803
-0.0014497
0.0127347
-0.0551333
-0.0495881
0.0473828
0.0342413
-0.0675438
0.0313958
-0.0398291
-0.0402155
0.0667995
-0.0336632
0.0195352
0.0548201
0.0312643
0.0461341
-0.0362260
0.0589093
0.0035369
0.0094104
-0.0087858
-0.0142053
-0.0356227
-0.0423939
0.0136059
0.0621885
-0.0371790
0.0736049
-0.0582842
-0.0401813
-0.0295543
-0.0583470
-0.0354986
-0.0622063
-0.0643379
-0.0531159
0.0120327
-0.0553874
-0.0269637
0.0370378
-0.0517031
0.0121004
-0.0420707
0.0383111
-0.0229178
-0.0102614
-0.0238073
-0.0461147
-0.0524108
0.0691109
-0.0244330
0.0602309
0.0619506
-0.0007877
0.0552292
-0.0367135
0.0477014
0.0358417
-0.0202098
0.0601351
-0.0046965
-0.0082671
0.0060077
-0.0341696
0.0340153
0.0432341
-0.0205277
-0.0243618
-0.0317056
0.0085516
-0.0181542
0.0821141
0.0258076
0.0015101
0.0114903
0.0384513
0.0590866
-0.0275026
0.0182568
-0.0851418
0.0125452
-0.0669818
0.0084248
0.0285801
0.0531277
0.0729710
0.0882956
0.0917270
0.0868202
0.1120034
0.0725396
0.0956907
-0.0263939
-0.1407701
-0.1804408
-0.1790555
-0.2094014
-0.2344251
-0.2249187
-0.1154597
0.0792386
0.4239391
0.7134877
0.6146569
0.2676166
-0.2991556
-0.5733113
-0.5947430
-0.3490844
-0.0297985
0.0969609
0.1203964
0.1264973
0.1142404
0.2128532
0.1182089
0.0598200
0.0700456
-0.0296412
-0.0147408
-0.0148551
-0.1224417
-0.0758720
-0.1062659
0.0152663
-0.0574634
-0.0654203
-0.0398120
0.0878754
0.0201476
0.0640031
-0.0153654
0.0450539
-0.0145865
0.0263166
-0.0552874
-0.0195720
-0.0755658
0.0094373
0.0166862
0.0220420
0.0111415
0.0279192
-0.0564814
0.0412165
0.0525470
-0.0453239
-0.0443522
-0.0216870
-0.0380064
-0.0135343
0.0059168
0.0372845
-0.0385772
0.0239582
-0.0815911
0.0111574
-0.0090592
0.0662552
0.0234219
-0.0554187
-0.0003054
-0.0164926
-0.0005809
0.0092171
-0.0326530
0.0024465
-0.0534681
-0.0397555
-0.0087665
0.0458703
0.0062555
-0.0134459
-0.0641921
-0.0182538
0.0076423
-0.0488966
0.0600243
-0.0523341
-0.0408613
-0.0235301
-0.0027074
0.0136395
0.0204850
-0.0543571
0.0264939
0.0523634
-0.0095791
-0.0228235
-0.0345703
0.0034439
-0.0035690
-0.0191392
-0.0294564
-0.0596795
0.0207929
0.0025021
-0.0674684
0.0108748
-0.0302896
0.0231240
-0.0657836
-0.0041305
-0.0334174
0.0712157
-0.0107865
-0.0449248
0.0432594
-0.0240670
0.0210109
0.0627208
-0.0367631
-0.0556260
0.0192257
-0.0598560
0.0436166
0.0000801
-0.0783684
0.0619284
0.0440087
-0.0407758
-0.0246771
-0.0012337
-0.0492286
-0.0442101
0.0621720
-0.0472634
-0.0566778
-0.0677971
-0.0690844
-0.0673034
-0.0780995
-0.0754252
0.0294105
-0.0049310
0.0326881
-0.0533573
-0.0209572
0.0894008
0.0383651
0.0440645
-0.0257922
0.0280550
-0.0377963
0.0007011
-0.0591461
-0.0947641
-0.0224781
-0.0802698
-0.0089160
0.0159635
-0.0413398
0.0387826
0.0953484
0.0628611
0.1409866
0.1434896
0.1444227
0.1250934
0.0818193
-0.0890125
-0.1728999
-0.1885017
-0.2379177
-0.3005695
-0.2835290
-0.2058040
-0.0203706
0.3547206
0.6821095
0.6925106
0.3593216
-0.1620451
-0.5094282
-0.5712380
-0.3490412
-0.1547566
-0.0009133
0.0774216
0.1126653
0.1459953
0.2096846
0.1434450
0.0614664
-0.0044571
0.0156740
0.0184519
-0.0641982
-0.0261812
-0.0991489
-0.0329179
-0.0168878
0.0308912
-0.0197150
-0.0449082
0.0493357
-0.0349020
0.0693152
0.0522541
0.0059047
0.0392876
-0.0074483
-0.0273377
-0.0645030
-0.0076439
0.0021800
0.0053939
-0.0541691
-0.0018826
-0.0231257
0.0514266
-0.0046026
0.0680906
0.0206116
0.0480276
-0.0418031
-0.0086991
0.0191593
0.0242984
0.0055954
0.0392234
-0.0600681
0.0310951
0.0254188
-0.0428914
-0.0642816
0.0068396
0.0200553
-0.0364186
0.0531840
-0.0304844
0.0455766
0.0705451
-0.0637919
0.0325970
0.0433936
-0.0057055
-0.0651172
-0.0184120
0.0159615
-0.0472510
0.0216291
-0.0583548
-0.0403397
0.0403569
0.0240727
-0.0081434
-0.0138813
-0.0076905
0.0323502
-0.0378511
-0.0087716
0.0656057
0.0350511
0.0485408
0.0511941
-0.0116616
0.0731543
0.0663268
0.0561784
-0.0627444
0.0410438
-0.0330218
0.0303886
0.0091007
-0.0216331
-0.0295101
0.0443989
-0.0411373
0.0571620
-0.0597271
-0.0467203
0.0500394
0.0356925
-0.0547807
-0.0004366
-0.0226277
0.0605617
0.0228097
0.0223489
0.0572451
-0.0663593
-0.0096084
-0.0580315
0.0464473
0.0176140
-0.0471650
-0.0684954
-0.0655907
0.0228883
0.0134617
0.0403389
0.0712174
0.0207261
0.0312983
-0.0080585
-0.0494051
-0.0192964
-0.0005974
0.0008141
0.0324896
-0.0282490
0.0025775
-0.0276232
-0.0642443
-0.0459355
0.0194627
-0.0137925
0.0121679
0.0809922
0.0123136
0.0404329
-0.0098923
0.0365088
-0.0605539
-0.0050294
-0.0267847
0.0226708
-0.0729760
-0.0910533
0.0202883
0.0394641
-0.0020780
0.0855127
-0.0136149
0.0067100
0.0304275
0.0813456
0.0325598
-0.0078675
-0.0757691
-0.0661380
-0.1843048
-0.1968356
-0.1340088
-0.1121997
-0.1460756
0.0035668
0.2347396
0.3949539
0.4935677
0.2134392
-0.1427092
-0.4198606
-0.3557114
-0.2080538
-0.0785174
-0.0019258
0.1387192
0.0316620
0.1108338
0.1289489
0.0664261
0.0443534
-0.0222350
0.0416092
0.0286085
-0.0874550
-0.0881166
-0.0462653
0.0031080
0.0264046
-0.0259437
0.0485253
-0.0419685
0.0111130
0.0917370
0.0697558
0.0531183
0.0589890
0.0088560
0.0130743
0.0108969
-0.0401028
-0.0774631
-0.0485896
-0.0184305
0.0109415
0.0582303
0.0007257
0.0002470
0.0645706
-0.0116914
0.0656553
0.0469278
-0.0007086
-0.0012046
-0.0079726
0.0045189
-0.0125002
0.0648180
0.0523238
0.0342826
-0.0321242
0.0247666
0.0457476
-0.0248556
-0.0082113
-0.0463674
-0.0274874
0.0147508
-0.0302227
0.0601814
0.0041546
-0.0005171
-0.0194302
0.0148625
0.0300289
0.0179387
0.0363296
-0.0203383
0.0274615
0.0363609
0.0440249
0.0342583
-0.0268647
-0.0434847
0.0540273
0.0214660
-0.0463754
0.0454199
0.0069065
-0.0121226
-0.0433450
0.0453481
-0.0513498
0.0020172
0.0034888
0.0502019
0.0135513
-0.0014886
0.0102955
0.0384066
-0.0311118
0.0131365
-0.0110391
-0.0032646
-0.0486927
0.0638214
-0.0578438
-0.0266333
-0.0690970
-0.0234177
-0.0504861
0.0227033
0.0668988
0.0110049
0.0000146
-0.0097093
0.0700690
-0.0079584
0.0563713
0.0600417
-0.0238283
-0.0282679
-0.0081319
-0.0544198
-0.0559704
0.0263170
0.0401405
-0.0498385
0.0107302
0.0678548
0.0328141
0.0172997
0.0445968
0.0501513
0.0399738
-0.0231547
-0.0028167
-0.0217335
0.0475347
-0.0215534
-0.0115964
0.0398602
0.0347542
0.0572392
0.0597752
-0.0031099
0.0143897
-0.0230219
-0.0474133
0.0668017
-0.0432565
0.0417915
-0.0712840
-0.0033143
0.0304364
-0.0286430
-0.0007897
-0.0748758
-0.0570307
0.0077456
0.0689928
0.0720027
0.0457119
0.0230884
0.0792363
0.0539381
0.0275989
-0.0280901
-0.1472659
-0.1282411
-0.1786273
-0.1533910
-0.1800684
-0.1563363
-0.1388743
0.1952494
0.3722089
0.5568729
0.3999435
0.1053334
-0.2640405
-0.4803714
-0.4338571
-0.1787649
0.0210607
0.0483895
0.1446866
0.0635864
0.1819866
0.0654712
0.0521359
0.0081991
-0.0343361
0.0485872
-0.0280969
-0.1126554
-0.1151974
-0.0061341
-0.0894896
-0.0201505
-0.0015364
0.0393929
0.0759150
0.0477612
0.0017111
0.0179617
0.0269178
0.0215431
0.0176733
0.0173913
-0.0090186
-0.0428867
-0.0327544
0.0481036
0.0556096
-0.0398428
-0.0241184
-0.0238688
-0.0573229
-0.0225575
0.0150365
0.0705973
0.0123275
0.0659700
0.0755399
-0.0324774
0.0517851
0.0196150
0.0483493
-0.0584292
-0.0267652
0.0211105
-0.0340983
-0.0253314
0.0174917
-0.0021350
-0.0122671
-0.0121846
0.0158627
0.0405143
-0.0332144
-0.0579715
-0.0409007
-0.0411522
-0.0500172
0.0073258
0.0014999
0.0050555
0.0335679
-0.0179342
-0.0316209
0.0361804
-0.0152557
0.0602620
0.0687005
-0.0298659
-0.0618513
-0.0189199
-0.0292387
-0.0189802
0.0543916
-0.0025840
0.0451695
-0.0071603
0.0507714
-0.0428612
0.0651072
0.0214286
-0.0449072
0.0211212
-0.0580625
-0.0556031
-0.0208772
-0.0181902
0.0124593
-0.0541457
0.0267059
0.0373642
-0.0240319
-0.0416188
-0.0272762
0.0516263
-0.0426055
0.0634744
0.0652632
0.0411275
-0.0478580
0.0487522
-0.0343857
-0.0717289
-0.0390206
-0.0480002
0.0404795
-0.0575571
0.0393951
0.0055081
-0.0236628
0.0251674
-0.0196631
0.0516141
0.0341076
0.0071712
-0.0002068
0.0528514
-0.0663100
0.0058492
-0.0329237
0.0504292
-0.0135539
0.0047019
-0.0316850
0.0121486
0.0416006
0.0612199
0.0003188
0.0377646
-0.0263867
-0.0602745
0.0135899
-0.0919000
-0.1035240
-0.0336289
-0.0949821
0.0212718
-0.0803730
-0.0586933
0.0615057
0.0296264
0.1131792
0.1043952
0.1003516
0.1663064
0.1304327
0.0266386
-0.0932534
-0.0629585
-0.1624248
-0.2560361
-0.1534390
-0.2331245
-0.1285613
0.0235786
0.3204518
0.6351077
0.6396362
0.3125536
-0.1696243
-0.5751308
-0.5225189
-0.3401957
-0.0969982
0.0609401
0.0898789
0.0495589
0.1101217
0.1679039
0.1004016
0.1488147
-0.0108919
0.0585077
-0.0772837
-0.0734049
-0.0231170
-0.1099567
-0.1283125
-0.0775590
-0.0667457
0.0312213
0.0064717
0.0788184
0.0063164
0.0272561
0.0938915
0.0133861
-0.0382185
-0.0259366
-0.0195511
-0.0515235
-0.0836875
-0.0524348
-0.0585720
0.0322417
-0.0709730
0.0573039
-0.0183063
-0.0259430
0.0282309
-0.0385524
0.0520671
0.0107477
-0.0480055
0.0001420
-0.0322661
-0.0188241
-0.0293074
-0.0600805
-0.0562624
0.0648468
0.0452965
-0.0432095
-0.0250560
0.0466243
-0.0068475
-0.0429603
-0.0354618
-0.0083040
0.0258091
-0.0638360
-0.0473555
-0.0700055
-0.0039539
-0.0553011
-0.0388470
0.0487164
0.0586619
-0.0586623
0.0210210
-0.0341986
-0.0585536
-0.0616871
-0.0628353
-0.0231731
0.0275577
0.0638411
0.0061628
-0.0447440
-0.0171181
0.0245701
0.0342205
-0.0306797
0.0557694
-0.0458596
-0.0031862
-0.0648855
-0.0335467
0.0650200
0.0665690
0.0295371
-0.0521085
-0.0544865
-0.0271997
-0.0143609
-0.0113873
0.0580420
-0.0306595
0.0520363
-0.0032717
0.0619429
0.0177571
-0.0358352
-0.0505505
-0.0660525
-0.0217698
-0.0452656
-0.0401513
0.0316984
0.0386438
-0.0131141
0.0622280
0.0043333
0.0127528
0.0441134
-0.0289194
0.0168673
0.0457386
0.0640305
-0.0496026
0.0214404
-0.0029901
-0.0408248
0.0474448
-0.0368028
-0.0217848
-0.0241824
-0.0584083
-0.0774931
-0.0238703
-0.0274449
-0.0278978
0.0348728
0.0203869
0.0789437
0.0024312
0.0301203
-0.0508922
