-0.0099772
-0.1057785
0.0207208
-0.0306499
0.0707361
0.0474734
0.0286537
-0.0418903
0.0303835
0.1114128
0.0825724
-0.0944761
0.0675916
0.0664176
-0.0159034
-0.0173974
0.0372847
-0.1025186
0.0739959
-0.1003587
0.1098059
0.0291511
0.0089696
0.1785773
0.0233159
0.0648058
0.0016430
0.0094019
-0.0742746
-0.1727552
-0.0914276
-0.1403004
-0.2734283
-0.0896047
-0.1719715
0.0995923
0.3689552
0.4415627
0.6802700
0.5880315
0.2781971
-0.1857330
-0.7507350
-0.8688487
-0.7822864
-0.2387765
0.1420055
0.3489994
0.4760845
0.3438913
0.2687564
0.2858329
-0.0185975
-0.0846096
-0.0893962
-0.0854014
-0.2064643
-0.0852492
-0.1360802
-0.1749520
-0.0467420
0.0290560
0.0154563
-0.0150279
0.2105082
0.0217148
0.1215666
-0.0030461
-0.0073055
-0.0662134
-0.1326298
-0.0563189
0.0093710
-0.0092368
0.0601033
-0.0524027
0.0937572
-0.0606832
0.0007936
-0.0535088
-0.0695761
-0.0132287
-0.1098613
-0.1017223
-0.0940411
-0.0655993
0.0499571
-0.1073905
-0.0801617
-0.0136059
0.0590917
0.1293778
0.1018844
0.0290267
0.0467667
0.0124784
0.0046193
-0.1191418
-0.1725274
-0.1706225
-0.2633011
-0.2245835
-0.0923001
-0.2051222
0.0252958
0.0289339
0.3818397
0.6922996
0.7006646
0.4415663
0.0044772
-0.4828749
-0.8402624
-0.6855047
-0.4603755
-0.1682221
0.2662558
0.3631844
0.4386219
0.3636934
0.3742600
0.2565852
0.0853150
0.0367244
-0.2313956
-0.2898939
-0.2503641
-0.1875248
-0.2056971
-0.0566053
-0.0096817
-0.0498773
0.0222312
0.2030798
0.0427793
-0.0256392
-0.0556460
0.0502435
0.0254612
-0.0764179
-0.0407640
0.0095020
0.0619782
0.0105507
-0.0288164
0.0062511
-0.0141744
0.1149525
0.1037450
0.0079991
-0.0481169
-0.0467727
0.0539010
-0.0367033
0.0106228
-0.0901531
-0.0569300
-0.0337654
-0.0132498
-0.0684839
0.1407407
-0.0221808
0.1038017
0.1014267
0.1443415
0.0693686
0.0634929
0.0301464
-0.0959252
-0.1282052
-0.2295311
-0.3161027
-0.2750335
-0.1769547
0.0089374
0.1078144
0.3847131
0.6757127
0.5860830
0.3472040
-0.1307022
-0.4231819
-0.6891513
-0.7870406
-0.5445178
-0.2011701
0.1166508
0.5260700
0.5590899
0.4853345
0.3473470
0.1605061
0.0371442
-0.1898893
-0.2835496
-0.3123457
-0.1296438
-0.0573169
-0.2261018
0.0473461
0.0080159
-0.0096883
0.0737347
0.1137452
-0.0038314
0.1944719
-0.0278266
-0.0523687
-0.1069733
0.0436274
-0.1445221
-0.1693754
-0.1149780
0.0494512
0.0736313
0.0878493
0.1161654
0.0882506
0.1484955
0.0163575
0.0567709
0.0326283
-0.0123547
-0.1096307
-0.1073158
-0.1648173
0.0584660
-0.1153767
-0.0492359
0.0080329
0.0653348
-0.0121718
0.0342139
0.1315667
0.0350777
0.0377481
0.0223372
0.0267587
-0.1017986
-0.1252733
-0.2739253
-0.2122371
-0.2357063
-0.1123287
-0.0244323
0.1542506
0.3608642
0.5946363
0.7502682
0.4635930
0.1289733
-0.3677461
-0.8739381
-0.9002367
-0.7671702
-0.2324839
0.2438551
0.4964030
0.3860230
0.3802033
0.3290735
0.0814535
0.1133929
0.0007894
-0.0548344
-0.0971983
-0.2020940
-0.2170461
-0.2295364
-0.0838280
-0.1397446
-0.0478028
0.0443174
0.0092778
0.1729999
0.0862168
0.0900150
0.0545222
-0.0572462
-0.0961369
0.0387882
0.0276153
-0.0255129
-0.0458632
-0.0945352
-0.0474955
-0.0673387
-0.0545758
0.0014861
0.0556316
-0.0294696
0.0040871
-0.0900314
-0.0253415
-0.0250208
-0.1671988
0.0044686
-0.0189163
-0.0198782
0.0653170
-0.0435517
0.0077100
0.0843873
0.0314730
-0.0082024
0.0669316
0.0520275
-0.1095408
-0.0889434
-0.0236113
-0.2035446
-0.3039594
-0.2809293
-0.1029271
-0.0613793
-0.0030749
0.1315649
0.4594655
0.6454651
0.5144332
0.2850724
-0.0319106
-0.5093138
-0.8103809
-0.8236655
-0.5422234
-0.1102747
0.2137804
0.4694943
0.5137473
0.4609049
0.1406754
0.1459763
-0.0905975
-0.1246643
-0.1739462
-0.1201428
-0.1049308
-0.0982888
-0.0980465
-0.0562816
0.0653585
0.1098694
0.0508417
0.0265845
0.2085983
0.0111531
0.0880725
-0.0392074
0.0349218
-0.0012806
-0.0626760
0.0475094
0.0284344
0.0327519
-0.1068762
0.0188268
0.0578304
0.1115607
0.1458934
0.1010207
-0.0620370
-0.0495894
-0.0572423
-0.0644733
0.0037733
-0.0704456
-0.0233224
-0.0271933
0.0872598
-0.0946979
-0.0615845
0.0768101
0.0546036
0.1233410
0.1478805
0.0873726
-0.0807183
0.0090141
0.0303501
-0.0522980
-0.1611975
-0.1121720
-0.1175152
-0.1685276
-0.1565596
0.0493278
0.3838501
0.4934542
0.5762327
0.4146667
0.1850997
-0.2881963
-0.7168499
-0.7074338
-0.5177454
-0.2085296
0.2319825
0.3745556
0.4881582
0.3969340
0.3479426
0.2790270
-0.0253163
-0.0849622
-0.0784721
-0.1967143
-0.1587775
-0.0427394
-0.1271689
-0.0283420
0.0087683
0.1189774
0.0274420
0.1821715
0.0991639
-0.0062021
-0.0445119
0.0452159
-0.0334388
0.0747094
-0.0565016
0.0390937
-0.0097914
-0.1399056
-0.0262913
-0.0837340
0.0393737
0.0630498
0.0698151
0.0910202
0.1046218
0.0708452
0.0718510
-0.0931599
0.0234133
0.0574270
0.0576615
0.0242224
-0.0433398
-0.0832219
0.0255954
0.0007833
0.1504624
0.0487225
0.1477356
0.1029564
0.1026812
-0.0296818
-0.1235779
-0.0090410
-0.2752716
-0.2008279
-0.0844027
-0.2320430
-0.0885992
0.1560220
0.3977478
0.4834871
0.5048326
0.5657540
0.1956456
-0.2718642
-0.7880190
-0.8222872
-0.4986066
-0.3019378
0.2255665
0.3951507
0.4111461
0.4934440
0.2154696
0.1214002
0.0667732
-0.0289622
-0.0698392
-0.1963275
-0.1398346
-0.0780471
-0.0966587
0.0190184
0.0168754
0.0541095
0.1290133
0.1228104
0.0738806
0.0180857
0.1212360
0.1341421
-0.0165311
-0.0611355
0.0311122
-0.0265702
0.0314073
-0.0126996
0.0712392
0.0095304
-0.0617446
0.0180616
0.0285829
0.0691685
0.1365611
0.0235724
0.0757837
0.0747770
-0.1459467
0.0084289
0.0150162
-0.0279760
-0.0093436
-0.0475487
0.0231768
0.1765679
0.1839579
0.1061041
0.0126715
0.1738699
-0.0379471
-0.1041164
-0.0185291
-0.1172379
-0.1443697
-0.1280480
-0.2101496
-0.2593860
-0.1029298
0.1898646
0.2215781
0.4502994
0.6989053
0.4779642
0.1123845
-0.4071270
-0.8161562
-0.7315355
-0.6160069
-0.3428567
0.0633817
0.3445222
0.4552250
0.4417357
0.2726521
0.1198912
-0.0465119
-0.0561923
-0.2155519
-0.2294552
-0.2300692
-0.2089135
-0.2245520
0.0060192
-0.0511361
0.1211223
0.1625946
0.0455290
0.1171181
0.1437033
0.1218137
0.0077153
0.0647688
-0.0920404
-0.0894632
-0.1105277
0.0545111
-0.1512307
-0.0482230
-0.0039363
0.0723645
0.0205306
0.1427768
0.1307014
0.0447500
-0.0731991
-0.0548264
-0.0730124
-0.0828702
-0.1302042
-0.1318657
0.0380064
0.0372884
0.0581483
0.0339510
0.0888312
0.1682224
0.0704625
0.1333887
-0.0304100
-0.0102282
0.0329422
-0.0502967
-0.1418660
-0.2200790
-0.2089171
-0.1267132
-0.0887054
-0.0125424
0.0363709
0.1624835
0.5729820
0.6222304
0.5962214
0.2319822
-0.2050404
-0.7004083
-0.7787271
-0.7381828
-0.4235037
0.1187480
0.2596393
0.3528910
0.3743965
0.2446850
0.2076223
0.1483515
-0.0516709
-0.1645212
-0.1777978
-0.1751846
-0.0923292
-0.1751276
0.0165833
0.0660806
-0.0403585
0.0816653
0.1168300
0.0794733
0.0058775
0.1683333
-0.0209591
0.0052683
-0.0972582
-0.0402210
-0.0856456
-0.0729704
0.0365099
-0.0935328
-0.0784553
0.1175943
-0.0101458
0.0552618
0.1341109
0.0151569
-0.0446950
0.0222778
0.0799331
-0.0368716
-0.0106297
-0.1575390
0.0006255
-0.0529255
0.1018337
0.0400608
0.1165893
0.0739585
0.1504581
0.0177877
0.1580036
0.0715098
0.0043556
-0.0107009
-0.1543004
-0.1736503
-0.1518955
-0.1142296
-0.1202823
-0.0391995
0.0255843
0.1462955
0.3069746
0.5997843
0.5567142
0.4284127
0.0049803
-0.4038990
-0.8219942
-0.8550407
-0.4833364
-0.1330316
0.0913744
0.4546279
0.5126687
0.3991902
0.3603196
0.0728073
0.0750073
0.0158871
-0.1876751
-0.2682952
-0.2734530
-0.0877840
-0.1632477
-0.1355532
0.0584775
0.0687376
0.1597101
-0.0112691
0.0119451
0.0041090
0.1183798
-0.0103223
0.0595104
-0.0840858
0.0006013
-0.1347036
0.0375980
-0.0050208
0.0138918
-0.0935807
0.0688523
0.0591263
0.0835910
-0.0288865
0.0117921
0.0526876
0.0280476
-0.1056140
-0.0824762
-0.0497880
0.0414563
-0.1299715
0.0826696
0.1057715
0.1111825
0.1688758
-0.0251648
-0.0119847
0.1073639
0.1287238
0.1013266
-0.1350045
-0.1328648
-0.0730506
-0.0600073
-0.1593559
-0.2800491
-0.1217208
-0.0499994
0.1109270
0.2250096
0.4528940
0.4538808
0.4605904
-0.0663159
-0.2971881
-0.6586292
-0.6574468
-0.4975614
-0.0871493
0.1087630
0.4093483
0.4714015
0.2616450
0.2677804
0.1530850
0.0882524
-0.0892188
-0.1379715
-0.1420211
-0.1169071
-0.1207436
-0.1739619
-0.0969418
0.0168253
0.0927241
0.1151694
0.1364382
0.0458537
0.1481997
0.0522730
-0.0644949
-0.0664126
-0.0791673
-0.0519604
0.0175712
-0.1091911
0.0269349
0.0414859
-0.0747575
-0.0330901
0.1079105
-0.0195887
-0.0340683
-0.0418371
-0.0857241
0.0089612
0.0283556
-0.0686505
0.0415598
-0.0968952
-0.0503805
0.0901910
0.0767128
-0.0489271
0.1187048
0.1237400
0.1065049
0.1141287
-0.0256165
-0.1062512
-0.0428114
-0.0785875
-0.1312307
-0.1085769
-0.2281908
-0.1810553
-0.1653758
0.0571230
0.2865276
0.4589573
0.5549225
0.4760847
0.1518029
-0.1743691
-0.3615128
-0.6871494
-0.6602239
-0.4628344
-0.0555013
0.1449630
0.2759248
0.3060810
0.4102481
0.2307654
0.0082336
0.1014400
-0.0363275
-0.1369790
-0.2125643
-0.0924755
-0.2400214
-0.0480358
-0.0129016
0.0548246
0.1376491
0.1302380
0.1057776
0.0407997
0.0249127
-0.0069179
0.0291607
-0.0764448
-0.0245129
-0.1498775
-0.0094990
0.0274017
-0.0696296
0.0358576
-0.0255428
-0.0340404
0.0288430
0.1056039
0.0732283
-0.0269888
-0.0611199
0.0138609
0.0465763
-0.0892482
0.0295447
0.0201159
-0.0189286
-0.1036291
0.0234267
0.0949590
0.1307582
-0.0186465
-0.0036552
0.1646952
0.1139790
0.0711927
0.0429632
-0.1287820
-0.1840504
-0.0561935
-0.0813199
-0.2269639
-0.1387756
-0.1748856
0.0155520
0.3278573
0.3570129
0.5209047
0.5645971
0.1370684
-0.2055815
-0.5421711
-0.5752839
-0.6481141
-0.3707433
-0.0212544
0.2485600
0.3146580
0.3247869
0.2485279
0.1984197
0.1170347
-0.0329801
-0.1232442
-0.1673838
-0.1997291
-0.2076281
-0.1521065
-0.1435253
0.0367033
-0.0222377
0.0737928
0.0669497
0.1205941
0.0055940
0.0587479
-0.0228590
-0.0581884
-0.0296743
-0.1081874
-0.1185367
-0.0997709
0.0124811
0.0374608
-0.0137317
0.0050242
0.0919244
-0.0651791
0.0419977
0.1155753
0.1350612
0.1220189
0.0147193
0.0031074
0.0248200
-0.1682013
-0.1029997
-0.1246627
0.0327982
-0.0621963
0.0248418
0.0348659
0.0387598
0.1579132
0.0438103
0.1458460
0.0990701
-0.0179961
-0.0025885
0.0007344
-0.2031827
-0.2398233
-0.1975278
-0.2508063
-0.0378552
-0.0476616
0.1298523
0.3420650
0.4670301
0.5825294
0.2549445
-0.0109462
-0.4253609
-0.7565518
-0.6884199
-0.5090851
-0.1285031
0.2739300
0.4274713
0.4986076
0.2940705
0.2072220
0.1178134
0.0363281
-0.0578894
-0.1428524
-0.1857243
-0.1046398
-0.1808830
-0.0350487
0.0019739
0.0287136
-0.0476136
0.0836574
0.0274233
0.1382218
0.1777751
0.0088563
0.0361378
-0.0943004
-0.0127988
-0.0302624
-0.0441583
-0.0616584
-0.1387858
-0.1095605
0.0981639
0.1120487
0.0502685
-0.0246857
-0.0040569
-0.0910893
0.0562603
-0.1326847
0.0664817
-0.0648925
-0.0629871
0.0554253
-0.1239281
-0.0265545
0.0014376
0.0865409
0.0993174
0.0375159
0.0584985
-0.0038728
-0.0769240
0.0194821
-0.0239928
-0.2010911
-0.0667836
-0.1841733
-0.1619373
-0.1872193
-0.0640787
-0.0175233
0.1348508
0.4487980
0.6288151
0.4663095
0.1726566
-0.2685149
-0.6517793
-0.7759592
-0.6216759
-0.2634191
-0.0612622
0.1921600
0.3085393
0.3564113
0.3321770
0.2253452
0.1274502
0.0890807
0.0150021
-0.1288715
-0.2756167
-0.0833150
-0.0522001
-0.1407221
0.0720410
0.0399401
-0.0302141
-0.0104279
0.0745990
0.1719837
0.1685356
0.1276529
0.0740582
-0.0397984
0.0082086
-0.1371135
0.0301463
-0.0434139
-0.0098981
0.0478435
0.0365809
0.0924843
0.1377287
0.1211890
0.0377516
-0.1078990
0.0388753
-0.0358678
-0.1472923
-0.0551354
-0.0167400
-0.0135789
0.0763433
-0.0138805
0.0821548
0.0199783
0.1705748
-0.0141928
0.1587460
0.1049852
-0.0627847
-0.0409687
-0.1409746
-0.1997192
-0.1956485
-0.1120793
-0.2256384
-0.1056108
-0.0451302
-0.0314507
0.1741163
0.5559688
0.6773203
0.5701985
0.1612849
-0.3160832
-0.5135028
-0.7327233
-0.7251065
-0.3585000
0.0348457
0.3920394
0.4224145
0.3330523
0.3183460
0.2861294
0.0589990
-0.1184852
-0.1299598
-0.2601349
-0.2131107
-0.1044774
-0.1864855
-0.0656186
-0.0506600
0.1017070
0.0819898
0.0703049
0.0113972
0.1387383
0.1436459
-0.0666529
-0.0123106
0.0816056
-0.0489520
0.0201960
0.0108380
-0.1120433
-0.0842819
0.0141564
-0.0274796
-0.0126617
-0.0425127
-0.0537050
-0.0410968
-0.0276358
-0.0060773
-0.0320073
-0.0938624
-0.0500218
-0.0185875
-0.1442581
-0.0346079
0.0747198
-0.0470097
-0.0299835
0.1431320
-0.0154951
0.0170817
0.0651936
-0.0655124
-0.1016704
-0.0099502
-0.1633203
-0.0791525
-0.1992753
-0.0849590
-0.0746348
-0.0778662
0.0912738
0.0848281
0.2902384
0.5742124
0.4484058
0.2441212
-0.1014482
-0.4970986
-0.7696863
-0.6904668
-0.3442656
-0.1204373
0.1031741
0.2898124
0.4793928
0.3663598
0.2270586
0.1269244
0.0972565
-0.1593074
-0.2131170
-0.1585957
-0.1039175
-0.1313600
-0.0881341
-0.0427365
-0.0941650
0.1141412
0.0472701
0.1640982
0.1556903
0.1032219
-0.0065898
0.0000916
0.0763485
-0.0038303
-0.0187225
0.0088891
0.0014578
0.0694454
0.0243333
-0.0151838
-0.0007645
-0.0034275
-0.0393220
0.0103732
-0.0940693
0.0126542
-0.0982648
-0.0113901
-0.0803410
-0.0162269
0.0157848
-0.1301438
0.0704038
-0.0802219
0.0113414
-0.0027970
0.0226552
0.1789891
0.1672600
0.1518736
0.0890360
-0.0340147
-0.0178832
-0.2189087
-0.2670971
-0.1098688
-0.2770146
-0.2034143
-0.0982603
0.0916427
0.2307481
0.5994168
0.6976956
0.4193299
0.1525636
-0.2829622
-0.5422555
-0.8131250
-0.5074074
-0.3670055
-0.0046683
0.3573344
0.5328966
0.2965453
0.2284768
0.1743082
-0.0016894
-0.1162232
-0.2400414
-0.2564167
