-0.0203486
0.0070530
-0.0140881
0.0112157
-0.0039219
-0.0202538
-0.0149233
-0.0017990
-0.0070660
-0.0161297
-0.0182451
0.0121975
-0.0145098
-0.0204571
-0.0038616
-0.0001775
0.0208940
0.0174089
-0.0010764
-0.0167951
0.0026699
0.0183804
0.0156470
-0.0005909
-0.0085332
0.0142409
0.0015696
-0.0008942
-0.0191330
-0.0127141
-0.0041186
0.0142863
-0.0030084
0.0151905
-0.0057541
0.0112576
-0.0039455
-0.0091573
-0.0197992
-0.0113783
-0.0071406
-0.0204285
-0.0094443
0.0164881
-0.0069043
-0.0093287
-0.0088930
-0.0013180
0.0129114
0.0152756
0.0035858
-0.0027158
-0.0152968
-0.0146778
0.0147602
0.0243332
-0.0115458
-0.0016663
0.0109420
0.0117171
-0.0051427
0.0027364
0.0135462
0.0165934
0.0192900
0.0182846
-0.0131156
-0.0048931
-0.0190078
-0.0117335
-0.0098110
-0.0002029
-0.0133698
-0.0066342
0.0037761
-0.0131714
0.0105741
-0.0130814
0.0109865
0.0119463
-0.0114716
0.0201442
0.0204846
0.0076259
-0.0058915
-0.0097493
-0.0157496
-0.0012310
0.0042309
0.0106458
0.0153722
0.0281340
0.0081016
-0.0182602
0.0014152
0.0006347
-0.0147921
-0.0163634
0.0224975
0.0070170
-0.0012497
0.0091744
-0.0111137
-0.0010716
0.0090605
-0.0159500
-0.0189063
-0.0116481
-0.0288773
-0.0270137
-0.0000822
0.0229542
-0.0000612
0.0151121
0.0204719
0.0124833
-0.0211687
0.0066999
-0.0230722
-0.0029667
-0.0372569
-0.0147698
0.0553673
0.0998478
0.0553767
-0.0786214
-0.1496888
-0.1210469
-0.0165591
0.0875533
0.1281798
0.0679301
0.0378749
-0.0136123
-0.0113316
-0.0093895
-0.0136403
-0.0290963
-0.0250323
-0.0272854
-0.0163281
-0.0189751
0.0272797
0.0129981
0.0215230
0.0089044
0.0111047
0.0056904
0.0076055
0.0067677
-0.0042977
0.0066206
-0.0051624
-0.0099648
0.0119293
0.0204957
0.0133050
-0.0040710
-0.0147937
-0.0161467
0.0123871
-0.0022723
-0.0040478
-0.0084331
0.0094105
0.0136765
-0.0160351
-0.0045213
-0.0096874
-0.0157112
-0.0159902
-0.0211791
-0.0054934
-0.0049565
0.0184954
-0.0157588
-0.0155024
0.0130107
0.0118636
-0.0001990
0.0036902
0.0065126
0.0225241
-0.0035542
-0.0130615
0.0051140
0.0021314
0.0103067
0.0124643
0.0048941
0.0165647
-0.0122881
0.0072883
0.0171034
0.0039867
-0.0005988
0.0084851
-0.0004096
0.0175659
0.0206515
-0.0120791
-0.0117390
0.0147999
-0.0154996
0.0071400
-0.0027387
0.0139048
-0.0194168
0.0176574
-0.0016482
-0.0136850
-0.0137581
0.0151776
-0.0172659
0.0070454
-0.0165926
0.0001277
0.0124855
-0.0172940
-0.0017046
0.0222177
-0.0079344
-0.0173388
-0.0155052
0.0003896
-0.0079497
-0.0147318
0.0168549
-0.0112998
-0.0118632
0.0109196
-0.0112230
-0.0033771
0.0043197
0.0028416
0.0044482
0.0124199
-0.0060485
0.0014363
-0.0084731
-0.0127871
-0.0149975
0.0135878
0.0157668
-0.0107153
0.0044751
0.0167098
-0.0109827
0.0102943
-0.0209407
0.0152261
0.0114379
0.0021048
0.0160113
0.0034333
-0.0157858
-0.0026375
-0.0227779
-0.0055975
-0.0024556
-0.0184949
0.0026111
0.0147672
0.0123698
-0.0013299
-0.0065525
-0.0100538
0.0060549
0.0066058
-0.0014429
0.0131571
-0.0045435
-0.0110493
0.0200405
-0.0085326
0.0054616
-0.0176803
-0.0231023
-0.0090016
-0.0004168
0.0139242
-0.0082882
0.0062389
0.0141205
0.0159835
0.0098207
-0.0002908
0.0027656
0.0082599
-0.0126848
0.0148812
-0.0184567
0.0021276
-0.0143506
-0.0006983
-0.0087212
0.0189223
0.0045256
0.0201192
-0.0009216
0.0075399
0.0100008
-0.0228870
0.0158191
0.0175594
-0.0128964
0.0159831
0.0181935
-0.0059248
0.0145359
-0.0128687
-0.0009721
0.0146514
-0.0172008
-0.0067181
0.0186780
-0.0133495
-0.0134966
-0.0045701
-0.0153091
0.0114199
-0.0119775
-0.0022480
0.0232825
0.0031947
0.0172083
-0.0026311
0.0095350
-0.0210461
0.0013190
-0.0142826
-0.0164105
0.0220932
-0.0141672
-0.0011148
-0.0065595
-0.0060063
-0.0160698
0.0099020
-0.0032193
0.0148674
0.0029470
-0.0003934
0.0104119
0.0039068
-0.0033362
-0.0146905
-0.0186989
0.0148427
-0.0099264
-0.0186277
0.0158831
0.0022209
0.0203425
0.0043746
-0.0007374
0.0192813
0.0008150
-0.0111819
-0.0100736
0.0057477
-0.0178435
-0.0070142
-0.0138882
0.0158870
-0.0130663
-0.0164918
-0.0213470
-0.0207070
-0.0180592
-0.0135615
-0.0008861
-0.0078764
-0.0034247
-0.0038771
-0.0098284
-0.0161787
0.0121325
0.0142647
-0.0191928
0.0006341
0.0007929
-0.0013271
0.0242637
-0.0026404
-0.0054507
-0.0279633
-0.0038793
-0.0018504
0.0118739
0.0088375
0.0100961
0.0042518
-0.0036373
0.0208348
-0.0109249
0.0134044
-0.0101200
-0.0076263
-0.0115219
-0.0187260
0.0551217
0.0706175
0.0635864
-0.0492857
-0.1264202
-0.1538494
-0.0529233
0.0731339
0.1058363
0.0974472
0.0496303
0.0006057
-0.0171740
-0.0282087
-0.0400506
-0.0348126
-0.0084025
-0.0210163
-0.0077425
-0.0110829
-0.0021861
0.0303601
0.0368882
0.0138420
0.0048897
0.0229157
-0.0156780
-0.0041331
0.0179067
0.0016682
-0.0130542
0.0097657
-0.0141578
0.0072298
-0.0096984
0.0080245
0.0018836
-0.0025868
-0.0115641
-0.0001251
0.0183478
0.0116282
0.0150744
-0.0055490
-0.0092174
-0.0033010
-0.0035765
-0.0147012
0.0074562
0.0012239
0.0113713
0.0190024
0.0227597
0.0006358
0.0045651
0.0161251
-0.0096992
0.0179179
0.0184002
-0.0016633
0.0057022
0.0104975
-0.0149799
0.0095838
-0.0173790
0.0057817
-0.0078524
-0.0157730
-0.0013076
0.0223025
-0.0005569
0.0078655
-0.0051387
-0.0057504
0.0073379
-0.0161517
-0.0168135
0.0026345
-0.0083608
-0.0102498
0.0118526
0.0002070
-0.0162013
-0.0010727
0.0072491
0.0087816
0.0105221
-0.0154075
0.0005675
0.0049718
-0.0105590
-0.0007802
-0.0165447
0.0016079
0.0024129
0.0062132
0.0140273
0.0019362
0.0156901
0.0075196
-0.0206395
0.0124978
0.0091332
-0.0027934
0.0029952
0.0069342
-0.0243012
0.0119603
0.0121836
0.0179538
-0.0036237
0.0002430
0.0005601
-0.0097237
0.0182704
-0.0013179
-0.0045902
0.0130538
0.0149001
0.0171190
0.0101712
-0.0023341
-0.0149649
-0.0073529
0.0075461
-0.0168849
0.0096561
-0.0054887
-0.0051721
0.0078977
0.0079025
0.0179613
0.0061095
0.0126103
-0.0130759
-0.0158322
-0.0085664
0.0015996
-0.0148783
0.0057037
0.0054302
-0.0110688
0.0151711
-0.0152064
0.0153124
-0.0189180
0.0161303
0.0126580
0.0032966
0.0016064
0.0059466
-0.0209895
-0.0104976
-0.0070888
-0.0026189
0.0118826
-0.0068409
-0.0117671
0.0128001
-0.0080261
-0.0036006
0.0153948
0.0045281
0.0112921
-0.0002762
0.0139805
0.0082610
0.0116046
0.0095740
0.0032182
0.0145719
-0.0011041
-0.0026485
-0.0062261
0.0017357
-0.0246654
-0.0076200
0.0096009
0.0165430
0.0079893
0.0242278
0.0059991
-0.0009094
0.0073923
-0.0028697
-0.0102666
0.0034144
0.0127808
-0.0056274
-0.0088045
-0.0066567
0.0056216
0.0186340
-0.0004289
-0.0150787
0.0158142
-0.0021073
0.0024476
-0.0206227
0.0092331
0.0054987
-0.0163827
0.0180296
-0.0089531
-0.0079617
0.0015320
0.0159012
0.0237972
0.0077786
0.0032026
0.0079778
-0.0106238
-0.0002198
-0.0222838
0.0001993
0.0121076
0.0127317
-0.0155998
0.0051087
0.0016361
0.0208293
-0.0116421
-0.0102621
0.0115339
-0.0074904
-0.0230157
-0.0099106
-0.0011132
-0.0015867
-0.0111073
0.0113430
-0.0125257
0.0067697
0.0092953
-0.0133943
-0.0039741
-0.0104101
-0.0102527
-0.0009019
-0.0013312
0.0025794
-0.0209088
-0.0084611
0.0028870
-0.0024762
-0.0094221
0.0186613
-0.0060964
-0.0155555
-0.0175998
0.0061582
-0.0141406
0.0059933
-0.0119416
0.0029279
-0.0183405
0.0056807
0.0100874
0.0211902
0.0190551
0.0145983
0.0035811
-0.0151518
0.0137026
0.0005558
-0.0150938
0.0118577
-0.0203133
0.0053630
-0.0130184
-0.0113320
0.0105991
0.0029805
0.0035030
0.0159602
0.0126156
-0.0181215
-0.0114273
-0.0090170
-0.0210510
0.0343132
0.1212670
0.0796439
-0.0398433
-0.1714186
-0.2037213
-0.0870684
0.0771106
0.1856144
0.1282335
0.0476021
0.0131383
-0.0243797
-0.0286661
-0.0324083
-0.0210926
-0.0221448
-0.0183234
-0.0264903
-0.0013622
-0.0007826
0.0244051
0.0046595
0.0151575
0.0056737
-0.0148686
0.0023927
0.0169403
0.0158577
0.0121559
-0.0188568
-0.0126387
-0.0004568
0.0018756
0.0057629
-0.0160470
0.0090027
-0.0095939
-0.0034969
0.0077600
0.0061080
-0.0059149
0.0188270
0.0086512
0.0047220
-0.0041273
0.0013163
-0.0148489
-0.0130669
0.0013185
-0.0222132
0.0005938
0.0076419
0.0016207
0.0193867
0.0235628
0.0073664
-0.0011046
-0.0019247
-0.0157007
-0.0010347
-0.0019580
-0.0154652
-0.0175783
0.0157713
-0.0116333
0.0063063
0.0051078
0.0011878
0.0119817
0.0107506
-0.0169993
-0.0043161
0.0054499
0.0168166
0.0109915
0.0101108
0.0134771
0.0208936
0.0064483
-0.0067504
-0.0061085
-0.0208083
0.0138157
0.0008608
0.0154753
0.0067205
-0.0045462
-0.0040774
0.0193208
0.0057820
0.0195768
-0.0182551
0.0070297
-0.0235543
0.0048068
-0.0123179
-0.0022115
-0.0054748
0.0020913
-0.0091492
0.0029628
0.0033990
-0.0045147
-0.0143804
-0.0055439
0.0064151
-0.0019329
0.0132868
0.0222795
-0.0082600
0.0131857
-0.0113197
0.0150209
0.0056860
-0.0055679
0.0085172
0.0136836
0.0192403
-0.0162341
0.0001762
-0.0082373
0.0014145
0.0119869
-0.0143751
-0.0178146
-0.0095765
-0.0171061
0.0012488
-0.0042948
0.0143132
-0.0117551
-0.0084540
0.0027213
-0.0156816
0.0018028
-0.0075949
0.0144489
-0.0008960
0.0047391
0.0047407
0.0022930
-0.0169769
-0.0119529
-0.0174825
0.0136788
-0.0165837
-0.0044796
-0.0120145
-0.0079663
-0.0075851
-0.0167032
0.0081546
-0.0076949
-0.0144037
-0.0150760
0.0142352
-0.0150130
0.0135664
0.0186641
0.0026595
0.0217324
-0.0086943
-0.0126582
-0.0086197
0.0106249
-0.0027363
0.0054450
0.0128091
-0.0049606
0.0061894
0.0116332
-0.0065496
-0.0069427
-0.0044982
-0.0091777
-0.0080360
-0.0092282
0.0064255
0.0124013
0.0053824
0.0116404
-0.0040838
-0.0002036
0.0171810
0.0132001
-0.0020578
-0.0123929
0.0029988
0.0123541
0.0107219
0.0029672
0.0124603
-0.0083177
0.0020184
-0.0089489
-0.0183149
-0.0030438
-0.0036819
0.0110205
0.0047684
-0.0037370
0.0156457
-0.0059398
-0.0174993
0.0021743
0.0025637
0.0159148
-0.0026985
-0.0048387
0.0143776
-0.0041783
0.0018701
-0.0071297
0.0083938
0.0005180
0.0056812
0.0226159
0.0133110
-0.0063786
0.0042505
-0.0233927
0.0019679
-0.0037316
0.0028881
0.0111294
0.0119497
0.0053197
0.0087605
0.0061956
0.0127246
-0.0045545
0.0160261
-0.0104545
0.0062195
0.0046214
0.0076271
0.0061076
-0.0009541
-0.0082690
-0.0138186
-0.0007938
0.0031294
-0.0058180
0.0105200
0.0107817
-0.0052883
0.0019402
-0.0012761
0.0185972
-0.0136711
-0.0026965
-0.0034129
0.0113843
0.0224469
0.0031654
-0.0112832
0.0054087
-0.0144053
-0.0184030
0.0006824
0.0171837
-0.0080947
0.0179211
-0.0097320
0.0151128
0.0015150
0.0028634
0.0081030
-0.0073712
-0.0004728
0.0113353
-0.0116794
-0.0165785
-0.0014551
0.0202299
-0.0080863
0.0243270
0.0217975
-0.0115031
-0.0123688
-0.0188446
-0.0235955
-0.0147037
0.0373857
0.1256148
0.1100564
-0.0320114
-0.1742286
-0.2324962
-0.1192699
0.0450553
0.1638139
0.1630987
0.0827796
0.0200053
-0.0156274
-0.0124253
-0.0457575
-0.0659553
-0.0410689
-0.0414525
-0.0006955
-0.0166849
0.0270247
-0.0008627
0.0287611
0.0336859
0.0273206
0.0112732
0.0058664
0.0022276
0.0029272
0.0008719
-0.0123186
0.0085825
0.0039344
-0.0183293
0.0067986
0.0136347
0.0137106
0.0210675
0.0038208
0.0206715
0.0093372
0.0120427
0.0055623
0.0038768
-0.0082594
0.0039053
0.0150396
0.0070179
0.0100092
-0.0172125
0.0114607
-0.0123841
-0.0147504
0.0185255
0.0029605
-0.0166248
0.0032829
0.0179407
0.0078297
0.0183906
-0.0050242
0.0158506
-0.0050063
-0.0160474
-0.0174828
0.0020271
-0.0086395
-0.0130891
-0.0224314
0.0003964
-0.0029216
0.0031116
0.0214240
-0.0000681
0.0049844
-0.0036625
0.0165010
-0.0161278
0.0047524
-0.0081026
-0.0177908
0.0200144
0.0170299
-0.0061779
-0.0186149
-0.0206247
-0.0020571
0.0174927
0.0086956
0.0052922
-0.0063461
0.0178050
-0.0064554
0.0228178
-0.0171738
-0.0123385
0.0002251
-0.0055263
0.0028318
0.0152993
-0.0154452
-0.0091963
0.0056777
0.0141122
-0.0102804
0.0160962
-0.0015524
0.0170099
0.0007055
0.0007092
0.0142620
-0.0191307
0.0175551
0.0081675
-0.0151370
0.0153996
0.0077976
-0.0017990
-0.0158663
0.0083763
0.0108808
0.0149506
0.0196428
-0.0191312
-0.0170938
-0.0111984
-0.0053351
0.0141831
0.0135348
-0.0012367
0.0140776
-0.0019387
-0.0216880
-0.0144888
0.0176406
0.0205614
-0.0112248
-0.0128038
-0.0118839
0.0182191
0.0015904
0.0007153
0.0072586
0.0060942
-0.0037227
0.0104670
-0.0050534
0.0115448
0.0108038
0.0106698
-0.0042599
-0.0146051
0.0029184
-0.0003913
-0.0011478
0.0033542
-0.0035841
-0.0242673
-0.0113633
-0.0118036
0.0205121
0.0106804
-0.0063640
-0.0126427
-0.0054097
-0.0017221
0.0147330
0.0127028
-0.0098388
0.0150852
-0.0106667
0.0017613
0.0177345
-0.0097710
0.0130791
0.0109497
-0.0134430
-0.0182695
-0.0057400
-0.0167828
-0.0092469
-0.0080578
0.0227913
-0.0139812
0.0147082
0.0124170
0.0011773
0.0089975
-0.0201759
-0.0022556
0.0093345
0.0225101
-0.0052047
-0.0091838
-0.0246277
-0.0178676
0.0043027
-0.0099814
0.0005140
-0.0101267
-0.0060538
-0.0005911
-0.0106946
0.0054553
0.0284028
0.0151349
0.0046624
-0.0019535
-0.0109016
0.0069016
-0.0125096
0.0116275
0.0014454
-0.0020178
-0.0093160
0.0130864
0.0101797
-0.0158369
0.0119685
0.0194738
0.0061864
0.0065292
-0.0064391
0.0151954
-0.0203049
-0.0156387
-0.0204779
-0.0095483
0.0189888
-0.0077687
0.0003557
0.0024771
-0.0101048
0.0144811
0.0142107
-0.0157312
0.0033682
0.0044203
0.0034983
0.0042357
0.0133751
-0.0158360
0.0170810
-0.0003982
0.0061875
-0.0166481
0.0005359
-0.0006786
-0.0093595
-0.0163631
0.0200352
0.0208714
-0.0171784
-0.0015965
-0.0086055
-0.0162786
-0.0067974
-0.0159398
0.0079437
0.0131207
0.0161430
-0.0103776
-0.0021232
0.0103136
0.0026961
0.0050879
-0.0159767
-0.0048345
0.0159150
0.0233443
-0.0037290
-0.0111278
0.0085740
0.0088095
0.0189690
0.0166956
0.0188213
-0.0248616
-0.0137765
-0.0432353
0.0075816
0.0493536
0.0857149
0.0675447
-0.0432958
