-0.0800012
-0.0315850
-0.0865950
0.0061433
-0.0888411
-0.1253886
-0.0637754
-0.1102078
-0.1185887
-0.0250640
0.1358900
-0.0997850
-0.0995244
-0.0047355
-0.0567704
0.1365312
-0.1200531
0.0028952
0.1086403
0.0185877
-0.0602303
-0.0477142
0.1038498
-0.1373563
-0.0385802
0.0835588
0.0109228
-0.1027511
-0.0870802
-0.0222425
0.1294814
-0.0069522
-0.1245107
-0.0175943
0.0334914
0.0783190
0.0578619
-0.0913523
-0.0498595
-0.0751724
-0.1313042
0.0108450
-0.0324757
-0.0903579
0.0348020
0.1371450
0.0326472
0.0524922
-0.1060453
-0.0532652
0.0315975
0.0326336
-0.2003594
0.0262244
-0.1859703
-0.0978277
0.0811734
-0.0573686
-0.0444412
0.2583753
0.1106933
0.1753325
0.3641796
0.2004907
-0.1839138
-0.4122037
-0.5511975
-0.4473804
-0.0773591
0.0011485
0.1636525
0.2890059
0.2946209
0.0389583
-0.0211971
0.1485456
-0.0110036
-0.1751843
0.0307012
-0.0954707
-0.0568997
-0.0771392
-0.0374295
-0.0043218
-0.0723849
-0.0408390
0.0493636
-0.0226931
0.1105801
0.1111682
0.0365854
0.1442904
-0.0510912
-0.0863283
0.1023880
0.0113494
0.0355708
-0.0327132
-0.1371055
-0.1013113
-0.0749052
0.0822056
-0.0509831
-0.1640238
-0.0899118
-0.0557606
0.0019761
0.0545627
0.1023985
0.1471961
0.0455967
0.1632167
0.1799783
-0.1068296
-0.0151167
-0.1353718
-0.1996537
-0.2049172
-0.3254644
-0.5122648
-0.1203710
0.6090160
0.7625733
0.5557835
0.2378529
-0.2876270
-0.2957394
-0.2804169
-0.1323289
-0.0336612
0.0165596
-0.1105975
-0.0147656
0.1749847
0.2177327
0.2277541
0.1631320
0.0018540
-0.0153651
0.0980891
0.0363529
-0.0514287
-0.0540811
-0.0126039
-0.0318347
0.0353582
-0.0334287
-0.1478994
-0.0284878
0.1411693
0.0624175
0.0256647
0.0311358
-0.0121783
0.0114818
-0.0150739
-0.0268562
0.0939054
-0.1245507
-0.0919071
-0.2239863
-0.2267920
-0.0061114
-0.1535832
-0.0473286
0.0776985
0.1841200
0.0688979
0.2409218
0.1775491
0.2526115
-0.0403686
-0.1836009
-0.3467422
-0.5585269
-0.3995369
-0.1483731
0.1374096
0.1768503
0.3044824
0.1957122
0.0173884
-0.0438370
0.0245294
-0.0371966
0.0019551
0.0381016
-0.0116619
-0.0699335
-0.0053869
0.0318612
0.0113139
0.0189887
0.0378606
-0.0594985
0.0728505
-0.1311557
-0.0123929
0.0880521
0.0595199
-0.0478443
-0.0041655
0.1167610
0.1646662
0.1757426
0.0051811
0.2361322
-0.0393520
-0.0199150
-0.0467932
-0.0674697
-0.1204251
-0.3729291
-0.3801023
-0.3268772
0.1412093
0.6109802
0.9123262
0.5619041
-0.1251077
-0.2648245
-0.3907710
-0.2504548
-0.0427763
-0.2278631
-0.0315873
0.0680938
0.0840775
0.0248584
0.1950702
-0.0095586
0.0382587
-0.0266855
-0.0107330
0.0795604
0.0305802
-0.0570422
-0.0759925
0.0403495
-0.0109631
0.0423774
-0.0750147
-0.0975265
0.0466187
0.1152571
-0.0663162
0.0001514
0.0563393
0.0531858
-0.0762327
-0.0137373
-0.0414515
-0.1545397
-0.1031751
0.0153628
0.0013040
-0.0878581
0.0854737
0.1028849
-0.0970379
0.0728828
0.0607010
0.0515618
0.0640370
0.1095518
0.1264099
-0.0718126
0.1095778
0.0067023
-0.0825702
0.0058855
-0.0578053
-0.0436359
-0.1426150
-0.1261995
-0.0631152
0.0314210
0.1935171
0.2941994
0.4543379
0.1448007
-0.2394888
-0.5402436
-0.6123020
-0.3045900
0.0404208
0.3384236
0.3244167
0.3643665
0.1279163
-0.0705787
-0.1534394
-0.2176648
-0.1271869
0.0157047
-0.1747775
0.0334282
-0.0541307
-0.0122767
0.2350034
0.2239727
0.0619923
0.1793449
0.0488922
-0.0121267
-0.3815179
-0.6807072
-0.5388520
-0.0191124
0.3808751
0.4876087
0.4344784
-0.0034208
0.0327154
-0.0230729
0.0364990
-0.1930089
-0.0741601
-0.1038832
-0.1147880
-0.0441647
-0.0513172
0.1394988
-0.0043743
0.1721875
-0.0040152
0.0303139
-0.0030849
0.0676584
-0.0135226
0.1198271
0.1232513
0.1192151
-0.0802030
-0.0203380
-0.0091630
-0.1812522
0.0431748
-0.0442070
-0.1496199
-0.2353022
-0.0739098
-0.0074156
0.2272161
0.3425637
0.3217011
0.1069957
0.0891271
-0.0897048
-0.1220190
-0.0985143
-0.0172602
-0.3198187
-0.2955665
-0.2856064
-0.1958437
0.0093205
0.0489158
0.0492138
0.0532398
0.0821301
0.1501371
0.1749711
-0.0677123
-0.1086227
0.0331688
-0.2053667
0.0208316
0.0150058
-0.1596631
-0.0945628
-0.0905970
-0.0150280
0.0098075
0.1094580
-0.0271016
0.0310784
-0.0548530
0.0836686
-0.1077171
-0.0169325
0.0870261
0.0050563
0.0208421
-0.1303175
-0.0628003
-0.0940496
0.0752564
0.0628176
0.1217425
0.1213168
0.0676680
0.1898562
-0.0567452
-0.0588250
0.0287213
-0.0613865
0.1402488
-0.0226237
0.0186653
-0.1200486
-0.1115589
-0.2619639
-0.3262111
-0.0778385
0.4433073
0.7393305
0.5253041
0.1195007
-0.2388314
-0.4376413
-0.2763531
-0.1446412
-0.0542296
0.0138884
-0.0002669
0.1319418
-0.0255190
-0.0629977
-0.0027462
-0.0021266
0.0128671
-0.0182823
0.0286339
0.1288746
-0.0450118
-0.0498531
0.0539286
-0.2068325
-0.1833582
0.0353536
-0.0564879
-0.0047278
0.0123615
-0.0576537
0.1234632
0.0378184
0.0552071
-0.0400677
0.1175812
0.0326273
0.0858160
-0.0698838
-0.1326173
-0.0023559
-0.1157559
-0.0826980
-0.0665714
-0.0507005
0.0875252
-0.0246264
0.0960343
-0.1170996
0.1041376
-0.0317258
-0.0313909
0.1288106
-0.0654391
0.0488650
-0.1199924
-0.1108288
-0.0046432
0.1176037
0.0368898
-0.0665203
-0.0917590
0.0322798
-0.0394221
-0.0804930
0.1255042
-0.0162528
0.0166196
0.0922001
-0.0080658
0.0065948
0.0441585
-0.0324971
0.1378165
0.0789011
0.0904877
-0.0709610
-0.1089327
-0.0705765
-0.0257685
0.0160037
-0.1041626
-0.0722021
-0.0465786
-0.1308187
-0.0742662
0.0947763
-0.0456542
0.0308042
-0.0561031
0.0776390
0.0767103
0.0463479
-0.1215877
-0.4752822
-0.4409043
-0.1414055
0.2454387
0.7196881
0.4397086
0.0173573
-0.2244165
-0.2450686
0.0143629
-0.0862385
-0.0121611
-0.3011817
-0.0798882
-0.0837674
0.0164845
-0.0414505
-0.1018010
0.1654005
0.0755298
0.2360242
0.2871234
0.1735436
0.0860211
-0.0008987
-0.1210330
-0.1165217
-0.3839203
-0.5581667
-0.3811695
0.2364045
0.5481378
0.3539793
0.1972765
-0.0762177
0.0673552
0.0276795
0.0951100
-0.0806720
-0.0046777
-0.1437562
0.0200538
-0.0983266
0.0003380
-0.0280199
-0.1960364
-0.2224107
-0.1490651
-0.0532566
0.0793944
0.2439597
0.1869474
0.4697711
0.3376059
0.0638289
-0.2410301
-0.1576088
-0.1214050
-0.1827738
-0.0035910
-0.0561212
-0.2526981
0.0420568
0.0441630
0.1136488
0.2196051
0.0503288
0.0865419
0.1496580
0.1857999
0.0966004
-0.0065898
-0.0749410
0.0257605
-0.1648746
-0.1087641
-0.1675239
-0.0159884
-0.0806166
-0.1180886
0.1218758
0.0518721
-0.0269308
0.1604964
0.1181552
-0.0320354
0.0705418
0.2291460
0.0482868
-0.1094986
-0.2000026
-0.0658485
-0.2826331
-0.3053144
-0.3784350
-0.4024654
-0.0025138
0.4394071
0.9629580
0.8496016
0.2984269
-0.3149034
-0.6095752
-0.2573019
-0.0709418
-0.2119978
-0.1083910
-0.0652582
0.0639050
0.1379050
0.2167718
0.1998153
0.1977398
0.0319410
-0.0152400
0.0308926
0.1249964
0.0232938
0.0305752
-0.1527440
-0.1586223
-0.0003387
-0.1658119
0.0723399
-0.1043985
0.1110675
0.0046675
0.1627361
-0.0089735
-0.0609046
0.1335733
0.1056301
-0.0328095
0.0447376
-0.1159924
0.0558762
0.0114308
0.0007944
0.1000813
0.1006232
0.1062701
-0.0478503
0.1190720
0.1014253
-0.0496905
0.0559987
0.1024949
-0.0995015
0.0933495
0.0629506
-0.0955053
0.1618513
0.0331452
0.0561799
0.1421876
0.0807196
0.1187321
-0.0620523
-0.1271338
-0.1286675
-0.1826335
0.0643079
-0.1393049
-0.0285469
-0.0801729
0.0999686
0.0557279
0.1422572
0.1365491
0.0826937
0.0140302
0.1041389
0.0367381
-0.1011916
-0.2866205
-0.6065362
-0.4150862
-0.2129792
0.4113494
0.4217043
0.4671096
0.0335230
0.0085182
-0.0503017
-0.0120619
-0.0404192
-0.0840105
-0.0090422
-0.1841358
-0.0144275
-0.1008849
0.0173773
0.0111421
-0.1394724
-0.1310504
0.0359406
0.0437158
0.2926478
0.3327640
0.3438105
0.1062344
-0.2134627
-0.2257825
-0.1110939
0.0704583
0.0425111
-0.0275756
0.1322884
0.0984544
-0.0668590
0.0472948
-0.0441161
0.0412896
0.0363989
-0.0200014
0.0217745
0.0625025
0.0959628
-0.0536262
0.0935747
0.1150146
0.1082343
0.0985546
-0.0998038
-0.1720510
-0.0531122
-0.1710675
-0.2426341
-0.0241689
-0.0235854
0.0200695
0.1318534
0.0237867
0.2506629
0.4000341
0.3220321
0.2420488
0.1216166
0.0560375
0.0298416
-0.3866082
-1.0150653
-1.1742477
-0.4642946
0.6256912
1.1325061
0.8671003
0.4869412
0.1492613
-0.1080378
-0.1689587
-0.2229718
-0.3456397
-0.2856877
-0.1357492
-0.3136027
-0.2379564
-0.0582763
0.1344923
-0.0086909
0.2864839
0.3215340
0.4572956
0.4471111
0.1077025
-0.0768733
-0.2400778
-0.3120114
-0.2356748
-0.2009185
-0.1986244
-0.2086309
-0.0755580
0.0540851
0.1017819
0.2422462
0.2234653
0.4531630
0.2455261
0.1801193
0.1816575
0.0145035
0.1250009
-0.1535371
-0.7876436
-1.3043264
-0.8598232
0.0456787
0.9516597
1.2180060
0.6181177
0.2486166
0.0333525
0.0229172
-0.1260764
-0.3852799
-0.2433681
-0.2294869
-0.1112104
-0.2096362
-0.0027309
-0.0715360
0.2864537
0.2474664
0.3679576
0.3197941
-0.0083442
0.0730785
-0.1114376
-0.1648287
-0.2456603
-0.1309568
-0.1444409
0.0385655
-0.0999148
0.0032744
0.1406458
0.1716922
0.1062569
0.1177462
0.0903729
-0.2034709
-0.0261388
0.0452455
0.0262692
0.0006841
0.1209216
0.0859771
0.1435670
0.0525206
0.0204320
0.0920064
0.1151467
-0.1529608
-0.0343803
0.0498028
0.0806072
-0.0110410
0.0237691
0.0247694
-0.0905638
-0.0354040
0.0814307
-0.0725513
-0.0852228
0.0663679
-0.1542131
0.0108841
-0.0396808
-0.1715270
0.0131086
0.1071026
0.0100340
0.1231352
0.1495630
-0.0449859
0.1002723
0.1879749
-0.0454627
-0.0741214
-0.0780349
0.0833931
-0.1827260
-0.0551061
-0.1099883
-0.2259155
-0.1762893
-0.0541160
-0.0687494
0.0565778
-0.0173004
0.1463357
0.2471368
0.2462947
0.2901763
0.1730466
0.1412560
0.0656226
-0.1020624
-0.7392645
-1.1318133
-0.9124843
0.0183865
0.8654482
1.1759663
0.6907065
0.2610895
-0.2108857
-0.0153944
-0.1755696
-0.3599631
-0.3529896
-0.3062214
-0.1517093
-0.1126829
0.0693976
0.1735907
0.2458519
0.1285360
0.2344457
-0.0439976
-0.1065223
0.0306930
-0.1526376
-0.1701739
0.0512034
0.1312578
0.0275951
-0.0531064
-0.1015940
-0.0493697
-0.0697103
-0.1424015
0.0617458
0.1019992
0.1744052
0.2055123
-0.0116240
-0.0134434
-0.2254710
-0.0799271
-0.1135820
-0.0477403
0.1687944
0.0533080
0.0658844
-0.0323842
-0.0569226
0.0746039
-0.0629826
0.0171066
-0.1525352
-0.0223422
-0.0735357
-0.0999804
-0.0974315
-0.0765500
0.0121530
0.0980610
0.0555664
-0.0577326
0.0778284
-0.0661553
-0.0768982
-0.0938718
-0.0233353
-0.1364084
-0.1147477
0.0097714
-0.0375101
0.1032014
-0.0011673
-0.0651382
0.0670449
-0.0927261
-0.0220203
-0.0286766
-0.0311592
-0.0292906
-0.2337511
-0.0420501
-0.1361261
0.0521680
0.0207345
-0.0088784
0.1767889
0.2497128
0.2311165
0.2104184
0.1182492
0.0141570
0.0956887
-0.1829832
-0.2483839
-0.8628188
-0.8885072
-0.6391509
0.3415395
1.1319810
1.2122457
0.8894627
-0.0412027
-0.5281569
-0.3613636
-0.3879906
-0.2896286
-0.2289619
-0.2028354
-0.0399210
0.2706935
0.0880176
0.1567362
0.2248187
0.0996012
-0.0347983
-0.0779607
-0.0232403
-0.0915240
-0.0446307
-0.0635003
-0.1260202
-0.0564938
-0.0146495
-0.1086709
-0.1305185
-0.1243500
-0.0315925
-0.1044225
0.0948435
0.0635279
0.0597131
0.1283113
0.0519541
-0.0310176
0.0999985
-0.0649383
0.1173040
-0.1359243
0.0635087
-0.0991923
-0.0430970
0.1086497
-0.0962836
0.0396132
-0.0399915
0.0329214
0.0306360
-0.0353309
0.0147869
-0.0419773
-0.1193244
0.0081350
-0.1222453
-0.0035383
-0.1064509
-0.0479472
-0.0536234
0.0404252
-0.1490382
0.0412159
0.0532333
-0.1146429
-0.0193885
0.1277930
0.1010262
0.1282395
0.0297196
0.0535538
-0.0982988
0.0023165
-0.1085363
-0.0440909
-0.0453282
0.0821557
-0.0191492
-0.1458837
0.0006485
-0.1559996
-0.0147591
-0.1107597
-0.1168390
-0.0674842
0.0040254
0.1384377
0.1265698
0.1631701
0.1438692
-0.0369467
-0.0548472
-0.3631524
-0.2776739
-0.0234661
0.2013700
0.3033541
0.3429962
0.1358071
-0.1224189
-0.0229180
-0.0614287
-0.2184995
-0.1770897
-0.0848582
0.0296807
0.1680738
0.0980058
-0.1302401
-0.0483650
-0.2191472
0.0107683
0.0390185
0.0600704
0.0045901
-0.1182957
-0.0732544
-0.0746338
0.0196191
0.1347992
0.0243143
0.0172762
-0.1233669
-0.0182484
-0.0540260
-0.0691838
-0.1218606
0.0144476
0.0704951
-0.0149270
-0.0561678
0.0454195
0.0924599
0.1525560
-0.0023562
0.1240194
0.1361462
-0.0135700
-0.1301358
0.0952722
-0.1484103
0.0510239
-0.1078384
0.0533949
-0.0667775
-0.0186431
-0.0896158
0.0367892
0.0935259
-0.0172168
0.1331304
0.0814360
0.0807810
0.0844358
-0.1368431
-0.0237877
-0.0801561
0.0506813
-0.0076269
0.0799566
-0.1301661
0.0180078
0.1332160
-0.0346459
-0.0085632
0.1612994
0.0946793
0.1412085
0.0156179
-0.1187289
-0.0181708
-0.1443177
-0.1632306
0.0455209
-0.1451043
0.0091119
-0.0568322
0.1301764
-0.0582832
-0.0297301
0.1618350
0.2226537
0.0432375
0.1810984
-0.0787437
-0.0522467
-0.1472031
-0.4073102
-0.6836733
-0.4060724
0.0866278
0.4888505
0.4681230
0.3582439
0.1824019
-0.1078678
0.0701762
0.0164648
-0.0818444
-0.2506395
-0.1970123
-0.1147135
0.0316673
0.1511679
0.2255792
-0.0214718
0.1602214
0.1375404
-0.0355365
0.1241742
0.0133553
-0.0524443
-0.0589120
-0.0160939
0.0370452
-0.1393150
-0.0542020
-0.0744304
0.0878185
-0.1297633
0.1280202
-0.0561946
-0.1185564
0.0293936
-0.0293789
0.1359832
0.0466148
0.0913574
-0.0218120
0.0491689
0.0409365
0.0350805
-0.0555115
-0.0256668
0.0139226
0.0161984
-0.0622920
-0.0502764
-0.0688190
0.0468301
-0.0844180
-0.0668546
0.1226946
-0.0381783
-0.0431635
0.0416401
-0.0287733
-0.0567043
-0.0002528
0.0601055
0.0507386
-0.1107962
0.0956613
0.0757674
-0.1046421
-0.1283772
-0.0485667
-0.0922185
0.0931922
0.1019151
0.0987899
-0.0836386
-0.0562004
-0.0176994
-0.1190771
-0.0209693
0.0725833
0.0138095
0.0165719
-0.2021424
-0.1452541
-0.0242928
0.0358169
0.0496279
0.0486592
