0.0102014
0.0023751
0.0151141
-0.0057175
-0.0118055
-0.0192904
-0.0060130
-0.0286162
-0.0281357
0.0277111
0.0020881
-0.0043808
-0.0193782
-0.0206917
0.0024255
0.0078188
-0.0120690
-0.0015091
0.0144620
0.0023556
0.0172028
0.0163373
-0.0090265
-0.0209984
-0.0272446
0.0032476
0.0197426
0.0158574
0.0083398
-0.0110624
0.0158224
-0.0082691
-0.0029535
0.0240055
0.0006033
0.0064976
0.0017614
0.0165749
-0.0000099
-0.0173454
-0.0251394
-0.0269384
0.0118901
-0.0130516
-0.0222697
0.0018587
0.0022969
-0.0226049
0.0197235
-0.0132032
-0.0261726
-0.0272675
0.0010542
0.0261533
-0.0101072
-0.0079019
0.0090878
-0.0184825
0.0137145
-0.0084129
0.0188347
-0.0136219
0.0037273
0.0145435
-0.0130008
-0.0071192
-0.0022888
-0.0049542
-0.0250823
-0.0108598
-0.0187611
0.0072650
-0.0166059
0.0295446
-0.0100526
0.0135657
-0.0300883
-0.0146889
0.0145662
-0.0173323
-0.0221028
-0.0009351
-0.0252517
-0.0011112
-0.0169283
0.0288780
-0.0169934
-0.0102508
-0.0159142
0.0133246
-0.0020877
0.0013091
0.0218939
0.0176303
0.0009268
-0.0037602
0.0026596
-0.0299542
0.0065030
-0.0127560
-0.0081720
0.0159373
0.0219119
0.0020113
-0.0080584
0.0116620
-0.0128121
-0.0028535
0.0039732
-0.0074047
0.0090229
0.0079289
0.0246694
-0.0171217
-0.0020305
0.0121868
0.0183595
-0.0052029
0.0157534
-0.0070063
0.0030251
0.0146042
-0.0147397
-0.0212076
-0.0028131
-0.0044000
0.0167206
0.0055080
0.0191011
-0.0181648
0.0178435
0.0226795
-0.0250564
-0.0083654
-0.0231426
-0.0053405
-0.0184980
0.0048258
0.0043195
0.0169287
0.0227554
-0.0207140
-0.0277399
0.0037144
-0.0013654
-0.0352963
0.0115539
0.0184583
0.0327673
0.0381315
-0.0127470
0.0101326
0.0235902
0.0224193
0.0010192
0.0144752
-0.0096864
-0.0293228
-0.0237871
-0.0519348
-0.0321354
-0.0453837
0.0157052
-0.0220122
0.0030765
0.0211250
0.0607665
0.0340556
0.0797121
0.0167548
0.0175566
-0.0206820
-0.0666720
-0.0579726
-0.1152429
-0.1106489
-0.1262653
-0.0882458
0.0290281
0.1981419
0.2818497
0.2220109
0.0979969
-0.1024602
-0.1918664
-0.1600096
-0.1015424
-0.0492499
0.0084774
0.0188238
0.0526020
0.0731693
0.0859543
0.0626174
0.0314143
-0.0021965
0.0133318
-0.0018826
-0.0444999
-0.0291708
-0.0519384
0.0009312
0.0043310
-0.0105423
-0.0268106
0.0100914
-0.0026648
0.0116561
0.0057882
0.0043219
0.0141896
0.0183754
0.0100652
0.0206941
0.0166185
-0.0044267
-0.0260173
0.0072952
-0.0019217
-0.0047724
0.0220034
-0.0166650
0.0101379
-0.0137738
0.0192203
0.0305140
0.0067488
0.0246158
-0.0133792
0.0153792
-0.0113586
-0.0184114
-0.0110661
0.0254514
-0.0026038
0.0239585
-0.0244875
0.0225752
0.0280866
0.0021709
-0.0098263
0.0193509
0.0008119
-0.0091432
-0.0062464
-0.0100291
-0.0166547
0.0249171
0.0126790
0.0066668
0.0157886
-0.0143152
-0.0256761
-0.0295155
0.0251014
0.0136335
-0.0235332
-0.0119365
0.0337681
0.0304136
-0.0039291
0.0163430
-0.0246712
0.0005534
-0.0072653
-0.0173921
-0.0067117
-0.0211162
0.0180517
0.0229971
-0.0208959
0.0054312
-0.0218205
-0.0222101
-0.0138064
-0.0108314
-0.0089325
0.0039440
-0.0256762
-0.0207064
0.0206724
-0.0053580
-0.0157652
0.0026852
-0.0020094
0.0133619
-0.0240260
-0.0280267
0.0002982
0.0112229
0.0067110
0.0257702
0.0077546
-0.0007011
-0.0100929
-0.0062554
0.0151877
-0.0170567
-0.0010910
0.0015400
-0.0275757
0.0296887
-0.0156099
0.0135594
0.0287218
0.0114160
-0.0201539
0.0185302
-0.0192173
-0.0142663
-0.0054439
-0.0131174
-0.0067260
0.0066051
0.0070795
0.0292930
-0.0069849
-0.0114385
0.0160798
0.0226876
0.0098656
-0.0116917
0.0180716
-0.0158732
-0.0306920
-0.0221917
-0.0038970
0.0275357
-0.0118637
0.0235747
-0.0284988
-0.0202094
0.0035889
0.0005038
-0.0003312
0.0195535
-0.0131795
0.0104194
0.0060480
0.0082315
0.0217682
0.0189093
-0.0139527
0.0199352
0.0207431
-0.0010701
0.0217978
0.0324710
0.0064499
-0.0109151
-0.0039986
-0.0296478
-0.0300593
-0.0273752
0.0085431
0.0026598
-0.0004996
0.0322745
0.0087440
0.0047821
-0.0143122
0.0161400
-0.0248329
-0.0241378
-0.0019917
0.0295866
0.0276885
-0.0169812
-0.0124802
-0.0093379
0.0098067
0.0034748
-0.0056727
0.0068095
0.0210270
-0.0138826
0.0113107
0.0265236
-0.0173229
-0.0063877
-0.0192947
-0.0174771
0.0189000
-0.0020698
0.0039523
-0.0154045
-0.0200340
0.0215545
0.0060565
-0.0218657
-0.0097610
0.0232990
0.0115019
0.0055858
0.0169416
-0.0203209
0.0130069
0.0206666
0.0152272
-0.0097649
0.0116201
-0.0232568
0.0093824
-0.0200061
-0.0252214
-0.0108328
-0.0392101
-0.0010270
-0.0273392
-0.0297976
0.0160765
0.0483539
0.0243775
0.0421092
0.0516252
0.0473696
0.0102564
0.0010155
-0.0025948
-0.0326786
-0.0533286
-0.0995640
-0.1089333
-0.0930195
-0.0339845
0.1162279
0.2660622
0.2745019
0.1296025
-0.0329597
-0.1904625
-0.2067001
-0.1370548
-0.0515456
-0.0093704
-0.0227252
0.0325418
0.0448315
0.0403154
0.0407128
0.0069162
0.0327917
0.0066533
0.0254711
-0.0306747
-0.0268672
-0.0524001
-0.0122855
-0.0435745
0.0043863
-0.0102073
-0.0137403
0.0149470
-0.0152459
-0.0037868
-0.0092174
0.0415457
-0.0080677
0.0182078
-0.0084322
0.0083883
-0.0295422
-0.0042232
0.0059962
-0.0292665
0.0023039
0.0026506
0.0135037
-0.0043195
0.0107027
0.0024239
-0.0074159
-0.0160168
0.0086464
0.0281938
-0.0021513
0.0066717
-0.0198576
0.0270707
-0.0077849
-0.0210977
-0.0239445
0.0162352
-0.0105337
-0.0144483
-0.0256040
0.0002866
-0.0134695
-0.0129239
-0.0048820
0.0000970
0.0288038
-0.0007586
-0.0191618
-0.0153362
0.0048324
0.0209592
0.0098587
0.0223165
0.0204052
0.0127753
0.0221030
-0.0011717
-0.0084004
0.0030883
-0.0138581
-0.0112976
-0.0153564
-0.0091777
0.0036956
-0.0123465
-0.0062575
-0.0191855
-0.0192670
-0.0160158
0.0104404
0.0138575
0.0063289
-0.0151636
-0.0092952
0.0086212
-0.0190606
-0.0088197
0.0186681
0.0022566
-0.0146399
0.0231312
-0.0264981
-0.0218639
-0.0185859
0.0129514
-0.0094184
0.0114975
0.0216557
0.0264540
-0.0127722
-0.0124613
0.0038402
-0.0043386
-0.0139062
-0.0256622
0.0167549
-0.0078327
0.0155163
0.0081450
-0.0020024
-0.0263973
-0.0176368
-0.0238451
0.0290969
0.0257614
0.0023201
-0.0222513
-0.0082590
-0.0256985
0.0003043
0.0059396
0.0122184
-0.0185920
0.0007605
-0.0039376
-0.0248923
-0.0215217
-0.0073969
-0.0018071
-0.0178396
0.0276586
0.0203542
-0.0084223
0.0236576
-0.0134836
0.0026220
0.0063631
0.0273515
0.0019762
0.0045041
0.0157470
0.0098084
0.0225776
-0.0164965
0.0150122
-0.0287795
0.0026966
0.0040625
0.0142665
-0.0173320
-0.0172721
0.0073030
0.0278856
0.0267248
0.0240063
0.0186286
0.0010238
0.0161106
-0.0270670
0.0170235
-0.0122530
0.0010075
0.0007013
0.0201582
0.0300684
0.0032219
-0.0256131
-0.0030563
0.0154494
-0.0213296
-0.0085788
-0.0118187
0.0071396
0.0067132
-0.0194052
-0.0208960
0.0191660
0.0158223
-0.0283971
-0.0076801
-0.0238355
0.0103479
-0.0273338
0.0010548
-0.0105901
0.0163160
-0.0227993
0.0269915
-0.0088343
-0.0063501
0.0104436
0.0333413
0.0149515
-0.0092358
-0.0030224
-0.0193424
-0.0051902
-0.0293891
-0.0024268
-0.0237730
0.0023729
0.0166575
0.0331953
0.0164589
0.0248604
0.0326845
0.0026387
0.0267815
0.0152381
0.0324831
0.0170495
-0.0138391
-0.0045976
0.0123616
-0.0115466
0.0061647
0.0043308
-0.0258400
-0.0079576
-0.0076834
0.0322904
0.0509569
0.0635865
0.0589595
0.0217181
0.0403822
-0.0035455
-0.0314387
-0.0579880
-0.0866022
-0.0699570
-0.1027544
-0.1077152
-0.0348455
0.0800706
0.2312043
0.2696859
0.1401633
0.0146778
-0.1551578
-0.1676929
-0.1091021
-0.0565335
0.0074030
-0.0059051
0.0304699
0.0564681
0.0478402
0.0253265
0.0088745
0.0192679
0.0089285
-0.0251366
-0.0302547
-0.0019298
0.0016850
-0.0343021
-0.0185400
0.0124930
-0.0309977
0.0195180
0.0214622
0.0003784
-0.0084370
-0.0030566
0.0248673
-0.0175795
0.0207832
-0.0024133
0.0109460
0.0181524
0.0096289
-0.0191684
-0.0212325
-0.0302714
0.0147679
-0.0036817
-0.0145872
0.0086213
-0.0106573
0.0130861
0.0160572
-0.0113989
0.0240416
0.0092624
0.0122635
-0.0089432
0.0044201
0.0123187
0.0044612
-0.0012477
0.0015779
0.0107884
-0.0081221
0.0184749
0.0190672
0.0124153
0.0192710
0.0203593
0.0160168
-0.0229614
0.0045582
-0.0170236
-0.0017695
0.0273690
-0.0248289
0.0048369
0.0162101
-0.0109980
-0.0281326
-0.0112497
0.0132148
-0.0208561
0.0099913
0.0315611
0.0106520
-0.0262105
-0.0208147
-0.0221127
-0.0052938
0.0076745
0.0101866
0.0051925
-0.0265031
-0.0041101
0.0214546
-0.0092292
-0.0149951
0.0210559
-0.0030763
-0.0118413
-0.0272785
0.0144460
-0.0117565
-0.0244666
0.0075061
0.0232860
-0.0011062
0.0158085
-0.0235321
0.0005225
0.0102609
0.0045652
-0.0169119
0.0031585
-0.0248410
-0.0104088
-0.0119278
-0.0014145
0.0237950
-0.0113688
0.0099943
-0.0072881
-0.0254418
-0.0245030
0.0208410
-0.0179004
0.0217369
0.0094177
0.0213425
0.0096636
0.0046198
-0.0111606
0.0061634
0.0094267
-0.0023972
-0.0050259
0.0070717
0.0239614
-0.0245593
0.0070920
0.0288908
0.0181150
-0.0021527
-0.0254807
0.0070452
-0.0176146
0.0240790
-0.0237066
-0.0194191
0.0014293
0.0047116
-0.0132673
0.0159499
0.0222506
-0.0174290
-0.0208718
-0.0248504
-0.0164311
0.0094791
0.0211497
-0.0223813
0.0018873
-0.0095364
0.0147397
0.0244102
-0.0009363
0.0229129
0.0141195
-0.0217876
-0.0199610
-0.0164233
-0.0061503
0.0180033
-0.0052763
-0.0266121
-0.0040069
-0.0079670
-0.0000206
-0.0115693
-0.0106444
0.0009123
0.0388879
0.0328963
-0.0105025
-0.0143563
-0.0333931
-0.0088422
0.0110210
0.0194243
0.0261377
-0.0245364
0.0017268
0.0034178
0.0239012
0.0310575
-0.0094572
-0.0015166
-0.0257121
0.0020398
0.0104463
0.0303069
-0.0272431
0.0060040
-0.0202442
-0.0237664
0.0040606
0.0198464
0.0030654
-0.0257353
-0.0259621
0.0143815
0.0106539
-0.0078148
0.0247479
-0.0108686
-0.0036929
-0.0068528
-0.0195370
0.0017996
0.0200691
0.0094305
-0.0146663
0.0035831
-0.0233180
0.0027783
-0.0425815
0.0140317
-0.0259596
-0.0030813
0.0125354
0.0562311
0.0618518
0.0204352
0.0546222
0.0213722
0.0133729
-0.0026403
-0.0477434
-0.0799828
-0.1089731
-0.1134899
-0.1325077
-0.0637721
0.0793939
0.2781330
0.3330648
0.1563282
-0.0413588
-0.1972060
-0.1820346
-0.1451639
-0.0421787
-0.0063276
0.0152218
0.0386844
0.0227330
0.0267104
0.0459073
0.0132743
0.0331664
0.0064574
0.0310153
-0.0103172
-0.0368796
-0.0104835
-0.0218191
-0.0366013
-0.0015677
0.0051421
0.0086561
-0.0198162
0.0260624
0.0260943
0.0315700
0.0155340
0.0343805
0.0241994
0.0006734
0.0108402
-0.0257040
0.0123317
0.0188977
-0.0156207
0.0094386
-0.0042954
0.0170147
-0.0140953
0.0028875
0.0081221
-0.0168531
-0.0014175
0.0116976
0.0005300
0.0124642
0.0118800
0.0038816
0.0251382
-0.0195398
0.0264073
0.0081289
-0.0057254
-0.0088886
-0.0018338
0.0049406
0.0176136
-0.0099276
-0.0031258
-0.0139360
0.0263069
-0.0216585
0.0281355
-0.0082101
-0.0263713
0.0255780
0.0281715
-0.0141386
0.0189661
0.0112418
0.0048711
-0.0193753
-0.0252893
0.0135244
0.0164848
0.0019920
-0.0190558
-0.0254663
0.0171203
-0.0139793
0.0072768
0.0275016
0.0074526
-0.0230810
0.0176903
-0.0277422
0.0167720
0.0108560
0.0140615
-0.0076659
-0.0012057
-0.0269161
-0.0028837
0.0034962
0.0101228
0.0311794
0.0106596
-0.0238690
-0.0094804
0.0109048
-0.0230001
0.0262221
0.0160741
0.0156505
0.0054887
0.0061881
0.0146777
0.0246811
-0.0225276
-0.0162935
-0.0215896
-0.0045311
0.0082296
-0.0026302
-0.0116864
-0.0123199
-0.0102958
0.0299878
0.0199455
0.0066989
-0.0257477
-0.0164700
-0.0110991
0.0184857
-0.0001032
0.0052730
0.0142326
-0.0005568
-0.0137871
-0.0200340
0.0128839
-0.0222132
-0.0155267
0.0011034
-0.0147713
-0.0239437
-0.0073754
0.0090783
-0.0058278
0.0011592
-0.0034773
0.0089391
0.0036460
0.0110865
-0.0070316
0.0013338
-0.0138894
-0.0197602
-0.0233813
0.0245032
0.0145331
-0.0074121
-0.0206790
-0.0026476
-0.0083499
-0.0026041
-0.0006445
-0.0179546
-0.0250581
0.0171703
-0.0153789
-0.0058355
-0.0012062
-0.0267164
-0.0169289
-0.0183800
0.0221811
0.0271925
0.0292749
-0.0032474
-0.0250837
-0.0182823
-0.0004979
-0.0100672
-0.0281921
0.0019249
0.0072902
0.0251485
-0.0267581
-0.0067757
-0.0115548
-0.0014985
0.0122855
-0.0019849
0.0174082
0.0111251
-0.0165411
0.0083916
0.0235041
-0.0142987
-0.0150158
-0.0278656
-0.0102816
-0.0076242
-0.0150331
0.0085813
-0.0195884
-0.0056023
0.0080825
0.0243191
-0.0107740
-0.0087684
0.0212721
0.0319494
0.0232308
0.0213884
0.0153676
-0.0079959
-0.0128893
-0.0170722
0.0049419
-0.0007378
-0.0138259
0.0026110
0.0114093
0.0446176
0.0326701
0.0102730
0.0099558
-0.0123095
0.0263886
-0.0117082
-0.0023194
-0.0207931
-0.0329718
-0.0305932
-0.0456880
-0.0431612
-0.0131466
-0.0212449
0.0302517
0.0574632
0.0482714
0.0536296
0.0361549
0.0346252
0.0172093
0.0016456
-0.0305509
-0.0571089
-0.1201805
-0.1331966
-0.1126046
-0.0934995
0.0270386
0.1991158
0.3129577
0.2759529
0.0997494
-0.1010983
-0.2334642
-0.2228714
-0.1181003
-0.0667512
0.0055967
0.0176915
0.0358818
0.0550823
0.0816621
0.0515233
0.0089145
0.0438806
-0.0097428
-0.0134659
-0.0194607
-0.0011113
-0.0333865
-0.0214157
-0.0391557
0.0083298
-0.0171324
0.0255028
-0.0016879
0.0128479
0.0321154
0.0289912
0.0205512
0.0218099
-0.0153414
0.0296217
0.0175250
-0.0058399
-0.0145618
-0.0009294
-0.0321736
-0.0340277
-0.0281273
0.0024702
0.0000513
0.0023260
-0.0130870
-0.0225716
0.0229016
-0.0233353
0.0014909
-0.0028391
-0.0231015
-0.0314469
0.0045031
-0.0266066
0.0011606
0.0135558
0.0277941
0.0240706
-0.0121688
-0.0030448
-0.0097750
0.0206964
0.0069143
-0.0044573
0.0137376
0.0267486
0.0095422
-0.0134525
-0.0060149
-0.0080757
-0.0120719
-0.0178279
-0.0100530
-0.0207644
-0.0020248
0.0128093
0.0204775
-0.0167091
-0.0061580
0.0277539
0.0178011
0.0058015
0.0024149
-0.0206576
0.0049984
0.0101189
-0.0226477
0.0170053
-0.0085933
