-0.0303895
-0.0371606
0.0135204
-0.0555686
0.0224023
0.0061824
-0.0569213
0.0351559
0.0491136
0.0445328
-0.0448352
-0.0437360
-0.0218010
-0.0294788
0.0013474
-0.0122289
-0.0152644
0.0082959
0.0031594
0.0301086
-0.0237710
0.0573711
0.0387376
-0.0221916
-0.0146479
-0.0440438
0.0514572
0.0064585
0.0404063
0.0192498
-0.0516240
-0.0474457
-0.0326166
0.0316083
0.0078085
0.0227881
0.0119681
-0.0224420
-0.0229054
-0.0016497
0.0091164
-0.0348591
0.0008752
-0.0336243
-0.0459031
-0.0043631
-0.0196304
0.0210715
0.0346167
0.0109141
0.0303256
0.0316624
0.0165007
-0.0186949
0.0862937
0.0217773
-0.0100215
0.0262479
-0.0331043
0.0557282
0.0491156
-0.0523705
0.0081310
0.0436694
0.0432448
-0.0397202
0.0559104
-0.0532335
-0.0525129
0.0590108
-0.0408878
0.0363208
-0.0019959
0.0316269
-0.0232602
-0.0696323
0.0073492
0.0124723
-0.0134657
-0.0203859
-0.0429145
-0.0520151
-0.0466934
-0.0441193
-0.0080725
-0.0067922
0.0519712
0.0395980
0.0036470
0.0429238
0.0318938
0.0297447
-0.0451376
-0.0396387
-0.0242256
0.0498710
-0.0493363
-0.0531828
0.0539143
0.0399473
0.0338149
0.0584237
-0.0668088
-0.0086519
-0.0643849
0.0424494
0.0307673
-0.0307845
0.0369620
0.0650772
-0.0264577
-0.0537714
-0.0195280
0.0543787
0.0718649
0.0484866
-0.0133090
-0.0008761
-0.0702069
-0.0310006
-0.0393474
0.0123294
-0.0010420
0.0647780
0.0234061
0.0870395
0.0234299
0.0256987
0.0020317
0.0011439
0.0746444
-0.0621971
-0.1184060
-0.0322593
-0.1662185
-0.0460245
-0.0271631
-0.0225225
0.0491867
0.1231123
0.2579966
0.1120159
0.0489825
-0.0944757
-0.1636771
-0.1676165
-0.0636764
0.0278686
0.0150663
0.0447469
0.0166573
0.0269226
0.0112691
-0.0109890
0.0643783
-0.0354555
0.0330428
-0.0459672
0.0028273
-0.0475348
-0.0485658
0.0411102
0.0200206
0.0155387
0.0077640
-0.0255453
0.0121494
0.0439946
-0.0031425
-0.0199302
-0.0075810
-0.0250678
0.0227422
0.0091064
-0.0695386
0.0600234
-0.0690264
-0.0082363
-0.0019460
-0.0203651
0.0448168
0.0679889
0.0414948
-0.0406101
0.0454530
-0.0098701
0.0557162
0.0235979
0.0085993
-0.0601623
0.0620526
-0.0246981
0.0329503
-0.0165578
0.0147294
0.0002665
-0.0378644
0.0068092
-0.0622197
-0.0334610
0.0017182
-0.0663552
0.0128366
-0.0312187
-0.0025465
-0.0449679
0.0668485
0.0169789
0.0007632
0.0514490
0.0332230
0.0590927
0.0296081
-0.0189826
-0.0307492
-0.0459189
0.0393075
0.0348816
0.0314997
-0.0601855
0.0088307
0.0479704
-0.0340670
-0.0391237
0.0769689
-0.0109977
-0.0090678
0.0276931
-0.0013358
-0.0425128
-0.0371774
-0.0533705
-0.0140014
-0.0182160
-0.0574783
-0.0220806
-0.0349046
0.0618347
-0.0198715
0.0501497
0.0231642
0.0578993
-0.0335548
0.0335537
0.0193934
0.0337620
-0.0306558
0.0356120
0.0441093
-0.0315651
0.0529963
0.0511053
0.0415506
-0.0598254
-0.0305627
0.0459385
0.0317558
-0.0452304
0.0593105
-0.0287532
0.0476676
0.0136354
0.0398087
0.0319167
0.0429237
0.0553245
0.0251052
0.0431200
-0.0335607
0.0217709
-0.0529675
0.0024139
0.0538686
0.0284751
-0.0030102
-0.0294026
-0.0188070
-0.0446528
-0.0574776
0.0560036
-0.0531322
0.0250493
-0.0075926
0.0357992
-0.0309651
0.0094077
0.0224454
-0.0484164
-0.0446447
0.0411569
0.0184854
-0.0345976
-0.0616822
-0.0504277
-0.0067303
0.0126147
0.0481499
0.0624516
0.0578248
-0.0257187
0.0480642
0.0211276
-0.0577359
-0.0642075
-0.1092411
-0.0617752
-0.0931393
0.0017455
0.1058837
0.1040590
0.1846500
0.2090993
0.0808722
0.0292651
-0.1130785
-0.1633495
-0.1262054
-0.0495761
-0.0030265
-0.0157518
0.0408245
0.0976221
0.0813926
0.1295758
0.0429501
-0.0370277
-0.0072448
0.0423708
-0.0499972
0.0224760
-0.0574231
-0.0895612
0.0354351
0.0222996
-0.0313636
0.0113222
-0.0233198
0.0532805
-0.0463551
-0.0141394
-0.0529319
0.0365605
-0.0071717
-0.0444390
-0.0049496
0.0122961
-0.0515244
-0.0527605
0.0501771
-0.0035292
0.0514079
0.0029472
0.0276040
0.0185157
0.0501354
-0.0534343
0.0001739
-0.0598466
0.0605677
0.0536232
0.0073915
0.0030978
-0.0227400
-0.0455253
-0.0225189
0.0474697
-0.0255796
0.0312269
0.0323578
-0.0208334
0.0174436
-0.0191570
0.0017986
0.0579624
-0.0383634
0.0222386
-0.0042566
0.0097161
-0.0181366
-0.0284245
-0.0383792
0.0364665
-0.0587311
-0.0267334
-0.0071686
-0.0230733
0.0735851
-0.0561570
-0.0579023
-0.0139565
-0.0582674
-0.0414154
0.0533285
0.0547344
0.0017435
0.0096263
-0.0580677
0.0411460
0.0001306
0.0113994
-0.0141279
-0.0057240
0.0250151
0.0301502
-0.0196225
-0.0186128
-0.0436810
-0.0498714
-0.0033108
0.0460902
-0.0580403
0.0537121
0.0186977
0.0800416
0.0352176
-0.0552268
-0.0497229
0.0588922
-0.0530341
0.0415575
-0.0051912
0.0411290
-0.0299136
0.0161733
-0.0419986
-0.0496025
0.0032122
0.0514222
0.0259644
0.0434951
-0.0236816
-0.0111328
0.0561401
-0.0417192
0.0249604
0.0268377
0.0031082
0.0056827
0.0033825
0.0266332
-0.0567195
0.0390955
-0.0418671
-0.0198167
0.0300897
-0.0446770
-0.0525904
-0.0316472
0.0434874
-0.0063293
0.0014680
-0.0154804
-0.0304368
-0.0045080
0.0261268
0.0157935
-0.0315421
-0.0020248
-0.0528516
0.0389385
0.0158137
0.0030840
0.0495775
0.0207551
0.0506114
-0.0004342
0.0568188
-0.0215470
-0.0084339
-0.0034222
0.0456866
-0.0057147
-0.0274660
0.0020889
-0.1181371
-0.1192476
-0.0659982
-0.1376256
-0.0666586
0.0266895
0.1921407
0.2448259
0.1520812
0.0795872
-0.1136054
-0.1609533
-0.2422458
-0.0909452
-0.0496133
0.0565632
0.0518637
0.0610268
0.0318227
-0.0055044
0.0245821
0.0194923
-0.0416991
0.0602944
-0.0396490
0.0066262
0.0110784
-0.0842534
-0.0075777
-0.0661432
0.0191946
-0.0595760
-0.0268048
0.0600275
-0.0078240
0.0609542
0.0206693
0.0488825
-0.0562122
0.0338821
0.0402745
0.0394060
0.0474257
0.0263800
-0.0364375
0.0377576
0.0123018
-0.0065244
-0.0224986
-0.0332566
-0.0074002
0.0189938
0.0027726
0.0319597
-0.0472702
0.0445394
0.0563843
0.0575602
-0.0153692
0.0227756
0.0192198
0.0067549
-0.0224355
0.0089697
-0.0687736
0.0030884
-0.0573378
0.0298129
0.0287413
0.0110309
-0.0164310
0.0263547
-0.0321191
0.0539944
-0.0329366
-0.0704001
0.0268779
-0.0196974
-0.0174660
-0.0350796
0.0168843
-0.0035570
0.0011969
0.0052835
-0.0637005
0.0502624
0.0469373
0.0630768
0.0248637
0.0513838
-0.0141199
0.0073028
-0.0568556
0.0055939
0.0658053
0.0422518
-0.0074436
0.0593485
0.0583533
-0.0297372
-0.0581900
-0.0309479
-0.0739344
-0.0062591
0.0246610
0.0465607
-0.0703940
0.0072794
0.0432124
0.0257604
-0.0307037
0.0546085
-0.0054639
0.0072658
-0.0250427
-0.0177040
-0.0630932
0.0477095
-0.0233616
-0.0348293
0.0536860
0.0060379
0.0229711
-0.0012600
-0.0494280
-0.0422159
-0.0335603
0.0709280
-0.0127665
-0.0579947
0.0527141
0.0671605
-0.0513265
0.0595149
-0.0135435
-0.0436251
-0.0464624
-0.0464423
0.0199436
-0.0595998
0.0237165
-0.0600496
-0.0424807
0.0457137
0.0061200
-0.0234854
-0.0309267
0.0107573
0.0260221
-0.0196026
-0.0320588
0.0553056
-0.0443486
0.0303244
0.0268530
-0.0205698
0.0150871
0.0363920
0.0642352
0.0076593
0.0029078
0.0012185
0.0636015
0.0037722
-0.0264306
0.0005060
-0.0323826
-0.0475453
-0.0639965
-0.0545252
-0.0341386
-0.1142147
-0.0731734
-0.1205896
-0.0007366
0.1010481
0.2072221
0.2955206
0.1715885
-0.0611576
-0.1616020
-0.2424037
-0.1587401
-0.0544356
0.0130725
-0.0427608
0.0596815
-0.0214314
0.0388706
0.1211083
0.0482230
0.0136747
-0.0265581
-0.0222465
-0.0719808
-0.0063097
0.0538193
-0.0284117
0.0148723
-0.0732785
-0.0314983
0.0035911
0.0479513
-0.0553989
-0.0165197
-0.0087657
0.0269857
-0.0006234
-0.0035695
0.0469812
0.0260774
0.0299169
-0.0552775
-0.0099638
-0.0214913
0.0270905
0.0313815
0.0365568
-0.0626789
-0.0015576
-0.0004137
-0.0453348
-0.0482152
-0.0591386
-0.0657297
-0.0147736
0.0421357
0.0341714
-0.0005954
-0.0502307
-0.0250557
0.0459762
0.0664588
-0.0095555
-0.0354677
-0.0040065
0.0563963
-0.0388680
0.0121650
-0.0015219
0.0171438
0.0025941
0.0384239
-0.0342790
0.0617840
-0.0112553
0.0345142
-0.0169619
0.0640389
-0.0431409
0.0575572
-0.0467761
-0.0302691
-0.0022589
-0.0635986
-0.0309907
0.0163283
-0.0092084
0.0141722
0.0017299
-0.0529592
0.0083423
-0.0171877
0.0461242
-0.0096822
-0.0369072
-0.0718497
-0.0264106
0.0354287
-0.0039245
-0.0520692
-0.0168621
-0.0307959
0.0140023
0.0213882
-0.0646439
-0.0045110
0.0678134
-0.0035137
0.0051339
-0.0321562
0.0240031
0.0603391
-0.0359099
0.0110324
-0.0278002
-0.0603628
-0.0365803
0.0550696
-0.0480046
-0.0539602
-0.0252085
-0.0281895
0.0414244
-0.0072787
0.0375603
0.0163314
-0.0272185
-0.0339468
0.0417121
-0.0060575
0.0538594
-0.0263178
-0.0544085
-0.0322956
0.0021031
-0.0381829
-0.0546146
-0.0318235
0.0562492
0.0154533
0.0575585
0.0520288
0.0382048
0.0596592
0.0046589
-0.0481730
-0.0038432
0.0014466
0.0090385
0.0473506
-0.0443178
0.0027264
0.0607048
-0.0682617
0.0066187
0.0417547
0.0436143
-0.0732891
-0.0057538
-0.0427651
-0.0444301
0.0152950
-0.0220798
-0.0112498
0.0861134
-0.0010782
0.0697464
0.0342385
-0.0583950
-0.0742943
-0.1191106
-0.1646449
-0.1593113
-0.0886306
-0.0055459
0.1148097
0.1996318
0.2213330
0.2284647
-0.0280898
-0.1875248
-0.1401929
-0.1208881
-0.1056348
-0.0137037
-0.0087632
0.0842342
0.0015010
-0.0025005
0.0104752
0.0008875
0.0692308
0.0229889
0.0065745
-0.0246555
0.0049400
0.0183919
0.0410271
-0.0285443
-0.0095548
-0.0768142
0.0395975
-0.0595097
-0.0284511
0.0632832
0.0078770
-0.0282273
0.0700648
-0.0212462
0.0287646
-0.0539774
0.0202335
0.0557077
0.0317436
-0.0077468
0.0461607
-0.0017864
-0.0384591
0.0424413
-0.0185229
-0.0316900
0.0585325
-0.0082639
0.0619795
0.0065747
-0.0552218
0.0212434
-0.0212740
-0.0173956
-0.0101571
-0.0451564
0.0264799
-0.0496331
0.0395837
-0.0300630
0.0657318
0.0571413
-0.0577779
0.0372040
0.0418262
-0.0457600
-0.0320067
0.0187741
0.0426651
-0.0669350
0.0251290
0.0186931
0.0314390
-0.0488981
0.0691434
-0.0501092
0.0258469
-0.0103547
-0.0015815
0.0393133
-0.0537946
0.0530391
-0.0188749
-0.0366690
0.0532493
-0.0469363
0.0376428
0.0444272
0.0289834
-0.0528937
0.0573324
0.0452558
0.0170367
0.0025506
0.0284593
0.0301945
-0.0086742
0.0713840
-0.0290357
-0.0569268
-0.0091235
-0.0457775
0.0470796
0.0091308
-0.0245280
0.0212195
-0.0585431
-0.0590783
0.0314951
0.0279187
0.0306164
-0.0033365
0.0348869
-0.0133042
-0.0132574
0.0307995
0.0301938
0.0033302
0.0063619
0.0630334
-0.0361199
0.0672726
0.0006954
0.0508510
-0.0569581
-0.0701974
0.0419966
0.0190490
0.0006011
0.0712862
-0.0162887
-0.0489187
0.0436935
-0.0254792
0.0183866
-0.0178487
0.0277661
-0.0279800
-0.0667885
-0.0418537
-0.0066342
0.0268450
0.0635332
-0.0328184
0.0273584
-0.0486507
0.0341870
-0.0149566
0.0116393
-0.0609660
-0.0482285
-0.0255938
0.0347300
0.0012880
-0.0359239
-0.0588639
-0.0272043
0.0034697
-0.0429784
0.0214736
0.0580755
-0.0213142
0.0289108
0.0209090
0.0040438
-0.0384297
-0.0578454
-0.0933195
-0.0667844
-0.1299356
-0.1044488
-0.0266964
0.0706255
0.1708575
0.2665938
0.1540827
0.0608407
-0.0305752
-0.1937338
-0.1531743
-0.0973151
-0.0070519
0.0229809
0.0132300
-0.0212943
-0.0064229
0.0683034
0.0721569
-0.0028283
0.0465455
-0.0344278
-0.0116123
0.0030309
0.0328525
-0.0995799
-0.0063660
0.0220060
0.0321479
0.0416769
0.0023349
0.0151563
0.0745641
0.0408502
0.0380449
-0.0252538
0.0321734
0.0022709
-0.0511841
-0.0339363
-0.0658538
0.0267468
0.0415663
-0.0660797
-0.0547416
0.0359642
-0.0582653
0.0412929
-0.0304301
0.0517625
0.0645236
0.0156077
-0.0394330
0.0182237
0.0343310
0.0116998
-0.0031864
0.0091161
0.0218655
-0.0320578
0.0530216
0.0311533
0.0491242
0.0350343
0.0347434
-0.0034784
-0.0182783
0.0601317
-0.0163852
-0.0203048
0.0586250
-0.0457386
-0.0586606
0.0418660
0.0160747
0.0527119
-0.0623209
0.0216799
-0.0342946
0.0121798
-0.0610970
0.0123487
0.0008597
0.0128114
0.0300152
0.0033244
-0.0287802
0.0342817
-0.0440915
-0.0337160
-0.0122740
0.0108210
0.0292821
-0.0151565
0.0408267
-0.0564695
0.0452982
0.0602031
-0.0289182
-0.0465192
-0.0089384
0.0553878
-0.0165521
0.0563170
-0.0388914
0.0142946
0.0431678
-0.0267105
0.0605178
-0.0366726
0.0575572
0.0350875
-0.0671477
-0.0565239
-0.0057364
-0.0313394
-0.0448842
0.0530649
-0.0214880
0.0190381
0.0301234
-0.0509535
-0.0039840
0.0368608
-0.0026332
0.0552064
0.0235621
0.0541053
0.0177102
-0.0449187
-0.0451556
-0.0167208
0.0024171
-0.0066702
0.0492749
0.0313402
0.0335853
0.0110723
0.0243588
0.0482237
-0.0335003
-0.0392121
-0.0665594
0.0131254
-0.0125719
-0.0475118
0.0531813
-0.0420980
0.0479788
0.0391372
-0.0038440
0.0352378
0.0175319
-0.0542780
0.0316945
0.0228376
0.0130748
0.0181944
-0.0566694
-0.0648189
0.0054206
-0.0050122
0.0430597
-0.0332367
-0.0273077
0.0131878
0.0915921
0.0685797
-0.0382131
-0.0654916
0.0030756
-0.0905718
-0.0485407
-0.1095879
-0.0414436
0.0295493
0.0636338
0.2322766
0.2161041
0.2192402
0.0217215
-0.1234853
-0.1947985
-0.1965591
-0.0803121
-0.0614934
-0.0205117
0.0345737
-0.0198624
0.0386674
0.0653628
0.0134748
0.0687917
0.0674314
-0.0547528
0.0157210
-0.0625212
-0.0361540
-0.0047802
-0.0614107
0.0220221
0.0168525
0.0610471
-0.0258217
0.0434570
-0.0016488
-0.0199465
-0.0524630
0.0047604
0.0011551
0.0555624
0.0173884
0.0035170
0.0279838
0.0444031
0.0225464
-0.0246126
-0.0497293
0.0534681
-0.0456139
0.0189188
-0.0433330
0.0119048
0.0424588
-0.0295062
-0.0187719
-0.0074821
0.0132414
0.0501390
0.0462848
0.0525217
0.0132185
0.0692741
-0.0032631
-0.0299185
0.0484710
0.0095417
-0.0406843
0.0452775
-0.0326222
-0.0253788
-0.0400017
0.0488357
-0.0141087
-0.0069388
-0.0660380
-0.0622734
0.0260975
0.0084965
-0.0435351
0.0395955
0.0424758
0.0636630
0.0035844
-0.0046165
-0.0367363
-0.0141636
-0.0453627
0.0606346
0.0274021
0.0506939
