-0.0385037
-0.0684091
0.0358797
0.0014807
0.0266867
-0.0190078
0.0221615
0.0356990
0.0185372
0.0376489
0.0427722
-0.0106254
0.0105187
-0.0079480
0.0052886
0.0254868
-0.0270298
0.0100195
-0.0473675
0.0340811
-0.0086197
-0.0349184
0.0311786
-0.0279577
-0.0018693
-0.0123523
0.0174665
-0.0262222
0.0360701
0.0519911
0.0471433
0.0377643
0.0059820
-0.0042085
-0.0175283
-0.0510712
0.0163441
-0.0377980
0.0433638
0.0515193
0.0079886
0.0085724
0.0722142
-0.0090154
0.0018873
-0.0606447
-0.0477359
0.0080064
0.0090001
-0.0270441
0.0459977
-0.0537474
-0.0423996
-0.0476460
0.0218722
-0.0000295
0.0200375
-0.0309967
-0.0299073
0.0243195
0.0207708
-0.0210390
0.0291600
0.0113070
-0.0737454
-0.0468275
-0.0512215
0.0049473
-0.0159806
-0.0106167
0.0111918
-0.0262496
0.0268750
0.0604170
0.0649830
0.0237221
0.0782589
-0.0374472
-0.0714484
-0.0267392
-0.0485252
-0.1475674
-0.0597760
-0.0982342
0.0549383
0.0631350
0.1960986
0.1724550
0.0931330
0.0074561
-0.1960226
-0.1954701
-0.1544188
-0.1226988
-0.0038159
0.0844148
0.0407200
0.0808766
0.0969518
0.0402850
-0.0088105
-0.0142415
0.0221185
0.0081577
0.0444691
-0.0155424
0.0056124
-0.0832931
0.0014105
-0.0704917
0.0124796
-0.0525218
-0.0471350
-0.0344525
0.0725885
0.0086661
-0.0551686
0.0017001
0.0562258
0.0090562
0.0073079
-0.0583557
0.0353671
-0.0523580
-0.0599294
0.0276278
-0.0308938
0.0463704
0.0046743
0.0008106
0.0114571
-0.0070613
0.0628638
0.0402359
0.0327751
-0.0496870
-0.0477486
0.0294578
0.0100993
-0.0568050
0.0467545
-0.0400765
0.0020859
-0.0533221
-0.0191070
-0.0251492
0.0651809
-0.0129765
-0.0499132
0.0507117
-0.0425548
-0.0465120
0.0239311
-0.0255721
0.0464925
0.0154580
0.0154462
0.0437064
-0.0136903
0.0555324
0.0065270
0.0219673
-0.0559192
-0.0378377
-0.0262518
-0.0075074
-0.0607937
0.0671941
-0.0544001
0.0460574
-0.0157820
-0.0390638
-0.0299573
-0.0676940
0.0331240
0.0648906
-0.0334067
0.0602049
-0.0434528
-0.0251406
-0.0107914
-0.0214496
0.0241931
0.0257203
0.0304500
-0.0203600
-0.0402787
-0.0205175
0.0466300
0.0442994
0.0678564
0.0340189
-0.0430720
-0.0344494
0.0639593
0.0394208
0.0060141
0.0591520
-0.0395435
0.0430162
0.0327154
0.0047051
-0.0653576
-0.0417931
0.0057192
-0.0330433
0.0588512
-0.0545845
-0.0284426
0.0151163
0.0201160
-0.0631515
-0.0633683
-0.0447414
-0.0137990
-0.0126188
-0.0335384
0.0379743
-0.0017999
-0.0232849
0.0404819
-0.0510391
-0.0246073
0.0182509
-0.0538548
-0.0093219
-0.0234351
0.0155547
-0.0501902
-0.0507512
-0.0456145
0.0239321
-0.0882767
-0.0760788
0.0302425
-0.0173407
-0.0138877
0.0049072
-0.0274421
0.0709242
0.0125438
0.0308544
0.0100821
-0.0013674
-0.0322004
-0.0331091
-0.0438060
-0.1092009
-0.1374715
-0.0988396
0.0797842
0.0907558
0.1364429
0.2370620
0.1099600
-0.0218418
-0.2045695
-0.2134598
-0.1665640
-0.1176999
0.0215461
0.0349126
0.0263492
0.0446317
0.0681798
0.0677358
-0.0055694
-0.0300194
-0.0188875
0.0227354
0.0400505
0.0050235
-0.0377841
-0.0427052
-0.0297886
-0.0177003
0.0069085
0.0379263
0.0455171
0.0708391
0.0166760
0.0226356
-0.0205085
-0.0501476
0.0516444
-0.0009851
0.0171750
-0.0320326
0.0225760
0.0494251
0.0213250
0.0583011
-0.0666029
0.0072891
0.0298527
0.0555261
-0.0005251
0.0141322
-0.0112462
0.0433376
0.0561835
0.0277932
0.0200062
-0.0614004
-0.0077030
-0.0303817
-0.0410488
-0.0468252
0.0099654
-0.0229475
-0.0687357
-0.0372297
-0.0585283
0.0044897
0.0041649
-0.0608318
0.0379959
-0.0314309
0.0058098
0.0270505
0.0223224
0.0354477
-0.0105929
0.0029603
-0.0324115
-0.0008065
-0.0025823
0.0432257
-0.0047573
-0.0152123
0.0426604
0.0545586
0.0725946
0.0356689
0.0104382
-0.0575889
0.0030416
0.0267943
-0.0482422
0.0290327
0.0614769
0.0635173
0.0140398
-0.0013992
-0.0442446
0.0613029
0.0041090
0.0101918
0.0307715
-0.0423808
0.0465575
0.0584581
0.0686757
-0.0635925
-0.0024920
-0.0383310
0.0627811
0.0336024
-0.0445577
-0.0269339
0.0248524
0.0512304
0.0627932
-0.0176566
0.0490040
0.0008166
-0.0060731
0.0240987
-0.0696404
-0.0574131
0.0124781
0.0582160
0.0567206
0.0607519
0.0413883
0.0405271
0.0573256
-0.0456191
0.0601145
0.0159557
0.0543947
0.0073122
0.0107232
-0.0489984
-0.0056020
0.0602380
-0.0602115
0.0425295
-0.0461209
-0.0079736
-0.0399078
-0.0077763
0.0683431
-0.0245433
-0.0429940
-0.0367437
-0.0776068
0.0182414
-0.0619043
0.0375572
-0.0165216
-0.0197974
-0.0302105
-0.0059983
-0.0160340
0.0396007
0.0158414
-0.0261523
0.0834567
0.0569604
0.0403129
-0.0385160
-0.0795030
-0.0617648
-0.0657629
-0.0412927
-0.0164117
0.0369959
0.1607459
0.1539693
0.1626747
0.1286812
0.0103075
-0.1117038
-0.2233366
-0.1942313
-0.0682219
0.0165845
0.0048828
0.0939908
0.0436978
0.0982955
0.0634887
0.0786568
-0.0291154
-0.0068447
-0.0238120
-0.0275457
0.0021985
0.0095562
-0.0344662
0.0063127
0.0417188
0.0010054
0.0694709
-0.0231958
0.0360822
0.0359056
0.0034148
0.0681998
-0.0140316
-0.0405552
0.0499458
-0.0400315
-0.0230174
-0.0386954
0.0138691
0.0500269
-0.0245774
-0.0605515
-0.0083549
0.0200462
0.0244951
-0.0573572
-0.0531273
0.0357011
0.0622242
0.0583222
-0.0107582
0.0619468
0.0108119
0.0175046
-0.0110449
0.0386447
-0.0087001
-0.0079694
-0.0359932
-0.0051782
0.0328462
0.0669404
0.0279822
-0.0027264
-0.0152300
-0.0538096
-0.0433130
0.0513084
-0.0549157
-0.0217073
-0.0551814
0.0274192
-0.0396009
0.0237340
0.0310830
-0.0061050
0.0149567
0.0129300
-0.0209415
0.0455257
-0.0417710
0.0434227
0.0632813
-0.0108629
-0.0037591
0.0395584
0.0412343
0.0106516
0.0519764
0.0497732
0.0250178
0.0741465
0.0090708
-0.0041556
-0.0142715
0.0528184
-0.0010058
0.0388688
-0.0454396
0.0330734
-0.0244194
-0.0584657
-0.0472495
0.0283099
-0.0560907
-0.0027723
0.0499530
-0.0063850
0.0182443
-0.0432129
0.0491056
-0.0082807
0.0032821
-0.0203016
-0.0325103
0.0390674
0.0299850
0.0278153
-0.0118210
0.0537756
-0.0430020
0.0132023
-0.0482859
0.0315850
0.0627946
-0.0606720
0.0475175
0.0226544
0.0033100
0.0030727
-0.0007893
0.0002241
-0.0282242
-0.0666600
0.0262473
0.0449848
-0.0050629
0.0472527
-0.0292778
0.0289792
0.0087751
-0.0192590
-0.0146740
0.0417761
0.0505353
0.0525213
0.0333851
-0.0663964
-0.0559937
-0.0552080
0.0477611
0.0220370
-0.0112304
0.0613740
0.0406531
0.0988847
0.0463271
0.0078066
0.0071918
-0.0779815
0.0180209
-0.0271296
-0.0925336
-0.1486379
-0.0812760
-0.0200029
0.0293120
0.1757290
0.1963862
0.1564321
0.0583690
-0.1715981
-0.1353616
-0.1761251
-0.0603486
-0.0144586
-0.0427637
0.0126502
0.0136630
0.0039329
0.0063240
0.1076254
-0.0139660
0.0175837
0.0550138
-0.0300117
-0.0635051
-0.0114763
-0.0751719
-0.0162604
-0.0712164
-0.0400837
-0.0169042
-0.0309586
0.0645169
0.0018991
0.0056038
0.0293256
0.0091989
-0.0523935
-0.0288728
0.0035263
-0.0371930
-0.0634882
-0.0227736
-0.0512782
0.0285602
-0.0302090
0.0473890
0.0140347
-0.0131042
0.0002922
0.0151269
0.0053089
-0.0210558
-0.0642514
0.0500927
-0.0666334
-0.0550719
0.0366025
-0.0369660
-0.0630524
0.0414847
0.0548151
-0.0405562
0.0307330
-0.0321808
-0.0071900
0.0340026
0.0576042
0.0569673
0.0520800
-0.0244060
0.0104240
0.0354434
-0.0187287
0.0111376
0.0590205
0.0395027
-0.0314159
-0.0466043
0.0512234
0.0300019
-0.0019250
-0.0005304
0.0111432
-0.0239534
-0.0544815
0.0524111
0.0487720
-0.0387992
0.0532555
0.0017398
-0.0362049
-0.0588311
0.0615964
0.0304195
0.0309717
-0.0623015
-0.0059953
0.0647078
0.0604220
-0.0407669
-0.0330544
-0.0441087
0.0335601
0.0588248
-0.0626540
-0.0643082
0.0589539
-0.0320206
0.0235992
-0.0243198
-0.0203958
0.0216470
-0.0059327
-0.0323346
0.0424518
-0.0082434
0.0025341
-0.0194592
0.0609526
0.0080982
-0.0413485
-0.0209294
0.0596538
0.0328521
-0.0400052
0.0503496
-0.0172780
-0.0505914
0.0377488
-0.0376819
0.0551305
-0.0302407
-0.0645340
-0.0514667
0.0214444
0.0458963
0.0656283
0.0234322
0.0473570
0.0346724
0.0038175
0.0242331
0.0408331
0.0070672
-0.0037587
-0.0143272
-0.0074318
-0.0218297
0.0588790
0.0263728
-0.0281451
-0.0548549
0.0211716
-0.0345047
0.0276849
-0.0341338
0.0165425
0.0179657
0.0706538
0.0586421
0.0626256
0.0461469
0.0094697
0.0593660
-0.0273952
-0.1016290
-0.0370493
-0.1521403
-0.1359636
0.0103271
0.0639567
0.1681094
0.2242273
0.2078467
0.0822520
-0.0176376
-0.2046729
-0.2209576
-0.1563446
-0.0404610
0.0273782
0.0348951
0.0369695
0.0509635
0.0806536
0.0202369
0.0240392
0.0344450
0.0511106
-0.0151724
-0.0725779
-0.0711278
-0.0112699
-0.0420415
0.0091073
0.0498010
0.0467452
-0.0528905
0.0152069
-0.0089659
-0.0344033
0.0534948
-0.0548695
0.0420731
-0.0620419
0.0240926
-0.0364102
0.0599684
-0.0615247
-0.0234130
0.0019662
-0.0053089
-0.0106622
0.0160408
-0.0532813
-0.0264525
-0.0613977
0.0103196
0.0354674
-0.0168516
-0.0111934
0.0047486
-0.0490771
0.0377376
-0.0628500
0.0400930
0.0656398
0.0406395
0.0558388
0.0239389
-0.0579614
-0.0227716
-0.0236059
-0.0404902
-0.0520410
-0.0040337
-0.0512956
0.0694436
0.0067745
0.0419029
0.0274533
-0.0591369
-0.0050274
-0.0500067
-0.0106882
0.0091321
-0.0465441
0.0648563
0.0164782
0.0422401
0.0611536
0.0105584
0.0491267
0.0290400
0.0224123
-0.0619873
0.0576324
-0.0481322
-0.0026785
-0.0373089
-0.0520996
-0.0319918
0.0458029
-0.0568301
-0.0432328
-0.0402107
-0.0646539
0.0358327
0.0527012
-0.0014826
-0.0602379
0.0275959
0.0125396
-0.0025696
-0.0472870
-0.0148713
-0.0025048
0.0021343
-0.0503743
0.0694271
-0.0411843
0.0491301
0.0334303
-0.0359493
0.0371594
-0.0585826
0.0396504
0.0475988
0.0294278
-0.0344516
-0.0462018
0.0475529
0.0608043
-0.0164552
-0.0367370
-0.0270773
0.0307392
0.0335195
-0.0560162
-0.0358561
-0.0431655
-0.0194983
-0.0251919
-0.0647931
0.0479219
0.0066540
-0.0728879
-0.0410469
0.0014596
0.0413639
0.0068126
-0.0127736
0.0676266
0.0092759
-0.0192250
-0.0384801
-0.0548228
-0.0442482
0.0325519
-0.0680655
-0.0392997
-0.0209014
-0.0045055
0.0205430
-0.0076118
0.0579207
0.0581366
0.0896486
0.0258349
0.0241884
-0.0563210
0.0018972
-0.0754969
-0.1049518
-0.1439439
-0.0426920
-0.0800230
0.0207758
0.1093350
0.1601321
0.2562612
0.1287696
0.0303049
-0.1935595
-0.1409853
-0.2158884
-0.0694852
-0.0047028
-0.0255694
0.0884153
0.0861295
-0.0088912
0.0299465
0.0253988
0.0408604
0.0089440
0.0185905
-0.0502642
-0.0379607
0.0264902
-0.0746136
-0.0246913
0.0125290
-0.0233044
0.0263840
0.0444569
0.0718164
0.0113719
-0.0104520
-0.0097956
0.0469464
-0.0375489
-0.0037107
-0.0357950
0.0236603
0.0127290
-0.0030303
-0.0473836
0.0404249
0.0452367
-0.0417747
-0.0209516
-0.0426326
-0.0165589
0.0176698
0.0037977
0.0428658
-0.0327811
0.0226156
-0.0250352
-0.0589764
-0.0414227
-0.0366001
0.0224183
-0.0675497
-0.0278475
0.0033645
-0.0489124
-0.0516437
-0.0071502
-0.0297032
-0.0553433
-0.0049332
0.0539160
0.0135190
0.0005463
0.0006764
0.0107999
0.0474371
0.0525442
-0.0086567
-0.0176052
-0.0191041
-0.0296072
0.0456732
0.0366606
-0.0498171
0.0461676
-0.0023983
-0.0488493
-0.0341628
0.0446583
0.0216613
-0.0017035
-0.0681774
0.0187286
0.0015070
-0.0336103
-0.0401845
0.0693167
-0.0455060
-0.0525234
0.0457825
0.0101599
-0.0638729
0.0242817
-0.0467073
-0.0566121
-0.0018648
-0.0109714
0.0342615
0.0389496
0.0407444
0.0265862
0.0488203
0.0325596
0.0063373
-0.0440702
-0.0163328
0.0140068
-0.0449229
-0.0204863
0.0374395
0.0439416
0.0033795
-0.0558976
-0.0181991
0.0117177
-0.0228403
0.0035983
0.0271638
0.0280971
0.0624203
-0.0164658
0.0125471
0.0501652
-0.0127137
-0.0129792
-0.0283960
-0.0340738
0.0396425
-0.0224302
0.0579545
-0.0048405
0.0204300
-0.0244276
-0.0083881
0.0643990
0.0305692
0.0360798
-0.0561695
-0.0275409
-0.0611432
0.0325088
0.0219839
0.0290369
0.0372103
-0.0094675
0.0305864
0.0019203
-0.0394734
-0.0127542
-0.0156697
0.0811598
0.0316011
0.0333125
0.0079174
-0.0002058
0.0185111
0.0543630
-0.0770937
-0.0548824
-0.1347203
-0.0805174
-0.0293581
-0.0059536
0.1287961
0.1777624
0.2330866
0.1758312
0.0922374
-0.0781554
-0.1156059
-0.1301328
-0.1105584
-0.0604029
-0.0409537
0.0552526
0.0766450
0.0866528
0.1139977
0.0260722
-0.0228928
-0.0320918
-0.0313877
0.0021269
0.0377399
0.0344494
-0.0464018
0.0291012
-0.0542975
0.0285078
-0.0190427
0.0065661
-0.0468794
0.0320979
0.0074008
-0.0136645
0.0158086
0.0172529
-0.0197358
-0.0517246
0.0025467
-0.0571789
-0.0310984
-0.0264369
-0.0677998
0.0085708
0.0101435
-0.0392581
-0.0132738
0.0361345
0.0309410
-0.0197542
0.0493862
-0.0489000
0.0496938
0.0313057
-0.0135669
0.0082749
0.0250796
-0.0128444
0.0246311
0.0097235
-0.0200815
0.0637264
0.0565901
0.0197905
-0.0488322
-0.0746272
-0.0461724
0.0012790
-0.0062963
0.0720262
-0.0177005
-0.0019813
-0.0294635
-0.0098976
0.0326415
0.0563669
0.0509301
-0.0188725
0.0407349
0.0253910
0.0052130
-0.0236297
0.0442154
0.0270628
0.0508160
-0.0256748
-0.0258401
0.0482531
0.0161495
-0.0226013
-0.0029592
-0.0597592
-0.0275609
0.0171969
0.0241739
-0.0391937
-0.0352233
0.0319266
-0.0054496
0.0085015
0.0310298
-0.0177887
-0.0305579
-0.0623483
-0.0704350
0.0333468
-0.0407446
0.0537822
0.0036284
-0.0575911
-0.0362460
-0.0315981
-0.0512364
-0.0275969
0.0389946
0.0184974
0.0165579
-0.0306644
-0.0598347
-0.0278401
0.0302105
-0.0553341
0.0234168
-0.0565436
-0.0077171
-0.0450175
-0.0211505
0.0471660
0.0497836
-0.0396901
0.0283365
-0.0057536
0.0196117
0.0672444
-0.0378450
0.0437918
0.0184483
0.0362671
0.0329679
0.0129947
-0.0404755
-0.0363834
0.0583222
0.0615839
-0.0001736
-0.0445920
0.0456149
0.0300127
0.0175002
-0.0296818
-0.0170768
-0.0654345
0.0274426
0.0385045
-0.0275963
-0.0114618
0.0700955
-0.0485650
-0.0182404
0.0925808
0.0483334
0.0961705
-0.0390488
-0.0203855
-0.0130142
