-0.0110784
-0.0028022
-0.0582502
-0.0201107
0.0027581
-0.0451760
0.0383837
-0.0035251
-0.0634088
0.0644298
0.0054594
-0.0037051
0.0230060
-0.0365885
0.0049297
-0.0141614
0.0687763
-0.0000733
0.0458539
0.0300774
0.0491107
0.0304553
0.0521396
0.0342662
-0.0315897
0.0405079
-0.0247045
-0.0095580
-0.0010100
0.0162461
0.0137009
-0.0593657
-0.0440159
-0.0655772
-0.0322088
0.0568311
0.0478627
-0.0459423
-0.0304008
-0.0544267
0.0702663
-0.0321868
0.0485952
0.0039243
0.0115209
-0.0111255
0.0459472
-0.0419095
-0.0007018
0.0702689
0.0269256
-0.0281538
0.0386299
0.0295487
-0.0607354
0.0466723
0.0121505
-0.0652993
0.0557932
0.0539005
-0.0275026
-0.0269732
0.0578372
-0.0492725
-0.0078559
0.0275925
-0.0643929
-0.0673812
-0.0700966
0.0214395
-0.0537791
0.0163425
-0.0694550
-0.0848128
-0.0509885
-0.0338583
0.0097803
0.0481588
0.0960980
0.0663731
0.0315923
0.0459869
0.0688416
-0.0459674
-0.0451333
-0.1191608
-0.1212790
-0.1470980
-0.0620428
-0.0059094
0.0882940
0.1771890
0.2485833
0.2202416
0.0913036
-0.0198229
-0.2052056
-0.1392831
-0.1789588
-0.0062255
0.0149459
0.0138661
-0.0189382
0.0938182
0.0247320
0.0012298
0.0951052
0.0124376
0.0513784
0.0049069
-0.0587637
-0.0695186
0.0141673
0.0081935
0.0194903
-0.0508097
-0.0108687
0.0624516
0.0596158
0.0604709
0.0744143
-0.0011857
0.0653516
0.0708555
0.0652955
-0.0418188
0.0477592
0.0208547
-0.0734823
-0.0046685
0.0314660
-0.0549814
0.0052689
0.0259458
-0.0087017
-0.0498960
-0.0341056
0.0133467
0.0255644
0.0374730
0.0104850
-0.0199781
-0.0425326
-0.0386814
-0.0544572
0.0216895
-0.0284198
-0.0421034
-0.0593484
-0.0169342
-0.0020822
0.0105443
-0.0530070
0.0692326
0.0176856
-0.0375215
-0.0327533
-0.0311977
0.0549041
-0.0203205
-0.0196145
0.0237663
-0.0111530
-0.0486185
-0.0340535
0.0193409
-0.0514124
0.0538175
0.0214938
0.0608793
0.0467475
-0.0373611
-0.0283211
0.0015677
-0.0221351
0.0186973
0.0159880
0.0166436
-0.0368572
-0.0107715
-0.0490649
0.0161265
-0.0025693
-0.0469913
-0.0213250
0.0543479
-0.0447107
0.0442529
0.0505383
-0.0341778
0.0144724
-0.0189921
0.0644372
0.0169407
0.0243091
-0.0203363
0.0055263
-0.0231771
0.0252870
0.0381752
0.0042157
0.0345822
-0.0216619
-0.0032961
-0.0522142
-0.0217437
0.0225606
-0.0045786
-0.0164003
0.0407225
-0.0479923
0.0345783
0.0161416
0.0450861
-0.0358737
-0.0124525
0.0020121
-0.0271060
0.0601185
-0.0497055
0.0030884
0.0692665
0.0008921
0.0570223
0.0202540
-0.0454867
-0.0706251
-0.0511223
-0.0374726
0.0030880
-0.0652876
-0.0192724
-0.0508454
0.0210219
0.0270246
0.0656343
0.0075170
0.0327151
0.1072878
0.0431052
0.0721031
-0.0432548
-0.0242792
-0.0791111
-0.1243492
-0.1941730
-0.1035235
-0.0963061
0.1084446
0.2601050
0.3302214
0.2671708
0.0924440
-0.1811083
-0.2706895
-0.1957467
-0.0810541
-0.0703784
-0.0076700
0.0635569
0.0314509
0.0716359
0.1002931
-0.0223231
0.0521670
0.0600740
0.0423674
-0.0199148
-0.0229016
-0.0224457
0.0284654
0.0168423
-0.0409650
-0.0564734
-0.0632014
-0.0461847
0.0139450
-0.0524113
0.0554500
-0.0079536
-0.0326677
-0.0182654
-0.0203256
0.0449834
-0.0726002
-0.0037203
-0.0300754
0.0019449
-0.0489164
0.0243313
0.0636107
0.0012563
-0.0694091
-0.0443566
0.0026538
-0.0279312
0.0041640
0.0027447
-0.0034742
0.0556604
-0.0591631
0.0007649
-0.0530487
-0.0201528
-0.0299063
-0.0582432
0.0345032
-0.0495180
-0.0189948
-0.0007934
0.0535865
-0.0339009
-0.0418750
0.0593256
0.0638595
-0.0231269
-0.0107700
-0.0578169
-0.0535294
0.0093265
0.0520101
0.0327912
-0.0349619
0.0384245
0.0234603
0.0509742
0.0262413
0.0684755
-0.0390611
0.0568006
0.0224313
0.0439695
-0.0123701
0.0047816
-0.0391984
-0.0549050
-0.0389992
-0.0246447
0.0008100
0.0500679
-0.0443625
-0.0201083
0.0526354
0.0545219
0.0140037
0.0510514
0.0603160
-0.0505652
-0.0426203
0.0259614
0.0329914
-0.0293495
-0.0351289
-0.0048361
0.0554337
0.0318279
-0.0421058
-0.0487139
-0.0176460
0.0145229
0.0443208
0.0035239
0.0061365
0.0006882
-0.0448523
0.0266899
-0.0562965
0.0093221
0.0492516
-0.0159144
0.0243280
0.0202413
-0.0310018
-0.0092321
-0.0323617
-0.0272932
-0.0384553
0.0490864
0.0659729
-0.0412522
0.0430675
-0.0211530
-0.0592123
-0.0654568
-0.0479442
-0.0700965
-0.0233043
0.0353598
-0.0506089
0.0458140
0.0671016
-0.0231951
0.0023043
0.0285726
0.0867852
0.0631932
-0.0227758
0.0034633
0.0000045
-0.0437492
-0.1372286
-0.1378634
-0.0987846
-0.0574078
0.1695340
0.3025513
0.2797553
0.2141323
-0.0151733
-0.2043039
-0.2440889
-0.1842385
-0.0211974
-0.0718448
0.0570902
-0.0060025
0.0653340
0.0781717
0.0283770
0.0259826
0.0700392
0.0607469
0.0522810
-0.0317993
0.0052910
-0.0862198
0.0094525
-0.0810226
-0.0432482
-0.0139205
0.0249557
0.0131415
0.0495995
0.0662545
0.0088616
0.0721318
0.0108345
-0.0387309
0.0594531
-0.0051684
-0.0400140
-0.0451956
-0.0355787
0.0503628
0.0578582
-0.0318110
-0.0022230
-0.0086974
-0.0569743
0.0432678
0.0370371
-0.0154398
0.0378615
-0.0583870
-0.0243951
-0.0423776
-0.0625106
0.0132862
-0.0546622
0.0481686
0.0105920
0.0378587
0.0433488
0.0530541
0.0048479
-0.0070428
-0.0266957
-0.0421420
0.0185181
0.0723713
0.0146611
0.0548911
-0.0495949
-0.0646814
-0.0287967
-0.0149800
-0.0234849
-0.0401797
-0.0600926
-0.0406444
-0.0525846
0.0529507
-0.0594195
-0.0447984
-0.0405355
0.0665598
-0.0086649
0.0391057
-0.0653439
0.0704329
-0.0179652
0.0201721
-0.0415066
-0.0210351
0.0454273
0.0060120
-0.0496871
-0.0179260
-0.0422259
0.0158746
0.0596995
-0.0194363
-0.0369479
0.0386678
-0.0473767
0.0608011
-0.0169155
0.0206338
0.0500971
0.0557518
-0.0001866
-0.0579611
-0.0484736
-0.0121713
0.0718068
0.0064719
-0.0455839
0.0312143
0.0002814
-0.0091914
0.0047869
0.0363715
-0.0435875
-0.0209319
-0.0036160
0.0373818
-0.0102271
0.0620609
0.0491614
0.0528760
0.0155419
-0.0292007
0.0636480
-0.0253784
-0.0587274
-0.0338284
-0.0690123
0.0302610
-0.0498267
0.0373964
0.0152142
-0.0307187
-0.0118690
-0.0572560
0.0172902
-0.0440521
-0.0219446
0.0588893
0.0478375
0.0865836
0.0012275
0.0845706
0.0281448
-0.0068590
-0.0475728
-0.0840965
-0.1073338
-0.1644018
-0.0426905
0.0664006
0.1069862
0.2448482
0.2383321
0.0439239
-0.0175535
-0.2136910
-0.2377012
-0.1106597
-0.0517243
0.0262106
-0.0378115
-0.0115696
-0.0161658
0.0943124
0.0625174
0.0771961
0.0524621
0.0230249
-0.0160052
-0.0398182
-0.0778273
0.0266203
-0.0370893
-0.0267598
-0.0610370
-0.0129537
-0.0039670
-0.0363758
0.0072541
0.0446490
0.0360530
-0.0072841
0.0365237
-0.0284869
-0.0586491
-0.0480646
-0.0364383
-0.0290331
0.0454063
-0.0514088
0.0593524
-0.0163114
0.0459043
-0.0678967
0.0390396
-0.0297240
-0.0469090
0.0308530
-0.0422112
-0.0581523
-0.0012700
-0.0654568
-0.0334924
0.0534661
0.0052080
0.0433276
0.0638255
-0.0190446
-0.0584962
0.0332966
0.0384482
-0.0244469
0.0633618
-0.0328548
0.0094441
-0.0164200
0.0012591
-0.0584224
0.0486583
0.0518691
0.0213082
0.0120943
0.0038959
0.0340400
-0.0553307
-0.0348740
0.0490227
0.0228980
0.0155565
0.0471741
-0.0712865
-0.0048584
0.0217628
0.0014195
0.0137472
-0.0610610
-0.0442920
0.0164662
0.0166160
-0.0212354
0.0622161
-0.0476959
0.0009661
0.0564792
-0.0448666
0.0281034
0.0506850
-0.0455899
-0.0553526
0.0370508
0.0075368
0.0634568
0.0355454
0.0623630
-0.0467327
0.0192724
-0.0496597
-0.0175529
-0.0032187
0.0232183
0.0651820
-0.0038330
0.0664631
-0.0362553
0.0169517
0.0358270
0.0644688
0.0438945
0.0443359
-0.0482253
-0.0141112
-0.0090372
-0.0096689
-0.0416678
-0.0196346
0.0441283
0.0406964
0.0624929
0.0047110
0.0500441
0.0369858
0.0266436
0.0568845
0.0619159
-0.0147468
-0.0449733
-0.0114496
-0.0831720
-0.0836411
-0.0043762
-0.0601720
0.0297962
0.0688836
0.0108429
0.0382137
0.0991089
0.1047075
0.0056764
0.0264397
-0.0785560
-0.0528987
-0.0356807
-0.1690573
-0.0866771
-0.0469115
-0.0506662
0.1053604
0.2507278
0.1888015
0.1900038
-0.0483258
-0.1221992
-0.1547368
-0.1803944
-0.1465872
0.0447344
0.0699203
0.0050556
0.0452430
0.0935712
0.0762339
0.0512600
0.0658789
0.0110373
-0.0070023
-0.0523456
0.0231221
-0.0339278
-0.0326038
0.0145704
-0.0183439
0.0430783
0.0344300
-0.0552281
-0.0369376
0.0035843
0.0484732
0.0066101
0.0425552
-0.0259852
0.0143865
-0.0280691
0.0119387
-0.0761357
-0.0238553
0.0006210
-0.0249826
-0.0491029
-0.0749832
-0.0611959
-0.0140332
0.0067844
0.0229269
0.0268341
-0.0236639
0.0072573
-0.0374602
-0.0639533
-0.0171977
-0.0015954
-0.0586526
0.0261423
0.0228329
0.0295716
-0.0420678
0.0420034
0.0256313
0.0114321
-0.0251997
0.0044403
-0.0032549
-0.0480259
0.0564897
-0.0156963
-0.0084099
-0.0414126
0.0370354
-0.0134316
0.0255348
-0.0617598
0.0413656
-0.0279495
-0.0089028
0.0217344
0.0546571
-0.0185287
-0.0637795
-0.0043709
0.0056584
-0.0424742
0.0260771
-0.0492032
-0.0257836
-0.0569486
0.0558423
0.0704964
0.0269701
0.0019572
-0.0297313
-0.0040290
-0.0544513
0.0617429
0.0429079
0.0346118
0.0254395
-0.0538501
-0.0462501
0.0114513
-0.0504877
-0.0301895
-0.0580259
0.0261533
0.0428056
0.0466964
-0.0439510
-0.0384978
-0.0558970
-0.0272082
0.0625710
0.0463807
-0.0514572
-0.0448658
0.0230388
0.0079465
0.0492222
-0.0571299
-0.0520083
-0.0338671
-0.0297894
0.0083036
-0.0179373
0.0506682
-0.0522343
-0.0441266
0.0383718
-0.0429564
0.0592042
0.0792480
0.0027659
-0.0028941
0.0134880
-0.0473905
0.0115285
0.0164855
0.0342643
-0.0694372
0.0488143
0.0238737
-0.0536468
-0.0183996
-0.0163958
0.0236843
0.0899300
0.0277022
-0.0202795
0.0274500
-0.0808505
-0.0531227
-0.0885952
-0.1822607
-0.1253046
-0.0764104
-0.0578193
0.1501575
0.2403846
0.3001500
0.1441090
0.0425584
-0.1895971
-0.1992738
-0.1153829
-0.0593477
0.0061541
0.0096645
0.0492326
0.0617036
0.0139322
0.0708755
-0.0096662
0.0715741
-0.0112354
-0.0298664
0.0037918
0.0362806
-0.0566197
0.0147131
0.0077399
-0.0618531
0.0072749
-0.0025953
-0.0263632
0.0147476
-0.0466874
0.0260583
0.0178948
0.0780992
-0.0203952
-0.0122412
0.0488097
0.0460700
-0.0106969
-0.0722435
-0.0343222
0.0372239
-0.0661249
-0.0363320
-0.0006112
0.0236205
-0.0123917
0.0105516
-0.0314032
-0.0059737
0.0193136
-0.0151137
0.0211919
-0.0524612
-0.0221796
0.0101399
-0.0602288
-0.0272145
-0.0512592
0.0082416
0.0137413
0.0480324
0.0114746
-0.0092680
0.0618685
-0.0352136
0.0084083
0.0274922
-0.0549731
0.0501902
0.0359317
0.0313094
-0.0070909
0.0290084
-0.0235143
0.0112186
-0.0201518
0.0204592
0.0037572
-0.0190811
-0.0332548
0.0135018
-0.0163007
-0.0400269
0.0515413
-0.0200564
-0.0467890
0.0008615
0.0332325
0.0382805
0.0494608
-0.0233863
0.0263067
-0.0362698
0.0451679
0.0049950
0.0480955
0.0303372
-0.0558480
-0.0251817
-0.0386092
-0.0067195
-0.0364650
0.0444524
-0.0545206
-0.0662919
0.0454093
-0.0352324
-0.0384609
0.0612238
-0.0266069
-0.0299118
0.0578744
0.0262310
-0.0261679
0.0320050
-0.0136716
-0.0724098
-0.0390338
-0.0514996
-0.0066152
0.0267351
-0.0681030
0.0220463
-0.0143089
0.0278221
-0.0025069
-0.0033833
-0.0039309
0.0331372
0.0389947
-0.0299838
0.0034889
0.0749312
0.0048602
-0.0220677
-0.0639481
-0.0553148
0.0296641
-0.0095624
-0.0283694
-0.0382492
0.0067933
-0.0008432
0.0723195
0.0705273
-0.0134742
0.1039977
0.0279664
0.0441146
-0.0222044
-0.0228096
-0.0546746
-0.0835184
-0.1137221
-0.1482477
-0.0818422
0.0510766
0.1532769
0.3319574
0.2042661
0.0227290
-0.0902108
-0.1850844
-0.0954312
-0.0694040
-0.0622297
-0.0546124
-0.0251796
0.0820060
0.0595206
0.0229619
0.0605266
-0.0199273
0.0771422
-0.0094367
0.0279598
-0.0519336
-0.0021493
0.0251312
-0.0734183
0.0423540
-0.0512956
-0.0008859
-0.0094091
0.0344660
0.0470591
-0.0148487
-0.0457934
-0.0269912
0.0575086
-0.0578317
-0.0479398
-0.0467647
0.0438804
0.0650009
-0.0424275
-0.0332982
-0.0370999
0.0505179
-0.0385407
0.0189893
0.0464381
-0.0551807
0.0459839
-0.0129756
-0.0111750
0.0107163
0.0315835
-0.0217952
0.0557490
-0.0475241
0.0273860
0.0567566
0.0594895
0.0335576
0.0426341
-0.0303046
-0.0335470
0.0185016
-0.0507016
0.0782365
-0.0092160
-0.0439137
0.0395761
-0.0506104
-0.0390545
0.0608868
0.0049253
-0.0309924
0.0359654
-0.0041652
-0.0081703
0.0356977
0.0457457
-0.0398828
0.0042483
0.0391781
0.0366847
0.0470787
-0.0237930
0.0382874
-0.0152435
0.0391272
-0.0398138
-0.0135844
-0.0560624
-0.0387928
-0.0155827
-0.0329362
-0.0613678
0.0527684
0.0642570
-0.0526808
0.0045305
0.0144051
0.0121316
-0.0431508
0.0525699
-0.0588682
0.0042621
0.0130754
0.0555391
0.0579511
-0.0245339
-0.0561967
-0.0045424
0.0071946
-0.0397932
-0.0255393
0.0206777
-0.0161959
-0.0326466
0.0061431
-0.0360379
0.0691963
0.0242589
-0.0230672
0.0065333
-0.0388223
-0.0016637
0.0516376
0.0381576
0.0297432
0.0252305
0.0301749
0.0435365
0.0159051
-0.0314275
-0.0299858
0.0438707
0.0054347
0.0388466
-0.0353292
-0.0337247
-0.0421956
-0.0325126
0.0020527
0.0333023
0.0418016
-0.0265825
-0.0111712
0.0076314
0.0189526
0.0931718
0.0115225
-0.0494840
-0.0499916
-0.0604950
-0.1506325
-0.1122843
-0.0589813
-0.0453376
0.1405321
0.1898634
0.2311574
0.1634091
-0.0339401
-0.1472071
-0.2349812
-0.1751302
-0.1361263
-0.0737295
0.0672286
0.0525378
0.0490722
0.0680494
0.0439857
0.0591154
0.0133892
-0.0301616
0.0504402
-0.0362334
-0.0626486
-0.0257288
-0.0568117
0.0085930
0.0118582
0.0048810
0.0486680
0.0498253
-0.0567424
0.0440393
0.0706342
0.0062925
-0.0232107
-0.0435104
-0.0124474
-0.0161995
-0.0096104
0.0251193
0.0279727
-0.0402370
-0.0447260
-0.0646043
0.0429058
0.0335663
0.0307616
-0.0016244
0.0374915
-0.0308655
-0.0425200
-0.0263253
-0.0470225
0.0191217
-0.0327829
-0.0710266
0.0496085
-0.0290027
-0.0626090
-0.0451071
0.0149833
0.0433974
0.0183484
0.0312726
0.0464108
0.0483347
-0.0453676
