-0.0043975
-0.0491328
-0.0234992
-0.0350585
-0.0135134
0.0420341
-0.0516629
-0.0688377
0.0532308
-0.0526491
-0.0642110
-0.0170966
-0.0536697
-0.0153705
-0.0504249
0.0307234
0.0342581
0.1418084
0.1418620
-0.0045981
-0.1555880
-0.2637363
-0.1939409
-0.0663577
0.0198717
0.1448058
0.1730259
0.1785722
0.0596082
0.0953591
-0.0351438
0.0035609
-0.0169042
-0.0037977
-0.1018682
0.0023468
0.0033980
0.0010117
-0.0056644
0.0283547
0.0686152
0.0115723
0.0409837
0.0505230
0.0254960
0.0470765
-0.0463053
-0.0359531
-0.0494070
-0.0000182
-0.0127330
-0.0327387
0.0182789
-0.0293509
-0.0055299
-0.0350767
0.0112239
-0.0122171
0.0299544
0.0459180
0.0148586
-0.0087268
0.0641761
0.0166930
-0.0137062
0.0380907
-0.0560941
-0.0507167
-0.0752318
0.0521547
-0.0142233
-0.0149141
-0.0312616
0.0185584
-0.0247724
-0.0050261
0.0174923
0.0710112
0.0741739
0.0201010
0.0655656
0.0614799
-0.0010828
-0.0625194
-0.0949957
-0.0967281
0.0063485
-0.0939493
0.0443305
0.0058720
-0.0001476
0.0679122
0.0315504
0.0808708
0.0385786
0.0162922
0.0605052
0.0818556
-0.0677842
-0.0464022
-0.1532990
-0.2037282
-0.2060090
-0.2230647
-0.0070444
0.1718343
0.4723795
0.4990904
0.3812060
0.0725079
-0.2303569
-0.4877430
-0.3172156
-0.2628868
-0.0046831
-0.0183462
0.0096438
0.0796654
0.1797216
0.1125277
0.0925001
0.0570244
0.0047304
0.0382414
0.0049974
-0.0520511
-0.1099589
-0.0780058
-0.1014243
-0.0258492
-0.0141782
-0.0551876
0.0545394
-0.0250716
0.0340895
0.0081282
0.0879668
0.0780242
0.0344997
-0.0135128
-0.0162370
0.0107119
0.0119938
-0.0606263
0.0162501
-0.0754166
0.0297570
-0.0579341
0.0173139
-0.0044749
0.0544703
0.0269828
0.0172406
0.0370767
0.0497842
-0.0308765
0.0662049
-0.0230337
0.0343468
-0.0375388
0.0265581
-0.0741471
0.0550363
0.0520895
0.0305672
-0.0124154
0.0047335
-0.0222947
-0.0424650
0.0748900
0.0134218
0.0509175
0.0411744
-0.0180894
-0.0077120
0.0292112
0.0125729
0.0167384
-0.0489377
0.0046371
-0.0672743
0.0010783
-0.0600607
0.0034976
0.0777455
0.0816095
0.1009790
0.0926044
0.2229820
0.2330704
0.0922291
-0.2681031
-0.4318312
-0.2741041
-0.0753124
0.1696752
0.2171494
0.2162721
0.1168018
0.0107025
-0.0427831
-0.0151053
-0.0308135
-0.0267323
-0.1215830
-0.0306291
-0.0882866
-0.0372380
-0.0176826
0.0666594
0.0487632
0.0453533
-0.0435233
0.0086471
0.0621170
-0.0353377
-0.0557123
0.0310383
0.0571709
-0.0699940
0.0046866
-0.0344263
-0.0846877
0.0340910
0.0076135
-0.0342947
-0.0576134
0.0367710
0.0519652
0.0177530
0.0288395
0.0053896
0.0381679
0.0641599
-0.0429493
-0.0538354
0.0148063
-0.0026362
0.0411284
-0.0733330
0.0156114
-0.0660744
-0.0431566
0.0309465
-0.0016361
0.0156515
0.0303079
0.0227653
0.0265541
0.0251112
0.0227795
0.0123592
0.0192444
-0.0412305
0.0256103
0.0298855
-0.0249328
0.0668656
0.0505175
-0.0182852
0.0525519
-0.0465546
0.0058061
0.0407075
0.0067920
-0.0546593
-0.0602456
0.0118586
-0.0445761
0.0526195
-0.0333905
0.0649086
-0.0127652
0.0158819
-0.0109408
0.0212642
-0.0610386
-0.0331355
-0.0335648
-0.0049737
-0.0494964
0.0129102
-0.0042086
0.0399143
-0.0092837
0.0154626
-0.0595027
-0.0388930
-0.0419643
-0.0269517
0.0362187
-0.0430908
0.0110174
-0.0101290
-0.0639979
-0.0077765
0.0434971
0.0023468
0.0201448
-0.0300619
-0.0156336
-0.0373237
0.0358907
0.0392104
-0.0111173
0.0219567
-0.0215008
0.0013333
-0.0513332
0.0265720
-0.0349108
-0.0281757
0.0255085
-0.0457622
0.0550165
0.0158605
-0.0374597
0.0364808
-0.0543618
-0.0593073
0.0256672
0.0238547
-0.0402819
0.0479292
-0.0389780
0.0073322
-0.0564074
-0.0606617
0.0345518
-0.0475899
0.0047490
0.0449727
0.0135128
-0.0379418
0.0669766
0.0289152
-0.0073644
0.0050057
-0.0456282
-0.0182316
-0.0577479
-0.0298692
-0.0318564
0.0275535
-0.0103879
-0.0546585
0.0238365
-0.0048974
0.0081211
0.0344143
0.0547990
0.0268249
-0.0028571
-0.0518003
0.0088342
-0.0190169
0.0004728
0.0536615
0.0352092
-0.0383695
-0.0091404
0.0496790
0.0077456
-0.0167486
0.0109872
0.0593131
0.0620377
0.0526132
-0.0442464
-0.0679201
-0.0239126
-0.0109995
-0.0417071
0.0150052
-0.0031158
0.0409462
-0.0368655
-0.0298283
-0.0167564
-0.0461042
0.0206570
0.0046546
0.0122621
0.0223527
0.0130725
-0.0156948
0.0321078
-0.0279355
-0.0157052
0.0056692
-0.0203897
-0.0302683
-0.0326118
-0.0226241
0.0454913
-0.0103699
-0.0375012
0.0392619
-0.0271581
0.0315687
-0.0091111
0.0352184
0.0607624
-0.0050042
0.0456402
-0.0648390
-0.0498463
-0.0397019
-0.0705951
-0.0293170
-0.0370108
-0.0267712
0.0607536
0.0543702
-0.0314130
0.0475965
-0.0197328
0.0698355
0.0358260
-0.0426681
0.0014019
0.0451868
0.0066606
-0.0621350
-0.0283737
-0.0748973
0.0280278
0.0037504
-0.0476851
0.0243419
-0.0199779
0.0326555
0.0596072
0.0766295
0.0131360
0.0263348
0.0157617
0.0009479
0.0119824
-0.0664716
-0.1199480
-0.0421917
-0.0133020
0.0418325
0.0081115
0.1322585
0.2119077
0.1088389
0.0691576
-0.0998340
-0.1322013
-0.1706223
-0.0611500
-0.1201762
0.0179158
0.0745136
0.0872411
0.0785545
0.0656207
0.1303645
0.0118181
-0.0540326
-0.0695695
-0.0163646
-0.0283773
-0.0708122
-0.0901982
0.0177134
-0.0043153
0.0432268
0.0084778
0.0436358
0.0709727
-0.0210891
0.0410892
-0.0110488
0.0439373
-0.0519177
0.0579708
-0.0466279
-0.0137204
-0.0522476
-0.0403996
0.0504315
-0.0150801
-0.0017696
-0.0156200
0.0305725
0.0395552
-0.0422250
-0.0010209
-0.0032350
-0.0504215
-0.0429762
0.0335180
0.0659461
0.0565116
0.0477576
0.0368480
-0.0511965
-0.0492383
-0.0453206
-0.0578215
-0.0305295
0.0365710
-0.0041964
0.0045895
-0.0415676
-0.0611553
-0.0490021
0.0598486
0.0614277
0.0270503
-0.0102438
-0.0328554
0.0149764
-0.0405485
0.0215913
0.0090794
0.0405944
0.0335275
-0.0057125
-0.0569753
-0.0526923
0.0625705
0.0495675
0.0637315
-0.0601777
-0.0097958
-0.0143896
0.0398007
0.0168962
0.0017230
-0.0130015
0.0057884
0.0640251
-0.0668055
-0.0118523
0.0249587
0.0417073
0.0413772
0.0147810
0.0045244
0.0089926
-0.0331095
-0.0372283
-0.0024654
-0.0244046
-0.0604548
-0.0164146
-0.0036459
0.0446213
-0.0511458
0.0201712
-0.0158980
-0.0309418
0.0543503
-0.0310046
-0.0620094
0.0285340
0.0399592
-0.0612308
-0.0092977
-0.0086533
0.0429192
0.0595149
0.0521544
0.0573693
-0.0365495
-0.0080564
0.0105705
-0.0161449
0.0468151
0.0457277
-0.0351980
-0.0266883
0.0684732
0.0580918
0.0318087
-0.0846673
-0.0756232
0.0224388
-0.0093407
-0.0506548
-0.0329925
-0.0051432
-0.0252377
0.0079462
0.0531821
-0.0561656
-0.0595596
-0.0489026
-0.0617774
0.0354395
0.0207410
0.0428898
0.0475975
0.0471221
-0.0557598
0.0293883
0.0708793
0.0664073
-0.0337639
0.0723638
0.0635537
0.0305267
0.0249362
0.0059342
-0.0094988
-0.0475660
-0.0913912
-0.0883921
-0.0540127
-0.1008965
-0.0047725
-0.0145218
0.0126695
0.1628820
0.1513738
0.1082488
0.0315864
-0.0809879
-0.1028299
-0.1966864
-0.1259908
-0.0935125
-0.0519232
-0.0220553
-0.0008370
0.0146463
0.0073495
0.0244624
0.0025861
0.0032915
-0.0595794
-0.0340056
-0.0067830
-0.0145209
-0.0818324
-0.0803528
-0.0799956
-0.0613119
0.0178638
0.0574504
0.0237882
0.0661633
0.0214604
0.0645095
-0.0160991
-0.0438851
0.0392855
-0.0130495
-0.0121359
-0.0399075
-0.0545253
-0.0282535
-0.0660447
0.0534442
-0.0210279
-0.0026936
0.0027005
-0.0374583
0.0429321
-0.0573189
-0.0236538
0.0311496
0.0195995
0.0067443
-0.0229667
0.0695345
0.0703660
-0.0018558
0.0246573
-0.0162596
-0.0025833
-0.0062107
-0.0008507
0.0437517
-0.0410152
0.0523305
-0.0136632
-0.0172566
-0.0061400
0.0377477
0.0072095
-0.0453548
0.0122965
-0.0599698
0.0345158
0.0384997
0.0034369
-0.0221210
0.0489399
0.0461762
-0.0189840
0.0560098
-0.0309894
0.0625481
0.0378457
0.0687921
0.0490986
-0.0230472
0.0494773
0.0084811
-0.0624075
-0.0011687
-0.0511470
0.0145613
0.0330585
-0.0012893
-0.0022739
-0.0594936
0.0436412
0.0636692
0.0395260
-0.0355027
-0.0606222
-0.0093825
-0.0377015
0.0431535
0.0148591
0.0535023
0.0564431
0.0294507
-0.0190846
0.0711917
-0.0605910
-0.0280100
-0.0304178
-0.0524914
-0.0505469
-0.0441355
0.0021068
-0.0039418
0.0520229
0.0442868
0.0329507
-0.0500055
0.0281774
0.0340545
0.0064913
0.0259283
0.0318295
0.0396980
-0.0504395
-0.0728836
-0.0060311
0.0486581
0.0702937
-0.0340680
-0.0677292
-0.0212587
-0.0571716
-0.0175470
0.0736058
-0.0402970
0.0198447
-0.0010311
-0.0112193
0.0639749
0.0609932
-0.0234504
-0.0385289
-0.0444310
0.0259103
0.0077452
-0.0347257
-0.0169981
-0.0523951
0.0595044
0.0135152
-0.0179776
-0.0080331
0.0478868
0.0298416
0.0125120
-0.0260538
0.0229367
0.0427662
-0.0456234
-0.0121137
-0.1443428
-0.1117915
-0.0765904
-0.0744331
0.0565493
0.0578301
0.1039483
0.2423603
0.1036761
0.0055741
-0.0942693
-0.2015268
-0.1483509
-0.0435377
-0.1117075
-0.0457038
-0.0051403
0.0573042
0.0025733
0.0510647
0.0473599
-0.0086167
-0.0061583
-0.0041747
0.0363036
0.0045802
-0.0283355
-0.0379329
-0.0702353
-0.0791433
0.0473382
-0.0024138
-0.0421997
0.0417176
0.0347091
0.0325090
0.0237713
-0.0512089
0.0031842
-0.0092411
-0.0099012
0.0521913
0.0041951
-0.0741980
0.0509149
-0.0003397
-0.0577134
-0.0120192
-0.0007416
-0.0501581
0.0438740
0.0335445
-0.0116291
-0.0339270
0.0220562
-0.0483072
0.0057075
0.0542685
0.0383138
-0.0176950
-0.0085680
0.0067085
-0.0178021
-0.0243777
0.0442809
-0.0231497
-0.0105644
0.0062643
0.0368086
0.0364059
-0.0399368
-0.0476071
0.0309677
-0.0395928
0.0045042
-0.0071687
0.0478476
0.0046534
0.0123525
0.0352323
0.0641096
-0.0276595
-0.0469718
0.0277493
0.0349047
-0.0604752
0.0446819
-0.0654805
0.0190989
0.0060957
0.0534107
0.0351914
0.0253531
-0.0307167
-0.0373853
-0.0372532
-0.0505002
0.0284289
0.0427198
0.0172003
-0.0240797
-0.0740979
0.0098631
-0.0016752
0.0479856
-0.0092978
-0.0391350
-0.0500141
0.0400203
-0.0661874
0.0461405
-0.0010362
-0.0380031
0.0352151
-0.0448855
0.0125830
-0.0336726
-0.0312033
-0.0187040
0.0201023
0.0169706
0.0193323
0.0431276
0.0222191
0.0119368
-0.0357489
0.0328022
-0.0090483
-0.0015037
-0.0416596
-0.0067982
0.0107180
-0.0066596
-0.0162076
-0.0200820
0.0457973
-0.0558519
-0.0143976
-0.0630396
0.0242428
0.0259511
-0.0466859
0.0231494
0.0365586
-0.0217006
0.0487792
0.0591289
0.0384313
0.0720364
0.0103390
-0.0060311
0.0100735
-0.0470108
-0.0352852
0.0131924
-0.0171305
-0.0743159
0.0100909
0.0354471
-0.0012928
0.0770663
0.0325513
0.0762658
-0.0068455
-0.0071456
0.0338851
0.0109849
0.0006662
-0.0958045
-0.0247558
-0.1060750
-0.0611882
-0.0237243
-0.0281655
-0.0203912
0.0957631
0.1094082
0.2463909
0.0807687
-0.0675984
-0.1925871
-0.1405295
-0.1416022
-0.1196138
-0.0071602
-0.0234457
-0.0122871
0.0802105
0.1223419
0.0827162
0.0393940
0.0028046
0.0242810
0.0449145
0.0289893
-0.0286154
-0.0131715
-0.0348275
0.0416032
0.0489181
0.0597525
-0.0188180
-0.0120912
-0.0121804
0.0052740
-0.0275789
0.0237588
-0.0485800
0.0128925
0.0305973
0.0020744
-0.0370559
-0.0239453
-0.0440142
-0.0551987
0.0585089
0.0539881
0.0261755
0.0640024
-0.0152952
0.0136660
0.0304752
0.0556254
0.0036430
-0.0287660
0.0613922
0.0285507
-0.0282358
0.0117480
-0.0087334
-0.0478649
0.0343252
-0.0626461
0.0521723
-0.0136930
-0.0325848
0.0358688
-0.0570460
-0.0487749
0.0241126
0.0610755
-0.0358965
-0.0031261
-0.0018886
0.0275418
0.0317026
0.0594062
-0.0001792
0.0587077
-0.0473902
-0.0258273
-0.0617353
0.0354371
0.0588309
0.0516235
0.0175940
0.0525129
0.0323274
-0.0173257
-0.0655171
0.0192921
-0.0166995
-0.0643635
0.0599866
0.0016555
0.0369722
0.0151361
0.0159337
0.0181143
-0.0477202
0.0412273
0.0296663
-0.0110289
0.0611769
0.0097917
-0.0316812
0.0014391
-0.0356363
0.0026887
-0.0673342
-0.0039139
0.0665493
0.0449938
0.0294211
0.0358719
0.0336589
-0.0410326
-0.0134496
-0.0229132
0.0517875
-0.0635956
-0.0552584
0.0069256
-0.0321336
0.0487952
-0.0202185
0.0135760
-0.0572461
0.0599319
0.0390486
-0.0410732
0.0414543
0.0676506
-0.0041372
-0.0252169
0.0274390
-0.0376357
-0.0202606
0.0222976
0.0051391
0.0173091
0.0389214
0.0197396
-0.0302472
0.0351887
0.0121374
-0.0363512
0.0013428
0.0165072
0.0525147
-0.0130964
0.0481219
0.0035010
-0.0063469
-0.0198890
-0.0837145
0.0446376
0.0199063
0.0008759
-0.0511651
0.0543140
0.0168540
0.0815698
-0.0131073
0.0038600
-0.0355106
-0.0194177
0.0185181
-0.1195940
-0.0833789
-0.0924685
-0.0169614
-0.0576877
0.0591301
0.1210569
0.2103157
0.2254651
0.0913157
-0.0503494
-0.2349807
-0.2124181
-0.1729020
-0.0616346
-0.0049848
0.0615973
0.0101272
0.0654348
0.0124908
0.0689911
0.0845958
0.0168481
-0.0293756
0.0223487
0.0117564
0.0189120
-0.0637872
0.0229865
-0.0347433
-0.0459292
-0.0124680
-0.0245289
-0.0315479
0.0067911
-0.0166930
-0.0127822
0.0685671
0.0477810
0.0568568
-0.0195216
0.0365321
0.0105312
0.0396103
-0.0686164
0.0138846
0.0232398
0.0448410
-0.0009271
0.0497124
-0.0165831
-0.0356015
0.0437946
-0.0228356
-0.0038615
-0.0537852
-0.0627842
-0.0153635
-0.0307398
-0.0071764
-0.0185453
-0.0646956
-0.0224913
0.0021240
0.0431216
0.0429782
0.0683867
0.0445321
-0.0363121
0.0140264
0.0438496
-0.0413957
0.0219303
0.0319189
0.0578132
0.0228682
-0.0673091
0.0277294
0.0043378
-0.0173781
-0.0199082
0.0069152
0.0534773
0.0547419
-0.0291958
0.0148299
0.0254589
0.0112822
0.0597675
0.0198908
0.0279208
0.0008325
-0.0318333
0.0651976
-0.0089979
-0.0381135
0.0574821
-0.0290118
-0.0366536
-0.0213969
-0.0064203
-0.0530497
0.0080594
-0.0578424
0.0179396
0.0285985
0.0315762
-0.0178449
-0.0045500
-0.0505280
-0.0505444
0.0273341
0.0539835
0.0298639
0.0339470
0.0105460
-0.0257179
0.0401858
0.0054093
0.0343510
0.0563659
-0.0129928
-0.0644696
-0.0201864
-0.0652647
-0.0362032
-0.0132136
0.0040023
0.0555769
0.0388484
0.0157384
