0.0109180
-0.0600381
-0.0371665
0.0222547
0.0426452
-0.0101323
-0.0601261
0.0240971
-0.0274694
-0.0409801
-0.0191418
0.0394126
-0.0535352
0.0111402
-0.0133153
-0.0563525
-0.0488781
0.0337714
-0.0377386
-0.0179729
0.0151662
0.0398979
0.0273307
-0.0379042
-0.0231879
-0.0218041
-0.0294385
0.0460374
-0.0504789
0.0239418
0.0383515
-0.0076439
0.0499154
0.0041252
0.0506285
-0.0292224
0.0470644
-0.0650135
0.0008387
0.0138014
-0.0021315
0.0693218
0.0471598
0.0651973
-0.0531290
-0.0151543
-0.0306081
-0.0263992
0.0662447
-0.0043194
0.0668344
-0.0716428
-0.0660161
-0.0297289
-0.0744653
-0.0160782
-0.0076864
-0.0034843
0.0690574
0.0243648
-0.0001276
-0.0125416
0.0116266
-0.0280458
0.0672263
0.0185062
0.0472071
-0.0658081
-0.0534441
-0.1437987
-0.0921845
-0.0838499
-0.0433621
-0.0370306
0.0606320
0.2809377
0.2336992
0.1848074
-0.0279377
-0.1181638
-0.1500269
-0.2059173
-0.1095832
-0.0218403
-0.0414809
0.0074935
-0.0010276
0.0120209
-0.0081194
-0.0209905
0.0369139
0.0051365
0.0268179
-0.0562953
0.0224839
-0.0681632
-0.0336636
-0.0311341
-0.0024826
-0.0242137
-0.0465157
-0.0361694
0.0159031
0.0581046
0.0230225
-0.0175733
-0.0471337
0.0705663
0.0456916
-0.0538895
0.0537736
-0.0755499
0.0485031
-0.0532498
0.0016030
0.0334510
-0.0401711
0.0321509
0.0210996
0.0202220
-0.0244873
0.0640523
-0.0319371
0.0158657
-0.0486347
0.0553142
-0.0103158
0.0208898
-0.0009708
0.0017348
-0.0440001
-0.0305211
-0.0102423
-0.0492373
-0.0381214
-0.0355277
0.0444218
-0.0131770
-0.0436680
-0.0508218
0.0242691
-0.0095305
0.0429329
-0.0674917
0.0499320
0.0409476
0.0353409
-0.0558324
-0.0527329
0.0361298
-0.0126889
-0.0645476
0.0345131
-0.0005611
-0.0611780
-0.0610553
-0.0361616
0.0013716
-0.0033310
0.0121372
0.0542781
0.0402121
0.0632771
0.0235805
0.0307968
-0.0048786
0.0282086
-0.0499404
0.0152147
0.0163615
-0.0486557
-0.0210311
0.0635377
0.0308657
0.0579365
0.0027877
-0.0474281
-0.0421649
-0.0286422
0.0015625
0.0067499
-0.0472117
-0.0450068
-0.0392126
-0.0472550
0.0097330
0.0311595
0.0602582
-0.0221686
-0.0056748
0.0212495
-0.0335787
-0.0408729
0.0096472
-0.0400374
-0.0100898
0.0318973
0.0440171
0.0184278
-0.0646432
0.0041370
-0.0459727
0.0083157
0.0119879
0.0443460
0.0495449
-0.0545082
-0.0092698
0.0291373
0.0015009
-0.0485203
-0.0625230
-0.0509847
0.0161891
0.0267462
-0.0102351
0.0133665
0.0144323
0.0403045
0.0793964
-0.0138830
-0.0277457
0.0318184
-0.0897397
-0.0449375
-0.0386258
-0.0599628
-0.0730721
-0.0730957
0.0889800
0.1756308
0.2542915
0.1553968
0.0211888
-0.0413781
-0.1232694
-0.1415878
-0.1414189
-0.0867123
0.0398275
-0.0148917
0.0983798
0.0615499
0.0889751
0.0232308
0.0399162
0.0455708
0.0120575
0.0407703
0.0333332
-0.0310680
-0.0515992
-0.0516938
0.0359359
-0.0394235
-0.0384521
-0.0214508
0.0707180
0.0481704
0.0718524
0.0667377
0.0596621
0.0173659
0.0493070
-0.0623436
0.0423207
0.0473846
-0.0567386
0.0012886
0.0044720
-0.0004323
0.0277154
0.0258752
0.0023768
-0.0178603
0.0621507
-0.0584298
0.0269442
0.0034485
-0.0296102
-0.0021669
0.0685647
-0.0197995
0.0151426
0.0569025
-0.0143423
-0.0355981
-0.0742838
0.0421815
0.0405876
0.0132058
-0.0566430
0.0505595
0.0061305
-0.0223648
-0.0611604
-0.0073609
-0.0206428
-0.0129435
0.0492074
0.0441528
0.0517651
0.0017524
0.0242357
0.0550216
-0.0305402
0.0105962
-0.0135499
0.0623541
-0.0513103
0.0544112
-0.0374458
-0.0658862
-0.0604780
0.0191777
0.0471701
0.0185900
0.0568126
-0.0493087
-0.0361107
-0.0354729
-0.0637304
0.0517500
0.0541114
0.0501367
-0.0206818
-0.0425056
0.0592819
-0.0484654
-0.0176135
-0.0650891
0.0581660
-0.0539663
0.0179028
0.0663163
-0.0185460
-0.0075930
-0.0502597
-0.0437454
0.0485343
-0.0564894
-0.0226462
-0.0204139
-0.0285767
0.0199611
-0.0382269
0.0278668
-0.0566451
0.0597159
-0.0239243
0.0149796
-0.0300308
-0.0320249
0.0322737
0.0623062
0.0466426
-0.0151300
0.0179399
0.0091498
0.0035770
-0.0718071
0.0297154
-0.0490920
0.0272194
0.0595627
0.0274288
-0.0571192
-0.0677064
0.0329993
-0.0364841
0.0392235
0.0413020
0.0063782
0.0853671
0.0638127
0.0100679
0.0082042
0.0150724
-0.0619514
-0.0890949
-0.0209268
-0.1593603
-0.0776780
-0.0976512
-0.0620467
0.0544420
0.2453471
0.1731623
0.1084841
-0.0857557
-0.1612546
-0.1506871
-0.1670064
-0.0658982
-0.0593506
0.0457521
0.0432908
0.1086281
-0.0134249
-0.0005018
0.0016994
0.0533706
0.0151127
0.0005976
-0.0358316
0.0046459
0.0251140
0.0128758
-0.0373598
0.0445394
0.0341453
0.0192783
-0.0255230
0.0290685
0.0747327
-0.0472672
0.0415374
-0.0163251
0.0585991
0.0090957
0.0014540
-0.0471195
-0.0210935
-0.0096067
-0.0076113
0.0496660
-0.0671518
-0.0271547
0.0533377
-0.0421397
-0.0350795
-0.0045931
0.0355721
-0.0545947
-0.0167198
0.0435550
-0.0694536
-0.0136926
-0.0633300
-0.0381575
0.0060592
0.0590878
-0.0651167
0.0168393
-0.0225329
0.0014037
-0.0181768
0.0029878
0.0707638
0.0704273
-0.0393767
-0.0564114
-0.0194265
-0.0081794
-0.0325575
-0.0282353
-0.0319548
0.0481559
0.0061834
-0.0119071
-0.0148680
0.0140590
0.0214287
-0.0242359
-0.0620105
-0.0075873
0.0092589
0.0263684
0.0443729
0.0442660
-0.0432265
-0.0231774
0.0223956
-0.0222446
0.0442183
-0.0263969
0.0601601
-0.0576903
-0.0546445
0.0701748
0.0137770
0.0592139
0.0558267
0.0422245
-0.0264052
0.0311255
0.0193132
0.0350849
0.0314747
-0.0131387
0.0078397
0.0380891
0.0262166
0.0214402
0.0048260
0.0533232
-0.0261738
-0.0470300
-0.0324756
0.0275190
0.0538076
-0.0180848
-0.0187548
-0.0338958
0.0135506
-0.0705670
0.0100601
-0.0301149
0.0166450
0.0101818
0.0097781
-0.0392567
-0.0204370
-0.0207004
0.0169384
-0.0402834
0.0036558
0.0326138
0.0142163
-0.0910078
0.0106226
-0.0512769
0.0148168
-0.0189993
-0.0152636
-0.0225484
0.0751768
0.0789739
0.0703199
0.0244666
-0.0271119
0.0436460
0.0744655
0.0391716
-0.0705450
-0.0131144
-0.1403462
-0.1436748
-0.0339462
-0.0616223
0.0594419
0.1872893
0.2540117
0.2566040
0.1485898
0.0063725
-0.1608880
-0.1352834
-0.0657509
0.0072920
0.0160534
0.0535795
0.0647859
0.0740931
0.0848506
0.0115936
-0.0103691
0.0827322
0.0536616
-0.0615946
-0.0713317
-0.0378039
-0.0896675
0.0011413
0.0197378
-0.0327079
0.0903046
0.1279611
0.0683611
-0.0344341
-0.0022386
-0.0818278
0.0169229
-0.0588145
0.0529055
0.0060187
0.0452710
-0.0221126
0.0543651
-0.0337419
-0.0425934
0.0103042
-0.0251763
0.0152410
-0.0217770
0.0620521
0.0486356
-0.0458095
0.0296394
0.0270845
0.0095601
-0.0505974
0.0159384
0.0099949
-0.0364258
-0.0384391
0.0025912
-0.0497268
0.0125844
-0.0226757
-0.0095409
-0.0423485
0.0509123
-0.0203407
0.0198022
0.0395173
0.0331643
0.0087408
-0.0092413
-0.0674276
0.0241430
-0.0493062
0.0515808
0.0011198
-0.0402407
-0.0361699
-0.0240182
0.0655745
0.0605994
-0.0451020
-0.0161754
0.0398588
0.0188409
-0.0296416
0.0519290
-0.0556726
-0.0490257
-0.0314210
-0.0001691
0.0350883
-0.0171130
0.0538693
-0.0456909
-0.0314731
0.0423858
-0.0077021
0.0485894
-0.0051124
-0.0496720
-0.0355742
-0.0591583
-0.0376354
-0.0209382
-0.0593345
-0.0435265
0.0422598
-0.0185837
-0.0065561
0.0608524
-0.0409575
0.0293474
-0.0294944
-0.0431460
-0.0530785
0.0583081
-0.0210512
-0.0197191
-0.0685161
-0.0631816
-0.0229046
-0.0530351
0.0269570
0.0796411
0.0732070
-0.0372442
0.0496870
-0.0502807
-0.0288071
0.0674722
-0.0270770
0.0186992
-0.0117293
-0.0281451
-0.0146646
-0.0323839
-0.0654523
0.0242882
0.0234391
0.0446104
-0.0541077
-0.0525481
0.0713377
-0.0349944
-0.0174331
-0.0288482
-0.0431182
-0.0010576
-0.0386961
-0.0090177
-0.0662436
0.0456913
0.0563580
-0.0751279
-0.0269227
0.0002343
-0.0044516
0.1218674
0.1575464
0.1137047
0.0573657
-0.0054679
-0.0215561
-0.1242835
-0.0137723
-0.0686482
-0.0822430
0.0142703
0.0269960
0.0892359
0.0283365
-0.0262185
0.0640268
0.0102866
-0.0498039
0.0563157
-0.0376442
0.0134320
-0.0343081
-0.0070821
0.0533477
-0.0132453
-0.0089105
0.0563124
0.0157361
-0.0416321
-0.0015746
-0.0087106
0.0039002
-0.0512378
-0.0099567
-0.0170761
0.0059476
-0.0536196
0.0124818
-0.0460671
0.0488230
0.0031443
-0.0429018
0.0582703
0.0497121
0.0336619
0.0654581
-0.0560464
0.0287096
0.0058794
0.0619359
0.0605828
-0.0352264
-0.0024695
-0.0375216
0.0068860
0.0403256
0.0642848
0.0576858
-0.0274898
0.0057619
0.0226931
-0.0051652
0.0547657
0.0344329
-0.0221100
-0.0344991
-0.0244663
0.0240624
0.0410194
-0.0166100
-0.0623954
0.0018728
0.0323029
0.0320413
0.0647233
-0.0255830
-0.0486013
-0.0338572
0.0239446
-0.0107279
0.0475039
0.0666242
-0.0350051
0.0397656
0.0312861
-0.0100153
-0.0397258
0.0583397
0.0332624
-0.0422072
0.0251408
-0.0558456
-0.0159610
-0.0451774
0.0521745
0.0461547
-0.0600849
0.0510909
-0.0174950
-0.0025270
-0.0062899
-0.0153280
-0.0395086
-0.0171052
-0.0222234
-0.0571366
0.0382614
-0.0439527
0.0071989
0.0208952
0.0102188
-0.0046422
0.0848436
-0.0152102
0.0338852
-0.0310202
0.0249093
-0.0085511
-0.1122292
0.0126358
0.0088850
0.0853109
-0.0452624
-0.1716363
-0.0819937
0.0220993
0.1867759
0.2303141
0.0953289
-0.1089982
-0.1618303
-0.1218711
-0.0958630
-0.0270988
0.0230556
0.0047405
0.0620618
-0.0153868
0.0653297
0.0613358
0.0370017
0.0224262
0.0515370
-0.0130771
-0.0116947
-0.0386654
-0.0503890
-0.0249745
0.0005438
0.0114797
-0.0698905
-0.0030588
0.0431266
0.0502627
0.0749193
-0.0361111
0.0584365
-0.0259035
0.0281498
-0.0342387
0.0461211
-0.0145289
-0.0401349
-0.0328940
-0.0429455
0.0525461
-0.0602528
-0.0312946
-0.0264925
0.0232744
0.0263872
-0.0327707
-0.0565661
0.0031733
-0.0010187
-0.0670387
0.0294997
0.0526016
-0.0320945
0.0014284
0.0294334
-0.0343176
0.0385678
-0.0287665
-0.0402097
0.0146878
0.0295494
-0.0020703
-0.0453566
0.0400795
-0.0176139
-0.0281943
0.0623159
-0.0410134
-0.0687185
-0.0404706
0.0198443
-0.0208567
-0.0254497
0.0707366
-0.0144993
-0.0210299
0.0630230
0.0426616
0.0551884
-0.0683641
-0.0317750
0.0235592
-0.0337098
0.0031758
0.0707217
-0.0518207
0.0228050
0.0213514
0.0345548
0.0532992
-0.0420584
0.0538725
0.0658252
0.0256142
-0.0513565
-0.0465881
-0.0138492
-0.0023346
-0.0320710
-0.0022830
0.0469737
-0.0315908
-0.0488802
-0.0300731
0.0166014
0.0570723
-0.0299705
0.0165507
-0.0682129
0.0445575
0.0269500
-0.0094119
0.0261960
0.0149271
0.0737968
0.0588974
0.0266280
-0.0201044
0.0220699
0.1126311
0.0980429
-0.0782747
-0.1775293
-0.0712059
0.0321196
0.0712885
0.2025705
0.0628186
-0.0286756
0.0295160
-0.0823647
-0.0229049
0.0349271
-0.0601529
-0.0083507
0.0328966
-0.0437988
-0.0085623
0.0649357
-0.0147239
0.0967371
0.0324202
-0.0035404
-0.0558428
-0.0433285
-0.0725517
0.0157099
0.0397747
0.0020988
0.0194212
0.0121506
0.0088787
0.0411851
-0.0079759
0.0327139
0.0078782
-0.0089000
-0.0469572
0.0481306
-0.0490610
-0.0101178
-0.0265984
0.0230183
-0.0133892
0.0025571
0.0291876
-0.0486947
-0.0293386
0.0155562
-0.0552113
-0.0006223
0.0200663
-0.0000122
0.0109416
0.0245727
-0.0204942
-0.0062611
-0.0162389
0.0006351
0.0234062
-0.0013522
0.0090157
-0.0391549
-0.0329107
-0.0474099
0.0611298
0.0551018
-0.0551223
0.0587178
0.0117890
-0.0271060
0.0272628
0.0271896
-0.0001530
-0.0402029
0.0009493
0.0035640
0.0341750
0.0597599
0.0368654
0.0383866
-0.0006008
0.0922733
-0.0035413
0.0678695
0.0085100
-0.1027720
-0.1810728
-0.0648353
-0.1551335
-0.0029533
0.0085420
0.1386525
0.0943427
0.0694041
0.0765473
-0.0004840
-0.0244895
-0.0112023
-0.0892162
-0.0856649
-0.0130349
-0.0097813
0.0384606
-0.0250650
0.0013497
0.0657348
-0.0295223
0.0102242
0.0122296
-0.0091306
0.0728865
0.0604099
0.0387085
-0.0473300
-0.0687772
-0.0423146
-0.0471086
-0.0284645
0.0180338
-0.0690653
-0.0155972
-0.0147867
-0.0393960
0.0623012
0.1204690
0.1009152
0.0255416
-0.0626560
-0.1073821
-0.0127428
-0.0806454
-0.0086602
-0.0322136
0.0391057
-0.0478995
-0.0200584
0.0483462
-0.0215424
-0.0290214
-0.0539602
-0.0053183
0.0245810
0.0076780
0.0386585
-0.0478381
-0.0588191
-0.0605041
-0.0002331
-0.0440830
-0.0092544
0.0036083
0.0639174
0.0177970
0.0491925
0.0592623
0.0704455
-0.0316683
-0.0105649
0.0573820
0.0242299
0.0342371
0.0558521
-0.0121934
0.0303148
-0.0428991
0.0560039
-0.0316790
0.0406110
-0.0568123
-0.0480294
-0.0559586
-0.0526828
-0.0414050
0.0449128
0.0610943
0.0158576
0.0193638
-0.0729944
0.0156872
-0.0142948
-0.0218582
0.0269542
0.0137131
-0.0384376
-0.0326189
0.0367792
-0.0727291
-0.0159239
0.0067524
-0.0591731
0.0503576
0.0460329
-0.0301363
-0.0015992
-0.0028489
0.0482428
0.0290152
0.0077984
0.0245629
-0.0076502
0.0009230
-0.0438712
0.0482776
-0.0280242
0.0464711
0.0479899
-0.0234575
-0.0135368
-0.0048476
-0.0323870
-0.0346709
0.0016373
-0.0528288
0.0242131
-0.0331057
0.0456889
0.0056512
-0.0575377
0.0768556
0.0578901
-0.0306841
0.0659101
-0.0093066
0.0506223
-0.0110528
-0.0707592
-0.0970616
-0.0534296
-0.0423154
-0.0678790
-0.1233109
-0.0284297
0.0329823
0.1351234
0.2470943
0.2528304
0.0292620
-0.0850224
-0.1546040
-0.1308991
-0.1167102
-0.0111942
-0.0415172
0.0674432
0.0694335
0.0419680
-0.0153506
0.0938857
0.0176392
0.0559962
0.0702065
-0.0248145
-0.1045159
-0.0340283
-0.0965444
-0.0448774
-0.0194866
0.0485538
0.0168124
0.0292177
0.0367914
0.0777917
0.0294062
-0.0251442
-0.0215586
0.0711617
0.0455733
0.0390226
-0.0258622
-0.0282346
0.0186408
0.0125403
-0.0676279
-0.0651915
0.0365307
0.0060160
-0.0619532
0.0458075
-0.0144733
0.0074025
0.0345088
0.0220618
0.0141887
-0.0380885
0.0036806
-0.0430193
-0.0718878
0.0094928
-0.0121794
-0.0694607
-0.0906250
0.0428296
0.0142492
0.0579514
0.0055981
-0.0499715
0.0515666
0.0638770
0.1210121
0.1099548
0.0438233
-0.0507549
0.0542718
0.0408342
0.0296242
-0.2263768
-0.3627006
