0.0675609
-0.0249458
-0.0187909
0.0168276
-0.0590054
0.0179179
0.0417981
0.0466343
0.0547786
0.0390298
-0.0469166
0.0418930
0.0277874
0.0071653
-0.0341983
0.0180238
0.0489663
-0.0651644
-0.0210883
-0.0335272
0.0302158
0.0534302
0.0154385
-0.0308041
0.0589903
0.0466450
0.0348779
0.0218222
-0.0719567
0.0022110
-0.0212297
0.0558313
-0.0506645
0.0136010
-0.0368832
0.0015609
0.0637874
0.0211891
-0.0641438
-0.0133544
0.0463353
0.0012883
-0.0340768
-0.0091550
-0.0345465
0.0244947
-0.0403403
-0.0437000
-0.0180289
0.0512401
-0.0296018
-0.0040548
0.0462958
-0.0315937
-0.0249821
-0.0558418
0.0162684
-0.0785618
-0.0001273
-0.0027772
0.0493855
-0.0500606
-0.0381334
-0.0290822
0.0620676
0.1959450
0.0438855
-0.0715837
-0.1209907
-0.1599491
-0.0026170
0.0131412
0.1036282
-0.0296213
0.0616516
-0.0295500
-0.0312125
-0.0434095
-0.0482377
0.0554260
0.0491461
0.0493409
-0.0458861
0.0508030
-0.0407317
-0.0010995
0.0355137
0.0461998
-0.0300830
-0.0023446
-0.0061933
-0.0282849
0.0170945
0.0717171
-0.0187540
-0.0571403
0.0175682
-0.0088977
0.0196429
-0.0336409
-0.0517697
0.0410422
0.0436088
-0.0415796
0.0317050
0.0176510
0.0211133
-0.0224795
-0.0634078
-0.0142358
0.0632072
0.0521446
0.0644937
0.0558769
-0.0115422
-0.0386621
-0.0381189
-0.0058450
0.0385900
0.0322712
0.0176780
0.0318982
0.0107379
0.0537298
0.0409716
-0.0067268
-0.0627426
-0.0467289
0.0057343
-0.0508781
0.0412606
0.0036544
-0.0748545
-0.0385459
0.0484566
-0.0573123
-0.0066002
-0.0165593
-0.0047183
0.0008988
0.0677223
0.0841675
0.0825744
0.0911763
0.0624148
0.0784823
-0.0460525
-0.1169929
-0.1629342
-0.0972610
-0.0504729
0.1180833
0.0811515
0.0792732
0.0352807
0.0120487
0.0116609
-0.0803766
-0.0614943
-0.0523528
-0.0755417
-0.0021916
-0.0441520
0.0093821
-0.0388806
-0.0134062
0.0742845
0.0295748
0.0425457
0.0355053
-0.0128954
0.0323893
-0.0253286
-0.0489781
0.0536980
-0.0219892
0.0315992
0.0430343
-0.0393875
-0.0282270
-0.0333769
-0.0879489
-0.0045357
0.0054578
0.0517196
0.0691980
0.0027333
0.0193727
-0.0928430
-0.0172513
-0.0196161
-0.0383644
-0.0067899
-0.0548639
-0.0356271
0.0340702
0.0513769
0.0604079
-0.0026144
0.0157252
0.0582700
0.0139058
-0.0117261
-0.0137136
-0.0482516
0.0323503
-0.0482001
0.0533595
-0.0326742
0.0046867
0.0582320
0.0305168
0.0116215
0.0429224
0.0558742
-0.0345994
-0.0205087
-0.0174196
-0.0162138
0.0482238
-0.0481355
0.0350211
-0.0409264
-0.0194821
0.0547135
0.0025284
-0.0088553
0.0338228
0.0255746
0.0709079
0.0122139
-0.0459188
-0.0413221
0.0058774
-0.0014579
-0.0698704
-0.0071085
0.0337643
-0.0562969
0.0054486
-0.0614842
-0.0100636
-0.0073870
0.0013165
0.0094234
-0.0580537
-0.0462327
-0.0644265
-0.0458340
-0.0467918
-0.0571013
0.0558544
-0.0387797
-0.0261627
0.0481506
0.0451659
-0.0143087
-0.0233912
-0.0532145
-0.0488490
0.0185863
0.0262231
-0.0301337
0.0223464
0.0195804
0.0144933
-0.0023834
-0.0621253
-0.0452713
-0.0158013
0.0430419
0.0447804
-0.0242400
-0.0338797
-0.0264848
0.0005386
0.0213861
-0.0377618
0.0482522
-0.0492317
0.0650024
-0.0141753
-0.0451675
0.0238644
0.0700480
-0.0501755
0.0414186
-0.0718450
-0.0287368
-0.0246016
-0.0310076
0.0227397
0.0365107
0.0116683
0.0804434
0.0541282
0.0657751
0.0007651
-0.0173257
-0.0130281
-0.0258489
0.0491102
0.0440273
0.0427737
0.0246901
0.0010094
-0.0108666
-0.0369400
0.0405607
0.0840866
0.0759514
0.0819563
-0.0194574
0.0585449
0.0897220
0.0591037
-0.0380046
-0.1135935
-0.2046821
-0.1244829
-0.0456736
0.0928415
0.0558339
0.0823497
0.0120819
0.1020002
0.0713704
0.0271624
-0.0100459
-0.0528697
0.0120727
0.0196066
0.0114091
-0.0107625
-0.0535398
0.0053001
0.0568584
0.0430463
0.0215914
-0.0166742
-0.0385367
-0.0269126
0.0040046
-0.0399754
-0.0114116
0.0525275
-0.0477151
0.0055318
-0.0311222
0.0589773
0.0044842
0.0368757
-0.0183061
0.0321917
-0.0487291
-0.0403108
0.0674576
0.0707500
0.0259476
-0.0539567
-0.0626362
0.0079674
0.0257278
-0.0069115
0.0229640
-0.0548489
0.0175289
0.0154781
0.0134713
-0.0171900
0.0441594
-0.0010523
0.0322732
0.0310203
-0.0026290
-0.0109709
0.0364178
-0.0327743
-0.0426854
-0.0088874
0.0365431
0.0470415
-0.0456614
-0.0226384
0.0052652
0.0175063
0.1012456
0.1476507
-0.0376729
-0.1412681
-0.2144974
-0.1206650
-0.0148876
0.0782598
0.0364020
0.0921236
0.1065844
0.0827762
-0.0076809
-0.0216242
-0.0350279
-0.0338694
-0.1152521
0.0030901
0.0163876
-0.0642611
0.0641450
-0.0341395
0.0543426
-0.0125629
-0.0202169
0.0139593
0.0143013
0.0542378
-0.0133803
-0.0216494
-0.0180135
-0.0408030
0.0311366
0.0341129
0.0418305
-0.0387737
-0.0567573
-0.0456293
0.0128304
0.0606068
-0.0042153
-0.0375337
0.0279612
-0.0507218
-0.0048013
-0.0296196
-0.0071438
0.0290226
0.0080796
-0.0504470
0.0608712
0.0042687
-0.0676516
-0.0052274
0.0380165
0.0141732
0.0247005
-0.0257544
-0.0571573
0.0312136
0.0450108
-0.0349671
0.0112829
0.0358181
-0.0043975
-0.0491328
-0.0234992
-0.0350585
-0.0135134
0.0420341
-0.0516629
-0.0688377
0.0532308
-0.0526491
-0.0642110
-0.0170966
-0.0536697
-0.0153705
-0.0504249
0.0307234
0.0342581
0.1418084
0.1418620
-0.0045981
-0.1555880
-0.2637363
-0.1939409
-0.0663577
0.0198717
0.1448058
0.1730259
0.1785722
0.0596082
0.0953591
-0.0351438
0.0035609
-0.0169042
-0.0037977
-0.1018682
0.0023468
0.0033980
0.0010117
-0.0056644
0.0283547
0.0686152
0.0115723
0.0409837
0.0505230
0.0254960
0.0470765
-0.0463053
-0.0359531
-0.0494070
-0.0000182
-0.0127330
-0.0327387
0.0182789
-0.0293509
-0.0055299
-0.0350767
0.0112239
-0.0122171
0.0299544
0.0459180
0.0148586
-0.0087268
0.0641761
0.0166930
-0.0137062
0.0380907
-0.0560941
-0.0507167
-0.0752318
0.0521547
-0.0142233
-0.0149141
-0.0312616
0.0185584
-0.0247724
-0.0050261
0.0174923
0.0710112
0.0741739
0.0201010
0.0655656
0.0614799
-0.0010828
-0.0625194
-0.0949957
-0.0967281
0.0063485
-0.0939493
0.0443305
0.0058720
-0.0001476
0.0679122
0.0315504
0.0808708
0.0385786
0.0162922
0.0605052
0.0818556
-0.0677842
-0.0464022
-0.1532990
-0.2037282
-0.2060090
-0.2230647
-0.0070444
0.1718343
0.4723795
0.4990904
0.3812060
0.0725079
-0.2303569
-0.4877430
-0.3172156
-0.2628868
-0.0046831
-0.0183462
0.0096438
0.0796654
0.1797216
0.1125277
0.0925001
0.0570244
0.0047304
0.0382414
0.0049974
-0.0520511
-0.1099589
-0.0780058
-0.1014243
-0.0258492
-0.0141782
-0.0551876
0.0545394
-0.0250716
0.0340895
0.0081282
0.0879668
0.0780242
0.0344997
-0.0135128
-0.0162370
0.0107119
0.0119938
-0.0606263
0.0162501
-0.0754166
0.0297570
-0.0579341
0.0173139
-0.0044749
0.0544703
0.0269828
0.0172406
0.0370767
0.0497842
-0.0308765
0.0662049
-0.0230337
0.0343468
-0.0375388
0.0265581
-0.0741471
0.0550363
0.0520895
0.0305672
-0.0124154
0.0047335
-0.0222947
-0.0424650
0.0748900
0.0134218
0.0509175
0.0411744
-0.0180894
-0.0077120
0.0292112
0.0125729
0.0167384
-0.0489377
0.0046371
-0.0672743
0.0010783
-0.0600607
0.0034976
0.0777455
0.0816095
0.1009790
0.0926044
0.2229820
0.2330704
0.0922291
-0.2681031
-0.4318312
-0.2741041
-0.0753124
0.1696752
0.2171494
0.2162721
0.1168018
0.0107025
-0.0427831
-0.0151053
-0.0308135
-0.0267323
-0.1215830
-0.0306291
-0.0882866
-0.0372380
-0.0176826
0.0666594
0.0487632
0.0453533
-0.0435233
0.0086471
0.0621170
-0.0353377
-0.0557123
0.0310383
0.0571709
-0.0699940
0.0046866
-0.0344263
-0.0846877
0.0340910
0.0076135
-0.0342947
-0.0576134
0.0367710
0.0519652
0.0177530
0.0288395
0.0053896
0.0381679
0.0641599
-0.0429493
-0.0538354
0.0148063
-0.0026362
0.0411284
-0.0733330
0.0156114
-0.0660744
-0.0431566
0.0309465
-0.0016361
0.0156515
0.0303079
0.0227653
0.0265541
0.0251112
0.0227795
0.0123592
0.0192444
-0.0412305
0.0256103
0.0298855
-0.0249328
0.0668656
0.0505175
-0.0182852
0.0525519
-0.0465546
0.0058061
0.0407075
0.0067920
-0.0546593
-0.0602456
0.0118586
-0.0445761
0.0526195
-0.0333905
0.0649086
-0.0127652
0.0158819
-0.0109408
0.0212642
-0.0610386
-0.0331355
-0.0335648
-0.0049737
-0.0494964
0.0129102
-0.0042086
0.0399143
-0.0092837
0.0154626
-0.0595027
-0.0388930
-0.0419643
-0.0269517
0.0362187
-0.0430908
0.0110174
-0.0101290
-0.0639979
-0.0077765
0.0434971
0.0023468
0.0201448
-0.0300619
-0.0156336
-0.0373237
0.0358907
0.0392104
-0.0111173
0.0219567
-0.0215008
0.0013333
-0.0513332
0.0265720
-0.0349108
-0.0281757
0.0255085
-0.0457622
0.0550165
0.0158605
-0.0374597
0.0364808
-0.0543618
-0.0593073
0.0256672
0.0238547
-0.0402819
0.0479292
-0.0389780
0.0073322
-0.0564074
-0.0606617
0.0345518
-0.0475899
0.0047490
0.0449727
0.0135128
-0.0379418
0.0669766
0.0289152
-0.0073644
0.0050057
-0.0456282
-0.0182316
-0.0577479
-0.0298692
-0.0318564
0.0275535
-0.0103879
-0.0546585
0.0238365
-0.0048974
0.0081211
0.0344143
0.0547990
0.0268249
-0.0028571
-0.0518003
0.0088342
-0.0190169
0.0004728
0.0536615
0.0352092
-0.0383695
-0.0091404
0.0496790
0.0077456
-0.0167486
0.0109872
0.0593131
0.0620377
0.0526132
-0.0442464
-0.0679201
-0.0239126
-0.0109995
-0.0417071
0.0150052
-0.0031158
0.0409462
-0.0368655
-0.0298283
-0.0167564
-0.0461042
0.0206570
0.0046546
0.0122621
0.0223527
0.0130725
-0.0156948
0.0321078
-0.0279355
-0.0157052
0.0056692
-0.0203897
-0.0302683
-0.0326118
-0.0226241
0.0454913
-0.0103699
-0.0375012
0.0392619
-0.0271581
0.0315687
-0.0091111
0.0352184
0.0607624
-0.0050042
0.0456402
-0.0648390
-0.0498463
-0.0397019
-0.0705951
-0.0293170
-0.0370108
-0.0267712
0.0607536
0.0543702
-0.0314130
0.0475965
-0.0197328
0.0698355
0.0358260
-0.0426681
0.0014019
0.0451868
0.0066606
-0.0621350
-0.0283737
-0.0748973
0.0280278
0.0037504
-0.0476851
0.0243419
-0.0199779
0.0326555
0.0596072
0.0766295
0.0131360
0.0263348
0.0157617
0.0009479
0.0119824
-0.0664716
-0.1199480
-0.0421917
-0.0133020
0.0418325
0.0081115
0.1322585
0.2119077
0.1088389
0.0691576
-0.0998340
-0.1322013
-0.1706223
-0.0611500
-0.1201762
0.0179158
0.0745136
0.0872411
0.0785545
0.0656207
0.1303645
0.0118181
-0.0540326
-0.0695695
-0.0163646
-0.0283773
-0.0708122
-0.0901982
0.0177134
-0.0043153
0.0432268
0.0084778
0.0436358
0.0709727
-0.0210891
0.0410892
-0.0110488
0.0439373
-0.0519177
0.0579708
-0.0466279
-0.0137204
-0.0522476
-0.0403996
0.0504315
-0.0150801
-0.0017696
-0.0156200
0.0305725
0.0395552
-0.0422250
-0.0010209
-0.0032350
-0.0504215
-0.0429762
0.0335180
0.0659461
0.0565116
0.0477576
0.0368480
-0.0511965
-0.0492383
-0.0453206
-0.0578215
-0.0305295
0.0365710
-0.0041964
0.0045895
-0.0415676
-0.0611553
-0.0490021
0.0598486
0.0614277
0.0270503
-0.0102438
-0.0328554
0.0149764
-0.0405485
0.0215913
0.0090794
0.0405944
0.0335275
-0.0057125
-0.0569753
-0.0526923
0.0625705
0.0495675
0.0637315
-0.0601777
-0.0097958
-0.0143896
0.0398007
0.0168962
0.0017230
-0.0130015
0.0057884
0.0640251
-0.0668055
-0.0118523
0.0249587
0.0417073
0.0413772
0.0147810
0.0045244
0.0089926
-0.0331095
-0.0372283
-0.0024654
-0.0244046
-0.0604548
-0.0164146
-0.0036459
0.0446213
-0.0511458
0.0201712
-0.0158980
-0.0309418
0.0543503
-0.0310046
-0.0620094
0.0285340
0.0399592
-0.0612308
-0.0092977
-0.0086533
0.0429192
0.0595149
0.0521544
0.0573693
-0.0365495
-0.0080564
0.0105705
-0.0161449
0.0468151
0.0457277
-0.0351980
-0.0266883
0.0684732
0.0580918
0.0318087
-0.0846673
-0.0756232
0.0224388
-0.0093407
-0.0506548
-0.0329925
-0.0051432
-0.0252377
0.0079462
0.0531821
-0.0561656
-0.0595596
-0.0489026
-0.0617774
0.0354395
0.0207410
0.0428898
0.0475975
0.0471221
-0.0557598
0.0293883
0.0708793
0.0664073
-0.0337639
0.0723638
0.0635537
0.0305267
0.0249362
0.0059342
-0.0094988
-0.0475660
-0.0913912
-0.0883921
-0.0540127
-0.1008965
-0.0047725
-0.0145218
0.0126695
0.1628820
0.1513738
0.1082488
0.0315864
-0.0809879
-0.1028299
-0.1966864
-0.1259908
-0.0935125
-0.0519232
-0.0220553
-0.0008370
0.0146463
0.0073495
0.0244624
0.0025861
0.0032915
-0.0595794
-0.0340056
-0.0067830
-0.0145209
-0.0818324
-0.0803528
-0.0799956
-0.0613119
0.0178638
0.0574504
0.0237882
0.0661633
0.0214604
0.0645095
-0.0160991
-0.0438851
0.0392855
-0.0130495
-0.0121359
-0.0399075
-0.0545253
-0.0282535
-0.0660447
0.0534442
-0.0210279
-0.0026936
0.0027005
-0.0374583
0.0429321
-0.0573189
-0.0236538
0.0311496
0.0195995
0.0067443
-0.0229667
0.0695345
0.0703660
-0.0018558
0.0246573
-0.0162596
-0.0025833
-0.0062107
-0.0008507
0.0437517
-0.0410152
0.0523305
-0.0136632
-0.0172566
-0.0061400
0.0377477
0.0072095
-0.0453548
0.0122965
-0.0599698
0.0345158
0.0384997
0.0034369
-0.0221210
0.0489399
0.0461762
-0.0189840
0.0560098
-0.0309894
0.0625481
0.0378457
0.0687921
0.0490986
-0.0230472
0.0494773
0.0084811
-0.0624075
-0.0011687
-0.0511470
0.0145613
0.0330585
-0.0012893
-0.0022739
-0.0594936
0.0436412
0.0636692
0.0395260
-0.0355027
-0.0606222
-0.0093825
-0.0377015
0.0431535
0.0148591
0.0535023
0.0564431
0.0294507
-0.0190846
0.0711917
-0.0605910
-0.0280100
-0.0304178
-0.0524914
-0.0505469
-0.0441355
0.0021068
-0.0039418
0.0520229
0.0442868
0.0329507
-0.0500055
0.0281774
0.0340545
0.0064913
0.0259283
0.0318295
0.0396980
-0.0504395
-0.0728836
-0.0060311
0.0486581
0.0702937
-0.0340680
-0.0677292
-0.0212587
-0.0571716
-0.0175470
0.0736058
-0.0402970
0.0198447
-0.0010311
-0.0112193
0.0639749
0.0609932
-0.0234504
-0.0385289
-0.0444310
0.0259103
0.0077452
-0.0347257
-0.0169981
-0.0523951
0.0595044
0.0135152
-0.0179776
-0.0080331
0.0478868
0.0298416
0.0125120
-0.0260538
0.0229367
0.0427662
-0.0456234
-0.0121137
-0.1443428
-0.1117915
-0.0765904
-0.0744331
0.0565493
0.0578301
0.1039483
0.2423603
0.1036761
0.0055741
-0.0942693
-0.2015268
-0.1483509
-0.0435377
-0.1117075
-0.0457038
-0.0051403
0.0573042
0.0025733
