-0.0603424
-0.0237905
-0.0060897
0.0109666
0.0596436
-0.0505765
-0.0206732
-0.0110468
0.0055299
-0.0021419
-0.0400216
0.0340517
-0.0562676
-0.0419174
0.0604937
0.0713095
-0.0509725
0.0484835
0.0717729
0.0326050
-0.0267448
0.0296101
0.0483575
0.0400021
0.0037457
-0.0027007
-0.0389966
-0.0035009
-0.0054364
0.0314671
-0.0012534
0.0793956
-0.0272125
0.0593721
0.0652652
-0.0459083
-0.0113978
0.0082370
-0.0059580
-0.0970505
-0.0354778
-0.0286072
-0.0539856
0.0364260
0.0977007
0.1572696
0.1438255
0.0457981
-0.0694363
-0.2316224
-0.1896259
-0.1119859
-0.0831466
0.0715457
0.1062860
0.0606504
0.0504426
0.0439007
0.0551407
-0.0050594
0.0266922
-0.0398240
-0.0519965
0.0461840
-0.0158301
-0.0232676
-0.0079191
0.0485289
-0.0230187
0.0062713
0.0466442
0.0204978
0.0438480
-0.0390926
0.0625729
-0.0010883
-0.0419541
-0.0554868
0.0032681
0.0267564
0.0562458
-0.0297778
-0.0204535
0.0435937
-0.0192853
0.0217025
0.0044497
0.0089241
-0.0139948
0.0634072
0.0373959
-0.0607107
-0.0056647
-0.0104000
-0.0689388
0.0195442
0.0512220
0.0028790
0.0144696
-0.0007263
-0.0167012
-0.0438075
0.0452717
0.0486505
0.0190942
0.0058695
-0.0074977
-0.0300438
0.0128951
0.0142417
0.0151230
-0.0036158
0.0618789
0.0037900
-0.0036746
-0.0466892
0.0545405
0.0492356
-0.0122096
0.0540208
-0.0130172
0.0097789
0.0273647
0.0267244
0.0312936
0.0350166
-0.0459720
-0.0445331
0.0313961
0.0544666
0.0276922
0.0274551
0.0434657
-0.0144224
-0.0215869
0.0169659
0.0229802
0.0646726
-0.0082612
0.0340562
0.0225101
0.0450678
-0.0341883
-0.0280312
0.0161700
-0.0151151
-0.0409986
0.0534424
-0.0552896
-0.0280559
0.0594514
-0.0272158
-0.0357438
-0.0298235
-0.0408701
0.0506328
-0.0075853
-0.0654081
0.0252469
-0.0653638
-0.0021957
-0.0173752
-0.0289263
-0.0332081
0.0599675
-0.0417640
-0.0119337
0.0493045
0.0425854
-0.0291798
-0.0551073
-0.0481179
-0.0578165
-0.0104191
-0.0384967
0.0489102
0.0452213
0.0259602
-0.0058190
0.0266099
-0.0003260
0.0464397
-0.0220803
-0.0313305
-0.0506957
0.0591736
0.0475706
-0.0389940
0.0317206
-0.0447985
-0.0054240
-0.0154722
-0.0107447
0.0274575
-0.0207240
0.0406892
0.0025608
-0.0239333
0.0031879
-0.0609528
0.0021594
-0.0358720
0.0512445
-0.0072517
0.0158264
0.0011713
0.0540695
0.0666009
0.0277298
-0.0433666
0.0051545
-0.0242109
-0.0489033
-0.1345349
-0.0867142
0.0382011
0.0053920
0.1193019
0.2142351
0.2009105
0.0420968
0.0130287
-0.2211884
-0.1757035
-0.1915636
0.0068794
-0.0427483
0.0073416
0.0074390
0.0555629
0.0533951
0.0899971
0.0111786
-0.0059343
-0.0468883
-0.0115289
0.0069514
-0.0320716
-0.0422375
-0.0333196
0.0387242
0.0151083
-0.0021866
0.0641865
-0.0396207
0.0589598
-0.0500278
0.0389903
0.0423941
0.0322125
0.0257416
-0.0658281
0.0508766
-0.0580589
0.0577124
-0.0281180
-0.0181767
-0.0272738
0.0226474
-0.0587446
-0.0390832
0.0025052
-0.0387506
0.0568558
-0.0117961
-0.0186760
-0.0465942
-0.0005031
-0.0007333
0.0355781
-0.0318334
0.0322718
-0.0290143
0.0349616
0.0554125
0.0639621
0.0287527
0.0536156
0.0271502
-0.0455284
-0.0263204
-0.0588821
0.0019751
-0.0679769
-0.0408470
-0.0015001
-0.0004615
-0.0152607
-0.0036675
-0.0371743
-0.0254920
-0.0278873
-0.0628184
-0.0327158
-0.0303707
-0.0145501
-0.0115711
0.0313627
0.0007894
-0.0750172
0.0391968
0.0124316
-0.0541681
0.0505507
0.0354766
-0.0133862
0.0559281
-0.0660526
0.0383896
0.0050942
-0.0434457
0.0044476
0.0012320
0.0222173
-0.0602537
-0.0413009
0.0642713
0.0517049
0.0384894
-0.0397873
0.0200738
0.0187309
-0.0160496
0.0449102
0.0665209
0.0615534
0.0472422
0.0569248
0.0616010
-0.0012552
-0.0098492
-0.0357410
-0.0401040
-0.0094045
-0.0252816
-0.0011152
-0.0621992
0.0572357
-0.0068403
-0.0530714
-0.0534030
-0.0691078
-0.0097521
0.0375217
0.0436128
0.0130612
-0.0199322
-0.0103544
-0.0488345
0.0505252
0.0028073
-0.0469678
0.0320485
-0.0407658
-0.0092547
-0.0220121
-0.0281950
0.0450334
-0.0041054
0.0127036
0.0072859
-0.0426042
0.0190330
0.0427927
0.0509031
0.0108792
0.0134338
0.0617589
-0.0323157
0.0090552
0.0463537
0.0257850
0.0202186
-0.0754331
0.0325409
0.0279705
0.0254972
-0.0272098
-0.0356511
0.0681354
0.0725601
-0.0025752
0.0681600
0.0629976
0.0719097
0.0360863
-0.0440961
-0.0264777
-0.0847783
-0.1052438
-0.0806258
0.0124441
-0.0197170
0.0284588
0.1883604
0.1765040
0.2195866
0.0381207
-0.1285735
-0.2523239
-0.1947434
-0.1079459
0.0289578
0.0534128
0.0267829
0.0802428
0.0091818
0.0738133
0.0153883
0.0338595
-0.0143802
-0.0694630
-0.0319615
-0.0885651
-0.0668670
-0.0682523
0.0434439
-0.0554797
-0.0189531
-0.0424689
0.0503017
0.0691721
0.0055425
-0.0227228
0.0173529
-0.0397368
0.0274542
-0.0398381
0.0466642
-0.0257016
0.0206680
-0.0507900
-0.0291477
0.0093210
0.0167840
-0.0621764
-0.0457976
-0.0261831
-0.0240998
-0.0201468
0.0474645
0.0394075
0.0587917
0.0259145
0.0225506
-0.0247616
-0.0419547
-0.0251554
0.0213921
0.0163048
0.0082360
0.0551988
-0.0194305
-0.0050065
0.0368563
-0.0502801
-0.0479207
0.0641571
-0.0129679
-0.0369908
0.0486216
-0.0181888
-0.0668341
-0.0015955
0.0370539
-0.0278295
-0.0508793
0.0049931
-0.0217662
0.0340960
0.0512978
-0.0342165
-0.0436314
-0.0252439
0.0210503
-0.0532064
-0.0490840
-0.0164396
0.0172718
0.0533738
0.0257030
-0.0205631
0.0131633
-0.0018757
-0.0340220
0.0716499
-0.0286098
-0.0320058
-0.0558970
0.0495966
-0.0540481
0.0553496
-0.0218821
-0.0265405
0.0044997
0.0211110
0.0549566
-0.0214837
0.0132838
0.0653189
-0.0105212
-0.0251993
0.0390372
-0.0367622
-0.0324778
-0.0107252
0.0075544
0.0041851
-0.0109652
0.0260521
0.0162084
-0.0074268
0.0261498
-0.0116490
0.0192903
0.0632665
-0.0486550
0.0304548
-0.0332779
0.0354721
-0.0001150
0.0399866
0.0118392
0.0086673
-0.0442977
0.0534801
0.0416980
0.0071061
0.0268283
0.0176811
-0.0119563
0.0135179
-0.0048843
-0.0714151
0.0201187
0.0204795
-0.0080152
0.0023830
-0.0162463
-0.0590060
-0.0365910
-0.0601689
-0.0343125
-0.0066587
0.0591783
-0.0042316
-0.0556176
0.0128228
-0.0673773
-0.0252466
0.0382164
0.0176586
0.0395206
0.0528699
0.0533125
-0.0019807
0.0326657
0.0768823
0.0717177
-0.0004343
0.0042381
-0.0004562
0.0035467
-0.0850440
-0.1105425
-0.1213543
-0.0884235
-0.1111935
-0.0448477
0.0362654
0.0114172
0.1086896
0.1660406
0.1674082
0.0108805
-0.0780268
-0.2229108
-0.2084394
-0.0658230
-0.0473677
-0.0100031
0.0021199
0.0935760
0.0443142
0.0100607
0.1066135
0.0259708
-0.0189685
0.0403681
-0.0596228
-0.0119550
-0.0876164
-0.0690623
-0.0677667
-0.0487890
-0.0414743
0.0332829
-0.0037139
-0.0380928
0.0088960
0.0047781
-0.0407227
0.0489365
0.0211084
-0.0010994
-0.0314198
0.0120031
0.0502636
0.0009023
-0.0514967
0.0436179
0.0161481
-0.0380522
-0.0520131
0.0687721
0.0539776
-0.0047173
0.0389582
-0.0186632
0.0307855
-0.0395518
-0.0385466
0.0623646
-0.0141768
-0.0316705
-0.0654465
0.0412295
0.0121555
-0.0001463
0.0434197
0.0344122
-0.0657423
-0.0384111
0.0643816
0.0534102
-0.0140588
0.0147645
0.0018525
-0.0563525
0.0533959
0.0063579
0.0307833
0.0375166
0.0533383
-0.0036531
0.0520053
-0.0501179
-0.0331423
0.0288382
-0.0472520
0.0310713
0.0691371
0.0236875
-0.0574340
0.0155171
-0.0053209
0.0578355
-0.0257527
0.0233740
0.0009686
-0.0082910
-0.0099453
0.0111399
-0.0182281
-0.0209511
0.0623792
0.0352947
-0.0528015
0.0034278
-0.0279142
0.0356904
0.0222638
-0.0483594
0.0037424
-0.0496187
-0.0402750
0.0306580
0.0542602
-0.0365701
-0.0601160
-0.0052237
-0.0443803
0.0096012
0.0618662
0.0533479
0.0171182
0.0268292
0.0038166
0.0597655
0.0439987
-0.0654029
0.0332259
-0.0651201
0.0629880
-0.0388756
-0.0217219
-0.0092359
-0.0238614
0.0355522
-0.0342164
-0.0275146
-0.0073367
0.0473826
0.0366157
0.0573931
0.0112444
0.0454307
-0.0491888
0.0514674
0.0094695
-0.0211798
0.0109496
0.0575568
-0.0092883
0.0594844
0.0150777
0.0782925
0.0581531
0.0881868
0.0808134
0.0386078
0.0556318
-0.0095686
0.0219546
-0.0697192
-0.0511715
0.0156223
0.0526297
0.0405086
-0.0459851
-0.0787784
-0.0246358
0.0680401
0.1029299
0.0626310
0.0454499
-0.0896880
-0.0967923
-0.1525965
-0.0222707
-0.0147933
0.0974901
0.0941267
0.0809437
0.0289872
0.0075048
-0.0079175
-0.0095139
-0.0213386
-0.0435690
0.0216247
-0.0240900
0.0358675
-0.0451238
-0.0144903
-0.0376781
-0.0144905
0.0216733
0.0104579
-0.0563489
0.0051205
0.0180718
-0.0391470
0.0068105
-0.0469609
0.0005653
0.0348870
-0.0020422
0.0264050
0.0395762
-0.0427435
0.0372018
0.0268128
0.0239130
0.0025948
0.0014062
-0.0302736
0.0105386
-0.0216600
0.0120380
-0.0308315
-0.0682854
-0.0494059
0.0110810
0.0662752
0.0488811
-0.0522957
-0.0300710
-0.0125510
0.0310317
0.0008001
-0.0280704
0.0731632
0.0545381
0.0592857
0.0519089
-0.0198649
0.0118451
0.0293474
0.0155059
-0.0043133
-0.0004650
-0.0641008
0.0319771
-0.0417486
-0.0360622
-0.0022700
-0.0546533
0.0122485
0.0200538
0.0051450
0.0262439
0.0529598
0.0650418
-0.0342540
0.0453329
0.0396370
-0.0273082
0.0303911
-0.0306829
-0.0557668
0.0388716
-0.0367191
-0.0266072
0.0054110
0.0727971
0.0099158
-0.0604111
0.0570233
-0.0488374
0.0672370
-0.0044881
0.0589969
0.0049490
0.0623832
0.0585519
0.0221737
-0.0575277
-0.0302719
0.0059571
0.0074973
-0.0477062
0.0765906
0.0447866
-0.0430424
0.0158816
0.0627398
-0.0356214
0.0602219
-0.0393321
-0.0519963
0.0317492
0.0179502
0.0702367
-0.0096409
-0.0867134
-0.0290301
0.0226686
0.1342597
0.0931525
0.0170290
0.0066450
-0.0823764
-0.1101542
-0.0274680
0.0743371
0.0940704
0.0486974
-0.0143853
-0.0324721
-0.0026122
-0.0193762
0.0038325
-0.0288020
-0.0463941
0.0453404
-0.0237197
-0.0270807
-0.0084880
-0.0015909
-0.0222784
0.0401149
-0.0288771
0.0070939
0.0422506
-0.0273549
0.0172760
-0.0623767
0.0302027
-0.0676948
-0.0632712
0.0253459
0.0588399
0.0463180
-0.0559651
0.0222748
0.0168530
-0.0391401
-0.0648918
-0.0513396
0.0220664
-0.0506435
-0.0453501
0.0533141
-0.0396783
0.0059999
0.0546039
0.0555919
-0.0467094
-0.0455548
0.0433477
0.0198913
0.0042585
-0.0203491
-0.0470401
-0.0514753
0.0522156
-0.0582455
-0.0176088
-0.0564726
0.0522957
-0.0499278
-0.0197999
0.0120641
-0.0626536
0.0024355
-0.0577229
0.0185450
0.0574865
0.0485298
-0.0654017
0.0236705
0.0544678
0.0239853
-0.0326659
-0.0294708
-0.0413588
-0.0513536
0.0501765
-0.0042945
0.0243348
0.0053187
0.0492310
-0.0248004
-0.0270959
-0.0045343
-0.0113531
-0.0246729
-0.0599896
-0.0379533
-0.0349310
-0.0371882
0.0743977
0.0159938
-0.0613023
0.0535450
0.0173639
0.0122280
0.0299758
0.0315985
0.0383544
-0.0003778
0.0069333
-0.0063767
-0.0619067
0.0439142
-0.0176011
-0.0072793
-0.0054347
0.0119298
-0.0196885
-0.0385864
0.0469205
0.0409324
-0.0420047
0.0088609
-0.0247915
0.0121607
0.0423596
-0.0353017
-0.1067097
-0.0917705
0.0158874
0.0996647
0.0884433
-0.0230120
-0.0883856
-0.1943048
-0.1636214
-0.0184439
0.0296512
0.0871557
0.1030973
-0.0340861
0.0230398
-0.0393917
-0.0680439
-0.0451752
0.0435700
-0.0593278
-0.0576357
-0.0677840
0.0260325
0.0383998
0.0457312
-0.0049189
-0.0477949
-0.0248127
-0.0278140
-0.0477164
0.0466422
-0.0314171
0.0361492
-0.0188256
-0.0490439
-0.0087692
0.0605852
-0.0638192
-0.0263241
0.0329488
-0.0281616
0.0088315
0.0294245
0.0483748
0.0396893
-0.0340162
-0.0257320
-0.0202271
-0.0276200
0.0119060
0.0358776
-0.0054531
-0.0097551
-0.0374287
-0.0484199
0.0397462
-0.0089454
-0.0164924
-0.0653414
-0.0204165
-0.0264186
-0.0583655
-0.0159341
-0.0132525
-0.0234077
0.0473002
-0.0261875
-0.0264255
-0.0451462
0.0036271
0.0360808
-0.0145637
0.0040419
0.0133315
0.0575984
-0.0512821
0.0332135
-0.0234438
0.0263721
-0.0040515
0.0302849
-0.0512006
0.0437917
0.0628061
0.0601458
0.0431020
-0.0341064
-0.0622409
0.0275381
-0.0096785
0.0218766
0.0622140
0.0087709
0.0414084
-0.0309014
0.0142879
0.0334804
0.0603715
0.0391939
-0.0407669
-0.0602631
-0.0400328
-0.0116731
0.0139274
0.0463742
0.0294754
-0.0277139
-0.0328779
-0.0203790
0.0398924
0.0076522
0.0066487
0.0200469
0.0752805
0.0590418
0.0500211
-0.0310697
-0.0210980
-0.0270779
-0.0931400
-0.0597608
0.0058558
-0.0300026
0.0574771
-0.0117606
0.0291528
0.0615849
0.0617920
0.0869605
0.0831251
0.0362482
-0.0728144
-0.1348403
-0.1383938
-0.0326618
0.0485901
0.0478880
0.0718144
0.0391297
0.0171346
0.0003731
0.0606356
0.0281138
-0.0034316
-0.0251838
0.0027886
-0.0203795
-0.0661501
0.0228625
0.0101303
0.0494686
-0.0356762
0.0299494
-0.0439976
0.0337442
-0.0362684
0.0033487
-0.0313652
0.0198688
0.0450582
-0.0224712
-0.0338931
0.0438102
0.0248337
0.0570759
-0.0610850
-0.0563530
0.0426348
0.0337318
-0.0358905
-0.0114113
0.0293520
-0.0010132
-0.0267130
-0.0259073
0.0549254
-0.0439965
-0.0288665
0.0528799
-0.0326382
-0.0169539
-0.0137469
-0.0385591
0.0360252
0.0021127
0.0590906
-0.0046755
0.0634325
0.0688484
-0.0058951
-0.0172574
0.0382599
-0.0610677
-0.0392097
0.0301038
-0.0090756
-0.0142323
-0.0261998
0.0376555
0.0401725
0.0606933
-0.0013765
-0.0156141
-0.0240103
0.0400674
0.0387590
-0.0499453
-0.0630122
-0.0419707
0.0522214
-0.0266037
0.0583215
-0.0495658
0.0090957
0.0196890
-0.0225766
-0.0393542
-0.0230808
0.0241339
-0.0218547
0.0224642
0.0504389
-0.0364474
0.0027114
0.0571557
0.0217158
-0.0108072
-0.0557050
0.0470816
0.0274844
-0.0129392
-0.0654343
-0.0623089
0.0491007
-0.0380135
0.0271712
0.0322764
0.0681850
0.0298223
-0.0267776
-0.0082594
-0.0612808
-0.0428111
-0.0520124
-0.1152459
-0.0817733
-0.0870001
0.0085487
0.1016073
-0.0054275
0.0350223
0.0973708
0.0838036
0.1692279
-0.0023334
-0.1166002
-0.1412988
-0.0618971
-0.0494396
0.1158563
0.0294227
0.0335102
0.0233532
-0.0318763
-0.0571710
0.0254499
-0.0530555
0.0490622
-0.0333645
-0.0604754
