0.1399380
0.1136027
-0.0121865
-0.0628132
-0.1254770
-0.1287760
-0.0478153
0.1383318
0.1068263
0.0864405
0.0410333
-0.0366816
0.0156712
0.0578034
-0.0799348
-0.0215384
-0.0324543
-0.0134692
-0.0263473
0.0609965
0.0153453
0.0140802
0.0713780
0.0021439
0.0277035
0.0719493
0.0470363
0.0372059
-0.0312449
0.0372473
-0.0226053
0.0282135
0.0083005
0.0536508
-0.0250866
-0.0449166
0.0596984
-0.0185486
-0.0007615
-0.0425368
0.0386282
-0.0292169
0.0231724
-0.0358613
-0.0628179
-0.0277503
-0.0284653
-0.0616645
-0.0091638
-0.0055794
-0.0597282
-0.0226513
-0.0040958
0.0034686
0.0618117
0.0271880
0.0288036
-0.0416151
-0.0104168
-0.0593396
-0.0299516
0.0503782
0.0073272
-0.0398451
0.0108127
0.0456676
-0.0707086
0.0389979
0.0478117
0.0004514
0.0593489
0.0010730
0.0545945
0.0131411
0.0291260
0.0326253
0.0554852
0.0270610
-0.0456135
0.0322700
-0.0018321
-0.0176317
0.0433691
-0.0055209
0.0043985
0.0595858
0.0414878
-0.0559111
0.0163173
0.0278119
-0.0555775
-0.0648106
-0.0543882
-0.0699227
-0.0700681
0.0395786
0.0501719
-0.0498460
-0.0204107
0.0228069
-0.0382712
-0.0321214
0.0342313
0.0009089
0.0733583
-0.0120890
-0.0361552
0.0319065
0.0081823
-0.0430683
0.0360820
-0.0779253
-0.0371399
-0.0734831
-0.0097231
0.0434434
0.0839758
0.0315101
0.0089971
0.1350503
0.1565175
0.0698700
-0.0659709
-0.1707157
-0.1824394
-0.1103677
0.0142161
0.0488577
0.1296110
0.1156755
0.1142214
-0.0313494
0.0473968
-0.0173880
-0.0259598
-0.0479553
-0.0718568
-0.0093184
0.0216718
0.0272140
-0.0193031
-0.0250417
-0.0360982
-0.0086099
-0.0077674
0.0048782
-0.0351096
0.0035506
-0.0378853
0.0305550
-0.0059871
0.0473403
-0.0642890
0.0568644
-0.0486900
0.0138690
-0.0506584
0.0514122
0.0324091
-0.0121835
0.0681225
0.0060339
-0.0351336
-0.0507463
0.0296626
-0.0517083
0.0437728
-0.0365115
-0.0123884
0.0031168
0.0580371
-0.0366196
0.0484330
-0.0157179
-0.0488645
0.0070660
0.0189654
0.0112952
0.0432108
0.0060266
0.0484186
0.0432183
0.0125334
0.0296775
-0.0073712
0.0687201
-0.0292030
-0.0160377
-0.0285331
0.0953198
0.0726630
0.0099002
-0.0282830
-0.1122987
-0.0754935
-0.1169423
-0.0239361
0.0851016
0.0956905
0.0694232
0.0655449
0.0211901
0.0028883
0.0701519
0.0422609
-0.0657828
-0.0408613
-0.0538423
-0.1051397
-0.0897081
-0.0502083
-0.0569436
-0.0047576
0.0690057
0.0130639
-0.0404184
-0.0263904
0.0491318
-0.0250548
-0.0176640
0.0281080
0.0329319
-0.0594613
0.0099966
0.0009950
-0.0123993
0.0606990
0.0136805
0.0576972
-0.0363945
0.0499331
-0.0004797
0.0066176
-0.0010809
-0.0480165
-0.0149772
-0.1315823
-0.0871838
-0.0665153
0.0817381
0.1746307
0.1193928
0.0371282
-0.1257448
-0.0457333
-0.0242583
-0.0448019
-0.0130002
0.0293019
-0.0032994
-0.0041685
0.0752783
-0.0240058
-0.0138052
-0.0675678
0.0877537
0.0657408
0.0698167
-0.0479619
-0.0342568
-0.0575908
-0.0182081
-0.0173624
0.0833975
0.0171003
0.0030518
0.0542552
0.0762424
-0.0345208
0.0262703
-0.0265005
0.0095158
-0.0473949
0.0041648
-0.0125446
-0.0060244
0.0876299
0.0548915
0.0308813
-0.0276181
0.0424947
-0.0594473
-0.0019261
-0.0508735
0.0397321
0.0390463
0.0524811
0.0365780
-0.0576098
0.0553605
-0.0567406
0.0099466
-0.0234458
-0.0467356
-0.0009627
-0.0400409
-0.0462164
-0.0159567
-0.0013126
-0.0360058
0.0176317
-0.0123307
-0.0888992
0.0087688
0.0450434
-0.0170126
-0.0194859
0.0766081
0.0001731
0.0429239
0.1461866
0.1006018
0.0243243
-0.0948375
-0.2456430
-0.1399363
-0.1097455
-0.0396977
0.1062664
0.1608144
0.1443193
0.0361336
0.0278881
-0.0153461
-0.0780439
-0.0966351
-0.0215534
0.0047695
-0.0688720
-0.0333913
0.0145082
-0.0253399
0.0433858
0.0295466
-0.0360738
-0.0164605
0.0734085
0.0132192
0.0135774
-0.0746434
0.0270865
-0.0712662
0.0519928
-0.0469212
-0.0393163
0.0338041
-0.0136015
0.0260502
0.0597915
-0.0052342
0.0107863
-0.0178122
0.0354961
-0.0257945
-0.0396037
0.0466331
0.0162065
-0.0232400
-0.0166247
0.0185726
0.0336104
-0.0396650
0.0579470
-0.0241807
0.1544114
0.1515332
-0.0203848
-0.1058683
-0.3262773
-0.2834733
-0.0000829
0.1267934
0.2333375
0.1471241
-0.0152292
-0.0763125
-0.1321207
-0.0322549
-0.0690872
-0.0854238
-0.0234586
-0.0404274
-0.0212378
0.0500730
-0.0277635
0.0440228
0.0543187
0.0595579
0.0675352
0.0656533
-0.0595781
-0.0429664
-0.0091787
0.0193688
-0.0834639
-0.0466182
0.0032909
0.0087806
0.0382135
-0.0108624
-0.0337214
-0.0573709
0.0306946
-0.0539487
0.0560511
0.0486709
-0.0568203
-0.0042832
0.0627136
-0.0520843
-0.0362547
0.0291636
-0.0355435
-0.0508940
-0.0083373
-0.0039165
0.0213074
0.0483499
-0.0410737
-0.0303712
0.0362323
-0.0351843
-0.0123466
-0.0297001
-0.0130067
0.0610384
-0.0254734
-0.0705675
-0.0658379
-0.0165415
0.0643971
-0.0503262
0.0019858
0.0311491
-0.0594825
0.0140098
-0.0207301
-0.0083739
-0.0244057
-0.0275993
-0.0526389
0.0590771
0.0546450
-0.0212091
-0.0056339
0.0387962
0.0090664
0.0603553
0.0276497
-0.0452437
-0.0126674
-0.0275227
0.0462921
0.0378055
-0.0131811
-0.0372158
-0.0187828
0.0052886
-0.0567643
-0.0163465
-0.0563807
-0.0408194
0.0383313
-0.0409429
-0.0350924
-0.0156989
-0.0205510
0.0383764
-0.0470362
0.0397095
0.0424052
0.0614243
-0.0162553
-0.0430046
-0.0381370
0.0443965
-0.0448436
0.0284771
0.0229908
-0.0620542
0.0052070
-0.0378852
-0.0695772
0.0463502
-0.0370827
0.0139931
-0.0162922
0.0487326
0.0650246
-0.0232822
0.0187864
-0.0575792
0.0112885
0.0405120
-0.0723248
-0.0221494
0.0361740
-0.0687064
0.0252668
-0.0373403
0.0262071
-0.0613775
-0.0504916
0.0500212
-0.0340617
0.0108038
-0.0030490
0.0929734
0.0144412
-0.0161461
-0.0692623
-0.0045809
-0.0547111
-0.0667921
-0.0631566
-0.1073826
0.0691439
0.1592348
0.1427701
0.1401105
0.0793783
-0.0711421
-0.0719130
-0.2355461
-0.1625186
-0.0193677
-0.0089295
-0.0338274
0.0695148
0.0206214
0.0755526
-0.0135350
0.0258159
-0.0239498
0.0026251
-0.0198979
-0.0643295
-0.0737870
-0.0312118
-0.0052522
-0.0395166
-0.0064329
-0.0104015
0.0364762
-0.0414734
0.0567416
0.0074497
0.0586590
0.0340210
0.0571630
0.0250180
-0.0012283
0.0245212
0.0306501
-0.0112323
0.0267585
-0.0472461
-0.0153399
0.0329154
0.0169727
0.0645170
-0.0568535
-0.0225997
0.0425822
-0.0510286
-0.0436824
0.0440528
0.0102082
0.0588094
-0.0327619
-0.0415823
-0.0002806
-0.0688591
0.0635785
-0.0522957
-0.0638884
-0.0320243
-0.0149116
0.0571539
0.0736800
0.0158924
0.0247539
-0.0424569
-0.0605883
-0.0488060
-0.0554696
-0.0175616
-0.0683017
-0.0280640
-0.0129642
0.0475905
-0.0599055
-0.0051625
-0.0079905
0.0354386
-0.0363116
0.0148235
-0.0062037
-0.0203912
-0.0386308
-0.0549231
-0.0166630
0.0017969
-0.0178835
0.0330496
-0.0052890
0.0237729
0.0306460
0.0488874
-0.0099215
-0.0190304
0.0276150
-0.0656992
-0.0689179
-0.0558954
0.0012302
0.0231846
-0.0295464
0.0337120
0.0107750
0.0467384
0.0169068
0.0305097
0.0044007
-0.0105187
0.0081211
0.0304548
-0.0165100
0.0081969
-0.0527102
-0.0151433
-0.0548583
-0.0450885
0.0679023
0.0689183
0.0128613
0.0034833
-0.0636962
-0.0296034
-0.0442051
-0.0144193
0.0109523
0.0369765
0.0060980
-0.0467081
0.0028611
-0.0606445
-0.0652062
-0.0316082
0.0582901
-0.0277873
-0.0134540
-0.0247401
0.0199852
-0.0047992
-0.0143672
-0.0299467
0.0579377
-0.0635104
0.0134754
0.0363790
0.0020372
-0.0180173
-0.0618835
-0.0258771
-0.0420770
-0.0145276
0.0365624
0.0295831
0.0725832
0.0687024
0.0189948
0.0538222
-0.0224036
-0.0748721
-0.0726333
-0.1473415
-0.1139139
0.0172563
0.0467742
0.1419284
0.1841576
0.1790091
0.0031102
-0.0368956
-0.2120094
-0.1605281
-0.1519609
-0.0497873
-0.0210481
-0.0153928
0.0489630
0.0187690
0.0556041
0.0972171
-0.0095672
0.0124658
0.0361178
-0.0298697
-0.0774703
-0.0217308
-0.0264166
-0.0280097
-0.0004456
0.0605387
-0.0132695
-0.0082245
-0.0133271
-0.0442961
-0.0139236
0.0564480
0.0189848
0.0331783
-0.0403061
-0.0420398
0.0055212
0.0258996
-0.0668464
0.0222339
-0.0656933
-0.0374518
-0.0568142
0.0707808
-0.0638897
0.0378745
-0.0362913
-0.0363566
0.0663472
0.0102631
0.0501016
0.0066163
-0.0170402
0.0076371
0.0570577
0.0324941
-0.0175769
0.0621995
0.0440144
-0.0663427
-0.0629504
-0.0231688
0.0524594
0.0513128
-0.0628625
-0.0488951
-0.0366360
-0.0359619
-0.0157594
-0.0154782
-0.0195634
0.0584459
0.0069999
0.0432919
0.0622642
0.0033370
0.0073186
-0.0052083
0.0482247
-0.0377256
0.0490019
0.0435222
-0.0682132
0.0618717
0.0569079
0.0358409
-0.0345172
0.0578089
0.0331436
-0.0247772
0.0406290
0.0481905
-0.0592627
-0.0342828
-0.0082241
-0.0445284
-0.0033890
0.0617550
0.0249322
-0.0581463
0.0085464
0.0172303
-0.0629404
-0.0322357
-0.0004908
-0.0426104
0.0684381
0.0619741
0.0178579
0.0424153
-0.0164992
-0.0392080
-0.0210862
-0.0630517
0.0371173
-0.0306479
0.0457204
0.0242770
-0.0013616
-0.0274710
-0.0015799
0.0470847
0.0345712
0.0533649
0.0109578
-0.0425562
-0.0355059
-0.0606522
0.0531096
-0.0014229
0.0468671
0.0546577
-0.0526922
0.0109805
-0.0039141
0.0267702
0.0099736
-0.0557869
0.0273813
0.0554240
0.0044763
-0.0664366
0.0584546
0.0587207
0.0290173
0.0614652
-0.0641118
-0.0714424
0.0304361
0.0572853
0.0229312
0.0021936
-0.0513533
0.0156246
0.0046394
-0.0232957
0.0639384
-0.0082551
0.0037270
0.0877883
0.0073242
-0.0363108
-0.0035483
-0.0463327
-0.1217725
-0.0881220
-0.1291133
-0.0014312
0.0145220
0.0918639
0.2237592
0.2052515
0.1271292
-0.0134803
-0.1469295
-0.2270831
-0.0969268
-0.0727395
0.0035038
-0.0300636
0.0490923
-0.0006092
0.1137786
0.0811150
0.0030672
0.0255240
0.0342699
-0.0214886
-0.0647071
-0.0202291
-0.0578029
0.0134489
0.0224387
-0.0093588
0.0124915
0.0472331
0.0655088
-0.0097100
0.0245971
0.0646729
-0.0027682
-0.0558443
-0.0415269
0.0299852
-0.0273409
-0.0415821
0.0260683
-0.0545570
-0.0256078
0.0166077
-0.0462670
0.0330312
-0.0408011
0.0682674
-0.0652040
-0.0294904
0.0166028
-0.0559013
0.0482157
-0.0215268
0.0651702
0.0021042
-0.0024122
0.0217301
-0.0612255
-0.0109852
0.0281888
-0.0492823
0.0049250
0.0352279
0.0021080
-0.0367074
-0.0492330
0.0208034
0.0255018
0.0281604
-0.0205234
0.0108236
-0.0348419
0.0605899
0.0210298
0.0122349
0.0020589
-0.0186785
-0.0627350
-0.0508109
-0.0702563
0.0426815
-0.0599858
0.0194246
0.0615609
-0.0515150
-0.0315826
0.0460492
0.0219402
-0.0177137
-0.0535706
-0.0258270
-0.0785693
-0.0488364
0.0372219
-0.0352644
0.0616429
0.0554053
-0.0513354
0.0594316
0.0240078
0.0513240
0.0397046
-0.0016582
0.0458819
0.0459890
-0.0042228
-0.0397550
0.0541456
-0.0247571
-0.0390172
-0.0417583
0.0359515
-0.0639502
-0.0308433
0.0170400
0.0265514
-0.0470359
0.0273936
0.0022265
0.0265385
-0.0212243
-0.0350455
0.0477928
-0.0712851
0.0247579
-0.0542173
-0.0304066
-0.0320205
-0.0423139
-0.0081736
0.0410646
0.0172406
-0.0196364
0.0011261
0.0481732
0.0494411
0.0495776
-0.0170756
-0.0420457
-0.0339148
-0.0106196
-0.0139035
0.0049928
-0.0053419
-0.0615457
-0.0383056
0.0560484
0.0057838
0.0062423
-0.0345746
0.0222722
-0.0272490
-0.0251043
-0.0708087
0.0013657
-0.0240905
-0.0220845
-0.0393728
0.0477264
0.0562973
0.0504999
0.0337774
0.0491338
0.0433260
0.0951177
0.0724014
-0.0034031
0.0235075
-0.0135280
-0.1170560
-0.1251943
-0.0191638
0.0025686
0.0162837
0.1280806
0.1140212
0.1932408
0.1898198
-0.0184529
-0.1357908
-0.1872527
-0.1152631
-0.0711282
-0.0021476
0.0219462
-0.0414533
0.0930385
0.0198040
0.1122302
0.0101255
0.0860953
-0.0099182
0.0041607
-0.0060344
-0.0057015
-0.0578834
-0.0873938
-0.0053457
0.0537548
-0.0220457
0.0057981
-0.0260541
-0.0214250
0.0423378
0.0379936
-0.0036535
-0.0306698
0.0041236
0.0550143
0.0144109
-0.0001725
-0.0164332
0.0229417
-0.0385845
-0.0339406
0.0307732
-0.0491635
0.0378315
0.0198301
0.0158460
0.0419353
-0.0325828
0.0381558
-0.0329521
-0.0419602
0.0122333
-0.0575747
-0.0318468
-0.0555899
0.0458346
0.0272658
0.0309157
-0.0059412
0.0003815
0.0128885
-0.0084234
0.0181173
0.0396362
0.0204952
0.0102066
-0.0323971
-0.0541868
-0.0271664
-0.0535355
0.0422361
-0.0324305
-0.0432529
-0.0428892
-0.0313930
0.0407432
-0.0000337
0.0198068
-0.0368960
-0.0073071
-0.0200583
-0.0258869
0.0057953
0.0856471
0.0469612
0.0390407
-0.0003763
-0.0434383
-0.0045590
-0.0082615
-0.0569533
-0.0481238
-0.0167506
-0.0244440
0.0216381
-0.0045726
-0.0535722
-0.0082701
-0.0011353
-0.0234148
-0.0677275
0.0298856
-0.0243980
-0.0508399
0.0436528
-0.0052964
-0.0313275
0.0394761
-0.0526257
-0.0228765
-0.0037706
-0.0270969
0.0661208
0.0126744
-0.0222320
0.0542486
0.0042758
-0.0095801
-0.0007088
-0.0185773
-0.0118780
-0.0047628
0.0298464
0.0200551
0.0083476
0.0106080
-0.0610890
-0.0518860
-0.0486559
0.0251571
0.0405972
-0.0482790
0.0012705
0.0011561
0.0490896
0.0043449
0.0169605
-0.0426579
-0.0039830
-0.0236506
-0.0510050
-0.0016962
-0.0106282
-0.0265231
-0.0390559
0.0225705
-0.0482495
0.0317656
-0.0171491
0.0349630
0.0266619
-0.0736601
0.0211618
0.0105297
-0.0695747
-0.0055065
-0.0580670
-0.0227465
-0.0416161
-0.0422946
0.0482349
0.0166435
-0.0105066
0.0865766
0.0341420
0.0455408
-0.0136394
-0.1051595
-0.1306873
-0.0481042
-0.0871771
-0.0574274
0.0604268
0.1724770
0.2382071
0.2062701
0.1319267
-0.0261775
-0.0966454
-0.1430919
-0.1155048
-0.1164079
0.0246267
0.0350020
0.0936058
0.1096672
0.0800447
0.1236384
0.0839277
0.0560371
-0.0408925
-0.0145392
-0.0568847
-0.0427675
-0.0088158
0.0266103
-0.0015278
0.0209690
0.0435246
0.0656854
0.0769905
-0.0224110
0.0257757
0.0491968
0.0402763
-0.0391730
0.0481202
0.0662372
-0.0053419
-0.0149403
0.0018155
-0.0752746
-0.0350134
0.0239551
-0.0278520
0.0289762
-0.0248455
0.0527402
0.0166035
0.0564248
0.0166201
0.0654513
-0.0098957
-0.0362260
-0.0057808
0.0257278
-0.0074476
0.0014370
0.0105648
0.0192539
