-0.0369952
0.0382814
0.0332488
0.0494585
0.0886206
0.0779282
0.0602750
0.0023335
0.0003118
0.0068000
-0.0267793
-0.0202755
-0.0309080
-0.0617196
-0.0272492
0.0147145
0.0115637
0.0057248
0.0295989
0.0269162
0.0507365
-0.0216841
0.0282951
0.0268929
-0.0170617
0.0001395
-0.0331952
-0.0332958
-0.0136807
-0.0293968
0.0129219
0.0234508
-0.0442817
-0.0441227
0.0107151
0.0137615
0.0254268
0.0563014
-0.0155728
0.0365190
-0.0186565
0.0093898
-0.0203966
-0.0116505
0.0241476
-0.0080413
0.0329655
0.0014863
0.0142684
0.0209257
-0.0364925
0.0241485
-0.0375575
-0.0107358
-0.0002362
-0.0039481
0.0201817
0.0266681
-0.0306367
-0.0327762
0.0385293
-0.0163506
-0.0218630
0.0050514
0.0309153
0.0237323
-0.0303602
-0.0015151
0.0091147
0.0176548
0.0036949
0.0118605
-0.0135191
0.0099185
0.0021391
0.0400080
0.0511436
0.0765411
0.0026241
0.0653114
0.0439179
0.0284888
-0.0676368
-0.0600835
-0.1121715
-0.1029146
-0.0761446
-0.0079255
0.0723417
0.2263288
0.1989275
0.0585548
-0.0553715
-0.1079734
-0.0970568
-0.0551204
-0.0736275
-0.0169843
-0.0108859
0.0287799
-0.0126666
0.0002822
0.0086961
-0.0083318
0.0181116
0.0170044
0.0026429
-0.0045498
-0.0375959
-0.0181518
-0.0098218
-0.0635331
-0.0193401
-0.0193757
-0.0267733
0.0159665
0.0431688
-0.0103059
0.0071593
-0.0065607
-0.0005328
-0.0073252
0.0138678
-0.0087616
-0.0321258
0.0097604
0.0083533
-0.0310163
-0.0295837
0.0335291
-0.0404084
0.0094846
-0.0170955
0.0119769
0.0221980
-0.0380202
0.0266981
-0.0234414
-0.0245793
0.0177607
0.0142000
0.0199607
0.0476748
-0.0242141
-0.0175032
-0.0041974
0.0554218
-0.0273927
0.0142334
0.0223889
0.0041380
-0.0035867
0.0013358
-0.0688261
-0.0625337
-0.0235354
-0.0214921
0.0041879
0.0799255
0.0985466
0.1652970
0.1160588
-0.0264843
-0.1011469
-0.2363179
-0.1942198
-0.0744187
-0.0136752
0.0112112
0.0555691
0.0376260
0.1147601
0.0563366
0.0284555
-0.0396076
-0.0771113
-0.0520211
-0.0278704
-0.0839400
-0.0566192
-0.0115384
0.0001349
0.0196013
0.0521307
-0.0085253
-0.0004343
-0.0181609
0.0436527
-0.0206952
0.0106528
-0.0308101
-0.0088398
-0.0428732
0.0113275
-0.0384695
-0.0239213
-0.0084273
0.0243843
0.0103731
0.0002726
0.0025787
-0.0072630
-0.0339992
0.0041026
0.0235456
-0.0230776
-0.0294911
0.0499967
0.0278075
-0.0046724
0.0334588
0.0318134
0.0322790
-0.0345536
-0.0418459
-0.0268121
-0.0002460
0.0120915
0.0022612
0.0483900
0.0404378
-0.0077515
0.0106056
-0.0074937
0.0258245
0.0290508
-0.0163610
0.0261192
-0.0475843
0.0341222
0.0179840
-0.0120078
0.0298191
-0.0093350
0.0439581
-0.0054531
0.0207264
0.0070633
0.0177594
0.0063322
0.0066252
-0.0225245
0.0378309
0.0149761
-0.0186285
-0.0247043
-0.0211556
-0.0430928
0.0053242
-0.0363267
0.0108246
0.0270572
-0.0391602
0.0132342
0.0369356
0.0459092
-0.0048583
0.0100761
-0.0128374
0.0387227
0.0057378
-0.0536682
-0.0091513
-0.0234642
0.0019029
-0.0228376
0.0074846
0.0287720
0.0539858
0.0201460
0.0169735
0.0040450
0.0478255
0.0094127
-0.0072342
0.0053454
-0.0373751
-0.0472734
-0.1185045
-0.1468770
-0.1173259
-0.0205014
0.1145232
0.2069191
0.2226796
0.1783703
0.0356017
-0.1420645
-0.1241628
-0.0800975
-0.0318082
0.0090514
0.0109568
-0.0009491
0.0608207
0.0070236
0.0223561
-0.0014839
0.0536189
0.0145907
-0.0068044
-0.0187462
-0.0452688
-0.0338236
-0.0266870
-0.0329622
0.0040586
-0.0271904
0.0329839
0.0020196
-0.0395244
0.0166672
0.0061205
0.0184180
0.0098119
-0.0232073
-0.0287638
0.0069763
0.0169721
-0.0320504
-0.0314463
0.0259531
-0.0343231
-0.0121419
-0.0504561
0.0290686
0.0284509
0.0072186
-0.0104055
0.0037402
0.0032979
0.0429827
0.0187252
-0.0368236
0.0228527
-0.0016312
-0.0018070
0.0156362
0.0023208
-0.0184985
-0.0353164
-0.0395221
-0.0384776
-0.0399017
-0.0197191
0.0031868
0.0174720
-0.0211624
0.0549580
-0.0120128
0.0005632
0.0574066
0.0089204
-0.0278511
-0.0427638
-0.0204980
-0.0052493
-0.0463906
-0.0353665
-0.0706849
-0.0674311
-0.0027357
0.0140504
0.0677998
0.0743724
0.1011603
0.0471312
0.0486885
0.0800071
0.0274195
-0.0185555
-0.1097897
-0.1497672
-0.2625533
-0.2870273
-0.1430483
0.0468465
0.3047293
0.4800850
0.3905607
0.1421087
-0.1120416
-0.2802457
-0.2953617
-0.1988408
-0.0748339
-0.0479896
0.0211503
0.0345314
0.0407246
0.0301213
0.0678428
0.0200857
0.0264584
0.0188348
0.0240730
0.0158660
0.0144204
-0.0580327
-0.0337646
-0.0714581
-0.0638658
0.0134605
-0.0042247
0.0407589
0.0124697
0.0425596
0.0522205
0.0208913
0.0163860
0.0360601
-0.0198619
0.0018561
-0.0414586
-0.0205007
-0.0098786
0.0025148
-0.0042442
0.0370675
-0.0046885
0.0071183
-0.0164368
-0.0284076
0.0434163
0.0309080
0.0416774
-0.0094625
-0.0095861
0.0394792
-0.0317866
0.0252588
-0.0403412
-0.0285030
0.0421127
0.0262681
0.0149258
-0.0160723
-0.0138825
0.0269455
-0.0149816
-0.0391154
-0.0170394
-0.0217823
-0.0381585
-0.0364621
0.0095336
0.0486371
0.0199689
0.0475550
-0.0219991
-0.0340510
0.0012138
-0.0475666
-0.0470700
-0.0047881
0.0050099
0.0198916
-0.0130520
0.0115675
-0.0262845
0.0187597
-0.0037701
0.0729617
0.0376411
0.0823941
0.0802867
0.0636973
-0.0073068
-0.0912088
-0.1250889
-0.1398640
-0.1555532
-0.0918502
-0.0039964
0.1235084
0.2109430
0.2443113
0.1568583
0.0311893
-0.1396683
-0.1984641
-0.1542066
-0.0363533
-0.0663289
-0.0280529
-0.0328190
-0.0070205
0.0722171
0.0898681
0.0375249
0.0735870
0.0458056
0.0127090
0.0348565
-0.0294036
-0.0812869
-0.0611813
-0.0348852
-0.0227957
-0.0296765
0.0391598
-0.0323574
0.0108564
0.0118827
-0.0210935
0.0315708
0.0212222
0.0107099
0.0428064
0.0108262
0.0394299
-0.0176714
-0.0370964
-0.0549301
0.0228639
0.0227718
-0.0406377
-0.0216829
-0.0144066
-0.0172055
-0.0332658
0.0488907
0.0278124
0.0150767
-0.0063561
0.0019590
-0.0219691
0.0165887
-0.0195032
0.0264195
-0.0472705
0.0051524
-0.0463779
0.0287217
-0.0380240
-0.0390323
0.0448156
-0.0237109
0.0240533
0.0180935
0.0192981
-0.0048256
0.0003813
0.0131892
-0.0317061
-0.0119059
-0.0018171
-0.0131710
-0.0640876
-0.0694404
-0.0592715
-0.0056663
-0.0071903
0.0643372
0.0543382
0.0747869
0.1128338
0.0862022
0.0015286
-0.1285009
-0.2082119
-0.1913510
-0.1251477
0.0219080
0.0566004
0.1155605
0.0715830
0.0465987
0.0779712
0.0499687
-0.0451164
0.0102944
-0.0621169
-0.0138210
-0.0121701
-0.0035993
-0.0013482
-0.0284262
0.0393589
0.0247021
0.0337758
0.0458097
-0.0082441
0.0072373
0.0303583
-0.0141687
-0.0255101
0.0269059
-0.0110336
0.0315995
-0.0377935
-0.0126926
-0.0428434
0.0308227
-0.0007442
0.0033456
-0.0346644
-0.0124279
0.0234949
-0.0266401
0.0428916
0.0279033
0.0110526
-0.0171060
0.0295455
0.0127919
-0.0142034
-0.0330293
-0.0438217
0.0058305
0.0358576
-0.0002872
0.0129417
-0.0214888
0.0064294
-0.0229675
0.0103947
-0.0170297
-0.0157958
-0.0437449
0.0284804
-0.0225101
0.0185246
-0.0227598
-0.0310349
-0.0322378
0.0095868
0.0041462
0.0271279
-0.0085116
-0.0348292
0.0368183
0.0160621
-0.0298932
-0.0316542
-0.0267566
0.0160917
0.0049989
0.0377844
-0.0241138
0.0305377
0.0372920
0.0113676
-0.0436702
0.0082323
-0.0502133
-0.0423207
-0.0288759
-0.0040296
-0.0475546
-0.0313810
0.0005570
0.0315065
0.0267863
0.0519493
0.0805836
0.0819292
0.0215845
0.0019162
0.0505254
0.0305331
-0.0008554
-0.0598862
-0.0981938
-0.1887497
-0.1792213
-0.0159919
0.1332729
0.2563609
0.2301876
0.1668327
-0.0462967
-0.1413080
-0.1430984
-0.1350149
-0.1042647
-0.0574622
-0.0049490
-0.0026667
0.0261181
0.0403855
0.0504683
0.0716269
0.0408973
0.0347010
0.0299528
0.0002562
-0.0196482
-0.0280882
0.0101200
0.0176345
0.0131925
-0.0249430
0.0167908
-0.0376213
-0.0070174
0.0277435
-0.0263838
-0.0187085
0.0167035
-0.0119388
0.0134425
0.0198205
0.0178755
-0.0096187
-0.0221353
0.0317463
-0.0440410
-0.0379584
-0.0099993
-0.0143469
-0.0435331
0.0277903
0.0205047
0.0229189
0.0317965
-0.0244978
-0.0127161
0.0313376
-0.0066721
0.0268145
0.0080901
0.0161668
0.0459377
-0.0187638
0.0303590
0.0208964
0.0132005
-0.0531177
-0.0633437
-0.0826604
-0.0195401
-0.0641316
-0.0028840
-0.0365270
-0.0110802
0.0166114
0.1159782
0.1718189
0.2144071
0.1016069
-0.0362125
-0.2069046
-0.2885371
-0.2258278
-0.0902927
0.0277782
0.1397274
0.1962917
0.1520045
0.1085269
0.0804585
-0.0178550
-0.0518927
-0.0179425
-0.0807877
-0.0458805
-0.0765204
-0.0185014
-0.0283834
-0.0274955
-0.0065086
-0.0038964
0.0261362
0.0010818
0.0440057
0.0112834
-0.0068312
-0.0335825
0.0088285
-0.0461808
0.0231894
-0.0221490
0.0253566
0.0241496
0.0266292
-0.0083967
0.0132468
0.0186385
-0.0119247
0.0293857
-0.0219831
0.0395319
0.0383267
-0.0402488
0.0046995
0.0113838
0.0287819
0.0268859
0.0207257
0.0344252
0.0000789
0.0045850
-0.0158619
0.0289084
-0.0039796
0.0016274
0.0334337
-0.0251422
0.0053326
0.0303820
-0.0222982
0.0110769
-0.0177285
0.0045528
-0.0170208
-0.0198237
0.0076321
-0.0173065
0.0018990
0.0018859
0.0254213
-0.0255995
0.0385516
-0.0113726
0.0361252
0.0110565
-0.0119593
-0.0233789
-0.0449326
-0.0021796
-0.0001573
0.0379505
0.0065058
-0.0359726
-0.0419086
-0.0196119
-0.0315255
-0.0197109
-0.0254349
0.0129412
-0.0243506
0.0252204
0.0401190
0.0118786
0.0406231
0.0106450
0.0122679
0.0169248
-0.0260279
-0.0456011
-0.0110648
0.0120710
-0.0567458
0.0059873
0.0507604
-0.0142943
0.0314935
-0.0024161
0.0133684
0.0220556
0.0526606
0.0181258
0.0244313
-0.0151259
-0.0813473
-0.0566292
-0.1070919
-0.1326584
-0.0506622
0.0380753
0.1630611
0.1707283
0.1350186
0.0238490
-0.0515393
-0.1490820
-0.0910481
-0.0610552
-0.0669776
-0.0138629
0.0409157
0.0172899
0.0137492
0.0533300
-0.0099472
0.0204789
-0.0125324
-0.0255705
-0.0377501
-0.0081386
0.0173433
-0.0558201
-0.0493555
-0.0142240
-0.0130444
0.0044621
0.0269477
-0.0005482
0.0040622
0.0456194
0.0221877
-0.0335130
-0.0065208
-0.0009185
-0.0209231
0.0336055
0.0343412
-0.0166140
-0.0393776
-0.0369843
-0.0000912
-0.0172472
-0.0370787
0.0409307
-0.0156040
0.0246571
0.0286310
0.0378911
0.0188458
0.0462663
0.0292732
-0.0162563
-0.0147177
-0.0131757
-0.0318960
0.0095882
-0.0461847
-0.0522729
-0.0363839
-0.0356703
0.0316307
-0.0331050
-0.0112068
-0.0107851
0.0203469
0.0041967
0.0022722
-0.0218508
0.0325270
-0.0214104
0.0110544
-0.0348393
-0.0167856
-0.0850276
-0.0182056
-0.0719228
-0.0065139
0.0444989
0.0548080
0.0049281
0.0656749
0.0681694
0.0846328
0.0902275
0.0285579
0.0191275
-0.0131045
-0.0607051
-0.1386784
-0.2708064
-0.2541736
-0.1795679
0.0675566
0.4313893
0.5028009
0.3456550
0.0093941
-0.2349436
-0.2627091
-0.2168801
-0.0417422
-0.0651753
-0.0218600
0.0421520
0.0169071
0.0728495
0.0819227
0.0161183
0.0483236
0.0471725
0.0542022
0.0031470
0.0236231
0.0074521
-0.0252612
0.0079685
-0.0435524
-0.0529116
0.0119944
0.0317594
-0.0033884
0.0102360
-0.0130879
0.0222627
0.0193471
-0.0091619
0.0130783
0.0292754
-0.0040510
0.0072963
0.0202092
-0.0295104
-0.0374972
0.0350645
0.0181518
0.0208442
-0.0096858
0.0416152
0.0160725
-0.0350106
0.0134257
0.0055050
0.0114874
-0.0015042
-0.0054399
-0.0197956
0.0359583
0.0179521
-0.0183348
-0.0301969
0.0043340
-0.0183467
0.0222775
-0.0157045
0.0052334
0.0082164
-0.0218329
0.0470243
-0.0084383
-0.0013346
0.0020480
-0.0292178
-0.0104670
-0.0106444
0.0468670
0.0011480
-0.0271839
-0.0291866
0.0216113
-0.0285108
0.0251941
0.0169406
0.0163970
-0.0383336
-0.0189525
-0.0053455
-0.0088740
0.0103155
0.0615993
0.0531025
0.0473772
0.0005330
0.0448152
0.0098211
-0.0521750
-0.0719256
-0.1058745
-0.0863064
-0.1203976
-0.0547264
0.0460483
0.1622859
0.2390217
0.1473844
0.0595076
-0.0701302
-0.1257776
-0.1194689
-0.0573915
-0.0364084
-0.0567696
-0.0390684
0.0039867
0.0680231
0.0514683
0.0508999
-0.0009468
0.0519602
0.0381544
0.0241309
0.0118185
-0.0006852
0.0117330
-0.0492596
-0.0422834
-0.0396609
-0.0069580
-0.0238613
-0.0412142
-0.0388318
0.0468185
0.0001349
0.0198849
-0.0060794
0.0236949
-0.0344613
0.0323388
0.0309675
0.0199434
0.0222163
-0.0078359
0.0110967
-0.0215666
0.0122153
0.0224271
0.0329907
-0.0116737
0.0047890
0.0193063
-0.0058341
0.0088598
0.0108603
-0.0234959
0.0311638
0.0244910
0.0407060
0.0350036
0.0183129
0.0707913
-0.0036621
0.0276270
-0.0286658
-0.0550529
-0.0711474
-0.0354839
-0.0310395
-0.0804892
-0.0333603
-0.0141085
-0.0064315
0.0590588
0.1486990
0.1741905
0.1553763
0.1385645
0.0218750
-0.1485994
-0.1573390
-0.2155261
-0.1982876
-0.0491046
0.0332482
0.1492215
0.1838832
0.1647947
0.1458058
0.0326204
-0.0042439
-0.0127366
-0.1029279
-0.1183596
-0.1052261
-0.0455546
0.0023283
0.0039748
-0.0002946
0.0120534
-0.0235673
0.0282293
-0.0064091
0.0088825
0.0067454
-0.0187116
0.0038726
0.0262517
-0.0161373
-0.0387009
0.0059649
0.0138466
-0.0199339
0.0127147
0.0402643
0.0337397
0.0545221
-0.0136980
0.0458347
-0.0106098
-0.0166841
-0.0261961
-0.0384758
-0.0141543
-0.0076624
-0.0053395
-0.0362510
0.0327956
-0.0244864
0.0029259
-0.0462149
0.0262311
-0.0354138
0.0471028
0.0179876
-0.0132132
0.0426319
-0.0458868
-0.0417901
-0.0224294
-0.0081662
-0.0296270
0.0135562
-0.0255390
0.0289783
-0.0049865
0.0457183
-0.0313133
0.0242955
0.0123317
0.0183119
-0.0379152
-0.0076818
0.0220420
0.0043495
0.0138601
-0.0092718
-0.0134254
-0.0314034
0.0090400
0.0344116
-0.0152209
-0.0511482
-0.0144517
0.0303381
0.0219346
-0.0185066
0.0074431
-0.0123424
0.0378587
0.0403819
-0.0134594
0.0297055
0.0085907
-0.0026448
0.0129410
-0.0311996
-0.0427190
-0.0605437
-0.0392280
-0.0123468
-0.0017804
-0.0087934
-0.0086094
0.0193242
0.0549806
0.0246973
-0.0062085
0.0114691
-0.0270627
-0.0579483
-0.1015073
-0.1315491
-0.0783210
-0.0534833
-0.0373814
0.0427995
0.1978366
0.1944559
0.1550750
0.0210665
-0.0895623
