-0.0260474
-0.0020129
0.0242858
0.0035556
0.0460441
0.0571781
0.0315822
-0.0021749
0.0417825
-0.0318284
0.0211728
0.0170665
-0.0273196
-0.0325708
0.0140441
-0.0327391
-0.0319204
-0.0363883
-0.0297698
0.0505173
0.0421582
0.0438915
0.0839122
0.0950708
0.0295407
0.0606326
-0.0293350
-0.0727899
-0.1132245
-0.2095962
-0.2010947
-0.1602590
-0.0127899
0.1828689
0.3290422
0.2954689
0.1356091
-0.1038463
-0.2252027
-0.2326227
-0.1084148
-0.0626303
0.0178452
-0.0521863
-0.0087075
0.0494900
0.0233628
0.0736501
0.0734652
-0.0144522
-0.0218336
-0.0247428
-0.0123569
0.0059758
0.0332970
0.0032994
-0.0743967
-0.0709993
-0.0158297
-0.0041008
0.0146782
0.0047978
0.0135157
0.0265398
-0.0040526
-0.0245109
0.0401434
0.0300926
0.0053147
0.0133293
0.0433384
-0.0309763
0.0237868
-0.0517598
0.0065843
-0.0008845
0.0096126
0.0091960
0.0137492
0.0263307
-0.0239906
-0.0262168
0.0164715
0.0381742
0.0137126
-0.0022745
0.0253732
-0.0242668
-0.0016199
-0.0316580
0.0124000
-0.0350383
-0.0459383
-0.0346441
-0.0137863
0.0200998
0.0282859
-0.0360187
-0.0164860
0.0075276
0.0082247
0.0310850
0.0258645
0.0190876
-0.0045688
-0.0258696
0.0073636
0.0101684
0.0025300
-0.0077958
0.0010037
-0.0448214
-0.0235004
-0.0233346
-0.0168055
-0.0017028
0.0181270
0.0062758
0.0478342
0.0754864
0.0825120
-0.0106233
0.0012313
-0.0484098
-0.0633864
-0.1670577
-0.1541144
-0.1230250
-0.0511109
0.0859061
0.2721438
0.2957047
0.1786980
0.0243796
-0.1168387
-0.1687933
-0.1647691
-0.0979826
-0.0307978
-0.0220140
-0.0260822
0.0405599
0.0530888
0.0317095
0.0277324
-0.0096020
0.0072867
-0.0097499
0.0156856
-0.0202031
-0.0300412
-0.0236504
-0.0352341
0.0024879
-0.0390066
-0.0347961
0.0083208
-0.0360922
-0.0322784
0.0025727
0.0199497
0.0252191
0.0145120
0.0490898
-0.0108637
-0.0110690
0.0367189
0.0202815
-0.0336673
-0.0373928
0.0064986
-0.0051312
-0.0190012
0.0039422
-0.0271109
-0.0094654
-0.0338318
0.0226465
0.0089964
0.0343035
0.0003840
0.0135130
0.0088176
0.0199738
-0.0036033
0.0063522
-0.0454970
0.0099047
-0.0586837
0.0171645
0.0036069
0.0069177
0.0288605
0.0561448
0.0155124
-0.0092694
0.0301030
0.0211811
-0.0087354
0.0414855
0.0382300
0.0261521
0.0254855
-0.0007166
-0.0561875
-0.0545502
-0.0227012
-0.0452981
-0.0494668
-0.0206764
0.0291058
-0.0104308
0.0227239
0.0656545
0.0970276
0.0191695
0.0943433
0.0639056
0.0517440
-0.0253742
-0.0133573
-0.1422851
-0.1841850
-0.2229257
-0.2125092
-0.0235425
0.1473473
0.3493543
0.3835517
0.1682495
-0.0602966
-0.2304516
-0.1863300
-0.1588095
-0.0486462
-0.0060530
-0.0141917
0.0032077
-0.0150815
0.0142426
0.0596576
0.0725681
0.0065572
-0.0104927
0.0296841
0.0596995
0.0106313
-0.0104040
-0.0707702
-0.0861913
-0.0699455
-0.0223888
-0.0428250
0.0106607
0.0246826
0.0026792
-0.0167210
-0.0138436
0.0220860
-0.0034339
0.0494092
-0.0102487
0.0445608
-0.0001569
-0.0379235
0.0277943
-0.0142581
-0.0356147
0.0225815
-0.0320182
0.0207001
0.0317038
-0.0078540
0.0251379
0.0167634
-0.0305418
0.0401259
0.0055458
-0.0228690
0.0199768
-0.0103789
0.0328303
-0.0132620
0.0404585
-0.0427119
0.0011604
0.0037714
-0.0168863
0.0181274
0.0013185
-0.0146236
0.0452412
0.0449756
-0.0052014
0.0428330
-0.0087145
-0.0011780
-0.0034139
0.0047350
0.0001885
0.0163188
-0.0551424
-0.0362051
-0.0640849
-0.0757434
-0.0601713
-0.0071488
-0.0079777
-0.0225228
0.0739596
0.0315296
0.0501694
0.0552931
0.0805296
0.0365246
-0.0239307
-0.0481038
-0.0497801
-0.1260351
-0.1572153
-0.1706102
-0.0754184
0.0796558
0.2276125
0.3200118
0.2069664
0.0337630
-0.1309709
-0.2051540
-0.1627185
-0.0710672
-0.0512111
0.0070567
0.0307653
0.0473544
0.0450751
0.0716298
0.0458420
0.0730561
-0.0125946
0.0219565
0.0507632
0.0494853
0.0204602
0.0201692
-0.0725497
-0.0167261
-0.0260616
0.0233461
-0.0137947
0.0235859
0.0238185
0.0356745
0.0404168
-0.0043183
-0.0122024
-0.0081001
0.0430070
0.0247683
-0.0142250
0.0350388
-0.0376153
0.0202126
0.0109685
0.0087162
-0.0190140
0.0031343
0.0388910
0.0005589
0.0406352
0.0103360
0.0483886
0.0180257
-0.0119664
-0.0356606
-0.0348952
-0.0286022
0.0394627
-0.0020810
0.0179626
-0.0329506
-0.0032831
-0.0328029
-0.0104088
0.0030932
0.0045680
-0.0393791
-0.0340954
0.0372491
0.0058934
0.0338936
-0.0201920
0.0420659
0.0039039
-0.0277278
0.0085964
-0.0532818
0.0163441
-0.0291258
-0.0069518
-0.0244481
0.0113914
-0.0413388
-0.0287654
0.0410808
0.0534747
0.0503085
0.0864890
0.0528834
0.0285630
0.0158670
0.0060642
-0.0427174
-0.0354746
-0.1467527
-0.2083526
-0.2095823
-0.1192751
0.0302045
0.2271416
0.3759114
0.3052558
0.1490360
-0.0997284
-0.2076350
-0.2047067
-0.1221525
-0.0178783
0.0101479
-0.0311590
-0.0176851
0.0553724
0.0697667
0.0603270
0.0694252
-0.0118070
0.0030049
-0.0066939
0.0105358
0.0066737
0.0053762
-0.0187836
-0.0366362
-0.0529567
-0.0359509
0.0256306
-0.0387430
-0.0255924
-0.0059637
0.0324239
0.0318865
0.0593838
0.0418225
-0.0294662
0.0248196
-0.0294876
-0.0188006
-0.0214688
-0.0483875
0.0285065
-0.0133891
0.0306554
0.0400783
-0.0385332
0.0140059
0.0070961
-0.0256753
-0.0358598
-0.0063426
0.0366903
-0.0185521
0.0000018
-0.0232165
0.0318446
-0.0318453
-0.0036522
-0.0205382
-0.0018189
-0.0028390
-0.0087765
0.0336075
0.0322104
0.0342730
0.0052290
0.0259758
-0.0048059
-0.0107391
0.0226950
0.0567997
0.0397794
-0.0213894
-0.0087954
-0.0254652
-0.0025287
0.0233649
-0.0493728
-0.0272218
-0.0009504
-0.0130080
-0.0575651
-0.0119655
-0.0319900
-0.0079112
0.0203903
0.0226578
0.0844304
0.0871109
0.0757391
-0.0135549
-0.0473423
-0.0729203
-0.0821389
-0.1851140
-0.1717633
-0.1381501
0.0075480
0.1750341
0.3742223
0.3304498
0.1594116
-0.1125079
-0.1638679
-0.1880531
-0.1240905
-0.0792947
-0.0174559
-0.0040874
0.0184444
0.0541361
0.0064263
0.0703573
0.0765924
0.0712101
0.0061202
0.0457856
0.0126994
0.0290616
-0.0819045
-0.0840275
-0.0753576
-0.0033361
-0.0321586
0.0202795
0.0223711
0.0125638
0.0198795
-0.0044076
0.0206717
0.0356193
0.0083453
0.0171950
-0.0416339
0.0186845
0.0309068
-0.0222820
0.0202719
-0.0210432
0.0277130
-0.0423284
-0.0105853
-0.0327958
-0.0311395
0.0050986
0.0036039
0.0222103
0.0132077
-0.0316368
-0.0272021
-0.0245855
0.0258835
-0.0031202
-0.0323292
0.0276121
0.0149462
-0.0318926
-0.0189146
0.0179320
0.0000294
-0.0467262
-0.0032843
0.0203309
-0.0176711
0.0096299
-0.0328664
0.0292320
0.0211556
0.0462599
0.0033262
0.0417447
-0.0081738
-0.0287849
-0.0060852
-0.0138535
-0.0627988
-0.0467655
-0.0452539
-0.0244381
-0.0298626
0.0091879
0.0458397
0.1018089
0.0740153
0.0525451
0.0276385
0.0361154
-0.0402981
-0.0721294
-0.0514464
-0.1454056
-0.1663179
-0.1935127
-0.0734861
0.0826383
0.3201125
0.3271802
0.2417468
0.0488160
-0.1653673
-0.2074545
-0.1338285
-0.0608474
-0.0293475
-0.0509312
-0.0293739
0.0273495
0.0752800
0.0815461
0.0319080
0.0407476
0.0725447
0.0723003
0.0006567
-0.0273135
-0.0671336
-0.0329580
-0.0848607
-0.0448113
-0.0429442
-0.0454933
0.0022971
0.0401465
0.0488303
0.0441878
-0.0200282
-0.0197416
0.0443457
-0.0065804
-0.0233797
0.0063037
0.0100039
-0.0370266
0.0330031
-0.0026319
-0.0057039
-0.0292977
0.0152224
-0.0396596
-0.0037352
-0.0128080
0.0350367
0.0057691
0.0431003
0.0435956
0.0382382
0.0181880
0.0228933
-0.0450720
-0.0039463
0.0000429
-0.0169912
0.0214934
0.0323803
-0.0429251
-0.0201529
-0.0064035
-0.0251400
0.0253641
-0.0308821
-0.0261228
-0.0084205
0.0191732
0.0430893
0.0523521
0.0175979
-0.0163252
-0.0102218
-0.0250844
0.0074650
-0.0497501
-0.0596192
0.0103611
0.0025387
-0.0187017
-0.0285662
-0.0201897
0.0107025
0.0179654
0.0506498
0.0727719
0.0880479
0.0223079
0.0772295
-0.0473585
-0.0690669
-0.1043335
-0.1551996
-0.2503160
-0.1489144
-0.0232727
0.1401848
0.2937276
0.3259225
0.2129622
-0.0415390
-0.1253383
-0.2254491
-0.1629691
-0.0905752
-0.0193797
0.0016748
-0.0556703
0.0259640
0.0039745
0.0616482
0.1150956
0.1027804
0.1073554
0.0223111
-0.0142797
-0.0311122
-0.0183297
-0.0996567
-0.0806801
-0.0266612
-0.0186430
0.0158672
0.0528539
0.0417443
0.0365808
-0.0119130
0.0543247
-0.0205654
-0.0111545
-0.0237657
-0.0281750
0.0105088
0.0126047
-0.0243570
0.0065442
-0.0208772
-0.0504571
-0.0324548
0.0213053
0.0148241
-0.0113084
-0.0148754
0.0305331
0.0283828
0.0164867
0.0204732
0.0159845
-0.0349373
-0.0100381
-0.0183776
-0.0415099
0.0395230
0.0247364
0.0003238
-0.0224604
-0.0137327
-0.0197137
0.0135108
0.0168170
-0.0312322
0.0020118
-0.0143013
-0.0118465
0.0471353
-0.0164305
0.0434574
0.0493532
0.0029668
-0.0081657
0.0060441
-0.0417208
-0.0221352
0.0104131
-0.0427775
-0.0378495
-0.0347793
-0.0014872
-0.0060933
0.0582889
0.0833365
0.0134985
0.0906093
0.1091127
0.0556185
0.0496153
-0.0163015
-0.0364097
-0.1428410
-0.1716351
-0.2230692
-0.1932665
-0.0330145
0.1821712
0.3794552
0.3495181
0.1781274
-0.0152375
-0.2011419
-0.1922941
-0.1106632
-0.0884683
-0.0524701
-0.0216289
0.0024892
0.0581531
0.0668240
0.0679966
0.0147212
0.0687798
0.0404855
0.0106069
-0.0080869
-0.0284544
0.0253244
-0.0473966
-0.0695841
-0.0174738
0.0076809
0.0130318
0.0072265
0.0162386
0.0107548
0.0501719
-0.0044323
0.0237111
0.0358981
0.0223742
-0.0323994
-0.0283705
0.0146057
0.0146084
-0.0247313
-0.0521985
-0.0287416
0.0145946
0.0136113
0.0153237
-0.0097408
0.0203110
-0.0252577
-0.0332546
-0.0373379
0.0031486
-0.0069897
0.0320705
0.0054758
0.0348149
0.0118195
-0.0141738
0.0442046
-0.0291021
0.0371686
0.0004714
-0.0405490
-0.0227656
0.0264704
-0.0013377
0.0396167
0.0025664
0.0363213
0.0152535
0.0101533
0.0296672
-0.0005744
0.0251364
-0.0254965
-0.0051741
0.0056260
-0.0495625
-0.0368910
-0.0227925
-0.0566373
-0.0431487
-0.0017309
0.0380401
0.0569731
0.0704848
0.0447986
0.0279354
0.0912407
0.0036947
0.0210822
-0.0540328
-0.0603695
-0.1262761
-0.1405934
-0.2022595
-0.1668604
0.0717288
0.2012358
0.3635666
0.3018026
0.0872022
-0.1235560
-0.1858925
-0.1525833
-0.1346856
-0.0131139
-0.0108368
-0.0248267
0.0176937
0.0206182
0.0556710
0.0341479
0.0312000
0.0025244
0.0385496
-0.0185951
-0.0102005
0.0438590
0.0074693
-0.0172029
-0.0623272
-0.0286771
0.0153379
-0.0162768
0.0033703
0.0022665
0.0451201
0.0310890
0.0491972
0.0382331
-0.0143477
-0.0154530
-0.0017912
-0.0044714
0.0104357
-0.0141904
-0.0257394
-0.0021777
-0.0340139
0.0444876
0.0023783
0.0240965
-0.0169080
-0.0175254
0.0177129
-0.0060005
0.0192615
0.0458345
-0.0321605
0.0225381
-0.0175306
-0.0105369
-0.0179419
0.0017008
0.0165851
-0.0477132
0.0032605
0.0181065
0.0154726
-0.0471378
-0.0432346
-0.0174045
-0.0320192
0.0357314
-0.0202558
0.0403853
0.0466916
0.0247070
-0.0287762
-0.0139462
0.0302251
-0.0033101
-0.0148696
-0.0570163
-0.0025391
-0.0075326
-0.0175052
-0.0069677
0.0318290
0.0410117
0.0617856
0.0354660
0.0998034
0.0561813
0.0996591
0.0297091
-0.0064637
-0.0116025
-0.0895224
-0.1752364
-0.2077495
-0.2295954
-0.0782775
0.0597329
0.2421344
0.3583039
0.2895450
0.0385563
-0.1120517
-0.1850956
-0.2264154
-0.0701830
-0.0164722
0.0040919
0.0333748
0.0344629
0.0120773
0.0216266
0.0505859
0.0003593
-0.0065876
0.0357557
0.0311363
0.0085031
0.0030813
-0.0239963
-0.0509713
-0.0765261
0.0037492
0.0198404
-0.0329622
0.0180318
-0.0160834
0.0093853
0.0076855
0.0028349
0.0176978
0.0321786
0.0475278
-0.0198431
-0.0102912
0.0268291
-0.0246820
-0.0187339
0.0191380
-0.0069552
-0.0132189
-0.0449428
0.0116378
0.0338470
0.0267815
0.0465476
0.0192593
0.0101670
-0.0092343
-0.0209324
-0.0384265
0.0351747
0.0275566
0.0106137
-0.0173382
-0.0241796
-0.0244844
0.0080005
-0.0430582
-0.0103416
-0.0136062
0.0082544
0.0062530
-0.0106602
0.0465851
0.0051132
0.0006943
-0.0233787
-0.0022969
-0.0215437
-0.0122035
-0.0451014
-0.0428405
0.0059809
-0.0353424
-0.0291223
-0.0609092
-0.0211579
0.0129206
-0.0313257
0.0260052
0.0081980
0.0285934
0.0379109
0.0995689
0.0780149
-0.0092103
0.0343342
-0.0323072
-0.1050871
-0.1247958
-0.2145792
-0.1606786
-0.0592186
0.1363932
0.2948143
0.3592796
0.1987680
0.0001115
-0.1801956
-0.1570910
-0.1631509
-0.0829964
-0.0009140
-0.0501996
-0.0144500
0.0528128
0.0150645
0.0509248
0.0476145
-0.0033940
-0.0075508
0.0323718
0.0379367
0.0187431
-0.0425422
-0.0588806
-0.0446343
-0.0038848
0.0019588
-0.0460810
0.0128230
0.0256049
-0.0011714
-0.0051727
0.0036788
0.0177274
0.0558352
-0.0274844
-0.0084219
0.0008422
0.0024356
-0.0036904
-0.0204747
-0.0030314
-0.0418333
-0.0390219
-0.0223507
0.0319973
0.0043158
0.0186883
-0.0011315
0.0408104
-0.0279098
-0.0066493
0.0471691
0.0201440
0.0123327
0.0254474
-0.0168060
0.0000367
-0.0002455
-0.0121520
-0.0231597
0.0224748
-0.0292072
-0.0153415
-0.0196360
-0.0082031
0.0001914
-0.0063122
0.0183880
0.0011795
0.0371964
-0.0181210
0.0090783
-0.0331007
-0.0325418
0.0346055
0.0074335
0.0082151
-0.0281478
-0.0046170
-0.0424725
-0.0230412
-0.0365944
0.0339747
0.0196162
0.0267750
0.0207247
0.0757991
0.0904687
0.0172924
-0.0208447
-0.0121918
-0.0319758
-0.1643763
-0.2033617
-0.2354380
-0.1306788
0.0418142
0.2500924
0.4078332
0.3062903
0.1729668
-0.0913786
-0.2428021
-0.2481521
-0.1222644
-0.0766638
-0.0043663
0.0274055
0.0468641
0.0307779
0.0186918
0.0859623
0.0243127
0.0312241
0.0225483
-0.0095898
0.0428804
-0.0204013
-0.0087118
-0.0651003
-0.0817493
0.0007172
-0.0046182
-0.0258091
0.0036575
0.0185182
0.0233767
0.0360966
0.0531584
-0.0125918
0.0096608
-0.0253979
0.0182639
-0.0005616
-0.0404878
-0.0127110
0.0066375
-0.0211541
0.0230160
0.0319757
0.0286360
0.0450177
0.0356984
0.0249557
-0.0026576
-0.0354115
0.0195983
0.0123831
-0.0171575
-0.0366166
0.0166566
-0.0020945
0.0159956
0.0074040
