-0.0140176
-0.0262728
-0.0104996
-0.0248284
0.0184793
-0.0228602
0.0053043
0.0302489
-0.0156185
-0.0051739
0.0040484
-0.0048613
0.0063961
-0.0241918
0.0001720
-0.0030924
0.0078005
-0.0055372
0.0069493
0.0085345
0.0105259
0.0144423
-0.0039509
0.0279235
-0.0186174
0.0044624
-0.0256965
-0.0415437
-0.0276141
0.0276885
0.0093962
0.0031047
0.0104322
-0.0176622
-0.0134861
0.0095397
0.0167093
-0.0241033
0.0038719
0.0051615
-0.0062169
-0.0024790
-0.0077172
-0.0218390
0.0024505
0.0105970
-0.0159010
-0.0017415
-0.0039227
0.0033936
0.0184760
-0.0123118
-0.0168378
0.0014765
-0.0256573
0.0096543
0.0055543
-0.0103224
0.0034098
0.0004987
-0.0010266
0.0196040
-0.0073763
0.0056791
-0.0000507
-0.0246891
-0.0060179
0.0181043
-0.0006386
0.0206795
0.0002951
-0.0123992
-0.0150184
-0.0186015
0.0068627
-0.0186601
0.0051494
-0.0128525
0.0074482
0.0171428
0.0248221
0.0106892
0.0009802
-0.0104145
0.0037541
0.0086683
-0.0035772
0.0130023
-0.0139846
0.0214461
0.0283107
-0.0076539
-0.0148236
0.0140660
-0.0243836
-0.0077315
-0.0207078
0.0095788
-0.0053670
-0.0081479
-0.0069073
0.0080096
0.0088701
0.0096613
0.0102215
0.0067278
0.0178898
0.0202385
0.0040732
0.0207912
0.0158541
0.0197492
0.0174042
0.0010120
0.0080542
-0.0028193
0.0010315
-0.0043729
0.0105492
0.0095393
-0.0172870
-0.0145792
-0.0208045
-0.0004510
0.0320655
-0.0184834
-0.0016510
-0.0294846
-0.0274779
-0.0198137
-0.0021827
-0.0134221
0.0094884
-0.0152699
-0.0177179
0.0097437
0.0079548
-0.0115497
-0.0127560
0.0373392
0.0124241
0.0289428
-0.0040674
-0.0229121
-0.0496210
-0.0442573
-0.0285276
-0.0281149
-0.0135755
-0.0023500
0.0338935
0.0055321
0.0260656
0.0584607
0.0262580
0.0356191
0.0105203
0.0140656
-0.0029021
-0.0412882
-0.0951691
-0.1058271
-0.0998324
-0.0414076
0.0372018
0.1652940
0.2028611
0.1247885
0.0291525
-0.0546482
-0.0959496
-0.0779956
-0.0238066
-0.0231777
-0.0249859
0.0000763
0.0196176
0.0449009
0.0272529
0.0570593
0.0110060
0.0341086
0.0066794
-0.0145729
0.0183367
0.0001180
0.0051190
0.0041724
-0.0189987
0.0081255
-0.0017881
-0.0178607
-0.0039668
-0.0186937
-0.0218869
0.0127920
-0.0144014
-0.0100591
-0.0146770
-0.0150956
-0.0002435
0.0241418
-0.0085223
0.0043967
0.0202195
-0.0087013
-0.0280667
0.0181148
0.0057556
0.0140051
-0.0166136
0.0082353
-0.0043233
0.0105901
0.0165306
0.0138774
-0.0177904
0.0180553
-0.0027845
0.0111447
-0.0082475
-0.0223438
-0.0069131
0.0123658
-0.0132517
-0.0283725
0.0236029
0.0028964
0.0074105
0.0179072
0.0180894
-0.0086446
0.0076086
-0.0065714
0.0070892
0.0199287
-0.0298999
-0.0127158
-0.0301478
0.0041932
-0.0117146
-0.0006084
0.0257758
0.0265938
0.0080722
-0.0146153
-0.0134732
0.0237276
0.0112718
0.0268837
-0.0002188
-0.0023914
-0.0036689
0.0005523
0.0229622
0.0142073
-0.0177110
-0.0033894
0.0263964
-0.0004591
-0.0099104
-0.0206340
-0.0240524
-0.0258863
-0.0131270
-0.0000534
0.0039259
0.0082551
-0.0138351
0.0210719
0.0080766
-0.0082072
0.0258088
-0.0106547
-0.0103802
-0.0307331
-0.0115098
-0.0012585
-0.0023821
0.0196402
-0.0179439
0.0057281
-0.0212110
0.0222632
-0.0175372
0.0194883
-0.0241089
0.0076255
-0.0088986
0.0123034
-0.0034513
0.0019943
-0.0165389
-0.0111265
0.0178797
0.0180775
0.0250131
0.0031131
0.0217135
-0.0112533
-0.0254782
0.0148480
-0.0246796
-0.0067449
0.0128650
0.0002719
-0.0178766
-0.0127305
-0.0196479
0.0261833
0.0055018
0.0155594
0.0030205
-0.0258417
0.0041109
-0.0152186
-0.0065822
0.0021545
-0.0046324
0.0128429
0.0007858
-0.0204079
0.0235322
-0.0036300
-0.0114437
-0.0143981
0.0184710
-0.0020821
0.0102280
0.0189086
0.0249487
0.0120840
-0.0159209
-0.0092778
-0.0008668
-0.0164417
-0.0176952
0.0091615
0.0010107
0.0125505
0.0248611
0.0141423
0.0021337
-0.0130839
-0.0093091
0.0081187
-0.0102523
-0.0009086
-0.0274607
-0.0135063
0.0158140
-0.0116688
-0.0209221
0.0010839
0.0030511
-0.0161479
-0.0112804
0.0070239
-0.0172250
0.0214899
0.0099706
0.0099552
-0.0068956
-0.0190415
-0.0112705
0.0270812
0.0229175
0.0276061
-0.0095096
-0.0060925
0.0061006
-0.0134325
0.0120008
0.0194990
0.0196934
-0.0245820
0.0069098
0.0067680
0.0208530
-0.0184763
0.0119016
0.0247305
0.0067930
-0.0194598
0.0214195
-0.0051866
-0.0142322
-0.0210670
0.0266079
-0.0165627
0.0120212
0.0044235
-0.0184820
-0.0236872
-0.0024726
-0.0041605
0.0058311
0.0082357
0.0043078
-0.0056693
-0.0064907
-0.0203011
0.0021892
-0.0152939
-0.0068336
0.0117790
-0.0258994
-0.0097550
-0.0263925
0.0076468
-0.0016804
0.0074184
0.0137362
-0.0151713
0.0275536
-0.0160115
-0.0128949
0.0164301
0.0055310
-0.0097692
-0.0159432
-0.0159986
-0.0482596
-0.0221835
-0.0104617
-0.0296577
-0.0124468
0.0117821
0.0252719
0.0567877
0.0622021
0.0421583
0.0547795
0.0360615
-0.0038880
-0.0483657
-0.0562687
-0.1044381
-0.1231048
-0.1260545
-0.0686101
0.0437682
0.1578975
0.1815525
0.1570749
0.0177407
-0.0423827
-0.0878738
-0.0749496
-0.0363327
-0.0167652
-0.0069374
-0.0285833
-0.0140166
0.0381516
0.0260096
0.0482987
0.0313870
0.0198510
0.0009771
0.0113354
-0.0267356
-0.0388249
-0.0286470
-0.0330308
0.0033399
-0.0214045
-0.0141987
0.0035725
0.0162066
-0.0089209
0.0392878
0.0187330
-0.0163779
-0.0093716
0.0119715
0.0011037
-0.0130787
0.0088161
0.0191155
0.0021592
0.0054968
-0.0172647
-0.0184431
-0.0015925
-0.0001381
-0.0182163
0.0036523
-0.0094679
0.0047493
-0.0108605
-0.0023519
-0.0163767
0.0121173
0.0188640
0.0007896
-0.0021210
0.0059251
-0.0088814
0.0227729
0.0211676
-0.0001860
-0.0142145
-0.0168430
0.0216902
-0.0157314
-0.0221340
-0.0178049
0.0261008
0.0374261
0.0189980
0.0045194
0.0120192
-0.0137502
-0.0138951
-0.0184058
-0.0180893
-0.0249004
0.0158470
-0.0034514
-0.0087618
0.0006019
-0.0137965
0.0117994
0.0105010
0.0123789
0.0008397
-0.0132677
0.0225756
-0.0089229
-0.0192171
0.0055796
-0.0166872
-0.0172580
-0.0075663
-0.0161418
-0.0091137
-0.0030684
-0.0003293
-0.0075755
0.0004475
0.0094221
-0.0283299
0.0016582
0.0171289
0.0232422
-0.0066674
0.0101568
-0.0063971
0.0016710
0.0172896
-0.0220414
0.0207933
-0.0117352
-0.0115421
-0.0067290
0.0144651
0.0178021
0.0007114
0.0204623
0.0243249
-0.0202161
0.0103994
0.0045544
-0.0233956
-0.0123519
-0.0202009
-0.0021989
0.0089814
-0.0001229
0.0165370
0.0275592
-0.0080211
-0.0074129
-0.0264614
0.0271871
-0.0062810
0.0208553
-0.0275189
-0.0092834
-0.0193230
-0.0092382
0.0275955
0.0109567
0.0232397
0.0174092
0.0211573
-0.0038624
0.0078746
-0.0136195
-0.0229511
0.0202499
-0.0022786
-0.0204958
-0.0118077
-0.0036478
0.0054655
-0.0147469
-0.0113421
0.0090392
0.0262563
0.0048300
0.0228920
-0.0289826
-0.0167147
0.0001830
-0.0102792
0.0035937
-0.0137500
-0.0061354
0.0167813
0.0106703
0.0000169
0.0061291
0.0118796
0.0048780
0.0047288
-0.0275913
-0.0029471
0.0163209
0.0183101
-0.0021022
0.0125683
-0.0164475
-0.0038889
0.0098955
0.0090341
-0.0079606
-0.0127552
-0.0136484
0.0047873
0.0140412
-0.0204165
0.0118690
-0.0203766
-0.0060879
-0.0052579
-0.0035050
0.0007248
-0.0088655
-0.0005653
-0.0117183
0.0154215
0.0152913
-0.0169524
-0.0077760
0.0104637
-0.0027441
-0.0221021
-0.0007755
0.0065774
0.0100246
0.0099737
-0.0038237
0.0251507
0.0032382
-0.0230197
-0.0169936
-0.0261425
0.0060728
-0.0219505
0.0090924
-0.0130896
0.0124272
-0.0130114
0.0146778
0.0168671
0.0169994
-0.0151740
0.0128572
0.0248253
-0.0111794
0.0034318
-0.0147279
-0.0253072
0.0039880
-0.0171354
-0.0063608
-0.0202088
-0.0275968
0.0208669
0.0182062
-0.0189528
-0.0095493
-0.0100181
0.0017045
0.0208512
-0.0013471
-0.0045926
-0.0080044
0.0146126
-0.0183453
-0.0059341
-0.0322475
-0.0262662
-0.0250900
-0.0165278
-0.0164525
0.0105877
0.0311799
0.0310471
0.0572403
0.0584079
0.0154900
0.0384617
-0.0047468
-0.0016899
-0.0338417
-0.0769900
-0.0841988
-0.1046083
-0.0972002
-0.0207938
0.0871148
0.2044741
0.2517845
0.1368164
-0.0123634
-0.1338272
-0.1615320
-0.0909258
-0.0840762
-0.0488379
-0.0267084
0.0153564
0.0225330
0.0403547
0.0470451
0.0223491
0.0366780
-0.0021102
0.0202456
-0.0191807
-0.0018364
-0.0094269
-0.0317639
-0.0352970
-0.0028845
-0.0024357
-0.0292427
-0.0284722
0.0244732
0.0137075
0.0070796
0.0138366
-0.0034299
0.0245908
0.0088367
0.0220018
-0.0275251
-0.0144844
-0.0362256
-0.0320294
-0.0202863
0.0015909
-0.0209827
0.0098308
-0.0101930
0.0097740
-0.0291082
0.0062100
-0.0096050
-0.0093251
0.0365072
0.0126410
0.0013431
-0.0046075
-0.0177416
0.0059023
0.0131869
-0.0124531
-0.0158131
-0.0237128
-0.0218054
-0.0102885
0.0042439
0.0057560
0.0023170
0.0003415
-0.0143710
0.0100880
0.0039589
0.0190900
-0.0013110
-0.0143353
0.0071772
0.0015385
0.0189466
-0.0225256
0.0221291
0.0011002
-0.0089936
-0.0041196
-0.0248085
-0.0066168
0.0021334
0.0204378
0.0125544
-0.0109845
0.0145849
0.0133663
-0.0201019
0.0062123
0.0008843
-0.0059491
-0.0226098
0.0203491
0.0045841
0.0187686
-0.0203000
-0.0155633
0.0145695
0.0203212
-0.0107382
-0.0035995
-0.0118640
0.0266675
0.0008047
0.0322873
0.0077751
-0.0007960
-0.0005250
-0.0190383
-0.0285119
-0.0078756
-0.0040841
0.0161384
-0.0039444
-0.0156149
-0.0039055
-0.0153446
0.0159359
0.0053241
-0.0125378
0.0104153
0.0185212
-0.0115636
-0.0204456
-0.0028355
-0.0198928
0.0117530
-0.0142646
-0.0121274
-0.0104960
0.0226588
0.0072667
-0.0075234
0.0080920
0.0023667
0.0055205
-0.0141429
-0.0068871
-0.0079351
-0.0046274
-0.0025396
-0.0050187
0.0003921
0.0086939
-0.0000844
-0.0127590
0.0083268
-0.0223621
-0.0183021
-0.0154573
0.0235571
0.0015652
-0.0167241
-0.0016267
-0.0131747
-0.0092680
-0.0190934
-0.0057003
0.0058477
0.0065946
0.0236732
-0.0060437
0.0060811
-0.0058137
-0.0247938
-0.0156236
-0.0216782
0.0070288
0.0119831
0.0186670
-0.0203261
-0.0139779
-0.0086133
0.0061646
0.0176742
-0.0099058
-0.0068925
-0.0066461
-0.0055246
-0.0040331
-0.0267282
0.0069843
-0.0022077
-0.0127299
0.0036319
-0.0211236
0.0253486
-0.0131569
0.0012511
-0.0008116
-0.0280143
-0.0155090
-0.0051003
-0.0175563
0.0088751
-0.0161742
-0.0249750
0.0040012
-0.0168472
-0.0106925
0.0032325
0.0132169
-0.0018816
-0.0199175
-0.0115281
-0.0099829
-0.0197345
-0.0245869
0.0104262
-0.0018713
0.0084700
0.0273677
-0.0056995
-0.0107099
-0.0237968
-0.0041486
0.0054342
-0.0232450
-0.0096112
0.0112310
0.0182009
0.0095254
-0.0083905
0.0282131
0.0131946
-0.0061477
0.0051857
0.0096526
-0.0160118
-0.0122223
-0.0129475
-0.0081307
0.0287470
0.0136658
0.0211346
-0.0020118
-0.0105166
-0.0094097
-0.0059360
-0.0016379
-0.0234255
-0.0224929
0.0247485
-0.0171791
-0.0191066
-0.0280161
0.0109923
0.0205098
0.0189180
-0.0129012
0.0107539
-0.0036463
0.0164515
0.0229168
0.0174100
0.0174181
-0.0136031
0.0207817
0.0229502
-0.0127532
-0.0072298
-0.0252963
-0.0317166
-0.0411753
-0.0147319
-0.0214202
0.0266034
0.0274706
0.0413952
0.0474669
0.0390610
0.0520876
0.0177935
0.0150240
-0.0201695
-0.0505528
-0.0915858
-0.1170678
-0.0945515
-0.0559565
0.0692725
0.1350685
0.2094030
0.1511251
0.0461776
-0.0476510
-0.0738735
-0.0778437
-0.0545524
-0.0325032
-0.0373493
-0.0122074
0.0395708
0.0067216
0.0203889
0.0145282
-0.0054823
0.0038278
-0.0027328
-0.0100449
-0.0166318
-0.0058658
0.0095210
0.0000447
-0.0042848
-0.0356626
-0.0251108
-0.0357177
0.0109129
-0.0069144
0.0015794
0.0254734
-0.0050028
0.0132634
0.0088134
-0.0176177
-0.0157245
-0.0277710
0.0022164
-0.0117033
0.0104318
0.0255283
0.0126626
0.0099372
-0.0241872
-0.0002721
0.0064836
0.0034976
0.0213115
-0.0183774
0.0165259
0.0035468
-0.0130207
-0.0043488
0.0082237
-0.0195157
-0.0145153
0.0244502
-0.0101675
-0.0043959
-0.0115920
-0.0200044
-0.0230939
-0.0020453
0.0070715
-0.0148550
-0.0063118
0.0074617
0.0000739
-0.0111874
-0.0110779
-0.0229643
-0.0186473
-0.0071867
0.0123026
0.0081213
-0.0231783
-0.0263988
-0.0200824
-0.0101627
0.0258455
0.0047316
0.0029234
-0.0173983
0.0231630
0.0234403
0.0242455
0.0139637
0.0142968
-0.0133204
-0.0165140
0.0051650
0.0118895
0.0018434
0.0125714
0.0289997
0.0291693
-0.0028609
-0.0013590
0.0045893
0.0023948
0.0168871
-0.0133960
-0.0085039
0.0177857
-0.0102228
0.0122178
0.0260666
-0.0101345
-0.0072672
-0.0150222
0.0038496
-0.0013347
0.0067347
-0.0041895
0.0110888
-0.0192491
-0.0072196
-0.0197894
0.0210313
0.0175459
-0.0014084
0.0067668
0.0105416
-0.0069025
0.0162283
-0.0197571
-0.0070416
-0.0265677
0.0109263
0.0296252
0.0071734
-0.0140753
-0.0183645
-0.0244738
-0.0149776
0.0204449
0.0168842
0.0090372
-0.0286134
-0.0172733
0.0162135
-0.0015337
0.0182426
0.0025413
0.0035987
-0.0304713
0.0033055
-0.0017858
-0.0071682
0.0044183
0.0176039
-0.0035472
-0.0060277
-0.0095549
-0.0184752
0.0073531
-0.0217093
-0.0153197
0.0042717
0.0124115
0.0227317
0.0118541
-0.0043470
-0.0021337
-0.0199204
-0.0077932
-0.0133460
0.0177449
-0.0042498
0.0183295
-0.0100851
-0.0122678
-0.0141635
-0.0101785
-0.0183098
-0.0137243
-0.0159690
-0.0053509
0.0202841
0.0163038
0.0173589
-0.0246446
-0.0127114
-0.0191811
0.0042781
0.0196617
0.0139475
0.0154410
0.0120274
-0.0202585
-0.0143855
0.0151618
0.0302789
0.0094611
0.0200914
0.0181627
-0.0307568
0.0090410
-0.0303537
-0.0118628
0.0091255
-0.0088459
-0.0004884
-0.0100267
-0.0116043
0.0057579
-0.0032536
0.0028507
-0.0248349
-0.0144445
-0.0211056
0.0030413
0.0043340
-0.0054357
-0.0085883
0.0203211
-0.0010604
-0.0228230
0.0083805
-0.0122955
-0.0152041
0.0239968
-0.0070975
0.0128949
0.0048586
0.0180531
0.0124406
0.0211614
0.0224753
0.0037660
-0.0027150
0.0191428
0.0216116
0.0133460
0.0176472
0.0162058
0.0034695
0.0044906
0.0062144
-0.0125272
-0.0067047
0.0114386
0.0010029
0.0151586
0.0067661
-0.0060867
0.0164872
0.0144279
-0.0027871
-0.0151382
0.0051994
-0.0050616
0.0091626
-0.0367017
-0.0353734
