0.2931139
0.3686684
0.2654370
-0.0065782
-0.1691715
-0.2067277
-0.1416170
-0.1127984
-0.0633925
-0.0486756
0.0128257
0.0468280
0.0720271
0.0283220
0.0475709
0.1131043
0.0459939
0.0212029
0.0195871
-0.0643498
-0.0529866
-0.0723615
-0.0411719
0.0172889
0.0099947
-0.0160867
0.0091404
-0.0110302
-0.0247174
0.0556387
0.0188416
-0.0194823
0.0055643
-0.0015034
0.0331842
0.0026951
-0.0449735
0.0352125
-0.0501172
-0.0455958
0.0073531
0.0318048
-0.0213857
0.0439283
0.0299834
-0.0329924
-0.0373318
0.0159876
0.0079652
0.0212538
-0.0368246
0.0295762
-0.0407864
-0.0054449
0.0235423
-0.0038010
0.0376548
0.0025681
0.0395997
0.0185283
-0.0036938
0.0012516
-0.0470600
-0.0333397
0.0289067
0.0160340
0.0054316
-0.0024609
0.0148455
0.0352711
-0.0177606
0.0427560
0.0122433
0.0344586
-0.0320302
-0.0341377
-0.0177107
-0.0433221
0.0013595
-0.0572983
0.0068918
0.0267940
0.0282205
0.0657988
0.0738344
0.0465661
0.0562409
0.0373352
0.0444337
-0.0448342
-0.0687966
-0.1111211
-0.1600973
-0.2303697
-0.1463470
-0.0188171
0.1441010
0.2843754
0.2935701
0.1827330
0.0200214
-0.1268374
-0.1633222
-0.1200626
-0.0579411
-0.0838637
-0.0658782
0.0166881
-0.0169577
-0.0000357
0.0136231
0.1073865
0.1037981
0.0182371
-0.0112903
0.0020657
0.0012083
-0.0106413
-0.0606813
-0.0315069
0.0101224
-0.0217530
-0.0255538
-0.0240167
0.0249814
0.0060436
0.0263572
0.0489107
0.0152585
-0.0158204
0.0244701
0.0065519
0.0115162
-0.0357438
-0.0441428
-0.0111420
-0.0027214
-0.0370949
-0.0000337
0.0039306
0.0321510
-0.0299323
-0.0175356
-0.0225109
-0.0068330
0.0213278
-0.0425306
-0.0390395
0.0271629
-0.0061530
-0.0199575
0.0059420
0.0021290
0.0327420
0.0255410
0.0346604
0.0158120
-0.0283594
-0.0189704
-0.0019143
0.0307102
-0.0274806
0.0020043
0.0064739
0.0066218
-0.0227019
0.0048440
0.0472731
-0.0164466
0.0222621
-0.0286849
0.0045523
0.0007268
0.0020581
-0.0113162
-0.0277366
-0.0204213
-0.0022917
0.0079604
0.0576581
0.0407332
0.0360239
0.0390505
0.0835350
0.0557256
0.0616265
-0.0628993
-0.0372935
-0.1355973
-0.1935283
-0.2548209
-0.1709992
0.0893829
0.2945989
0.3958308
0.3619285
0.1303974
-0.1098609
-0.2422280
-0.1714992
-0.1038265
-0.0819339
-0.0553314
-0.0244444
-0.0357518
0.0636338
0.0372010
0.0360120
0.0353140
-0.0023737
-0.0003158
0.0544801
0.0267643
0.0033067
-0.0750723
-0.0666572
-0.0190652
0.0106637
0.0043965
-0.0427095
0.0179211
-0.0251529
0.0412280
0.0179722
-0.0045464
-0.0048643
0.0103371
-0.0012851
0.0159706
0.0337326
-0.0266360
-0.0345186
-0.0034558
-0.0394439
-0.0045354
0.0351997
0.0021165
-0.0275942
-0.0123421
0.0393412
0.0149635
0.0390448
0.0284373
-0.0375060
-0.0147546
-0.0343103
-0.0060706
0.0211621
0.0072818
0.0394515
-0.0095698
0.0222461
-0.0014866
-0.0422733
-0.0192319
-0.0318157
-0.0063785
-0.0009806
-0.0398486
0.0245293
-0.0262850
0.0341025
0.0214922
0.0265294
-0.0041627
0.0060444
-0.0064817
0.0173986
-0.0161166
-0.0230819
-0.0054398
-0.0361595
-0.0178084
-0.0534763
-0.0296598
0.0379074
0.0180577
0.0401171
0.1038557
0.0635081
0.0368369
0.0725488
0.0498564
0.0119427
-0.0239892
-0.0882643
-0.1624544
-0.1913898
-0.2064992
-0.0649384
0.1377130
0.3109273
0.3414604
0.1648850
0.0115458
-0.2284446
-0.2174977
-0.1264128
-0.0375574
0.0016420
0.0010864
-0.0264355
0.0550294
0.0106814
0.0749796
0.0066410
0.0368448
0.0389953
0.0058815
0.0060473
0.0155036
-0.0319795
-0.0805388
-0.0271056
-0.0196341
0.0067544
-0.0227436
0.0288857
-0.0068782
-0.0292711
0.0479660
0.0137605
0.0450733
0.0513366
-0.0382925
-0.0079568
-0.0278822
-0.0069735
-0.0021044
0.0123549
0.0097788
-0.0295147
-0.0491053
-0.0189415
0.0207731
-0.0310160
0.0195314
-0.0083836
-0.0299402
0.0314651
-0.0072386
-0.0243057
0.0230364
-0.0021159
0.0339163
0.0332260
-0.0187707
-0.0156815
-0.0417249
-0.0216947
0.0021768
-0.0431176
0.0028959
0.0131749
-0.0324452
-0.0291124
0.0137969
0.0185877
-0.0242976
-0.0160105
-0.0031301
-0.0306821
-0.0286284
-0.0142819
-0.0026621
0.0082995
0.0080207
-0.0708776
-0.0238860
0.0078607
-0.0590941
-0.0141976
0.0517695
0.0346934
0.0421333
0.0503299
0.0316590
0.1031014
0.0552179
-0.0218622
-0.0305960
-0.0484786
-0.0955221
-0.1574601
-0.1812309
-0.1414750
0.0165149
0.2328167
0.3499637
0.2976707
0.1264327
-0.0857819
-0.2266162
-0.2054344
-0.0801154
-0.0681238
-0.0379944
-0.0035415
-0.0163002
0.0397900
0.0266159
0.0466739
0.0685667
0.0327674
0.0271153
0.0113193
0.0503940
0.0240241
-0.0185840
-0.0385582
-0.0190818
-0.0573883
0.0162886
0.0225095
-0.0330750
0.0310066
-0.0143015
0.0028275
-0.0149315
0.0478700
-0.0329998
0.0429792
-0.0362509
0.0338483
0.0060831
-0.0198068
0.0344508
-0.0134453
0.0057864
-0.0145439
-0.0316344
-0.0063042
0.0146526
-0.0329834
-0.0381015
0.0188970
0.0018340
-0.0118129
-0.0256870
0.0177879
0.0409174
-0.0388944
0.0299750
-0.0071498
0.0364696
-0.0243587
0.0075945
-0.0077862
0.0351163
0.0159946
-0.0384636
-0.0181966
-0.0137358
0.0216993
-0.0358427
0.0189361
-0.0009147
-0.0044443
0.0170892
0.0057999
0.0009317
0.0113843
-0.0579722
-0.0341205
-0.0332106
0.0085717
-0.0267440
-0.0110053
-0.0101303
0.0257081
0.0581972
0.0800477
0.0623376
0.0713366
0.0765762
0.0686582
-0.0237701
-0.0546388
-0.0536693
-0.0665506
-0.1784252
-0.1918690
-0.1793625
-0.0014231
0.2622380
0.3841614
0.2810905
0.1289167
-0.0898272
-0.2029009
-0.2154031
-0.1249479
-0.0672809
0.0142940
-0.0513338
0.0306731
0.0132596
0.0012471
0.0296493
0.0414952
0.0524229
0.0704593
0.0672210
0.0043379
-0.0037031
-0.0472074
-0.0105881
-0.0197631
-0.0457082
0.0161006
0.0357054
0.0002864
0.0293081
0.0276712
0.0431702
0.0497563
0.0095099
0.0144049
0.0380220
0.0020161
-0.0198755
0.0374910
-0.0203344
-0.0259471
-0.0310410
0.0013605
-0.0167002
-0.0019294
-0.0304325
-0.0287804
-0.0435052
-0.0219216
0.0257236
-0.0005386
0.0084447
0.0242619
-0.0102885
0.0309463
0.0089660
0.0319698
0.0140388
-0.0296581
0.0367148
0.0182822
0.0111778
-0.0378826
0.0259445
-0.0194603
0.0375446
0.0077619
0.0158788
0.0490289
0.0450485
-0.0087966
0.0389985
0.0545008
0.0418466
0.0325892
-0.0062214
-0.0559799
-0.0558663
-0.0201991
-0.0736610
-0.0075982
0.0290441
0.0281748
0.0063653
0.0191970
0.0676406
0.0239530
0.0651047
0.0289335
0.0274834
0.0166295
-0.0666332
-0.1022988
-0.1451706
-0.2140120
-0.1673749
-0.1217343
-0.0155104
0.2451001
0.3556517
0.2965645
0.1530630
-0.1121581
-0.2112527
-0.2281403
-0.1588747
-0.0457916
-0.0193638
0.0111159
-0.0347065
0.0740724
0.0305318
0.0848416
0.0268564
0.0480152
0.0249479
0.0731226
-0.0229506
-0.0641375
-0.0642316
-0.0242731
-0.0358599
-0.0304899
-0.0461382
0.0196202
-0.0136479
0.0016859
0.0024975
0.0072164
-0.0245368
0.0158567
0.0268809
0.0293659
0.0045090
0.0328860
0.0302127
0.0044192
0.0009912
-0.0453501
-0.0465028
-0.0183353
-0.0084340
0.0175633
-0.0260326
-0.0022971
0.0311242
-0.0403410
0.0000077
0.0095783
0.0386220
0.0245421
-0.0046216
0.0473195
0.0253599
-0.0189603
-0.0370984
-0.0442177
-0.0347628
-0.0062561
-0.0036725
0.0162506
-0.0315058
0.0265031
0.0006872
0.0356315
0.0263776
0.0114937
-0.0193603
0.0148884
0.0059740
0.0022447
0.0335244
0.0102552
0.0218655
-0.0502048
-0.0197223
-0.0775914
-0.0585962
-0.0375587
0.0371825
-0.0050609
0.0482933
0.0562973
0.0755081
0.0839215
0.0889486
-0.0029651
-0.0350941
0.0054970
-0.0563371
-0.1202841
-0.1616382
-0.1894008
-0.0708548
0.0453110
0.2713450
0.3244195
0.2788795
0.0914026
-0.1637941
-0.2166071
-0.1739438
-0.0515970
-0.0525330
-0.0393921
0.0191988
0.0381552
0.0343343
0.0684401
0.0218177
0.0736571
0.0353015
0.0386080
0.0635616
-0.0049484
-0.0371394
-0.0520270
-0.0863315
-0.0285076
-0.0265510
-0.0029464
0.0158233
0.0387512
0.0369426
-0.0240228
0.0516274
0.0006164
0.0315608
0.0308729
0.0290135
-0.0185076
0.0387237
-0.0392139
0.0121123
-0.0438261
-0.0338544
-0.0384681
-0.0081852
0.0351369
0.0380615
0.0296114
-0.0271880
-0.0239583
0.0057715
-0.0242650
-0.0008179
0.0333334
-0.0289486
0.0406974
-0.0058383
-0.0067811
0.0186798
0.0008718
-0.0385305
0.0161996
-0.0079350
-0.0089440
-0.0348011
-0.0120278
-0.0023963
-0.0313617
-0.0113962
0.0239958
0.0149139
0.0246671
-0.0298571
0.0184927
-0.0114913
0.0392189
-0.0241998
0.0141438
-0.0604825
0.0061471
-0.0666534
-0.0209823
-0.0606234
-0.0315870
0.0364624
-0.0012888
0.0839844
0.0547506
0.1053998
0.0416024
0.0261195
-0.0171133
-0.0722142
-0.0678050
-0.1411589
-0.1666693
-0.1702276
-0.1583429
0.0931888
0.3120864
0.4043243
0.2934423
0.0974599
-0.1019433
-0.2380462
-0.1803664
-0.0675602
-0.0419557
-0.0271799
-0.0337411
-0.0082815
0.0126461
0.0587435
0.0599097
0.0333653
0.0110335
0.0199442
0.0115176
0.0348273
-0.0051579
-0.0138575
-0.0784741
-0.0087117
-0.0534396
0.0282568
0.0322154
0.0339442
-0.0245401
0.0432661
0.0064682
-0.0126186
0.0367216
0.0417592
-0.0231873
0.0314940
0.0364550
0.0280136
0.0361005
-0.0045881
0.0173690
-0.0257217
0.0304558
-0.0375489
0.0203099
-0.0292359
0.0136962
0.0360668
-0.0320697
-0.0307668
0.0432922
0.0282505
-0.0323376
0.0323860
0.0111865
0.0066121
0.0015381
-0.0376305
0.0145074
0.0334276
-0.0369745
0.0164459
0.0289772
-0.0460715
0.0208231
-0.0263859
0.0038349
0.0300750
-0.0107450
-0.0174366
0.0564341
0.0422209
0.0496068
0.0080323
-0.0408854
-0.0014258
-0.0220888
-0.0630871
0.0033244
0.0135919
-0.0570734
0.0005077
0.0433092
0.0668918
0.0166646
0.0342366
0.0515155
0.0653638
0.0264723
0.0054448
-0.0558210
-0.1177303
-0.1707870
-0.1632122
-0.1395538
-0.0115536
0.1023659
0.3379466
0.3811248
0.2422661
0.0018815
-0.1624817
-0.2187379
-0.1587959
-0.0798233
-0.0167248
-0.0345573
-0.0223410
-0.0006050
0.0205414
0.0258226
0.0031069
0.0483090
0.0096109
0.0031431
0.0007662
-0.0285148
-0.0316564
-0.0728449
-0.0290395
-0.0040615
-0.0006995
-0.0108511
-0.0263969
0.0414943
0.0172666
0.0128410
0.0390724
-0.0237292
-0.0049911
0.0111471
-0.0404053
0.0371358
0.0312375
-0.0303962
-0.0158591
-0.0511917
0.0206512
-0.0147602
0.0073651
0.0335806
0.0351008
0.0105023
0.0202540
0.0203790
-0.0194103
-0.0352671
0.0048503
-0.0121649
-0.0250787
0.0281122
-0.0417064
-0.0093431
-0.0111365
0.0018683
0.0252763
0.0104281
-0.0115124
-0.0157662
-0.0286544
0.0452926
-0.0372042
-0.0114902
0.0276469
-0.0097789
0.0439527
-0.0068337
0.0375089
0.0341285
0.0033166
-0.0050103
-0.0559052
-0.0176130
-0.0285409
-0.0062146
-0.0376404
-0.0416507
-0.0050774
0.0200017
0.0108222
0.0518084
0.0347945
0.0994853
0.0860525
0.0556883
0.0120593
-0.0280573
-0.0629581
-0.1425348
-0.1979079
-0.2397986
-0.1037361
0.0616795
0.2579918
0.3438742
0.3243975
0.0877647
-0.1375379
-0.2039723
-0.2335741
-0.0643518
-0.0181958
0.0141703
-0.0350992
0.0029418
0.0444141
0.0245237
0.0507923
-0.0104392
-0.0093823
0.0712064
0.0675391
0.0124745
-0.0217648
-0.0462306
-0.0746017
0.0017448
-0.0550321
-0.0331614
-0.0159759
-0.0210224
0.0228478
0.0381766
0.0215077
0.0072029
-0.0122961
0.0504306
0.0074173
-0.0241136
-0.0466614
-0.0353834
0.0314495
0.0089707
-0.0260591
0.0327342
0.0193361
0.0228315
-0.0069190
0.0157621
-0.0136066
-0.0046052
-0.0265713
0.0325615
0.0335024
0.0329040
-0.0157488
-0.0391310
0.0363470
0.0274994
0.0072590
-0.0330611
0.0326341
-0.0034044
0.0063249
-0.0285203
-0.0090099
-0.0298135
0.0040928
0.0061920
-0.0123723
0.0063740
0.0393353
0.0041688
-0.0006700
0.0631591
-0.0240630
0.0082878
0.0174285
-0.0338806
-0.0173677
-0.0659661
-0.0064341
-0.0333917
-0.0084222
-0.0405258
0.0288503
0.0162715
0.0359504
0.0991446
0.0259956
0.0350626
0.0333713
0.0434862
-0.0186657
-0.0441212
-0.1374949
-0.1616225
-0.1380493
-0.1049906
-0.0022572
0.1642215
0.3358365
0.2592970
0.1601557
-0.0592270
-0.1745845
-0.1727560
-0.1043252
-0.0322713
0.0012573
0.0112491
0.0007125
0.0626882
0.0183707
0.0544638
0.0035656
0.0635907
0.0050794
0.0449581
0.0308083
0.0092356
-0.0246748
-0.0166631
-0.0035545
0.0050038
-0.0286245
-0.0155626
0.0010369
-0.0168961
0.0569834
0.0416219
0.0114184
-0.0291631
-0.0124964
-0.0176015
-0.0174539
-0.0105805
-0.0408420
-0.0459407
-0.0140308
0.0175858
0.0084309
-0.0015500
0.0328276
-0.0085603
0.0032386
-0.0293694
0.0042823
-0.0069192
0.0410636
-0.0250199
-0.0243932
0.0062589
-0.0102220
-0.0037483
-0.0393085
0.0240804
-0.0143578
0.0301739
0.0143597
-0.0410369
-0.0190731
0.0005657
-0.0025966
-0.0245377
-0.0227184
-0.0297241
0.0395709
-0.0293196
0.0330683
-0.0153397
0.0516445
-0.0053798
-0.0063302
-0.0104036
-0.0601440
0.0022868
0.0095523
-0.0517143
-0.0375276
-0.0537805
0.0351125
0.0279548
0.0588002
0.0376556
0.0242791
0.1083491
0.0445569
0.0714516
-0.0330661
-0.0279140
-0.0723927
-0.1637860
-0.1634829
-0.2024188
-0.0606908
0.1570914
0.2949743
0.3952615
0.2348770
0.0442643
-0.1960363
-0.2707465
-0.1800607
-0.1070958
-0.0381196
-0.0271082
0.0148952
0.0589347
0.0522202
0.0280007
0.0716775
0.0517723
0.0855568
0.0106085
0.0084012
-0.0095918
-0.0579655
-0.0829024
-0.0098665
0.0122290
-0.0269140
0.0283506
-0.0134967
-0.0160169
0.0537303
0.0062749
0.0013693
-0.0147962
0.0372185
0.0442653
-0.0030001
0.0020718
0.0364328
0.0028530
-0.0057617
-0.0522064
-0.0110633
-0.0439617
0.0378808
-0.0002266
0.0161387
0.0384628
0.0194520
-0.0015474
-0.0170526
0.0456899
0.0104950
0.0427978
-0.0324998
-0.0158541
-0.0355651
-0.0217996
-0.0200885
-0.0436919
0.0323673
0.0229885
-0.0115049
-0.0319484
0.0087837
-0.0125384
-0.0333317
-0.0162231
0.0005556
0.0224332
0.0485806
0.0237578
0.0416513
0.0154822
0.0073564
-0.0278049
-0.0109220
-0.0534838
-0.0324530
-0.0654908
-0.0075254
0.0041876
-0.0527412
0.0280481
0.0134564
0.0236103
0.0642496
0.0571131
0.0373351
0.0163139
