0.0193846
0.0139023
0.0394500
-0.0245806
0.0226640
-0.0001766
0.0062705
-0.0047484
0.0013646
-0.0329705
0.0270372
-0.0078828
-0.0238421
0.0390268
-0.0002965
0.0061833
0.0358351
0.0456959
0.0356223
-0.0320811
0.0453214
-0.0197212
0.0190743
-0.0636899
-0.0350498
-0.0177095
0.0012138
-0.0451140
0.0243500
0.0266715
0.0141604
0.0328883
0.0510140
0.1055166
0.0861786
0.0634437
-0.0053959
-0.0677071
-0.1109972
-0.1532229
-0.2014822
-0.1609766
-0.1249952
0.0219108
0.2273793
0.3088977
0.3219368
0.1031520
-0.1064809
-0.1650079
-0.2032315
-0.1278370
-0.0749662
-0.0440147
-0.0151504
0.0420325
0.0644813
0.0686503
0.0438395
0.0294311
0.0844743
0.0008710
0.0045803
-0.0454889
-0.0273735
-0.0751971
-0.0618245
-0.0297801
-0.0431551
-0.0492198
0.0185456
-0.0145844
-0.0172834
0.0557128
0.0550590
0.0065478
0.0236129
-0.0139092
-0.0339360
-0.0046575
0.0028228
0.0125891
-0.0321603
-0.0308930
-0.0176386
-0.0105575
-0.0231743
0.0093295
-0.0381823
0.0424835
0.0352166
0.0260300
0.0381941
0.0223167
0.0212963
0.0066249
-0.0363342
-0.0158835
-0.0281166
-0.0080112
0.0189229
0.0073506
-0.0309791
-0.0138638
-0.0164212
0.0064828
-0.0327945
-0.0385934
0.0247724
-0.0415878
0.0277252
0.0431432
0.0233835
0.0352222
0.0104549
0.0274084
0.0412159
0.0192121
-0.0321201
0.0112463
-0.0390959
-0.0668696
-0.0109234
0.0122442
0.0035386
0.0157649
0.0039124
0.0810112
0.0239175
0.0869764
0.0605676
0.0942618
0.0377402
-0.0278071
-0.0650403
-0.0871253
-0.1574419
-0.2118535
-0.1689199
-0.0226021
0.1780934
0.3411819
0.3652909
0.2196468
0.0298179
-0.1251636
-0.1887438
-0.1697677
-0.0584063
-0.0135050
-0.0288130
-0.0130342
0.0371747
0.0877082
0.0373419
0.0744590
0.0796827
0.0169682
-0.0170078
0.0139340
-0.0482697
-0.0361316
-0.0726925
-0.0556999
-0.0081400
-0.0110797
0.0284151
0.0316285
0.0302235
-0.0096592
0.0516280
-0.0251464
-0.0288273
0.0322733
-0.0204981
0.0254175
0.0285246
0.0217072
0.0314850
0.0033393
-0.0219337
-0.0410874
0.0271104
-0.0262036
0.0034561
-0.0172843
0.0092272
0.0214571
0.0108904
-0.0246606
-0.0491605
-0.0099738
-0.0153338
0.0360606
0.0229402
0.0187771
0.0136551
-0.0410024
-0.0392071
0.0006470
0.0299581
-0.0241985
-0.0034655
0.0106138
-0.0528420
-0.0317635
-0.0117644
-0.0185776
-0.0318126
0.0026670
0.0328851
0.0298503
0.0052192
-0.0237517
0.0027041
-0.0094444
-0.0232641
0.0007771
-0.0328079
-0.0785015
-0.0737713
-0.0259049
0.0155756
0.0238889
0.0528011
0.0915450
0.0397634
0.0573272
0.0368807
0.0501185
0.0359363
-0.0177849
-0.0915578
-0.1558015
-0.1952859
-0.1786104
-0.0743697
0.0907950
0.2444630
0.3758900
0.2734656
0.1335973
-0.1431539
-0.1657655
-0.1471163
-0.1423255
-0.1010477
-0.0325859
-0.0646756
0.0283086
0.0583476
0.0343549
0.0613892
0.0985757
0.0719693
0.0189578
-0.0346776
-0.0362144
-0.0618915
-0.0390577
-0.0116504
-0.0218746
-0.0466450
0.0275222
-0.0389946
0.0129282
0.0090967
0.0086349
0.0236834
-0.0032027
0.0188359
0.0514555
0.0374748
-0.0156899
0.0286070
-0.0348875
-0.0126624
-0.0104020
-0.0327303
-0.0086546
0.0214093
-0.0071869
-0.0136932
0.0359603
-0.0170723
-0.0419416
-0.0116356
0.0235405
-0.0269060
-0.0272100
0.0445432
0.0165030
-0.0209037
-0.0126706
-0.0343893
-0.0105030
-0.0336824
-0.0187949
0.0133957
0.0150716
0.0068805
-0.0425959
-0.0459556
-0.0019707
0.0318236
0.0160156
0.0089516
0.0358300
0.0250294
-0.0218410
-0.0005427
0.0288463
-0.0546012
0.0089636
-0.0269066
0.0018833
-0.0793844
-0.0476614
-0.0486614
-0.0266730
0.0042929
0.0512118
0.0382141
0.0903519
0.1179939
0.0414166
0.0534387
0.0369353
-0.0760459
-0.1418121
-0.1456380
-0.2545267
-0.1930131
-0.0930506
0.0911868
0.2396283
0.3261686
0.2444494
0.0862206
-0.1297189
-0.2177364
-0.1554320
-0.1344938
-0.1204002
-0.0425928
0.0179037
0.0335499
0.0076192
0.0874969
0.0368202
0.0186858
0.0179446
0.0181577
0.0058798
-0.0572957
-0.0335540
-0.0243977
0.0036956
-0.0040169
-0.0251016
-0.0170120
0.0267478
0.0132381
-0.0295424
-0.0214992
-0.0053816
0.0491973
0.0127387
-0.0061040
0.0384591
0.0425033
-0.0012651
-0.0412335
-0.0332400
-0.0337344
-0.0046224
0.0353375
0.0187247
-0.0110568
0.0389744
0.0133642
-0.0145481
0.0226884
0.0195951
-0.0397265
0.0225932
-0.0180804
0.0282991
0.0288463
-0.0217864
-0.0238351
0.0300506
0.0294938
-0.0138575
0.0316268
-0.0146511
-0.0402775
-0.0113469
-0.0152960
-0.0044057
-0.0017985
-0.0338695
-0.0249726
-0.0130127
0.0179409
0.0263164
0.0322503
0.0466164
-0.0199752
-0.0344623
-0.0455513
-0.0232332
-0.0765357
-0.0455186
-0.0617135
-0.0570457
-0.0463346
-0.0071519
0.0432303
0.0471431
0.0389712
0.0716051
0.0792981
0.0519933
0.0522179
-0.0209456
-0.0652183
-0.1293025
-0.2117779
-0.2261072
-0.1958724
-0.0191785
0.1872091
0.3287305
0.3594576
0.1974594
0.0182265
-0.1383636
-0.2129911
-0.1693258
-0.0931516
-0.0689072
-0.0134085
-0.0063756
0.0235844
0.0345801
0.0992569
0.0354256
0.0571560
0.0057470
-0.0314306
0.0153902
-0.0308004
-0.0107501
-0.0178116
-0.0001975
-0.0614081
-0.0369732
-0.0449374
-0.0093270
-0.0011425
-0.0045741
0.0459025
0.0501312
-0.0048251
0.0505893
0.0247313
-0.0347971
-0.0330259
0.0036064
-0.0297154
0.0245313
0.0233239
0.0049249
-0.0245254
-0.0355689
-0.0174778
-0.0221677
0.0411242
-0.0253190
0.0197645
0.0303451
-0.0336079
0.0418365
0.0324097
0.0047876
0.0161808
0.0124523
0.0034797
-0.0101383
0.0035964
-0.0360311
-0.0354164
-0.0336363
0.0164715
-0.0285444
-0.0225360
-0.0454858
0.0413704
0.0500719
0.0133671
0.0457490
0.0243305
0.0585719
-0.0025943
-0.0178364
-0.0445686
-0.0123862
0.0003479
-0.0026516
-0.0600199
-0.0773155
-0.0408515
-0.0223711
-0.0060402
0.0713189
0.0491285
0.0928286
0.1106457
0.1104822
0.0384860
-0.0075235
-0.0162229
-0.1435128
-0.1467395
-0.2688670
-0.2260182
-0.1358704
0.1063978
0.3290048
0.4630963
0.3028436
0.0713031
-0.1983675
-0.2242692
-0.2062939
-0.0673743
-0.0227095
-0.0717556
0.0153813
0.0366676
0.0054007
0.0837995
0.0503123
0.0154967
0.0621007
-0.0069250
0.0113233
-0.0335076
-0.0227966
0.0055209
-0.0191660
-0.0676244
-0.0273856
-0.0523430
0.0060377
0.0307435
0.0102618
-0.0114204
0.0047382
-0.0260452
-0.0182084
0.0488287
0.0364671
0.0110372
-0.0379648
-0.0043907
0.0036018
0.0085684
0.0124989
0.0221406
0.0367021
-0.0339713
0.0278106
0.0287658
0.0344745
-0.0310862
-0.0296049
0.0154069
-0.0116080
-0.0085319
-0.0061907
0.0146886
0.0379839
0.0239152
0.0283329
0.0089983
-0.0255241
-0.0249013
0.0185336
0.0223289
-0.0446306
-0.0183736
0.0116396
-0.0233414
-0.0177629
-0.0275601
0.0424315
-0.0024098
0.0362795
0.0386886
0.0283679
-0.0339999
0.0154213
-0.0193071
0.0006260
-0.0764501
-0.0144558
-0.0238434
-0.0448706
0.0195115
-0.0112956
0.0618086
0.1057297
0.0828874
0.1053904
0.0982668
0.0344407
-0.0261314
-0.0750576
-0.1143333
-0.1626289
-0.1881073
-0.2163123
-0.0600076
0.1914457
0.3773139
0.3663519
0.1900958
-0.0760613
-0.2171877
-0.2267631
-0.1869735
-0.1150922
-0.0735675
-0.0434723
-0.0333622
0.0327363
0.0875196
0.0600179
0.0144634
0.0406025
0.0752234
0.0033550
-0.0390650
0.0206513
-0.0520165
-0.0547433
0.0113856
-0.0004603
0.0259645
0.0263056
-0.0293587
-0.0288577
0.0332850
0.0487219
0.0193468
0.0402251
0.0154484
-0.0254246
0.0149574
-0.0286712
-0.0277634
-0.0299384
-0.0389488
0.0117682
-0.0180442
0.0351306
0.0159424
-0.0042800
0.0212826
0.0033570
-0.0441562
-0.0365061
-0.0014199
0.0088616
-0.0198879
0.0265807
-0.0143719
-0.0274104
0.0051831
0.0377565
0.0199906
0.0296785
-0.0126742
-0.0567788
0.0099894
-0.0086398
-0.0214128
-0.0001393
-0.0105017
0.0078010
-0.0022410
-0.0095830
-0.0018049
0.0312198
0.0535760
0.0117479
-0.0354051
-0.0282849
-0.0211449
-0.0517466
-0.0525657
-0.0657835
-0.0164905
-0.0316481
-0.0124553
-0.0017430
0.0324360
0.0310973
0.0837419
0.0705683
0.0469932
0.0625358
0.0707564
-0.0143360
-0.0848774
-0.1228215
-0.2387076
-0.2001277
-0.1926478
-0.0313422
0.2246628
0.3396202
0.3408080
0.1714826
-0.0340854
-0.2362619
-0.1750977
-0.1033549
-0.0386170
-0.0646993
-0.0391914
-0.0306810
0.0030809
0.0077851
0.0797599
0.0337153
0.0740362
0.0636334
0.0096935
0.0422054
-0.0428438
-0.0471598
-0.0029152
-0.0565562
-0.0458665
-0.0071977
-0.0221003
-0.0049505
-0.0025456
0.0578567
0.0082428
0.0014791
0.0089533
-0.0030342
0.0440007
-0.0071363
-0.0097331
-0.0175195
0.0351449
0.0417860
-0.0355731
-0.0063027
-0.0356555
-0.0502796
-0.0254250
-0.0273590
-0.0252843
-0.0034588
-0.0167439
-0.0091611
0.0306072
-0.0321231
0.0515326
0.0344233
-0.0135396
0.0100422
0.0369306
0.0088069
-0.0369156
-0.0241461
-0.0157820
-0.0158586
0.0274444
-0.0070547
0.0006907
-0.0445822
-0.0169510
0.0156933
0.0196441
0.0044678
0.0289471
-0.0175137
-0.0032591
0.0039143
0.0197758
-0.0620955
-0.0567510
0.0031511
-0.0731781
-0.0448346
-0.0266074
-0.0117589
0.0267708
0.0426064
0.0817743
0.0506001
0.0827635
0.0681891
0.0802451
0.0351362
-0.0914730
-0.1304200
-0.1633629
-0.2181910
-0.1755254
-0.0906412
0.0948079
0.3114472
0.3213378
0.2552959
0.0765349
-0.1787824
-0.2474538
-0.1706589
-0.1414375
-0.0181761
-0.0362519
0.0171910
0.0153043
0.0217029
0.0507838
0.0501306
0.0112362
0.0233374
0.0037527
0.0020268
-0.0354929
-0.0230513
-0.0477080
-0.0275748
-0.0057522
0.0062701
-0.0521195
-0.0346345
0.0367784
0.0043138
0.0144463
0.0020670
0.0021619
0.0067047
0.0322639
-0.0007560
0.0415665
0.0280056
-0.0491024
-0.0412760
-0.0298485
0.0272271
-0.0343489
-0.0088012
0.0184134
-0.0325660
0.0252483
0.0214877
-0.0155389
-0.0121977
0.0231218
0.0139246
0.0264743
0.0149023
0.0182499
-0.0053630
0.0359256
0.0292602
-0.0269316
-0.0483152
0.0225219
-0.0244052
-0.0204941
-0.0011825
-0.0245890
0.0112296
-0.0207263
0.0169930
-0.0117708
0.0122589
0.0009270
-0.0211805
0.0193580
0.0313424
0.0226457
-0.0131390
-0.0399674
-0.0452900
-0.0567424
0.0085318
-0.0057409
-0.0085423
0.0286845
0.0759994
0.0973339
0.1119845
0.0938410
0.0318278
0.0728327
-0.0089982
-0.0602779
-0.1404873
-0.1569372
-0.1969059
-0.2184350
-0.1160546
0.1359016
0.3035481
0.4025528
0.3168474
0.0950894
-0.1815710
-0.2660300
-0.2305284
-0.1353809
-0.0704849
-0.0000796
0.0245645
-0.0088655
0.0144318
0.0695995
0.0846895
0.0646250
0.0112642
0.0796059
0.0204007
0.0010897
-0.0550284
-0.0187341
-0.0740032
-0.0483667
-0.0390894
-0.0146695
-0.0045056
-0.0106511
-0.0227030
0.0530913
0.0126961
-0.0074875
0.0241898
0.0072480
-0.0203940
0.0215917
-0.0126842
-0.0190580
-0.0057364
-0.0325963
0.0074859
-0.0348572
-0.0297944
-0.0044424
-0.0015927
-0.0241637
0.0332239
-0.0112078
0.0459657
0.0240689
0.0110633
-0.0161061
0.0086222
0.0111254
0.0153985
-0.0057156
0.0123536
-0.0091404
-0.0096639
0.0350202
-0.0439812
0.0251096
-0.0116998
-0.0195799
-0.0216340
-0.0436437
-0.0258441
-0.0137535
-0.0143115
0.0080500
0.0373859
-0.0164024
0.0349946
0.0421073
-0.0049425
0.0183676
-0.0227032
-0.0771876
-0.0037620
-0.0423579
-0.0199479
-0.0296531
0.0558921
0.0052059
0.0681812
0.0748397
0.1036052
0.0780904
0.0019064
-0.0153016
-0.0213559
-0.1146760
-0.1816688
-0.1967457
-0.2225891
-0.0844614
0.0811833
0.2667769
0.4082511
0.2318955
0.0410342
-0.1760635
-0.1755574
-0.2223222
-0.0698517
-0.0787353
0.0068416
-0.0171977
0.0010536
0.0618598
0.0584327
0.0818682
0.0265713
0.0885710
0.0494128
-0.0162821
-0.0295051
-0.0072070
-0.0004419
-0.0552698
-0.0092894
-0.0345624
0.0095412
0.0288663
0.0119608
-0.0358400
-0.0140403
-0.0048013
0.0536304
-0.0198417
-0.0110721
-0.0345176
-0.0105955
0.0004262
-0.0173004
-0.0429284
-0.0472242
-0.0392176
-0.0198792
0.0063980
0.0316446
-0.0224734
0.0223482
-0.0167406
-0.0197791
-0.0047232
0.0436801
0.0357759
0.0166325
-0.0029831
-0.0282868
0.0245169
0.0198151
0.0105179
-0.0063615
-0.0121710
0.0071354
-0.0368592
0.0221241
0.0139396
0.0070551
0.0185343
0.0011700
0.0308483
-0.0032978
0.0017937
0.0509135
-0.0133878
0.0233423
-0.0368707
0.0043176
-0.0163137
-0.0307315
-0.0382929
-0.0610815
-0.0528176
-0.0004172
0.0289800
0.0310311
0.0185966
0.0458234
0.0677258
0.0834100
0.0900771
0.0350491
0.0026533
-0.0601979
-0.0959212
-0.1553050
-0.2189787
-0.1776615
-0.0845669
0.0358526
0.3049400
0.3640063
0.2771534
0.1387067
-0.0747234
-0.2368924
-0.2115572
-0.1588510
-0.0533139
-0.0442554
-0.0520867
-0.0179024
0.0401282
0.0153740
0.0885266
0.0701484
0.0923221
0.0440268
0.0455894
-0.0355699
-0.0729077
-0.0616141
-0.0071106
0.0053070
-0.0090971
0.0231117
0.0278070
0.0090402
-0.0018388
-0.0089513
0.0085437
-0.0162207
0.0142730
-0.0236552
-0.0146144
0.0027963
0.0142706
0.0170449
-0.0311003
-0.0346256
0.0212870
-0.0388634
-0.0267163
-0.0225824
0.0405152
0.0139116
-0.0001035
0.0017137
-0.0272936
0.0073152
-0.0224157
0.0397678
0.0037839
-0.0227840
-0.0238977
-0.0355497
-0.0225367
0.0269559
0.0299542
0.0277191
-0.0122954
0.0135348
-0.0128022
0.0236914
0.0264683
-0.0286508
0.0386487
-0.0023518
-0.0210838
0.0163943
0.0290628
0.0095596
-0.0210289
-0.0272727
-0.0502567
0.0113685
0.0004640
-0.0423564
-0.0497929
-0.0425540
-0.0569608
-0.0385973
0.0372235
0.0146737
0.0264126
0.0561929
0.0807841
0.0947658
0.0917305
-0.0011164
-0.0566356
-0.0908301
-0.1367092
-0.1980180
-0.2337208
-0.1766207
-0.0194906
0.1843180
0.3165632
0.3269758
0.1577655
0.0231135
-0.1649559
-0.1737729
-0.1179285
-0.1314495
-0.0481726
-0.0543494
-0.0266557
0.0539193
0.0617501
0.1050041
0.0979952
0.0568089
0.0436256
-0.0333671
-0.0051163
-0.0429850
0.0117281
-0.0381795
0.0090838
-0.0268024
-0.0584164
-0.0203100
-0.0136204
-0.0094411
-0.0021516
-0.0238176
0.0055602
-0.0070420
0.0175835
-0.0083193
-0.0017776
-0.0081581
-0.0074932
-0.0062267
0.0282495
0.0293509
0.0250521
0.0211101
0.0035968
0.0169712
