0.0310992
0.0340741
-0.0002835
0.0357265
-0.0304432
0.0069607
0.0116506
-0.0466785
0.0394235
0.0038541
-0.0288947
-0.0258858
-0.0375569
-0.0011462
-0.0552795
-0.0248747
-0.0548787
0.0046774
-0.0462537
0.0096655
-0.0313171
-0.0102352
-0.0513698
-0.0410969
-0.0304893
-0.0519443
0.0560440
-0.0120905
-0.0299598
0.0031520
0.0520761
-0.0017120
0.0442633
-0.0224488
0.0063153
-0.0187840
-0.0546022
-0.0254901
0.0294224
-0.0257624
-0.0445836
-0.0161704
0.0447859
0.0316360
-0.0368622
-0.0527734
0.0510141
0.0315669
0.0430421
-0.0444801
0.0310212
-0.0133451
0.0136103
-0.0329595
-0.0578726
-0.0238187
-0.0590192
-0.0196969
-0.0130832
0.0409664
-0.0015620
0.0056490
-0.0470463
-0.0270789
0.0127502
0.0175116
0.0542316
-0.0424264
-0.0523404
0.0036013
-0.0122798
0.0322392
-0.0157518
-0.0312766
-0.0287419
0.0211762
0.0554878
-0.0170741
-0.0199827
-0.0239893
0.0389118
-0.0083552
-0.0213877
0.0524957
-0.0586630
0.0447422
-0.0397038
0.0509630
-0.0517467
-0.0374642
-0.0178662
-0.0343103
0.0435645
0.0424451
-0.0005982
0.0309819
0.0076212
-0.0110618
0.0248825
-0.0196686
0.0050189
0.0638158
0.0231763
-0.0213874
0.0250782
-0.0331920
-0.0486234
0.0320906
-0.0141871
-0.0212128
0.0145179
-0.0162845
0.0124401
-0.0079107
0.0429051
0.0610374
0.0415590
-0.0351252
0.0564326
-0.0238241
-0.0206709
-0.0138486
0.0319391
-0.0017485
0.0257738
-0.0054259
-0.0440855
-0.0164801
0.0552053
-0.0433579
-0.0065172
-0.0236012
-0.0096186
0.0120873
0.0263501
-0.0517310
0.0013281
0.0013785
-0.0099245
-0.0463759
-0.0076796
-0.0185987
-0.0222559
0.0267698
-0.0435994
-0.0206492
0.0062271
-0.0774804
0.0045679
-0.0209792
0.0338467
-0.0238700
0.0250049
0.0243560
-0.0324772
0.0154535
-0.0029767
0.0720351
0.1034845
0.0092611
-0.0396472
0.0114282
-0.0305549
-0.0732139
-0.1362506
-0.1908599
-0.0058428
0.1230732
0.3218133
0.2218697
0.1472873
-0.0918480
-0.2222111
-0.1959127
-0.1446021
-0.0288039
0.0128816
-0.0130471
-0.0087524
0.0734772
0.0254200
0.0821275
0.0858284
-0.0156591
-0.0023782
0.0317830
-0.0191812
-0.0058936
-0.0702163
0.0094147
0.0098563
-0.0270923
-0.0664410
0.0155596
0.0575025
-0.0076635
0.0043962
-0.0333523
0.0123876
0.0109759
0.0447454
-0.0305033
0.0336305
0.0545560
-0.0152770
0.0128100
-0.0525078
-0.0261643
0.0544912
-0.0402619
-0.0502595
-0.0137682
-0.0099040
-0.0175562
0.0358577
0.0581828
0.0065172
0.0173200
-0.0228951
-0.0175770
-0.0160848
-0.0464919
0.0207738
0.0358471
0.0082469
-0.0456530
-0.0224812
-0.0233848
0.0269986
0.0039686
0.0474189
-0.0100792
-0.0364791
0.0340515
0.0206040
-0.0264711
-0.0364902
-0.0012694
-0.0141825
0.0544745
0.0038946
0.0457491
-0.0539556
-0.0128070
-0.0606736
0.0462182
0.0579753
0.0032576
-0.0274093
0.0235710
0.0493153
0.0600580
0.0583007
0.0333843
0.0592899
-0.0608238
0.0568550
0.0066389
0.0300990
-0.0532554
-0.0290175
-0.0189155
0.0481592
0.0264503
-0.0499419
0.0008231
0.0454167
-0.0002446
-0.0364497
-0.0560948
-0.0286103
0.0493943
0.0436877
0.0450675
0.0472368
0.0512594
-0.0329349
-0.0122767
-0.0572012
-0.0034956
0.0105310
-0.0030636
-0.0018452
0.0441594
0.0159774
0.0273720
0.0022541
0.0123685
-0.0186567
0.0383628
-0.0104032
-0.0195031
-0.0280110
-0.0212516
0.0035158
0.0197026
-0.0791208
0.0035992
-0.0261564
-0.0000829
-0.0002767
0.0669281
0.1107788
0.0839154
0.0994476
-0.0183647
0.0070902
-0.0507734
-0.0340622
-0.0385945
-0.1983333
-0.2770208
-0.1621158
0.0508737
0.2454628
0.4786868
0.3673601
0.1726126
-0.1444550
-0.2221486
-0.1806482
-0.1346438
-0.0242982
-0.0654249
0.0118667
-0.0070741
0.0284334
0.1122071
0.1099023
0.0216156
0.0597381
0.0286769
-0.0148128
0.0187454
-0.0261889
-0.0828610
-0.0686115
-0.0111030
0.0253819
-0.0354352
0.0266087
-0.0108001
0.0378454
0.0612151
0.0009103
0.0628763
0.0604391
-0.0142619
0.0248611
-0.0421373
-0.0332705
0.0442205
0.0405196
-0.0422730
0.0209547
0.0316904
-0.0120544
-0.0092720
0.0372172
0.0055497
0.0290701
-0.0507933
0.0613523
-0.0407136
0.0028011
0.0021209
0.0057981
-0.0253230
-0.0233070
0.0370880
-0.0177162
-0.0441289
0.0428528
0.0028230
0.0216338
0.0576093
-0.0206582
0.0249507
-0.0205606
-0.0504349
0.0010847
0.0470395
-0.0437592
-0.0217208
-0.0194672
0.0474464
0.0553971
0.0169677
0.0304338
0.0030220
0.0792918
0.0678055
0.0508420
0.0155252
0.0047863
-0.0522672
-0.0803106
-0.0300355
-0.0468275
-0.0392418
-0.0108723
-0.0426310
-0.0486642
-0.0351084
-0.0055489
0.0639804
0.0893171
0.0863413
0.0820052
0.0303906
-0.0349975
0.0155391
-0.0697406
-0.1044716
-0.1161740
-0.2073289
-0.1669018
-0.0330563
0.1953209
0.3507294
0.3569008
0.1720521
-0.0679266
-0.1572965
-0.2331721
-0.1174613
-0.1330018
-0.0651383
-0.0079381
-0.0008412
0.0164843
0.0639984
0.0624173
-0.0093667
0.0627054
-0.0184640
-0.0384446
0.0061585
0.0218303
-0.0781501
-0.0601321
-0.0311193
-0.0793894
-0.0509252
0.0118644
-0.0597965
-0.0008464
0.0560286
0.0661319
0.0219620
0.0602109
-0.0332450
0.0517355
0.0077073
-0.0477871
-0.0019923
-0.0104695
-0.0621999
-0.0431075
0.0211560
-0.0244643
-0.0071069
-0.0031345
0.0280952
-0.0487857
-0.0124913
0.0623484
-0.0082142
-0.0452403
0.0430867
-0.0023605
0.0192667
0.0521970
-0.0054454
-0.0062924
0.0279684
0.0156979
0.0016645
0.0134507
0.0214036
-0.0141021
-0.0503708
0.0528044
0.0491601
0.0081052
-0.0115908
-0.0436574
0.0104262
0.0364438
0.0130815
0.0291994
0.0636016
0.0186740
-0.0180673
0.0067740
-0.0181340
0.0492790
-0.0395487
0.0290164
-0.0325388
0.0107063
-0.0454285
0.0247295
-0.0207241
-0.0538082
-0.0210347
-0.0350362
-0.0315353
0.0668759
0.0108920
-0.0188634
-0.0429803
0.0055677
-0.0452272
0.0537691
-0.0352591
-0.0384775
0.0511859
0.0165797
0.0566131
-0.0233796
-0.0375323
0.0555095
0.0028110
-0.0347893
-0.0060197
0.0482409
0.0507750
-0.0346787
-0.0250541
-0.0179048
0.0173557
-0.0141029
-0.0082624
0.0475103
0.0519597
0.0453676
-0.0237174
-0.0025162
0.0270539
0.0540281
0.0013691
-0.0165191
0.0317788
0.0201054
0.0509063
0.0481575
0.0308586
0.0552974
-0.0245266
-0.0553470
-0.0628608
-0.0384227
-0.0230817
-0.0182312
-0.0246400
-0.0104593
-0.0366728
-0.0597077
-0.0025971
-0.0064936
0.0194434
0.0363364
0.0083769
0.0345925
-0.0193578
-0.0090543
-0.0113778
0.0209484
-0.0263388
-0.0385913
0.0569747
-0.0337200
-0.0313167
0.0170018
-0.0532387
-0.0327768
0.0503414
0.0227220
-0.0203451
-0.0384481
-0.0333031
0.0491568
0.0377867
-0.0094734
0.0355870
0.0548086
0.0265095
0.0241766
0.0297536
0.0490668
-0.0232788
-0.0047589
-0.0073912
-0.0190171
0.0356549
0.0078684
0.0245244
-0.0202949
-0.0311626
0.0088024
-0.0022564
0.0123836
-0.0170817
0.0459331
0.0052912
0.0317230
-0.0198671
-0.0298176
-0.0133408
0.0378737
0.0105231
-0.0569548
-0.0386119
-0.0170863
-0.0680257
-0.0567048
0.0395812
0.0380860
0.0471413
0.0288268
0.0378533
0.0320525
0.0631987
0.0463036
0.0000159
-0.0668671
-0.0705572
-0.1870316
-0.1254026
-0.0690418
0.0932972
0.1412255
0.1996997
0.1949412
0.0512343
-0.1197995
-0.1018050
-0.1006441
-0.0439212
-0.0884571
0.0117256
0.0386191
-0.0356834
0.0016726
0.0409204
-0.0335310
-0.0347851
-0.0057194
0.0418467
-0.0116455
0.0241759
-0.0531973
-0.0098985
0.0364633
-0.0536813
-0.0524240
-0.0001903
0.0297929
-0.0261804
0.0307758
-0.0258663
0.0208203
-0.0319963
0.0191549
-0.0399150
0.0454150
-0.0275223
0.0266807
0.0296898
-0.0504040
0.0436164
-0.0449276
-0.0279662
0.0064185
0.0008882
0.0365105
-0.0235014
-0.0129308
0.0195355
0.0375718
0.0507194
0.0575769
-0.0218190
-0.0569758
-0.0128142
0.0549259
0.0210576
0.0464707
0.0480474
-0.0026973
-0.0195776
-0.0457309
-0.0482851
-0.0218216
0.0243205
-0.0077899
0.0231022
0.0026080
-0.0418306
-0.0172435
-0.0066661
-0.0493703
-0.0542724
0.0420665
0.0365915
-0.0378714
-0.0248131
-0.0596751
0.0296169
-0.0487461
-0.0599489
0.0478954
0.0476609
-0.0576381
0.0553445
0.0033292
-0.0508352
-0.0127882
0.0591108
-0.0501670
-0.0535106
0.0091697
0.0333399
0.0149988
0.0001058
-0.0274654
-0.0533416
0.0019358
-0.0433180
0.0278578
0.0427559
-0.0357043
0.0108464
-0.0157655
0.0203005
0.0026788
0.0578363
-0.0323031
-0.0469711
0.0306491
-0.0237720
-0.0101438
0.0168019
-0.0455414
-0.0596751
-0.0459507
0.0341843
0.0247868
-0.0011466
-0.0144747
0.0363828
-0.0243460
-0.0584216
0.0454434
0.0267354
-0.0201142
-0.0431591
-0.0547427
-0.0630014
0.0270231
0.0221167
0.0170858
0.0412612
0.0554426
0.0128755
-0.0083535
0.0363692
-0.0259879
-0.0018057
0.0258572
-0.0244991
-0.0154295
-0.0305138
0.0466475
-0.0294071
-0.0596267
0.0289688
0.0091199
0.0331350
0.0473024
0.0326313
0.0017013
-0.0414064
-0.0605814
0.0441078
0.0178831
0.0397213
0.0155824
-0.0038662
-0.0216620
-0.0451577
-0.0603026
-0.0275775
-0.0551071
0.0463282
-0.0540959
0.0017953
0.0524285
-0.0090114
-0.0157273
-0.0592140
-0.0258972
0.0464688
0.0288443
-0.0089608
0.0018274
-0.0352096
-0.0317414
0.0502286
-0.0428782
0.0289462
0.0516821
-0.0371110
-0.0692553
-0.0263286
0.0055496
-0.0080059
0.0273089
0.0111127
0.0162385
0.0357972
0.0646579
-0.0402970
0.0318847
-0.0796820
-0.0176391
-0.0100260
-0.0368521
-0.0537681
0.0354855
-0.0364881
0.0611976
-0.0088479
0.0843435
0.0128301
0.0791483
0.0621636
-0.0368683
0.0453802
-0.0607950
-0.0368971
-0.1106635
-0.1153858
-0.1855047
-0.0618069
0.0907241
0.2088365
0.2962733
0.0871642
-0.0860843
-0.1675628
-0.1262751
-0.0723961
0.0138690
-0.0668515
0.0480885
-0.0305843
0.0182763
0.0132898
-0.0162914
0.0525142
0.0526671
0.0208568
0.0164653
0.0561080
-0.0333338
-0.0399039
0.0022949
-0.0580019
-0.0234587
0.0009040
-0.0096824
-0.0378902
-0.0319078
-0.0651054
0.0167707
-0.0036448
-0.0341568
0.0004453
0.0487389
-0.0272763
0.0216414
-0.0049550
-0.0454439
-0.0266646
0.0020364
0.0418203
0.0346769
-0.0171505
0.0409402
-0.0486666
-0.0142980
-0.0275771
-0.0607923
-0.0503462
0.0517083
-0.0169126
0.0102031
0.0270661
0.0158958
-0.0297945
0.0376130
0.0252803
0.0216892
-0.0284300
-0.0335928
-0.0345592
0.0326516
-0.0578197
-0.0195358
0.0502900
0.0464991
0.0044325
0.0059163
0.0468829
-0.0144678
-0.0466675
-0.0291893
0.0399447
0.0376816
-0.0568297
0.0339142
-0.0568249
-0.0111565
-0.0078504
-0.0241209
-0.0441674
-0.0224204
0.0490289
-0.0149398
-0.0492635
-0.0153830
0.0238572
0.0412652
0.0543098
-0.0442807
0.0017433
0.0567274
0.0068587
-0.0411594
-0.0433517
0.0495668
-0.0207750
-0.0133134
0.0201035
-0.0165161
0.0566374
-0.0158165
0.0110805
-0.0422998
0.0537620
0.0297901
-0.0049820
-0.0444679
-0.0506461
-0.0413152
0.0319055
-0.0457285
0.0407424
-0.0517317
0.0566316
-0.0266628
-0.0381179
-0.0111102
-0.0233909
-0.0531954
0.0094908
0.0101689
-0.0212829
0.0392483
-0.0475585
0.0581984
-0.0473088
-0.0335987
-0.0473811
0.0077490
0.0029082
0.0207524
-0.0083829
0.0229212
0.0303187
0.0465595
0.0213471
0.0463200
-0.0612810
-0.0631411
0.0053060
-0.0585135
-0.0449688
0.0388723
0.0028295
-0.0447893
0.0126657
0.0450545
-0.0580057
-0.0514543
-0.0428239
-0.0021157
0.0017981
-0.0284198
-0.0324379
0.0194216
-0.0406268
-0.0504935
0.0010256
-0.0639337
0.0075517
-0.0544727
-0.0244628
-0.0146672
0.0545960
0.0244216
0.0082413
0.0389352
-0.0330960
-0.0391496
-0.0058275
-0.0093220
0.0291922
0.0300430
0.0138190
-0.0140837
-0.0110054
-0.0395990
0.0209392
-0.0540783
0.0489816
-0.0339943
-0.0587161
-0.0451284
-0.0387767
0.0629054
0.0224834
0.0574665
-0.0016962
-0.0069742
-0.0095344
0.0095014
-0.0038931
-0.0149900
0.0029665
-0.0446849
-0.0281036
-0.0547527
-0.0304218
0.0358090
0.0509269
0.0122486
0.0210107
0.0128506
0.0820736
0.0815885
0.0313171
0.0232788
0.0205542
-0.0627272
-0.0266833
-0.0634439
-0.0528077
-0.1593215
-0.0575156
0.0236300
0.0711382
0.2319680
0.2361613
0.1730674
-0.0510918
-0.1990442
-0.1345323
-0.1593098
-0.0760933
0.0064897
0.0259386
0.0025131
0.0002746
0.0986880
0.0698319
0.0015257
0.0049431
-0.0366864
-0.0456427
-0.0368283
-0.0101576
-0.0724949
-0.0519975
-0.0396919
-0.0513798
0.0272644
-0.0312325
-0.0469920
0.0582722
0.0772299
0.0240916
0.0746907
0.0125187
0.0503442
-0.0297481
0.0056302
-0.0481209
0.0475212
-0.0588522
0.0225615
-0.0376660
-0.0230632
0.0249475
-0.0283551
0.0054513
-0.0039442
0.0379882
0.0323674
-0.0353150
-0.0231694
0.0357705
0.0519548
0.0488276
0.0020260
0.0202526
-0.0084467
-0.0337838
-0.0432435
0.0483058
0.0326981
-0.0185435
-0.0037020
0.0059558
0.0473205
0.0424099
-0.0059661
0.0204463
0.0138944
-0.0581754
0.0076770
-0.0446584
0.0273439
-0.0226037
-0.0639576
-0.0363605
0.0417380
0.0464182
0.0492834
-0.0529222
0.0360285
-0.0106529
-0.0228376
0.0471018
-0.0502322
0.0608947
-0.0088996
0.0021821
0.0269509
0.0469017
0.0509074
0.0228180
-0.0136989
-0.0475239
0.0072826
0.0485092
0.0348109
-0.0222480
-0.0367494
-0.0050308
0.0300242
0.0647216
0.0402663
0.0282330
0.0143980
0.0440744
0.0447044
0.0035469
0.0226511
0.0348639
-0.0382885
-0.0275909
-0.0508905
-0.0558646
0.0560876
-0.0526817
0.0071859
0.0077819
-0.0463337
-0.0044276
0.0616199
0.0364399
-0.0383465
-0.0302126
-0.0145627
0.0533374
0.0347722
0.0342690
0.0179435
-0.0154450
-0.0564624
0.0452562
0.0524962
0.0526705
-0.0509655
-0.0383135
0.0272221
-0.0540959
0.0300348
-0.0400869
0.0113250
-0.0303248
-0.0436005
-0.0440348
0.0238540
-0.0060161
0.0169506
-0.0253650
0.0362380
0.0445540
-0.0066231
-0.0402682
0.0053934
0.0384302
-0.0145620
-0.0074482
-0.0117828
-0.0205389
-0.0049450
-0.0480771
-0.0473951
-0.0656592
-0.0574121
0.0148796
-0.0156919
0.0404368
0.0203761
-0.0526680
0.0120537
-0.0377199
0.0112004
0.0406719
0.0513245
-0.0294065
0.0593712
0.0214573
-0.0273802
-0.0335777
0.0489818
0.0368485
-0.0373791
-0.0258539
0.0496032
0.0576415
-0.0327887
0.0640358
0.0484435
0.0691382
