0.0140913
0.0431908
-0.0484323
0.0083888
0.0492683
0.0297832
-0.0565091
0.0407468
0.0420747
0.0254215
-0.0322372
-0.0082442
0.0042195
-0.0154799
-0.0338961
0.0198890
0.0386884
-0.0579446
-0.0115495
-0.0354479
-0.0311363
-0.0391871
0.0095018
-0.0343073
0.0223743
-0.0048609
0.0108610
0.0313543
-0.0024542
0.0187465
0.0509374
-0.0225169
-0.0493787
0.0215037
0.0068440
-0.0243099
0.0062346
0.0464488
-0.0074165
-0.0474729
-0.0238296
-0.0282766
-0.0337070
0.0045033
-0.0412853
-0.0323797
0.0664893
0.0634398
0.0516351
0.0255258
-0.0045304
0.0444249
-0.0054893
-0.0294101
-0.1320832
-0.1451878
-0.1561214
-0.1576320
0.0060644
0.1545689
0.2349457
0.2284780
0.1776286
0.0534029
-0.0776133
-0.2285454
-0.1192625
-0.0881002
-0.0534381
0.0346380
-0.0011047
0.0190166
0.0025189
-0.0027408
0.0139879
0.0662457
0.0575352
-0.0085069
-0.0232710
-0.0197451
0.0124695
-0.0203493
0.0067196
0.0293815
0.0062293
0.0246764
0.0055055
0.0522779
0.0552461
0.0104041
0.0455739
0.0505924
-0.0197564
-0.0062938
-0.0363097
-0.0516076
0.0151929
0.0427639
0.0083098
-0.0428583
-0.0440584
0.0382617
-0.0158371
-0.0136990
-0.0027276
-0.0021459
0.0233201
-0.0212403
-0.0343001
-0.0256221
0.0022853
-0.0113005
0.0492461
0.0195394
-0.0094336
0.0429430
-0.0245000
0.0322360
0.0233309
0.0280531
-0.0511268
0.0228901
0.0269391
0.0438540
0.0022011
-0.0359181
0.0183610
0.0320633
0.0147228
0.0502601
0.0365272
-0.0312555
0.0475733
0.0235164
-0.0018018
-0.0175708
-0.0497409
-0.0449095
0.0510201
-0.0382329
-0.0447873
0.0158721
-0.0452461
-0.0462429
0.0011773
-0.0097627
0.0367287
0.0317609
-0.0472221
0.0182449
-0.0111771
-0.0504000
0.0153951
0.0370466
-0.0396393
-0.0416568
-0.0209782
-0.0195461
0.0332394
-0.0245011
-0.0419826
-0.0258364
0.0097629
0.0522476
-0.0204914
-0.0051595
-0.0242567
-0.0414527
0.0124566
0.0477016
-0.0039800
0.0424384
0.0271221
-0.0543183
0.0401343
0.0151149
0.0049682
0.0466586
0.0129469
0.0375232
-0.0341241
0.0414120
-0.0485912
0.0078897
-0.0263596
-0.0525120
-0.0353549
-0.0437881
-0.0003052
-0.0065435
-0.0253561
-0.0017796
-0.0133806
-0.0284343
0.0106728
-0.0377350
-0.0145118
0.0086755
0.0251700
-0.0261156
0.0478916
0.0247729
0.0494945
0.0063468
-0.0058092
-0.0125459
-0.0208503
-0.0141858
0.0304541
-0.0362756
-0.0057808
-0.0553898
-0.0178431
-0.0142448
-0.0202011
0.0201936
0.0338185
-0.0278772
-0.0227640
0.0038880
-0.0218185
0.0401735
-0.0374359
-0.0509138
-0.0425418
0.0019081
0.0550384
-0.0456642
0.0086947
0.0227802
-0.0330411
0.0101465
0.0458866
0.0543980
0.0589063
-0.0113565
-0.0160866
0.0462245
0.0442661
0.0317607
0.0509454
-0.0131340
-0.0348658
-0.0472939
-0.0359671
-0.0412944
-0.0012399
-0.0469651
0.0100015
-0.0395830
0.0150244
0.0733712
0.0745707
0.0308044
0.0328683
0.0463284
0.0902881
0.0226408
0.0042378
-0.0846216
-0.1266438
-0.2166131
-0.2505618
-0.1016581
0.0174903
0.1827257
0.2836904
0.3476464
0.2500800
0.0394980
-0.2085877
-0.2524087
-0.1823515
-0.0984101
-0.0085908
0.0133500
-0.0323375
0.0232035
0.0825260
0.1026876
0.1021045
-0.0059784
0.0504261
0.0143972
0.0146674
0.0341032
-0.0400405
0.0086207
0.0185456
-0.0076451
0.0031019
0.0340734
0.0533246
0.0292592
0.0552419
-0.0356239
0.0040734
-0.0247064
0.0136691
-0.0190248
-0.0151535
-0.0452661
-0.0512820
0.0287794
0.0070293
0.0374197
0.0438229
-0.0213458
0.0540283
0.0299278
0.0376116
-0.0057407
-0.0013742
0.0316423
-0.0575637
-0.0077255
-0.0083752
0.0577146
-0.0315383
-0.0017830
0.0183865
-0.0349516
-0.0375074
-0.0086647
-0.0216425
0.0059299
0.0211574
-0.0477592
-0.0128942
-0.0249011
-0.0430065
-0.0529078
-0.0126728
-0.0322734
0.0081531
-0.0482454
-0.0311862
0.0161954
0.0035391
-0.0547794
0.0498871
-0.0042386
-0.0151419
-0.0240448
0.0332968
-0.0261413
-0.0177836
0.0333277
0.0235944
-0.0355162
-0.0195502
-0.0537121
-0.0429151
0.0198376
-0.0423556
0.0251028
0.0402119
0.0445951
0.0141080
-0.0469265
0.0193852
-0.0321620
0.0508313
0.0429197
-0.0134107
-0.0306230
-0.0118831
0.0478479
-0.0261533
-0.0052028
0.0116380
-0.0567615
0.0439422
-0.0210085
0.0204625
-0.0222046
0.0291146
0.0421180
-0.0270870
0.0553613
-0.0186692
0.0192788
0.0273458
0.0189102
-0.0349103
0.0089931
0.0374254
-0.0427188
-0.0521986
-0.0484612
-0.0428857
0.0103129
0.0451745
-0.0341656
-0.0249351
-0.0422062
0.0085097
-0.0251351
0.0335380
0.0434104
0.0021213
0.0315916
-0.0079739
0.0417533
-0.0086035
-0.0167553
-0.0529120
-0.0109913
0.0148581
0.0484304
-0.0091938
-0.0186788
-0.0022360
0.0364349
-0.0395469
0.0016389
-0.0321226
-0.0379388
-0.0027000
-0.0100593
0.0254979
0.0200835
0.0294076
-0.0052517
-0.0105811
-0.0093694
0.0550162
-0.0465499
0.0550291
-0.0357356
-0.0084238
-0.0405309
-0.0388839
-0.0485242
-0.0293197
0.0299021
-0.0035170
-0.0056203
-0.0369292
0.0201236
-0.0473195
0.0530544
0.0499448
0.0302049
-0.0096236
0.0575531
0.0593707
0.0143645
-0.0138320
0.0197460
-0.0257544
-0.0375498
-0.0456462
-0.0057537
-0.0647204
-0.0568391
-0.0420735
0.0424084
0.0270193
0.0824291
0.0941692
0.0728484
0.1191656
0.0002805
0.0425155
-0.0534688
-0.0482730
-0.1181048
-0.1887726
-0.2262221
-0.1004379
0.0993857
0.1829940
0.3570946
0.3528531
0.1629051
-0.0001408
-0.1869409
-0.1910261
-0.1648102
-0.1155709
-0.0597486
0.0120685
-0.0099445
0.0952848
0.0346593
0.1000575
0.0074873
0.0349533
0.0563900
0.0456742
-0.0567522
-0.0572251
-0.0562557
-0.0574236
-0.0018931
-0.0113455
0.0314851
-0.0015790
-0.0271483
-0.0157551
-0.0242468
-0.0211623
-0.0062248
0.0189215
-0.0139668
-0.0385128
0.0480730
0.0048490
-0.0015243
-0.0281391
-0.0388426
-0.0047473
-0.0294452
-0.0438506
-0.0274466
0.0254719
-0.0101755
-0.0440920
0.0362951
0.0354947
-0.0097612
-0.0481666
-0.0353013
0.0247326
0.0457753
-0.0213357
0.0075735
-0.0190196
-0.0510933
-0.0506093
-0.0079336
-0.0180519
0.0058526
0.0356829
0.0264554
0.0041551
0.0324780
0.0486454
-0.0045482
0.0246570
0.0192757
0.0368801
0.0101159
-0.0103591
0.0246829
0.0469270
-0.0068664
-0.0421504
-0.0087655
0.0368802
-0.0052429
0.0109514
0.0249963
-0.0445050
-0.0232595
0.0474672
0.0249738
-0.0206571
0.0249569
0.0100091
0.0513724
0.0043166
-0.0275637
-0.0571024
-0.0273251
0.0425201
-0.0132876
0.0111520
0.0211404
-0.0197255
-0.0132368
0.0120510
0.0262998
0.0415612
-0.0082239
-0.0223442
0.0453182
0.0486551
0.0154402
-0.0272402
0.0238075
0.0234735
-0.0156057
0.0267183
-0.0206187
-0.0205572
-0.0422674
0.0070283
0.0323196
-0.0246735
-0.0098462
0.0428057
0.0317833
0.0581413
0.0087961
0.0218565
-0.0335135
-0.0067268
-0.0369971
-0.0936390
-0.0401100
-0.0262245
0.0114726
0.0188524
-0.0095043
-0.0082802
0.0444976
0.0558388
0.1386379
0.1217745
0.1321863
0.0150935
-0.0584681
-0.0858221
-0.1922311
-0.2601837
-0.3744985
-0.3231857
-0.0187034
0.2554538
0.6248251
0.6587697
0.3299938
-0.0390763
-0.3259043
-0.3573428
-0.3499869
-0.2301453
-0.1204650
0.0104090
-0.0098943
0.1325902
0.0737030
0.1023552
0.1237206
0.0366194
0.0490823
0.0026511
0.0077071
-0.0751284
-0.0559639
-0.0175607
-0.0034120
-0.0149163
0.0117505
0.0154674
-0.0279790
0.0023728
0.0057387
0.0705157
-0.0148064
0.0525729
0.0047689
-0.0124962
0.0341023
0.0052046
0.0423976
-0.0422696
-0.0281862
-0.0431442
-0.0446711
-0.0435732
-0.0619311
-0.0081420
0.0505935
0.0444521
0.0282168
0.0417392
-0.0177886
-0.0137614
-0.0369413
0.0498623
0.0282647
-0.0298433
0.0172345
0.0072095
0.0040221
0.0376349
0.0421858
-0.0051494
-0.0222701
-0.0329538
-0.0343940
-0.0449862
0.0431101
0.0473972
-0.0356604
0.0358363
0.0412567
0.0199773
0.0100119
-0.0066676
-0.0503175
-0.0166298
0.0245334
0.0095910
0.0305052
0.0365928
-0.0376020
-0.0408470
-0.0354636
0.0131424
0.0471025
-0.0206339
-0.0408913
-0.0136725
-0.0502560
-0.0546543
-0.0212621
-0.0447963
-0.0253764
-0.0542608
0.0292135
0.0200685
-0.0066375
0.0318166
0.0249429
-0.0063419
-0.0398688
0.0064917
-0.0284706
-0.0200872
0.0307840
0.0177171
0.0471160
0.0418613
-0.0113349
0.0561181
-0.0314628
0.0174763
0.0438313
0.0167767
0.0245167
-0.0317366
-0.0238776
-0.0509928
0.0298705
-0.0423076
0.0433772
0.0019849
0.0230141
-0.0476835
-0.0186074
-0.0379224
-0.0198517
0.0361390
-0.0068583
-0.0413558
-0.0426365
-0.0120363
0.0544468
0.0307812
-0.0318076
-0.0218418
0.0147545
-0.0197321
-0.0191567
0.0178360
0.0072919
0.0562374
0.0196423
-0.0407127
-0.0279080
0.0238435
0.0353109
-0.0140676
-0.0092815
-0.0150016
-0.0232258
-0.0023025
0.0379199
0.0392567
0.0428201
-0.0287901
0.0109022
-0.0383731
-0.0479230
0.0102218
-0.0304334
-0.0432742
0.0001564
-0.0362428
-0.0386689
0.0029351
0.0043474
0.0472990
-0.0519926
-0.0429285
-0.0334791
0.0434557
0.0527906
-0.0110168
0.0341988
-0.0140092
-0.0520035
-0.0278039
0.0508192
-0.0221202
-0.0183108
0.0051419
-0.0376417
-0.0336839
0.0543463
-0.0043459
-0.0103351
0.0319809
-0.0446324
0.0014876
0.0351006
-0.0488903
0.0331796
0.0143666
-0.0409569
-0.0280916
0.0369205
-0.0516677
0.0049509
0.0381618
0.0215617
-0.0077894
0.0287387
0.0207057
-0.0088135
-0.0307633
-0.0182123
0.0252775
0.0072389
0.0326957
0.0515191
0.0272890
0.0173551
-0.0085794
0.0488325
0.0401692
0.0441647
0.0459513
0.0177699
-0.0187202
-0.0085235
-0.0243415
0.0181440
-0.0272262
-0.0374430
-0.0200453
-0.0087758
-0.0386416
-0.0403669
-0.0352086
0.0155786
-0.0439741
0.0304671
-0.0483552
0.0154189
-0.0121740
-0.0203379
-0.0037031
-0.0189316
0.0024132
0.0428094
0.0261441
-0.0104484
0.0065237
0.0041517
-0.0456007
-0.0509544
-0.0296113
-0.0349945
-0.0490578
-0.0017372
-0.0391352
0.0371333
-0.0312814
0.0194759
-0.0338541
0.0228714
0.0421692
0.0488655
0.0228218
0.0202589
0.0398620
-0.0204895
-0.0467794
0.0321739
0.0039610
-0.0051001
0.0133370
0.0118065
-0.0622186
-0.0146528
-0.0451756
0.0400215
0.0144981
-0.0213528
-0.0296153
0.0451008
0.0415567
0.0142190
0.0175519
-0.0072646
0.0198279
-0.0001779
0.0438984
-0.0492045
-0.0203335
-0.0477178
-0.0629262
-0.0144667
-0.0189888
0.0048653
0.0091598
-0.0166540
0.0877716
0.0244417
0.0498325
0.0265308
-0.0203128
-0.0600374
-0.0786176
-0.1614482
-0.2020453
-0.0967132
-0.0161533
0.1252265
0.2444163
0.3052212
0.1786347
0.0606511
-0.0734490
-0.1980157
-0.1316128
-0.1595677
-0.1074928
-0.0568467
0.0374575
0.0083191
0.0834746
0.1065500
0.0309950
0.0939134
0.0341697
0.0110530
-0.0124805
-0.0575934
-0.0014669
0.0261424
-0.0565296
0.0102658
-0.0115436
-0.0442433
0.0315071
0.0464426
-0.0127652
0.0535675
-0.0022247
0.0041604
0.0559034
0.0232025
0.0193685
0.0055036
0.0322392
-0.0170525
-0.0125795
-0.0046124
0.0161591
-0.0203991
-0.0362388
-0.0355823
0.0224451
0.0575081
-0.0414763
0.0094907
-0.0467077
0.0159811
-0.0316063
-0.0452187
0.0291025
-0.0225606
-0.0073532
0.0500599
0.0311032
0.0106508
-0.0476279
0.0533883
0.0171702
0.0292955
0.0341108
0.0576869
0.0196769
-0.0012536
-0.0580833
-0.0010636
0.0301953
0.0240488
-0.0266958
-0.0322567
0.0071120
-0.0523830
0.0155611
-0.0564791
0.0111065
0.0235241
-0.0129062
-0.0225639
0.0506361
-0.0590058
0.0098406
0.0347743
-0.0392803
-0.0435609
0.0454268
0.0007938
0.0222808
0.0207578
0.0416485
-0.0554101
-0.0528718
-0.0473707
-0.0046704
0.0140744
-0.0005936
0.0016107
0.0061123
-0.0557060
-0.0428119
0.0459803
-0.0194339
-0.0056936
0.0235050
-0.0113320
-0.0124062
0.0392055
-0.0068988
0.0175754
-0.0513331
-0.0403782
0.0464227
-0.0175934
-0.0005499
0.0233081
0.0213823
0.0307003
-0.0277023
0.0279678
-0.0105978
-0.0210715
0.0174228
-0.0134836
-0.0037012
0.0310211
0.0328142
-0.0197631
0.0257745
0.0185509
-0.0339764
-0.0407443
0.0074486
-0.0237563
0.0164593
-0.0176297
0.0292582
-0.0506812
-0.0538904
0.0155426
-0.0384416
-0.0029734
0.0188280
-0.0218129
-0.0486677
-0.0344258
-0.0493565
-0.0257533
-0.0213043
-0.0219156
0.0014732
-0.0151365
0.0496894
0.0456655
0.0504611
0.0181579
-0.0583342
0.0128318
-0.0462106
0.0034974
0.0184447
0.0306890
-0.0077687
0.0038375
-0.0444908
0.0367275
0.0029922
-0.0493120
0.0282202
-0.0264605
-0.0365577
0.0445992
0.0101260
0.0040118
-0.0224300
-0.0436477
-0.0279065
0.0037180
-0.0295433
-0.0024502
-0.0109739
-0.0593463
0.0321785
0.0171422
0.0420819
-0.0386567
-0.0491117
0.0047873
-0.0380615
-0.0174914
0.0278821
0.0082563
-0.0139121
-0.0536509
-0.0054429
-0.0392426
-0.0154405
0.0484252
-0.0056056
0.0147141
-0.0188123
0.0419941
-0.0308596
-0.0387418
0.0396832
0.0363765
-0.0276187
0.0486331
0.0360056
0.0268074
0.0201289
0.0635931
-0.0044263
0.0405467
0.0287657
0.0508548
-0.0103720
0.0236461
0.0104435
-0.0662230
-0.0126504
-0.0369749
-0.0319254
-0.0429316
-0.0237290
0.0279530
0.0702838
0.0570627
0.0217250
0.0570127
0.1050777
0.0017459
0.0412649
-0.0613783
-0.1007717
-0.1696641
-0.2193406
-0.1283586
-0.0099913
0.1545098
0.3040098
0.2750820
0.2113146
-0.0092936
-0.1250105
-0.2142453
-0.1655386
-0.0619092
-0.0437352
0.0099896
0.0160501
0.0817488
0.0621748
0.0367586
0.0814558
0.0421338
0.0246064
0.0021455
-0.0495857
-0.0432390
0.0288753
-0.0355322
-0.0244045
-0.0693220
0.0007141
-0.0540891
0.0339043
0.0316184
0.0265270
0.0317966
0.0338486
0.0625922
0.0494002
-0.0160735
0.0320534
0.0047934
0.0044823
0.0362962
-0.0294707
-0.0289170
-0.0519876
-0.0401847
-0.0330320
-0.0374152
-0.0180434
0.0151521
-0.0084657
-0.0146920
0.0203922
-0.0217835
0.0130894
0.0155676
-0.0120843
-0.0062314
0.0295050
-0.0176512
-0.0388961
-0.0586980
0.0240862
0.0089541
0.0283552
0.0538968
-0.0238954
0.0302301
0.0390440
0.0004369
-0.0397806
0.0160232
-0.0309202
-0.0223432
0.0124141
0.0308712
-0.0009218
0.0098082
-0.0197583
-0.0156963
-0.0117422
0.0340722
-0.0395819
-0.0231397
-0.0397064
0.0182612
-0.0084593
0.0207872
-0.0340347
-0.0330163
