0.0016950
-0.0171048
0.0486461
0.0295788
-0.0658042
-0.0075223
-0.0271859
0.0196449
-0.0515247
0.0618292
-0.0635487
0.0192684
-0.0156501
-0.0038858
0.0649285
-0.0163440
0.0254785
-0.0282192
-0.0196343
0.0517352
0.0195536
-0.0111990
0.0417432
-0.0433223
-0.0509945
0.0290173
-0.0568517
0.0010420
0.0532517
0.0030073
0.0224413
-0.0345283
0.0436274
0.0293228
0.0332157
-0.0093230
0.0021139
0.0319637
-0.0349842
-0.0537267
0.0534211
-0.0015538
0.0019732
0.0326121
0.0533624
0.0504384
-0.0198714
0.0110709
-0.0000858
0.0161113
0.0194112
-0.0234450
0.0303159
-0.0097194
0.0493271
-0.0334707
0.0416992
-0.0140576
0.0560086
-0.0586667
0.0083318
0.0348975
0.0365609
0.0233648
0.0413960
0.0351993
0.0233652
-0.0011074
-0.0124013
-0.0453807
-0.0560576
0.0194682
-0.0043224
0.0211619
0.0607830
-0.0136780
0.0662898
-0.0451258
0.0100827
-0.0588828
-0.0302828
-0.0204115
0.0080866
0.0428900
-0.0070295
0.0258808
-0.0078018
0.0142949
0.0644682
0.0153362
0.0117549
0.0886333
-0.0116272
-0.0046748
-0.0331763
-0.0616205
-0.1475093
-0.1553002
-0.1922620
0.0069471
0.1834737
0.2734099
0.2284814
0.0932768
-0.1174163
-0.1832614
-0.1693177
-0.1143871
-0.0022398
-0.0049779
0.0448906
0.0683146
0.0709692
0.0382683
0.0939746
0.0776708
-0.0310657
0.0725300
0.0244643
-0.0157790
0.0234437
0.0214523
-0.0374634
-0.0671854
-0.0478361
0.0018289
-0.0363630
0.0242536
-0.0261732
0.0330341
0.0684388
0.0698700
0.0213347
-0.0476308
0.0440369
0.0373125
0.0287575
0.0225692
0.0072767
-0.0256032
0.0517696
-0.0178227
0.0424743
-0.0447565
0.0558703
-0.0386356
0.0426261
-0.0481336
-0.0464397
-0.0410480
-0.0420962
-0.0418294
0.0206560
0.0247488
0.0012874
0.0203653
0.0321963
0.0084869
-0.0172238
0.0500593
0.0231573
-0.0226746
-0.0235497
-0.0496428
0.0274133
0.0313153
0.0254331
-0.0168875
0.0430240
-0.0365027
-0.0290629
0.0087197
-0.0546013
0.0251409
-0.0189458
-0.0329716
-0.0474084
0.0077350
0.0565575
0.0276877
-0.0521212
-0.0406915
-0.0334482
-0.0546712
0.0453630
0.0182031
-0.0270680
0.0070187
-0.0159099
-0.0236573
0.0133267
-0.0199124
-0.0014154
-0.0429512
-0.0536004
0.0011836
0.0169658
0.0439289
-0.0326158
0.0177016
-0.0064538
0.0481822
-0.0420237
0.0360777
0.0385834
-0.0511732
0.0161812
-0.0353537
0.0503883
-0.0107432
0.0473212
-0.0126922
-0.0460216
0.0020170
-0.0077501
0.0120703
0.0521362
-0.0292306
0.0197637
-0.0646705
-0.0033841
-0.0127423
0.0185595
-0.0463854
-0.0742400
0.0074845
-0.0550616
-0.0045230
0.0570780
0.0837735
0.0596767
0.0011621
0.0187232
0.0352892
-0.0086827
-0.0276059
-0.1000974
-0.0325873
-0.1441577
-0.1679629
-0.1459774
0.0029441
0.2645260
0.3383140
0.2542221
0.0772596
-0.0837916
-0.2202654
-0.1240327
-0.0993094
-0.0706298
-0.0279508
0.0285117
-0.0055439
0.0392612
0.0098853
0.0945531
0.0763950
0.0692973
0.0419726
0.0008337
-0.0541851
-0.0222777
-0.0051092
-0.0714002
-0.0712790
0.0195060
0.0050911
0.0535714
-0.0189778
-0.0176296
-0.0172223
-0.0147235
0.0217795
0.0537384
0.0550427
0.0497119
-0.0144496
-0.0278556
-0.0176913
0.0443177
-0.0139743
-0.0128353
-0.0396807
0.0052282
0.0449743
0.0144493
0.0555188
0.0441898
0.0643392
-0.0102619
-0.0203514
-0.0129473
0.0514201
-0.0413795
-0.0157557
-0.0520942
-0.0334498
0.0535929
0.0444497
0.0515358
0.0090229
0.0017397
-0.0061698
-0.0310596
0.0574869
-0.0157752
0.0089551
0.0341451
-0.0359574
-0.0130538
-0.0502018
-0.0097731
0.0548233
-0.0426329
-0.0294718
-0.0029195
0.0408483
-0.0032409
0.0516191
0.0050182
0.0119242
0.0209237
-0.0185439
-0.0822144
-0.0829042
-0.0712844
-0.0005066
-0.0836640
-0.0276869
-0.0024189
0.0705982
0.0226525
0.0161857
-0.0045997
0.0582804
0.0530946
0.0604357
-0.0454963
-0.0603256
-0.0429898
-0.0779478
-0.1932022
-0.1714573
-0.0520543
0.1142676
0.1888466
0.3454137
0.2606397
0.0682751
-0.0728751
-0.1801515
-0.1614813
-0.1204543
-0.1201542
-0.0881032
-0.0603943
0.0712011
0.0296555
0.1148011
0.0132535
0.0994003
-0.0095510
-0.0365252
-0.0093721
-0.0016446
-0.0301433
0.0260567
0.0053464
-0.0479765
-0.0068683
0.0098807
0.0280046
-0.0297419
0.0059035
0.0133378
-0.0074512
0.0492096
0.0196181
0.0210368
0.0370903
0.0403586
0.0141604
-0.0337380
-0.0180971
0.0058200
-0.0623370
-0.0163937
0.0535687
0.0144198
0.0371625
0.0517849
0.0039299
-0.0182181
0.0472613
-0.0181684
-0.0199150
-0.0197652
0.0381953
-0.0206226
-0.0561497
-0.0331751
0.0563067
0.0530247
0.0305089
0.0380296
0.0106647
0.0401705
-0.0049193
-0.0305828
0.0410354
0.0292131
-0.0279773
0.0565856
-0.0371998
-0.0077397
-0.0460685
0.0045880
-0.0163757
-0.0161371
-0.0468816
0.0498327
-0.0460547
0.0460164
-0.0153231
-0.0297195
-0.0329906
0.0203619
-0.0445422
0.0348124
-0.0617287
0.0276934
0.0214702
0.0435273
0.0380716
0.0152265
-0.0071857
-0.0442020
-0.0588155
0.0447418
-0.0568358
0.0322937
-0.0151632
-0.0400406
0.0209312
-0.0388434
-0.0132839
-0.0511336
0.0268001
-0.0510841
0.0439876
-0.0628703
-0.0573549
0.0367593
-0.0029336
0.0629375
0.0435590
-0.0191242
0.0194538
0.0397939
-0.0231143
0.0263785
0.0055456
0.0468663
0.0049728
-0.0075951
0.0009406
0.0160214
0.0201124
0.0308253
0.0208541
0.0418098
0.0320675
-0.0219236
-0.0037175
0.0123106
0.0496381
0.0538133
-0.0370700
-0.0231195
-0.0133287
0.0281542
-0.0191792
-0.0135167
-0.0498319
0.0273321
0.0597309
-0.0291058
0.0240601
0.0720303
0.0172479
-0.0404577
-0.0216554
-0.0312533
-0.0460840
0.0116259
0.0188657
-0.0802347
-0.0188509
0.0049979
0.0162542
0.0710482
0.0092175
0.0791387
0.1321278
0.0334948
0.0646120
0.0175965
-0.0681753
-0.0533502
-0.1370199
-0.1053940
-0.1908408
-0.1751509
0.0153362
0.1150070
0.3382730
0.3678994
0.2697326
-0.0164717
-0.2615045
-0.2613600
-0.1717653
-0.1129029
0.0037898
-0.0360500
-0.0210996
0.0938815
0.0918333
0.0684559
0.1006145
0.0079530
0.0940634
0.0230732
0.0303265
-0.0194155
-0.0840807
-0.0810164
0.0079760
-0.0728859
-0.0754927
-0.0284955
0.0581918
0.0040187
0.0376950
-0.0303565
0.0437700
0.0581310
-0.0057684
0.0029590
0.0559167
0.0211814
0.0058519
-0.0024919
0.0061012
-0.0262977
-0.0565845
0.0349761
-0.0448714
0.0439619
0.0491646
-0.0313526
0.0427732
0.0679528
0.0138783
0.0167920
0.0279464
0.0098154
0.0446486
-0.0592230
0.0395358
-0.0104096
-0.0415075
-0.0359862
0.0111821
0.0447152
0.0034871
0.0324284
-0.0119869
0.0195242
0.0269958
-0.0198129
0.0324697
0.0102546
0.0059240
0.0515474
0.0336983
0.0105201
-0.0325685
-0.0034267
0.0435754
-0.0043353
0.0364808
-0.0480335
-0.0300495
-0.0514134
0.0114520
0.0316701
0.0527283
-0.0279300
-0.0492563
-0.0563020
-0.0432316
-0.0354216
-0.0165243
0.0349242
0.0399508
0.0430901
0.0076477
-0.0114499
-0.0377306
-0.0346957
0.0617861
0.0229925
-0.0271034
-0.0096995
-0.0043833
-0.0454270
-0.0695677
0.0166183
-0.0752362
-0.0244323
-0.0350583
-0.0572646
0.0209108
0.0434960
0.0094449
0.0880416
0.0693978
0.0394429
0.0369028
0.0144947
-0.0592475
-0.0729749
-0.1836410
-0.1719996
-0.2350134
-0.2225482
-0.2177697
0.0870281
0.3054700
0.5175828
0.5318108
0.2358901
-0.1135376
-0.3691576
-0.3738087
-0.3080165
-0.1520462
-0.0415783
0.0931011
0.0163489
0.0966326
0.0766125
0.0609142
0.0448380
0.0808215
0.0727254
-0.0070204
-0.0496845
-0.0523703
-0.0741374
-0.0885913
-0.0252721
-0.0652889
0.0260126
0.0151761
-0.0240034
-0.0103299
-0.0082954
0.0420279
0.0537060
0.0306492
0.0014411
-0.0515016
-0.0176995
-0.0462143
-0.0076951
0.0397764
0.0468541
0.0112754
0.0290017
-0.0465744
-0.0205435
0.0163807
-0.0296729
-0.0187190
0.0115590
0.0096872
-0.0021696
0.0489707
0.0194860
-0.0270305
-0.0537031
0.0452931
0.0013950
0.0342768
0.0303934
-0.0526966
-0.0216969
-0.0073909
0.0318174
0.0077250
0.0435653
0.0481829
0.0240829
0.0013223
-0.0243317
0.0427524
0.0288619
0.0508634
0.0298900
0.0493964
-0.0683988
-0.0272970
0.0366698
0.0115369
-0.0499481
-0.0338521
-0.0462703
0.0034119
0.0667908
-0.0253097
0.0023472
-0.0111872
-0.0401220
0.0103374
-0.0468596
0.0356754
0.0154234
-0.0690814
0.0399389
-0.0343226
-0.0263482
-0.0422542
0.0648403
0.0376282
0.0784588
-0.0029312
0.0204707
-0.0314384
-0.0517010
-0.0542649
-0.0055248
0.0215333
-0.0258802
-0.0987129
-0.0537775
-0.0276706
0.0347864
0.0679979
0.0875852
0.0729708
0.1376523
0.0598294
0.0548667
-0.0183079
-0.0284814
-0.0327692
-0.1603233
-0.1353446
-0.1941559
-0.2672905
-0.1360601
-0.0818084
0.1462956
0.4307167
0.5110545
0.3790434
0.0685986
-0.2532504
-0.4186492
-0.2885512
-0.1062569
-0.0075588
-0.0392873
0.0169442
0.0797330
0.1672122
0.1547422
0.0836064
0.1026436
0.0288377
-0.0031467
-0.0772989
-0.0403387
-0.0823615
-0.0305139
-0.0451194
-0.0595725
-0.0516019
0.0324802
-0.0234496
-0.0092677
0.0054654
0.0742112
0.0409530
-0.0004752
-0.0217901
0.0390742
-0.0613907
-0.0306771
-0.0694743
-0.0089772
-0.0639176
0.0252398
0.0393437
-0.0347319
-0.0348290
-0.0183704
-0.0175398
-0.0018414
-0.0192798
-0.0097964
0.0420674
-0.0041186
-0.0375928
-0.0443101
-0.0004520
0.0135749
-0.0261461
-0.0306017
0.0125223
0.0432860
0.0135603
0.0183447
-0.0056453
-0.0202651
0.0582729
0.0407811
0.0387070
0.0258227
-0.0205335
0.0482824
-0.0578330
-0.0497979
-0.0418388
-0.0202458
-0.0029851
0.0482973
-0.0200698
0.0560431
0.0197491
-0.0415358
0.0297718
-0.0200134
0.0367336
0.0165405
0.0442803
0.0307467
-0.0023684
-0.0200493
-0.0494080
0.0129797
0.0314278
-0.0640948
-0.0175251
-0.0431968
0.0185900
-0.0019950
-0.0302469
-0.0087422
0.0174829
0.0502034
-0.0363035
0.0329438
0.0085076
-0.0754831
-0.0018249
-0.0058708
-0.0719665
-0.0765471
-0.0410515
0.0125766
0.0780881
0.0312384
0.0230147
0.0234677
0.1129454
0.0547096
-0.0185701
-0.0364787
-0.1454425
-0.1267075
-0.2254553
-0.3233596
-0.2399458
-0.0217625
0.2506232
0.5005817
0.5184454
0.3016602
-0.0872963
-0.2933680
-0.3186039
-0.2365809
-0.1999285
-0.1127257
-0.0219033
0.0102915
0.0402787
0.1161336
0.1567006
0.1345240
0.0587622
0.0048198
-0.0231876
-0.0638619
0.0162684
-0.0885080
0.0086209
-0.0758583
-0.0816580
0.0264423
0.0181363
0.0563335
0.0510078
-0.0038150
-0.0266926
0.0521788
0.0520179
-0.0391584
-0.0271736
0.0220081
0.0296488
-0.0361869
-0.0679677
-0.0718395
0.0103153
-0.0305244
0.0459539
-0.0645283
-0.0369307
0.0531030
0.0704573
-0.0496819
-0.0494600
0.0119508
0.0177251
0.0268346
-0.0439611
0.0042513
0.0481464
-0.0221855
-0.0247214
-0.0238834
-0.0504499
-0.0492279
0.0186258
0.0460556
-0.0529785
0.0524271
-0.0511981
0.0436254
-0.0065274
-0.0605647
0.0049513
0.0036581
-0.0269061
0.0308237
-0.0126794
-0.0537748
0.0309484
0.0147782
-0.0571131
0.0486239
-0.0274993
-0.0547886
-0.0445187
-0.0115661
-0.0121136
0.0201809
0.0293164
0.0391137
-0.0102098
-0.0058075
0.0333562
0.0325014
-0.0433504
0.0164819
0.0012005
-0.0260951
0.0013050
-0.0449646
0.0274867
0.0244773
-0.0147544
0.0717116
-0.0029126
0.0637837
0.0527567
-0.0202394
0.0008732
-0.0431826
-0.0441428
-0.0531022
0.0190173
-0.0591748
-0.0605070
0.0171301
-0.0647446
0.0186935
0.0735283
0.0605922
0.0468330
0.0908054
0.1288265
0.1048548
-0.0094501
-0.0038718
0.0040803
-0.0956775
-0.1982790
-0.2041397
-0.1647776
-0.1111838
0.0191747
0.2525977
0.4534636
0.3988953
0.1653292
-0.0290515
-0.2607529
-0.3367287
-0.2229412
-0.0750748
0.0228378
0.0807630
0.0417234
0.1057989
0.0896056
0.0962044
0.0194999
0.0325600
0.0864510
-0.0287862
-0.0643757
-0.0025852
-0.0199303
0.0065694
-0.0494625
0.0163573
-0.0812925
-0.0217873
-0.0289947
0.0007133
0.0135320
0.0700525
-0.0077300
-0.0360389
-0.0105477
-0.0234197
0.0360698
-0.0023862
0.0293406
-0.0085662
0.0095751
-0.0223799
-0.0054418
0.0105593
0.0451387
0.0605891
-0.0067801
-0.0129671
0.0572467
0.0276133
-0.0404546
-0.0491714
-0.0450136
0.0037721
0.0017620
0.0378783
-0.0542553
0.0551658
-0.0383705
-0.0251176
0.0280535
-0.0281838
-0.0219547
-0.0214060
-0.0411315
-0.0005985
0.0287970
-0.0464446
0.0397709
-0.0286452
0.0335533
-0.0042649
-0.0050743
-0.0590309
-0.0436117
0.0292882
0.0024504
0.0246527
-0.0202342
0.0362462
-0.0421111
0.0594605
-0.0062273
0.0042963
-0.0466239
-0.0270483
-0.0498155
0.0303337
0.0450741
-0.0144764
-0.0464318
-0.0479216
0.0005938
-0.0098910
0.0005901
0.0036782
0.0507134
-0.0396787
-0.0096502
-0.0231015
0.0095850
-0.0186703
-0.0509846
0.0289645
-0.0374468
0.0075491
0.0158215
-0.0279416
0.0215649
-0.0239939
0.0470338
0.0516900
0.0652901
0.0264987
0.1186947
0.0950647
0.1140422
0.0594258
0.0081996
0.0098871
-0.1051213
-0.1156336
-0.2215867
-0.2213406
-0.1265684
0.0398420
0.1874908
0.4067616
0.4419419
0.2727187
-0.0152649
-0.2307133
-0.2959362
-0.2777727
-0.1659108
-0.0968938
-0.0572176
0.0432757
0.0661748
0.1260962
0.0969499
0.0580147
0.0425946
0.0029742
0.0202328
-0.0508536
-0.0639273
-0.0284097
-0.0834175
0.0099935
-0.0058036
-0.0145906
0.0213425
-0.0113087
-0.0168541
0.0472023
0.0830686
0.0673425
-0.0043653
-0.0214159
0.0176703
-0.0364965
0.0395316
-0.0193237
-0.0298732
-0.0814250
0.0140393
-0.0218574
-0.0546539
0.0397996
0.0301583
-0.0169591
0.0439483
0.0198863
-0.0437878
0.0172715
-0.0059771
0.0203152
-0.0202047
0.0377326
-0.0106769
-0.0397191
-0.0591516
-0.0303673
-0.0421071
-0.0078439
-0.0571256
0.0195540
0.0034383
0.0335141
-0.0196300
0.0398969
-0.0391270
-0.0573760
-0.0336887
0.0672743
-0.0294588
-0.0554267
-0.0076939
-0.0157854
-0.0193462
0.0033562
-0.0578168
-0.0275154
0.0263354
0.0357900
0.0344197
0.0181476
-0.0067058
-0.0352870
0.0345411
-0.0018981
-0.0110740
0.0156459
0.0510254
0.0101358
0.0542960
0.0265689
0.0008906
-0.0394286
0.0130742
-0.0266789
0.0521574
-0.0242962
-0.0337796
0.0364539
0.0139773
0.0302964
-0.0462118
0.0495206
-0.0284093
0.0011704
-0.0327874
0.0476617
