-0.0399261
0.0116442
0.0064534
-0.0475477
0.0259330
0.0194403
-0.0214936
-0.0287639
0.0101844
0.0364227
0.0094541
-0.0346178
0.0166957
0.0497020
-0.0306151
0.0433632
0.0616818
0.0568572
0.0522780
0.0071333
0.0060952
0.0277874
-0.0139425
-0.0745817
-0.0000623
-0.0550108
-0.0676942
-0.0243620
0.0799289
0.0024681
0.0906084
0.0591701
0.0276145
0.0653692
0.0676773
-0.0240985
-0.0709346
-0.1203630
-0.2399905
-0.1441975
-0.1142795
0.0987197
0.3019873
0.2783030
0.2954312
0.0583810
-0.0730221
-0.2249158
-0.1738533
-0.1008760
-0.0699382
-0.0017603
0.0326579
0.0712041
0.0990221
0.0304416
0.1053206
0.0886410
0.0298643
0.0281330
-0.0451447
-0.0170467
0.0320166
-0.0220670
-0.0149987
-0.0037020
-0.0185958
0.0299086
0.0359349
-0.0211002
0.0597910
-0.0173014
0.0315268
0.0605786
0.0049293
-0.0195629
-0.0042421
-0.0216669
-0.0610131
-0.0373602
-0.0053951
0.0226063
-0.0430506
0.0246443
-0.0240998
-0.0038030
0.0172231
0.0171953
0.0530635
0.0055457
0.0035693
-0.0266266
-0.0436208
-0.0304342
-0.0099261
0.0305830
0.0158292
0.0266236
0.0078575
-0.0063458
-0.0127796
-0.0177790
-0.0278311
0.0500277
0.0182026
-0.0244981
0.0270548
0.0286290
0.0152600
-0.0053536
0.0029679
-0.0265590
-0.0058053
-0.0118501
0.0201197
0.0057077
0.0250803
0.0306326
-0.0130708
0.0436654
-0.0264534
-0.0489929
-0.0015025
0.0381419
0.0414405
-0.0151161
0.0408960
-0.0046441
-0.0448460
-0.0357024
-0.0451924
0.0480078
0.0525331
0.0289254
0.0222278
0.0143234
0.0365420
0.0475356
-0.0000582
0.0409619
-0.0659598
-0.0608081
0.0351574
-0.0106206
0.0175324
0.0037905
-0.0142320
0.0612289
0.0264587
0.0636931
0.0527154
-0.0198105
0.0244384
-0.0219477
-0.0192181
-0.0376290
-0.0545732
-0.0549864
-0.0337393
-0.0138044
-0.0797066
0.0289462
0.0341274
0.0062056
0.0789129
0.0453358
0.1047934
0.0439811
0.0629086
0.0534241
-0.0461041
-0.1137528
-0.1755154
-0.3394590
-0.3046948
-0.1951173
0.0227175
0.3032059
0.5410290
0.5243729
0.2009057
-0.0904144
-0.3221944
-0.2953336
-0.2199526
-0.1650689
-0.1047000
-0.0020621
0.0324092
0.0667171
0.1501534
0.0620777
0.1252994
0.0388778
0.0542723
0.0741434
0.0235726
-0.0343735
-0.0181452
-0.0820173
-0.0501050
-0.0527951
-0.0306796
-0.0239176
-0.0555472
0.0038816
0.0331988
0.0401577
0.0009801
0.0667333
0.0632464
0.0560143
-0.0337876
0.0173509
0.0452560
0.0290806
-0.0200634
-0.0574173
-0.0435176
0.0254999
0.0031389
0.0141361
-0.0477411
0.0592658
0.0577908
-0.0397578
-0.0084364
-0.0339327
-0.0245909
0.0031898
-0.0262460
-0.0651034
-0.0586429
-0.0243932
0.0287134
-0.0079958
0.0075018
-0.0110979
0.0185751
0.0200351
0.0014141
-0.0150591
-0.0257879
-0.0110513
-0.0520657
0.0091872
0.0059420
-0.0592996
-0.0357099
0.0011908
-0.0217324
0.0054866
-0.0098857
0.0190520
-0.0276203
0.0534020
-0.0259438
0.0434484
-0.0385745
-0.0227417
-0.0280172
0.0301989
0.0015629
-0.0257989
-0.0193590
0.0029435
-0.0023817
-0.0339379
0.0108947
-0.0055205
0.0600395
0.0529074
0.0443385
0.0139593
0.0417971
0.0526752
0.0332239
-0.0392587
0.0064623
-0.0053674
0.0126014
-0.0270853
0.0433444
0.0515541
0.0123243
0.0017481
-0.0134297
0.0428932
0.0067059
0.0544954
0.0131643
0.0263232
0.0262386
0.0387477
0.0278300
0.0276595
-0.0148144
-0.0338423
-0.0034007
-0.0098597
-0.0118690
-0.0115483
0.0204849
-0.0340926
-0.0375967
0.0309040
0.0485003
0.0451381
0.0330581
-0.0190394
0.0189404
-0.0420529
0.0218489
0.0289052
0.0111291
-0.0096793
0.0050717
0.0014051
0.0341990
-0.0037354
-0.0160975
0.0117851
-0.0331675
0.0224256
-0.0063744
-0.0380299
-0.0343559
-0.0447889
0.0474298
-0.0167205
-0.0361176
0.0466460
0.0228868
-0.0366787
-0.0334920
-0.0520874
0.0344795
-0.0404425
0.0139586
-0.0259065
0.0065670
-0.0326604
-0.0018881
0.0228052
0.0018658
-0.0146269
-0.0336846
-0.0141724
0.0231848
0.0325162
0.0395958
0.0488947
-0.0253214
-0.0432734
-0.0294861
0.0068025
0.0057034
0.0382253
0.0062783
-0.0372490
0.0327770
-0.0272104
0.0352702
0.0259628
-0.0247534
-0.0471298
-0.0368682
0.0282231
-0.0519907
0.0474525
-0.0386671
0.0064640
0.0151174
0.0318741
-0.0088450
-0.0181522
-0.0458689
0.0190105
-0.0016901
0.0215677
-0.0222215
0.0006834
0.0357624
-0.0180334
-0.0387582
-0.0015060
-0.0328911
-0.0522007
-0.0254390
0.0508644
-0.0131728
0.0109749
0.0480138
0.0284206
0.0030260
0.0017895
-0.0335569
-0.0312027
-0.0190126
-0.0457575
-0.0057080
0.0612184
-0.0321624
0.0230927
0.0359838
-0.0162982
0.0275425
0.0251421
-0.0402303
-0.0013054
-0.0513348
-0.0399074
-0.0430164
-0.0255405
0.0325385
-0.0522286
-0.0233736
0.0355853
0.0268129
0.0366248
0.0078665
0.0101463
-0.0203553
0.0382451
-0.0494706
0.0042705
-0.0406495
0.0410920
0.0437167
-0.0479825
-0.0454696
0.0496171
0.0388440
0.0184180
0.0363142
0.0447820
0.0013003
-0.0211062
-0.0203001
0.0502072
0.0324955
0.0350023
0.0064194
0.0105308
0.0222442
0.0489482
-0.0214615
0.0540858
-0.0493352
-0.0533911
-0.0430737
0.0155856
0.0207629
-0.0380156
-0.0343544
-0.0230167
-0.0266187
-0.0040144
0.0076837
-0.0203805
0.0120803
0.0179963
0.0046142
0.0424965
-0.0408700
0.0016840
0.0381052
-0.0259676
0.0216860
0.0087523
-0.0339438
-0.0425645
-0.0273583
-0.0523343
0.0009792
-0.0079709
0.0514178
-0.0257719
-0.0436806
0.0460608
-0.0399015
0.0311771
0.0359616
-0.0474632
0.0207562
-0.0004301
-0.0292857
-0.0171312
-0.0295706
0.0531602
-0.0268725
0.0315589
-0.0059621
-0.0313359
-0.0348306
-0.0054520
-0.0039170
-0.0152380
0.0009815
0.0582631
0.0174329
-0.0315781
0.0465921
-0.0521201
-0.0089858
0.0042351
-0.0503648
-0.0560301
0.0089784
0.0155267
-0.0090959
0.0389259
0.0347768
0.0313453
0.0316985
-0.0466244
-0.0217441
0.0039118
-0.0102965
0.0009000
0.0265718
-0.0455193
-0.0147955
-0.0365263
0.0294538
0.0213005
-0.0272417
0.0430937
-0.0474947
-0.0084462
-0.0043276
0.0605815
0.0444186
0.0329817
0.0047398
0.0300188
0.0391246
-0.0304995
-0.0854511
-0.2136183
-0.1793607
-0.1010748
0.0172619
0.1837214
0.2110436
0.1834578
0.0533751
-0.0112193
-0.0929220
-0.1660327
-0.1543343
-0.0442450
-0.0525606
-0.0277268
-0.0079795
-0.0009867
0.0103308
0.0419065
0.0349101
-0.0172966
-0.0080226
-0.0377119
-0.0191711
-0.0023473
0.0015725
-0.0073960
-0.0071814
0.0288802
-0.0238061
0.0387705
-0.0362331
0.0419562
0.0422399
-0.0002045
0.0539415
-0.0372948
-0.0445072
0.0355060
0.0266043
-0.0257789
-0.0395696
-0.0148905
0.0353884
-0.0476691
-0.0461138
-0.0434987
-0.0074939
-0.0242227
-0.0138489
-0.0022361
0.0509470
-0.0272100
-0.0304053
0.0185385
-0.0202097
0.0283014
-0.0409165
-0.0333071
-0.0041854
0.0029686
0.0467048
0.0195710
-0.0217462
-0.0339716
-0.0234954
-0.0266196
0.0016272
-0.0193273
0.0199413
-0.0027232
0.0409384
-0.0208388
0.0301934
-0.0223896
-0.0352398
-0.0410528
-0.0485861
0.0429229
0.0353984
0.0297248
0.0472334
0.0240646
-0.0238017
0.0323100
-0.0326345
0.0026192
0.0414180
0.0106698
-0.0557834
-0.0408113
-0.0330311
-0.0032363
-0.0487598
0.0329096
0.0208947
0.0147332
-0.0124097
0.0022752
-0.0085998
-0.0544797
0.0233057
0.0246394
-0.0469557
-0.0464543
0.0249697
0.0348215
0.0086244
-0.0034982
-0.0060870
0.0101653
0.0301203
0.0139770
0.0368681
0.0094124
-0.0124619
0.0198605
-0.0254266
-0.0513070
0.0490004
0.0276792
0.0234051
0.0411250
0.0134814
-0.0209887
-0.0511087
-0.0442197
-0.0459330
-0.0072265
0.0208805
0.0035749
0.0495172
-0.0392548
0.0496500
-0.0260855
0.0547387
-0.0448505
-0.0331223
0.0221245
-0.0019417
-0.0478599
-0.0213293
0.0091993
0.0213269
0.0349841
-0.0379704
0.0525527
0.0082233
-0.0493463
-0.0335114
-0.0448446
0.0223819
0.0163713
0.0388571
0.0218242
-0.0075951
0.0235534
-0.0090064
0.0545591
0.0495586
-0.0400781
-0.0144316
0.0278141
-0.0323379
0.0450297
-0.0461120
0.0525195
0.0320967
0.0189273
-0.0073899
0.0002938
0.0212295
0.0000198
-0.0381716
0.0406363
0.0282892
0.0458101
0.0246496
0.0494192
0.0556640
-0.0330662
-0.0156564
-0.0203285
-0.0217644
0.0214764
-0.0106364
0.0037565
-0.0003121
0.0577617
-0.0308478
0.0470731
-0.0470948
-0.0363720
0.0136759
0.0034596
-0.0520464
0.0245490
-0.0205256
0.0360894
-0.0350940
0.0438776
-0.0091216
0.0466683
0.0607614
-0.0429160
-0.0365599
0.0375862
0.0088119
0.0182445
-0.0204893
0.0354640
-0.0218515
0.0028411
-0.0296571
0.0502249
0.0284731
0.0367240
0.0110636
0.0281481
0.0579965
-0.0182307
0.0391325
0.0100745
-0.0087505
0.0344820
0.0238327
-0.0157182
-0.0435635
-0.0028905
0.0441687
-0.0457374
-0.0233983
0.0366813
-0.0035298
0.0161367
0.0412007
-0.0249630
0.0453672
0.0715845
0.0591244
0.0404417
0.0380491
-0.0084675
0.0054730
0.0322973
0.0280874
0.0180470
0.0121000
-0.0157595
0.0081081
0.0319529
0.0548001
0.0588759
0.0320220
0.0306380
0.0645067
0.0801547
0.0453017
-0.0038771
-0.1022387
-0.1218380
-0.2423963
-0.1680508
-0.0815135
0.1023953
0.2545789
0.2833718
0.2851910
0.1820450
-0.0445244
-0.1877069
-0.2125188
-0.1738656
-0.1085713
-0.0135446
-0.0397822
0.0414428
0.0152600
0.0758277
0.1017520
0.0827599
0.0224805
0.0472451
0.0563317
-0.0124296
0.0251765
-0.0595150
0.0178168
-0.0060181
-0.0139217
0.0114161
-0.0041480
-0.0271777
-0.0035150
0.0160337
0.0365361
-0.0347906
0.0278222
0.0264626
0.0430902
-0.0527462
0.0371262
0.0000434
0.0269509
0.0303890
0.0410244
-0.0169167
0.0256447
-0.0290328
0.0060490
-0.0328550
0.0402121
-0.0446254
-0.0212835
0.0050719
0.0563479
0.0133429
-0.0342296
0.0426890
-0.0532884
0.0014144
-0.0031743
-0.0517463
0.0316415
0.0297165
0.0101334
-0.0218016
0.0233664
-0.0186237
-0.0475761
0.0026292
0.0342361
-0.0384021
0.0470689
0.0492064
-0.0118371
-0.0086300
0.0204233
0.0214200
-0.0339841
0.0173698
-0.0279875
0.0537084
-0.0218356
-0.0079947
0.0376741
-0.0261774
-0.0262542
-0.0056089
-0.0140273
0.0362118
-0.0335304
-0.0439039
0.0252393
0.0295875
-0.0394013
-0.0456964
0.0072141
0.0331889
0.0556756
-0.0118833
0.0237389
-0.0217007
0.0155916
-0.0128632
0.0421159
0.0042323
0.0007142
-0.0422949
0.0354314
0.0315199
0.0237436
-0.0253901
0.0197452
0.0160906
-0.0238914
-0.0370617
0.0162653
0.0059245
-0.0161689
0.0079531
0.0674303
0.0601505
0.0527981
0.0100060
0.0106037
-0.0357406
-0.0061540
-0.0180130
-0.0407991
-0.0480018
-0.0405448
-0.0336452
-0.0732334
-0.0188319
-0.0021160
0.0387137
0.0775285
0.0626878
0.0425107
0.0428308
0.0494117
0.0303261
0.0000763
0.0239827
-0.1241784
-0.1763762
-0.2502887
-0.2625888
-0.1797603
-0.0101866
0.2350923
0.4065909
0.3810109
0.2954722
0.0529741
-0.1979435
-0.2785611
-0.1916070
-0.1342585
-0.1134595
0.0164019
-0.0339667
-0.0010334
0.0514297
0.0624641
0.0595508
0.1024991
0.0840176
0.0491625
-0.0365697
0.0344359
-0.0364443
-0.0463869
-0.0972914
-0.0439894
0.0059609
-0.0175559
-0.0038529
0.0372531
0.0145096
0.0290790
-0.0179711
0.0452661
0.0296178
0.0231118
0.0083469
-0.0079076
-0.0541152
0.0347147
-0.0218173
0.0362812
-0.0246713
-0.0133809
0.0183457
0.0384682
-0.0242181
0.0077929
-0.0136674
-0.0104613
-0.0274646
-0.0024870
-0.0082597
-0.0110338
-0.0430129
-0.0091104
0.0303179
-0.0482152
-0.0022634
0.0386818
-0.0359125
0.0141395
0.0091330
0.0479669
0.0224513
0.0319539
0.0182884
-0.0222666
-0.0428008
-0.0179947
0.0391784
0.0071957
0.0306840
-0.0008779
0.0248415
0.0329387
0.0096372
0.0270108
0.0204467
-0.0236347
0.0488834
0.0177234
-0.0237408
-0.0348475
-0.0360868
-0.0537794
-0.0025864
-0.0042296
-0.0207221
0.0372254
0.0473026
0.0146899
0.0678406
0.0399335
-0.0194224
0.0043036
0.0127040
-0.0035251
0.0480164
-0.0248495
-0.0086727
-0.0160342
0.0251267
0.0041011
0.0553138
-0.0437681
-0.0287346
-0.0187842
-0.0444847
-0.0108045
0.0193433
-0.0371340
-0.0107319
-0.0146709
-0.0623296
-0.0532257
-0.0483468
0.0194036
0.0485216
-0.0404770
-0.0143071
-0.0233377
0.0513566
0.0183451
0.0209791
-0.0208387
0.0089234
-0.0267381
-0.0422360
-0.0154288
0.0051737
-0.0083405
-0.0530406
-0.0282218
0.0378758
-0.0254037
-0.0084159
-0.0235273
-0.0241243
0.0523838
-0.0266315
0.0377749
0.0032915
0.0465008
-0.0020471
0.0215643
0.0244984
0.0110101
-0.0230703
0.0473956
-0.0141550
0.0234472
-0.0018279
-0.0265505
-0.0369633
0.0310230
0.0327881
0.0448970
0.0245163
0.0030219
-0.0377981
0.0354738
-0.0343642
-0.0000750
0.0141382
-0.0079014
0.0354853
0.0332260
0.0382516
0.0494140
0.0435297
0.0075850
-0.0501735
0.0081461
-0.0217800
-0.0414615
-0.0496198
0.0314772
0.0271135
-0.0057442
0.0243392
-0.0145833
-0.0501188
-0.0392750
0.0433118
0.0401992
0.0517121
0.0420471
0.0092214
-0.0329099
-0.0460723
-0.0214057
0.0299239
0.0387895
0.0025287
0.0146807
-0.0326675
0.0201512
-0.0389007
0.0289675
0.0111872
0.0477467
-0.0120889
-0.0025737
0.0345563
0.0354456
-0.0505338
0.0401849
0.0192152
-0.0265247
0.0190914
-0.0080568
-0.0294799
-0.0095007
0.0086571
0.0200264
-0.0428107
-0.0029776
-0.0451355
-0.0138860
-0.0407413
0.0081451
0.0089094
0.0429397
-0.0445055
0.0296622
0.0302981
-0.0304702
0.0093061
-0.0545870
-0.0019610
0.0506609
0.0196955
-0.0486105
-0.0378244
-0.0420108
0.0284684
-0.0324592
0.0178760
-0.0347087
0.0446798
0.0053181
0.0006728
0.0233392
-0.0085204
0.0111127
-0.0016680
0.0188266
-0.0381802
0.0121391
-0.0156584
-0.0436568
0.0511605
0.0477327
-0.0229971
-0.0129272
0.0035991
-0.0474730
0.0541427
0.0044640
-0.0195491
0.0201399
-0.0296702
-0.0093023
-0.0123323
0.0116943
0.0352954
-0.0610525
-0.0057623
0.0446134
-0.0160818
-0.0380614
0.0523934
-0.0431866
-0.0124474
-0.0485416
0.0020886
0.0127926
-0.0526442
0.0422057
-0.0351026
-0.0350402
-0.0275043
0.0041985
-0.0474831
-0.0303014
0.0117709
-0.0412635
-0.0201947
0.0586610
0.0567769
0.0201522
0.0515348
0.0096984
0.0029252
0.0229189
0.0480645
-0.0275534
-0.0151591
-0.0403455
0.0251592
