0.0463951
-0.0027142
-0.0389175
0.0648536
-0.0390557
-0.0131502
-0.0103070
0.0499981
-0.0181895
-0.0145724
0.0348499
-0.0611190
-0.0617242
-0.0276963
-0.0171177
-0.0409218
-0.0485286
0.0096712
-0.0501608
-0.0380404
-0.0359313
-0.0176902
0.0737866
0.0061481
0.0742217
0.0852007
0.0792012
0.0170988
-0.0279448
-0.0417375
-0.1548127
-0.1628390
-0.1778853
-0.0445124
0.0141900
0.2374864
0.2402877
0.2675943
0.1512128
-0.0773857
-0.1494492
-0.2249702
-0.1057528
-0.0173230
-0.0263707
0.0315359
0.0169006
0.0443287
0.0387069
0.0927538
0.0763446
-0.0241678
0.0263394
-0.0249141
-0.0052898
-0.0660986
-0.0243752
-0.0787026
-0.0559773
-0.0622963
-0.0602058
-0.0018137
0.0220690
0.0301230
-0.0001650
0.0424405
-0.0381278
0.0507843
0.0112977
0.0024680
0.0111477
0.0324600
-0.0285292
0.0232681
0.0143165
-0.0279769
-0.0149463
0.0459592
-0.0361725
0.0191317
0.0298690
0.0311348
-0.0520393
-0.0536156
-0.0262149
0.0676290
-0.0151187
-0.0374141
-0.0499342
0.0425611
-0.0244720
-0.0132128
-0.0492729
0.0200156
0.0353444
-0.0572183
-0.0073645
-0.0057465
0.0139971
0.0487308
-0.0339270
0.0185146
-0.0429756
0.0016743
-0.0302019
0.0489325
0.0506075
0.0017681
-0.0033142
0.0232450
0.0425404
0.0437973
-0.0335964
-0.0111871
-0.0001125
0.0459660
0.0051688
0.0090964
-0.0260677
-0.0380821
0.0035346
0.0322430
-0.0435598
0.0359688
-0.0073124
-0.0447302
-0.0109729
-0.0006852
0.0447734
-0.0303981
0.0006176
0.0352840
0.0346323
-0.0215235
0.0394630
-0.0050578
-0.0221101
0.0293403
0.0129896
-0.0262525
0.0352414
0.0604521
0.0368005
-0.0252667
0.0451249
0.0140285
0.0520721
0.0430666
-0.0484312
-0.0182752
0.0517935
-0.0291200
-0.0246510
0.0222799
0.0388884
-0.0554835
0.0316862
0.0253890
-0.0063298
-0.0388429
-0.0157014
-0.0266970
-0.0553618
0.0123509
0.0045268
0.0104590
0.0192287
0.0399298
-0.0490832
-0.0383110
-0.0502340
-0.0462878
-0.0232540
-0.0512117
0.0319997
0.0426049
0.0311118
0.0011430
-0.0542566
0.0530536
-0.0061461
0.0487160
-0.0492497
0.0167657
0.0341765
-0.0205258
-0.0367137
0.0420726
0.0415574
-0.0463282
0.0037894
0.0092517
-0.0085687
-0.0597523
-0.0051568
0.0244574
-0.0167363
-0.0501351
-0.0320824
0.0444943
-0.0092496
0.0305700
0.0062152
0.0522423
-0.0407159
0.0335397
-0.0038989
-0.0055039
-0.0238497
-0.0198676
-0.0239367
0.0007568
-0.0809123
-0.0657899
-0.0389449
-0.0353604
0.0320942
0.0755780
0.0498290
0.0337403
0.0249318
0.0320416
0.0057086
0.0267450
-0.1008995
-0.0951913
-0.1686149
-0.2533619
-0.1861197
0.0430537
0.2075745
0.2568213
0.3375794
0.2574634
0.0546889
-0.1137465
-0.1847517
-0.2284570
-0.0693456
-0.0063525
-0.0565034
-0.0370948
0.0525547
0.0065961
0.0298342
0.0742331
0.0131024
0.0157145
-0.0214459
-0.0548360
-0.0328811
0.0075152
-0.0461396
-0.0648772
-0.0397352
-0.0749833
-0.0014953
0.0410419
-0.0431852
0.0082512
-0.0285344
0.0521246
-0.0250510
-0.0139467
0.0369201
-0.0181950
-0.0460233
-0.0029081
-0.0634088
-0.0017469
-0.0480209
-0.0539563
0.0398175
0.0099816
-0.0477606
-0.0486034
0.0336741
-0.0444796
0.0165288
-0.0112214
-0.0156463
0.0385598
0.0041635
-0.0545519
-0.0359027
0.0441515
-0.0476281
0.0008749
-0.0134787
-0.0008171
0.0279272
-0.0224027
-0.0497717
-0.0088489
0.0363362
0.0585793
-0.0051424
0.0155177
-0.0010611
-0.0529107
-0.0560884
0.0200477
0.0496223
0.0249631
-0.0449218
-0.0198394
0.0169405
0.0483300
0.0436506
0.0015219
0.0075765
-0.0194021
0.0269771
-0.0206145
0.0061338
0.0246143
-0.0088661
0.0134482
0.0072206
-0.0205836
0.0347881
0.0144837
-0.0396118
0.0243080
-0.0214610
0.0232926
-0.0365255
-0.0154803
-0.0292605
-0.0226020
-0.0386177
-0.0000958
0.0358522
0.0156293
0.0345875
0.0401336
-0.0327570
-0.0143813
-0.0194834
0.0015637
-0.0175324
-0.0381135
0.0358622
-0.0288418
-0.0119365
0.0595169
0.0700704
0.0754081
-0.0226642
-0.0011140
-0.0249965
0.0133009
-0.0157668
-0.0501216
-0.0878383
-0.0904904
-0.0586148
0.0034248
-0.0128093
0.0577559
0.0469487
0.0864228
0.1116913
0.1612058
0.1273294
0.0399831
0.0626046
-0.0559574
-0.1831273
-0.2683904
-0.3121856
-0.3039061
-0.1715106
0.1534880
0.4330298
0.6352842
0.5457876
0.1950770
-0.1802424
-0.3778944
-0.3749390
-0.3058939
-0.1379506
-0.0775285
-0.0340157
0.0154153
0.1074773
0.0768794
0.0899225
0.1312349
0.0399007
0.0881652
-0.0310130
-0.0551402
-0.0483148
-0.0053877
-0.0372756
-0.0797298
-0.0721342
-0.0229151
0.0255967
0.0600440
0.0400582
0.0358417
0.0098003
0.0631521
0.0690937
-0.0355231
0.0040802
-0.0155613
0.0380224
-0.0569848
-0.0149276
0.0116024
-0.0317902
-0.0509564
-0.0252275
-0.0294872
0.0302307
0.0544934
-0.0378294
0.0485157
0.0217114
0.0274383
0.0489029
0.0340503
0.0154287
-0.0321478
-0.0422496
-0.0174505
-0.0635095
-0.0627568
-0.0506915
-0.0255736
0.0471674
-0.0222998
0.0456069
0.0529122
0.0208368
-0.0488764
-0.0005422
0.0283817
-0.0071005
-0.0284942
-0.0284814
0.0494210
0.0446138
0.0495172
0.0380792
0.0507179
-0.0218820
0.0527421
-0.0054558
-0.0219469
-0.0432456
-0.0471406
-0.0207001
-0.0405812
-0.0204460
-0.0495623
-0.0471270
0.0218743
0.0422699
0.0263893
0.0337528
-0.0487999
-0.0242070
0.0091547
0.0058626
0.0317734
0.0534039
0.0279989
0.0565381
-0.0436752
0.0216135
-0.0337959
0.0008077
-0.0395207
0.0135743
-0.0219390
-0.0440144
0.0400831
0.0210944
-0.0052062
0.0479569
0.0348664
-0.0526821
0.0242368
-0.0200003
-0.0311204
-0.0333240
0.0470882
0.0078232
-0.0218871
-0.0170331
0.0497792
0.0096803
-0.0155390
-0.0501449
0.0071181
0.0237393
0.0291124
0.0031106
0.0038108
0.0078286
-0.0489033
0.0289096
-0.0453650
-0.0206179
0.0217064
-0.0237128
0.0177210
0.0415790
0.0391100
0.0242448
0.0030537
0.0056285
0.0048226
-0.0108073
0.0185527
0.0196511
0.0565395
0.0435717
-0.0156656
0.0487072
-0.0074514
0.0565775
0.0189027
-0.0455483
-0.0011942
-0.0114335
0.0286493
-0.0228182
0.0595146
0.0054858
0.0545198
-0.0239934
-0.0347657
-0.0407228
0.0010685
0.0446675
0.0006260
0.0484926
-0.0029114
-0.0225001
-0.0066042
-0.0178809
0.0502675
0.0159107
0.0016690
0.0002646
-0.0388691
0.0080623
0.0457788
-0.0359337
0.0008507
0.0177642
-0.0138898
0.0245265
0.0080703
0.0222689
0.0482112
-0.0488958
-0.0497600
-0.0204013
-0.0163136
0.0485653
-0.0419657
0.0140773
0.0279777
-0.0166698
0.0527704
0.0034901
0.0443849
0.0540146
-0.0417464
-0.0440438
-0.0396923
-0.0560438
-0.0115178
0.0044546
-0.0429398
-0.0147975
0.0010886
-0.0575330
-0.0551260
-0.0065560
-0.0134670
0.0317188
0.0280890
-0.0195108
0.0053349
0.0600517
0.0088910
0.0352951
-0.0219588
-0.0606790
-0.0435442
-0.0804371
0.0044542
-0.0251789
0.0187811
-0.0242185
0.0565582
0.0840949
0.0318308
0.0416184
0.0250198
0.0899505
0.0032499
0.0402823
-0.0925126
-0.1263404
-0.1990701
-0.2078340
-0.1643216
0.0602135
0.2212172
0.3069899
0.2858992
0.1224623
-0.0175661
-0.1559485
-0.1466711
-0.1913745
-0.0714167
-0.0087088
-0.0557772
0.0601589
0.0561753
0.0124273
0.0592446
0.0831691
0.0403331
-0.0266513
0.0654872
-0.0274119
0.0184341
-0.0520815
-0.0754477
-0.0184779
-0.0395525
-0.0422115
-0.0528786
-0.0374461
-0.0106165
-0.0172461
-0.0242238
0.0664153
-0.0041321
0.0576507
-0.0457900
0.0359701
-0.0310064
0.0312537
-0.0100772
-0.0493102
-0.0110932
0.0427858
-0.0440346
0.0190549
-0.0210634
0.0058755
-0.0007212
-0.0130026
-0.0517585
-0.0426224
0.0331620
0.0132136
0.0199142
-0.0229814
-0.0302037
-0.0146474
-0.0521754
0.0101808
0.0054662
0.0123842
-0.0225688
-0.0515044
-0.0097103
0.0475640
-0.0232243
-0.0280809
-0.0255342
-0.0112532
-0.0395894
0.0120676
0.0202674
0.0201621
0.0191875
0.0443771
-0.0147190
0.0412014
0.0142293
-0.0017517
-0.0491730
0.0425180
-0.0193516
-0.0168628
-0.0158187
0.0502916
0.0511376
-0.0127798
0.0040916
-0.0256958
-0.0400277
0.0169996
-0.0073491
0.0378357
0.0439098
0.0445873
0.0383633
0.0464103
0.0119696
0.0108145
0.0229364
-0.0001897
0.0257147
-0.0172674
-0.0074197
-0.0099957
0.0090273
-0.0055628
-0.0081359
-0.0405811
0.0536805
-0.0015958
-0.0469579
-0.0435951
0.0124129
-0.0569635
-0.0241605
-0.0008181
-0.0497310
-0.0211339
-0.0064636
-0.0040030
-0.0483568
0.0202266
0.0402012
-0.0559850
-0.0539169
-0.0509482
0.0174659
0.0257384
-0.0090446
0.0340870
-0.0424743
-0.0419289
0.0126420
0.0017528
-0.0445127
-0.0169271
-0.0115135
0.0219057
-0.0386012
0.0044465
-0.0155037
0.0240305
0.0028583
-0.0450274
-0.0091257
0.0385106
-0.0497411
0.0188844
-0.0362549
0.0164974
-0.0156036
0.0560491
0.0479268
-0.0315826
0.0337094
0.0022931
0.0305350
0.0231599
-0.0181837
0.0028113
-0.0056431
0.0309012
0.0377449
0.0301136
-0.0089528
-0.0165784
0.0679658
-0.0004261
-0.0412718
-0.0415379
0.0365585
-0.0002108
0.0291398
-0.0366648
-0.0112403
-0.0390544
-0.0052744
-0.0005010
0.0044920
-0.0287220
0.0257052
0.0884110
0.0153110
0.1087456
0.0211895
0.0815173
0.0644323
-0.0455667
-0.0445600
-0.1720528
-0.1766396
-0.2016216
-0.1305350
0.0632689
0.2118653
0.2926533
0.2860288
0.0907216
-0.0191590
-0.1332850
-0.1873423
-0.1808683
-0.0827510
-0.0648310
-0.0530339
0.0075940
0.0340683
0.1139398
0.0159592
0.0163031
0.0829646
-0.0139359
-0.0114386
0.0406624
-0.0386877
-0.0125356
0.0153910
-0.0092759
0.0093962
-0.0502043
-0.0216983
0.0110280
-0.0146905
0.0024965
0.0508787
-0.0162843
-0.0252145
0.0566651
-0.0207222
-0.0222501
0.0113532
-0.0464018
0.0187628
-0.0598753
0.0208233
-0.0550990
0.0288651
0.0316307
0.0510180
-0.0345494
-0.0120723
-0.0204168
-0.0076126
-0.0529269
-0.0215838
0.0006968
0.0052883
0.0167391
0.0374722
-0.0350691
-0.0213260
0.0035564
-0.0002778
-0.0135843
0.0006433
0.0154887
-0.0475901
0.0344124
-0.0218161
-0.0430196
-0.0235606
-0.0046954
0.0266613
0.0185137
0.0514600
0.0340126
-0.0424899
-0.0214184
-0.0258112
0.0434737
-0.0512963
0.0261185
0.0325483
0.0139192
0.0529691
0.0232122
0.0223139
-0.0006557
-0.0132646
0.0081019
-0.0410835
-0.0205714
-0.0244375
-0.0348251
-0.0205892
-0.0264976
-0.0462148
0.0375062
-0.0400105
-0.0247258
0.0111164
0.0409564
0.0042003
-0.0297011
0.0316649
0.0151105
0.0066630
-0.0191494
0.0172270
-0.0437307
0.0129930
-0.0177854
-0.0132292
0.0280121
-0.0557820
-0.0474668
0.0149688
-0.0361955
0.0260803
-0.0444530
0.0245392
-0.0294196
0.0513805
0.0233675
-0.0070161
0.0082039
-0.0105020
0.0396887
0.0541747
-0.0121246
-0.0537425
-0.0375995
-0.0158759
-0.0563856
0.0223439
-0.0493280
0.0391799
-0.0209085
0.0199140
0.0237295
0.0012918
-0.0315408
0.0490007
-0.0159062
-0.0523844
0.0267214
0.0330760
-0.0415996
-0.0253480
-0.0272268
-0.0233370
0.0277720
-0.0323655
0.0222530
0.0157949
0.0446450
-0.0205148
0.0068846
0.0513829
0.0362540
-0.0551190
0.0383763
0.0037408
0.0239053
0.0402249
-0.0051012
0.0463366
0.0534061
-0.0258358
0.0544916
0.0023023
0.0489997
0.0206312
-0.0263839
0.0161176
-0.0399850
-0.0119823
-0.0150286
-0.0080085
-0.0657355
0.0075987
-0.0354575
-0.0402872
-0.0202163
0.0530391
0.0068848
0.0312347
0.0309976
0.0299749
0.0794957
0.0708958
0.0612639
-0.0362767
-0.0913835
-0.2170258
-0.2642598
-0.1440062
-0.0595846
0.1791674
0.2488249
0.3379505
0.2068616
0.1236365
-0.0580873
-0.2542367
-0.2266626
-0.1241374
-0.0475117
0.0057751
0.0325483
0.0761053
0.0124443
0.0137686
0.0906774
0.0629725
-0.0170762
0.0700081
-0.0237394
-0.0064178
0.0143683
0.0003364
-0.0149448
0.0062065
-0.0125917
0.0242715
0.0361401
0.0241607
-0.0102938
0.0615223
0.0128075
0.0446218
0.0516681
-0.0069421
-0.0179669
-0.0345596
-0.0452212
0.0002114
-0.0381021
-0.0010918
0.0442772
-0.0066777
0.0256378
-0.0448766
0.0135850
0.0297156
-0.0042016
0.0360105
0.0144182
0.0535002
0.0010921
-0.0457788
0.0326441
0.0004736
-0.0078244
-0.0489345
0.0488393
0.0099686
-0.0228424
0.0435603
-0.0188763
0.0001305
-0.0017847
-0.0446095
-0.0570011
-0.0468364
-0.0301857
0.0032930
-0.0215103
-0.0042663
0.0345971
0.0400253
0.0255224
-0.0298904
0.0154133
-0.0302996
0.0402263
-0.0517900
0.0210867
0.0496345
-0.0186871
-0.0457469
0.0296310
-0.0310634
0.0144885
-0.0061274
0.0528946
0.0252286
0.0500125
0.0105757
0.0251000
0.0141225
0.0200261
-0.0318518
-0.0477296
0.0297207
0.0603729
-0.0044795
-0.0026722
0.0531731
0.0085095
0.0287811
-0.0087625
-0.0507124
-0.0554494
-0.0573249
-0.0139066
0.0281729
0.0035843
-0.0430845
-0.0516338
0.0144907
-0.0187410
-0.0049621
0.0050786
0.0612942
-0.0158460
-0.0212710
0.0640953
-0.0254608
-0.0029973
-0.0337500
-0.0186135
-0.0339945
-0.0118787
-0.0085379
-0.0308609
0.0370670
0.0077873
0.0719744
0.0456702
0.0557896
0.1065945
0.1474036
0.1116102
0.0160485
-0.0260658
-0.1175149
-0.2245980
-0.4085875
-0.3466884
-0.1719408
0.1629770
0.4195644
0.6539890
0.5496673
0.2395183
-0.0842240
-0.3108835
-0.3440277
-0.2794203
-0.1983762
-0.0820893
-0.0266295
0.0334553
0.0869603
0.1399807
0.1544025
0.1113168
0.0571978
0.0380999
0.0195136
-0.0543287
-0.0531539
-0.1001032
-0.0489770
-0.0294667
0.0118975
-0.0292199
-0.0616329
-0.0155227
0.0267562
-0.0003842
0.0328347
0.0554281
0.0325391
0.0601170
0.0683158
-0.0004181
0.0070414
-0.0101207
-0.0172947
0.0261352
0.0110107
-0.0515681
0.0281133
-0.0314583
0.0618425
0.0538783
0.0087100
-0.0403061
0.0109833
-0.0266316
0.0097339
-0.0519412
0.0061111
-0.0034737
0.0371247
-0.0315325
0.0043565
0.0146845
0.0407395
0.0253142
-0.0363140
0.0002414
-0.0392889
0.0183088
-0.0416366
0.0371464
0.0136137
0.0366992
-0.0393026
-0.0101195
-0.0511869
0.0374434
-0.0335460
0.0280223
0.0120826
-0.0175356
-0.0321908
0.0247229
-0.0337941
0.0036185
-0.0062382
-0.0169333
0.0332930
-0.0055745
-0.0377476
0.0266506
-0.0119127
-0.0039867
0.0068743
0.0071802
0.0350627
-0.0401420
0.0276252
0.0238109
-0.0379831
0.0119903
-0.0293211
0.0473345
0.0345234
0.0536604
-0.0570872
