0.0328142
-0.0197631
0.0257745
0.0185509
-0.0339764
-0.0407443
0.0074486
-0.0237563
0.0164593
-0.0176297
0.0292582
-0.0506812
-0.0538904
0.0155426
-0.0384416
-0.0029734
0.0188280
-0.0218129
-0.0486677
-0.0344258
-0.0493565
-0.0257533
-0.0213043
-0.0219156
0.0014732
-0.0151365
0.0496894
0.0456655
0.0504611
0.0181579
-0.0583342
0.0128318
-0.0462106
0.0034974
0.0184447
0.0306890
-0.0077687
0.0038375
-0.0444908
0.0367275
0.0029922
-0.0493120
0.0282202
-0.0264605
-0.0365577
0.0445992
0.0101260
0.0040118
-0.0224300
-0.0436477
-0.0279065
0.0037180
-0.0295433
-0.0024502
-0.0109739
-0.0593463
0.0321785
0.0171422
0.0420819
-0.0386567
-0.0491117
0.0047873
-0.0380615
-0.0174914
0.0278821
0.0082563
-0.0139121
-0.0536509
-0.0054429
-0.0392426
-0.0154405
0.0484252
-0.0056056
0.0147141
-0.0188123
0.0419941
-0.0308596
-0.0387418
0.0396832
0.0363765
-0.0276187
0.0486331
0.0360056
0.0268074
0.0201289
0.0635931
-0.0044263
0.0405467
0.0287657
0.0508548
-0.0103720
0.0236461
0.0104435
-0.0662230
-0.0126504
-0.0369749
-0.0319254
-0.0429316
-0.0237290
0.0279530
0.0702838
0.0570627
0.0217250
0.0570127
0.1050777
0.0017459
0.0412649
-0.0613783
-0.1007717
-0.1696641
-0.2193406
-0.1283586
-0.0099913
0.1545098
0.3040098
0.2750820
0.2113146
-0.0092936
-0.1250105
-0.2142453
-0.1655386
-0.0619092
-0.0437352
0.0099896
0.0160501
0.0817488
0.0621748
0.0367586
0.0814558
0.0421338
0.0246064
0.0021455
-0.0495857
-0.0432390
0.0288753
-0.0355322
-0.0244045
-0.0693220
0.0007141
-0.0540891
0.0339043
0.0316184
0.0265270
0.0317966
0.0338486
0.0625922
0.0494002
-0.0160735
0.0320534
0.0047934
0.0044823
0.0362962
-0.0294707
-0.0289170
-0.0519876
-0.0401847
-0.0330320
-0.0374152
-0.0180434
0.0151521
-0.0084657
-0.0146920
0.0203922
-0.0217835
0.0130894
0.0155676
-0.0120843
-0.0062314
0.0295050
-0.0176512
-0.0388961
-0.0586980
0.0240862
0.0089541
0.0283552
0.0538968
-0.0238954
0.0302301
0.0390440
0.0004369
-0.0397806
0.0160232
-0.0309202
-0.0223432
0.0124141
0.0308712
-0.0009218
0.0098082
-0.0197583
-0.0156963
-0.0117422
0.0340722
-0.0395819
-0.0231397
-0.0397064
0.0182612
-0.0084593
0.0207872
-0.0340347
-0.0330163
-0.0519800
-0.0372095
-0.0139552
0.0010548
0.0201468
-0.0189337
0.0503148
-0.0190908
-0.0507307
-0.0481473
0.0026953
0.0202303
0.0272976
-0.0375130
-0.0233825
-0.0311661
0.0173984
-0.0301783
0.0029091
0.0137946
0.0438790
0.0368331
0.0049767
-0.0100666
0.0431661
0.0301289
0.0415675
0.0020679
0.0206271
-0.0137095
-0.0206489
-0.0326126
-0.0031716
-0.0284933
-0.0386597
-0.0043093
-0.0482929
0.0476878
0.0513243
0.0383159
-0.0392666
0.0510494
-0.0254804
0.0206976
0.0098130
0.0483240
0.0504314
0.0320069
-0.0166929
-0.0164363
0.0324972
-0.0145844
-0.0235101
0.0495355
0.0126705
-0.0089673
0.0425387
-0.0136485
0.0250953
0.0252854
-0.0092862
0.0158489
-0.0130406
0.0432755
-0.0162799
-0.0603340
0.0195324
0.0259211
-0.0182746
-0.0415717
0.0030175
0.0402987
-0.0321359
0.0117170
-0.0500172
0.0118552
0.0026327
-0.0476765
0.0002956
-0.0045247
0.0016510
-0.0584265
0.0015385
-0.0287592
0.0281099
-0.0026774
-0.0496723
-0.0016295
-0.0042316
0.0269410
-0.0014748
-0.0100966
0.0104687
0.0035362
-0.0420537
-0.0141256
-0.0368242
0.0291803
-0.0174086
-0.0269370
0.0406245
0.0397199
0.0392641
-0.0365344
0.0233321
0.0511967
0.0445055
0.0077044
0.0296324
0.0125144
-0.0559075
-0.0033686
-0.0251635
-0.0305036
-0.0265537
-0.0089658
-0.0181106
0.0195791
0.0303514
0.0020795
-0.0165811
-0.0009125
-0.0242270
0.0125440
0.0270592
0.0326219
-0.0385910
-0.0083734
-0.0401689
-0.0077229
-0.0129482
-0.0662583
-0.0162848
-0.0410173
-0.0180809
0.0622183
0.0488776
0.0180799
0.0739365
0.0923945
0.0189556
0.0952898
0.0051407
-0.0480369
-0.0709570
-0.1469490
-0.2676200
-0.1484937
-0.0152210
0.1873651
0.3045556
0.3579532
0.1817532
-0.0069244
-0.1473627
-0.2090809
-0.2070175
-0.1500837
-0.0862749
-0.0360046
-0.0395170
0.0315861
0.0888192
0.0432292
0.0235095
0.0368375
0.0583674
0.0461940
0.0421214
-0.0016215
0.0110149
0.0112870
-0.0584133
-0.0105810
-0.0480972
0.0202847
0.0161108
0.0183151
0.0004723
0.0107986
0.0499304
0.0261748
0.0255631
-0.0018560
-0.0384798
0.0071482
-0.0459743
0.0110927
-0.0117712
0.0221516
0.0322767
-0.0116281
-0.0117914
-0.0075272
0.0518905
-0.0203298
0.0168760
0.0409581
0.0392473
-0.0015215
-0.0215925
0.0478198
-0.0617429
0.0294352
-0.0067338
0.0475939
0.0384120
-0.0437150
0.0294694
-0.0001548
-0.0125850
-0.0267378
0.0574068
0.0243621
-0.0169360
-0.0376448
-0.0347368
0.0508781
0.0357113
0.0195531
-0.0510550
-0.0330410
-0.0451640
0.0086233
0.0560830
-0.0324475
-0.0441347
0.0534624
0.0494692
0.0313259
-0.0208655
0.0421967
-0.0525732
0.0032782
0.0042563
0.0023993
-0.0023206
0.0024054
0.0511408
-0.0376667
-0.0089087
-0.0158274
-0.0319126
0.0045305
-0.0321767
-0.0149928
-0.0441697
0.0050868
-0.0363945
0.0347285
0.0518374
0.0474053
0.0447462
0.0324127
0.0274305
-0.0091233
0.0270765
0.0282425
0.0256419
-0.0542572
-0.0367250
-0.0145260
0.0150375
0.0034085
-0.0238416
-0.0133229
-0.0225217
0.0136525
-0.0285861
0.0258254
0.0452884
-0.0154867
0.0408532
-0.0469353
0.0143390
-0.0053833
0.0250925
0.0130347
-0.0218126
0.0355131
-0.0487600
-0.0445492
-0.0529364
-0.0203677
0.0374021
-0.0427396
0.0296943
0.0342007
0.0088801
0.0397014
-0.0447397
-0.0028078
0.0049929
-0.0377343
0.0176404
0.0519514
-0.0468219
-0.0097849
-0.0196200
-0.0220288
0.0360752
-0.0421311
-0.0479101
-0.0362355
0.0011856
0.0175335
-0.0252163
0.0280474
0.0076845
-0.0129254
0.0192350
0.0345278
-0.0416585
0.0391906
-0.0449982
0.0405733
0.0380310
0.0264466
0.0378475
-0.0362337
-0.0220933
0.0203016
-0.0121516
-0.0322552
0.0040720
-0.0455622
-0.0429727
0.0137384
-0.0035747
0.0028234
0.0167831
0.0104420
0.0137563
-0.0388203
-0.0083224
-0.0337244
-0.0196399
-0.0425917
-0.0544897
-0.0227215
-0.0302699
-0.0312195
0.0312467
0.0360062
-0.0005491
-0.0301412
-0.0167656
-0.0203740
0.0568112
0.0075224
-0.0259736
0.0180454
-0.0119432
-0.0207142
-0.0266413
-0.0128299
-0.0213907
-0.0549007
-0.0581141
0.0463263
0.0265142
0.0026555
0.0081615
-0.0369092
0.0367711
-0.0080432
0.0075590
-0.0153715
0.0424850
0.0480382
0.0350416
-0.0155173
-0.0400115
-0.0064553
-0.0154090
0.0083106
-0.0320536
0.0284355
0.0335763
-0.0077087
0.0122017
0.0251158
0.0404979
0.1128571
0.0969696
-0.0197697
-0.0118658
-0.0323418
-0.1195396
-0.1856624
-0.2229538
-0.1248101
0.0731678
0.3115131
0.3348741
0.2767160
0.0931191
-0.0680280
-0.1772885
-0.1560115
-0.1884647
-0.0290361
-0.0519759
-0.0206903
0.0633587
0.1001572
0.0758687
0.0054783
0.0301910
-0.0090222
0.0585838
0.0212738
-0.0545789
0.0057177
0.0187371
-0.0111506
0.0056571
-0.0628877
-0.0360252
-0.0475041
-0.0296957
-0.0091320
0.0192667
0.0060049
0.0733255
0.0389185
-0.0158826
0.0325568
0.0459794
0.0336486
0.0291668
0.0135476
-0.0240379
-0.0510557
0.0001695
-0.0059760
0.0173885
-0.0143684
-0.0305004
-0.0350914
0.0602961
-0.0153417
-0.0097553
-0.0177451
-0.0129367
-0.0521290
-0.0063383
0.0021486
0.0204524
-0.0314056
0.0397803
-0.0590716
0.0123623
0.0452766
-0.0018010
-0.0147000
0.0058720
-0.0027521
-0.0358873
-0.0133352
0.0423674
0.0364911
0.0342433
-0.0375136
0.0199461
-0.0313093
-0.0460348
0.0153431
-0.0022815
0.0235366
0.0135537
0.0513527
0.0488628
0.0450546
0.0314328
-0.0356787
-0.0001517
0.0457929
0.0442532
-0.0165003
0.0530216
0.0172191
-0.0443328
0.0090860
0.0070550
-0.0434738
0.0365218
0.0300063
0.0075782
-0.0075919
0.0328011
0.0410814
0.0627070
0.0588209
0.0069622
-0.0437508
-0.0248757
-0.0043926
0.0379350
-0.0628211
-0.0425091
-0.0580498
-0.0506162
0.0319080
-0.0088029
-0.0039607
0.0545720
0.0179140
-0.0194982
0.0747814
-0.0229865
0.0603191
0.0174333
0.0230869
0.0068129
-0.0291399
-0.0783434
-0.0680957
-0.0868881
-0.0827555
0.0131185
0.0264898
0.0360119
0.0691057
0.0950301
0.1493651
0.1714251
0.1479948
0.1088810
-0.0315510
-0.0513024
-0.1693786
-0.2454393
-0.3932538
-0.4456249
-0.1805189
0.1623685
0.5469509
0.7189258
0.4932672
0.1452212
-0.2656275
-0.4193021
-0.3741703
-0.2389485
-0.1494140
-0.0919077
-0.0468862
0.0881818
0.1497615
0.1162238
0.1280678
0.1171949
0.0882939
0.0722275
0.0390399
-0.0707624
-0.0809769
-0.0184537
-0.0940682
-0.0043158
-0.0198044
-0.0827433
-0.0413313
-0.0020204
0.0621056
-0.0048823
-0.0187313
0.0090212
-0.0183972
0.0701641
0.0203969
-0.0057176
0.0009968
0.0180272
0.0201152
-0.0377671
0.0385255
-0.0420036
-0.0003187
-0.0281421
-0.0302639
0.0378297
0.0133812
0.0108765
0.0205629
0.0125019
-0.0373044
-0.0018083
-0.0116628
-0.0093236
-0.0055677
-0.0087457
0.0172136
-0.0376804
-0.0205399
-0.0389072
0.0253801
0.0237772
0.0578963
0.0313910
0.0415415
0.0545203
-0.0096920
0.0431763
0.0056812
-0.0061949
-0.0030334
0.0467688
-0.0405053
-0.0301231
0.0012346
0.0191435
-0.0095786
-0.0155013
-0.0371491
-0.0163579
-0.0241714
-0.0324485
0.0441388
-0.0263709
-0.0132061
-0.0414479
0.0131290
0.0026698
-0.0346706
-0.0212942
0.0354874
-0.0064814
-0.0358154
0.0442297
0.0054292
0.0556173
-0.0466182
0.0386738
0.0255759
0.0361467
-0.0079593
-0.0449041
0.0362462
-0.0020567
0.0391758
0.0089234
-0.0041095
-0.0236550
-0.0035905
0.0290120
0.0207105
0.0480696
0.0003093
0.0369165
0.0366520
-0.0179345
0.0174695
-0.0099351
0.0381963
0.0034010
0.0040831
0.0202277
-0.0318610
-0.0087750
-0.0502923
0.0266858
0.0448425
-0.0220660
-0.0217578
0.0206998
-0.0215346
-0.0043254
-0.0148248
0.0090096
0.0278015
-0.0193563
-0.0375009
-0.0108833
-0.0214610
-0.0225404
0.0581554
-0.0266438
-0.0221085
0.0092154
-0.0201012
0.0381830
-0.0385574
-0.0355082
-0.0030543
-0.0157096
-0.0425964
-0.0111000
-0.0349255
-0.0176978
-0.0199582
0.0100031
0.0230472
-0.0530560
0.0083338
-0.0159757
0.0446912
0.0559237
0.0335636
0.0262052
-0.0229405
0.0249102
-0.0051924
-0.0327360
0.0416205
0.0162166
0.0158916
-0.0347481
-0.0306733
0.0087209
-0.0175122
-0.0145645
-0.0509215
0.0303621
0.0139815
0.0399489
-0.0166320
-0.0441443
-0.0172875
-0.0146536
-0.0104505
-0.0289024
0.0389104
0.0214581
-0.0119482
0.0401840
-0.0147966
0.0263657
0.0267958
-0.0477216
0.0076492
-0.0299701
-0.0381918
-0.0329577
-0.0409333
-0.0093064
0.0346368
-0.0095811
0.0172777
-0.0091466
-0.0038959
0.0570357
-0.0271175
0.0060037
-0.0280599
0.0175573
-0.0109286
-0.0442701
0.0006166
0.0347826
-0.0297979
0.0291912
0.0412371
-0.0608859
0.0141115
-0.0350768
0.0257391
0.0346649
-0.0203373
0.0120214
0.0105501
0.0255518
0.0095781
0.0105988
0.0383326
-0.0050975
0.0027483
-0.0517757
-0.0187900
0.0426412
-0.0090212
-0.0020624
0.0544109
0.0488073
0.0372525
0.0294200
-0.0110760
-0.0480509
-0.0366421
-0.0024976
-0.0429588
-0.0430299
-0.0092046
-0.0413447
0.0368596
-0.0219354
-0.0461763
-0.0135538
-0.0039147
-0.0339090
-0.0492802
-0.0296008
0.0351728
0.0080817
0.0452168
0.0134010
-0.0073605
0.0489260
0.0180473
-0.0223822
0.0220305
0.0100003
-0.0321609
-0.0260512
-0.0321597
0.0472079
-0.0392381
-0.0390097
-0.0254373
-0.0569259
-0.0012870
0.0492053
0.0487353
-0.0375317
0.0102606
-0.0319674
-0.0047965
0.0328602
-0.0461340
-0.0462678
0.0018894
-0.0087373
0.0478900
0.0439758
-0.0399739
0.0299251
-0.0019052
-0.0367467
0.0039447
-0.0289795
-0.0463618
0.0219780
0.0060802
0.0462386
0.0284697
-0.0058541
0.0145671
0.0174675
0.0401299
0.0387509
-0.0371357
-0.0594834
-0.0293565
-0.0585481
0.0042130
0.0250644
-0.0134653
0.0091419
0.0101261
-0.0052485
0.0407272
-0.0220636
0.0296749
0.0455183
0.0056137
-0.0392131
-0.0233793
0.0321876
-0.0480010
-0.0810393
-0.0500687
0.0353723
-0.0491145
-0.0293939
0.0393465
0.0085358
0.0471331
0.0102432
0.0012605
0.0770965
0.0246961
-0.0523740
-0.0408453
-0.1043829
-0.1650388
-0.1849833
-0.0981566
0.1055169
0.1922673
0.2703934
0.1745417
0.0303799
-0.0317843
-0.1294638
-0.1980594
-0.0628082
-0.1133854
0.0119832
0.0515738
0.0186800
0.0530385
0.0799484
0.0086431
0.0619138
0.0682042
0.0484288
-0.0383898
-0.0472600
-0.0097424
0.0056785
-0.0095842
0.0285022
0.0026996
0.0312277
0.0138333
-0.0160164
-0.0012851
-0.0104113
-0.0373869
0.0032024
-0.0390592
0.0387673
-0.0318352
0.0545668
-0.0083601
0.0064863
0.0245054
0.0092277
-0.0401318
0.0370141
-0.0028748
0.0144017
0.0570844
0.0475848
-0.0338822
-0.0149698
-0.0321449
0.0262501
0.0444751
0.0476600
0.0245305
0.0049712
-0.0023585
0.0355206
-0.0068692
-0.0213949
-0.0171500
-0.0397136
0.0447534
0.0436242
-0.0063440
0.0261748
0.0293445
-0.0003742
0.0150487
-0.0419641
-0.0244750
0.0067356
-0.0090574
-0.0407214
-0.0292165
-0.0219224
-0.0161515
0.0037946
-0.0457495
0.0245321
0.0410982
-0.0125915
0.0095113
0.0170353
0.0027391
-0.0369430
0.0538075
-0.0144255
0.0515961
-0.0069558
0.0163425
-0.0409745
0.0476649
-0.0168500
0.0368402
0.0393842
-0.0013191
-0.0390102
-0.0388397
-0.0070601
-0.0088055
-0.0108547
0.0320384
-0.0107459
0.0452938
-0.0376758
0.0130727
0.0429213
-0.0029759
0.0294745
0.0096728
-0.0528580
-0.0412159
-0.0465252
-0.0065790
-0.0386926
0.0468849
-0.0266960
-0.0082833
-0.0119404
0.0393902
0.0480154
0.0286559
-0.0234545
0.0513501
0.0131147
0.0251166
0.0293807
-0.0174308
-0.0404120
-0.0477338
0.0147603
-0.0456470
-0.0489356
-0.0050913
-0.0416574
0.0276677
0.0313005
-0.0274989
-0.0134340
-0.0588674
-0.0265609
-0.0094294
-0.0274217
0.0099915
0.0048836
-0.0450782
0.0036428
-0.0415126
-0.0064887
-0.0470996
0.0198756
-0.0161283
-0.0547546
-0.0398838
-0.0000057
-0.0078915
0.0500547
-0.0107917
-0.0364588
-0.0308224
0.0131592
0.0520344
-0.0196414
0.0154271
-0.0535894
0.0014597
-0.0166783
-0.0157613
-0.0247400
-0.0203482
-0.0604009
-0.0458258
