0.0337518
-0.0366798
-0.0599128
-0.0387405
0.0468812
-0.0289897
0.0661495
0.0669122
-0.0540789
-0.0189309
-0.0434435
0.0956283
0.0671648
-0.0464308
-0.0420510
0.0087580
-0.1081880
0.0096193
-0.0280929
-0.0579180
-0.0604042
-0.0313405
0.0147139
0.0689368
0.0840418
0.1211587
0.0349011
0.0438880
0.0111174
-0.0063804
-0.1340479
-0.1985326
-0.3527700
-0.3651378
-0.2540848
-0.0537917
0.2348417
0.5446748
0.5546061
0.2714523
-0.0393360
-0.2959955
-0.3278557
-0.2722616
-0.2275456
-0.0659719
-0.0846451
0.0499378
0.0827657
0.1355178
0.0610084
0.1347240
0.0738009
-0.0116387
-0.0337818
-0.0482151
-0.0170705
-0.0321781
0.0028026
-0.0637913
-0.0128693
-0.0661022
-0.0108970
0.0079426
0.0017285
0.0021926
0.0210016
0.0785764
0.0700197
0.0620979
-0.0159970
0.0450765
-0.0473882
-0.0726810
0.0490156
0.0112378
-0.0300742
0.0182550
0.0504677
-0.0421541
-0.0135581
-0.0032058
0.0058325
0.0293788
-0.0407090
-0.0412990
0.0491945
0.0343254
0.0590997
-0.0188901
-0.0360730
-0.0314379
-0.0800228
0.0143687
0.0328440
-0.0213836
-0.0413811
-0.0045026
0.0504770
0.0051848
0.0297003
0.0203436
-0.0103024
-0.0429410
0.0747306
-0.0523434
-0.0562633
-0.0526030
0.0194776
0.0248566
-0.0084058
0.0008489
-0.0667616
0.0372279
-0.0498567
0.0126973
0.0592184
-0.0002345
0.0013876
0.0314861
-0.0464059
-0.0318297
0.0400059
0.0836751
0.0055156
0.0690112
0.0124005
-0.0937553
0.0061310
-0.0490844
-0.0475305
-0.0529112
-0.0230901
0.0312225
-0.0269787
0.0496885
0.0953203
0.1013701
0.0639982
0.1091992
0.0169877
-0.0393972
0.0265610
-0.1583744
-0.2820007
-0.3334241
-0.4246913
-0.2627281
0.1430672
0.4477313
0.7033075
0.6083070
0.1707645
-0.0913758
-0.3480329
-0.3925400
-0.2482757
-0.1144578
-0.0906050
0.0538986
0.0350323
0.0347705
0.1767255
0.1647081
0.0429580
0.0850848
0.0287188
-0.0298795
0.0513197
0.0205687
-0.0603851
-0.1298701
-0.0071669
-0.0007865
0.0017464
0.0193841
0.0000212
0.0887990
-0.0145770
0.0408600
0.0861416
0.0134875
0.0657439
0.0358597
-0.0170238
0.0002965
0.0387607
0.0022009
-0.0607872
-0.0367646
-0.0637657
-0.0658628
0.0330157
-0.0364695
0.0795826
0.0131349
-0.0005420
-0.0247241
0.0725088
0.0210062
-0.0131948
0.0552091
-0.0725964
-0.0171534
-0.0720617
-0.0666978
0.0027587
0.0153467
-0.0065600
-0.0007778
0.0220524
-0.0131752
-0.0044175
0.0043599
0.0543611
0.0082689
0.0232343
0.0601265
-0.0154911
-0.0350471
-0.0484296
-0.0107914
-0.0007514
-0.0265621
0.0443480
-0.0348330
-0.0504395
0.0339487
-0.0390488
-0.0686734
0.0667166
-0.0237599
0.0749409
0.0556415
0.0338020
-0.0332681
0.0921444
-0.0040640
-0.0310447
-0.0252503
-0.0724650
-0.0380947
-0.0456163
-0.0427691
-0.0213663
-0.0054344
0.0290299
0.0504304
0.1236935
0.1241923
0.0851098
0.0645019
0.1714601
0.0864888
0.0874731
-0.0398758
-0.0629534
-0.2491336
-0.3643518
-0.4601265
-0.2121983
0.1154021
0.5855512
0.7699187
0.5452765
0.1094475
-0.1810116
-0.4230561
-0.3616496
-0.2331409
-0.1029500
-0.0249277
-0.0066662
0.0091802
0.0523269
0.0784893
0.1688476
0.0830476
0.0463869
0.0084737
-0.0435514
0.0001693
-0.0609320
-0.1238292
-0.0794422
-0.0754126
-0.0596620
-0.0809304
0.0277969
-0.0186325
-0.0501191
-0.0023579
-0.0087811
0.0470495
-0.0221709
0.0670719
-0.0621005
0.0049970
0.0473502
0.0100455
-0.0616063
-0.0275435
0.0240652
-0.0486837
0.0464992
0.0368687
0.0180322
0.0035479
-0.0279281
0.0344235
0.0476645
0.0310291
-0.0040488
-0.0298627
-0.0233855
-0.0498025
-0.0501767
0.0567698
0.0039175
0.0475428
-0.0707095
0.0004272
0.0618223
0.0142848
-0.0636626
0.0393622
0.0349802
-0.0386114
-0.0200346
0.0195405
0.0044785
0.0531377
-0.0116033
0.0510414
-0.0476284
-0.0253598
-0.0488458
-0.0216473
0.0035239
-0.0655642
0.0265664
-0.0890430
-0.0172381
0.0057730
0.0688491
0.0040014
0.0380008
0.0809589
0.0010932
-0.0397928
0.0757494
0.0514688
-0.0295510
-0.0507942
0.0081591
-0.0768124
-0.0527860
-0.0451630
-0.0213780
0.0320561
-0.0432225
0.0064277
0.1377531
0.1414409
0.1263448
0.1216687
0.0476927
0.0776608
0.0583147
-0.1193282
-0.2056472
-0.3956220
-0.5165088
-0.4292557
-0.0154806
0.4649898
0.7424720
0.6934264
0.2313180
-0.1026103
-0.3311362
-0.4309529
-0.3636031
-0.1264478
-0.0420703
0.0107005
0.0080950
0.0991032
0.1552050
0.0790225
0.1539093
0.1343488
0.1087156
0.0689629
0.0335156
0.0186186
-0.0314466
-0.0015793
-0.0502601
-0.0151415
-0.0012137
-0.0051287
0.0373665
0.0458500
0.0140380
-0.0329865
0.0736842
0.0808248
0.0544450
0.0403374
-0.0298684
0.0342521
-0.0507330
0.0125109
-0.0662718
0.0294008
-0.0466261
0.0539011
-0.0095502
0.0512794
0.0551934
0.0720562
0.0866318
0.0204239
0.0145963
0.0283945
0.0685065
0.0126377
-0.0160420
-0.0395708
-0.0079056
0.0349503
-0.0242266
-0.0504520
-0.0214402
-0.0627415
-0.0101910
0.0508740
0.0146517
0.0334258
0.0551218
-0.0603772
-0.0064048
-0.0408529
0.0473540
-0.0530582
0.0315209
0.0492312
0.0472640
-0.0487919
0.0550846
-0.0095493
0.0342568
0.0530099
-0.0176016
-0.0554134
0.0091332
-0.0119222
-0.0384591
0.0492024
0.0483648
0.0276839
0.0706781
0.0755943
-0.0279209
0.0069587
-0.0489773
0.0181621
-0.0786595
0.0116357
-0.1053040
-0.1107947
-0.1026888
-0.0095454
0.0344858
0.0155173
0.0647083
0.1618084
0.1674546
0.0476649
0.0462691
-0.0287936
0.0234015
-0.1022062
-0.2688752
-0.3277210
-0.4048622
-0.2363749
-0.0098206
0.3446321
0.5862068
0.5408166
0.2504126
-0.1162565
-0.3401724
-0.3825074
-0.2539984
-0.1404285
-0.0401566
0.0118714
0.0568522
0.1276898
0.0392590
0.1818540
0.0979665
0.1345938
0.0445693
0.0780498
0.0426031
0.0287340
-0.1041724
-0.0339596
-0.0912400
-0.0437347
-0.0507749
-0.0019317
0.0180812
0.0280236
0.0507458
0.0974384
0.0854834
0.0703056
0.0792874
-0.0079100
-0.0503054
-0.0703857
0.0177178
0.0230714
-0.0654905
0.0412322
0.0512846
-0.0302643
0.0525240
0.0030331
-0.0056522
-0.0003952
-0.0583588
0.0574473
-0.0234047
-0.0456788
0.0602680
0.0699411
0.0639494
-0.0595400
-0.0554228
-0.0491511
-0.0210924
-0.0321159
0.0146752
0.0617796
-0.0670127
0.0048011
-0.0290295
-0.0225184
-0.0242808
0.0384733
0.0546664
-0.0614796
-0.0295232
0.0369964
-0.0225975
0.0487177
0.0658960
0.0393034
-0.0500749
-0.0414903
-0.0254077
0.0527980
-0.0288280
-0.0391787
-0.0155612
0.0278823
-0.0617141
-0.0075434
-0.0333004
0.0867185
0.0108516
0.0143745
0.0180350
-0.0036946
0.0057896
0.0215747
0.0008535
-0.1184390
-0.0420881
0.0087910
0.0301199
-0.0537441
-0.0445106
0.0950110
0.1007550
0.0285263
0.1012816
0.1683839
0.1336854
-0.0010700
0.0439292
-0.0695498
-0.2233567
-0.3088136
-0.3032784
-0.2264868
-0.0027553
0.2861035
0.5203816
0.5774663
0.3402345
-0.0170293
-0.2610374
-0.3978681
-0.2521718
-0.1947191
-0.0826268
0.0420501
-0.0190088
0.1369816
0.1560790
0.1375800
0.0849890
0.0973959
0.0373829
-0.0324083
-0.0216254
-0.0069861
-0.0416689
-0.1016968
-0.0887731
-0.0608515
-0.0586521
0.0022307
-0.0037212
0.0339539
0.0115114
-0.0161626
-0.0239218
0.0254566
0.0415820
-0.0384233
-0.0151827
0.0053012
0.0516129
-0.0533571
-0.0132941
-0.0829518
-0.0477104
-0.0833005
0.0333849
0.0509833
-0.0045668
0.0764156
0.0440347
-0.0153908
0.0763638
-0.0282629
-0.0135114
0.0269540
-0.0633959
-0.0325923
-0.0471520
-0.0217408
0.0545426
0.0065052
-0.0552712
0.0319970
-0.0529721
0.0389893
-0.0521260
0.0218955
-0.0575220
0.0242514
0.0062408
0.0209083
-0.0288358
0.0117971
0.0345266
0.0466991
-0.0220032
0.0278538
0.0057426
0.0153726
-0.0438107
-0.0572007
-0.0050293
0.0038007
-0.0696039
-0.0317819
0.0559326
0.0507031
0.0076266
0.0178565
0.0390782
0.0618690
0.0040690
0.0443540
-0.0784376
0.0049300
-0.0283394
-0.0674863
-0.1151974
-0.0260490
0.0342069
-0.0304087
0.0400782
0.0522706
0.0291942
0.0787269
0.0592401
0.1337146
0.0664861
0.0447341
-0.0968963
-0.0607335
-0.2718850
-0.3955551
-0.4386134
-0.2671695
0.1109114
0.5349974
0.6597398
0.4391592
0.1781644
-0.1302980
-0.3987115
-0.4097352
-0.2099305
-0.2040014
-0.0124643
0.0410254
0.0857222
0.1237952
0.0511146
0.1648549
0.1462545
0.0324616
0.0141312
-0.0292262
0.0246814
-0.0553589
-0.0541854
-0.0812690
-0.0547326
-0.0605812
-0.0231726
-0.0117596
0.0416349
-0.0381603
0.0127150
0.0730132
0.0381861
0.0817472
0.0751318
0.0001373
-0.0657367
0.0113033
-0.0910832
0.0466159
-0.0781003
0.0414910
0.0231083
-0.0266781
0.0563470
0.0548383
-0.0220130
0.0040152
0.0475680
0.0295099
-0.0500177
-0.0052843
0.0753542
0.0133017
-0.0121909
0.0251368
-0.0356455
0.0129904
0.0180047
0.0378092
-0.0112569
0.0226884
0.0569601
-0.0145291
-0.0214123
-0.0276351
-0.0404504
-0.0652391
0.0660258
0.0456062
-0.0604960
0.0116360
0.0369418
-0.0303273
-0.0567950
-0.0045681
-0.0113930
-0.0818375
-0.0210268
-0.0831359
0.0020551
-0.0059794
-0.0081968
0.0521688
-0.0332055
0.0615307
0.0788749
0.0202430
-0.0245744
-0.0000080
-0.0146362
-0.0808539
-0.0148431
-0.0479393
-0.1095873
-0.1123161
-0.0981625
-0.0828578
0.0183571
-0.0636274
0.0009096
0.0076388
0.0265697
0.0604157
0.1719248
0.1154658
0.1055870
0.0113530
-0.1267553
-0.1369771
-0.2750145
-0.4599535
-0.3962161
-0.0243458
0.2939471
0.6582071
0.6421585
0.3686479
-0.0434324
-0.2881650
-0.3840926
-0.3113957
-0.1269636
-0.1703068
-0.0048526
0.0586626
0.0969746
0.1198049
0.1558430
0.0302571
0.0390168
0.0984909
-0.0278772
0.0308838
-0.0424689
-0.0063235
-0.0199672
-0.1240591
0.0062159
-0.0357174
0.0009256
-0.0435655
0.0319627
0.0928900
-0.0074639
0.0886727
-0.0191623
-0.0286791
0.0392031
0.0581492
-0.0712685
-0.0662028
-0.0754497
-0.0297411
-0.0581159
0.0032979
-0.0297633
0.0244020
-0.0627197
-0.0186794
0.0289243
0.0458607
0.0017046
-0.0401944
-0.0493773
-0.0235940
-0.0517997
-0.0776266
-0.0073611
-0.0147865
-0.0432303
-0.0704788
-0.0020463
0.0244716
-0.0126789
0.0103251
-0.0196959
-0.0034523
-0.0310843
-0.0244060
-0.0091725
0.0021463
0.0086059
-0.0188513
-0.0099583
0.0406324
0.0638027
0.0679286
-0.0273329
-0.0369270
-0.0437084
-0.0196800
0.0151635
0.0283993
0.0121498
-0.0257548
0.0497397
0.0165438
0.0029478
0.0209213
0.0359957
-0.0446139
0.0899312
0.0682012
0.0004359
0.0360843
-0.0786566
0.0246311
0.0024425
-0.1139859
-0.0603692
-0.0368910
-0.0151529
0.0326809
0.0015544
0.0656780
0.1525219
0.0920487
0.0850699
0.0102586
0.0267860
-0.0246054
-0.1281497
-0.2915773
-0.3245114
-0.4862518
-0.3493644
0.1532185
0.4271106
0.6773876
0.6484974
0.2249808
-0.1194364
-0.4446002
-0.3726768
-0.2832765
-0.2175364
-0.0390855
0.0555512
0.0415097
0.1552400
0.1877530
0.1251625
0.1305948
-0.0000518
-0.0236650
0.0248905
-0.0752621
0.0233217
0.0072784
-0.0639669
0.0106595
0.0277886
-0.0814056
0.0413269
0.0380980
0.0056346
-0.0063270
-0.0155781
0.0157695
0.0862231
0.0270266
-0.0415805
-0.0089770
0.0441658
0.0219907
-0.0795084
0.0278997
-0.0404040
-0.0844724
0.0311697
-0.0041286
-0.0111487
0.0680394
0.0238433
0.0739928
0.0168828
-0.0598881
0.0093007
0.0371897
-0.0513844
-0.0674103
0.0612157
-0.0047223
-0.0740204
0.0531688
0.0298716
0.0630864
0.0617513
-0.0625737
0.0170633
0.0491532
-0.0571048
-0.0197044
0.0382807
-0.0080983
-0.0415292
0.0681884
0.0556290
-0.0332439
0.0240323
-0.0568489
0.0631882
-0.0523955
-0.0113281
-0.0447596
-0.0013858
-0.0549538
0.0259685
0.0528735
-0.0211318
0.0669064
-0.0409657
0.0364969
-0.0360925
0.0416592
-0.0124669
0.0311347
-0.0229573
0.0152994
-0.0612017
-0.0543282
-0.0403222
-0.1033255
-0.0480118
-0.0016577
-0.0647589
0.0826825
0.0626459
0.0149840
0.0674594
0.1776198
0.0557316
0.1228469
0.0007115
-0.0867546
-0.1677263
-0.2903489
-0.4546175
-0.4755128
-0.2941989
0.1790146
0.5373950
0.7260923
0.5431075
0.1287406
-0.1609756
-0.3703382
-0.4261026
-0.1775824
-0.0680840
-0.0502325
0.0666169
0.0386026
0.1329391
0.1817471
0.0511862
0.1580024
0.0429177
0.0351062
0.0391152
0.0317318
0.0095619
-0.0704458
-0.0036114
-0.1030055
-0.0460055
0.0067662
0.0549650
-0.0574313
0.0469863
0.0626396
0.0681191
-0.0343131
-0.0169052
-0.0172040
0.0413911
-0.0486203
0.0098528
0.0195142
-0.0844705
0.0186978
0.0081833
-0.0287262
0.0198096
-0.0314505
-0.0054308
-0.0267378
-0.0548000
-0.0087920
0.0466658
-0.0191702
-0.0141495
-0.0275464
0.0605683
0.0176256
0.0083109
0.0397321
0.0489841
-0.0082911
0.0102406
0.0069432
-0.0173016
0.0651840
-0.0258312
0.0180383
0.0209404
-0.0389495
0.0698152
-0.0105979
-0.0083625
0.0085464
-0.0506381
-0.0371714
0.0067194
-0.0191380
-0.0201961
-0.0134041
-0.0613553
-0.0127865
-0.0580234
-0.0249112
0.0281663
0.0498799
0.0262593
-0.0329899
0.0607460
0.0245850
0.0265454
0.0761684
0.0090238
0.0351555
0.0588935
-0.0090841
-0.0077757
0.0189571
-0.0827437
-0.0848285
-0.1126553
0.0280311
-0.0522669
0.0437342
0.0478967
0.0041140
-0.0066432
0.0118101
0.1083224
0.0965882
0.1427801
-0.0188966
0.0148578
-0.0907754
-0.0648006
-0.1742422
-0.3540086
-0.3171048
-0.1285860
0.1533058
0.4825792
0.5453912
0.4194494
-0.0618527
-0.2524592
-0.3903368
-0.2512341
-0.2080328
-0.0839151
-0.0373074
0.0383447
0.1095205
0.1407515
0.1537973
0.1213164
0.0268144
0.0253754
-0.0294333
0.0172342
-0.0945230
-0.0033856
-0.0138508
-0.0273057
0.0156108
-0.0462797
-0.0292848
-0.0015252
0.0816360
0.0764083
0.0710911
-0.0097855
0.0377408
0.0240738
0.0427440
0.0089479
-0.0434232
-0.0012207
0.0276363
-0.0078053
-0.0616617
-0.0427876
0.0273553
0.0062950
0.0467123
0.0280792
0.0806952
0.0833035
0.0229626
-0.0589131
0.0387163
-0.0001526
-0.0246653
-0.0019683
0.0147894
-0.0649407
-0.0062924
0.0509983
-0.0603743
0.0427677
0.0193401
0.0392474
-0.0475610
0.0723724
0.0397042
0.0117470
-0.0540339
-0.0136096
0.0695823
0.0654085
0.0568758
-0.0509861
0.0305901
0.0010805
-0.0130080
-0.0487351
0.0315779
