0.0247428
-0.0006721
0.0039433
0.0328201
-0.0136474
0.0506069
-0.0069151
-0.0160572
-0.0181292
-0.0564996
0.0041665
0.0190810
0.0061464
0.0155271
-0.0237975
-0.0523948
-0.0076778
0.0415991
-0.0197775
-0.0060844
-0.0599819
0.0542458
0.0467663
-0.0043497
-0.0325761
0.0398823
0.0241599
-0.0321368
0.0509270
-0.0203568
0.0448186
-0.0036341
-0.0156487
0.0559762
-0.0328731
-0.0355681
0.0320656
0.0559323
0.0207258
0.0524982
-0.0489907
0.0559898
-0.0160091
-0.0484213
0.0278659
-0.0316827
0.0294183
0.0487834
-0.0075225
0.0494346
0.0356454
-0.0413084
-0.0374051
0.0337473
0.0638474
-0.0005806
0.0547960
0.0549344
-0.0540924
0.0542954
-0.0036774
0.0550153
-0.0589635
-0.0448171
0.0326334
0.0161087
0.0538195
-0.0130475
0.0296562
0.0335497
0.0306840
0.0167922
-0.0274376
-0.0076466
-0.0549919
-0.0571747
-0.0441167
0.0568145
-0.0044523
-0.0211738
0.0549348
0.0333451
0.0069295
0.0097673
-0.0214890
0.0039527
-0.0347344
0.0646515
0.0176426
0.0169806
-0.0369025
-0.0153649
0.0304405
-0.0043375
-0.0387251
0.0388560
0.0663026
-0.0119861
0.0366606
-0.0272065
0.0491701
-0.0562443
0.0004625
0.0079778
-0.0328346
0.0047065
-0.0343173
0.0299927
-0.0583352
-0.0335619
0.0532154
0.0462523
-0.0246279
-0.0299874
-0.0242253
-0.0241962
0.0547901
-0.0339868
-0.0194429
-0.0108992
0.0221554
0.0484741
0.0486410
0.0589209
-0.0330266
-0.0067690
-0.0166290
-0.0351346
0.0410463
-0.0343187
-0.0358008
-0.0127389
-0.0173675
0.0629992
0.0214843
-0.0145902
-0.0344648
0.0558025
-0.0144418
0.0342361
-0.0527057
0.0243978
-0.0677379
-0.0082937
-0.0104978
0.0487632
-0.0430948
-0.0103650
0.0221972
-0.0004637
0.0488749
0.0769009
0.0197329
0.0462532
0.0533114
-0.0420060
0.0172260
0.0218018
-0.0722462
0.0308654
-0.0473113
0.0209589
-0.0272573
-0.0236472
0.0257819
0.0895971
0.0476580
0.0915125
-0.0060811
-0.0097694
-0.0479255
-0.0887125
-0.1048108
-0.1178038
-0.1077436
-0.2143040
-0.1000005
0.1142823
0.2453469
0.2889706
0.2072277
-0.0203346
-0.1852369
-0.1669757
-0.1364848
-0.1099385
-0.0201624
-0.0153597
0.0164522
0.0375550
0.0478111
0.0320504
0.0478732
-0.0106435
0.0699593
0.0317067
-0.0436483
-0.0366519
-0.0690973
-0.0773414
0.0039559
-0.0182886
-0.0565086
-0.0489107
-0.0504404
-0.0416339
-0.0445645
0.0010379
-0.0408316
0.0454133
0.0003464
-0.0456742
0.0156704
-0.0539486
0.0209180
0.0352773
-0.0062871
0.0207342
-0.0234957
0.0494935
0.0211155
-0.0018314
0.0194431
-0.0204806
0.0383171
-0.0510895
-0.0133241
-0.0442388
-0.0323057
0.0113869
-0.0582323
0.0249578
0.0250329
0.0022495
0.0101950
0.0369402
-0.0375879
0.0244837
-0.0300248
-0.0473821
-0.0200131
0.0358889
-0.0298681
0.0435774
0.0258873
0.0415179
0.0203826
-0.0521263
-0.0061903
-0.0486687
0.0014399
0.0478235
-0.0305677
-0.0011241
0.0218228
-0.0507260
0.0143193
0.0201617
-0.0390981
0.0498796
0.0558002
-0.0150944
-0.0406413
0.0065530
-0.0143682
0.0635119
-0.0264233
-0.0532919
0.0640787
-0.0526937
-0.0103543
0.0233129
-0.0477173
0.0489053
0.0106262
-0.0035006
0.0241304
0.0279486
-0.0199574
0.0001454
-0.0018891
0.0129874
-0.0163305
-0.0326252
0.0429305
-0.0203316
-0.0336845
0.0176387
0.0003992
-0.0069890
-0.0551705
0.0164277
0.0291103
0.0262908
-0.0138853
0.0197429
-0.0067005
-0.0201914
0.0111008
0.0505377
0.0044502
-0.0544742
0.0465733
-0.0373946
0.0429678
0.0629328
-0.0230024
0.0400592
0.0375104
-0.0262770
-0.0272111
0.0208046
-0.0241420
-0.0157964
0.0414982
0.0542998
-0.0139722
-0.0283229
0.0265292
-0.0001878
-0.0426936
-0.0352505
0.0083059
-0.0018645
-0.0193098
-0.0589844
-0.0247877
-0.0441287
0.0429899
0.0375533
0.0577292
-0.0380677
0.0099914
0.0093220
-0.0469560
0.0255797
-0.0019948
0.0209669
-0.0644215
-0.0413048
0.0271090
-0.0175670
-0.0275684
-0.0176866
0.0124124
-0.0124882
0.0035774
0.0309534
0.0495549
-0.0159232
-0.0316702
0.0115760
0.0153918
-0.0677667
0.0035441
-0.0530612
0.0484660
-0.0373543
-0.0280181
-0.0067365
-0.0394427
-0.0303983
-0.0336326
0.0633474
-0.0006454
0.0235990
0.0395001
0.0530168
-0.0652751
0.0131402
0.0099715
0.0171654
0.0009156
0.0201548
-0.0148814
-0.0040762
0.0189602
0.0529153
-0.0157042
0.0728257
0.0755046
0.0713144
0.0055044
0.0147440
0.0390245
-0.0758705
-0.0353287
-0.1038719
-0.1449262
-0.2170965
-0.0980450
0.0593619
0.2590885
0.2341852
0.1902508
0.0080644
-0.1023679
-0.1397175
-0.0711005
-0.1090097
0.0288231
-0.0334061
-0.0160825
-0.0149404
0.0661572
0.0500484
0.0875953
0.0039221
-0.0046424
-0.0061447
0.0394778
0.0298487
-0.0024805
-0.0670387
-0.0260967
-0.0341355
-0.0110279
-0.0406666
0.0113988
0.0030699
-0.0143140
-0.0405284
-0.0444706
-0.0453700
-0.0586017
-0.0537787
0.0324386
-0.0324893
0.0412540
-0.0577429
-0.0432336
-0.0134107
0.0381142
-0.0525581
0.0346696
0.0334831
0.0568716
-0.0222828
0.0217532
0.0561135
-0.0423173
-0.0009140
-0.0393391
-0.0174175
-0.0576395
0.0040726
-0.0272156
0.0179914
0.0470776
-0.0197105
-0.0233899
0.0385825
-0.0025003
-0.0559746
-0.0115594
-0.0242177
-0.0181632
-0.0246073
-0.0319008
-0.0548798
0.0340132
-0.0091576
-0.0478463
-0.0143622
-0.0459952
-0.0241042
0.0038661
0.0065672
-0.0421736
0.0234652
-0.0361034
0.0387993
0.0295888
0.0285506
-0.0157916
-0.0434669
0.0503626
0.0252334
0.0271447
0.0328674
-0.0475389
0.0168772
0.0319137
-0.0449243
0.0309262
0.0500509
-0.0351230
0.0549483
0.0098652
-0.0485928
0.0148715
-0.0350724
-0.0002548
0.0015784
0.0494472
0.0246121
-0.0473017
0.0148837
0.0022007
-0.0607453
0.0235376
0.0435737
0.0450674
0.0424010
-0.0519808
0.0039288
0.0266584
0.0521097
-0.0535647
0.0145237
-0.0139981
-0.0386373
0.0651982
-0.0432084
-0.0002098
-0.0364500
0.0576545
0.0420353
-0.0157827
0.0426996
0.0460753
0.0658552
0.0391507
0.0268586
-0.0120048
0.0047175
0.0590167
0.0471343
0.0037530
0.0149783
-0.0127278
0.0438664
-0.0105798
0.0405159
-0.0252671
0.0313223
0.0188774
0.0357819
-0.0155704
-0.0198303
0.0436485
-0.0427473
0.0248470
-0.0155904
-0.0047554
-0.0061142
0.0350707
-0.0341436
-0.0602240
-0.0128301
-0.0391767
0.0139712
-0.0555522
-0.0042606
0.0234105
-0.0346147
-0.0178161
-0.0371204
0.0500902
0.0452629
0.0549932
-0.0492598
0.0026954
0.0608998
0.0406139
-0.0201275
-0.0480833
0.0339260
-0.0126551
-0.0093260
-0.0421654
-0.0164778
0.0278361
0.0197503
0.0421512
0.0203259
-0.0497679
0.0423971
0.0321469
-0.0387345
-0.0145053
-0.0112289
0.0202774
0.0054006
-0.0165751
-0.0235275
-0.0657542
-0.0225253
-0.0103208
-0.0426728
0.0305270
-0.0042840
0.0412853
0.0370240
0.0297841
0.0514856
-0.0487378
-0.0138533
0.0006943
-0.0006288
0.0190259
-0.0586775
-0.0400320
0.0024162
0.0002971
0.0283871
-0.0344761
0.0325905
0.0079184
0.0193274
0.0350109
0.0777185
0.1210571
0.0591074
-0.0004004
-0.0109004
-0.0578863
-0.0816679
-0.0612814
-0.1464918
-0.1726466
-0.1622669
-0.0704042
0.2030742
0.3003345
0.3108424
0.1928710
-0.0352089
-0.2389440
-0.2385805
-0.1387104
-0.0999310
0.0138886
0.0328536
-0.0242500
0.0725375
-0.0073622
0.0138080
0.0104361
0.0191199
0.0867145
-0.0393637
-0.0453336
-0.0340358
-0.0362238
-0.0779659
-0.0018161
0.0230358
-0.0063543
-0.0482406
0.0387409
0.0225417
-0.0284540
0.0416896
-0.0330907
0.0452920
-0.0154848
-0.0595575
0.0581458
-0.0190440
0.0001422
0.0452401
0.0034708
-0.0468241
0.0237961
0.0484601
-0.0161289
0.0428364
-0.0083839
-0.0042521
0.0626171
0.0069586
0.0292425
-0.0514966
0.0196392
-0.0096480
0.0293470
0.0571273
0.0393195
0.0452247
-0.0118344
-0.0029949
-0.0637436
0.0603533
0.0687851
-0.0031165
-0.0260275
-0.0551220
-0.0154600
-0.0041460
-0.0138067
0.0470669
0.0010610
0.0235536
0.0448104
-0.0380357
-0.0089071
-0.0513511
0.0020121
-0.0641205
-0.0625898
-0.0393743
-0.0356003
-0.0177839
0.0269923
0.0479552
-0.0100802
-0.0469458
0.0281068
0.0390241
0.0102654
-0.0151267
-0.0173146
0.0366573
0.0178308
-0.0563554
-0.0292883
-0.0373111
-0.0462011
-0.0104672
-0.0472647
-0.0369883
0.0049510
0.0598199
0.0228882
0.0109851
-0.0388592
-0.0274314
-0.0605592
-0.0495873
-0.0299075
-0.0015526
-0.0353949
0.0458542
-0.0229227
-0.0192210
0.0167741
-0.0165320
0.0032381
-0.0536452
0.0199488
-0.0411830
0.0137173
0.0230768
-0.0505649
-0.0637728
-0.0472860
0.0039875
0.0398802
0.0654880
0.0016950
-0.0171048
0.0486461
0.0295788
-0.0658042
-0.0075223
-0.0271859
0.0196449
-0.0515247
0.0618292
-0.0635487
0.0192684
-0.0156501
-0.0038858
0.0649285
-0.0163440
0.0254785
-0.0282192
-0.0196343
0.0517352
0.0195536
-0.0111990
0.0417432
-0.0433223
-0.0509945
0.0290173
-0.0568517
0.0010420
0.0532517
0.0030073
0.0224413
-0.0345283
0.0436274
0.0293228
0.0332157
-0.0093230
0.0021139
0.0319637
-0.0349842
-0.0537267
0.0534211
-0.0015538
0.0019732
0.0326121
0.0533624
0.0504384
-0.0198714
0.0110709
-0.0000858
0.0161113
0.0194112
-0.0234450
0.0303159
-0.0097194
0.0493271
-0.0334707
0.0416992
-0.0140576
0.0560086
-0.0586667
0.0083318
0.0348975
0.0365609
0.0233648
0.0413960
0.0351993
0.0233652
-0.0011074
-0.0124013
-0.0453807
-0.0560576
0.0194682
-0.0043224
0.0211619
0.0607830
-0.0136780
0.0662898
-0.0451258
0.0100827
-0.0588828
-0.0302828
-0.0204115
0.0080866
0.0428900
-0.0070295
0.0258808
-0.0078018
0.0142949
0.0644682
0.0153362
0.0117549
0.0886333
-0.0116272
-0.0046748
-0.0331763
-0.0616205
-0.1475093
-0.1553002
-0.1922620
0.0069471
0.1834737
0.2734099
0.2284814
0.0932768
-0.1174163
-0.1832614
-0.1693177
-0.1143871
-0.0022398
-0.0049779
0.0448906
0.0683146
0.0709692
0.0382683
0.0939746
0.0776708
-0.0310657
0.0725300
0.0244643
-0.0157790
0.0234437
0.0214523
-0.0374634
-0.0671854
-0.0478361
0.0018289
-0.0363630
0.0242536
-0.0261732
0.0330341
0.0684388
0.0698700
0.0213347
-0.0476308
0.0440369
0.0373125
0.0287575
0.0225692
0.0072767
-0.0256032
0.0517696
-0.0178227
0.0424743
-0.0447565
0.0558703
-0.0386356
0.0426261
-0.0481336
-0.0464397
-0.0410480
-0.0420962
-0.0418294
0.0206560
0.0247488
0.0012874
0.0203653
0.0321963
0.0084869
-0.0172238
0.0500593
0.0231573
-0.0226746
-0.0235497
-0.0496428
0.0274133
0.0313153
0.0254331
-0.0168875
0.0430240
-0.0365027
-0.0290629
0.0087197
-0.0546013
0.0251409
-0.0189458
-0.0329716
-0.0474084
0.0077350
0.0565575
0.0276877
-0.0521212
-0.0406915
-0.0334482
-0.0546712
0.0453630
0.0182031
-0.0270680
0.0070187
-0.0159099
-0.0236573
0.0133267
-0.0199124
-0.0014154
-0.0429512
-0.0536004
0.0011836
0.0169658
0.0439289
-0.0326158
0.0177016
-0.0064538
0.0481822
-0.0420237
0.0360777
0.0385834
-0.0511732
0.0161812
-0.0353537
0.0503883
-0.0107432
0.0473212
-0.0126922
-0.0460216
0.0020170
-0.0077501
0.0120703
0.0521362
-0.0292306
0.0197637
-0.0646705
-0.0033841
-0.0127423
0.0185595
-0.0463854
-0.0742400
0.0074845
-0.0550616
-0.0045230
0.0570780
0.0837735
0.0596767
0.0011621
0.0187232
0.0352892
-0.0086827
-0.0276059
-0.1000974
-0.0325873
-0.1441577
-0.1679629
-0.1459774
0.0029441
0.2645260
0.3383140
0.2542221
0.0772596
-0.0837916
-0.2202654
-0.1240327
-0.0993094
-0.0706298
-0.0279508
0.0285117
-0.0055439
0.0392612
0.0098853
0.0945531
0.0763950
0.0692973
0.0419726
0.0008337
-0.0541851
-0.0222777
-0.0051092
-0.0714002
-0.0712790
0.0195060
0.0050911
0.0535714
-0.0189778
-0.0176296
-0.0172223
-0.0147235
0.0217795
0.0537384
0.0550427
0.0497119
-0.0144496
-0.0278556
-0.0176913
0.0443177
-0.0139743
-0.0128353
-0.0396807
0.0052282
0.0449743
0.0144493
0.0555188
0.0441898
0.0643392
-0.0102619
-0.0203514
-0.0129473
0.0514201
-0.0413795
-0.0157557
-0.0520942
-0.0334498
0.0535929
0.0444497
0.0515358
0.0090229
0.0017397
-0.0061698
-0.0310596
0.0574869
-0.0157752
0.0089551
0.0341451
-0.0359574
-0.0130538
-0.0502018
-0.0097731
0.0548233
-0.0426329
-0.0294718
-0.0029195
0.0408483
-0.0032409
0.0516191
0.0050182
0.0119242
0.0209237
-0.0185439
-0.0822144
-0.0829042
-0.0712844
-0.0005066
-0.0836640
-0.0276869
-0.0024189
0.0705982
0.0226525
0.0161857
-0.0045997
0.0582804
0.0530946
0.0604357
-0.0454963
-0.0603256
-0.0429898
-0.0779478
-0.1932022
-0.1714573
-0.0520543
0.1142676
0.1888466
0.3454137
0.2606397
0.0682751
-0.0728751
-0.1801515
-0.1614813
-0.1204543
-0.1201542
-0.0881032
-0.0603943
0.0712011
0.0296555
0.1148011
0.0132535
0.0994003
-0.0095510
-0.0365252
-0.0093721
-0.0016446
-0.0301433
0.0260567
0.0053464
-0.0479765
-0.0068683
0.0098807
0.0280046
-0.0297419
0.0059035
0.0133378
-0.0074512
0.0492096
0.0196181
0.0210368
0.0370903
0.0403586
0.0141604
-0.0337380
-0.0180971
0.0058200
-0.0623370
-0.0163937
0.0535687
0.0144198
0.0371625
0.0517849
0.0039299
-0.0182181
0.0472613
-0.0181684
-0.0199150
-0.0197652
0.0381953
-0.0206226
-0.0561497
-0.0331751
0.0563067
0.0530247
0.0305089
0.0380296
0.0106647
0.0401705
-0.0049193
-0.0305828
0.0410354
0.0292131
-0.0279773
0.0565856
-0.0371998
-0.0077397
-0.0460685
0.0045880
-0.0163757
-0.0161371
-0.0468816
0.0498327
-0.0460547
0.0460164
-0.0153231
-0.0297195
-0.0329906
0.0203619
-0.0445422
0.0348124
-0.0617287
0.0276934
0.0214702
0.0435273
0.0380716
0.0152265
-0.0071857
-0.0442020
-0.0588155
0.0447418
-0.0568358
0.0322937
-0.0151632
-0.0400406
0.0209312
-0.0388434
-0.0132839
-0.0511336
0.0268001
-0.0510841
0.0439876
-0.0628703
-0.0573549
0.0367593
-0.0029336
0.0629375
0.0435590
-0.0191242
0.0194538
0.0397939
-0.0231143
0.0263785
0.0055456
0.0468663
0.0049728
-0.0075951
0.0009406
0.0160214
0.0201124
0.0308253
0.0208541
0.0418098
0.0320675
-0.0219236
-0.0037175
0.0123106
0.0496381
0.0538133
-0.0370700
-0.0231195
-0.0133287
0.0281542
-0.0191792
-0.0135167
-0.0498319
0.0273321
0.0597309
-0.0291058
0.0240601
0.0720303
0.0172479
-0.0404577
-0.0216554
-0.0312533
-0.0460840
0.0116259
0.0188657
-0.0802347
-0.0188509
0.0049979
