-0.0467783
-0.0265439
-0.0112955
-0.0358722
-0.0078547
0.0477742
-0.0284136
0.0465360
0.0049044
-0.0218848
-0.0042021
0.0367160
0.0309376
-0.0145423
-0.0031624
-0.0430408
-0.0379863
-0.0032708
-0.0206250
-0.0320677
0.0217577
0.0017796
0.0092135
-0.0189591
0.0390575
0.0004775
-0.0082685
0.0198149
-0.0251855
0.0143166
0.0547084
0.0573370
0.0265580
0.0487028
-0.0421032
-0.0486504
0.0271970
-0.0300954
-0.0446946
-0.0085909
-0.0287059
0.0049147
-0.0415019
0.0517690
0.0139049
-0.0108722
0.0346562
-0.0337080
0.0067996
0.0530227
0.0339123
-0.0344657
0.0372764
-0.0530488
0.0290907
-0.0408824
-0.0315157
0.0038959
0.0057906
-0.0082320
0.0075741
-0.0452021
-0.0244162
-0.0370470
0.0281618
-0.0387942
-0.0372069
0.0155342
-0.0508839
-0.0181304
-0.0023442
0.0361919
-0.0054429
0.0179290
-0.0241771
0.0142498
0.0029787
0.0282942
0.0001998
-0.0111934
-0.0372846
-0.0457214
0.0560425
0.0382274
-0.0457363
0.0227229
-0.0294445
0.0459739
0.0333288
0.0338624
-0.0239209
-0.0073842
-0.0450840
0.0296279
-0.0478891
0.0182128
0.0058663
0.0029813
0.0414808
0.0366468
0.0455646
-0.0296124
-0.0245226
-0.0344573
-0.0234463
-0.0338104
-0.0344049
-0.0000754
-0.0126557
0.0468539
0.0312587
0.0066639
-0.0028969
0.0546241
-0.0100609
-0.0342750
0.0440418
-0.0280222
0.0489031
-0.0370449
-0.0546084
-0.0502278
0.0113924
-0.0201521
-0.0254976
0.0462408
0.0441333
0.0186069
-0.0302130
0.0047296
-0.0314277
-0.0438892
0.0487223
0.0293718
-0.0441852
-0.0094183
-0.0441199
0.0052785
-0.0117238
0.0275441
0.0276193
-0.0417283
0.0035659
-0.0409445
-0.0241545
-0.0261748
-0.0559551
0.0093847
0.0354677
0.0281707
-0.0436993
-0.0249578
-0.0519468
0.0388614
0.0257712
0.0162449
0.0138494
-0.0058222
0.0498772
-0.0448182
-0.0308580
0.0011467
-0.0414843
0.0165966
0.0195891
0.0075325
0.0296090
0.0306754
0.0232867
-0.0010322
-0.0503222
0.0418145
-0.0391647
-0.0004649
0.0277627
0.0425918
0.0512602
0.0478765
-0.0199560
0.0473965
0.0399417
-0.0398404
0.0356169
-0.0318558
-0.0023076
-0.0010159
0.0084113
0.0278299
-0.0243078
-0.0180652
0.0463127
0.0181665
-0.0008938
0.0423413
-0.0166127
0.0015280
-0.0084215
0.0331356
0.0200848
-0.0343680
0.0069099
0.0534296
-0.0249159
0.0054899
-0.0517129
-0.0656626
0.0180945
0.0178047
-0.0234667
-0.0028806
-0.0240121
-0.0200118
0.0331584
0.0081619
0.0685219
0.0706773
0.0980792
0.0044360
-0.0465867
0.0049716
-0.1586811
-0.1837030
-0.1501473
-0.1118148
0.0248700
0.1903429
0.2572270
0.2321558
0.1133012
0.0186690
-0.0861510
-0.1906329
-0.1970177
-0.1358202
-0.0481533
0.0354029
0.0221929
-0.0137364
0.0029317
0.0540380
0.0382482
-0.0096437
0.0291989
-0.0421806
-0.0554731
0.0300934
-0.0278434
0.0150459
-0.0655920
-0.0434307
-0.0504334
0.0476659
-0.0260986
-0.0115586
-0.0444597
0.0332498
0.0244342
-0.0251110
-0.0273304
0.0256492
0.0498641
-0.0403488
-0.0292966
-0.0076586
0.0340130
-0.0256344
0.0383259
-0.0130538
-0.0212170
-0.0515176
-0.0311203
-0.0151673
-0.0211694
-0.0149524
-0.0247453
-0.0216732
0.0285560
0.0461729
0.0142191
-0.0568368
0.0120754
-0.0545153
-0.0307616
0.0268808
-0.0101907
-0.0386409
-0.0257008
-0.0123574
0.0381273
0.0075301
-0.0077982
-0.0173490
-0.0126918
0.0499002
-0.0070558
-0.0560847
0.0297964
0.0173392
0.0150635
0.0045367
0.0006939
-0.0405711
0.0410027
0.0254833
0.0062148
-0.0480681
0.0502822
-0.0155743
-0.0165176
-0.0037719
-0.0154978
0.0330494
0.0491514
0.0127083
-0.0140530
0.0312411
-0.0417493
0.0229675
-0.0382439
0.0480009
-0.0275721
0.0356103
0.0331666
0.0006131
-0.0118840
0.0234521
0.0476151
-0.0135974
-0.0095009
-0.0331440
0.0415572
0.0117655
0.0282779
-0.0158204
-0.0109724
-0.0380229
-0.0157563
0.0265010
-0.0192529
0.0392375
-0.0481358
0.0369689
0.0289490
-0.0359779
0.0007907
0.0107970
0.0080003
-0.0394445
0.0533907
-0.0225661
0.0085499
0.0464551
-0.0229053
-0.0218880
-0.0408723
0.0276359
-0.0523208
-0.0446032
-0.0473768
-0.0032802
0.0229476
0.0011060
-0.0510965
0.0342433
0.0442599
-0.0412549
0.0223515
-0.0208018
0.0339219
0.0488805
0.0469949
-0.0374626
0.0116662
-0.0365231
0.0436541
-0.0002133
0.0353020
0.0115278
-0.0030594
-0.0422324
-0.0440007
0.0320665
-0.0391476
-0.0466075
0.0541282
-0.0204410
-0.0058730
0.0478724
0.0211298
0.0182685
-0.0369932
0.0131098
-0.0085294
-0.0429469
0.0188766
-0.0118596
0.0055752
0.0364483
0.0142317
-0.0347179
0.0439038
-0.0176576
0.0043346
-0.0439386
0.0320911
-0.0304918
-0.0164178
-0.0164640
-0.0435016
0.0218800
-0.0095915
-0.0048556
-0.0058498
-0.0660564
-0.0448352
-0.0690199
-0.0542648
-0.0082917
-0.0549162
0.0607555
0.0098433
0.0735088
0.0584680
0.1192184
0.0972330
0.0049853
0.0092664
-0.1061307
-0.1421216
-0.1644933
-0.2291093
-0.0685525
0.0054343
0.2218775
0.2620913
0.3400657
0.2025054
-0.0251737
-0.1927217
-0.2353666
-0.1605902
-0.0611015
-0.0910818
-0.0298917
-0.0391983
0.0795676
0.0756697
0.1030363
0.0268455
-0.0070496
-0.0104277
-0.0412704
-0.0498804
-0.0039242
-0.0705614
-0.0770612
-0.0102276
0.0156313
0.0146262
0.0182830
0.0192485
0.0011825
0.0427327
0.0534462
0.0665519
-0.0043589
-0.0196828
-0.0218369
-0.0327199
0.0419704
0.0409930
0.0060859
0.0239778
-0.0478452
-0.0076933
0.0066320
0.0263257
0.0186632
0.0349709
-0.0199677
-0.0044226
0.0300314
-0.0049239
0.0310320
-0.0095127
-0.0436869
0.0154958
-0.0087870
0.0314745
0.0320195
-0.0481484
-0.0056372
0.0391345
-0.0303236
-0.0055820
-0.0123373
-0.0425182
0.0215588
0.0223059
-0.0501458
-0.0026095
-0.0394564
-0.0000133
0.0302870
0.0231055
-0.0151270
-0.0015867
-0.0166867
-0.0014488
-0.0074161
-0.0363811
-0.0094659
-0.0059539
-0.0428022
0.0465809
0.0391550
-0.0338385
0.0528496
-0.0509576
0.0120501
-0.0423159
0.0592638
0.0075090
0.0434825
-0.0231638
-0.0450318
0.0162319
0.0175420
0.0299953
-0.0025511
0.0260701
0.0440796
-0.0496073
-0.0212046
0.0471653
0.0362700
-0.0016952
-0.0167374
0.0441492
-0.0196027
0.0321308
-0.0010348
-0.0056321
-0.0747773
-0.0487715
-0.0847210
-0.0398505
-0.0108601
-0.0121775
-0.0502508
0.0402230
-0.0015922
0.0458566
0.0861009
0.0343004
0.0754804
0.0246730
-0.0087954
0.0244342
-0.0768252
-0.1855652
-0.2319423
-0.2202006
-0.1922234
-0.0539275
0.1874143
0.3769386
0.4229746
0.2671972
-0.0046295
-0.2113063
-0.2187321
-0.2561925
-0.0948139
-0.0725476
-0.0075188
-0.0399717
0.0572289
0.0710437
0.0790513
0.0737535
0.0880419
0.0594498
-0.0110884
0.0403573
-0.0555624
0.0000468
-0.0839869
-0.0360327
-0.0908563
-0.0446593
-0.0653746
-0.0141200
0.0084756
0.0654655
0.0298263
-0.0058306
0.0312922
-0.0262866
-0.0056416
0.0535700
-0.0528875
0.0228847
0.0023107
-0.0447761
-0.0393797
-0.0259988
0.0310730
0.0203188
-0.0460267
0.0250876
0.0037645
0.0038400
0.0053485
-0.0145570
0.0539460
0.0359120
-0.0263521
0.0388076
0.0389287
0.0236385
0.0076085
0.0116484
-0.0108079
-0.0532153
0.0421006
-0.0220400
-0.0253849
-0.0019832
0.0307502
0.0375645
0.0397603
-0.0477579
0.0498898
-0.0307923
-0.0304050
-0.0265948
-0.0156614
0.0006935
-0.0222070
-0.0124169
0.0015831
0.0040934
-0.0233274
-0.0003770
-0.0200266
0.0538033
-0.0175990
0.0098504
-0.0429576
0.0082020
-0.0559140
0.0345175
0.0488256
0.0299939
0.0445921
0.0239969
0.0227071
-0.0392982
-0.0425710
0.0004497
0.0498706
-0.0469734
-0.0099877
-0.0511932
0.0380365
0.0151150
-0.0411250
-0.0435437
-0.0144638
-0.0199086
0.0569870
-0.0261678
-0.0004018
0.0173429
-0.0243488
-0.0177780
0.0297969
-0.0349360
0.0030749
-0.0509158
0.0475852
0.0444489
-0.0384903
0.0027819
-0.0487688
0.0379815
0.0471385
0.0278568
0.0039478
-0.0241254
-0.0349230
0.0381489
0.0048637
-0.0450339
0.0486262
0.0174027
-0.0431131
0.0364607
-0.0410371
0.0239254
-0.0427008
0.0299827
-0.0059235
0.0499503
-0.0486556
-0.0284070
-0.0096885
0.0098657
0.0405489
0.0387021
-0.0247208
0.0210904
0.0100018
-0.0504399
0.0314798
-0.0080591
0.0449035
-0.0122723
-0.0336946
0.0046183
0.0076961
-0.0058728
-0.0051705
-0.0067888
0.0478215
0.0317703
-0.0468728
-0.0232075
0.0370693
0.0163293
0.0537839
0.0194377
0.0321823
-0.0436238
-0.0206651
0.0493480
0.0489832
0.0477924
-0.0346210
0.0036979
-0.0393453
-0.0351173
-0.0184842
0.0097064
0.0234860
0.0373865
0.0315551
-0.0348759
0.0036182
0.0395789
0.0369658
-0.0073917
0.0349680
0.0250524
0.0357269
0.0261499
0.0424195
0.0223385
0.0091248
-0.0073490
-0.0142761
0.0312529
0.0233067
0.0400415
0.0272381
-0.0191481
-0.0282282
0.0470054
-0.0242164
0.0298975
-0.0109617
0.0535211
0.0312769
-0.0450983
-0.0533626
-0.0255923
0.0401281
-0.0411202
0.0240528
0.0510101
-0.0295489
0.0126869
-0.0570239
0.0185081
-0.0533156
0.0273858
-0.0032901
-0.0361394
0.0210536
0.0087909
0.0447731
-0.0317135
-0.0065840
0.0477615
0.0013569
0.0071619
0.0380643
0.0013500
-0.0225791
0.0382677
-0.0044139
0.0566768
0.0541517
0.0269604
0.0117899
0.0147271
-0.0455112
-0.0326686
0.0135468
0.0471866
-0.0269250
-0.0135418
0.0360893
0.0082769
-0.0673304
0.0121807
-0.0322125
-0.0394989
-0.0049652
-0.0045673
-0.0196005
-0.0140399
0.0664665
0.0545725
0.0562709
0.0024679
0.0026590
0.0492224
-0.0698100
-0.0920143
-0.1974119
-0.1268463
-0.0634126
0.0390955
0.1910861
0.2965936
0.2650804
0.1118474
-0.0566176
-0.1482068
-0.1628452
-0.1193453
-0.0666359
-0.0168326
-0.0097406
0.0401268
0.0375982
0.0591910
0.0088038
0.0746835
-0.0144866
0.0403904
-0.0193274
0.0068675
-0.0230423
-0.0621984
-0.0436038
0.0037962
0.0029375
-0.0589112
-0.0539110
0.0016327
0.0230038
0.0348360
-0.0136215
0.0137348
0.0086429
-0.0385480
0.0025134
-0.0457672
-0.0102143
0.0328740
-0.0077696
0.0216880
-0.0657246
0.0134271
0.0376147
0.0322859
0.0110173
0.0501280
0.0581420
0.0334186
-0.0393440
-0.0317057
0.0220291
0.0142391
0.0498085
0.0186818
-0.0077419
-0.0294667
0.0323874
0.0201314
-0.0548420
-0.0442911
-0.0516251
-0.0276182
0.0469568
0.0432349
-0.0194656
-0.0401723
0.0532438
0.0293948
0.0094492
0.0093834
-0.0405925
-0.0054083
0.0348104
-0.0327638
-0.0219693
0.0228330
-0.0010404
0.0426788
0.0487670
-0.0187158
-0.0490884
-0.0272142
-0.0154199
-0.0098309
0.0503771
-0.0476608
0.0529350
0.0241457
0.0303123
-0.0264807
-0.0036094
0.0441398
-0.0502572
0.0526563
-0.0466444
0.0332885
-0.0428193
0.0056255
-0.0525335
0.0024451
0.0132551
0.0001272
-0.0436310
-0.0087190
0.0048669
-0.0520837
-0.0224995
0.0326010
-0.0306764
-0.0017068
0.0382556
0.0266115
-0.0408034
-0.0528667
-0.0338730
-0.0551350
0.0063113
-0.0004606
0.0135495
-0.0473770
0.0106266
-0.0463321
0.0511596
0.0238618
-0.0185024
0.0153732
0.0114116
-0.0448676
-0.0207511
-0.0106886
-0.0128793
0.0506570
0.0155636
0.0276854
-0.0308385
-0.0373487
-0.0031176
-0.0009956
0.0254394
-0.0342705
-0.0452126
-0.0416721
0.0137752
-0.0057625
-0.0366500
0.0120086
0.0186529
-0.0155743
-0.0066816
0.0196798
-0.0391734
-0.0066304
-0.0182779
0.0225525
-0.0376125
-0.0430918
-0.0432804
-0.0216352
-0.0572625
0.0371488
0.0445727
0.0150102
0.0240308
0.0348011
0.0086667
-0.0128059
-0.0292045
-0.0094219
-0.0152485
0.0663837
0.0426991
-0.0519611
-0.0587601
-0.0044113
-0.0186253
-0.0360040
-0.0667541
-0.0201003
-0.0065567
-0.0724031
0.0104781
0.0345873
0.0741989
0.0643868
0.0914420
0.0155615
0.0095883
0.0764974
0.0743981
-0.0087662
-0.1317239
-0.2018268
-0.2184325
-0.2113722
-0.0605861
0.1106855
0.2828757
0.3174298
0.3128669
0.0921109
-0.0177226
-0.2269543
-0.2216049
-0.1304720
-0.0487775
-0.0034747
0.0210978
-0.0185441
0.0197627
0.0112514
0.0057325
0.0612812
0.0274348
0.0237287
0.0492589
0.0123868
0.0119230
-0.0803663
0.0159214
-0.0069169
-0.0220720
-0.0578725
0.0186697
-0.0497693
-0.0167673
-0.0247937
-0.0032615
-0.0355129
-0.0335997
-0.0225361
-0.0154620
-0.0438950
0.0199698
0.0009334
-0.0067151
0.0226920
-0.0038765
-0.0070008
-0.0268684
0.0588127
0.0384811
-0.0017939
0.0134965
0.0364740
0.0377435
0.0230653
0.0397041
0.0308192
-0.0391611
0.0018908
0.0583020
0.0304977
0.0089316
-0.0493964
0.0215830
0.0236173
0.0234252
-0.0059388
-0.0394237
0.0365565
0.0230633
0.0002837
0.0530784
-0.0502280
0.0503430
0.0061262
-0.0221515
-0.0353034
-0.0195585
0.0456843
0.0328834
-0.0279451
-0.0113033
0.0061545
0.0436380
-0.0181196
-0.0314210
-0.0386123
-0.0368130
-0.0081626
-0.0392182
-0.0206639
0.0603467
-0.0251219
0.0103405
-0.0317949
0.0388214
0.0343974
0.0490380
0.0192229
0.0407482
0.0304683
-0.0532311
0.0427749
0.0115279
0.0210563
-0.0016508
-0.0550079
0.0234648
0.0490611
0.0669659
-0.0187317
0.0840626
0.0743314
0.0560999
0.0175631
-0.0105162
-0.0271773
-0.0741103
-0.0086458
-0.0093377
-0.0149014
-0.0780107
0.0074458
-0.0316358
0.0140995
0.0137325
0.1038578
0.0788871
0.0403384
0.0512717
0.0571208
-0.0274795
-0.0724620
-0.2079232
-0.2387888
-0.2572300
-0.2479248
0.0116332
0.2742183
0.4749413
0.4222898
0.2493821
0.0328177
-0.2321067
-0.3086373
-0.2443199
-0.1782542
-0.1251206
-0.0764978
-0.0268203
0.0932429
0.0836021
0.1398937
0.0577862
0.0320241
0.0293918
0.0315917
0.0113610
-0.0547628
0.0016408
-0.0686994
-0.0404637
0.0082287
-0.0296818
-0.0753458
0.0034717
0.0222206
0.0171525
0.0241318
0.0645779
0.0163854
-0.0129120
0.0266296
0.0388788
-0.0327023
-0.0198108
-0.0024833
0.0127522
0.0031853
0.0017987
-0.0583895
-0.0532409
-0.0370752
-0.0336336
-0.0410092
0.0523358
-0.0183632
-0.0377554
-0.0479996
-0.0412680
-0.0224704
-0.0403502
0.0234144
0.0320995
-0.0273930
0.0349010
0.0260238
0.0116805
-0.0042830
0.0174364
0.0484308
0.0195258
0.0282381
-0.0322368
-0.0215481
-0.0128659
-0.0493197
-0.0576253
-0.0263693
-0.0391006
-0.0426275
0.0049230
0.0129011
0.0252564
0.0044868
0.0268426
0.0277720
-0.0185200
0.0562101
0.0184768
0.0103390
-0.0205502
0.0221356
-0.0349857
