-0.0166359
-0.0181498
-0.0228178
0.0282068
-0.0090029
0.0267993
-0.0235445
0.0123515
-0.0094568
0.0065623
-0.0168963
-0.0242753
0.0030684
-0.0125545
-0.0179660
0.0334343
0.0224403
0.0164630
-0.0032905
-0.0071191
-0.0139101
0.0385595
-0.0129272
0.0016719
0.0002603
-0.0336080
-0.0186661
-0.0198492
-0.0062004
0.0176925
0.0110612
0.0394087
0.0310856
0.0384708
0.0396059
0.0303926
0.0746206
0.0227540
-0.0129669
-0.0578598
-0.0689448
-0.1109194
-0.1757845
-0.2020482
-0.1122353
0.0556557
0.2335792
0.3478918
0.2828965
0.0802696
-0.1056723
-0.1966831
-0.1975082
-0.1514077
-0.0829676
-0.0242223
0.0139628
0.0345228
0.0337452
0.0311206
0.0491236
0.0572978
0.0424808
0.0135896
0.0060571
-0.0037954
-0.0259000
-0.0277120
-0.0447778
-0.0613720
-0.0503716
0.0196316
0.0025404
0.0166685
0.0265324
0.0133684
0.0045123
0.0362299
0.0099152
0.0303411
0.0047913
0.0004735
0.0076569
-0.0191330
-0.0049958
0.0020444
-0.0376874
-0.0169388
-0.0198054
-0.0040675
0.0065638
0.0250443
0.0150988
-0.0071395
-0.0068311
-0.0256423
0.0062187
-0.0285979
-0.0063429
0.0029183
0.0085813
0.0032745
-0.0111935
0.0216811
-0.0158279
0.0117500
-0.0270281
0.0236153
0.0201215
0.0257017
-0.0100881
0.0104581
-0.0018841
0.0147585
0.0265757
-0.0069496
-0.0364556
0.0064881
0.0044247
-0.0141490
0.0110560
0.0124097
0.0133791
0.0112316
0.0191180
0.0033856
-0.0240799
-0.0020771
0.0250022
-0.0003605
0.0295899
-0.0253477
0.0016519
-0.0136510
-0.0177236
-0.0099330
0.0265602
0.0180016
0.0182583
0.0224661
-0.0215013
0.0216379
0.0185338
0.0052325
0.0074650
0.0246825
-0.0104490
-0.0160873
-0.0239757
-0.0043916
-0.0271405
-0.0215261
0.0270861
0.0237563
0.0150411
-0.0094570
-0.0273055
0.0009825
0.0217350
-0.0235762
-0.0147406
0.0302305
0.0270424
0.0027383
-0.0099191
-0.0257149
0.0036452
0.0084796
-0.0011043
-0.0348579
-0.0059397
0.0166456
0.0248756
0.0278336
-0.0236954
0.0315165
-0.0047055
0.0157025
-0.0094747
-0.0037239
-0.0032129
-0.0094500
-0.0170102
-0.0114968
0.0143019
-0.0166012
-0.0314310
-0.0219185
-0.0058158
0.0078829
0.0265766
0.0179756
-0.0050002
-0.0167833
0.0214543
0.0127953
-0.0198734
0.0205087
-0.0289389
-0.0218221
-0.0036167
-0.0078142
-0.0196889
-0.0110578
0.0236403
0.0152984
0.0116318
0.0174639
0.0317417
0.0058812
-0.0270312
0.0174969
0.0294307
0.0016902
0.0027849
-0.0103039
0.0189727
-0.0329063
-0.0041975
-0.0055681
0.0141614
0.0157594
0.0169640
-0.0304283
-0.0169862
-0.0224500
-0.0111396
0.0295740
0.0478591
0.0026385
-0.0088739
-0.0227577
-0.0339553
-0.0339503
-0.0436740
-0.0310871
-0.0560526
-0.0218680
0.0010962
0.0170111
0.0247658
0.0276256
0.0564439
0.0668559
0.0326756
0.0748199
0.0369216
0.0282954
-0.0456865
-0.0482653
-0.1495550
-0.1755284
-0.1606242
-0.1109864
0.0523910
0.1914071
0.2994214
0.3027627
0.1422003
-0.0591567
-0.1614632
-0.2184643
-0.1684787
-0.0721284
-0.0169719
-0.0023283
0.0254939
0.0805761
0.0435482
0.0828853
0.0442650
0.0153140
0.0300025
0.0185046
-0.0166480
-0.0402276
-0.0031099
-0.0082157
-0.0374825
-0.0284462
0.0000078
-0.0210203
0.0163772
0.0415369
0.0422023
-0.0008936
0.0205848
0.0132092
-0.0054491
-0.0200498
-0.0144017
-0.0072822
0.0091615
-0.0334696
-0.0212240
-0.0240880
-0.0084556
0.0130588
-0.0253567
-0.0254181
0.0156774
0.0296233
0.0398990
0.0007288
0.0115629
-0.0220989
-0.0347752
0.0197230
0.0140802
0.0144576
0.0139654
-0.0227720
0.0140473
0.0165021
0.0274345
0.0100301
-0.0091343
-0.0351079
0.0137780
0.0150240
-0.0208503
0.0212808
0.0133952
-0.0055204
0.0295809
0.0039721
-0.0288774
0.0061620
0.0239518
0.0030070
-0.0107552
0.0235300
0.0104543
-0.0235790
-0.0204317
0.0188502
-0.0251157
-0.0276752
-0.0093471
0.0226801
0.0126738
-0.0156050
-0.0044088
0.0115576
0.0270079
-0.0067733
-0.0050588
-0.0237844
0.0308277
-0.0233524
0.0130468
-0.0163881
-0.0269391
-0.0207654
0.0161381
-0.0202665
0.0269431
0.0112222
-0.0314980
0.0221021
0.0091755
0.0143631
0.0105356
0.0195575
-0.0054727
-0.0163339
-0.0121493
-0.0089030
-0.0347829
-0.0158498
-0.0327035
0.0267844
0.0273007
-0.0146432
-0.0253727
0.0002207
0.0112151
-0.0282820
0.0254560
0.0125246
-0.0210535
-0.0208370
-0.0231767
0.0254652
-0.0121328
0.0108920
-0.0189005
0.0272199
-0.0016081
-0.0093071
0.0302492
0.0169127
0.0018264
0.0160092
-0.0121754
0.0257944
-0.0281060
-0.0155148
0.0099173
0.0144653
0.0182438
-0.0211334
0.0063403
0.0062566
0.0191065
0.0232565
0.0269081
0.0009247
0.0078947
0.0244301
0.0168897
-0.0310940
-0.0276173
-0.0401343
-0.0102119
-0.0309203
-0.0101258
-0.0527876
-0.0249744
0.0286543
-0.0060331
0.0097786
0.0581073
0.0935033
0.0436522
0.0354835
0.0267288
0.0126958
-0.0232760
-0.0723420
-0.1737469
-0.2230261
-0.1843454
-0.0813526
0.0660560
0.2318110
0.3242784
0.2501552
0.1308879
-0.0653371
-0.2036502
-0.2363275
-0.1970685
-0.1214132
-0.0557000
0.0068668
0.0495648
0.0636243
0.0500459
0.0477247
0.0821520
0.0517768
0.0077247
-0.0319282
-0.0057244
-0.0477443
-0.0396094
-0.0636383
-0.0305180
-0.0430409
-0.0166082
-0.0152180
0.0267401
0.0229883
0.0142955
0.0338596
0.0044243
0.0311498
-0.0004178
0.0302888
0.0198913
-0.0366994
-0.0241703
0.0001275
-0.0272655
-0.0009920
0.0057096
0.0152954
0.0217451
0.0027982
0.0396849
0.0299476
-0.0160131
0.0262750
0.0090874
0.0059723
0.0202540
-0.0067750
0.0279579
0.0280671
-0.0302703
-0.0029073
-0.0018978
0.0160307
-0.0142546
0.0101145
0.0181136
0.0193757
0.0061376
-0.0035862
0.0246427
-0.0020145
0.0145723
0.0294362
0.0200319
0.0077747
-0.0205737
-0.0225524
0.0322694
-0.0160326
-0.0269059
-0.0195628
0.0086723
-0.0176163
-0.0328363
0.0280766
0.0153824
-0.0039970
-0.0246862
-0.0010961
-0.0260388
0.0230878
0.0243925
-0.0285577
0.0016719
-0.0208163
-0.0264252
-0.0187345
-0.0056496
-0.0137195
0.0008381
0.0189102
0.0041800
-0.0275425
-0.0117711
0.0021791
0.0245259
-0.0027181
0.0238912
0.0232559
0.0216960
-0.0058342
-0.0288773
-0.0157007
-0.0090706
0.0059209
0.0059219
-0.0098800
0.0207936
-0.0181680
-0.0089302
-0.0229834
0.0229361
0.0139636
-0.0212791
-0.0088804
0.0245848
0.0112950
0.0217824
-0.0074026
0.0244450
0.0284730
0.0253473
-0.0189164
0.0120628
0.0090960
-0.0074856
0.0165284
-0.0137328
0.0300322
0.0246034
-0.0105853
0.0143180
-0.0098492
-0.0118514
0.0025237
0.0141899
-0.0135839
-0.0263948
0.0272101
0.0205247
0.0325491
-0.0184599
0.0141043
-0.0217552
0.0102014
-0.0165571
0.0041343
0.0117600
0.0248753
0.0212116
-0.0158396
-0.0078074
-0.0154278
-0.0033168
-0.0289423
-0.0283729
-0.0236756
0.0070208
0.0139198
-0.0082691
0.0170698
0.0044128
-0.0305091
-0.0013925
0.0180027
0.0027851
0.0067106
0.0113506
-0.0210123
0.0333651
0.0206714
0.0116409
0.0014536
0.0296863
0.0261368
0.0260693
0.0381540
-0.0012964
0.0046461
0.0031017
-0.0462140
-0.0274900
-0.0637041
-0.0057219
-0.0110902
0.0194664
-0.0012489
0.0666495
0.0481623
0.0378805
0.0415084
0.0520501
0.0357120
-0.0089072
-0.0465149
-0.1128488
-0.1447511
-0.1870713
-0.1538867
-0.1013734
0.0896461
0.2779542
0.3493739
0.2964583
0.0921066
-0.1108631
-0.1993790
-0.2168792
-0.1309962
-0.0719355
0.0036352
0.0030957
0.0716805
0.0334539
0.0971463
0.0793886
0.0713885
0.0312622
0.0232964
-0.0178356
-0.0438848
-0.0109599
-0.0442112
-0.0500423
-0.0194856
-0.0157995
-0.0247024
0.0283200
0.0353388
0.0015560
-0.0022665
0.0191993
0.0195097
0.0330486
0.0196746
0.0103647
0.0046766
-0.0198039
0.0044921
-0.0229862
-0.0240130
-0.0128706
-0.0185412
0.0206081
-0.0256164
0.0269418
0.0306950
0.0377064
0.0042721
-0.0181034
0.0098715
-0.0114312
-0.0123941
-0.0276502
0.0113363
-0.0117016
-0.0166601
0.0243241
0.0238287
-0.0203129
0.0034104
0.0181017
-0.0029249
0.0237184
0.0026692
0.0217283
0.0142236
0.0258828
0.0326501
-0.0026819
0.0337009
0.0172589
0.0081655
0.0168908
-0.0319641
-0.0198602
-0.0258065
-0.0310797
-0.0261915
-0.0079146
0.0224123
-0.0122249
0.0199436
-0.0145202
0.0201081
-0.0132902
-0.0193417
-0.0010736
0.0022925
0.0232638
0.0016587
0.0192970
-0.0028534
-0.0206629
-0.0025124
-0.0289943
-0.0194680
0.0037704
0.0174243
-0.0008280
0.0063608
0.0223000
-0.0296545
-0.0285215
0.0055367
-0.0355996
0.0149001
-0.0051112
0.0132067
-0.0005397
0.0000345
0.0218580
0.0245442
-0.0295601
-0.0304894
-0.0224999
0.0043524
0.0100297
-0.0227155
-0.0163191
-0.0235733
-0.0156110
-0.0182588
0.0277531
-0.0210855
-0.0122264
0.0047945
0.0130737
-0.0285930
0.0106281
0.0120196
0.0295702
0.0317691
-0.0247649
0.0235806
-0.0195885
-0.0160699
0.0044587
-0.0175802
-0.0127174
0.0271324
-0.0259656
-0.0243393
-0.0246073
-0.0306352
-0.0325791
-0.0082463
0.0307102
0.0267081
-0.0061335
0.0253008
0.0157718
-0.0030345
0.0158569
-0.0000069
-0.0084442
-0.0108529
-0.0429131
-0.0092310
-0.0066651
-0.0466997
-0.0332332
-0.0402173
0.0239732
0.0122415
0.0502891
0.0312355
0.0433328
0.0804301
0.0464016
0.0717155
0.0313070
-0.0455619
-0.0664415
-0.1374053
-0.1827391
-0.2245552
-0.1651159
0.0393680
0.1821336
0.3612209
0.3408715
0.1858237
-0.0225041
-0.1933504
-0.2384603
-0.1710953
-0.0943941
-0.0542769
0.0050258
0.0262166
0.0694733
0.0851489
0.0918398
0.0768148
0.0170506
-0.0031539
0.0206751
-0.0138076
-0.0352623
-0.0073150
-0.0418153
-0.0179971
-0.0338120
0.0189350
0.0088516
-0.0219125
0.0134208
0.0060022
0.0326400
0.0091414
0.0114486
-0.0194113
0.0002896
-0.0087966
0.0229381
-0.0172009
0.0121067
-0.0355565
0.0091692
0.0196025
0.0237000
0.0256990
-0.0160569
0.0246764
-0.0089853
0.0151629
0.0281350
0.0408327
0.0047161
-0.0383912
-0.0313230
-0.0166124
-0.0155191
0.0141816
-0.0141536
-0.0100075
0.0100819
-0.0254309
0.0041336
0.0284828
0.0094577
0.0216365
-0.0044886
-0.0134906
0.0108222
-0.0290402
-0.0038261
0.0242505
-0.0249450
0.0167369
0.0130634
-0.0092057
0.0022488
-0.0317545
0.0032882
-0.0041432
0.0333118
-0.0136923
0.0085381
-0.0125197
0.0070479
-0.0076219
0.0290374
-0.0089862
0.0101498
-0.0004500
-0.0041159
-0.0181728
0.0266450
0.0261116
0.0159832
-0.0165510
-0.0178078
0.0296775
0.0049067
-0.0002780
-0.0306506
0.0006335
-0.0248816
-0.0186304
0.0280591
-0.0023236
0.0132175
0.0240445
0.0107323
0.0152650
-0.0050943
0.0044337
-0.0018427
-0.0166833
-0.0068521
0.0069011
-0.0165697
0.0201201
0.0079068
0.0113256
0.0249061
0.0262511
0.0340650
-0.0230469
-0.0063680
-0.0008638
0.0210013
0.0244143
-0.0101755
-0.0126990
-0.0124442
-0.0105880
-0.0026172
-0.0244450
0.0169922
-0.0281110
0.0021328
0.0197418
0.0281147
0.0011625
-0.0113540
-0.0003857
-0.0278867
0.0049848
-0.0245934
0.0122792
-0.0284929
0.0158596
-0.0268526
0.0020177
-0.0199270
-0.0062432
-0.0297512
-0.0014164
-0.0161260
0.0308564
-0.0154547
-0.0059120
0.0258379
0.0211016
-0.0100538
-0.0094045
-0.0317248
0.0297947
-0.0194324
0.0284205
-0.0039813
-0.0106407
0.0049124
-0.0286075
-0.0244702
-0.0183315
0.0073687
0.0287195
-0.0161870
-0.0091803
0.0083596
-0.0206246
0.0208686
0.0131927
0.0245975
-0.0106448
-0.0008612
0.0352198
0.0159896
0.0329893
0.0437643
0.0401718
-0.0112718
0.0100892
-0.0281405
0.0122723
0.0065035
-0.0577874
-0.0441240
-0.0498742
-0.0414992
0.0303289
0.0218292
0.0636176
0.0678335
0.0739742
0.0777316
0.0702683
0.0507703
-0.0067744
-0.0481146
-0.0543012
-0.1246340
-0.1762063
-0.1848200
-0.0774598
0.0327584
0.2069516
0.3344414
0.2769210
0.1441315
-0.0899105
-0.2066045
-0.2395734
-0.1906509
-0.0993437
-0.0340589
0.0261019
0.0601839
0.0334644
0.0434214
0.0600880
0.0231944
0.0340933
0.0157200
0.0054278
-0.0028955
-0.0224883
-0.0132284
-0.0261021
-0.0001992
-0.0189885
-0.0193628
-0.0172642
0.0270679
-0.0052614
-0.0055837
-0.0028394
0.0176354
0.0267401
0.0165658
0.0162496
-0.0020884
0.0030280
-0.0186136
0.0229768
-0.0330091
0.0186986
-0.0120128
-0.0184215
0.0172243
0.0153743
-0.0015080
0.0092855
0.0197830
-0.0011997
-0.0177025
0.0262673
-0.0234428
0.0311877
-0.0130685
-0.0195465
0.0164930
-0.0121537
0.0068423
-0.0100279
-0.0252525
-0.0298103
-0.0040476
0.0236051
0.0189212
0.0199596
-0.0267392
-0.0007920
0.0204275
0.0055475
0.0297297
-0.0246838
-0.0147949
-0.0261678
-0.0223768
-0.0194695
-0.0114652
-0.0295371
-0.0310193
0.0043753
-0.0254309
-0.0259322
0.0044025
0.0213146
0.0067936
-0.0114329
0.0226800
0.0093588
-0.0125694
-0.0231143
-0.0040555
-0.0041837
-0.0313756
-0.0098564
0.0042554
0.0010614
0.0228843
0.0170323
-0.0076645
0.0137710
0.0249928
0.0027936
-0.0088708
0.0108175
-0.0354360
0.0037697
0.0251863
0.0182462
0.0238891
-0.0152221
-0.0070835
-0.0233209
-0.0012911
-0.0004895
0.0227414
-0.0111787
0.0173302
-0.0255523
-0.0077485
-0.0115712
0.0063289
-0.0149009
0.0209176
0.0254680
0.0144313
0.0304034
-0.0116999
0.0247900
-0.0247464
0.0296698
0.0022780
0.0140165
-0.0229591
-0.0263162
-0.0313302
0.0312617
-0.0142267
-0.0220629
0.0018301
0.0204114
-0.0192163
0.0052407
0.0184130
-0.0257449
-0.0043259
-0.0226908
0.0111556
0.0197238
-0.0104652
0.0192329
0.0019018
-0.0052613
0.0117595
0.0270977
0.0229493
-0.0232637
0.0226242
0.0342635
0.0167191
-0.0051722
0.0118952
0.0296960
0.0059896
0.0009419
0.0185923
0.0209052
-0.0391785
-0.0208913
0.0244720
0.0249410
-0.0094624
0.0094279
0.0222672
0.0090044
0.0319658
0.0200989
0.0247270
0.0235784
0.0300334
-0.0000872
-0.0200796
-0.0588434
-0.0147535
-0.0040497
-0.0049040
-0.0364850
-0.0304638
0.0157576
0.0561010
0.0224727
0.0301351
0.0410431
0.0451597
0.0086669
0.0141516
-0.0525789
-0.0767248
-0.1303491
-0.2059325
-0.1943434
-0.0765053
0.0732714
0.2612690
0.3242280
0.2915210
0.0900908
-0.0609671
-0.2300070
-0.2244970
-0.1879471
-0.0905903
-0.0085345
0.0080179
0.0277462
0.0671177
0.0667598
0.0542106
0.0783672
0.0332866
0.0195503
