0.0176049
-0.0005589
-0.0113102
-0.0006197
0.0124393
-0.0039784
-0.0293083
-0.0213972
0.0223693
0.0166935
-0.0294878
-0.0278425
-0.0106360
-0.0083460
0.0218348
-0.0134743
0.0170269
0.0131774
-0.0136164
0.0183140
-0.0279739
0.0134513
0.0041123
0.0075226
-0.0046239
0.0112731
-0.0265531
-0.0254760
-0.0091198
0.0200448
0.0184459
-0.0161353
-0.0266645
0.0113599
-0.0025888
-0.0011771
-0.0024974
0.0223788
0.0204951
0.0336307
0.0156648
0.0226903
0.0052959
-0.0238006
0.0000976
0.0195284
0.0217404
-0.0015475
0.0081102
0.0007411
0.0118943
0.0170086
0.0128002
0.0050657
-0.0005925
0.0168262
-0.0068320
-0.0072056
-0.0209233
-0.0475513
-0.0144435
-0.0021015
-0.0331057
0.0043176
0.0096745
0.0056444
0.0120569
0.0496125
0.0766515
0.0636963
0.0570790
0.0265467
-0.0323773
-0.0291654
-0.0953132
-0.1322993
-0.1749353
-0.1290018
0.0236585
0.1823435
0.2540645
0.2766761
0.1240289
-0.0526000
-0.1850064
-0.2027619
-0.1644312
-0.0634047
-0.0050977
-0.0120863
0.0357157
0.0429309
0.0608535
0.0643418
0.0417429
0.0418363
0.0336493
-0.0149928
-0.0256685
-0.0079403
-0.0230449
-0.0055413
0.0010118
-0.0430419
-0.0347355
0.0115619
0.0047223
0.0081099
0.0060243
-0.0020049
0.0016679
0.0329382
0.0189733
0.0094310
-0.0208895
-0.0218580
-0.0327692
-0.0219421
-0.0010274
0.0125676
-0.0031475
-0.0265763
0.0183529
-0.0037888
0.0263060
0.0232935
0.0054510
0.0076806
-0.0094287
-0.0006538
0.0220299
-0.0206296
-0.0032384
-0.0009995
0.0144944
0.0040085
0.0042688
-0.0180903
-0.0063057
-0.0208307
0.0222045
0.0073000
-0.0009083
0.0217715
0.0139960
-0.0223295
0.0265930
0.0118457
0.0080531
0.0056257
0.0265170
0.0185262
0.0078526
0.0177780
-0.0091398
-0.0065326
0.0161287
-0.0080797
-0.0107252
0.0176277
-0.0081933
0.0132908
-0.0191823
-0.0142450
0.0222933
-0.0194764
0.0076710
0.0043904
-0.0261238
-0.0214208
0.0078575
-0.0238154
0.0096871
-0.0076901
-0.0168986
-0.0128499
-0.0136470
0.0030796
-0.0223215
0.0220612
-0.0249745
0.0218543
0.0077725
-0.0123957
-0.0065124
-0.0018192
0.0048669
-0.0269436
0.0238506
0.0149209
-0.0166416
0.0066508
0.0125425
-0.0248212
0.0006956
0.0197438
-0.0011397
0.0089731
0.0061975
-0.0031319
-0.0100401
-0.0057750
-0.0113222
-0.0170735
0.0132666
-0.0017434
-0.0209615
-0.0158671
0.0176731
0.0261227
0.0231892
0.0297164
-0.0199022
-0.0198872
0.0031836
0.0140681
-0.0136125
0.0178353
0.0275923
-0.0142217
-0.0110671
-0.0049066
-0.0276447
0.0066722
0.0111745
0.0278531
0.0008550
0.0347742
0.0176264
0.0214462
0.0194432
-0.0290819
-0.0253118
-0.0222787
0.0039078
-0.0363005
-0.0465574
0.0002787
-0.0428294
-0.0165457
0.0087967
0.0207722
0.0415904
0.0200216
0.0706739
0.0334063
-0.0025625
-0.0138133
-0.0290267
-0.0431809
-0.0961619
-0.1287370
-0.1636991
-0.0822746
0.0315835
0.1660842
0.2784349
0.2543371
0.0810593
-0.0772729
-0.1805038
-0.1863499
-0.1119915
-0.0352887
0.0085957
-0.0000228
0.0423064
0.0486843
0.0614659
0.0712311
0.0364247
0.0337099
0.0223551
0.0097027
-0.0328482
-0.0215168
-0.0056661
-0.0054691
-0.0437220
-0.0337905
0.0010643
0.0022049
0.0092579
0.0206475
0.0003183
0.0398497
0.0147811
0.0193729
0.0261615
0.0154651
-0.0264606
-0.0328401
-0.0252441
-0.0407196
-0.0297209
0.0246938
0.0083188
0.0010644
0.0189370
0.0064216
0.0178081
0.0341913
-0.0217156
-0.0261102
-0.0271339
0.0014346
0.0075157
-0.0180244
-0.0144188
-0.0169863
-0.0220806
0.0168970
-0.0234711
-0.0231869
-0.0204657
-0.0266636
-0.0059825
-0.0174553
0.0033257
0.0264838
-0.0058725
0.0161645
-0.0122351
-0.0231318
-0.0143227
0.0161126
-0.0190393
-0.0147882
-0.0204495
-0.0283410
-0.0192877
-0.0232615
0.0165998
-0.0196252
-0.0259281
-0.0145028
0.0144945
-0.0214001
0.0186570
0.0262693
-0.0144387
-0.0186936
-0.0231070
0.0048951
-0.0046914
0.0136223
-0.0342339
-0.0172327
0.0258920
-0.0185693
0.0073010
0.0210875
-0.0047323
-0.0026659
0.0161867
0.0023061
0.0083450
-0.0160919
-0.0181082
-0.0331916
-0.0021728
0.0176949
0.0010097
0.0043438
0.0092578
0.0277766
0.0226757
-0.0163284
-0.0199578
0.0114293
0.0101543
-0.0179816
0.0049930
-0.0156906
0.0118536
0.0162341
-0.0197854
0.0062066
-0.0275164
0.0093670
-0.0201538
-0.0038135
0.0040327
0.0050167
-0.0187387
-0.0252176
-0.0312830
0.0154333
-0.0026131
0.0231767
-0.0102336
-0.0340018
-0.0363247
-0.0336072
0.0054721
0.0032875
-0.0058191
0.0179030
0.0058928
0.0097626
-0.0063699
-0.0134758
0.0103367
0.0099599
0.0000183
0.0098264
-0.0203567
-0.0093536
-0.0087739
-0.0402796
-0.0052783
-0.0270202
-0.0117211
-0.0350133
0.0054320
0.0251253
0.0330722
0.0719699
0.0484414
0.0533032
0.0294382
0.0091619
0.0074905
-0.0552017
-0.1205302
-0.1213797
-0.1882005
-0.1377357
-0.0240292
0.0930316
0.2034808
0.2460849
0.2002598
0.0738123
-0.0572851
-0.1644908
-0.2059600
-0.1608164
-0.0937844
-0.0178277
0.0281868
0.0630456
0.0325519
0.0692735
0.0815108
0.0261153
0.0256880
-0.0015252
-0.0186103
-0.0050846
-0.0189113
-0.0142680
-0.0397855
-0.0039721
-0.0336609
-0.0285209
0.0106858
-0.0175507
0.0227058
0.0353880
0.0457945
-0.0029882
-0.0190027
0.0190769
0.0165192
-0.0279676
-0.0155339
-0.0303454
0.0019176
-0.0122281
-0.0092041
0.0030507
-0.0056146
-0.0038720
-0.0086348
-0.0080787
0.0191052
0.0259057
0.0088529
-0.0166255
-0.0041352
0.0035275
0.0233506
-0.0172277
-0.0055562
0.0044960
-0.0225953
0.0131601
-0.0288101
0.0139967
0.0140596
0.0093063
0.0039019
0.0100760
-0.0061342
-0.0230720
-0.0063444
-0.0178278
0.0196948
0.0239016
-0.0158086
-0.0114400
-0.0250885
0.0269272
0.0077204
-0.0030310
-0.0097248
0.0022228
0.0254276
-0.0214061
-0.0009790
-0.0051564
0.0073261
0.0268680
-0.0234683
0.0067887
-0.0257005
-0.0055397
-0.0213463
0.0273029
0.0107815
0.0181087
-0.0138355
0.0040194
-0.0128503
-0.0179884
-0.0171082
0.0276716
-0.0161539
0.0068759
0.0217694
-0.0193249
-0.0103886
0.0179320
0.0092607
0.0130092
0.0223236
0.0150128
-0.0102493
-0.0030434
0.0264962
0.0254428
-0.0090335
0.0017773
0.0012936
-0.0136728
-0.0059030
0.0144781
0.0007999
0.0226240
-0.0200720
-0.0212367
0.0126540
-0.0093768
0.0188652
0.0060830
-0.0304643
-0.0025879
0.0121396
0.0012532
0.0237516
-0.0037166
-0.0159491
-0.0248307
0.0011943
0.0166394
0.0136658
-0.0338992
-0.0150079
0.0009793
0.0182066
-0.0000173
0.0126155
-0.0141418
0.0217352
0.0164366
0.0306707
-0.0175647
0.0009774
-0.0210680
-0.0051076
0.0129717
-0.0257538
-0.0063184
-0.0052387
-0.0082692
-0.0267882
0.0126433
-0.0186635
0.0029179
0.0297240
0.0706524
0.0495258
0.0475102
0.0201251
0.0396019
-0.0232953
-0.0618046
-0.0763567
-0.1306789
-0.1797558
-0.1504033
-0.0533980
0.1104833
0.2300990
0.2808080
0.2028024
0.0932379
-0.0618367
-0.1796828
-0.1750199
-0.1475065
-0.0601617
-0.0425996
0.0196542
0.0666974
0.0436820
0.0580298
0.0793463
0.0638725
0.0045684
0.0335416
0.0148417
-0.0125970
-0.0098993
-0.0464192
-0.0512407
-0.0336571
0.0052892
-0.0319970
-0.0001828
0.0162622
0.0132083
-0.0109110
0.0278680
0.0131755
0.0092204
0.0334180
-0.0046988
-0.0093435
-0.0009369
-0.0148409
-0.0205197
-0.0316773
0.0007508
-0.0258585
-0.0198238
-0.0152320
0.0277649
0.0252544
0.0070272
0.0184375
-0.0102538
0.0006682
0.0175847
0.0209031
-0.0112877
0.0100040
-0.0187544
-0.0109411
0.0101226
0.0291988
0.0210208
-0.0090974
0.0008428
0.0137297
0.0053117
-0.0063717
0.0019284
-0.0032385
-0.0134658
-0.0149271
-0.0165133
-0.0213662
0.0086559
-0.0093621
0.0191299
-0.0093956
0.0131810
0.0231838
-0.0161585
0.0005458
-0.0173451
-0.0004812
-0.0091442
0.0147309
-0.0045383
-0.0303915
-0.0116674
-0.0010394
-0.0192921
-0.0198671
0.0231243
-0.0282909
-0.0300868
0.0036814
0.0146528
-0.0218997
-0.0080822
0.0197359
-0.0244971
0.0125090
0.0127053
-0.0285225
0.0037284
-0.0160522
-0.0043693
-0.0144663
-0.0101869
0.0201289
0.0109082
0.0238738
-0.0274009
0.0146457
0.0202272
-0.0033964
0.0064991
-0.0138677
-0.0025934
-0.0206333
0.0054420
0.0171535
0.0167664
0.0222939
0.0047174
0.0298679
-0.0188366
-0.0152487
-0.0273768
0.0234621
0.0207814
-0.0190677
-0.0259322
0.0054864
0.0033817
-0.0079391
-0.0134214
0.0144530
0.0242620
-0.0116740
0.0143060
-0.0039749
0.0155359
0.0205785
0.0017964
-0.0126147
-0.0121562
-0.0081411
-0.0368756
-0.0006683
-0.0409817
-0.0164270
-0.0139378
-0.0143969
-0.0163402
-0.0097081
0.0218519
0.0023684
0.0723053
0.0550030
0.0326929
0.0458102
0.0032814
0.0077240
-0.0180235
-0.0703330
-0.1466549
-0.1943759
-0.1759006
-0.0664240
0.0964780
0.2583220
0.2880946
0.2229592
0.0427032
-0.1097917
-0.2088824
-0.1961202
-0.1516776
-0.0571879
-0.0004233
0.0397186
0.0272806
0.0300410
0.0643110
0.0758931
0.0421728
0.0383626
0.0106473
-0.0246454
-0.0359801
-0.0208143
-0.0225186
-0.0609592
-0.0057639
-0.0117791
0.0199174
0.0178533
-0.0109735
0.0322945
-0.0122105
0.0336236
0.0043480
0.0318739
-0.0181920
-0.0205224
0.0082688
-0.0137677
-0.0201281
0.0072001
0.0162965
-0.0120132
-0.0232905
0.0165664
0.0223197
-0.0132070
-0.0077729
0.0016531
-0.0205830
-0.0133510
-0.0069291
0.0095816
-0.0038220
0.0116333
0.0067370
0.0171809
-0.0097764
-0.0240599
-0.0270850
0.0167547
0.0110737
0.0159052
0.0207235
0.0081122
0.0259063
-0.0102294
-0.0055733
-0.0081257
-0.0260075
0.0047324
-0.0188240
-0.0124267
-0.0023543
0.0024601
0.0053119
-0.0125093
-0.0154478
-0.0244932
-0.0027628
-0.0170679
-0.0004135
0.0167793
0.0016542
-0.0126099
-0.0169656
0.0125007
-0.0210222
0.0123661
-0.0139386
0.0176616
-0.0011671
0.0161652
0.0234015
0.0066027
0.0255124
-0.0191945
0.0028212
0.0265818
-0.0257743
0.0220777
0.0258257
-0.0104662
0.0202620
-0.0005846
0.0064867
0.0065184
0.0225500
-0.0063550
0.0044747
-0.0247858
-0.0115927
0.0182150
-0.0081854
-0.0046329
-0.0028468
0.0034826
0.0255074
-0.0083227
0.0092772
-0.0211810
-0.0066394
-0.0121632
-0.0147812
0.0211481
0.0117534
0.0204985
0.0088562
0.0244746
0.0222352
0.0170080
0.0127851
-0.0185137
0.0223065
0.0176435
0.0063425
-0.0099440
-0.0137801
0.0142122
0.0227262
-0.0120106
-0.0137372
-0.0070190
0.0072306
-0.0117813
-0.0315019
-0.0265151
0.0177765
-0.0162832
0.0245912
-0.0223695
-0.0026155
-0.0129701
0.0286557
0.0227531
-0.0009384
0.0029631
-0.0049215
0.0145836
-0.0216531
-0.0077714
0.0035922
-0.0044249
-0.0390679
-0.0426698
-0.0168069
0.0118893
0.0292425
0.0414899
0.0507163
0.0500206
0.0536387
0.0364770
0.0237668
0.0098680
-0.0337715
-0.0305187
-0.1008750
-0.1333064
-0.1396833
-0.1398823
-0.0417909
0.0959485
0.2866081
0.2955926
0.1815822
0.0384512
-0.1166184
-0.1960771
-0.1489964
-0.1172615
-0.0214238
-0.0013001
0.0463589
0.0629977
0.0605734
0.0776399
0.0388194
0.0188830
0.0391136
0.0249763
-0.0001709
-0.0042817
-0.0376068
-0.0065469
-0.0228172
-0.0424133
-0.0402663
-0.0296946
0.0272685
0.0308730
-0.0009925
0.0276167
0.0213365
0.0273209
-0.0016910
-0.0188634
0.0016138
-0.0108672
-0.0126445
0.0131254
-0.0104143
-0.0259434
-0.0219286
0.0059964
0.0017053
-0.0191720
0.0077969
0.0198701
0.0172750
-0.0039496
-0.0338574
0.0204541
0.0027590
0.0266717
0.0027994
-0.0091884
-0.0130734
-0.0018862
-0.0013758
0.0283224
-0.0253228
-0.0070448
-0.0185935
-0.0113358
0.0162183
0.0241068
-0.0163787
0.0148276
0.0049769
0.0283505
-0.0194738
0.0124568
0.0190528
0.0134686
-0.0200729
-0.0121687
-0.0034501
0.0137665
0.0071919
0.0045644
0.0049550
-0.0283974
-0.0041718
0.0179185
-0.0004068
-0.0233121
-0.0227742
-0.0292731
0.0055372
-0.0248117
-0.0151273
-0.0022524
0.0223972
0.0055073
0.0002063
-0.0025324
0.0146451
0.0076343
0.0235314
-0.0255703
0.0252939
-0.0076857
-0.0023765
0.0263782
-0.0220498
0.0185228
0.0174264
0.0122787
0.0127448
0.0105541
-0.0094200
-0.0206054
0.0120430
0.0067374
-0.0037033
-0.0176333
0.0181867
0.0097928
-0.0231758
-0.0152529
-0.0038143
-0.0147697
-0.0040204
-0.0150499
0.0126347
-0.0223800
0.0208096
-0.0035029
0.0089298
0.0029587
0.0209069
-0.0207394
-0.0202814
0.0167957
0.0223367
0.0060729
-0.0270067
-0.0327847
-0.0064367
0.0205091
0.0211321
0.0196053
-0.0014443
-0.0240643
-0.0138076
-0.0237803
0.0062394
0.0100187
0.0251126
-0.0141117
0.0274527
0.0222847
0.0387906
0.0070635
0.0065960
0.0097017
-0.0035051
-0.0412602
-0.0437427
-0.0234638
-0.0566873
-0.0274747
0.0140947
0.0031466
0.0141433
0.0315152
0.0347167
0.0297980
0.0350920
0.0562402
-0.0074888
-0.0183054
-0.0904202
-0.0989828
-0.1306924
-0.1494851
-0.0598820
0.0747899
0.2007586
0.2474848
0.2153444
0.0937067
-0.0164043
-0.1482870
-0.1765331
-0.1506347
-0.1079907
-0.0206854
0.0317706
0.0130547
0.0279473
0.0825299
0.0578729
0.0738482
0.0327428
0.0086289
-0.0178446
0.0012534
-0.0022895
-0.0508920
0.0007783
0.0013971
0.0021222
-0.0021857
-0.0147891
0.0232547
0.0317874
-0.0043486
0.0164724
0.0054257
-0.0067988
0.0017810
0.0010139
-0.0126594
0.0043793
0.0150482
-0.0389488
-0.0056012
-0.0202246
-0.0198473
0.0241098
-0.0035632
0.0239336
-0.0079197
-0.0022782
-0.0159959
-0.0008374
0.0042403
-0.0193683
0.0005002
-0.0103214
0.0116888
0.0264118
-0.0091333
-0.0081125
-0.0144991
-0.0348711
-0.0245230
0.0162937
0.0247898
0.0160596
0.0102958
-0.0055164
0.0302244
0.0202204
0.0055514
0.0193872
-0.0042370
-0.0108497
-0.0079906
0.0172825
0.0044266
0.0027448
-0.0064607
0.0166398
-0.0166281
-0.0013293
0.0256161
0.0185181
-0.0135233
0.0287971
-0.0145609
0.0132143
-0.0253402
-0.0213977
-0.0287463
-0.0038955
0.0168086
-0.0182190
-0.0264350
-0.0305225
-0.0237529
-0.0218314
0.0232758
0.0356900
0.0027782
0.0189307
-0.0189862
-0.0195829
-0.0108806
-0.0056596
-0.0132424
-0.0177361
0.0162852
0.0222616
-0.0047760
0.0230504
-0.0153987
-0.0162196
-0.0137808
-0.0024225
-0.0080004
0.0058505
-0.0223451
-0.0137698
0.0014940
0.0227081
-0.0316021
0.0105103
0.0192135
