-0.0153453
0.0151574
0.0185852
0.0527338
0.0819500
0.0782488
0.0665420
0.0269621
0.0372429
0.0056046
-0.0175497
0.0053759
-0.0405390
-0.0325858
-0.0190046
-0.0366560
0.0179681
0.0123623
-0.0084446
0.0045348
-0.0013001
0.0252779
0.0155529
0.0416067
0.0249630
-0.0132184
-0.0289862
-0.0195177
0.0232753
-0.0038483
-0.0251336
0.0126599
-0.0184212
-0.0184148
0.0183088
-0.0212252
0.0269345
-0.0137224
-0.0227073
-0.0263739
-0.0251022
-0.0003607
0.0304373
-0.0227102
-0.0088658
0.0054536
0.0116618
-0.0078435
0.0267587
0.0332111
-0.0233942
-0.0332339
0.0076963
-0.0197232
0.0131666
0.0311919
-0.0166486
0.0049828
0.0262153
-0.0301183
-0.0100803
0.0234047
-0.0263120
0.0129864
-0.0010683
0.0273610
0.0169773
-0.0188512
-0.0063303
-0.0089574
0.0069118
0.0080850
0.0019741
0.0168324
0.0060135
0.0120623
0.0327817
0.0264695
0.0217291
-0.0254642
-0.0169266
-0.0076577
0.0064404
-0.0081631
-0.0212889
-0.0275506
0.0339613
0.0157269
0.0249000
0.0133804
-0.0166326
-0.0191853
0.0034974
0.0276222
0.0081181
0.0074032
-0.0321248
0.0257981
0.0125671
0.0089220
0.0178394
-0.0121247
-0.0156152
-0.0274958
0.0212857
0.0010004
0.0076730
0.0037251
0.0264921
-0.0150252
0.0084692
0.0132299
0.0263302
-0.0072563
0.0192749
0.0358097
0.0047519
-0.0094352
0.0061018
-0.0249592
-0.0148332
-0.0305284
0.0113630
-0.0311716
0.0255497
-0.0232533
-0.0013271
0.0072618
-0.0226048
0.0166980
0.0065241
-0.0233111
0.0254338
0.0046869
-0.0040171
-0.0150404
0.0226567
0.0237913
-0.0053736
0.0057484
0.0169576
-0.0322265
-0.0202921
0.0032321
-0.0089994
0.0034430
0.0227629
-0.0134541
0.0035218
-0.0135271
-0.0180097
0.0235846
-0.0141259
0.0317101
0.0074668
0.0006440
0.0106253
-0.0166795
-0.0413891
0.0171872
-0.0085229
-0.0243923
0.0070861
0.0358454
-0.0124669
-0.0113817
0.0041273
0.0345743
-0.0005318
0.0065237
0.0186013
-0.0144867
-0.0064690
-0.0044186
-0.0325732
-0.0500607
-0.0049703
-0.0047078
0.0020735
0.0592929
0.0627952
0.0298288
0.0515097
0.0320395
0.0656580
-0.0064854
-0.0337024
-0.0392781
-0.1085976
-0.2108125
-0.1871206
-0.1091830
0.0469651
0.1938912
0.3511722
0.3424160
0.1902562
0.0058353
-0.1526839
-0.2368563
-0.1981688
-0.1379093
-0.0527968
0.0216764
0.0143031
0.0893307
0.0437334
0.0486686
0.0410903
0.0406174
0.0478913
-0.0195117
0.0052720
-0.0448988
-0.0492112
-0.0177634
-0.0599497
-0.0286056
-0.0005512
-0.0392992
-0.0229460
-0.0062268
0.0017496
0.0414679
0.0152998
0.0069539
0.0214948
-0.0012483
0.0125422
-0.0191495
-0.0262235
-0.0228913
0.0068594
0.0120987
0.0106386
-0.0166553
0.0138207
0.0262986
0.0197411
0.0319597
-0.0165062
0.0339541
0.0032604
0.0314904
0.0013014
-0.0175325
0.0001093
0.0268785
0.0299294
-0.0260105
0.0159467
0.0209610
-0.0157508
-0.0237719
0.0057104
0.0178706
0.0009812
-0.0145718
0.0110246
0.0203937
0.0148557
-0.0042385
-0.0303782
-0.0131455
0.0150767
-0.0220171
-0.0311903
-0.0118761
0.0244766
-0.0028715
0.0133293
0.0127337
-0.0283022
0.0235346
0.0310273
0.0080021
0.0058489
-0.0280214
0.0155799
0.0185425
0.0050095
-0.0021815
-0.0310620
-0.0308922
0.0224855
-0.0201386
-0.0079355
0.0226493
0.0084532
0.0169632
-0.0156841
-0.0172388
0.0187192
-0.0289926
0.0026201
-0.0208737
0.0368955
0.0238702
-0.0094979
0.0134996
-0.0203852
0.0207156
-0.0204764
0.0263598
0.0300474
0.0049038
0.0205431
0.0226430
0.0293824
0.0164477
-0.0192660
-0.0244793
-0.0062196
-0.0206830
-0.0055183
-0.0118861
0.0087387
-0.0010942
-0.0253975
0.0063075
0.0330610
-0.0288787
-0.0138493
0.0141918
0.0100627
-0.0334096
-0.0232054
0.0116512
0.0205591
-0.0204473
0.0247550
-0.0150507
0.0018646
-0.0179138
-0.0235425
0.0134144
-0.0006655
0.0029025
-0.0032421
-0.0330900
0.0095509
-0.0049145
0.0217141
0.0100512
0.0304720
0.0045399
0.0232461
-0.0243059
-0.0187284
0.0174915
0.0282106
-0.0270335
0.0226056
-0.0047285
0.0384303
-0.0198628
0.0248612
-0.0242875
-0.0055289
-0.0320389
-0.0333444
-0.0205818
0.0077861
0.0058000
-0.0126348
0.0196296
-0.0144478
0.0208953
0.0123592
0.0232492
-0.0216904
0.0223878
0.0117633
0.0044235
-0.0166426
-0.0177080
-0.0400853
-0.0041847
-0.0312218
0.0229278
0.0365165
0.0362565
0.0364930
0.0853551
0.0442511
0.0790937
0.0545568
0.0085480
-0.0207616
-0.0615572
-0.1220396
-0.2094611
-0.2289355
-0.1194381
0.0052732
0.2054101
0.3098106
0.2986272
0.1618450
-0.0126801
-0.2066951
-0.2250434
-0.1833294
-0.1367744
-0.0349281
0.0206368
0.0631900
0.0327279
0.0940954
0.0688460
0.0783896
0.0662581
-0.0057483
-0.0228011
0.0009887
-0.0353171
-0.0480823
-0.0590419
-0.0558285
-0.0170480
0.0027585
0.0005304
0.0010948
0.0343821
0.0351674
0.0159953
0.0274295
0.0361959
-0.0014165
0.0185829
-0.0078800
0.0128441
-0.0004946
-0.0032547
-0.0239301
0.0035714
0.0116824
-0.0240431
0.0265626
-0.0113482
0.0077142
-0.0176157
-0.0208277
-0.0239195
-0.0139173
-0.0013801
0.0270256
-0.0125543
-0.0329978
-0.0057912
-0.0365736
-0.0031547
0.0276176
-0.0131209
-0.0113092
-0.0278831
-0.0120196
0.0210357
0.0289650
0.0019840
-0.0117958
-0.0126831
0.0029165
0.0110813
-0.0104554
-0.0046237
-0.0032832
0.0119491
-0.0009386
-0.0264870
-0.0268626
-0.0181797
0.0276035
0.0027676
-0.0275501
0.0215323
-0.0029383
0.0221727
0.0029945
0.0052629
0.0292573
-0.0302574
0.0088323
0.0351056
-0.0037085
0.0252236
0.0104865
-0.0205543
0.0134953
-0.0199176
0.0280074
-0.0239267
0.0041283
-0.0042353
-0.0144924
-0.0225550
0.0057309
-0.0209575
-0.0022577
0.0082369
0.0217448
-0.0143436
0.0020933
-0.0027106
0.0269705
-0.0317847
-0.0120766
0.0090925
0.0123383
-0.0184345
-0.0151975
0.0041508
-0.0209835
0.0193812
-0.0181212
-0.0236275
-0.0160817
-0.0233697
0.0224904
0.0161866
0.0020287
-0.0012616
-0.0249741
0.0294651
0.0087471
-0.0001925
0.0021484
-0.0103894
-0.0106540
-0.0019301
-0.0141997
0.0135737
-0.0062912
0.0097844
-0.0260282
0.0072369
0.0031395
0.0238309
-0.0040421
0.0237964
-0.0147875
0.0246284
-0.0011648
0.0080959
-0.0259924
-0.0040950
-0.0130711
0.0204797
0.0089153
-0.0096068
-0.0007739
-0.0028834
-0.0134854
-0.0202439
-0.0035876
-0.0142579
0.0014597
0.0007658
-0.0327412
0.0018511
-0.0366339
0.0048942
-0.0147559
0.0193297
-0.0236999
0.0104877
0.0303553
0.0261053
-0.0027853
-0.0127976
0.0150327
0.0159026
-0.0064400
0.0290568
0.0190315
0.0131536
-0.0322081
0.0038733
0.0006497
0.0000933
-0.0374167
-0.0225365
-0.0073443
0.0348664
0.0549991
0.0311538
0.0388985
0.0473623
0.0704281
0.0032754
0.0063328
-0.0884941
-0.1555504
-0.1906974
-0.1909626
-0.1102259
0.0270904
0.1980126
0.3244448
0.3476159
0.1408811
-0.0305867
-0.2105517
-0.2474165
-0.1781893
-0.0846920
-0.0590089
-0.0191328
0.0132577
0.0324937
0.0469294
0.0613664
0.0832253
0.0631552
0.0193769
-0.0236789
0.0032033
0.0032105
-0.0395594
-0.0157239
-0.0221180
-0.0060885
-0.0355859
0.0155491
-0.0038469
0.0280668
0.0427401
0.0005510
0.0231091
-0.0133293
0.0373272
0.0241386
-0.0093298
0.0112873
-0.0010569
-0.0178977
0.0006180
-0.0076103
-0.0052576
-0.0009493
0.0161081
0.0054475
-0.0119539
-0.0110241
-0.0116076
-0.0195826
-0.0194857
0.0090443
0.0228157
-0.0082461
-0.0078628
-0.0272230
-0.0033683
-0.0000719
0.0244591
-0.0003541
0.0052341
0.0066637
-0.0019951
-0.0378734
-0.0229644
0.0012244
0.0308653
0.0156997
-0.0106594
0.0266476
-0.0215160
0.0034350
0.0266253
0.0121324
-0.0349412
0.0093042
0.0195777
-0.0068507
0.0138970
0.0245140
-0.0259014
-0.0193881
-0.0281967
-0.0157681
0.0140741
-0.0047422
0.0197398
-0.0076617
-0.0309027
-0.0321166
0.0196123
0.0024336
-0.0236971
-0.0127040
-0.0270506
-0.0051336
0.0164398
-0.0082842
0.0338187
-0.0194901
-0.0033530
0.0054615
-0.0136003
-0.0025491
-0.0175668
-0.0128906
-0.0029976
0.0339962
-0.0183816
0.0055322
0.0156598
-0.0046149
-0.0236530
-0.0029516
0.0142316
0.0342245
0.0238766
0.0132305
0.0168937
0.0212860
-0.0101147
-0.0051152
0.0235040
-0.0263944
-0.0290419
0.0277065
-0.0237200
0.0076698
0.0270238
-0.0067108
0.0191000
-0.0015733
0.0022406
0.0236641
-0.0207182
0.0116042
0.0157958
-0.0007923
-0.0145402
-0.0295986
-0.0085908
0.0198440
0.0213350
-0.0288487
0.0099042
0.0096077
0.0285379
0.0058615
0.0028886
0.0162507
-0.0314424
0.0132695
-0.0112605
0.0137446
0.0030427
-0.0027092
0.0205737
-0.0072399
0.0061656
0.0244119
0.0049932
0.0285710
0.0075505
0.0109051
-0.0044578
-0.0129199
0.0017356
-0.0410706
-0.0301233
0.0039039
-0.0159828
0.0046264
0.0199382
-0.0076244
0.0018816
-0.0150339
0.0085822
0.0416411
0.0014671
-0.0049849
-0.0104700
0.0042331
-0.0023920
-0.0351970
0.0034935
-0.0524687
-0.0265791
-0.0024100
-0.0254315
-0.0076907
0.0181469
0.0024510
0.0090716
0.0581999
0.0285886
0.0684157
0.0659867
0.0275265
0.0049198
-0.0481462
-0.0605400
-0.1173142
-0.1846163
-0.1673354
-0.1040892
0.0534582
0.2511979
0.3908318
0.2927443
0.0987994
-0.1081605
-0.2668941
-0.2456566
-0.1483518
-0.0497747
0.0169923
0.0548839
0.0143754
0.0294927
0.0889079
0.0500065
0.0477644
0.0494424
0.0328571
0.0009993
0.0047477
-0.0176881
-0.0415985
-0.0344366
-0.0043536
0.0041012
-0.0260780
-0.0042306
0.0112752
0.0155815
-0.0083778
0.0206675
-0.0103856
0.0336320
0.0253575
0.0225893
-0.0070794
0.0215290
0.0076992
0.0177701
-0.0372596
0.0071643
-0.0246342
-0.0178921
-0.0014115
-0.0160691
-0.0238992
-0.0034480
0.0118031
0.0156620
-0.0214063
-0.0108740
0.0129296
-0.0228156
-0.0075911
-0.0070697
0.0124749
-0.0004362
-0.0313992
0.0203791
-0.0221055
-0.0258827
-0.0141277
0.0008767
0.0286913
-0.0069626
-0.0159608
-0.0240823
-0.0093757
0.0248875
0.0247393
0.0219169
0.0191320
0.0238905
-0.0211805
-0.0073173
-0.0232898
0.0142029
0.0127927
0.0294251
-0.0166773
0.0242621
-0.0113775
-0.0166273
0.0074489
0.0057665
-0.0188467
-0.0046241
0.0176060
0.0212955
-0.0052537
0.0088028
0.0238047
0.0270145
-0.0062486
-0.0323551
-0.0223427
0.0075602
0.0240578
0.0172206
-0.0110070
-0.0256460
0.0089663
-0.0055325
0.0064035
-0.0083788
0.0204387
0.0154840
0.0032286
0.0098898
-0.0030503
0.0098818
0.0275235
0.0070619
-0.0113866
-0.0080938
0.0282811
0.0017402
-0.0010931
0.0130594
0.0091972
-0.0167130
-0.0207386
0.0047366
0.0267410
-0.0133138
-0.0154964
-0.0255217
-0.0258878
-0.0289502
-0.0117973
-0.0079344
-0.0081095
0.0049807
-0.0322143
0.0230729
-0.0062271
-0.0243019
0.0156268
-0.0163740
0.0249628
0.0150941
0.0253063
0.0118802
-0.0388038
0.0097209
-0.0479343
-0.0182342
0.0249559
0.0111772
0.0080316
0.0214647
0.0043013
0.0184064
0.0211158
0.0411244
0.0223221
0.0149204
0.0274310
-0.0048624
0.0133202
-0.0519254
-0.0481254
-0.0140100
-0.0113420
-0.0443233
0.0279359
0.0129032
0.0310362
0.0610537
0.0765517
0.0601761
0.0794104
0.0201683
-0.0008211
-0.0321772
-0.0680023
-0.1518150
-0.1623799
-0.2130456
-0.1547278
0.0166313
0.2090586
0.3619138
0.3623010
0.1790106
-0.0428612
-0.1779784
-0.2650052
-0.2150924
-0.0843443
-0.0001185
0.0110124
0.0090291
0.0746558
0.0331369
0.0650782
0.0524238
0.0305133
0.0337379
0.0150647
-0.0025971
-0.0047167
-0.0280615
-0.0438747
-0.0607762
-0.0469085
-0.0163827
-0.0266823
-0.0227339
0.0129452
0.0137759
0.0472104
0.0230708
-0.0061418
0.0418463
-0.0121067
0.0196552
-0.0162269
0.0004301
0.0138155
-0.0008130
0.0022313
0.0228543
-0.0123247
-0.0180119
-0.0174213
-0.0052299
0.0096737
0.0286027
-0.0020860
0.0008802
0.0132722
0.0013707
0.0102833
-0.0156692
0.0053431
0.0110620
-0.0332805
-0.0228080
0.0146685
0.0123787
-0.0071477
-0.0199513
-0.0276751
0.0127418
0.0238160
0.0083717
-0.0018064
-0.0264207
-0.0138326
0.0280939
0.0090448
0.0091915
0.0213165
0.0228945
-0.0059326
-0.0027329
0.0281231
0.0238538
-0.0193344
0.0124499
-0.0259435
0.0230284
-0.0118049
0.0014830
-0.0009346
-0.0116906
-0.0107340
0.0161113
-0.0287812
-0.0011777
0.0066564
-0.0261107
0.0152562
0.0154533
0.0187132
0.0269824
-0.0216698
-0.0186638
-0.0201978
0.0248467
0.0281273
-0.0115643
-0.0254739
-0.0250142
-0.0038289
-0.0191448
0.0114709
-0.0079820
0.0178505
0.0028841
-0.0157821
0.0169223
-0.0177148
0.0065806
0.0158473
0.0205624
-0.0226324
-0.0100785
0.0070468
0.0262628
0.0202519
0.0036596
-0.0283358
-0.0263116
0.0208473
0.0125054
0.0033972
0.0093437
-0.0041331
-0.0286024
-0.0273435
0.0084381
0.0283371
0.0097866
0.0051276
-0.0308499
0.0332177
0.0032704
-0.0186596
0.0160274
0.0284533
0.0126441
-0.0148415
0.0163331
-0.0318215
-0.0262531
-0.0203923
-0.0004389
0.0004902
0.0030131
-0.0218502
-0.0085087
0.0302412
0.0008426
0.0012124
-0.0046648
0.0181243
0.0160661
0.0201831
-0.0109627
-0.0239180
0.0036455
-0.0072683
-0.0008070
0.0188757
-0.0037365
-0.0138630
0.0247698
-0.0178699
-0.0011687
0.0181486
-0.0013991
-0.0070723
-0.0062444
0.0139604
0.0075365
0.0181250
-0.0365678
-0.0058709
-0.0277765
-0.0291488
-0.0277776
0.0352152
0.0151362
0.0010677
0.0075885
0.0096534
0.0264228
-0.0155386
-0.0014736
-0.0210697
-0.0297735
-0.0550603
-0.0054539
-0.0550534
-0.0493644
0.0062846
0.0097496
0.0174135
0.0237659
0.0651417
0.0340592
0.0351183
0.0265240
0.0166493
0.0146066
0.0060051
-0.0436049
-0.0689042
-0.1645187
-0.1584611
-0.1866871
-0.0166461
0.2043871
0.3687835
0.3586666
0.1589552
-0.0826398
-0.2388236
-0.2479365
-0.1656185
-0.0714411
-0.0042694
-0.0203203
0.0377643
0.0339157
0.0688847
0.0889899
0.0624062
0.0226035
0.0226096
-0.0154742
-0.0146120
-0.0017655
-0.0252284
-0.0376593
-0.0218994
-0.0281320
-0.0102483
0.0214221
0.0254170
0.0339741
0.0422585
0.0260390
0.0258848
-0.0095530
0.0313458
-0.0132603
0.0168731
-0.0027191
0.0083083
0.0018512
-0.0293467
-0.0139341
0.0004980
0.0122900
0.0190615
0.0202349
0.0147034
-0.0001710
0.0311721
-0.0062335
-0.0189878
0.0117024
-0.0185596
0.0132797
-0.0261579
