0.0309812
0.0154608
0.0080131
0.0163432
0.0060038
0.0225368
0.0113125
-0.0245406
-0.0224678
-0.0123684
0.0030891
0.0077643
-0.0105229
-0.0142263
0.0133910
0.0123230
0.0260432
0.0451002
0.0510603
0.0173597
0.0285279
-0.0063284
-0.0319913
-0.0367953
0.0032457
-0.0537214
-0.0035752
-0.0460462
-0.0383418
0.0082775
-0.0267933
-0.0124051
0.0482817
0.0689088
0.0829538
0.0769684
0.0690759
0.0172273
0.0345442
-0.0026722
-0.1008029
-0.1227250
-0.1913295
-0.1842919
-0.0911183
0.0392615
0.2095931
0.2999851
0.2880868
0.1351036
-0.0435911
-0.1703175
-0.2568816
-0.2036672
-0.0933672
-0.0263829
0.0140536
0.0092483
0.0257723
0.0921154
0.0478571
0.0732581
0.0389865
0.0449616
0.0325235
-0.0217199
-0.0325559
-0.0177409
-0.0537074
-0.0464604
-0.0314969
0.0142118
-0.0120756
0.0022506
-0.0096735
0.0162326
-0.0002882
0.0185744
-0.0012925
0.0072042
-0.0072064
-0.0040354
0.0260864
0.0058697
-0.0138892
0.0096436
-0.0186668
-0.0378085
0.0131139
-0.0249153
-0.0022410
0.0215465
-0.0194613
0.0130056
0.0319230
0.0244359
0.0219968
0.0186622
0.0098277
-0.0022313
0.0169318
0.0074198
0.0024532
-0.0347455
-0.0271644
-0.0193615
0.0151714
0.0278813
0.0287617
-0.0157353
0.0146174
0.0157523
0.0196199
-0.0208263
0.0200415
0.0083937
-0.0171233
-0.0219629
0.0302432
-0.0099527
0.0154987
-0.0157663
0.0091056
0.0068846
0.0257807
0.0095398
-0.0094501
0.0147306
0.0017281
0.0320855
0.0094252
-0.0350695
-0.0038243
0.0233650
0.0048203
-0.0117079
0.0294293
0.0114391
-0.0019358
0.0160864
-0.0114336
0.0233466
0.0217848
-0.0051520
0.0308063
-0.0280120
0.0195630
-0.0015723
0.0194142
-0.0084679
-0.0166729
0.0164103
0.0045122
0.0201046
-0.0292525
0.0219800
0.0152044
0.0275272
0.0105801
0.0080394
-0.0092734
-0.0090697
0.0026394
-0.0034391
-0.0314975
0.0139771
0.0220966
-0.0232884
0.0274754
-0.0192785
-0.0003092
-0.0335129
-0.0188726
0.0029508
0.0263722
-0.0002375
-0.0147674
0.0191454
-0.0271108
-0.0038332
-0.0166651
0.0030403
0.0270886
-0.0234936
0.0113090
-0.0005790
0.0278323
-0.0073748
-0.0198637
0.0134729
0.0140168
0.0041141
0.0292178
-0.0082228
0.0012880
-0.0187843
-0.0129806
0.0243120
-0.0113470
-0.0218293
-0.0169847
0.0157815
-0.0252965
0.0192809
-0.0171057
0.0301386
0.0321842
0.0160666
0.0165067
0.0193472
0.0201046
-0.0291931
0.0111491
0.0041624
-0.0162795
0.0138894
0.0049563
0.0344064
-0.0170926
0.0014341
0.0001947
0.0296623
0.0363720
-0.0203565
0.0224123
0.0031079
0.0156448
-0.0345702
-0.0427273
-0.0032338
-0.0370526
-0.0245058
-0.0103521
-0.0014751
-0.0320951
0.0036270
0.0559372
0.0400986
0.0385671
0.0753633
0.0667186
0.0073735
-0.0124859
-0.0373392
-0.0728937
-0.1143381
-0.1706335
-0.2061755
-0.0979866
0.0725903
0.2385531
0.3009246
0.2770211
0.1186584
-0.1035381
-0.2279304
-0.2010157
-0.1708226
-0.0723434
-0.0467692
0.0020200
0.0414447
0.0555425
0.0456716
0.0413886
0.0287459
0.0105187
0.0000058
0.0251181
-0.0328704
-0.0096848
-0.0467371
-0.0338370
0.0057565
-0.0031700
0.0190508
-0.0111520
-0.0184561
0.0230423
0.0293153
0.0346193
-0.0096979
0.0232397
-0.0033659
-0.0036039
-0.0146104
-0.0193026
-0.0371168
-0.0008860
0.0056195
0.0016855
0.0007529
-0.0068720
0.0267712
-0.0181364
-0.0128120
0.0031464
0.0182821
-0.0035379
-0.0202580
-0.0005442
0.0323226
0.0304265
-0.0141370
-0.0351183
-0.0286848
0.0055083
-0.0102955
0.0253687
0.0155653
0.0097319
-0.0213121
-0.0280700
0.0132906
0.0093359
0.0066010
0.0249368
-0.0181256
0.0130827
-0.0207908
0.0317899
0.0300034
-0.0241711
-0.0016731
0.0013072
-0.0131830
0.0113154
0.0093955
-0.0287618
-0.0203787
-0.0293241
0.0172884
0.0167408
-0.0140177
0.0187556
-0.0130906
-0.0073933
0.0074380
0.0228058
0.0144027
0.0242694
-0.0206419
-0.0238406
-0.0068260
0.0136133
0.0095122
0.0326101
0.0367834
0.0299705
0.0264966
0.0234271
-0.0349531
-0.0010055
0.0173266
0.0092180
-0.0224211
-0.0055911
-0.0026817
-0.0085586
0.0343577
-0.0022646
0.0242475
0.0197549
-0.0004730
0.0139997
0.0135314
-0.0138581
-0.0221794
0.0029011
-0.0112384
0.0198867
0.0034681
0.0192670
-0.0113563
0.0095599
0.0226383
0.0158710
0.0256337
0.0109485
0.0164329
0.0163936
-0.0006914
-0.0045574
0.0087532
0.0197998
0.0162484
-0.0043407
0.0058870
-0.0134783
0.0034247
0.0183476
0.0193594
-0.0076252
0.0155979
0.0102300
-0.0175756
-0.0087969
-0.0237189
0.0217695
0.0222831
0.0142291
0.0500642
0.0072243
0.0121570
-0.0207776
-0.0290190
-0.0030670
-0.0310396
-0.0225668
-0.0033558
-0.0106688
-0.0088158
-0.0159628
-0.0297608
-0.0094598
0.0287746
0.0732718
0.0676986
0.0555435
0.0358597
0.0228980
0.0291036
-0.0289801
-0.0694267
-0.0969194
-0.1527433
-0.2031439
-0.1097545
0.0207857
0.1831475
0.3216626
0.2740055
0.1760404
-0.0263043
-0.1711464
-0.2187155
-0.1562682
-0.0845159
-0.0125924
-0.0090581
0.0604323
0.0502932
0.0609249
0.0719285
0.0809151
0.0282038
0.0148427
0.0072339
-0.0029608
-0.0554320
-0.0268895
-0.0184487
-0.0596318
-0.0174094
-0.0128016
0.0040158
-0.0125152
-0.0130269
-0.0008150
-0.0105682
0.0282394
0.0200052
-0.0151526
0.0150666
-0.0119768
-0.0189410
0.0014729
-0.0332925
-0.0417184
-0.0047338
-0.0351593
-0.0346292
-0.0052194
-0.0073469
-0.0158609
-0.0173535
0.0231654
0.0217175
-0.0097663
0.0105769
-0.0124121
0.0099771
-0.0316668
-0.0225273
0.0166946
0.0231082
0.0242457
0.0059163
-0.0038439
-0.0048745
0.0129051
0.0354242
-0.0024716
0.0181957
-0.0290576
0.0065761
0.0127777
-0.0129553
-0.0149832
-0.0056470
-0.0335445
-0.0341679
-0.0290997
-0.0024374
0.0061919
-0.0070619
0.0088387
0.0089708
0.0117660
-0.0156467
-0.0203954
0.0119143
0.0261879
0.0162566
0.0242893
0.0137939
-0.0091687
0.0203677
0.0192452
0.0090062
0.0130216
0.0121138
-0.0027917
0.0246763
0.0156342
-0.0061574
-0.0279140
-0.0367064
0.0109172
0.0009976
-0.0111903
-0.0127646
-0.0068456
0.0191625
0.0057299
-0.0282922
-0.0062493
-0.0215964
-0.0312774
-0.0311641
0.0183345
0.0262736
-0.0202908
-0.0096761
-0.0250792
0.0240866
-0.0170152
0.0127241
-0.0297836
0.0225398
-0.0086399
-0.0093663
-0.0288191
-0.0067848
0.0163507
-0.0095076
0.0036311
-0.0165817
-0.0027528
-0.0134060
-0.0140084
-0.0222197
-0.0168786
-0.0243667
-0.0022730
0.0232871
0.0246473
-0.0227569
-0.0263386
-0.0270288
0.0044931
-0.0222238
-0.0259052
-0.0032333
0.0365042
0.0026611
0.0235040
0.0406719
0.0417991
0.0062715
0.0065926
-0.0042296
-0.0082945
0.0011277
-0.0464199
-0.0471505
-0.0114473
-0.0100031
-0.0344176
0.0153036
0.0189141
0.0094258
0.0188281
0.0252711
0.0429531
0.0548225
0.0129810
0.0184890
-0.0417883
-0.1130229
-0.1482484
-0.2174806
-0.1872376
-0.1169231
0.0352994
0.2287092
0.2771066
0.3100513
0.1711424
-0.0008685
-0.1983961
-0.1980990
-0.2089681
-0.1464312
-0.0471436
0.0212513
0.0453443
0.0645229
0.0857787
0.0996157
0.0360292
0.0712811
0.0070849
0.0027098
0.0031981
-0.0156063
-0.0679101
-0.0595329
-0.0138056
-0.0352993
0.0096380
-0.0141158
-0.0079377
0.0075714
0.0190532
-0.0034867
0.0187528
0.0050953
0.0172699
-0.0248180
0.0104219
-0.0203861
0.0095641
0.0047943
-0.0133665
0.0256261
-0.0058961
-0.0028571
0.0107598
-0.0142649
-0.0170984
0.0040872
-0.0264746
-0.0034775
0.0237712
0.0241640
-0.0116956
0.0311269
0.0216666
0.0263146
-0.0186562
-0.0191054
-0.0268470
-0.0052247
0.0080170
-0.0187351
-0.0072551
0.0229075
0.0111576
-0.0211133
-0.0124383
0.0326242
0.0111113
-0.0259644
-0.0070444
0.0215237
-0.0244862
0.0131063
-0.0148342
0.0213882
0.0216657
-0.0150911
0.0208924
0.0104442
-0.0105357
0.0260116
0.0025054
-0.0247988
-0.0035541
-0.0249067
-0.0149290
-0.0149264
0.0257955
-0.0178168
0.0233044
0.0106889
-0.0100052
0.0217578
-0.0115962
0.0163237
0.0238461
-0.0149393
-0.0051984
-0.0127648
0.0036310
-0.0143987
-0.0045985
-0.0251022
-0.0256392
-0.0205356
-0.0222925
-0.0159214
-0.0138330
0.0091952
-0.0324068
-0.0167294
0.0427730
0.0228293
0.0278757
0.0260025
-0.0013929
0.0097384
-0.0192746
0.0258529
-0.0258848
0.0213834
0.0165746
0.0054218
0.0184992
-0.0094421
0.0039795
0.0191079
0.0277801
-0.0242086
0.0032430
-0.0277689
-0.0213861
-0.0032410
0.0046524
-0.0166898
-0.0172469
-0.0305738
-0.0190386
0.0008807
-0.0132438
0.0171272
-0.0214882
-0.0274032
-0.0013456
0.0052501
-0.0206746
-0.0200573
0.0051345
0.0118400
0.0201178
-0.0070956
-0.0022370
-0.0176486
0.0165845
0.0048238
0.0178096
0.0263976
-0.0203834
-0.0212029
-0.0075823
-0.0124868
0.0197874
-0.0055095
0.0144440
-0.0240200
0.0038641
-0.0257312
0.0160563
-0.0157604
0.0113864
-0.0233766
-0.0211685
0.0037133
-0.0266390
-0.0303101
-0.0067024
0.0110405
-0.0251010
-0.0364627
0.0175164
-0.0026336
0.0232750
0.0073797
-0.0107613
0.0114771
0.0228842
-0.0034485
-0.0148906
-0.0017470
0.0255033
0.0098979
-0.0045639
-0.0426166
-0.0193446
-0.0430908
-0.0565742
-0.0192793
0.0108211
0.0153058
0.0235854
0.0344199
0.0627959
0.0705269
0.0359955
0.0516153
0.0637317
0.0027801
-0.0124598
-0.0710122
-0.1189771
-0.1465820
-0.2041797
-0.0767287
0.0622537
0.1796319
0.2605001
0.2352606
0.1510655
-0.0353741
-0.1842368
-0.2147666
-0.1706558
-0.1070904
-0.0155017
0.0143317
0.0357505
0.0420290
0.0737287
0.0398768
0.0223348
0.0262177
0.0107820
-0.0110580
-0.0127923
-0.0462265
-0.0580762
-0.0208350
-0.0136110
-0.0484771
0.0042089
-0.0207592
0.0316777
0.0085784
-0.0160937
0.0404127
0.0210284
-0.0131542
0.0202436
0.0185144
-0.0200869
0.0267659
-0.0283839
0.0158274
0.0160545
0.0145604
0.0110418
-0.0124128
-0.0114468
-0.0171314
0.0053615
0.0340077
-0.0040977
-0.0176971
0.0188444
-0.0335017
-0.0218180
0.0147582
0.0206424
0.0229395
0.0144106
-0.0320377
-0.0390111
-0.0091510
0.0262313
0.0129307
0.0340931
-0.0141857
-0.0166775
0.0036362
-0.0027776
-0.0361784
-0.0146528
0.0294447
-0.0052327
-0.0080474
0.0037913
0.0105967
0.0135750
-0.0181885
0.0332988
0.0214024
-0.0032968
0.0052137
0.0092835
0.0274168
0.0134665
-0.0005021
-0.0042748
-0.0205583
-0.0298303
-0.0184899
-0.0152506
0.0350582
0.0097741
0.0172845
-0.0028902
-0.0246833
0.0255083
-0.0064354
-0.0209378
-0.0186084
0.0146315
0.0165123
0.0189285
-0.0293116
-0.0103343
0.0131586
0.0121706
-0.0127269
-0.0061432
0.0306477
-0.0105612
-0.0211028
-0.0266497
0.0039945
-0.0083424
-0.0186786
0.0263395
-0.0217539
-0.0083152
0.0060468
0.0097171
-0.0213758
-0.0059189
0.0190406
0.0103485
-0.0286355
-0.0169652
0.0153731
0.0326951
-0.0104644
0.0129458
-0.0027273
-0.0050377
0.0179327
-0.0258909
0.0163774
0.0174022
0.0198079
-0.0007805
0.0201541
0.0277730
0.0073898
-0.0128000
0.0088059
-0.0361581
-0.0150599
0.0073873
0.0113404
0.0122855
-0.0185576
0.0141096
0.0075147
-0.0061931
-0.0002782
0.0274820
-0.0175591
0.0234380
-0.0129005
0.0089423
0.0205922
0.0300339
0.0157510
-0.0265694
-0.0302950
-0.0078097
-0.0365806
-0.0356526
0.0160429
0.0054098
-0.0047452
0.0230331
0.0230528
0.0434796
-0.0018185
0.0408201
0.0371885
0.0145537
0.0296193
-0.0063702
-0.0134782
-0.0239434
-0.0511005
-0.0196981
-0.0071732
-0.0153562
-0.0232287
0.0081567
0.0046024
0.0413849
0.0665258
0.0231926
0.0352368
0.0846838
0.0136654
0.0345300
-0.0297856
-0.0483030
-0.1232034
-0.1939459
-0.1803136
-0.1242788
-0.0047961
0.1984872
0.3235232
0.3180811
0.1848768
0.0208058
-0.1181459
-0.2383064
-0.2134250
-0.1420141
-0.0403515
-0.0036736
0.0448452
0.0255691
0.0452303
0.0723507
0.0421821
0.0210916
0.0306888
0.0086476
-0.0403556
-0.0092183
-0.0170143
-0.0508111
-0.0143028
-0.0007759
0.0029149
0.0125385
0.0082833
-0.0181277
-0.0200567
-0.0103407
0.0000377
0.0086777
-0.0108037
0.0205553
0.0011712
-0.0214103
0.0057142
0.0255324
0.0156399
-0.0280783
-0.0333392
-0.0105417
-0.0150049
-0.0073422
-0.0028645
-0.0051374
0.0080316
0.0188385
-0.0037007
-0.0133220
-0.0226755
-0.0098593
-0.0215566
-0.0055118
0.0177771
0.0138269
-0.0101372
0.0248375
0.0112091
0.0070015
0.0014448
0.0270802
0.0205258
-0.0026184
0.0030205
0.0245667
-0.0213260
-0.0284050
-0.0059210
0.0068732
-0.0135685
0.0152443
-0.0157157
0.0080303
-0.0100880
0.0135011
0.0078319
0.0117216
0.0065004
0.0006978
0.0046945
-0.0027620
0.0259280
-0.0310611
-0.0056230
-0.0215286
-0.0265270
-0.0048230
-0.0115889
0.0138653
0.0125181
-0.0208602
-0.0292838
-0.0114841
0.0300195
0.0307477
-0.0040900
-0.0130309
-0.0161997
0.0290591
-0.0262175
-0.0188832
-0.0003985
-0.0283316
0.0094422
0.0036897
0.0032815
-0.0260411
0.0103039
0.0165217
0.0264896
-0.0281131
0.0287852
-0.0121230
-0.0010333
-0.0305839
0.0013923
0.0236382
0.0174645
0.0084417
0.0094268
-0.0295498
-0.0241534
0.0226320
0.0046806
0.0297320
0.0207496
-0.0102550
-0.0036249
-0.0330446
-0.0089504
-0.0261446
0.0007860
0.0380981
0.0429644
0.0089100
-0.0225594
-0.0144368
0.0007464
-0.0051827
0.0104987
-0.0199351
0.0015551
-0.0187424
0.0239556
0.0182176
0.0242350
-0.0217368
0.0177189
0.0101936
0.0131507
-0.0099633
-0.0100757
0.0253163
-0.0112808
0.0434015
-0.0167486
0.0172140
-0.0054106
0.0249312
0.0208147
-0.0366585
0.0079191
-0.0174235
-0.0171634
-0.0043575
0.0186624
0.0310822
-0.0237482
-0.0032870
0.0109283
-0.0100293
0.0338889
0.0281155
-0.0293338
0.0093625
-0.0369588
0.0100826
-0.0189668
-0.0174355
-0.0418647
-0.0122014
0.0150953
0.0199072
0.0296453
0.0488561
0.0692939
0.0621036
0.0371206
0.0555437
0.0329478
-0.0421084
-0.0185643
-0.0737505
-0.1549823
-0.2037571
-0.1856329
-0.0530926
0.1700103
0.3033269
0.3623379
0.2109264
0.0278093
-0.1552123
-0.2475805
-0.2256133
-0.1535245
-0.0716511
-0.0108666
0.0618244
0.0765748
0.0625543
0.0812712
0.0387439
0.0162119
0.0072823
0.0281823
-0.0252480
-0.0431313
-0.0475580
-0.0189381
-0.0297295
-0.0255622
0.0141360
-0.0106705
-0.0111938
-0.0070551
0.0457719
-0.0127020
-0.0137633
-0.0014634
