-0.0012327
0.0772844
-0.1090637
-0.0359620
-0.0554380
0.0684179
-0.0598724
0.0493194
0.0433497
0.0622240
-0.0018684
0.1140956
0.0087371
-0.1034765
0.0582028
0.0243221
0.0579068
0.0326331
-0.0331065
-0.0594541
0.0226966
0.0879324
0.0943331
-0.0918757
-0.0896490
0.0045616
-0.0554951
-0.0271169
0.1042011
0.0392203
0.0615126
-0.0481895
0.0241337
-0.0978554
-0.0922230
0.0197007
0.0943715
0.1973976
0.1304090
0.1183422
-0.1448871
-0.1299990
-0.1379746
-0.0233731
-0.0641766
0.1458644
0.1402658
0.0782728
0.1370948
-0.1043165
-0.1337119
-0.1437233
-0.1208776
0.0938606
-0.0770304
-0.0139779
0.0972859
-0.0574958
0.0694344
-0.0971970
0.0910473
0.0266169
-0.0385487
0.1065465
0.0269902
-0.0299389
0.0443806
-0.0314086
-0.0301432
-0.0086170
-0.0832930
-0.1065347
-0.0585909
-0.1170823
0.0332008
0.1069733
0.1060697
-0.0845512
0.0836725
-0.0134327
-0.0275391
0.0506451
-0.0088420
-0.0547288
-0.0910916
-0.0984187
0.0138391
0.0993780
-0.0316471
0.0948876
-0.0974670
-0.1378440
0.0846127
0.0028542
0.0396111
0.0178258
0.0812664
0.0913718
0.0068669
-0.0851793
0.0200402
0.0240533
-0.0885974
-0.0870388
-0.0474928
0.1568235
0.0331884
0.0793183
0.1156378
-0.0151460
-0.1667356
0.0208024
-0.0387907
-0.0788915
0.0291393
-0.0236049
0.1143322
-0.0326495
-0.0801810
0.0313815
-0.0948154
0.0298719
-0.0151447
0.0017827
0.1051064
0.0900468
-0.0952370
0.0783137
0.1027275
-0.0757344
-0.1029364
0.0713814
0.0458009
-0.1012083
0.0631502
0.0927085
0.0200193
0.0795983
0.0084661
0.0560286
0.0254302
-0.0312709
0.0160986
-0.0858577
0.0696454
-0.0782260
0.0091011
-0.0298889
-0.0091169
-0.0752440
-0.0033391
0.0378536
-0.0089561
-0.0754881
-0.0390053
0.0446040
0.0317924
-0.1112885
-0.1581875
-0.1032568
-0.0070800
-0.0047582
0.0955808
0.0366201
0.1696528
0.0265858
0.0820840
-0.0662952
0.0558462
-0.1290303
-0.1474747
-0.0610403
0.0516488
-0.0015393
-0.0623962
-0.0132176
0.1056397
0.0759965
0.1221598
0.0182491
0.0973470
-0.1032529
-0.0148225
-0.0508641
-0.0922626
0.0075976
0.0781492
-0.0346046
0.0488805
0.1145018
-0.1074778
0.0248995
-0.0565432
0.0425117
0.0999348
-0.1025056
-0.0648317
-0.0910754
0.0237563
0.1122310
-0.0290131
-0.0735190
0.0357422
-0.0174466
-0.0740447
-0.1343946
0.0857302
0.0568916
0.0056840
0.0843415
0.0703703
0.0039239
0.1228047
0.0683400
0.0670023
-0.1037985
-0.2048091
-0.2125206
-0.0974513
0.0076273
-0.0256336
0.0875436
0.1507132
-0.0055271
0.0319243
-0.0297773
0.0293590
-0.1719271
0.0531637
-0.0748957
0.1141769
0.1145121
0.0368910
0.1093650
0.0034598
0.0373805
0.0983144
0.0754633
0.0690182
-0.0432610
0.0394568
-0.0447852
-0.0763695
0.0414297
0.0768803
0.0838858
0.0689394
0.1060175
-0.0693029
0.1063820
0.0944342
0.1086763
-0.0294718
-0.0270021
0.1043140
0.0512192
0.0072510
-0.0821140
-0.0796501
-0.0320567
0.0533294
0.0384846
-0.0478969
0.0601432
-0.1118640
-0.0803470
-0.0714486
0.0197818
0.0687311
0.0688429
0.1696770
0.0181442
0.0787631
-0.0385037
-0.1358279
-0.1725839
-0.1584610
0.0542108
0.0679249
0.1031820
0.1206086
0.1790277
0.0647592
0.0777850
0.0288364
0.0190903
-0.1032625
-0.0454144
0.0928092
-0.0448253
0.0379576
-0.0508652
-0.0941634
-0.0433070
0.1056199
0.0884654
0.0869040
0.0896375
0.0762462
-0.0844666
0.0104567
0.0038855
0.0766917
0.0817564
0.0978769
0.1066014
-0.0195955
0.0692528
-0.0870838
0.0061810
-0.0780006
-0.0070622
-0.1059025
0.0561060
0.0694645
0.0194486
0.0828858
0.1296185
-0.0581336
0.0133219
0.0542619
0.0149299
-0.0865686
0.0687938
0.0495127
0.0017218
-0.0947672
-0.0748990
-0.0303330
0.0075658
0.2015465
0.0710137
0.0208015
0.0197139
-0.0755848
-0.1567496
-0.1231038
0.0728628
0.0898458
0.1886514
0.1033709
0.0825531
-0.0976368
-0.0148885
0.0480829
-0.0911369
0.0250753
0.0606756
0.1151027
0.0495673
0.0002259
0.0692441
0.0356515
0.0962909
-0.0243073
0.0346561
-0.0421036
0.1014869
-0.0800278
-0.0814542
0.0283279
0.0596842
-0.0215523
0.0679795
-0.0393114
0.0270817
-0.1042531
-0.0668605
0.0542822
-0.1175199
-0.0127753
0.0996981
0.1133443
-0.0736467
-0.0747689
0.0212840
-0.0643509
-0.0155193
0.0621541
0.0411683
0.0061503
-0.0619094
-0.0987497
-0.0759596
-0.0380855
-0.0971423
0.0443723
0.0856883
0.0199588
0.0348326
0.1316386
0.0997760
-0.0060435
-0.1417270
-0.2440654
-0.0730977
-0.0869495
-0.0584306
0.1775748
0.2191866
0.0356394
-0.0646409
0.0492925
-0.0709038
-0.0818267
-0.1090764
-0.1018566
0.1091558
0.1178722
0.0494031
-0.0467075
-0.0825947
0.1060885
-0.0605735
0.1172912
-0.0649605
-0.0538988
0.0816850
-0.0889156
-0.1060669
0.0170894
0.0823055
0.0728520
-0.0198724
-0.0597016
-0.1115369
-0.1177552
-0.0203525
0.0583855
0.0385072
-0.0898234
0.0026973
0.1072671
-0.0291775
0.1085396
-0.0223530
-0.0992368
0.0979802
-0.1358185
-0.0443911
-0.0846224
-0.0347078
-0.0420967
0.0625364
0.1241039
-0.0353426
0.0972244
0.0478447
0.0009744
-0.0922429
-0.0747107
0.0005392
-0.1390490
-0.1450542
-0.0043039
0.0245604
0.0522711
0.1294891
0.0009346
0.0383112
0.0103878
-0.1477807
0.0063353
0.0409374
-0.0002095
0.0145284
0.0455563
0.0891834
-0.0362941
-0.0051942
0.0793809
0.0122959
0.0566435
-0.0375934
-0.0666875
0.0020328
-0.0322428
-0.0635935
-0.0429919
0.0882842
-0.0156605
0.0422023
0.0087644
0.0958297
-0.0442572
0.0727832
0.0010391
0.0948609
-0.0695708
0.1125303
-0.0081288
0.1129150
0.0803037
-0.0552008
0.1227344
0.0770980
0.0899770
0.0041505
0.0211303
0.0775872
-0.0149508
-0.1115834
-0.0822953
0.0789226
-0.0584400
0.0545806
0.1236742
0.0872662
-0.1147142
-0.1582372
-0.2126453
-0.0267385
-0.0579269
-0.0699971
-0.0840401
0.0173928
0.0376640
0.0289341
0.0038301
0.0817214
0.0499505
-0.0785772
0.0656883
0.0623902
-0.0182225
0.0041730
0.0392997
0.0428065
-0.0632865
-0.0858077
-0.0028253
-0.0430582
-0.0766722
0.0670601
0.0439924
-0.0751113
-0.0770613
-0.0223189
0.0578348
-0.0214190
0.0549694
-0.0156794
0.0813924
0.0239525
-0.0224730
-0.0050995
0.0432806
-0.0845951
0.0084879
0.0795056
-0.0854596
0.1095778
-0.0311777
0.0887428
-0.0809697
-0.1092580
0.1054382
-0.0191307
-0.0921502
-0.0977110
-0.0461053
-0.0847540
-0.1157655
0.1044268
0.0064200
0.1545749
0.0512805
0.0503767
-0.1541108
-0.1514687
-0.0548359
0.0149233
0.0002698
0.0074522
0.1119600
0.1249885
0.0395248
0.0967430
-0.0779603
0.0527825
0.0644655
-0.0561722
-0.0896273
0.0360715
0.0042752
-0.0342704
0.0360358
0.1101870
-0.0995618
0.0406456
0.0584163
-0.0198664
0.0036004
-0.0838877
0.0407676
0.0616168
0.0002874
0.0303160
0.0879124
-0.0147402
-0.0494088
0.0481541
0.0990731
0.0932573
0.1047856
0.0356917
0.0689668
-0.0725738
0.1188755
-0.0926569
0.0989223
0.1107698
-0.0556553
-0.0665434
-0.0771601
-0.0152442
0.0756700
-0.0675484
-0.0965216
0.0134612
0.0457129
0.0005862
0.1134552
0.1725502
0.0454411
-0.0851802
-0.1311036
-0.1574975
-0.1039425
0.0531020
-0.0005844
-0.0185572
-0.0006322
0.0127722
0.0747448
-0.0731700
-0.0568274
-0.1095315
0.0459140
-0.0434921
-0.0463959
0.1154360
0.0401129
0.1069147
0.0345744
0.1087220
-0.0714173
-0.0797309
-0.0593627
-0.0368145
0.0317363
-0.0640306
-0.0026703
0.0186489
0.0771219
-0.0446894
-0.1092804
-0.0681242
-0.0592391
0.1034770
-0.0254874
0.0956832
-0.0054147
-0.1040002
0.0728057
0.0109853
-0.0586038
0.0854801
0.0389346
0.0326337
0.1078017
-0.0783706
-0.1142586
0.0450603
0.0201900
-0.0201961
-0.0725737
-0.0022857
-0.0809247
-0.0523490
0.1796878
0.0607918
0.0881051
0.0250501
-0.1165735
-0.1246811
-0.1161567
-0.0258270
0.0137054
-0.0772922
0.0049649
0.0565690
-0.0129735
0.0863047
-0.0513297
-0.0047075
-0.0550415
-0.1509027
-0.0324971
0.0432464
-0.0226496
-0.0216576
0.1306797
-0.0045507
-0.0193306
0.1020468
-0.1077924
0.0992146
0.0945108
0.1082963
-0.0317775
-0.0823253
-0.0061594
0.0129157
0.0570587
0.0826508
-0.0181497
-0.0874386
-0.0455145
0.0064972
0.0617920
-0.0483516
-0.0210282
-0.0823474
-0.0733565
-0.0590974
0.0093320
0.1101473
0.1090928
0.0471345
-0.0723048
-0.0795020
-0.1028495
-0.0439038
-0.1388452
-0.0681911
-0.1415868
0.0915806
0.1390226
0.1676920
0.0943769
0.0298096
-0.0716137
-0.0225102
-0.0730266
-0.1051649
0.0537206
0.0711013
0.1254408
0.1031793
0.0485157
0.1563162
0.0561625
-0.0039579
0.0436098
-0.1173795
0.0528945
0.1211511
0.0746037
0.0962730
0.0669515
0.0904378
0.0284259
0.0633205
0.0493619
0.0164341
-0.0920831
-0.0736230
0.0029979
0.0160514
0.0735307
-0.0046620
-0.0408475
0.0139585
0.1018996
0.0186856
0.0078667
0.0959633
0.0679179
-0.0504263
-0.0617801
-0.0179958
0.0830482
0.0431747
0.0200323
-0.0588283
-0.0977430
0.0932123
0.0421101
0.0268738
-0.0729780
-0.1011504
-0.1104131
0.0608457
-0.1293124
-0.0465725
0.1098285
-0.0164279
0.0933382
0.1631915
-0.0854141
-0.0610791
-0.1916195
0.0066329
-0.1735554
0.0168512
-0.0042455
0.0216634
0.0971996
0.1084933
-0.0155398
0.0696897
-0.1028449
-0.0759511
0.0750841
0.0377495
-0.0565087
-0.0828760
0.0530471
-0.0145042
0.0444630
-0.0313615
0.0461137
-0.0964877
-0.0745078
-0.0010407
-0.0101350
0.0398267
-0.0277143
-0.0182435
-0.0023024
0.0182390
0.0221093
-0.0242711
0.0126627
0.0096691
-0.1291360
-0.0035350
-0.0176966
0.0685664
-0.0295538
-0.0877137
0.1231205
0.0225440
0.0243496
0.0629503
-0.0794959
0.1143333
-0.0670779
0.0970278
0.0083929
-0.0344764
-0.0211398
-0.0619610
0.0956616
0.1231465
0.0677061
0.2099653
0.1557934
0.0594188
-0.1631134
-0.1633495
-0.0278672
0.0187682
0.0008461
-0.0485829
0.1205555
0.1829601
0.1395737
0.0896995
-0.0109275
-0.0598773
-0.0683621
0.0404193
0.0434506
0.0150229
0.0622407
-0.0209454
-0.0328050
-0.0495432
0.0495540
0.0775089
-0.0535447
-0.0606862
-0.0141429
0.0275277
0.0996670
0.0015116
0.1245082
-0.0846264
0.0756749
-0.0194430
-0.0651379
-0.0235476
-0.0241251
-0.1056774
-0.0858584
0.0979878
0.0967056
-0.0474676
0.1290715
0.1369041
0.0156979
-0.0931336
0.1022678
-0.0268623
-0.0533223
-0.1141749
0.0477926
-0.1607353
0.0092692
0.0604405
-0.0238830
0.0452954
0.1234714
0.1445199
-0.0224191
-0.1064251
-0.1071477
-0.1639199
-0.2261818
-0.0779874
0.0292061
0.0113957
-0.0149190
0.1716481
0.0467634
-0.0587398
-0.0874181
-0.0040843
-0.1032484
-0.0805211
-0.0451474
-0.0030166
-0.0615065
0.0101588
-0.1250150
-0.0976197
-0.0916662
-0.0682258
-0.0312733
0.0291053
0.1184522
0.0071573
0.0866495
-0.0123575
-0.0532086
-0.0894663
0.0361086
-0.0610124
-0.1069311
0.0466091
-0.0517586
-0.0630647
-0.1020636
-0.0351439
0.0777009
0.0502272
-0.0214442
-0.0490727
0.0145831
-0.0040352
-0.0599565
-0.0733681
0.0940776
0.0574388
-0.0923990
-0.0013461
0.0028995
0.0218804
0.0246408
0.1033553
-0.0358951
0.2013068
-0.0114043
0.0435804
-0.0220341
-0.0824447
-0.0090162
-0.0799565
-0.0744792
0.0643773
-0.0866404
0.1118940
-0.0441655
-0.0080750
0.0948619
-0.1080200
-0.1105186
-0.0533375
-0.0799639
-0.1022950
-0.0790688
0.0740573
0.0071092
0.0766893
0.0349736
-0.0424605
-0.0877060
0.0705096
-0.0882861
-0.0084943
0.0177952
-0.0226066
0.1193678
0.0607809
0.0881333
-0.0843844
0.0941954
-0.0012216
-0.0188264
0.0371926
-0.0470410
-0.0497344
0.0320478
0.0402276
0.0693008
0.1021146
0.0903795
0.1224290
-0.0635143
0.0997902
-0.0192008
-0.0877415
0.0236627
-0.0155602
-0.1208634
-0.0537001
0.0504084
-0.1166203
0.0263330
0.0126129
0.0632953
-0.0080637
0.1216461
-0.0121379
-0.0375306
-0.2180287
-0.1805631
-0.1531163
-0.0964317
0.0011279
-0.0131296
0.1251078
0.0022144
-0.0407096
-0.0130982
-0.1103032
0.0479113
0.0581437
-0.0888728
0.0033067
0.0549773
-0.0713700
-0.0602450
0.0063097
0.0124477
0.0148483
0.1068036
-0.0568808
-0.0865501
-0.0802487
0.0479170
0.1164003
-0.0840970
-0.0655173
0.0224999
-0.0705129
-0.1077703
-0.1128486
-0.0798114
-0.0304920
-0.0551231
-0.0240407
0.0496272
-0.1040260
0.0742274
0.0617003
0.0643771
-0.0794433
-0.0336209
-0.0071261
0.0359383
-0.1233701
-0.0984344
-0.0448785
-0.0059082
-0.0528061
-0.1145726
0.0823467
-0.0112220
0.0624835
0.0779946
0.0389136
0.0065495
-0.0059979
-0.0639100
-0.1449646
-0.0709025
0.0371936
0.1100056
-0.0343487
0.0039251
0.0089307
-0.0200536
-0.0395700
0.0508109
0.0310179
-0.1277151
-0.0196046
0.0909587
0.0784557
0.0317108
-0.0092266
0.0894105
0.0941029
0.0105921
-0.0834876
-0.0052046
0.0624439
-0.0526982
-0.1187782
0.0270449
0.0784563
-0.0907208
0.0588673
0.0426138
-0.1119840
0.0707924
0.1105420
0.0187153
-0.0687183
0.1090598
0.1087338
-0.0013315
-0.0471069
0.0787820
0.0579121
0.0334541
-0.0043523
0.1025961
0.0556699
0.0053331
-0.0871655
0.0874899
-0.1502330
-0.1047110
-0.1017143
0.1019842
-0.0037429
0.1922579
0.0897235
-0.0438792
-0.1203429
-0.0303349
-0.1137940
-0.0347918
-0.0931397
0.0841337
-0.0724064
0.0488566
0.1274474
0.0323542
0.0201746
-0.0434276
-0.1239756
0.0203885
0.0119947
-0.1159028
-0.1033296
0.0841022
-0.0686735
0.0903601
-0.0660850
0.0671333
0.0254426
0.1162202
0.1029478
0.0428194
0.0271688
-0.0958060
0.0508363
-0.0639648
0.0324267
-0.0503714
0.1064198
-0.0618724
-0.0624843
0.0991769
0.0735382
0.1025741
-0.0886563
0.0172191
-0.0898880
0.0619883
-0.0199945
0.1215188
-0.0937921
0.1305648
-0.0395075
-0.0207789
0.0559576
-0.1008375
-0.0368837
0.0197618
-0.0813877
0.0933074
0.0084306
0.0852744
0.0531293
-0.0143338
-0.0612614
0.0136921
-0.0131034
-0.0438011
0.0338668
-0.1218516
0.0861911
-0.0234255
0.0246596
0.1807181
-0.0600705
0.0275666
-0.1618074
-0.0069441
0.0253304
-0.0422224
0.0683176
0.0395411
-0.0808457
-0.0692434
-0.0359815
0.0480760
0.0855069
-0.0764339
0.0899166
-0.0123935
-0.0187725
-0.1177089
0.1165395
-0.0643905
0.1142722
-0.0742032
-0.0245502
-0.0411828
0.1004291
-0.1100189
0.1152669
-0.1173850
-0.0123586
