-0.0075633
0.0192709
0.0132587
0.0525645
0.0213099
-0.0093558
-0.0037044
0.0150757
0.0155173
-0.0184790
-0.0217767
-0.0233033
0.0183423
-0.0510984
-0.0017465
0.0210940
-0.0052034
0.0342466
0.0653599
-0.0073163
0.0066141
0.0246441
0.0118780
0.0535524
0.0123718
-0.0201472
-0.0152043
-0.1081087
-0.1601010
-0.2138919
-0.1774462
0.1750335
0.4065467
0.4371858
0.2269995
-0.1299715
-0.3073997
-0.2317472
-0.1467759
0.0089422
0.0244360
0.0356290
0.0085635
0.0656403
0.0241942
0.0418032
0.0755797
-0.0122851
0.0506367
0.0378325
-0.0374077
-0.0014170
-0.0014172
-0.0312892
-0.0247028
-0.0009241
0.0141052
-0.0178359
-0.0246482
0.0104145
-0.0318422
0.0228409
0.0107120
-0.0015500
0.0393394
0.0072384
-0.0060719
0.0187014
0.0065221
0.0124415
-0.0502129
0.0097322
0.0064942
0.0457704
-0.0052966
0.0277509
0.0072194
-0.0217969
0.0098375
0.0366377
-0.0346278
0.0134223
-0.0017449
0.0168826
0.0084662
0.0301306
-0.0148319
0.0303707
0.0316555
0.0081191
-0.0017777
-0.0310724
0.0290490
-0.0162097
-0.0411193
0.0105467
0.0298501
-0.0381232
0.0153319
0.0154058
-0.0289577
-0.0220502
0.0332402
0.0421987
0.0429318
-0.0136315
-0.0234417
-0.0041257
-0.0363448
-0.0249110
0.0141343
-0.0410051
0.0455455
-0.0410600
-0.0379180
-0.0395424
-0.0446504
-0.0171007
0.0080314
0.0216838
-0.0221861
0.0458891
-0.0105066
-0.0175014
0.0410611
-0.0045498
-0.0056091
-0.0348150
0.0266437
0.0328570
-0.0423439
0.0334964
-0.0224799
-0.0096833
0.0251788
0.0445613
-0.0227612
-0.0429442
-0.0128959
0.0068022
0.0143292
-0.0128775
0.0152539
-0.0380776
-0.0164061
0.0376827
-0.0201857
-0.0390051
-0.0231626
0.0280938
-0.0245835
-0.0206388
-0.0052204
0.0214852
0.0085689
0.0011191
-0.0369425
0.0043742
0.0444464
0.0050841
-0.0179763
0.0231391
0.0037550
-0.0157752
-0.0330137
-0.0523827
0.0313017
0.0090815
-0.0403474
0.0017116
0.0365838
-0.0272426
-0.0125355
-0.0354311
0.0275380
-0.0026205
0.0254640
0.0324628
-0.0312247
-0.0339285
-0.0204633
-0.0155797
0.0044561
0.0378917
-0.0240147
-0.0116921
-0.0348193
-0.0343304
0.0042029
0.0218344
-0.0284576
-0.0076785
0.0330590
-0.0185047
-0.0389571
0.0160161
0.0305269
-0.0520865
-0.0187378
0.0060133
-0.0238529
0.0285083
0.0189447
-0.0259644
0.0307229
0.0420063
0.0124903
0.0209507
0.0449683
0.0350920
0.0216789
0.0328962
-0.0149433
-0.0661226
-0.0192879
-0.1102398
-0.2702986
-0.2071499
0.0181213
0.3784410
0.4794783
0.3648987
-0.0477155
-0.3057139
-0.3489451
-0.1851840
-0.0485164
-0.0103956
-0.0147120
0.0228192
0.0504673
0.0995104
0.0600228
0.0506130
0.0492302
0.0567166
0.0031550
-0.0201386
0.0127651
-0.0690670
0.0072194
0.0190172
0.0203382
-0.0451421
0.0199653
-0.0371002
0.0115460
0.0382641
-0.0272045
0.0153978
-0.0042998
0.0567628
0.0303104
-0.0407453
0.0248088
-0.0444991
-0.0102052
0.0351962
0.0054982
-0.0336345
-0.0131546
-0.0306122
-0.0232356
0.0014480
-0.0036369
-0.0098206
-0.0063219
0.0423050
-0.0418244
-0.0294756
-0.0387838
-0.0180476
-0.0087590
0.0003079
0.0113490
-0.0131083
-0.0383894
-0.0411510
0.0138257
-0.0055171
-0.0125642
0.0097429
-0.0197802
0.0348730
-0.0276887
0.0184335
-0.0388689
0.0348463
-0.0081528
-0.0275521
-0.0408884
-0.0054704
-0.0130662
0.0507478
0.0446226
-0.0355808
-0.0198871
-0.0122272
-0.0099081
0.0325841
0.0129959
0.0339723
0.0059727
0.0068020
0.0427726
0.0334532
0.0141983
0.0267506
-0.0390432
0.0171375
-0.0302950
0.0014919
-0.0010657
0.0206154
0.0324989
-0.0459570
0.0140276
-0.0098290
-0.0116692
0.0233341
0.0424190
-0.0375886
0.0487482
0.0372241
-0.0462158
-0.0237531
0.0230303
0.0285504
0.0331506
-0.0420436
-0.0083027
-0.0033098
0.0065812
0.0417837
0.0231715
-0.0332655
-0.0081362
-0.0366911
0.0238814
0.0425990
-0.0130781
-0.0425486
0.0009929
-0.0182317
0.0078521
0.0048162
0.0222254
0.0414491
-0.0198283
-0.0054625
-0.0230479
-0.0373367
0.0431064
0.0401331
-0.0452773
-0.0461464
-0.0441866
0.0256482
-0.0005108
0.0004272
0.0208217
0.0462246
0.0505040
-0.0311512
-0.0047450
-0.0403434
-0.0372167
0.0098733
-0.0434991
-0.0203427
0.0249753
-0.0252908
0.0188446
0.0152183
-0.0042000
0.0205255
-0.0184476
-0.0112781
0.0257281
0.0251807
-0.0142750
-0.0127374
-0.0177971
0.0229264
-0.0000876
-0.0273905
-0.0354480
0.0312040
0.0288980
-0.0503917
0.0318693
0.0007963
-0.0200800
0.0506719
-0.0026405
-0.0075461
0.0562075
0.0526878
0.0287102
-0.0083583
0.0161541
-0.0088212
-0.0149643
-0.0684337
-0.1898184
-0.2799722
-0.2004424
0.1149763
0.3521365
0.5321381
0.2944666
-0.0690954
-0.2895868
-0.3023516
-0.2049799
0.0069369
0.0237392
-0.0077820
0.0123470
0.0415930
0.0261248
0.0692287
0.0595432
0.0177985
0.0120808
0.0392791
-0.0580751
0.0006611
-0.0519561
-0.0458631
0.0017510
-0.0566514
0.0111051
0.0233530
0.0081325
0.0062168
-0.0084124
0.0524509
-0.0192355
-0.0241710
0.0094713
-0.0355175
0.0333954
-0.0404879
-0.0383759
-0.0343873
0.0290876
-0.0395222
-0.0228503
-0.0014231
-0.0184299
-0.0042999
-0.0311900
-0.0395750
-0.0388705
-0.0391783
0.0235391
-0.0220162
0.0375693
-0.0111885
-0.0471266
-0.0328701
-0.0281551
0.0421992
-0.0128350
-0.0324655
-0.0110501
-0.0409918
-0.0030026
-0.0006977
0.0384072
-0.0197654
0.0165006
-0.0378837
-0.0134389
-0.0064710
0.0113128
0.0321757
0.0086445
0.0252398
-0.0400462
0.0200580
0.0193810
0.0305208
0.0289834
0.0228229
-0.0436573
-0.0451701
0.0196820
-0.0025811
-0.0277711
0.0472110
-0.0138789
-0.0083576
-0.0469312
-0.0338868
-0.0085550
0.0181146
-0.0148412
0.0276860
-0.0090033
-0.0321393
-0.0454051
-0.0423128
0.0238056
-0.0446271
-0.0039981
-0.0023046
-0.0175689
-0.0308279
-0.0363300
0.0203913
0.0472567
-0.0413922
-0.0430561
-0.0186120
-0.0454619
0.0039168
-0.0422608
0.0351064
0.0214971
-0.0016301
0.0140806
-0.0177042
-0.0134767
0.0315652
-0.0459174
0.0003293
-0.0256858
0.0238006
-0.0227768
0.0344012
0.0336866
-0.0213448
-0.0229619
0.0043241
-0.0392557
-0.0381618
0.0330251
0.0476157
-0.0334112
-0.0433207
0.0231247
-0.0179274
-0.0266928
-0.0260252
0.0296726
0.0294060
-0.0397801
0.0351105
-0.0016855
-0.0295920
-0.0170163
-0.0437456
0.0030853
0.0327222
0.0402001
-0.0145439
-0.0201407
0.0174103
-0.0031392
-0.0026446
0.0013865
-0.0328440
0.0025934
0.0014581
-0.0162624
0.0185437
0.0151483
-0.0160953
0.0521763
0.0102170
0.0145299
0.0120467
-0.0541372
-0.0071202
-0.0180572
0.0149820
-0.0514182
-0.0412720
-0.0444011
0.0239258
-0.0080426
0.0595477
0.0340870
0.0752925
0.0124772
0.0191724
0.0461943
0.0022758
-0.0508100
-0.0205911
-0.0492652
-0.1156186
-0.2309385
-0.2330204
0.0380468
0.3564552
0.5116904
0.3461914
-0.0309480
-0.3126570
-0.3164009
-0.1517376
0.0067941
0.0141204
-0.0309970
0.0426220
0.0286559
0.1087569
0.1008234
0.0340193
0.0609467
-0.0296846
-0.0161849
-0.0343407
-0.0478428
-0.0062503
-0.0028944
0.0027055
0.0272725
-0.0276356
-0.0003007
0.0408916
0.0379666
0.0003774
0.0264159
0.0604219
0.0158016
0.0247113
-0.0141916
-0.0142971
0.0340315
-0.0184365
-0.0271239
0.0393354
-0.0384885
-0.0426662
0.0460014
-0.0224352
0.0309770
-0.0446232
0.0235297
-0.0205625
0.0051769
0.0078889
-0.0157962
-0.0281956
-0.0171449
-0.0129326
0.0242796
-0.0010107
-0.0312558
0.0147221
0.0238649
-0.0251699
-0.0357208
0.0017580
0.0261320
-0.0106884
0.0021762
0.0457363
0.0410668
0.0394765
0.0294557
0.0086045
-0.0428193
-0.0125637
-0.0273755
-0.0311858
0.0370706
-0.0373645
-0.0222501
0.0120701
-0.0122858
0.0244181
-0.0391440
-0.0288450
0.0316551
-0.0134748
-0.0223704
-0.0065586
0.0302518
0.0022556
0.0136644
0.0141344
-0.0099880
0.0008311
0.0168038
0.0227473
-0.0446035
-0.0356791
0.0524154
-0.0280508
0.0116749
-0.0401025
-0.0194327
0.0334092
0.0060120
-0.0254596
-0.0312061
0.0070135
0.0149909
-0.0010615
-0.0334944
-0.0280863
0.0107538
0.0215406
0.0198062
0.0074555
0.0395882
-0.0443166
0.0093485
-0.0477989
-0.0135060
0.0178684
0.0262963
-0.0017907
-0.0189939
0.0469209
-0.0167913
0.0072224
0.0399833
0.0168477
-0.0407834
0.0284832
0.0047008
0.0074716
0.0137074
-0.0241747
-0.0264048
-0.0352953
-0.0374978
0.0145665
-0.0021227
0.0219888
-0.0022410
0.0093161
0.0241983
0.0054558
0.0413343
0.0339366
0.0445330
0.0241245
0.0126353
-0.0335102
-0.0350121
0.0467949
-0.0032172
0.0198414
0.0299776
0.0307618
-0.0177705
0.0383113
0.0214268
0.0177956
-0.0069012
-0.0058016
0.0113125
0.0180773
0.0101578
-0.0223080
0.0052884
0.0207650
0.0307640
0.0111845
-0.0334735
0.0108184
-0.0233251
0.0199694
0.0070456
-0.0134509
0.0121449
0.0314697
0.0757206
0.0611622
0.0130890
0.0482788
-0.0424383
-0.0690808
-0.0036694
-0.0322210
-0.1365623
-0.2105103
-0.2065041
0.0746320
0.3260443
0.4985035
0.3699452
-0.0246370
-0.2559357
-0.3520808
-0.1419467
-0.0532015
0.0331940
0.0007790
0.0318187
0.0665406
0.0763923
0.0889546
0.0780221
0.0722410
0.0004648
0.0479800
-0.0235267
-0.0410395
-0.0067838
-0.0684364
-0.0552592
-0.0228173
-0.0490506
-0.0238875
-0.0070408
0.0130390
0.0375128
0.0245078
0.0289844
0.0032561
0.0145184
-0.0049097
-0.0424410
-0.0015548
-0.0135271
0.0196106
0.0138334
-0.0342396
-0.0221505
-0.0410035
0.0378144
0.0156440
-0.0214683
0.0374031
0.0100184
0.0068931
0.0437878
-0.0115668
0.0169796
-0.0337941
-0.0144873
0.0250334
-0.0340413
-0.0233032
-0.0030167
-0.0467511
-0.0426972
-0.0312449
-0.0162196
0.0366691
0.0452562
0.0035220
-0.0119132
-0.0064436
0.0154124
0.0224852
-0.0379485
0.0044224
0.0177644
-0.0097734
-0.0155587
0.0097648
0.0407289
0.0359742
-0.0099344
0.0212064
0.0115056
-0.0177683
0.0206520
0.0286134
0.0085089
0.0256845
0.0097672
0.0020525
0.0129992
0.0443466
0.0263435
0.0430017
0.0096266
0.0353322
0.0235756
-0.0331793
0.0383297
0.0168605
-0.0409249
0.0340859
-0.0098836
-0.0010174
-0.0142708
0.0280703
-0.0363208
0.0278168
0.0010990
0.0217968
0.0177416
-0.0036444
-0.0017177
0.0283139
0.0424603
-0.0100417
-0.0134894
0.0194450
0.0122276
-0.0198550
-0.0054927
0.0236200
-0.0085918
0.0399301
-0.0216225
-0.0193968
0.0025093
0.0151919
0.0366155
0.0409498
-0.0100918
0.0299907
-0.0324080
-0.0314976
0.0027710
0.0395753
0.0358687
-0.0299171
-0.0177962
-0.0421871
-0.0336452
0.0006549
0.0307422
0.0026846
-0.0143794
-0.0173118
0.0446588
-0.0391668
0.0354751
0.0390054
-0.0284203
0.0128979
-0.0205650
-0.0107063
0.0305801
0.0311685
-0.0418131
0.0044849
-0.0065528
0.0024046
0.0187996
-0.0159566
-0.0261774
-0.0176062
0.0093132
0.0071624
0.0225046
-0.0160846
-0.0193061
0.0205453
-0.0101693
-0.0083098
-0.0028736
0.0055474
-0.0566633
-0.0131934
0.0301243
0.0400456
0.0262608
0.0748207
-0.0043143
0.0864858
0.0192676
0.0192097
0.0374229
-0.0068663
-0.0245377
-0.0367050
-0.0832656
-0.2005901
-0.2388902
-0.0672034
0.3096417
0.4212293
0.3477689
0.0962835
-0.2391528
-0.3213470
-0.1935727
-0.0429043
-0.0161941
0.0033606
-0.0139981
0.0350398
0.0960035
0.0533733
0.0922809
0.0720249
0.0295751
0.0201206
0.0270204
-0.0349555
-0.0262194
-0.0386160
0.0294305
-0.0569934
0.0068667
-0.0423653
-0.0195744
-0.0353757
-0.0146471
0.0412421
0.0329893
-0.0147551
-0.0003226
0.0381803
0.0315887
0.0383502
-0.0473778
-0.0264793
0.0379147
-0.0309195
-0.0051793
-0.0092284
-0.0183386
0.0241478
-0.0108533
-0.0098617
-0.0455369
-0.0106616
-0.0157914
0.0022613
-0.0232873
0.0306256
-0.0134956
-0.0218267
-0.0390734
0.0289441
-0.0013843
0.0133681
-0.0044930
-0.0170855
0.0311906
-0.0405879
-0.0271518
0.0429524
-0.0302353
0.0393290
-0.0165785
-0.0238116
-0.0481141
-0.0185405
-0.0065961
0.0122379
0.0420257
-0.0373705
-0.0016350
-0.0040596
0.0440257
0.0258239
0.0089666
0.0172887
0.0286645
0.0030654
-0.0365138
-0.0242824
0.0066421
-0.0324898
0.0123680
0.0003236
0.0269807
-0.0407102
0.0452921
0.0156225
0.0211219
0.0181053
-0.0059080
-0.0065663
-0.0458412
0.0242693
0.0000660
0.0062962
0.0384657
0.0332363
-0.0045655
-0.0279808
0.0044458
0.0283690
-0.0098323
0.0447664
0.0193519
0.0492182
-0.0379858
-0.0035419
-0.0343025
-0.0489434
0.0011253
-0.0116641
0.0333759
0.0307640
0.0254917
0.0161564
0.0126508
0.0114860
-0.0185502
-0.0137964
-0.0298058
-0.0326499
0.0050416
-0.0148005
-0.0047425
-0.0087375
0.0303995
0.0072333
-0.0048910
-0.0262393
0.0340624
0.0002978
-0.0297663
-0.0200229
0.0229014
0.0415623
-0.0222256
0.0060889
0.0063430
0.0398292
-0.0081474
0.0385658
0.0360310
0.0167842
-0.0088052
0.0247028
-0.0367278
0.0393696
-0.0206701
-0.0085820
0.0245334
0.0157913
0.0283862
0.0255151
-0.0021012
-0.0136897
-0.0065067
0.0106011
-0.0244931
0.0047893
0.0251502
-0.0053679
-0.0113892
-0.0599647
-0.0409068
-0.0190062
-0.0039399
0.0240314
0.0307536
0.0359856
0.0254830
0.0151418
0.0806715
0.0316810
0.0029027
0.0395440
-0.0082512
0.0058613
-0.0134581
-0.0904364
-0.1173756
-0.1934170
-0.2189625
0.0250973
0.2934594
0.4286405
0.3002765
0.0351437
-0.2063520
-0.2926027
-0.1659448
-0.0312884
0.0065270
-0.0027776
0.0051187
0.0114475
0.0782872
0.0554644
0.0161600
0.0116146
0.0212257
0.0302830
-0.0367205
-0.0099314
-0.0492303
-0.0077260
0.0003050
-0.0095774
0.0070210
-0.0375302
-0.0038403
0.0340841
0.0014134
0.0039196
-0.0014702
0.0493539
0.0357301
0.0273140
0.0117273
-0.0257125
-0.0133539
0.0145315
0.0170636
-0.0003460
0.0057098
-0.0002832
0.0195827
-0.0298979
0.0481848
-0.0068021
-0.0188791
0.0498468
-0.0074190
0.0348539
0.0074159
-0.0111861
0.0174734
0.0288527
-0.0301543
-0.0323032
-0.0020318
0.0006041
0.0176145
0.0351931
0.0352192
-0.0069142
-0.0118564
0.0423566
0.0037167
-0.0097284
0.0258281
0.0106607
0.0049426
0.0271704
-0.0175242
-0.0330038
-0.0056421
0.0249432
-0.0241833
-0.0125744
-0.0280866
0.0310713
0.0332288
-0.0074097
0.0168444
0.0117950
0.0130122
0.0463202
-0.0102210
-0.0001034
-0.0298675
-0.0448807
