0.0021111
-0.0677952
0.0122482
-0.0420649
-0.0405765
0.0062944
-0.0090459
0.0565220
0.0071296
0.0689362
0.0706396
0.0577819
0.0638423
0.0101197
0.0223836
-0.0051042
-0.0834706
-0.0735476
-0.0550987
-0.1451781
-0.2168940
-0.0662863
0.2933662
0.4901800
0.4110471
0.0826841
-0.2712047
-0.3939580
-0.2509830
-0.0406360
-0.0159401
0.0483100
0.0178204
0.0457427
0.1068608
0.0872493
0.0168730
-0.0035685
0.0243200
-0.0135642
0.0255232
-0.0179587
-0.0281898
-0.0488629
-0.0269560
-0.0686181
-0.0496195
-0.0236882
0.0000014
0.0263025
-0.0202970
0.0061770
0.0474127
0.0632983
-0.0268049
0.0091648
-0.0144752
-0.0304984
-0.0229228
0.0069222
0.0106948
-0.0316493
-0.0416891
-0.0409780
-0.0245332
-0.0001311
0.0337239
0.0145035
-0.0415309
0.0260869
0.0465686
0.0311168
-0.0483238
-0.0273782
0.0297114
0.0363350
0.0419475
-0.0189719
-0.0539721
-0.0219580
0.0039711
0.0146840
-0.0004964
0.0339225
-0.0435359
-0.0408756
0.0411684
0.0047289
0.0386838
-0.0066953
-0.0061720
-0.0537649
0.0182303
0.0367870
0.0199084
-0.0283669
-0.0229501
-0.0490726
0.0412517
-0.0264023
0.0289106
0.0415998
0.0105875
-0.0226177
-0.0256327
-0.0112779
0.0254748
0.0545371
0.0379826
-0.0011008
-0.0466703
-0.0525450
-0.0380372
-0.0164814
0.0332002
0.0438734
-0.0460375
0.0415044
-0.0369971
0.0492852
0.0362198
-0.0072413
0.0366793
0.0452915
0.0111125
-0.0583372
-0.0371106
0.0412733
0.0053707
-0.0136089
0.0382680
0.0376076
0.0460257
0.0080652
0.0069719
0.0437676
-0.0074928
-0.0234556
0.0129444
-0.0230176
-0.0266829
0.0062618
0.0298071
-0.0392738
-0.0565210
-0.0056057
-0.0313085
-0.0350031
0.0321349
0.0270749
0.0348037
0.0457104
0.0703847
0.0428101
0.0230524
0.0483492
-0.0406943
-0.0773256
-0.0121502
-0.0188153
-0.0861594
-0.1726052
-0.2295401
-0.1661959
0.1124704
0.4362295
0.5179668
0.2771117
-0.1481881
-0.3375707
-0.2830214
-0.1352159
-0.0599015
-0.0115385
0.0036602
0.0477424
0.0877497
0.0861572
0.0345025
0.0614111
0.0672951
0.0454067
-0.0148444
0.0203073
-0.0519713
-0.0607054
0.0025339
0.0211942
-0.0214102
-0.0320107
0.0036693
-0.0402463
0.0357229
-0.0308645
0.0344893
0.0418401
0.0481497
0.0101721
0.0215014
0.0319963
-0.0214020
-0.0199215
0.0109386
-0.0483244
-0.0151103
-0.0464738
0.0135387
-0.0169959
0.0117491
-0.0015369
0.0094713
-0.0447281
-0.0214176
0.0086019
0.0076925
-0.0133865
-0.0180457
0.0235348
-0.0192813
-0.0466490
-0.0307580
-0.0157431
-0.0250281
-0.0338326
0.0487274
0.0177948
-0.0471256
-0.0333125
0.0075449
-0.0174696
0.0496500
0.0290428
0.0193394
-0.0456105
-0.0455385
0.0164005
-0.0115387
-0.0302306
0.0306481
0.0016784
-0.0466452
0.0072126
-0.0054611
-0.0039686
-0.0122414
-0.0048220
-0.0076176
0.0027465
0.0306204
0.0156500
0.0057951
0.0195755
-0.0059958
-0.0102590
-0.0145973
-0.0375454
0.0091999
0.0476474
-0.0071068
-0.0374332
-0.0254524
0.0053975
0.0088231
-0.0477858
-0.0294583
-0.0489495
0.0161737
0.0293660
0.0158322
-0.0356719
0.0295909
-0.0337362
-0.0387845
0.0002027
-0.0118777
0.0329579
0.0147059
0.0224264
-0.0264879
-0.0177097
0.0416303
0.0343270
0.0234011
-0.0677948
-0.0345480
0.0093471
0.0418323
-0.0262664
0.0558622
0.0658312
0.0217621
0.0293883
0.0284666
0.0322113
0.0616267
-0.0317969
-0.0282739
-0.0142527
-0.0744110
-0.0669678
-0.2071911
-0.2264607
-0.0246694
0.3133850
0.5107195
0.3650091
-0.0506682
-0.3007044
-0.3269426
-0.1343232
0.0431351
0.0163100
0.0238247
-0.0208964
0.0348111
0.0942376
0.0683118
0.0319347
0.0678245
0.0287223
0.0391294
0.0205915
-0.0601957
-0.0050638
-0.0419568
0.0014013
0.0165096
-0.0337819
-0.0456273
0.0413902
0.0392913
-0.0332798
0.0505638
-0.0141025
0.0467589
0.0293408
0.0078063
-0.0106284
0.0066678
-0.0512509
-0.0195021
-0.0297527
-0.0342170
0.0369157
-0.0077588
-0.0303019
-0.0144351
0.0345379
-0.0357916
-0.0004527
-0.0043321
-0.0048036
-0.0269206
-0.0338939
-0.0190653
0.0284966
-0.0031758
0.0334239
0.0061161
-0.0410856
-0.0027446
0.0269950
-0.0216444
0.0461641
0.0074017
-0.0217695
-0.0223553
-0.0293198
-0.0026672
-0.0318356
0.0264490
-0.0310638
-0.0209197
0.0320589
-0.0478175
0.0083572
0.0317052
0.0128646
0.0135458
-0.0319884
-0.0136192
-0.0010406
-0.0315346
-0.0024224
-0.0499875
-0.0312431
-0.0033764
-0.0411803
0.0137126
-0.0233105
0.0382936
0.0049143
0.0181052
-0.0459350
-0.0016686
-0.0433963
-0.0392993
-0.0297901
0.0321420
0.0036662
0.0450129
0.0123263
-0.0258059
-0.0171635
0.0385419
-0.0394728
0.0205788
-0.0216441
-0.0010773
-0.0271859
-0.0434913
-0.0435731
-0.0544290
-0.0456320
0.0322212
-0.0409488
0.0187567
-0.0356258
-0.0342870
0.0429758
0.0333012
0.0368831
-0.0344236
0.0179301
-0.0042973
-0.0332622
-0.0214601
0.0195037
-0.0184173
-0.0032348
0.0087053
-0.0585306
-0.0041315
-0.0161262
0.0210334
-0.0230830
0.0495708
0.0178909
0.0053850
0.0074985
0.0937854
0.0341889
-0.0314950
-0.0091246
-0.0474597
-0.0952536
-0.1901526
-0.2834983
-0.2185988
0.0263426
0.3426377
0.4889318
0.3236228
-0.0036521
-0.3111682
-0.3322993
-0.2447013
-0.0892331
-0.0095748
-0.0190142
0.0514771
0.0486347
0.0857986
0.0285679
0.0182477
0.0200966
0.0561906
-0.0321168
-0.0437776
-0.0170524
-0.0109375
0.0137220
0.0056735
-0.0312845
-0.0115652
0.0332725
0.0385282
-0.0201671
-0.0096687
0.0439415
0.0356449
0.0468777
0.0463067
0.0430246
-0.0017492
0.0343124
-0.0382506
0.0166995
-0.0299475
0.0350087
0.0071172
-0.0083278
0.0332642
-0.0112757
-0.0102428
0.0470501
0.0143510
0.0257624
-0.0206332
-0.0095574
0.0331145
-0.0033788
-0.0241999
0.0241540
0.0346228
0.0006771
0.0084124
0.0057766
0.0215066
0.0135300
-0.0069430
0.0562139
0.0541437
-0.0358700
-0.0142917
-0.0213728
0.0403866
0.0312848
-0.0227056
0.0399706
0.0045601
-0.0337507
-0.0022887
0.0176009
0.0102407
-0.0476029
0.0228631
0.0231036
0.0332042
-0.0154679
-0.0203565
0.0565176
0.0318301
0.0085801
0.0192759
-0.0107028
-0.0354290
-0.0276109
0.0390939
0.0386264
-0.0036527
-0.0378903
0.0002754
-0.0007749
0.0403512
0.0333002
-0.0214506
-0.0126687
-0.0384954
-0.0010216
-0.0084875
0.0270145
0.0353747
-0.0331651
-0.0155403
-0.0383172
-0.0385960
0.0394365
-0.0205820
-0.0292645
-0.0118021
0.0451380
0.0659234
0.0328763
0.0425979
0.0173931
-0.0135883
0.0231381
0.0273588
-0.0442665
-0.0220067
-0.0258887
-0.0389727
-0.0326016
-0.0310586
-0.0055517
0.0424743
0.0064488
0.0153267
0.0852537
0.0040682
0.0149518
-0.0190937
-0.0655518
-0.0188450
-0.1101136
-0.1179692
-0.2215022
-0.1853183
0.0137864
0.3643869
0.5009321
0.3884931
-0.0110098
-0.2572725
-0.2824751
-0.2012503
-0.0879836
-0.0420478
0.0080997
0.0398882
0.0180017
0.0274672
0.0799491
0.0749100
0.0520173
0.0718275
0.0198449
0.0054375
-0.0101478
-0.0289456
0.0196574
-0.0477044
-0.0176408
0.0168097
-0.0510881
0.0007584
0.0055212
0.0151312
0.0705826
0.0008186
0.0409298
-0.0362194
-0.0113239
0.0306607
-0.0253192
-0.0328037
0.0393209
0.0004261
0.0207103
-0.0100976
-0.0424024
0.0236457
0.0423350
0.0509700
-0.0319093
-0.0265996
-0.0455466
-0.0333021
0.0153198
0.0316220
-0.0264534
-0.0063631
-0.0314594
-0.0001112
-0.0215272
-0.0141527
0.0009622
0.0041939
-0.0126181
-0.0388834
-0.0192069
0.0262461
-0.0153064
-0.0101293
0.0098258
0.0455735
0.0192640
0.0362424
-0.0331484
-0.0367318
-0.0261955
-0.0439266
0.0136752
0.0103573
-0.0089754
-0.0022017
0.0325356
-0.0364803
-0.0121003
-0.0093646
0.0461056
0.0172686
0.0470771
0.0017598
0.0385386
-0.0000078
0.0193379
-0.0230722
-0.0423235
0.0073480
-0.0071119
0.0088137
0.0456310
-0.0005822
-0.0210654
-0.0363292
0.0127322
0.0364098
-0.0215544
0.0089231
-0.0109168
0.0412864
-0.0273431
-0.0440922
-0.0259731
-0.0161602
0.0295508
0.0235078
0.0201746
-0.0462805
0.0329646
-0.0507160
-0.0447012
0.0379721
0.0265648
-0.0076427
-0.0176367
0.0499291
0.0186179
0.0311130
0.0269001
0.0471926
0.0093137
0.0458984
0.0390938
0.0030000
0.0336077
-0.0193917
-0.0427228
-0.0077949
0.0068638
-0.0112273
0.0035697
0.0295880
0.0730558
0.0169717
0.0234725
0.0536378
0.0396246
0.0102928
-0.0123803
0.0071646
-0.0117678
-0.0296758
-0.1323293
-0.2739348
-0.1891519
0.0463945
0.3571752
0.4328486
0.3075545
-0.0063321
-0.2794186
-0.2519133
-0.1536223
-0.1021959
-0.0555169
0.0358279
0.0315605
0.0151165
0.1053082
0.0880052
0.0771030
0.0104526
0.0349368
-0.0268877
0.0102880
0.0056476
0.0098266
-0.0328895
-0.0642078
-0.0651485
0.0017129
-0.0446857
0.0354861
0.0391160
0.0142750
0.0554090
0.0049247
0.0526207
0.0418338
-0.0284783
0.0096235
-0.0404052
-0.0162226
0.0357636
-0.0539371
-0.0090892
-0.0060535
-0.0207440
0.0074241
-0.0094142
-0.0416819
-0.0329803
0.0010793
-0.0407067
-0.0286371
0.0367093
0.0351876
-0.0248200
-0.0246595
-0.0364294
0.0070401
-0.0564117
0.0088194
-0.0185410
0.0011569
0.0351391
0.0367250
-0.0145319
-0.0144144
0.0359417
-0.0419604
-0.0219043
0.0108984
0.0396822
0.0316126
-0.0037546
-0.0214313
0.0461578
-0.0080444
-0.0457130
0.0000863
0.0079430
-0.0054804
0.0535420
-0.0017106
-0.0187300
0.0360164
-0.0336718
-0.0238632
0.0055852
0.0298169
-0.0117765
0.0102886
0.0090990
0.0219107
-0.0255921
0.0049520
-0.0378663
0.0170938
-0.0015805
-0.0428145
0.0406397
-0.0121563
0.0205046
0.0476425
0.0231535
-0.0471109
-0.0488069
0.0237935
0.0005382
0.0251651
0.0219521
0.0201872
-0.0287656
0.0317214
0.0400756
0.0422669
-0.0232842
0.0455561
0.0449626
0.0217935
-0.0001833
0.0449020
0.0552129
-0.0454129
0.0294915
0.0151928
-0.0580831
-0.0255355
-0.0072305
-0.0617643
0.0277370
0.0205200
-0.0395950
-0.0270320
-0.0071701
0.0842506
0.0379844
0.0591786
0.0597246
0.0258292
-0.0771982
0.0019553
-0.0690461
-0.1023095
-0.1809165
-0.1772035
0.0202169
0.2237949
0.4508305
0.2880963
0.0115542
-0.1824186
-0.2739541
-0.1292174
-0.0657636
-0.0593312
-0.0112417
-0.0326146
-0.0170839
0.0329383
-0.0012450
0.0679350
0.0552609
0.0537756
0.0050959
0.0512395
0.0173671
0.0306887
-0.0004590
-0.0157553
-0.0077491
-0.0079863
-0.0349528
-0.0118707
-0.0205113
0.0018817
0.0130372
0.0175987
-0.0255466
-0.0054543
-0.0183781
0.0126342
0.0099240
0.0460018
-0.0413687
-0.0033433
-0.0151998
-0.0341851
-0.0301801
-0.0463959
-0.0128212
0.0187895
0.0060380
0.0194888
-0.0161897
0.0096759
0.0042513
0.0396580
-0.0398610
0.0118258
0.0311674
0.0039631
-0.0420094
-0.0355859
-0.0178916
0.0237942
-0.0183171
0.0409664
-0.0348564
-0.0083409
0.0162868
-0.0189780
0.0034172
0.0024586
-0.0385885
0.0393392
0.0334252
0.0100618
-0.0031671
0.0294616
-0.0291209
-0.0414068
0.0133843
0.0463913
-0.0107074
0.0238883
-0.0364960
0.0169638
0.0490950
-0.0394304
-0.0168791
-0.0406332
0.0319598
0.0053553
0.0420647
-0.0176666
-0.0347639
-0.0416674
-0.0363570
0.0435392
-0.0308404
0.0432752
0.0103980
0.0064148
0.0052545
0.0207383
0.0488599
0.0433611
-0.0214281
-0.0074020
-0.0494084
0.0165671
-0.0562108
0.0348556
-0.0279890
0.0023694
0.0011483
0.0100297
-0.0059599
-0.0105182
-0.0262454
-0.0086509
-0.0027287
-0.0170592
0.0398446
0.0515281
0.0269892
0.0154261
-0.0306873
0.0107174
0.0084045
0.0174075
0.0016867
-0.0306367
0.0438943
0.0715523
0.0157668
-0.0022262
0.0415271
0.0235497
-0.0090093
0.0012225
-0.0336777
-0.0010660
-0.0165548
-0.1606409
-0.1923673
-0.2124994
-0.0237198
0.2507466
0.4082683
0.3782688
0.0949756
-0.1874753
-0.3018913
-0.1944484
-0.0518954
0.0065036
-0.0531098
-0.0300406
0.0232497
0.1009358
0.0383987
0.0556841
-0.0192054
-0.0053965
0.0357985
0.0219093
-0.0436548
-0.0408248
-0.0640879
0.0178801
-0.0284146
-0.0547801
0.0413228
-0.0340820
0.0376222
-0.0282506
-0.0078920
0.0218345
-0.0253437
0.0375859
-0.0344994
-0.0386397
-0.0020441
0.0104602
0.0224484
-0.0083251
-0.0384734
-0.0504403
0.0445091
0.0264492
0.0319014
-0.0462386
0.0187257
-0.0423387
0.0107022
0.0564857
0.0443734
0.0145023
-0.0479226
0.0137049
0.0294244
0.0369144
-0.0472323
-0.0209149
0.0112691
0.0208255
0.0331257
-0.0078588
-0.0263462
0.0426625
-0.0267550
0.0572936
-0.0073254
-0.0099544
0.0129927
0.0177547
-0.0396202
-0.0181724
-0.0118096
-0.0037210
0.0035906
0.0121284
-0.0304754
0.0086381
-0.0203996
-0.0152250
-0.0050340
-0.0116458
0.0173573
-0.0446045
0.0397211
-0.0106738
-0.0320631
-0.0418259
0.0150758
0.0116818
-0.0339815
-0.0231768
0.0382194
0.0045758
-0.0328621
0.0083127
-0.0213892
-0.0279868
0.0076203
-0.0318152
0.0443285
0.0242369
-0.0399523
0.0174275
0.0268132
-0.0125188
0.0366295
-0.0356785
0.0191867
-0.0170599
-0.0325805
-0.0382350
-0.0326572
0.0127538
0.0222341
0.0581233
-0.0270091
0.0171480
0.0150231
0.0511662
-0.0154483
-0.0150799
0.0042316
-0.0389486
-0.0128521
-0.0569782
0.0063716
-0.0394763
0.0067512
0.0567448
0.0115121
0.0498860
0.0022241
0.0137971
0.0840598
0.0054850
0.0479745
-0.0601279
-0.0536349
-0.0183689
-0.1409662
-0.1884131
-0.2710268
-0.1238177
0.2055911
0.5084347
0.4768445
0.2569258
-0.1375782
-0.4035446
-0.3056810
-0.1232229
-0.0508326
0.0513682
0.0090772
0.0512693
0.0165835
0.0824248
0.0333884
-0.0013093
-0.0165572
0.0487919
0.0430686
-0.0209469
-0.0443554
-0.0365347
-0.0413836
-0.0127321
-0.0536808
-0.0313441
0.0184186
-0.0127927
0.0474730
0.0556022
-0.0013121
0.0187961
-0.0134038
0.0274989
-0.0449539
-0.0293696
-0.0238567
-0.0042502
0.0205567
-0.0029532
0.0078503
0.0077446
-0.0490827
0.0015590
0.0023593
0.0279928
0.0078774
-0.0048330
0.0286497
-0.0069465
0.0523317
0.0132986
-0.0210609
-0.0296290
-0.0142210
-0.0005034
-0.0562833
0.0185607
0.0325360
-0.0177652
-0.0287663
0.0211473
0.0042505
-0.0292041
0.0103134
0.0391238
-0.0352815
-0.0440394
0.0122088
0.0388739
-0.0265778
-0.0198647
0.0220268
0.0202912
-0.0426693
-0.0101338
-0.0473703
0.0477598
0.0495998
-0.0438864
-0.0337620
-0.0081549
0.0216505
0.0293540
