0.0413106
-0.0381320
0.0000327
0.0154077
-0.0142837
-0.0132138
0.0225530
0.0271135
-0.0152699
-0.0305359
0.0421600
0.0083410
0.0106950
-0.0225538
0.0077645
-0.0285833
-0.0039893
-0.0167113
0.0064409
-0.0286490
-0.0239865
-0.0192017
-0.0073230
-0.0119445
-0.0157797
0.0263056
-0.0379851
-0.0329894
0.0169244
0.0258730
0.0269831
-0.0339480
-0.0442205
0.0008301
0.0476984
-0.0034710
0.0010919
-0.0095268
-0.0333461
0.0353586
0.0412638
-0.0207520
0.0074559
-0.0326059
0.0304217
-0.0146521
-0.0238333
-0.0266677
0.0073425
0.0397312
-0.0415083
0.0214845
0.0357741
0.0105090
0.0017508
0.0012830
0.0197977
-0.0145109
0.0154717
-0.0144579
-0.0210828
-0.0381616
0.0421468
-0.0277196
0.0177483
-0.0461045
0.0274442
0.0330320
0.0259328
-0.0448943
-0.0452838
0.0371881
0.0413588
-0.0123523
0.0197845
-0.0096673
0.0451760
0.0419951
-0.0285793
-0.0431598
0.0429123
-0.0053420
-0.0052867
-0.0237196
-0.0133412
0.0070529
-0.0057275
-0.0383090
-0.0079961
-0.0095383
0.0370294
0.0223137
-0.0177550
0.0418072
-0.0014039
0.0312576
0.0415334
0.0014669
-0.0194149
0.0101056
-0.0465158
-0.0714328
-0.1784255
-0.2614632
-0.1717584
-0.0054252
0.3514945
0.4846296
0.3691161
0.0389216
-0.2546516
-0.3112676
-0.1949321
-0.0298066
0.0429826
-0.0070151
0.0431193
0.0239814
0.0598393
0.0244000
0.0676531
0.0041035
-0.0164119
-0.0286083
0.0149612
-0.0578916
-0.0658187
-0.0485487
-0.0541599
0.0236333
-0.0088723
0.0209317
-0.0251161
-0.0326223
0.0347702
0.0438832
0.0471195
-0.0110202
0.0374713
0.0320111
-0.0302842
-0.0207866
0.0215341
0.0264638
-0.0303468
-0.0490113
-0.0109066
0.0041295
0.0068915
-0.0054631
0.0501658
-0.0248389
-0.0367993
-0.0269419
-0.0357568
-0.0257094
0.0340358
0.0362635
-0.0145144
0.0019869
-0.0442211
-0.0362246
0.0401604
0.0260509
0.0052418
0.0046458
-0.0397020
-0.0012835
0.0136720
0.0012635
-0.0275941
0.0323124
-0.0295069
0.0272621
-0.0270824
-0.0332272
0.0048907
-0.0187189
-0.0334996
-0.0199315
-0.0260498
0.0288419
0.0493850
0.0449558
-0.0177109
0.0418609
-0.0142568
0.0101772
-0.0265877
-0.0279708
0.0060230
0.0246460
-0.0378125
0.0060930
-0.0395105
0.0347345
0.0265878
-0.0315153
-0.0246894
-0.0191593
0.0028480
-0.0170600
0.0125996
0.0405433
0.0326624
-0.0250363
0.0243630
0.0099312
0.0207730
-0.0010341
-0.0334950
-0.0356030
-0.0335958
0.0213852
-0.0409978
-0.0348326
-0.0399356
0.0373545
-0.0343222
-0.0004866
0.0420712
-0.0371905
0.0116421
-0.0417480
0.0188316
0.0017545
0.0011070
-0.0444634
-0.0184622
-0.0176675
0.0186429
0.0465754
0.0152674
0.0161655
0.0025100
0.0320159
0.0409591
0.0146713
0.0347048
-0.0161984
0.0201072
-0.0083536
-0.0022517
-0.0460429
0.0082689
-0.0294367
0.0065391
0.0067223
0.0016043
0.0308802
-0.0005059
0.0424735
0.0268245
-0.0138840
-0.0441368
-0.0375452
0.0191492
-0.0028460
-0.0245590
-0.0110467
-0.0281227
-0.0077258
-0.0201925
-0.0419818
-0.0219146
-0.0024331
-0.0262557
0.0336832
-0.0171642
-0.0070514
-0.0414752
0.0003617
0.0362455
-0.0421835
-0.0448752
-0.0185474
-0.0212731
0.0205569
0.0222371
-0.0053980
0.0035187
0.0147136
0.0098908
0.0119421
0.0664936
0.0361794
0.0125168
0.0067375
-0.0078726
-0.0092507
-0.0130738
-0.0810314
-0.1240699
-0.2076450
-0.1784018
0.0116547
0.3101868
0.4763339
0.3660377
-0.0121699
-0.3162945
-0.3585223
-0.2146571
-0.0799629
0.0208696
0.0178366
-0.0190953
0.0339162
0.0937264
0.0473548
0.0257545
-0.0062755
0.0618313
0.0424881
0.0051692
-0.0041010
-0.0570491
0.0041678
-0.0537509
-0.0473080
0.0326959
-0.0244520
0.0371694
0.0045243
-0.0128415
0.0103441
0.0441097
0.0129641
0.0119809
0.0080566
-0.0102528
-0.0114260
-0.0320154
-0.0471393
-0.0234454
0.0054629
-0.0054687
-0.0361380
-0.0245506
-0.0151801
0.0186216
0.0008431
-0.0040771
-0.0080778
0.0202258
0.0307666
0.0075344
-0.0307517
-0.0241588
0.0099837
0.0199129
0.0048234
-0.0280235
0.0269944
-0.0221648
0.0113163
0.0420544
0.0240926
0.0387489
-0.0305933
0.0002360
-0.0222031
-0.0093404
0.0333224
-0.0142099
0.0230003
-0.0008297
-0.0005235
-0.0009258
-0.0115748
-0.0416910
-0.0041910
0.0047856
0.0168820
0.0302055
-0.0058697
0.0314319
0.0464585
0.0103606
0.0394161
0.0042350
0.0052907
0.0005764
-0.0364330
-0.0013490
-0.0052217
0.0345973
-0.0417645
-0.0097057
0.0061067
0.0216375
-0.0111966
0.0070114
0.0156014
-0.0287428
-0.0128704
-0.0084005
0.0003613
-0.0033535
-0.0323728
0.0093472
0.0445568
0.0017482
-0.0324255
-0.0403723
0.0169896
0.0158417
0.0295977
-0.0463999
-0.0394830
-0.0449888
0.0300799
-0.0296622
-0.0324589
0.0030721
-0.0402069
0.0230426
-0.0191612
-0.0243809
0.0243665
-0.0062562
-0.0412017
0.0200991
0.0186100
0.0268576
-0.0021068
0.0249809
-0.0140207
0.0066458
0.0178403
-0.0170796
-0.0294785
-0.0062289
0.0101038
-0.0389897
-0.0142011
0.0382407
-0.0082488
0.0044848
0.0200647
0.0009747
-0.0397639
0.0081252
0.0050568
0.0481764
0.0293722
-0.0223540
0.0036103
-0.0074789
0.0177716
0.0095484
-0.0219264
-0.0316294
-0.0182582
-0.0041180
-0.0033131
0.0283963
0.0080492
0.0011027
0.0042386
-0.0078779
-0.0348227
0.0086075
-0.0175703
0.0041617
-0.0100622
-0.0345730
-0.0002336
0.0005021
0.0140006
-0.0296867
0.0422289
0.0343762
0.0382444
0.0609706
0.0731142
0.0773709
0.0368978
0.0253283
-0.0041161
-0.0627138
-0.0372500
-0.1443642
-0.2256287
-0.1362576
0.1315296
0.3701666
0.4296371
0.2830406
-0.0973852
-0.2834201
-0.3276219
-0.1661118
0.0166898
0.0551547
-0.0383414
0.0484784
0.0065283
0.0751991
0.0219528
0.0294557
0.0500843
-0.0286867
-0.0140058
-0.0375123
0.0082862
-0.0136400
-0.0183303
-0.0598409
0.0104499
-0.0171479
0.0298826
0.0257185
0.0332429
-0.0120555
0.0085856
0.0261787
0.0545650
0.0244459
-0.0304512
-0.0200326
-0.0089733
0.0112370
-0.0539666
0.0325318
0.0296387
-0.0189838
-0.0021968
-0.0199004
-0.0361529
-0.0217591
-0.0088777
-0.0338650
-0.0123472
-0.0365754
-0.0418818
0.0385446
0.0289592
-0.0171036
-0.0011137
-0.0222463
0.0428967
0.0029489
-0.0111546
0.0103131
0.0197288
-0.0340673
0.0350368
-0.0057732
-0.0367940
-0.0019625
0.0269863
-0.0083329
0.0284783
-0.0301682
-0.0272188
-0.0378840
0.0391905
-0.0326526
-0.0174780
0.0148955
-0.0225169
-0.0447167
0.0205990
0.0148150
-0.0203415
-0.0250659
0.0215284
-0.0284947
-0.0357635
-0.0162694
-0.0111268
0.0135891
-0.0097211
-0.0439735
0.0007756
-0.0306352
0.0083058
-0.0378540
-0.0382798
-0.0319938
-0.0023771
0.0144007
0.0299030
0.0041157
0.0122227
-0.0196249
0.0479174
0.0352958
0.0151144
0.0123447
0.0346695
0.0217944
-0.0061395
0.0180479
-0.0112183
0.0044061
-0.0354400
0.0385936
0.0211920
0.0348573
-0.0268149
-0.0143801
0.0261163
0.0453073
0.0086878
0.0291262
0.0095227
0.0179187
-0.0077395
0.0056910
0.0063694
-0.0448329
-0.0301209
0.0065923
-0.0059348
0.0073352
-0.0346819
0.0132727
0.0248210
-0.0202790
0.0171117
0.0012541
-0.0294041
-0.0446181
-0.0458725
0.0100630
0.0220526
0.0069494
-0.0184205
0.0452476
0.0133755
0.0099073
-0.0206735
0.0003968
0.0201180
0.0111292
0.0286104
-0.0450470
0.0358718
0.0377989
0.0151009
-0.0137261
0.0429975
0.0299686
-0.0321901
0.0498230
-0.0245114
0.0202964
0.0414143
0.0035688
-0.0215854
-0.0219361
0.0039193
-0.0372892
0.0094724
0.0222636
-0.0554804
-0.0198759
0.0307633
-0.0144110
0.0542390
0.0526820
0.0442135
0.0645503
-0.0058670
-0.0061588
-0.0392029
-0.0615936
-0.0363673
-0.0731703
-0.0828643
-0.1951194
-0.2099247
0.0281378
0.3069319
0.4322139
0.2939587
-0.0124007
-0.2653092
-0.2869869
-0.1581795
-0.0475002
0.0248759
0.0460005
0.0540605
0.0325848
0.0588673
0.0638657
0.0050467
0.0092130
0.0266465
0.0365121
0.0315656
0.0268872
0.0149985
-0.0437596
-0.0445959
0.0114365
-0.0053641
0.0386409
0.0026217
-0.0239000
-0.0050929
-0.0132074
0.0312952
-0.0155355
-0.0274533
0.0012351
0.0078927
0.0344490
-0.0350124
-0.0601603
-0.0055895
-0.0227139
0.0373589
0.0306363
-0.0116269
0.0121950
0.0076620
-0.0015670
-0.0159483
0.0017732
-0.0303286
-0.0057138
0.0043580
-0.0061562
0.0139881
-0.0363375
-0.0108717
0.0118026
-0.0353866
0.0242867
-0.0302150
0.0304466
-0.0171309
0.0214624
0.0482215
-0.0141532
-0.0134482
0.0096972
-0.0257031
0.0108322
0.0247826
0.0099854
-0.0163319
-0.0131412
0.0158074
0.0196317
-0.0279152
0.0011878
-0.0253346
-0.0006240
0.0288000
0.0332412
-0.0390639
-0.0431281
0.0009955
-0.0130771
0.0022650
-0.0358531
-0.0183617
0.0184405
0.0190336
0.0106118
-0.0414572
-0.0288723
-0.0222522
0.0167741
0.0128831
0.0143435
-0.0351603
-0.0175947
0.0152563
-0.0430194
0.0301556
0.0167332
-0.0040120
-0.0082654
-0.0024167
0.0367142
0.0380105
-0.0061048
-0.0237100
0.0228021
0.0396599
0.0439195
-0.0212097
-0.0380459
-0.0257010
-0.0008756
-0.0468260
0.0319831
0.0015309
0.0312096
-0.0345111
-0.0328948
-0.0147585
0.0038394
-0.0166094
0.0258375
0.0056199
-0.0362077
0.0205359
0.0246203
0.0315868
0.0082330
-0.0007871
0.0239954
0.0325952
-0.0391478
-0.0082995
0.0290998
-0.0236031
-0.0142245
0.0026155
-0.0418076
0.0113256
0.0175261
-0.0364069
0.0391766
0.0205934
0.0222987
0.0076430
0.0181998
0.0020025
-0.0054036
0.0149311
-0.0265244
0.0341352
0.0019560
0.0338735
0.0267186
0.0418613
0.0442029
0.0327567
-0.0128661
0.0291432
-0.0095120
-0.0574493
-0.0362044
-0.0253847
-0.0563247
0.0235973
0.0073518
0.0331266
-0.0058303
0.0617809
0.0328503
0.0197684
0.0053720
-0.0087284
-0.0626575
0.0138622
-0.0593433
-0.1030134
-0.1888461
-0.1839320
-0.0780010
0.1800902
0.3997692
0.3957319
0.1576876
-0.1244461
-0.2716968
-0.2260574
-0.0646188
-0.0528041
0.0250719
0.0244411
-0.0007937
0.0252617
0.0582075
0.0701851
0.0451615
-0.0011286
-0.0104645
0.0318355
0.0209662
-0.0327952
-0.0219434
-0.0358008
-0.0587516
-0.0368734
-0.0353081
0.0419930
0.0494444
0.0011883
0.0201509
-0.0161798
-0.0200550
0.0461857
0.0397194
0.0001049
0.0170638
-0.0304420
0.0090662
0.0125964
-0.0474456
-0.0274175
0.0104604
0.0213922
0.0291905
0.0243554
0.0320537
0.0329251
0.0405779
-0.0261517
-0.0257041
0.0486152
-0.0271073
0.0322164
0.0010878
0.0311827
0.0025124
-0.0012705
-0.0034623
0.0326296
-0.0338724
0.0295186
0.0329216
-0.0403438
-0.0129833
0.0285028
0.0270990
0.0396668
0.0129946
0.0499612
-0.0147329
0.0067535
0.0414081
-0.0082826
-0.0259126
-0.0324180
0.0257943
0.0185566
0.0051150
0.0208036
-0.0136527
0.0425217
-0.0025604
-0.0231719
0.0016885
0.0219675
-0.0175206
0.0256511
0.0393469
-0.0073832
0.0157495
-0.0076211
0.0416490
0.0298070
-0.0186079
-0.0376404
0.0188167
0.0189050
-0.0186545
-0.0325622
-0.0273537
-0.0057623
0.0149021
-0.0204705
-0.0430661
0.0099516
-0.0237421
-0.0132774
0.0024388
-0.0149921
-0.0167632
-0.0428470
-0.0388745
-0.0079394
0.0024385
0.0053403
-0.0061201
-0.0353017
0.0351863
0.0275830
-0.0425665
-0.0229571
0.0006529
-0.0404396
-0.0257657
0.0417252
0.0064112
-0.0311450
0.0377852
-0.0327520
-0.0110662
-0.0250487
-0.0295785
0.0317370
-0.0381794
-0.0358993
0.0312984
0.0351115
-0.0036898
0.0303383
0.0406429
-0.0083331
0.0311664
0.0105339
0.0030437
-0.0207340
-0.0104310
0.0182198
0.0305152
-0.0448212
-0.0312542
0.0086601
0.0348039
-0.0376958
0.0147625
0.0514342
-0.0308278
-0.0287163
-0.0073962
-0.0366996
0.0239502
-0.0014289
-0.0082734
0.0045897
0.0107025
0.0136611
0.0064910
-0.0237552
-0.0406767
-0.0400445
-0.0153363
-0.0154752
0.0646518
0.0301496
-0.0156825
0.0314858
0.0401646
0.0622955
0.0433275
-0.0393606
-0.0655552
-0.0622138
-0.1127124
-0.1753346
-0.2819936
-0.1288341
0.2599408
0.5071721
0.4869510
0.1962288
-0.1855597
-0.3711203
-0.3169312
-0.1453224
0.0301398
0.0019189
-0.0170119
0.0604447
0.0988938
0.0940822
0.0242973
0.0418923
0.0210918
0.0129102
-0.0383028
0.0070549
-0.0643741
-0.0320830
0.0011672
-0.0363769
-0.0185456
0.0179868
-0.0413558
0.0173771
0.0045068
0.0151154
0.0454500
0.0592203
0.0403740
-0.0299519
0.0316156
-0.0356160
-0.0467269
-0.0133506
-0.0162286
0.0182557
0.0292565
0.0115408
-0.0128037
0.0108047
-0.0201711
0.0369037
-0.0101858
0.0470102
0.0472235
-0.0365297
-0.0291359
-0.0015251
0.0254795
-0.0389650
0.0140188
-0.0436755
-0.0275384
0.0110232
0.0233438
0.0455490
-0.0281657
-0.0169644
-0.0082211
-0.0150262
-0.0399232
-0.0189680
-0.0446007
-0.0407241
-0.0194483
0.0349989
0.0419751
0.0007580
0.0080216
0.0093830
-0.0257600
0.0250868
0.0048966
-0.0356690
0.0178208
-0.0084748
-0.0075394
0.0313989
0.0023712
0.0208656
-0.0157209
0.0033408
0.0313861
-0.0066204
0.0420761
0.0453624
-0.0385925
0.0370563
0.0126407
-0.0351851
0.0073771
-0.0070403
-0.0425334
-0.0260422
-0.0285996
-0.0428390
-0.0184092
0.0229481
-0.0289505
-0.0399274
0.0474045
0.0410267
0.0426320
0.0097849
-0.0416288
-0.0090302
0.0416200
0.0232156
-0.0011341
0.0291754
0.0214864
0.0330248
0.0043478
-0.0368863
-0.0191959
-0.0369626
-0.0359536
0.0191668
0.0223670
0.0097885
0.0380418
0.0184577
-0.0394396
0.0330649
-0.0045033
0.0258374
0.0049742
0.0216454
-0.0069320
-0.0231013
-0.0360514
-0.0375323
-0.0479277
-0.0350604
0.0475753
-0.0304156
-0.0268368
-0.0048551
-0.0329325
0.0431094
-0.0375776
0.0364435
0.0377452
0.0415333
0.0185263
-0.0254735
0.0172030
-0.0380705
-0.0088305
0.0291897
0.0226512
-0.0152438
-0.0287148
0.0466091
0.0237958
-0.0171607
-0.0284057
-0.0317807
-0.0020176
0.0304514
0.0338930
0.0212400
-0.0389334
0.0268068
-0.0548078
0.0288295
-0.0245684
0.0277732
-0.0223974
-0.0427979
0.0339772
0.0402979
-0.0121974
0.0332143
0.0700686
0.0463062
0.0756237
-0.0399527
-0.0351644
-0.0360366
-0.0676013
-0.0888506
-0.2001110
-0.2417119
-0.0795779
0.2591492
0.4754142
0.4497090
0.0996035
-0.1873150
-0.3470438
-0.2237844
-0.0920673
0.0255446
0.0277253
0.0542183
0.0016076
0.0569063
0.1062823
0.0860843
0.0640081
-0.0231315
