-0.0316425
-0.0095566
-0.0172915
-0.0288036
-0.0030111
-0.0201498
-0.0334176
0.0325995
-0.0123888
0.0060047
0.0158875
0.0274750
0.0168434
-0.0393110
-0.0206680
0.0218049
0.0227153
-0.0155426
0.0426083
-0.0120376
0.0405090
0.0258559
-0.0349156
0.0261863
-0.0469271
0.0045407
-0.0417756
-0.0069215
0.0313001
0.0094850
-0.0213571
0.0109998
0.0260732
0.0166182
0.0259527
0.0046972
0.0435909
-0.0158396
-0.0369345
0.0226788
0.0003590
0.0266223
-0.0416297
-0.0076114
0.0394508
-0.0203248
-0.0076578
0.0090530
-0.0067273
0.0388222
-0.0375834
0.0427104
0.0024097
-0.0188227
0.0152094
-0.0268597
-0.0145342
0.0245998
0.0372371
0.0021910
-0.0570649
-0.0112798
0.0176151
0.0386910
-0.0013643
-0.0001922
-0.0047440
-0.0057543
-0.0275370
0.0271028
0.0405899
0.0641770
0.0172404
-0.0300519
-0.0469134
-0.0450050
-0.0885964
-0.1557610
-0.2427649
-0.1619631
0.0589177
0.3240679
0.4713223
0.2785492
-0.0140891
-0.2517996
-0.3426195
-0.1701752
0.0150107
-0.0164746
0.0480691
0.0442151
0.0408880
0.0781312
0.0125550
0.0467066
0.0315258
0.0066555
-0.0099045
-0.0462848
-0.0083350
-0.0041431
-0.0380594
-0.0000429
-0.0298828
0.0350076
-0.0257620
0.0235595
0.0450946
0.0245833
-0.0019089
0.0299885
0.0061748
-0.0309003
-0.0133240
-0.0151849
0.0189995
-0.0230315
-0.0382707
0.0310923
-0.0352814
-0.0154236
-0.0505682
0.0342262
-0.0356612
0.0190552
-0.0044292
0.0319928
0.0291447
-0.0052784
0.0406116
0.0200789
-0.0147251
-0.0163138
-0.0453448
-0.0163225
-0.0304226
-0.0143131
0.0305695
-0.0393929
0.0380523
0.0077961
0.0191130
0.0047544
0.0118495
-0.0322639
0.0108828
0.0310183
-0.0505125
-0.0449173
0.0330602
0.0144502
-0.0228414
0.0194264
-0.0142002
0.0201941
0.0103250
-0.0347133
-0.0297027
-0.0394241
-0.0146776
-0.0383746
-0.0026412
-0.0092933
-0.0144474
0.0159952
0.0386375
-0.0040098
-0.0251404
-0.0042368
0.0287046
0.0043356
0.0421516
-0.0054804
0.0122757
0.0359758
-0.0121430
-0.0112430
0.0254238
0.0338604
0.0061170
0.0386078
-0.0089707
-0.0117763
0.0087621
-0.0342880
0.0015462
-0.0441268
0.0262112
-0.0090728
0.0448263
-0.0287658
-0.0199801
0.0228592
-0.0328400
-0.0282957
0.0150302
-0.0280937
-0.0338511
-0.0318732
0.0136892
-0.0246022
-0.0426041
0.0044215
0.0244765
-0.0185278
-0.0136053
-0.0003667
-0.0211597
0.0301738
-0.0233831
0.0162505
0.0249944
0.0336161
0.0010614
-0.0282844
0.0141458
-0.0058078
0.0245265
0.0183680
0.0029132
-0.0340291
-0.0237129
-0.0346694
0.0029536
0.0174849
0.0324481
0.0103635
0.0002326
0.0312061
0.0064025
-0.0152158
-0.0098170
-0.0308665
0.0077367
0.0045792
0.0021495
-0.0028468
-0.0382205
-0.0033044
0.0409261
0.0459428
-0.0330739
0.0376244
0.0414669
0.0349719
-0.0118146
0.0154438
-0.0478686
-0.0024974
-0.0174912
-0.0216126
-0.0121623
-0.0273426
0.0436017
0.0205039
0.0221297
0.0140791
0.0153518
0.0504678
0.0426212
0.0153373
-0.0297336
-0.0250277
-0.0173178
-0.0417288
-0.0830517
-0.1905781
-0.1860428
-0.0188412
0.2442644
0.4526472
0.3921576
0.1492011
-0.1925903
-0.2706511
-0.1545066
-0.0883764
-0.0137035
0.0196766
0.0184505
-0.0003299
0.0787528
0.0760634
0.0073966
0.0428146
0.0081767
-0.0221890
-0.0348708
0.0266949
-0.0190715
0.0020890
0.0133498
0.0105331
-0.0560635
-0.0347262
-0.0127199
-0.0423875
-0.0149581
-0.0335457
-0.0170190
-0.0104156
-0.0296604
-0.0074574
0.0419673
0.0127014
-0.0432108
-0.0134655
-0.0133103
0.0137302
-0.0291982
-0.0162065
0.0389320
0.0443008
-0.0350511
0.0408687
-0.0240141
0.0418740
0.0163116
0.0162877
-0.0125350
-0.0189528
-0.0347927
-0.0069045
0.0188686
-0.0324853
0.0068874
0.0266739
0.0205940
-0.0115840
0.0033030
-0.0356951
0.0310024
0.0053736
0.0467807
-0.0174885
0.0357873
-0.0326102
-0.0363624
-0.0143635
0.0082393
0.0246027
0.0208009
0.0222057
0.0064915
-0.0003224
0.0348138
0.0338602
0.0229461
0.0258399
0.0246522
0.0198037
0.0121817
0.0445974
0.0289553
0.0007477
-0.0067009
0.0231325
0.0151422
-0.0352706
-0.0091291
-0.0369615
0.0459623
-0.0166694
0.0303115
-0.0506139
0.0249756
0.0226008
0.0427715
0.0348893
0.0413897
0.0114254
0.0064171
-0.0221944
0.0407183
-0.0132112
-0.0298595
0.0247375
0.0046790
-0.0444719
0.0127808
-0.0273129
-0.0059125
0.0124179
-0.0013325
-0.0206053
0.0399509
-0.0273858
0.0003132
-0.0062176
0.0323058
0.0379440
-0.0361674
-0.0122608
-0.0024315
-0.0202706
0.0110967
-0.0066947
0.0308694
-0.0439113
0.0240061
-0.0046592
0.0312062
0.0106197
-0.0242792
0.0373459
-0.0230418
-0.0196500
0.0202875
0.0429713
0.0180203
-0.0074989
-0.0152678
0.0038035
0.0213595
-0.0411940
-0.0362452
0.0069158
0.0338536
-0.0350401
0.0384908
0.0258327
0.0420154
0.0223027
0.0387443
0.0105359
-0.0115386
-0.0224917
-0.0427255
-0.0039375
-0.0046677
-0.0277516
-0.0328007
-0.0033432
-0.0532409
0.0240677
-0.0248503
0.0012225
0.0162427
-0.0113271
-0.0055680
0.0088418
0.0116816
-0.0147621
-0.0356663
-0.0423272
-0.0621849
-0.0197944
-0.1030702
-0.2271460
-0.2138866
-0.0467884
0.2443017
0.4984505
0.3682043
0.0567291
-0.2261137
-0.2948805
-0.2248131
-0.0989023
-0.0080137
-0.0236609
0.0146316
0.0534144
0.0838588
0.0414446
0.0825821
0.0610915
-0.0116543
0.0448805
-0.0288000
0.0153011
0.0049694
-0.0369068
-0.0763989
-0.0434205
0.0223339
0.0171226
-0.0049872
0.0118740
0.0003012
0.0367771
0.0248955
0.0100717
-0.0055329
-0.0288250
-0.0333667
0.0323114
-0.0182462
-0.0130217
-0.0399052
-0.0429940
-0.0423959
-0.0178144
-0.0233191
-0.0047998
0.0087191
0.0447149
0.0340209
0.0263841
-0.0177387
-0.0272656
0.0183433
-0.0452557
0.0111443
-0.0300574
-0.0134232
-0.0049441
-0.0193136
0.0040715
-0.0282608
-0.0000981
-0.0261799
-0.0207666
0.0024075
0.0157051
-0.0001851
0.0165155
0.0119855
0.0318896
-0.0488210
-0.0379368
0.0315950
-0.0108710
0.0393151
0.0006421
-0.0057735
0.0418932
-0.0190325
0.0204588
-0.0323262
0.0311332
0.0355828
-0.0012647
0.0476927
0.0198595
0.0140494
0.0204142
-0.0167367
-0.0044774
-0.0013317
0.0469860
0.0378940
-0.0396455
-0.0120538
-0.0225733
0.0323595
0.0115470
-0.0064533
-0.0232629
-0.0203197
0.0254823
-0.0209728
0.0325945
0.0194639
-0.0097425
-0.0409048
0.0220727
-0.0025598
-0.0237276
-0.0459440
-0.0061286
-0.0426282
-0.0146716
0.0468922
0.0028684
-0.0357522
-0.0292633
-0.0343509
-0.0100113
0.0196600
-0.0003638
0.0257298
-0.0420724
-0.0402717
-0.0084377
0.0297116
0.0267864
-0.0033741
-0.0080006
0.0275914
-0.0077388
0.0439334
-0.0252114
-0.0060527
0.0015347
0.0029719
0.0409111
0.0192213
-0.0192525
-0.0069262
0.0192786
0.0003631
0.0469022
0.0414155
-0.0329948
0.0065828
-0.0126351
0.0087207
-0.0229934
0.0031457
-0.0400019
-0.0251092
-0.0341727
-0.0504712
-0.0451700
-0.0273724
0.0150097
0.0453466
0.0350965
0.0322995
-0.0246170
-0.0241705
-0.0270279
0.0436191
0.0023460
-0.0173368
0.0156558
-0.0380107
-0.0543096
0.0004167
0.0096309
-0.0479000
-0.0031564
0.0120413
-0.0455686
0.0032934
0.0487364
0.0297259
0.0326445
0.0445277
0.0112103
0.0249239
0.0109452
-0.0241538
-0.0894701
-0.0702975
-0.2514069
-0.2328370
-0.1220235
0.2344089
0.5298621
0.4397414
0.1811330
-0.1929385
-0.3526463
-0.2517586
-0.1457888
0.0053344
-0.0262749
-0.0282182
0.0430928
0.1107788
0.0875492
0.0076796
0.0387824
0.0087627
0.0005575
0.0150004
0.0205080
-0.0449948
-0.0336482
-0.0625524
0.0163376
-0.0570934
0.0175188
0.0498085
-0.0033300
0.0522929
0.0167472
0.0083733
0.0063542
-0.0305044
0.0121338
0.0532068
-0.0073999
-0.0480125
0.0099788
-0.0184513
-0.0212129
-0.0121311
0.0277882
0.0309130
0.0014999
0.0036676
0.0466445
0.0451914
-0.0241706
0.0028197
-0.0277719
-0.0017986
0.0290322
0.0227074
0.0362045
-0.0390917
-0.0199259
-0.0414111
0.0030132
-0.0099736
-0.0237919
0.0218325
0.0261051
0.0257693
0.0183584
-0.0238332
-0.0138397
-0.0184697
0.0340827
0.0299610
-0.0036058
0.0338696
-0.0213405
-0.0104900
-0.0231701
0.0414648
0.0107080
0.0200292
-0.0192006
-0.0384599
-0.0250033
0.0071056
-0.0053906
0.0082696
0.0145185
0.0069790
-0.0106298
-0.0478501
0.0423758
-0.0192551
0.0166515
-0.0334142
0.0461570
0.0257932
0.0192652
0.0372545
-0.0470176
0.0143434
-0.0016833
-0.0282927
-0.0248070
-0.0213859
-0.0081899
0.0068475
-0.0151764
-0.0263301
0.0146732
-0.0174830
0.0262326
-0.0058024
0.0434883
-0.0398070
-0.0069365
0.0129436
0.0456010
0.0415897
-0.0185312
0.0302632
-0.0062127
0.0070404
0.0322594
0.0513107
0.0421967
0.0279963
-0.0276225
-0.0257381
-0.0250555
-0.0004561
-0.0120745
0.0185669
0.0172563
-0.0250333
-0.0005859
0.0373976
-0.0248615
-0.0218402
0.0122645
0.0211926
0.0398109
-0.0351496
0.0184994
0.0122038
-0.0087157
-0.0283364
0.0144166
0.0123812
0.0322337
0.0090219
-0.0318212
-0.0016287
0.0167083
-0.0141593
0.0363683
0.0020690
0.0023933
0.0134034
-0.0231349
-0.0371870
0.0316198
0.0008558
0.0110347
-0.0052156
0.0028770
0.0064018
0.0183043
-0.0336015
0.0311798
0.0281723
0.0128300
0.0299106
-0.0442185
-0.0103119
-0.0142099
0.0071562
0.0189235
-0.0136269
0.0049087
0.0512059
0.0372557
0.0559580
-0.0235398
-0.0041268
0.0260081
0.0560864
-0.0200391
0.0228476
-0.0508054
-0.0336630
-0.1052130
-0.1997987
-0.2711691
-0.0123921
0.2917786
0.4799428
0.4226301
0.0704673
-0.1995640
-0.3608095
-0.2650375
-0.0355393
0.0416854
0.0375806
-0.0145596
0.0597264
0.0849302
0.0643996
0.0337019
0.0597293
0.0132521
0.0253089
-0.0232459
-0.0053364
0.0192523
-0.0009271
-0.0212167
-0.0455282
0.0041236
-0.0297782
-0.0315980
-0.0056589
-0.0026335
0.0302971
0.0215703
-0.0153342
-0.0170532
-0.0339272
0.0370594
0.0024270
-0.0002461
0.0067531
-0.0227597
0.0154441
-0.0095448
-0.0102580
-0.0185349
0.0086013
-0.0159543
-0.0040121
0.0449097
0.0063360
0.0010580
-0.0105953
-0.0004289
-0.0014763
0.0048202
0.0067058
-0.0451401
0.0000685
0.0318504
-0.0240216
-0.0346883
-0.0190039
0.0069852
-0.0447455
-0.0471019
-0.0200135
-0.0048940
-0.0422396
0.0146621
0.0112863
0.0084371
-0.0090178
0.0136417
0.0297892
0.0315201
-0.0449244
-0.0172645
0.0309024
0.0080252
-0.0106974
0.0009612
-0.0350682
0.0254296
-0.0186174
0.0255092
-0.0057717
-0.0163558
0.0206467
-0.0224934
-0.0264771
-0.0174793
0.0303926
0.0476038
0.0172420
0.0345119
-0.0231747
-0.0233536
0.0413460
0.0226402
-0.0238771
0.0123578
-0.0218562
-0.0028307
-0.0396499
-0.0198208
0.0060273
-0.0297538
-0.0231324
-0.0448418
0.0353202
0.0058477
0.0195138
-0.0430290
-0.0366319
-0.0144221
-0.0020811
-0.0365703
-0.0047060
0.0064264
-0.0219036
0.0257755
-0.0044683
0.0250738
0.0340805
0.0006536
-0.0340284
0.0138587
0.0132603
-0.0195093
0.0049158
0.0508679
0.0264682
0.0465638
-0.0288737
0.0114421
0.0241856
-0.0474107
-0.0074623
-0.0046578
-0.0303966
-0.0039678
-0.0323494
0.0397603
0.0357209
0.0007415
-0.0484884
-0.0248222
0.0196582
-0.0316292
-0.0092946
-0.0127046
0.0351861
-0.0459278
-0.0242990
0.0199177
-0.0075083
-0.0269983
0.0150036
-0.0119053
0.0306983
-0.0006537
-0.0112588
-0.0099799
0.0404194
-0.0321283
0.0246837
0.0323673
0.0103156
0.0365125
-0.0160125
-0.0073762
-0.0263854
-0.0158449
-0.0380000
0.0065210
0.0037773
-0.0358984
-0.0183213
-0.0128541
0.0680305
0.0052691
0.0790002
0.0604874
0.0784698
-0.0126690
0.0099058
0.0212792
-0.0394568
-0.0715294
-0.1710532
-0.2340287
-0.1590669
0.0241223
0.3365852
0.4728583
0.2758566
-0.0248314
-0.1972691
-0.2763676
-0.1839450
-0.0174674
-0.0412564
-0.0246908
-0.0074459
0.0697715
0.0176696
0.0757409
0.0335131
0.0361671
0.0601966
0.0438461
-0.0413972
0.0251111
-0.0469390
-0.0078454
-0.0533335
-0.0073819
0.0296872
-0.0168560
0.0138483
0.0346401
-0.0078225
0.0166080
-0.0114446
0.0332588
0.0041351
0.0325974
-0.0090646
-0.0133933
-0.0227830
-0.0413558
-0.0146152
-0.0280683
-0.0172620
-0.0011134
0.0197744
0.0425790
0.0269225
-0.0044229
0.0298081
0.0033044
0.0218686
0.0033423
0.0053102
-0.0459829
-0.0156214
0.0035022
0.0296114
-0.0314668
0.0025369
-0.0441350
0.0316593
-0.0198483
-0.0326260
-0.0205245
0.0126185
-0.0385302
0.0141376
0.0070479
-0.0048883
0.0414245
-0.0134752
-0.0245685
0.0200134
-0.0437288
0.0251986
0.0353542
-0.0415558
-0.0282645
-0.0294345
-0.0272813
-0.0393751
-0.0237831
-0.0229104
-0.0075473
0.0084786
-0.0471209
-0.0362767
-0.0400938
0.0183347
0.0091198
-0.0081642
0.0195855
0.0254133
0.0263095
0.0346512
0.0291801
-0.0376812
0.0375779
-0.0017686
0.0008919
-0.0078200
-0.0233645
0.0325963
-0.0362166
-0.0059413
0.0277640
-0.0301951
0.0151732
-0.0262779
0.0102227
-0.0313620
-0.0006545
0.0379099
-0.0391568
-0.0210123
-0.0368846
-0.0111468
0.0371202
0.0194988
-0.0351372
-0.0028405
0.0259433
0.0012927
-0.0407277
0.0440485
-0.0370303
-0.0120253
0.0358110
-0.0380476
0.0156745
-0.0148173
0.0178647
-0.0212015
-0.0435846
0.0282058
-0.0234063
0.0201940
-0.0164289
-0.0159672
0.0204680
0.0334575
-0.0170663
0.0172249
-0.0244594
-0.0264996
-0.0395312
-0.0173186
-0.0087889
0.0194714
-0.0298041
-0.0113803
-0.0414920
-0.0440607
-0.0093178
0.0325311
0.0558491
0.0030299
-0.0060744
0.0015931
0.0132931
0.0403656
0.0155715
0.0010024
-0.0484459
-0.0115693
-0.0595186
-0.0526667
0.0096998
0.0088062
0.0106439
-0.0252085
0.0364740
0.0135546
0.0153762
0.0545627
0.0570729
0.0465073
-0.0088820
-0.0142772
-0.0453020
-0.0127567
-0.0914650
-0.1929575
-0.3121988
-0.1858054
0.0538821
0.3563768
0.5017580
0.2802358
-0.0012701
-0.2776602
-0.2861636
-0.1581093
-0.0236140
-0.0414455
0.0163924
0.0314549
0.0415215
0.0756881
0.0092511
0.0780278
0.0100343
0.0372522
-0.0178871
0.0260120
-0.0143676
-0.0410472
-0.0370233
-0.0374090
-0.0539505
-0.0339650
-0.0289316
0.0006059
0.0453502
0.0463834
0.0183067
-0.0068242
-0.0162557
0.0510222
-0.0030609
0.0020289
0.0070475
0.0193320
0.0325820
-0.0491708
0.0047286
-0.0079175
-0.0216134
-0.0113501
0.0485210
