-0.3182049
-0.0868280
0.0089308
0.0217891
0.0002495
0.0501177
0.0134837
0.0835679
0.0447317
0.0160114
0.0685980
0.0505807
-0.0191007
-0.0391817
-0.0582779
-0.0715963
0.0057954
0.0143466
-0.0167831
0.0187446
0.0377428
0.0239755
-0.0035481
-0.0313837
-0.0346734
0.0257205
0.0425547
-0.0036898
0.0016982
0.0412969
-0.0142264
-0.0512621
-0.0094755
0.0162199
-0.0443962
0.0095306
0.0247751
0.0242152
-0.0050886
0.0019261
-0.0162815
0.0095322
-0.0195767
-0.0417741
0.0069060
-0.0161247
-0.0013388
-0.0185325
-0.0447055
-0.0286409
0.0407804
-0.0068087
-0.0387277
-0.0246371
0.0381316
-0.0194422
0.0147468
-0.0224576
0.0328051
-0.0188514
0.0533520
-0.0138432
0.0054850
0.0153047
-0.0183995
-0.0523935
-0.0263734
0.0161395
-0.0344187
-0.0079630
0.0464732
0.0357849
0.0144101
0.0329691
-0.0236594
0.0312485
-0.0362754
0.0199609
0.0193812
-0.0482483
0.0159405
-0.0248389
0.0080286
0.0326669
0.0014517
-0.0225828
-0.0316080
0.0473305
-0.0083815
0.0073091
0.0367732
0.0405683
0.0178094
-0.0370368
-0.0055814
-0.0003686
0.0493812
-0.0411153
-0.0052453
0.0359731
-0.0223870
-0.0301384
0.0210813
0.0108173
0.0235592
0.0022336
-0.0330356
-0.0310142
-0.0135767
-0.0342913
-0.0267922
0.0181756
0.0435476
-0.0385631
-0.0200348
0.0055156
0.0132182
0.0184930
0.0222650
0.0287931
0.0358287
-0.0267091
-0.0621997
-0.0191714
-0.0107621
-0.0275577
-0.0189199
-0.0276343
0.0448399
0.0196621
0.0438252
0.0244268
0.0685843
0.0136005
0.0871078
0.0547690
0.0046633
0.0081927
-0.0464071
-0.0024140
-0.1055906
-0.1834749
-0.2315382
-0.1596899
0.1229300
0.3650977
0.3636834
0.1648206
-0.0670499
-0.2425988
-0.1798027
-0.1525727
-0.0474891
0.0330174
0.0248520
0.0282603
0.0068924
0.0316999
0.0870633
0.0480132
0.0672335
0.0582633
-0.0181810
-0.0541830
-0.0644956
-0.0317944
-0.0137265
-0.0306842
0.0346634
0.0013280
-0.0466036
0.0108518
0.0367350
0.0044432
0.0506734
0.0359503
-0.0134371
-0.0269352
0.0503529
-0.0194564
-0.0513966
0.0126996
0.0102528
-0.0251418
0.0128764
-0.0550828
-0.0486588
0.0012925
-0.0097230
0.0259404
0.0459311
0.0146513
-0.0035964
-0.0495126
-0.0128488
-0.0048480
-0.0130061
-0.0256008
-0.0342382
-0.0026022
-0.0162233
-0.0321291
-0.0005463
0.0161626
-0.0274610
0.0221556
0.0060568
-0.0301351
-0.0068501
0.0080762
0.0280665
0.0333910
-0.0381104
-0.0152252
0.0291968
-0.0130870
0.0084904
-0.0130951
-0.0012558
-0.0167646
0.0013444
0.0260514
-0.0218827
0.0249709
-0.0433407
0.0456492
-0.0044420
0.0447326
-0.0179106
0.0454536
-0.0142089
0.0165345
-0.0233447
0.0268177
-0.0267104
0.0070289
0.0073084
0.0442988
-0.0113057
-0.0126007
-0.0434707
0.0213318
-0.0330678
-0.0192401
-0.0459986
0.0298222
0.0219289
-0.0272882
0.0446811
0.0197734
-0.0029313
0.0331943
0.0238941
-0.0432240
0.0036406
0.0302097
0.0053498
0.0393896
-0.0298790
-0.0291669
0.0544084
0.0110538
0.0280444
-0.0010676
-0.0546875
-0.0519635
0.0177925
-0.0170382
0.0382141
-0.0369510
-0.0296953
-0.0279389
-0.0005678
0.0085881
0.0318584
0.0253852
0.0097641
0.0266247
-0.0347511
0.0089888
-0.0448350
-0.0147996
0.0310970
-0.0025519
-0.0392453
-0.0193570
-0.0269222
-0.0646623
0.0142617
-0.0255677
0.0520634
-0.0021317
0.0229976
0.0117302
0.0202474
0.0223849
0.0559938
0.0015303
-0.0399900
-0.0306247
-0.0713635
-0.1625668
-0.1734982
-0.1590317
0.0327623
0.3022164
0.3876254
0.3567926
0.0696304
-0.2190882
-0.2376573
-0.1839274
-0.0871151
-0.0023871
0.0340958
-0.0025374
0.0529087
0.0741684
0.0315215
0.0928897
0.0422498
-0.0206241
-0.0233540
-0.0247418
-0.0198526
-0.0197070
-0.0051373
-0.0621042
-0.0089284
-0.0317224
0.0158519
0.0397700
0.0111445
-0.0191383
0.0175737
-0.0277872
-0.0295362
-0.0029307
-0.0399138
0.0047881
-0.0449073
-0.0519091
-0.0079022
0.0397664
0.0215671
0.0026471
0.0362324
-0.0105959
-0.0314677
-0.0003593
0.0348833
0.0206527
0.0166342
-0.0332779
-0.0303344
0.0016176
-0.0066411
-0.0202826
-0.0149382
-0.0362066
-0.0241286
-0.0305188
-0.0540089
-0.0065103
0.0050128
-0.0292542
-0.0205552
0.0069632
-0.0083259
0.0052889
-0.0169089
-0.0058986
-0.0038591
-0.0026802
0.0416686
-0.0454559
0.0408030
-0.0501678
0.0260845
-0.0160571
-0.0042827
0.0023914
-0.0221080
-0.0278093
-0.0376595
-0.0285601
0.0075806
0.0283376
-0.0156436
-0.0014098
-0.0043322
-0.0268045
0.0212459
0.0236416
0.0408916
-0.0021947
0.0184015
0.0482324
-0.0346124
-0.0019675
0.0097820
-0.0221629
-0.0128717
-0.0124425
0.0488963
-0.0397612
-0.0340413
-0.0218207
0.0479823
0.0405498
0.0342170
-0.0291915
0.0035383
0.0381516
-0.0208212
0.0228190
-0.0347642
0.0226932
-0.0232140
-0.0035689
0.0422019
-0.0279219
0.0234433
-0.0187743
0.0269024
0.0346869
-0.0069023
0.0021675
-0.0079336
0.0509748
-0.0016989
-0.0231706
0.0073381
0.0064733
-0.0286045
-0.0373724
-0.0326744
-0.0136810
0.0516048
0.0055846
0.0122121
0.0732636
0.0147444
0.0773355
0.0106750
0.0533473
-0.0184891
-0.0429548
-0.0924988
-0.0417355
-0.1066624
-0.2454638
-0.2139590
-0.0337477
0.3036754
0.4948309
0.3689305
0.0739989
-0.2487370
-0.4232109
-0.2590606
-0.0621141
0.0474894
-0.0173664
-0.0114397
0.0489799
0.0891159
0.0468932
0.0387634
0.0553004
-0.0082448
0.0257095
-0.0421478
-0.0480176
-0.0846572
0.0146477
0.0222222
-0.0292519
-0.0375631
0.0420205
-0.0310353
0.0385414
-0.0188289
-0.0302817
0.0549277
-0.0290144
0.0245240
0.0374274
-0.0276712
-0.0447642
0.0143983
0.0129962
0.0040797
-0.0230160
0.0077231
-0.0061291
0.0029640
-0.0053684
-0.0427153
-0.0146763
0.0310934
-0.0415159
-0.0089334
-0.0144721
-0.0176206
0.0286040
0.0415066
0.0047147
-0.0078738
-0.0337226
-0.0463551
-0.0188262
0.0231082
-0.0199027
0.0100962
0.0217487
0.0413179
0.0499422
0.0149610
0.0186195
-0.0493932
0.0016597
-0.0324038
-0.0455385
-0.0263820
-0.0403915
0.0020150
0.0400760
0.0234503
0.0035101
-0.0335268
0.0253272
0.0034454
0.0110302
-0.0449101
0.0128404
0.0205258
-0.0268863
-0.0179239
-0.0105681
0.0240706
-0.0212569
0.0120512
-0.0012025
0.0477815
-0.0334899
0.0335757
0.0453721
0.0304252
0.0104634
-0.0115871
-0.0177717
0.0246231
-0.0278938
-0.0346146
0.0011408
-0.0289066
-0.0132582
-0.0335658
-0.0120382
0.0111430
0.0482806
0.0277410
0.0311664
0.0061682
-0.0024891
-0.0393900
0.0270561
-0.0381694
0.0132501
-0.0628615
-0.0751932
-0.0233066
-0.0017355
-0.0266693
-0.0296515
0.0333245
0.0525046
0.0046227
0.0645625
0.0760479
0.0370880
0.0328553
0.0215632
0.0203327
-0.0629763
-0.0177318
-0.0643392
-0.1163928
-0.3143702
-0.2822378
0.0356429
0.3800119
0.5509401
0.4113172
0.0491540
-0.3281401
-0.4186705
-0.1979241
-0.0359099
-0.0192921
0.0485263
-0.0066307
0.0549458
0.0772167
0.0556479
0.0695470
0.0529175
0.0444399
0.0569053
0.0079339
-0.0236077
-0.0233431
-0.0531019
-0.0619385
-0.0449393
0.0238163
-0.0356613
0.0419747
0.0167272
0.0495732
-0.0237630
-0.0001842
-0.0157295
0.0362567
-0.0083611
0.0170950
0.0237597
-0.0086129
0.0029057
-0.0499852
0.0004118
-0.0088341
0.0120574
0.0412068
-0.0072439
0.0022654
0.0129736
-0.0061941
-0.0153021
0.0411851
-0.0214517
-0.0239991
0.0044066
-0.0431640
-0.0437089
0.0031912
0.0093959
0.0309923
-0.0484294
-0.0357270
0.0304387
-0.0391175
-0.0400721
-0.0224553
0.0250822
-0.0050425
0.0221385
-0.0011532
0.0323649
-0.0190636
0.0320183
0.0142308
0.0248457
0.0487812
0.0191097
0.0476977
-0.0185822
-0.0112198
0.0232556
-0.0271094
0.0496875
-0.0057327
0.0218785
0.0123551
0.0166586
-0.0422599
-0.0319800
-0.0414826
-0.0280489
0.0261754
-0.0255713
-0.0156554
0.0474504
0.0432940
-0.0121682
-0.0303935
-0.0164491
0.0164848
-0.0475185
0.0285172
0.0324025
-0.0484212
-0.0461061
-0.0198388
0.0090264
0.0159728
-0.0316732
0.0246990
-0.0305925
-0.0180258
0.0159032
0.0631380
0.0132536
0.0196304
-0.0426787
0.0193504
-0.0214070
-0.0117425
-0.0400738
-0.0153608
-0.0581186
0.0215067
-0.0452708
0.0067723
0.0623054
0.0077319
0.0486683
0.0782749
0.0288217
0.0807154
0.0543153
-0.0574273
-0.0833936
-0.0386383
-0.0253189
-0.1761205
-0.2880914
-0.2459168
0.0232235
0.3314051
0.5624544
0.4357989
0.0348719
-0.2880272
-0.3504629
-0.2013848
-0.0965268
0.0370260
-0.0383220
0.0485852
0.0469386
0.0888648
0.0990910
0.0879394
0.0551598
-0.0082351
0.0024460
-0.0490305
-0.0033737
-0.0340042
-0.0625641
-0.0442963
-0.0491366
0.0013302
-0.0228857
0.0053569
0.0229428
0.0087148
-0.0120869
0.0550907
0.0254579
0.0157419
0.0036608
-0.0440098
0.0256681
0.0176301
-0.0294610
-0.0067754
-0.0088732
-0.0070950
0.0264504
0.0416628
-0.0363402
0.0278008
0.0007920
0.0406684
0.0307096
0.0354021
0.0544251
0.0324891
0.0361389
-0.0048375
-0.0059152
0.0316787
0.0097693
0.0148282
0.0255489
-0.0214100
0.0209278
0.0041522
-0.0447094
0.0500331
-0.0047172
0.0247878
0.0420159
0.0484209
-0.0125536
-0.0288337
-0.0334821
-0.0276571
0.0109282
0.0198625
0.0323814
0.0217653
0.0438223
0.0311195
-0.0271030
-0.0388638
-0.0465073
-0.0448655
-0.0471165
-0.0402615
-0.0411697
-0.0368409
-0.0208546
-0.0158255
-0.0341776
0.0238697
0.0456355
-0.0386820
0.0312609
0.0166966
-0.0010007
-0.0249141
-0.0327940
0.0064626
-0.0037079
-0.0280731
0.0214379
0.0506535
0.0360291
-0.0017985
-0.0236832
0.0355559
0.0180686
0.0267612
0.0425806
0.0255518
-0.0413998
0.0295560
0.0243294
0.0561616
0.0165379
-0.0004885
0.0004136
-0.0391352
-0.0441952
-0.0087592
0.0034447
-0.0004130
0.0142006
0.0070892
-0.0427440
-0.0333181
0.0568625
0.0449668
0.0770565
-0.0060397
0.0430346
0.0547387
0.0471503
-0.0073865
-0.0251050
-0.0491872
-0.0753822
-0.0763747
-0.2353856
-0.2638262
-0.1395397
0.2097583
0.4947979
0.5306001
0.1350256
-0.2320869
-0.3766181
-0.2576621
-0.0930293
0.0017764
0.0168762
-0.0277419
0.0497638
0.0846863
0.1237317
0.0225793
0.0077065
0.0748444
-0.0281813
-0.0112926
-0.0093642
-0.0506670
0.0029380
-0.0609680
-0.0269383
-0.0124062
-0.0313325
-0.0276401
-0.0101312
-0.0024581
-0.0051973
0.0034864
-0.0117573
0.0577387
-0.0404774
-0.0253877
0.0334021
-0.0026206
-0.0015122
0.0157246
0.0125941
0.0402727
0.0226912
-0.0123060
-0.0233865
-0.0095491
-0.0202991
0.0192155
-0.0185838
0.0336435
0.0413067
-0.0329604
-0.0249327
-0.0336112
0.0059665
0.0395654
0.0004589
-0.0085106
0.0240375
-0.0278381
-0.0125718
-0.0358698
0.0026398
0.0319073
0.0287279
-0.0347432
0.0465365
0.0038810
-0.0432569
-0.0446629
0.0084268
0.0231124
0.0058621
0.0321705
0.0231903
0.0335524
0.0306998
0.0331821
-0.0217289
0.0204365
-0.0488057
0.0191414
0.0148901
-0.0353365
-0.0135775
0.0192790
0.0473864
0.0428968
-0.0336049
0.0023744
0.0207555
-0.0449195
-0.0165585
0.0376711
0.0440615
0.0413531
-0.0254834
0.0295561
0.0055136
-0.0460924
-0.0085328
-0.0107659
-0.0011675
-0.0175002
-0.0427592
0.0075238
-0.0139671
0.0159791
-0.0511744
0.0450093
0.0231719
0.0089001
-0.0179995
-0.0017040
0.0141436
0.0496621
0.0360401
0.0392775
-0.0294962
0.0063250
0.0333131
-0.0138089
0.0002286
0.0076289
-0.0139993
0.0169303
0.0334299
-0.0313868
0.0140090
0.0075378
0.0066337
0.0371851
0.0029548
0.0082956
0.0512061
-0.0038890
0.0219204
0.0389680
0.0347280
0.0488568
-0.0503335
0.0193869
-0.0535240
0.0229259
0.0007825
-0.0535241
0.0199246
0.0327875
0.0153334
-0.0030911
0.0522859
0.0293378
0.0410233
0.0502379
0.0478047
0.0735770
0.0152232
-0.0286848
-0.0162018
-0.0168789
-0.1151621
-0.2033836
-0.2297151
-0.1340124
0.1690706
0.4452674
0.4439852
0.1766833
-0.1656314
-0.3925361
-0.2980203
-0.0716007
0.0097855
-0.0107035
-0.0084673
0.0218106
0.0366736
0.0184341
0.0506697
0.0696093
0.0051457
-0.0147188
-0.0527157
-0.0482407
-0.0266680
-0.0679256
-0.0441068
-0.0554751
0.0008231
-0.0133425
-0.0466054
-0.0046556
0.0321575
0.0311962
0.0668199
0.0422898
-0.0178890
-0.0207731
-0.0395241
0.0052627
-0.0550242
-0.0160094
0.0033889
0.0290928
-0.0428843
-0.0277266
-0.0002576
0.0030107
-0.0398277
-0.0396263
-0.0031745
-0.0308999
0.0511674
-0.0341135
-0.0469312
0.0254855
0.0465632
0.0281658
-0.0280012
-0.0054175
-0.0114839
0.0435504
0.0239786
-0.0436208
0.0324404
-0.0373301
0.0298336
-0.0278701
-0.0250327
-0.0324807
0.0534094
0.0239310
0.0141133
0.0283387
0.0327327
0.0255357
-0.0034243
0.0383672
0.0295685
-0.0107069
0.0362304
-0.0176763
0.0247749
0.0471916
0.0292736
-0.0076740
-0.0035105
-0.0387663
-0.0275670
0.0287303
0.0196495
-0.0000928
0.0139327
0.0083083
-0.0231660
-0.0449754
0.0295254
-0.0401441
-0.0075263
-0.0336798
0.0383195
-0.0194563
-0.0362606
-0.0052435
-0.0272563
-0.0045060
0.0364165
-0.0161261
-0.0239223
0.0380670
-0.0248017
0.0387593
0.0439282
0.0137610
0.0350138
-0.0528609
-0.0470183
-0.0458857
-0.0564720
-0.0439391
0.0430704
0.0513029
-0.0311587
0.0190064
-0.0338083
0.0455185
0.0422758
-0.0353605
-0.0005188
0.0044181
-0.0180075
0.0322232
0.0027371
-0.0247028
-0.0179822
-0.0414770
0.0212843
0.0213908
0.0207691
0.0136214
0.0775207
0.0058137
0.0902404
-0.0158471
0.0248506
-0.0706921
-0.0113489
-0.0701947
-0.2025432
-0.2668042
-0.2005930
0.1141918
0.3506988
0.4105661
0.2887353
-0.0536094
-0.2361466
-0.2311728
-0.1932497
-0.0422357
0.0035573
0.0169594
0.0286203
0.0430535
0.0805862
0.0506702
0.0873078
0.0137186
0.0188520
-0.0346166
0.0438273
0.0125779
-0.0693741
0.0101026
-0.0730772
-0.0431556
0.0346216
0.0033421
0.0231469
0.0209928
-0.0029201
0.0235026
0.0377750
0.0486466
0.0318187
-0.0357774
-0.0435254
0.0212278
-0.0281275
-0.0230424
-0.0428150
0.0140548
-0.0283236
-0.0135378
-0.0028378
0.0156632
0.0081006
0.0006059
-0.0254970
0.0108540
0.0326117
-0.0145513
-0.0410223
0.0190568
0.0410870
0.0403080
-0.0312363
-0.0235254
0.0038540
-0.0459131
-0.0364681
-0.0165003
0.0116247
-0.0447493
-0.0131727
-0.0037789
-0.0241496
-0.0134898
0.0061222
-0.0216526
0.0192718
