0.0230675
0.0382530
0.0123219
-0.0335053
0.0330681
0.0157434
0.0320988
0.0164801
-0.0105041
-0.0318326
-0.0305147
0.0111321
0.0202744
0.0467061
0.0096657
-0.0107826
-0.0216606
0.0038354
-0.0190978
0.0065024
-0.0291404
-0.0042763
-0.0185181
-0.0118961
0.0282141
0.0490229
-0.0064060
-0.0360321
0.0091453
-0.0195320
-0.0136241
-0.0409059
-0.0244811
0.0195662
0.0286396
-0.0020447
0.0129461
0.0050578
0.0037909
-0.0413181
-0.0325470
0.0134835
0.0183196
0.0291061
-0.0084572
-0.0345425
-0.0103481
-0.0160444
-0.0328739
0.0393112
-0.0079347
-0.0440704
-0.0211541
-0.0033586
-0.0219062
-0.0287444
-0.0026543
-0.0508442
-0.0031417
-0.0046603
-0.0116632
-0.0285665
-0.0413595
-0.0474332
-0.0415785
-0.0227718
0.0019898
-0.0505424
0.0141321
-0.0161809
0.0190173
0.0435977
-0.0061588
-0.0264040
0.0352171
0.0317086
0.0097760
-0.0177312
0.0406068
0.0198940
-0.0326381
0.0312074
-0.0441131
0.0008622
0.0080380
-0.0464789
0.0167939
-0.0364846
0.0440767
0.0043129
0.0444761
0.0391848
0.0233531
0.0023773
-0.0435287
0.0185490
-0.0110446
0.0249252
0.0115558
-0.0187295
0.0025415
-0.0091240
-0.0030548
0.0331500
0.0354057
0.0198685
0.0106041
0.0398173
-0.0211134
0.0029129
-0.0063503
0.0399931
0.0345594
-0.0249500
-0.0362253
-0.0279410
0.0276630
-0.0296441
-0.0645758
-0.0119526
-0.0064385
0.0180690
0.0508118
0.0074237
0.0735151
0.0141408
0.0234288
0.0001098
0.0418065
0.0068348
-0.0659188
-0.0572691
-0.0364532
-0.1259130
-0.1874863
-0.2064201
-0.0757603
0.1570969
0.4852015
0.3923405
0.1713939
-0.1388260
-0.3218722
-0.2666252
-0.0671268
0.0250858
-0.0230209
0.0392047
-0.0113409
0.0516543
0.0343349
0.0407934
0.0574705
0.0221135
-0.0241397
0.0010610
-0.0281184
-0.0103578
-0.0746849
-0.0510280
0.0204452
0.0179116
-0.0289622
0.0325759
0.0308265
0.0394556
-0.0195084
0.0470689
0.0360023
0.0284310
0.0351290
-0.0361874
-0.0088482
0.0162766
-0.0086712
0.0005291
0.0150169
0.0089631
-0.0054863
-0.0472376
0.0114940
-0.0254238
0.0087126
0.0008935
0.0232537
-0.0350484
-0.0200898
0.0161404
0.0460354
0.0091510
-0.0323151
0.0133903
-0.0152511
-0.0138604
-0.0082074
0.0184341
-0.0191334
0.0060438
0.0440140
-0.0152724
-0.0258559
0.0366762
-0.0203345
-0.0323900
-0.0207053
-0.0213978
-0.0325458
0.0265145
0.0412115
0.0319802
0.0105209
-0.0171973
0.0403832
-0.0359181
0.0474974
0.0067088
0.0190291
0.0073655
0.0317388
0.0080506
-0.0383712
0.0127541
-0.0061821
0.0195107
0.0284725
0.0065043
-0.0117947
-0.0211633
0.0337459
-0.0329400
-0.0319838
-0.0427243
-0.0156501
0.0281458
-0.0241488
-0.0289042
-0.0288957
-0.0041996
0.0236635
0.0371081
0.0179370
0.0061364
-0.0270420
0.0174660
0.0487111
0.0310724
0.0231260
-0.0094534
0.0348990
-0.0032830
0.0411824
-0.0329023
-0.0232301
0.0239407
0.0418526
0.0242241
-0.0198232
-0.0151007
0.0263769
0.0226459
-0.0295078
-0.0168526
-0.0264325
0.0382078
0.0419691
-0.0423253
0.0249090
-0.0298026
0.0072075
-0.0197916
0.0176745
0.0183305
-0.0339898
-0.0145830
-0.0107211
-0.0163642
0.0292118
-0.0193152
0.0397409
0.0271497
0.0311008
-0.0125962
-0.0074463
-0.0269111
0.0309113
-0.0229332
0.0145145
-0.0146036
-0.0358018
0.0381786
0.0400844
-0.0024478
-0.0432638
0.0187490
0.0011080
-0.0151602
-0.0023275
0.0097277
-0.0162311
0.0102973
-0.0317131
0.0331631
-0.0299128
0.0268295
-0.0512433
0.0176051
-0.0510174
-0.0411446
0.0279696
-0.0381905
0.0253955
-0.0439653
-0.0030690
-0.0043352
0.0361049
0.0163761
0.0231362
0.0132486
-0.0013474
0.0435097
-0.0554070
-0.0711798
-0.0743023
-0.1235284
-0.1794446
-0.2014058
-0.0692298
0.2258006
0.4259383
0.4054597
0.1363749
-0.1132424
-0.2720612
-0.2600518
-0.0585427
-0.0224266
0.0085950
-0.0378060
0.0003974
0.0638958
0.0667184
0.0766613
0.0764866
0.0110938
0.0373246
0.0356664
0.0183702
-0.0741803
-0.0445460
-0.0651556
-0.0537780
0.0109468
0.0006735
-0.0037139
0.0294562
0.0022651
-0.0288700
0.0450074
0.0477056
0.0367489
0.0514178
0.0464529
-0.0173220
0.0259187
-0.0077320
0.0349009
-0.0084152
-0.0000021
-0.0423888
0.0327535
0.0458896
-0.0160441
0.0143477
0.0520092
-0.0183701
0.0017363
-0.0070562
0.0138664
0.0276837
-0.0246678
-0.0089881
0.0118158
0.0288150
-0.0159895
-0.0287513
-0.0274674
0.0444722
0.0110620
-0.0177531
0.0257109
-0.0198911
-0.0432786
0.0425370
0.0218890
-0.0084325
0.0390223
0.0396377
0.0142146
0.0237091
0.0238474
0.0112906
-0.0376200
-0.0315847
-0.0292669
0.0159141
0.0272078
0.0289385
0.0321538
0.0510234
-0.0031026
0.0252114
0.0274988
-0.0365062
0.0330519
0.0522827
0.0038237
0.0403206
0.0256855
0.0161987
-0.0088989
0.0336503
-0.0320180
0.0334872
0.0119926
-0.0267543
0.0310371
-0.0336111
0.0019176
0.0349224
0.0388905
-0.0401114
0.0210355
0.0133249
-0.0033476
-0.0108398
0.0221808
0.0346552
-0.0123469
-0.0287860
0.0157277
-0.0354523
0.0070957
-0.0426792
-0.0365732
0.0017830
0.0470630
0.0011762
-0.0023794
-0.0295564
-0.0282449
-0.0355789
0.0188690
0.0432642
0.0213908
-0.0052546
0.0216682
-0.0173560
-0.0409233
0.0287873
0.0166533
-0.0073257
-0.0406475
0.0237129
0.0395339
0.0016833
-0.0183525
-0.0378160
0.0269702
-0.0129546
0.0432521
-0.0206385
-0.0011748
0.0428759
-0.0496924
0.0232475
-0.0223725
0.0105049
0.0243068
0.0218479
-0.0044349
0.0365780
0.0221849
0.0272358
0.0469473
0.0242487
-0.0180251
0.0552388
-0.0094326
0.0323387
-0.0104744
-0.0296720
-0.0318623
0.0181155
-0.0068769
0.0106784
0.0089081
0.0278949
-0.0390411
0.0317824
0.0305752
0.0641172
0.0076974
-0.0044122
0.0503865
0.0322402
0.0125948
-0.0625918
0.0033295
0.0038483
-0.0608913
-0.1728915
-0.1815156
-0.0252327
0.2600827
0.4422913
0.3395778
0.0866207
-0.2022915
-0.2491255
-0.2188184
-0.0577554
-0.0013925
-0.0423738
-0.0286209
0.0171702
0.0531011
0.0463756
0.0242886
0.0396851
-0.0131560
0.0154138
0.0375169
-0.0216223
-0.0346061
-0.0164298
-0.0225488
-0.0273138
0.0160738
-0.0457216
0.0060180
0.0232841
-0.0269678
-0.0352224
0.0035399
0.0345396
-0.0087064
0.0004750
-0.0011321
-0.0047936
0.0351945
0.0345303
-0.0219701
0.0231819
0.0075244
-0.0521059
-0.0191889
-0.0278548
0.0358607
0.0271296
-0.0315271
0.0057869
0.0350914
-0.0226545
0.0220754
-0.0225445
0.0372196
-0.0181376
0.0135766
0.0306197
0.0069148
-0.0115323
0.0427321
0.0316515
-0.0079852
-0.0176802
-0.0118555
0.0426563
-0.0108263
-0.0178144
-0.0363659
0.0293977
-0.0019304
-0.0455445
0.0156353
0.0372891
-0.0394701
-0.0165449
-0.0132823
-0.0172318
0.0197083
-0.0158230
-0.0097371
-0.0356077
0.0110169
0.0307506
0.0137153
-0.0476136
0.0282123
0.0187228
0.0197241
-0.0223606
0.0196645
-0.0458217
-0.0157403
-0.0268107
-0.0048267
0.0121521
0.0456404
-0.0194504
0.0373455
0.0305309
-0.0428267
0.0137739
-0.0259475
-0.0343694
0.0101074
0.0263456
-0.0078291
-0.0067067
0.0073609
0.0236666
-0.0128219
0.0389632
0.0284631
-0.0374176
0.0426334
-0.0400574
-0.0003275
0.0410237
-0.0453221
-0.0086279
-0.0260880
-0.0354674
-0.0020640
0.0282261
-0.0372693
0.0184079
0.0143240
0.0049827
-0.0316389
0.0123423
0.0076242
0.0056270
0.0313395
-0.0059772
0.0082662
-0.0355325
0.0097413
0.0493831
-0.0210152
-0.0299513
-0.0166359
-0.0230583
-0.0184286
-0.0127222
-0.0143453
-0.0236349
0.0281928
-0.0078261
-0.0137258
0.0040526
0.0030575
-0.0194571
0.0110829
-0.0267740
-0.0407856
0.0046132
-0.0195132
0.0163849
0.0450665
-0.0007309
0.0236183
0.0053633
-0.0445723
-0.0496152
-0.0519121
-0.0181835
0.0173660
-0.0312832
0.0132871
0.0221754
0.0009193
0.0629957
0.0597002
0.0113769
0.0803402
-0.0205105
-0.0316082
0.0106073
-0.0541228
-0.0727833
-0.1619286
-0.2458976
-0.1800396
0.1434372
0.4578347
0.4586589
0.2487256
-0.1014055
-0.2788719
-0.2500452
-0.1519700
0.0098707
-0.0075964
0.0321632
0.0090524
0.0645070
0.1135515
0.0263242
0.0210609
-0.0086732
0.0160752
0.0095154
-0.0584896
-0.0220368
-0.0187686
-0.0599517
-0.0177769
0.0031030
-0.0248116
0.0377822
0.0227336
-0.0029165
0.0313869
-0.0073627
0.0075526
0.0055511
-0.0063990
-0.0079303
0.0065728
-0.0589036
-0.0395966
-0.0055276
0.0220028
0.0123053
-0.0356174
-0.0055087
0.0364311
0.0195652
0.0241276
0.0102322
0.0034851
-0.0097643
0.0128779
0.0393565
0.0323095
0.0019351
-0.0465549
-0.0270509
0.0121584
0.0203693
0.0242345
0.0303630
-0.0469309
0.0160743
0.0302456
-0.0205254
0.0395267
0.0208051
-0.0075836
0.0165864
-0.0236113
-0.0060967
0.0166923
-0.0364716
-0.0007565
0.0164384
-0.0349519
-0.0345578
-0.0066404
0.0011026
0.0475732
-0.0135551
-0.0406003
0.0428546
-0.0141990
0.0132971
0.0027595
0.0010598
-0.0304151
-0.0083720
0.0239736
0.0032196
-0.0091532
0.0297628
-0.0267033
0.0132883
-0.0376232
-0.0259443
0.0278554
0.0105307
-0.0545323
0.0067688
0.0382493
0.0219888
-0.0250663
0.0085946
0.0294556
-0.0207045
-0.0165110
-0.0041719
-0.0203505
-0.0394905
-0.0303601
-0.0291684
0.0432615
0.0196670
-0.0134168
-0.0293869
-0.0422511
-0.0305720
0.0280049
-0.0280433
0.0434510
-0.0114713
-0.0366973
0.0035853
-0.0095199
0.0223517
-0.0145077
0.0014101
0.0208128
0.0262871
0.0011081
-0.0393498
0.0330947
0.0258397
-0.0470873
0.0097138
0.0094343
-0.0018621
-0.0265842
-0.0049486
-0.0071363
0.0373194
0.0213389
0.0196046
-0.0167712
-0.0293929
-0.0288325
-0.0138267
0.0252499
0.0248799
0.0121842
0.0020965
-0.0056385
0.0096677
-0.0303805
0.0287124
0.0104162
0.0168802
0.0564298
0.0198064
-0.0145854
0.0338520
0.0001222
-0.0366861
-0.0176382
-0.0423937
0.0271160
-0.0005437
-0.0128510
-0.0526506
0.0000958
-0.0048055
0.0111991
0.0410249
0.0529347
0.0062499
0.0153733
0.0596028
0.0228978
0.0720119
-0.0106434
-0.0031990
-0.0683047
-0.0503918
-0.0808082
-0.1898557
-0.2379707
-0.1534904
0.0081256
0.3622210
0.5328011
0.3581973
-0.0575409
-0.2693481
-0.3446343
-0.2296404
-0.0416014
0.0342013
0.0464747
0.0469240
0.0396622
0.0778244
0.0245358
0.0263944
0.0333369
0.0224383
0.0298685
0.0144309
-0.0299535
-0.0528181
-0.0713178
-0.0327118
-0.0233497
-0.0524879
-0.0484934
0.0408956
-0.0240349
0.0251304
0.0137119
-0.0136675
0.0005880
-0.0131574
-0.0273208
-0.0488171
-0.0369865
0.0065144
0.0256044
-0.0002585
0.0050272
0.0435740
-0.0010402
0.0221404
-0.0260508
0.0057144
-0.0261933
-0.0395820
0.0055179
0.0143454
-0.0007054
0.0289810
0.0408798
-0.0080933
0.0451503
-0.0098971
0.0157126
-0.0438162
0.0043095
-0.0344102
0.0304715
-0.0082951
-0.0384297
0.0194991
0.0182133
-0.0280126
0.0091028
0.0130132
0.0086020
-0.0269521
-0.0263885
-0.0055518
-0.0345399
-0.0320004
0.0388554
-0.0161344
0.0315588
0.0214191
0.0004820
-0.0232615
-0.0006046
-0.0460928
-0.0297574
-0.0042877
-0.0442339
0.0432259
0.0402154
0.0111014
-0.0035191
0.0439540
0.0388988
-0.0079198
-0.0477604
-0.0328362
0.0301855
-0.0039432
-0.0257389
-0.0315320
-0.0096249
0.0140524
0.0115123
-0.0011541
0.0203433
-0.0364081
0.0091756
-0.0419666
0.0060644
-0.0309442
0.0431095
0.0027133
0.0065758
-0.0096534
0.0269901
-0.0395344
0.0148353
0.0033768
0.0436582
-0.0389066
0.0143802
-0.0490602
0.0222571
-0.0378660
-0.0322447
-0.0073732
0.0123985
-0.0346348
0.0193404
-0.0386710
0.0241788
-0.0154710
-0.0186231
-0.0211400
-0.0280635
-0.0057143
-0.0460929
-0.0250531
0.0341908
0.0438784
-0.0159864
-0.0321790
-0.0097133
0.0440574
-0.0176304
-0.0037386
-0.0405391
-0.0285763
-0.0398811
-0.0153138
0.0150789
-0.0100600
-0.0358741
-0.0047689
0.0219984
-0.0430574
-0.0499342
-0.0106538
-0.0263125
0.0468087
-0.0098916
0.0023134
0.0365241
-0.0094260
-0.0372384
-0.0074758
0.0465359
0.0032014
-0.0345908
0.0064856
-0.0423927
0.0078150
-0.0001420
-0.0542870
0.0294956
0.0415829
0.0404324
-0.0356522
0.0373537
0.0593800
0.0226854
0.0092986
0.0849205
-0.0062427
0.0154224
-0.0127493
-0.0662289
-0.0734618
-0.0790756
-0.2392663
-0.2128961
-0.0826026
0.2194836
0.4957588
0.4781277
0.1311133
-0.2057597
-0.3558462
-0.2429155
-0.0906433
0.0251891
0.0170267
-0.0052509
0.0608821
0.0633090
0.0918712
0.0397843
0.0127963
0.0597252
-0.0328616
0.0046120
-0.0488404
-0.0720419
0.0160691
-0.0342810
-0.0635870
-0.0304844
0.0166646
-0.0059039
0.0006321
0.0513915
-0.0298186
-0.0061460
-0.0006374
0.0332268
0.0344567
0.0292822
0.0040723
-0.0481440
-0.0143175
0.0284936
-0.0028398
0.0379432
-0.0325620
-0.0019051
-0.0345699
0.0403174
-0.0094948
0.0452661
0.0110888
-0.0233631
0.0110619
-0.0225399
0.0305844
-0.0316257
-0.0388082
-0.0312056
0.0154485
-0.0246232
0.0179370
-0.0122649
0.0113613
0.0070479
-0.0179658
-0.0053873
0.0164063
0.0444691
0.0156748
-0.0197812
0.0355419
-0.0132429
0.0275079
0.0008316
0.0534359
-0.0360124
-0.0202667
0.0381685
-0.0248630
-0.0319966
-0.0041983
-0.0432884
-0.0513601
-0.0354210
-0.0160330
-0.0321934
-0.0359559
-0.0064148
0.0120211
0.0434973
0.0232569
0.0299067
-0.0213290
0.0027823
-0.0131390
-0.0354879
0.0378970
-0.0393928
-0.0030812
0.0385597
0.0381440
0.0065258
-0.0404090
-0.0205633
-0.0309199
0.0210335
-0.0098069
-0.0091931
0.0067166
0.0286663
0.0042688
0.0198469
0.0021633
-0.0166965
-0.0458972
-0.0299284
-0.0080673
0.0209084
-0.0294630
0.0089278
-0.0475252
-0.0471050
-0.0267071
0.0175210
0.0057558
0.0193843
-0.0247275
-0.0174047
0.0356201
-0.0215019
-0.0053603
0.0363647
0.0187165
-0.0325821
-0.0449099
-0.0353446
0.0036077
-0.0215159
0.0274466
-0.0143961
0.0333104
0.0325478
-0.0026160
0.0068904
0.0189413
-0.0042525
-0.0157901
0.0321817
-0.0317422
0.0354779
0.0091392
0.0368800
0.0011337
0.0284895
-0.0183650
-0.0172243
0.0422180
-0.0442343
-0.0290962
0.0107880
-0.0001035
0.0448985
-0.0166818
0.0296415
0.0342907
0.0172872
0.0243969
-0.0265390
0.0387019
0.0095445
0.0097965
0.0324450
0.0333669
-0.0117163
0.0233308
-0.0593817
-0.0251162
-0.0386640
0.0451679
0.0414590
-0.0002717
-0.0078632
