0.0149804
-0.0131120
0.0120567
-0.0095012
-0.0008603
-0.0044480
0.0179320
0.0202291
0.0202002
0.0068983
0.0143916
0.0095588
0.0055318
0.0076585
-0.0175788
0.0014086
-0.0013759
-0.0123017
0.0167684
-0.0076564
0.0060569
-0.0138067
-0.0110780
-0.0138555
0.0041083
-0.0210880
0.0046412
-0.0149770
-0.0143623
-0.0203009
-0.0101969
0.0155937
0.0120744
-0.0029509
-0.0018687
-0.0109448
0.0137473
0.0015754
0.0113501
-0.0191536
-0.0075678
-0.0049753
0.0158527
0.0053259
0.0126602
0.0106038
-0.0013693
-0.0160671
0.0030038
0.0162131
0.0141366
0.0009426
-0.0178688
0.0013918
0.0047674
-0.0111927
0.0171650
0.0053855
-0.0220674
0.0070157
0.0066257
0.0192565
0.0100773
-0.0147141
0.0097398
-0.0209398
-0.0153974
0.0045271
0.0016038
0.0007314
-0.0008891
0.0006434
-0.0101282
-0.0206496
0.0045645
-0.0134563
0.0115169
-0.0103871
0.0047599
-0.0167289
-0.0025255
0.0096486
0.0153593
-0.0063965
-0.0054920
-0.0178122
0.0012237
0.0070222
0.0146972
0.0027019
-0.0048461
0.0084299
0.0184005
0.0023223
0.0015305
0.0064755
0.0050688
-0.0108312
0.0036344
0.0070228
0.0114491
-0.0064044
0.0209819
0.0098498
0.0149688
0.0059807
0.0050061
-0.0201990
-0.0265947
-0.0174674
-0.0382506
-0.0037812
-0.0231254
0.0073765
-0.0031480
-0.0027556
0.0170817
0.0080733
0.0158231
0.0424489
0.0460098
0.0097970
-0.0251911
-0.0582150
-0.0616482
-0.0824963
-0.1156995
-0.0905992
-0.0153015
0.0974126
0.1854801
0.1858591
0.0793421
-0.0124759
-0.1051669
-0.1298003
-0.0636498
-0.0333711
0.0079511
-0.0095069
0.0187422
0.0260404
0.0357616
0.0186236
0.0049732
0.0339654
0.0246825
0.0222854
-0.0154104
0.0111265
-0.0114198
-0.0110708
-0.0202447
-0.0075217
-0.0225101
0.0058313
0.0095431
0.0085281
0.0178030
-0.0062198
0.0043407
0.0279179
0.0160589
0.0206931
-0.0157812
-0.0118758
-0.0122207
-0.0287661
0.0085031
0.0005690
0.0152995
0.0179872
-0.0069138
0.0202245
-0.0156037
-0.0002047
-0.0031637
-0.0109057
0.0081063
0.0113682
0.0195579
-0.0190066
-0.0044516
-0.0044777
-0.0138471
-0.0058549
0.0112172
-0.0068526
0.0188484
0.0162759
0.0059513
-0.0116307
0.0077624
-0.0057518
-0.0235293
0.0052439
0.0000879
-0.0006307
-0.0121870
-0.0105039
0.0225330
-0.0075005
0.0048494
-0.0262447
-0.0065346
0.0181221
-0.0060587
0.0042403
-0.0125992
-0.0000908
0.0149280
-0.0113730
0.0038903
-0.0105864
-0.0068682
-0.0045701
0.0130501
-0.0042038
0.0013365
-0.0112700
-0.0136642
0.0079243
0.0106275
0.0050363
0.0147024
0.0055242
0.0081143
0.0107262
-0.0004325
-0.0077081
-0.0006897
-0.0150175
0.0030854
-0.0028123
-0.0133939
0.0159738
0.0047234
0.0024553
-0.0213089
0.0025725
-0.0009431
0.0055204
0.0159096
-0.0115033
0.0188661
-0.0118298
-0.0147462
0.0099678
0.0186906
-0.0051183
0.0181560
0.0038204
0.0161509
0.0228038
-0.0163577
-0.0161059
0.0091532
0.0041886
-0.0175590
-0.0111992
0.0013592
0.0072094
0.0019844
0.0217340
0.0120491
0.0038949
-0.0007906
0.0035937
0.0122831
0.0128490
0.0172826
-0.0015069
0.0105336
0.0031162
0.0134895
-0.0114772
0.0068616
-0.0185614
0.0035739
-0.0072303
-0.0116751
-0.0130852
-0.0097512
-0.0105116
0.0158740
0.0059679
0.0166133
0.0159312
0.0163470
0.0538125
0.0186200
0.0306092
-0.0030723
-0.0130226
-0.0603703
-0.0881833
-0.1151512
-0.0985628
-0.0264181
0.1035199
0.1552224
0.1858445
0.0871618
-0.0304755
-0.0975256
-0.1186668
-0.0724878
-0.0232289
-0.0269792
-0.0128856
0.0103847
0.0332254
0.0326598
0.0315811
0.0122434
0.0373552
0.0183924
0.0291997
0.0078299
0.0093470
-0.0118437
-0.0153931
-0.0277107
-0.0265419
-0.0017247
-0.0037225
0.0054045
0.0073706
0.0031778
0.0102024
-0.0012469
0.0000397
0.0134194
-0.0044842
0.0009361
-0.0122431
-0.0171323
-0.0126177
-0.0201427
-0.0247723
0.0136293
0.0106857
0.0080734
-0.0166563
-0.0171678
-0.0099122
0.0085164
-0.0055852
-0.0031258
0.0062040
-0.0161852
0.0053328
-0.0191697
0.0119424
0.0005360
0.0019413
0.0050288
-0.0007927
-0.0219694
0.0111611
-0.0060608
0.0216154
-0.0022036
0.0121942
-0.0134863
-0.0255660
0.0065352
-0.0042534
0.0016312
-0.0050919
0.0195686
-0.0029440
-0.0066275
0.0123687
0.0060394
-0.0082812
-0.0137739
-0.0087468
0.0165446
0.0005407
0.0258005
-0.0159987
-0.0191508
0.0034116
0.0093548
-0.0156906
0.0030568
-0.0115779
0.0128663
0.0057129
-0.0069576
0.0221645
0.0083448
-0.0108923
-0.0176930
0.0011937
-0.0119100
-0.0018889
0.0043980
-0.0003699
-0.0060108
0.0068840
0.0040556
0.0141556
-0.0054586
0.0157712
-0.0131136
-0.0039686
-0.0132627
-0.0051672
0.0098118
0.0154267
0.0072018
0.0032606
0.0188328
-0.0014099
-0.0053148
-0.0151618
0.0125321
-0.0194698
-0.0114547
0.0126063
0.0086562
0.0052390
0.0055485
-0.0099799
-0.0069114
-0.0090495
0.0006902
0.0139546
-0.0005835
0.0196156
-0.0153419
0.0109420
0.0093028
0.0050734
0.0050213
-0.0107637
-0.0169577
0.0048358
0.0180544
0.0072894
-0.0034678
0.0126365
-0.0094011
0.0200452
0.0209357
-0.0121309
-0.0244680
-0.0096740
-0.0105884
-0.0056017
-0.0135266
-0.0319780
-0.0068268
-0.0186256
-0.0045096
0.0071503
0.0294120
0.0241786
0.0372785
0.0256279
0.0202048
0.0196392
-0.0251406
-0.0515482
-0.0813228
-0.0956737
-0.0976229
-0.0450254
0.0945562
0.1739579
0.1697610
0.1088508
-0.0128244
-0.0776582
-0.1205628
-0.0894360
-0.0191402
-0.0213550
0.0248151
-0.0062908
0.0232652
0.0200811
0.0148365
0.0109236
0.0245972
0.0333667
0.0082510
0.0148464
-0.0054527
-0.0076364
-0.0005942
-0.0279263
-0.0128181
-0.0178786
0.0067308
-0.0003922
-0.0126726
-0.0055446
-0.0060828
0.0236302
-0.0014147
0.0034162
-0.0028992
-0.0059644
-0.0012128
0.0092798
-0.0237523
-0.0154525
0.0193749
0.0010327
0.0113163
-0.0199291
-0.0158881
-0.0035249
0.0070325
-0.0088967
0.0101437
-0.0186921
0.0022491
0.0021455
-0.0171772
0.0165740
0.0122092
-0.0013259
0.0027131
-0.0111051
-0.0185805
-0.0146622
-0.0032848
0.0062867
0.0040132
-0.0028800
0.0149182
0.0116113
0.0065338
-0.0009340
0.0177711
0.0118337
0.0141723
-0.0046214
-0.0142733
0.0072965
-0.0023530
-0.0134384
0.0002031
0.0010896
0.0100171
0.0126353
-0.0081457
-0.0141326
-0.0043503
-0.0053957
0.0007772
0.0036346
0.0152636
0.0104410
0.0075534
0.0077066
-0.0140040
0.0144985
-0.0008126
0.0048119
0.0040179
0.0154407
0.0200583
0.0065493
-0.0046673
0.0003122
-0.0164247
0.0112986
-0.0026836
0.0083802
0.0001154
-0.0161776
-0.0180100
0.0021659
0.0132058
-0.0074495
-0.0022156
0.0102869
-0.0058882
0.0016651
-0.0064263
-0.0160099
-0.0010912
-0.0067192
-0.0111833
-0.0057527
0.0083392
0.0031633
0.0005109
-0.0172189
0.0067332
0.0055726
0.0117110
0.0174405
0.0152713
-0.0068688
0.0143528
-0.0043801
0.0091310
-0.0110989
-0.0081804
0.0163621
0.0082721
-0.0111544
-0.0122869
-0.0200164
-0.0081768
0.0137560
0.0160826
0.0157215
-0.0119210
-0.0021635
-0.0032900
0.0015978
0.0119451
-0.0069927
-0.0128207
-0.0188638
-0.0196692
-0.0238104
-0.0119211
-0.0266292
-0.0209300
-0.0150956
0.0044548
0.0260246
0.0220037
0.0192609
0.0150045
0.0221317
0.0260206
0.0133533
-0.0255099
-0.0467159
-0.0708018
-0.1006424
-0.1201437
-0.0501118
0.0505580
0.1667975
0.1850534
0.1538450
0.0148343
-0.0831859
-0.1325411
-0.1138773
-0.0595553
-0.0023275
-0.0035321
0.0082179
0.0026980
0.0154165
0.0244585
0.0419954
0.0049196
0.0123491
0.0162563
-0.0080840
-0.0075691
-0.0030243
-0.0285260
-0.0068730
-0.0086226
0.0095389
0.0072427
-0.0101095
-0.0123556
-0.0015878
0.0039803
0.0250260
-0.0119290
0.0118933
0.0108402
-0.0077800
0.0075543
0.0041321
-0.0007514
-0.0206849
0.0023291
-0.0222162
-0.0226480
-0.0118943
-0.0074554
0.0206908
0.0201775
-0.0037414
0.0141720
0.0043124
0.0093146
-0.0181141
-0.0165880
0.0182432
0.0102756
0.0064591
0.0148622
-0.0074147
0.0079654
-0.0188719
0.0019461
-0.0091112
-0.0086629
0.0123124
0.0177869
0.0174750
-0.0076912
-0.0096458
-0.0074114
-0.0133493
-0.0247391
-0.0103154
-0.0015602
-0.0100437
-0.0042521
0.0155402
0.0024552
0.0093753
-0.0004575
0.0141746
0.0128641
-0.0111781
0.0156088
-0.0178589
0.0165402
0.0121009
0.0061125
0.0193841
-0.0160839
-0.0192769
0.0130026
0.0098617
0.0166965
-0.0022765
0.0021631
-0.0041956
0.0053573
0.0039905
0.0202750
-0.0066997
-0.0017782
0.0040942
0.0184006
-0.0013707
-0.0127692
0.0054419
0.0001015
-0.0126454
0.0160365
0.0136265
0.0066410
-0.0032399
-0.0063882
-0.0173366
0.0075167
-0.0011797
0.0125582
-0.0185113
0.0035960
-0.0026967
-0.0208573
-0.0021416
-0.0124240
-0.0102589
0.0059726
0.0254252
-0.0090479
-0.0041442
0.0127755
0.0108990
-0.0071389
0.0035379
0.0126575
0.0046536
0.0073912
0.0043716
0.0182234
0.0105927
-0.0188959
-0.0071304
0.0169182
-0.0020450
0.0107543
0.0034318
-0.0021833
0.0018553
0.0013552
-0.0023053
0.0094932
-0.0049366
-0.0070542
-0.0004544
-0.0012960
-0.0225557
0.0061224
0.0030348
0.0112186
0.0150500
0.0164450
0.0258192
0.0374101
0.0396499
0.0242828
0.0015460
0.0014971
-0.0247578
-0.0498698
-0.1018747
-0.1287979
-0.0849250
0.0065155
0.1076686
0.1682323
0.1682541
0.0742327
-0.0468133
-0.0931754
-0.1100082
-0.0758714
-0.0085686
-0.0147597
-0.0055184
-0.0100896
-0.0056246
0.0104124
0.0344412
0.0216564
0.0096301
0.0173089
-0.0067244
0.0059797
-0.0236916
0.0013945
-0.0108919
-0.0125084
-0.0134620
0.0045264
0.0055529
0.0005954
0.0107085
-0.0089748
-0.0016400
0.0193701
-0.0040488
-0.0032490
0.0017956
-0.0129564
-0.0053824
-0.0134637
0.0042717
-0.0149055
-0.0121531
0.0101245
0.0048659
-0.0198291
0.0057540
0.0244111
-0.0079003
0.0229274
0.0133538
0.0009199
0.0142527
0.0040815
0.0014102
0.0035189
-0.0082524
0.0075817
0.0058780
0.0202632
-0.0152530
-0.0067560
-0.0115534
0.0053560
0.0023024
-0.0004668
-0.0056439
0.0036974
0.0078248
-0.0164145
0.0007026
-0.0129432
-0.0008311
-0.0149601
0.0093485
-0.0062973
-0.0151782
0.0209048
0.0132066
-0.0107537
-0.0138303
-0.0140296
0.0167023
-0.0045228
-0.0012464
-0.0135926
0.0093851
-0.0034451
-0.0097097
0.0121626
-0.0106271
-0.0062198
-0.0138119
0.0162637
-0.0045474
0.0191552
0.0284628
0.0105420
0.0072754
0.0023987
-0.0189852
-0.0272484
0.0009786
0.0172141
0.0025487
0.0244725
0.0129848
0.0106827
-0.0082395
-0.0115774
-0.0167353
0.0076434
0.0030973
0.0251144
-0.0072181
0.0039467
0.0068994
-0.0202077
-0.0200654
-0.0065132
-0.0066562
0.0149086
0.0117472
-0.0118159
0.0028933
-0.0154367
0.0155289
-0.0180741
-0.0150785
-0.0071737
-0.0191657
-0.0199167
0.0077607
-0.0021164
-0.0041331
-0.0030524
0.0019877
0.0095252
-0.0037110
-0.0061958
0.0095166
-0.0158241
-0.0116197
-0.0004759
0.0139547
0.0138131
0.0067010
0.0037834
0.0197248
-0.0000105
-0.0169046
-0.0053751
-0.0077874
-0.0091828
-0.0067246
-0.0155459
-0.0241152
-0.0071722
-0.0087189
0.0352225
0.0295448
0.0112225
0.0155211
0.0283586
0.0233556
0.0350401
0.0015493
-0.0481106
-0.0540475
-0.0942928
-0.1159971
-0.0897815
-0.0142231
0.1140660
0.1678453
0.1768546
0.0798978
-0.0321797
-0.0863815
-0.1262865
-0.0623017
-0.0320218
0.0071578
-0.0087378
-0.0030518
0.0214638
0.0235140
0.0015589
0.0190971
-0.0059936
0.0063970
-0.0040512
-0.0098189
-0.0069158
0.0087534
-0.0152841
-0.0225950
-0.0232095
-0.0318311
-0.0124024
-0.0034348
0.0003099
0.0136403
0.0339245
0.0119611
-0.0044092
0.0051400
-0.0018096
-0.0089451
-0.0169825
-0.0131684
-0.0061656
0.0000117
0.0071693
-0.0007614
0.0013797
0.0088721
-0.0083500
-0.0203127
-0.0030552
-0.0038296
0.0054456
0.0144299
-0.0022353
0.0133586
0.0005889
0.0214762
0.0002866
-0.0024218
-0.0092212
-0.0015542
-0.0044337
0.0130700
-0.0025173
-0.0091128
0.0093505
-0.0016563
-0.0196419
0.0018124
0.0018430
0.0008297
0.0138411
-0.0046222
-0.0200708
-0.0131293
-0.0146705
-0.0063418
0.0027858
-0.0116507
-0.0093788
-0.0096117
-0.0142062
-0.0169386
-0.0213733
-0.0107405
-0.0194905
-0.0086322
-0.0050382
0.0222016
0.0131827
0.0112525
-0.0064644
0.0116504
-0.0202845
-0.0002354
-0.0018356
-0.0061900
0.0139314
0.0151850
-0.0020201
0.0130988
-0.0112580
-0.0002285
0.0074192
-0.0061681
0.0115678
0.0080136
0.0087800
-0.0016786
0.0031378
-0.0172378
-0.0129062
-0.0028485
0.0063673
-0.0133810
0.0081344
-0.0002401
-0.0081682
0.0114744
0.0145503
-0.0189893
-0.0062789
-0.0089943
-0.0059217
0.0094058
-0.0063438
-0.0184721
-0.0043239
-0.0126210
0.0052985
0.0051993
0.0043578
0.0000200
0.0073995
-0.0117672
0.0103893
-0.0111749
0.0170935
0.0088904
-0.0068136
0.0066816
-0.0233390
-0.0145878
0.0059218
0.0044619
-0.0123083
0.0133716
0.0167353
-0.0058041
0.0058096
0.0061740
-0.0044242
-0.0136607
-0.0074044
-0.0278794
-0.0211593
-0.0274279
-0.0068745
-0.0049792
-0.0232719
-0.0174063
0.0221084
0.0146504
0.0301915
0.0442277
0.0373271
0.0365112
0.0326711
0.0207290
-0.0209190
-0.0619062
-0.0924425
-0.1278548
-0.0912940
-0.0203637
0.0753234
0.1545556
0.1648583
0.1273879
-0.0019012
-0.0839472
-0.1266149
-0.0834431
-0.0539162
-0.0227140
-0.0178735
-0.0079898
0.0265117
0.0136898
0.0119608
0.0290034
0.0161855
0.0122014
-0.0039632
0.0065706
0.0114414
-0.0072162
-0.0186495
-0.0158156
-0.0066899
-0.0329534
-0.0276727
0.0037921
0.0055581
0.0094096
-0.0071325
0.0115480
-0.0004925
-0.0096633
-0.0077815
0.0125554
-0.0179876
0.0189291
0.0008922
0.0151133
-0.0201147
-0.0237488
-0.0135563
-0.0133961
-0.0190905
0.0123799
-0.0118647
-0.0016702
-0.0145560
0.0107622
-0.0117091
-0.0067418
-0.0112796
-0.0139053
-0.0219537
-0.0017732
-0.0005457
0.0145262
-0.0154294
0.0192462
-0.0182321
-0.0077404
-0.0139281
0.0180733
0.0138214
-0.0136052
0.0039548
-0.0119481
0.0067388
0.0221095
0.0146275
0.0097085
0.0030293
-0.0115433
0.0067829
0.0118542
0.0179817
0.0026328
-0.0133705
0.0031437
-0.0025688
0.0014102
0.0057484
0.0140798
-0.0051738
0.0139447
0.0001125
-0.0075104
0.0070686
-0.0012765
0.0131160
-0.0045883
-0.0067265
-0.0125870
