-0.0143774
-0.0100578
0.0063793
-0.0125071
-0.0091731
0.0113018
-0.0126526
-0.0013940
-0.0018273
0.0174727
0.0195677
-0.0007892
0.0106899
-0.0036057
-0.0136537
-0.0064718
-0.0112270
-0.0040032
-0.0018259
-0.0162860
-0.0136316
0.0158911
-0.0161695
0.0029661
-0.0028155
0.0144620
-0.0010161
-0.0131605
-0.0062186
-0.0010153
0.0137672
-0.0051696
0.0069573
0.0109995
-0.0023618
-0.0097363
-0.0139690
-0.0031181
-0.0017113
0.0054939
-0.0097299
-0.0147152
-0.0191670
0.0096737
0.0020902
0.0166671
-0.0158144
-0.0124709
0.0262961
0.0193234
0.0071259
-0.0161815
-0.0028235
-0.0180945
-0.0151157
-0.0174033
-0.0160736
-0.0145861
-0.0019316
-0.0124269
0.0150427
0.0077853
0.0037967
-0.0101925
-0.0141707
0.0068072
0.0147331
0.0165714
0.0020964
0.0119232
0.0070179
0.0206627
0.0051348
-0.0022850
-0.0157279
0.0072635
0.0178357
0.0256083
-0.0090495
-0.0084819
0.0170730
0.0082967
-0.0095828
-0.0037454
0.0166355
0.0279962
0.0243915
0.0019998
-0.0111741
-0.0348940
-0.0048497
0.0029882
-0.0008823
-0.0217984
-0.0183803
-0.0191327
0.0226709
0.0017189
0.0206355
0.0261963
0.0450827
0.0235502
0.0051956
0.0038301
-0.0347623
-0.0426666
-0.0974490
-0.1159904
-0.1048439
-0.0287300
0.0835023
0.1730502
0.1929604
0.1144806
0.0216486
-0.0768106
-0.1141577
-0.0939910
-0.0613047
-0.0043949
0.0115403
-0.0093917
0.0285206
0.0383126
0.0329092
0.0353327
0.0083558
0.0269288
0.0030185
0.0145863
-0.0070963
-0.0053295
-0.0169803
-0.0260953
-0.0120268
-0.0296489
-0.0194229
-0.0223079
0.0170945
0.0205070
0.0047277
0.0250114
-0.0040491
-0.0040793
0.0089543
0.0071905
0.0105570
0.0155824
0.0061054
0.0010233
0.0091804
-0.0188753
0.0011719
-0.0248165
-0.0127377
0.0032806
0.0168318
0.0049044
0.0225877
-0.0028099
0.0102112
0.0084199
0.0096327
-0.0263160
0.0006707
0.0054046
-0.0036266
-0.0003448
0.0006537
-0.0216380
0.0088775
-0.0034312
0.0157850
0.0212065
-0.0131557
0.0181580
-0.0005757
0.0225982
-0.0041232
0.0246404
0.0095658
-0.0125773
0.0005034
-0.0222571
0.0158536
0.0210615
-0.0047883
-0.0164476
0.0146726
0.0066623
-0.0122818
0.0102630
0.0096664
0.0141774
-0.0124867
-0.0076521
-0.0117813
-0.0056378
0.0065923
-0.0138355
-0.0132207
0.0117461
0.0065528
0.0164253
0.0072816
-0.0101221
0.0175555
0.0156774
0.0074572
0.0109431
-0.0100912
-0.0074409
0.0038667
-0.0158354
-0.0001364
-0.0063574
-0.0029231
0.0086941
-0.0154264
0.0109078
-0.0116107
-0.0146380
-0.0135997
0.0120587
-0.0068904
-0.0095875
-0.0147166
-0.0155808
-0.0075357
0.0175323
-0.0134568
0.0155798
-0.0124458
-0.0059492
0.0199603
0.0091383
0.0184092
-0.0123029
0.0107863
-0.0007312
-0.0051968
0.0075717
0.0011034
-0.0236289
-0.0086017
-0.0042179
-0.0007899
-0.0109298
0.0279140
0.0030088
0.0057428
0.0030144
-0.0124246
-0.0027390
0.0129229
0.0126527
-0.0119259
-0.0171206
-0.0181009
-0.0186817
-0.0039735
-0.0051603
-0.0015637
0.0180748
0.0277752
0.0381653
0.0112037
0.0123784
0.0151796
0.0323434
0.0270085
0.0206601
-0.0381323
-0.0650883
-0.0902476
-0.1024695
-0.0991833
-0.0316893
0.0765691
0.1711758
0.2036319
0.1274761
0.0105523
-0.1115575
-0.1262025
-0.0756639
-0.0533471
-0.0149354
-0.0214302
-0.0063915
0.0137626
0.0240165
0.0193887
0.0258172
0.0142986
-0.0001440
0.0056809
0.0196582
-0.0115682
-0.0336328
-0.0317533
0.0000066
0.0086456
-0.0153047
0.0120335
-0.0000024
0.0139743
0.0082645
-0.0053894
0.0123302
-0.0113919
-0.0090003
0.0200356
0.0026772
-0.0141249
0.0110130
0.0052022
-0.0029045
-0.0145092
0.0096218
0.0139184
-0.0071278
0.0121101
-0.0138855
0.0121721
0.0013797
0.0000246
0.0048101
0.0204976
-0.0028214
-0.0142294
0.0009698
0.0122258
0.0013552
-0.0095799
0.0032456
-0.0083797
-0.0016786
0.0091677
-0.0091405
-0.0120866
-0.0074245
0.0077531
-0.0011969
-0.0107049
-0.0054172
-0.0137320
-0.0003187
0.0172363
-0.0061029
0.0053996
0.0085691
-0.0155622
-0.0114993
-0.0169296
0.0167055
0.0018738
0.0146460
-0.0033676
0.0045148
-0.0117807
-0.0214918
0.0115575
0.0105920
0.0133261
0.0150056
0.0135622
0.0198936
0.0089925
0.0027089
-0.0138599
-0.0113288
0.0077863
0.0158438
-0.0140879
-0.0202259
0.0029153
-0.0059480
0.0074589
-0.0076875
-0.0192773
0.0103098
0.0118375
0.0073579
-0.0095441
-0.0125539
-0.0114282
-0.0093245
0.0153277
-0.0007634
0.0109418
0.0084031
-0.0173457
-0.0127209
0.0033787
0.0073699
-0.0129997
0.0075657
0.0131860
0.0139443
0.0202946
0.0172037
-0.0001834
0.0048820
0.0053094
-0.0109552
0.0070872
0.0067617
-0.0166599
-0.0173796
-0.0230421
-0.0195477
0.0086230
-0.0186427
0.0126597
-0.0049350
-0.0056001
-0.0038605
0.0204735
-0.0017419
-0.0024776
-0.0035494
-0.0092482
-0.0194769
-0.0115018
-0.0032784
-0.0215437
-0.0082647
-0.0185780
-0.0038051
-0.0144390
0.0160240
0.0333258
0.0229083
0.0346679
0.0514245
0.0452009
0.0175804
0.0302898
-0.0156878
-0.0346906
-0.0728787
-0.1136240
-0.1256076
-0.0915455
-0.0035673
0.1174497
0.2057442
0.1691560
0.0719974
-0.0329348
-0.1052252
-0.1006069
-0.0703832
-0.0107207
0.0014112
0.0008573
-0.0086507
0.0099093
0.0078476
0.0194344
0.0386262
0.0301940
0.0325698
0.0247044
0.0136347
-0.0104072
-0.0158920
-0.0164132
-0.0206978
-0.0206003
-0.0254741
-0.0118449
0.0022430
0.0134712
0.0037708
0.0028669
0.0135868
-0.0053954
0.0199249
-0.0004833
0.0048173
0.0066663
-0.0203807
-0.0169210
-0.0029047
0.0058836
-0.0049399
-0.0040253
-0.0049013
0.0019937
0.0106050
-0.0149207
-0.0178594
0.0162682
0.0085790
0.0148224
-0.0133101
0.0001094
0.0039251
0.0124517
0.0041466
-0.0121766
0.0102181
-0.0075702
0.0165852
-0.0113569
0.0211594
0.0034363
0.0053284
-0.0129309
0.0004043
-0.0194487
0.0104918
-0.0044952
-0.0068145
-0.0065746
0.0132996
0.0218344
-0.0043490
-0.0091316
-0.0073495
-0.0172554
-0.0014348
-0.0072370
0.0030461
0.0111879
0.0210310
0.0124445
0.0051524
-0.0094787
-0.0081782
-0.0189185
-0.0056788
0.0068320
-0.0188275
-0.0200865
0.0015023
0.0014974
0.0190484
-0.0176992
0.0034612
0.0174076
-0.0128640
-0.0002821
0.0144262
-0.0072582
0.0110884
-0.0002772
-0.0110346
0.0050319
0.0131837
0.0032994
0.0094700
0.0123120
-0.0133025
0.0158036
-0.0083083
0.0091332
0.0081403
0.0028519
-0.0105055
0.0233334
0.0088207
-0.0152044
0.0065557
-0.0086855
-0.0022827
0.0127385
-0.0129229
0.0102268
0.0108706
-0.0021564
0.0007658
-0.0077046
0.0132767
-0.0024970
0.0071500
-0.0012040
-0.0015436
0.0023074
-0.0251711
0.0170852
-0.0024888
0.0219251
0.0028742
-0.0007639
0.0092956
0.0163974
0.0007749
-0.0098143
0.0132388
-0.0144428
-0.0101503
0.0005532
0.0031170
-0.0076444
-0.0091964
-0.0148445
0.0032970
0.0242999
-0.0009560
0.0163258
0.0308784
0.0218488
0.0213627
0.0389882
0.0236679
-0.0183026
-0.0373041
-0.0791088
-0.0840153
-0.0906201
-0.0399913
0.0263511
0.1268125
0.1687831
0.1691191
0.0745130
-0.0414784
-0.0946800
-0.1190438
-0.0816632
-0.0347834
-0.0145391
-0.0041134
0.0119730
0.0059452
0.0059321
0.0123794
0.0089460
-0.0034896
0.0240478
0.0156756
0.0099479
-0.0238313
-0.0177685
-0.0172622
0.0032571
-0.0118492
-0.0092958
-0.0154914
-0.0179878
-0.0140928
0.0109142
0.0170006
0.0058040
0.0146547
0.0070457
-0.0233329
-0.0115224
-0.0220574
0.0099681
-0.0037524
0.0149294
-0.0013266
-0.0034854
-0.0145175
0.0015522
0.0002473
-0.0134354
0.0121074
-0.0094024
0.0104730
0.0007028
0.0074315
0.0131373
0.0095943
0.0129601
-0.0013729
-0.0002534
0.0126171
-0.0044803
-0.0026829
0.0140000
0.0196959
0.0170327
-0.0054027
0.0191440
-0.0137397
-0.0084071
0.0098866
0.0070365
0.0104011
-0.0056644
0.0065229
0.0093773
-0.0103203
-0.0007165
-0.0030782
0.0013723
-0.0009338
-0.0060766
-0.0167269
-0.0080218
0.0001372
-0.0209636
0.0074130
0.0093240
0.0138126
-0.0079170
0.0124925
-0.0155481
-0.0038929
0.0126947
-0.0076268
-0.0101629
-0.0004450
0.0148988
0.0142863
-0.0037643
-0.0118752
0.0121036
0.0005688
-0.0157012
0.0110262
-0.0180474
-0.0048714
-0.0177480
-0.0040279
0.0026239
-0.0019225
0.0055213
0.0095495
0.0001039
0.0032399
0.0177141
-0.0173909
-0.0182234
-0.0027143
-0.0204386
0.0176260
0.0148175
-0.0087471
-0.0086623
-0.0090440
-0.0123548
0.0135990
-0.0075701
0.0095967
-0.0081743
0.0223197
-0.0018948
-0.0146223
-0.0072170
0.0083793
-0.0175643
-0.0221144
-0.0246388
-0.0041187
-0.0030587
-0.0035965
-0.0150173
0.0097739
0.0098443
0.0157974
0.0330063
0.0180292
-0.0051274
-0.0073244
0.0120072
0.0205917
0.0103565
0.0030547
-0.0257507
-0.0239485
-0.0024933
0.0011699
-0.0003196
0.0074212
-0.0010889
0.0133063
0.0309278
0.0293491
0.0436727
0.0521291
0.0439218
0.0033899
-0.0371178
-0.0606664
-0.0681907
-0.1021124
-0.1041418
-0.0329267
0.0668205
0.1466963
0.1787686
0.1592748
0.0500692
-0.0911170
-0.1119913
-0.1093888
-0.0514835
-0.0331357
0.0043485
0.0222742
0.0305208
0.0228163
0.0248293
0.0269349
0.0169756
0.0117065
-0.0063984
-0.0049919
-0.0016181
-0.0097074
-0.0150122
-0.0247491
-0.0165554
-0.0026226
-0.0005750
0.0113344
0.0121807
0.0067024
0.0172910
0.0040237
0.0103291
0.0069362
-0.0136202
-0.0113594
-0.0215116
-0.0206684
-0.0165380
0.0126963
0.0162855
-0.0056005
0.0078913
0.0001321
-0.0104554
-0.0218545
-0.0005138
0.0123977
0.0033077
-0.0126592
0.0143543
-0.0102576
-0.0015783
-0.0099682
-0.0073344
-0.0078829
-0.0154235
-0.0127901
0.0140429
0.0038250
-0.0094509
0.0095933
0.0155102
-0.0115778
0.0057755
0.0057122
-0.0141573
-0.0054148
-0.0193247
-0.0007424
0.0125138
-0.0114751
-0.0017452
-0.0038597
-0.0050815
-0.0122706
0.0047764
0.0145037
0.0052813
0.0025675
-0.0060242
-0.0014952
0.0043130
0.0060242
-0.0104499
-0.0034217
0.0081677
-0.0158318
-0.0149663
-0.0032421
-0.0158865
0.0079183
0.0155388
0.0053584
-0.0116536
-0.0180196
0.0034106
0.0076739
-0.0033381
0.0068966
0.0135799
-0.0113650
0.0041377
0.0169848
0.0105817
0.0124655
0.0130298
0.0086378
-0.0046332
-0.0021870
-0.0032522
-0.0152486
0.0103319
-0.0029490
0.0075063
0.0111389
0.0035661
-0.0175504
-0.0029820
0.0094102
0.0139704
-0.0001081
-0.0081123
0.0108562
-0.0029992
0.0140565
0.0150431
0.0016418
-0.0156890
-0.0153918
-0.0273207
-0.0234284
0.0092007
0.0007880
0.0006979
-0.0020441
-0.0049421
-0.0145149
0.0021912
0.0258711
0.0225124
0.0173649
0.0147861
-0.0044690
-0.0137983
-0.0181919
-0.0011699
-0.0190309
-0.0196387
-0.0149834
-0.0148072
-0.0189057
-0.0082906
0.0030124
0.0144479
-0.0031833
0.0283837
0.0284390
0.0416011
0.0284676
0.0126658
-0.0032162
-0.0066040
-0.0447104
-0.1057393
-0.0920204
-0.0836779
-0.0293073
0.0689684
0.1644899
0.1867100
0.1240671
0.0143656
-0.1049693
-0.1264422
-0.0891566
-0.0524895
-0.0010802
-0.0070068
0.0192297
0.0054448
0.0206348
0.0235804
0.0270714
0.0161596
0.0051950
0.0010450
-0.0204181
0.0057014
-0.0165440
-0.0074153
0.0071319
-0.0197757
-0.0220358
-0.0023741
-0.0008773
0.0211674
0.0007253
-0.0070600
0.0183229
0.0073266
0.0124209
-0.0119632
-0.0128571
-0.0108496
0.0048927
-0.0116992
-0.0220815
-0.0190085
0.0038690
-0.0079002
0.0141900
0.0151511
-0.0157879
0.0131331
0.0091134
0.0066596
-0.0114263
0.0106431
0.0003016
-0.0042735
-0.0037366
-0.0139664
-0.0130617
-0.0145420
0.0005843
0.0074532
-0.0073338
0.0013110
-0.0147881
-0.0065033
0.0084823
-0.0006290
0.0063995
-0.0110822
-0.0186348
-0.0010282
-0.0144223
-0.0118937
0.0041793
0.0165837
-0.0157154
-0.0209025
-0.0044362
-0.0157378
0.0047083
-0.0117976
0.0024946
-0.0002501
0.0112533
0.0003570
-0.0102763
0.0175267
-0.0018807
-0.0107442
0.0111659
-0.0240187
-0.0011945
0.0188726
-0.0018195
-0.0002311
-0.0161787
-0.0176493
0.0009143
0.0160374
-0.0130622
-0.0213024
-0.0134581
-0.0144664
-0.0086807
0.0037285
0.0087604
-0.0032022
0.0093199
-0.0163520
-0.0130625
0.0269585
0.0237488
0.0100926
-0.0171667
-0.0171149
-0.0096584
-0.0006031
0.0052514
-0.0048914
0.0052985
-0.0128953
0.0182937
0.0039718
-0.0057330
-0.0142114
-0.0091961
0.0097411
0.0005627
0.0071970
0.0031477
0.0153394
0.0167493
0.0157999
-0.0185380
0.0119840
-0.0155999
0.0169153
-0.0178061
-0.0120840
0.0037341
0.0095962
0.0064584
0.0198432
0.0249493
0.0064850
-0.0032746
0.0140190
-0.0216695
0.0006245
-0.0056268
-0.0173810
-0.0227576
-0.0230825
-0.0156303
0.0004588
0.0029504
0.0133191
-0.0090990
0.0280259
0.0354109
0.0423371
0.0401821
0.0292573
0.0070044
-0.0217223
-0.0153637
-0.0430247
-0.0750644
-0.0959492
-0.0888159
-0.0069944
0.0831610
0.1728654
0.1749360
0.0928432
-0.0276041
-0.1009254
-0.1009235
-0.0850827
-0.0491559
-0.0106578
-0.0159809
-0.0069944
0.0294463
0.0057578
0.0170891
0.0362897
0.0266886
0.0125969
-0.0058677
-0.0229141
-0.0054453
0.0070429
0.0104499
0.0083392
-0.0181035
-0.0118527
-0.0029341
-0.0003141
0.0127203
-0.0105489
-0.0027397
0.0057237
0.0168145
0.0253405
-0.0065550
-0.0019843
-0.0116076
0.0031026
0.0142741
0.0010353
-0.0165825
-0.0013824
-0.0088255
-0.0224803
0.0008134
0.0212212
-0.0031794
-0.0002053
0.0139883
-0.0212619
-0.0154531
-0.0068758
0.0210828
0.0047310
-0.0192547
0.0104374
-0.0112991
-0.0103086
0.0126640
-0.0059448
0.0080338
0.0107387
0.0129661
-0.0183282
-0.0015498
-0.0076919
0.0004836
0.0147318
-0.0104732
0.0121831
0.0131320
-0.0110157
-0.0157295
0.0028563
-0.0236274
-0.0093573
0.0184917
0.0203394
0.0025114
-0.0162004
0.0132546
0.0056510
-0.0118143
0.0094335
-0.0019703
0.0128639
0.0121729
0.0005749
-0.0050409
0.0022110
0.0026042
0.0179753
-0.0039325
-0.0021679
0.0056495
-0.0101401
0.0076618
-0.0186070
-0.0096406
-0.0067414
0.0031081
0.0193116
0.0145862
0.0129518
0.0054950
-0.0102600
0.0021883
-0.0159149
0.0088009
-0.0160318
0.0088527
-0.0112981
-0.0036037
0.0061634
-0.0160231
-0.0226693
-0.0073714
-0.0156125
-0.0133042
-0.0028780
0.0091269
-0.0110027
0.0146090
0.0154846
-0.0109943
-0.0181178
0.0096843
0.0113825
-0.0141781
