0.0266013
0.0663787
-0.0095562
-0.0291900
-0.0431823
-0.0167248
0.0577320
0.0582626
0.0016313
-0.0626612
-0.0294611
0.0022029
-0.0424746
-0.0267007
0.0438377
-0.0349949
0.0155532
-0.0433573
0.0510990
-0.0014027
0.0463745
-0.0702557
0.0684272
0.0063567
0.0813304
-0.0435108
-0.1239967
-0.1368186
-0.1429230
0.0278794
-0.0048960
-0.0381440
0.0039572
0.0236275
0.1316811
0.2686745
0.0278740
-0.1336847
-0.2519514
-0.0919414
-0.0914889
0.0539530
-0.0223643
0.1102341
-0.0785996
0.0628141
0.0750960
-0.0597657
0.0699876
0.0670674
0.0468632
-0.0014650
0.0165680
0.0551037
-0.0723310
-0.0053752
-0.1093405
-0.0412912
0.0734120
0.1023595
0.0245057
0.0450851
0.0096166
0.1015444
0.0063456
-0.0377323
0.0216018
-0.0651776
0.0316852
-0.0976035
0.0817140
0.0611681
-0.0087397
-0.0300859
0.0478605
-0.0279121
0.0777070
0.0309824
0.0246563
0.0132743
0.0765945
0.0286916
-0.0905599
0.0376550
-0.0271857
0.0089094
-0.0161628
-0.1030730
-0.0922670
-0.0434651
-0.0632466
-0.0174050
0.0540602
-0.0502902
0.0937480
-0.0924738
-0.0135935
0.0497006
-0.0741304
-0.0200199
-0.0438065
0.0522005
-0.0594614
-0.0953089
-0.0500741
-0.0841141
0.0267791
-0.0378016
-0.0071230
-0.0583166
0.0685549
0.0725887
0.0733118
-0.0896375
0.0096085
-0.0056217
0.0155525
-0.0593245
0.0540416
0.0483044
0.0498756
-0.0454323
-0.0764780
0.1009082
0.0286105
0.0500643
0.0904073
-0.0315340
-0.0406584
-0.0659252
0.0278546
-0.0693773
0.0210363
0.0510226
-0.0223415
0.0287684
0.0763353
-0.0222147
-0.0067927
-0.0749992
-0.0759277
-0.0497251
0.0775495
0.0963059
0.0658429
0.0327259
0.0344755
-0.0001034
-0.0556936
0.0509934
-0.0105000
-0.0883260
0.0580872
0.0025906
0.0320434
-0.0338471
0.0430592
-0.0484329
0.0062658
0.0521645
-0.0825273
-0.0543928
0.0479818
-0.0505351
0.1065219
0.1004780
-0.0537484
0.1010133
0.0412552
-0.0050959
-0.0235370
0.0071352
-0.0777222
-0.0608949
-0.0364009
0.0687911
-0.0369038
-0.0064336
0.0277841
0.0990011
0.0981639
0.0061445
-0.0746267
-0.0621490
-0.0851007
0.0956635
0.0775566
-0.0258480
0.0980352
0.0483909
0.0370109
-0.0661118
-0.0356209
-0.0138047
0.0511053
0.0960728
0.1063794
-0.0128739
-0.0428337
-0.0681542
-0.0215727
0.0723876
0.0630335
0.0819542
-0.0765962
-0.0245776
-0.0748813
0.0827165
0.1026172
0.0179680
0.0979353
-0.0164420
0.0461359
-0.0466774
-0.0648157
-0.0658492
0.0149288
0.1114861
-0.0590487
-0.0988746
0.0761997
0.0594428
-0.0971585
0.0404805
0.0487355
-0.0201734
-0.0715290
0.0605116
0.0589724
0.0268338
0.0604783
-0.0867142
0.0638925
0.1088628
0.0058534
-0.0108796
0.0624562
-0.0967502
-0.0185283
-0.0150781
-0.0287990
0.0859837
-0.1003790
-0.0849267
0.0207513
0.0614720
0.0278951
-0.1011521
-0.0644547
0.1090566
0.1057618
0.0869573
0.0080868
-0.0545253
-0.0011906
-0.0111449
-0.1076927
0.0676326
-0.1013971
0.0003561
0.0461091
0.0522929
-0.0121821
-0.0674026
0.0799424
0.0526326
-0.0922812
-0.0714022
0.0770140
0.0509234
-0.0708053
0.1063286
-0.0665427
0.0450030
-0.1003167
-0.0694645
-0.0606331
-0.1341304
-0.1347150
-0.0074536
0.1295177
0.2612639
0.2766433
0.1949860
-0.1922782
-0.3018147
-0.2078718
-0.0478391
0.0338702
0.0649942
0.0243883
0.0326151
0.0345823
0.0794700
0.0255839
-0.0649033
0.0289025
-0.0989873
-0.0111160
-0.0703213
0.0533626
-0.1128890
0.0954413
0.0371021
-0.1083535
-0.0381483
0.0167440
-0.0230392
-0.0283237
-0.0454964
0.0969768
-0.0946687
0.0632075
0.0157380
0.0163473
-0.0212983
0.0400617
0.0840088
-0.0632397
-0.0550415
-0.0050018
0.0125988
-0.0776155
-0.0076134
0.0353248
0.0222326
-0.0464683
0.0852875
0.0018147
-0.0112171
0.0439168
0.0543871
-0.0286818
-0.0242952
0.0029640
0.0560407
-0.1015243
-0.0546403
-0.0041138
0.1006447
0.0936157
-0.0319010
-0.0889297
-0.0762745
-0.0783305
0.0497209
0.0350265
-0.0487868
-0.0560489
-0.0543375
0.0937540
-0.0186566
0.0855054
-0.0734820
-0.0686842
-0.0497167
0.0248867
0.0806103
-0.0033381
0.0804575
0.0363187
-0.0081662
-0.1022725
-0.0932322
0.0541593
0.0253469
-0.0816158
-0.1070105
-0.0598596
0.0102254
0.0605452
0.0972217
0.0297533
-0.0878334
0.0828794
0.0963619
0.0096086
-0.0976978
-0.1005129
0.0213526
0.0400216
0.0848298
0.1046701
0.0381136
-0.0131327
-0.0362137
0.0621991
0.0099333
-0.0091256
-0.0718204
0.0932517
0.0258271
-0.0631153
-0.0628547
-0.0383846
-0.0821916
0.0728545
-0.0424421
-0.1065065
-0.0519507
-0.0341689
-0.0860070
0.0804705
0.0320232
-0.0865708
-0.0056797
-0.0336468
-0.0682274
-0.0525461
-0.0931466
-0.0475018
-0.0349526
0.0727488
-0.0337701
-0.0428681
0.0089086
0.0273063
-0.0299087
0.0617368
-0.0222995
-0.0036101
0.0527575
0.0215518
-0.0701078
-0.0885387
-0.0830291
-0.0990915
-0.0376177
0.0568874
0.0309883
-0.0219681
-0.0091633
-0.0926654
0.0622730
0.0143740
-0.0584050
0.0529869
0.0803215
-0.0162069
-0.0680170
0.0348570
0.0548260
-0.0974844
-0.0202132
0.0485573
-0.0118443
-0.0592254
0.0499836
-0.0525294
-0.0259751
0.0355368
0.1043697
0.0876696
0.0617261
0.0520329
-0.0431180
0.0270342
-0.0758920
-0.0187293
-0.0136041
0.0445886
-0.0409276
-0.0491069
0.0253418
0.0786237
0.0633363
0.0306108
0.0637975
-0.0198665
-0.0710055
0.0923619
-0.0582071
0.0598870
0.0553684
-0.0494923
0.0076069
-0.1038984
0.0116266
0.0225720
0.0980596
-0.0665215
-0.0229654
-0.0046389
-0.0169603
-0.0086920
-0.0586727
-0.0221791
0.0156834
-0.0247257
-0.0535174
0.0241375
-0.0749816
-0.0332811
-0.0162156
0.0135792
0.1016143
-0.0839555
0.0721977
-0.0127595
0.0443345
0.0322381
0.0053128
0.0602509
0.0633720
0.0061719
0.0089419
-0.0574506
-0.0486671
-0.0318651
0.0511026
0.0097878
0.1210989
-0.0429149
-0.0018823
0.0050764
0.0921057
0.0038681
0.0142596
-0.1130572
0.0394828
-0.0066456
-0.0832548
0.0269831
0.0115241
0.0327621
0.0939821
0.2814583
0.2526553
0.0936515
-0.1475986
-0.2127771
-0.2893876
-0.1532721
0.0231886
0.1723483
0.0912435
0.0498435
-0.0503342
0.0758887
0.0943691
-0.0441852
-0.0863644
0.0228982
-0.0196917
-0.1072596
0.0493792
-0.0619523
-0.0311967
-0.0485883
0.0615834
0.0183764
-0.0393616
-0.0305366
-0.0100239
0.0790784
-0.0039866
-0.0237024
-0.0378043
-0.0992011
-0.0580367
-0.0483313
0.0211962
-0.0949237
-0.0232796
0.0291702
0.0306723
-0.0082853
0.0346086
-0.0853327
-0.0031067
-0.0532666
-0.0264147
-0.0110741
-0.1084202
0.0070398
-0.0060771
-0.0181502
0.0012795
0.0240363
0.0956306
0.0568039
0.0836517
0.0950472
0.0225645
-0.0641711
-0.0228437
-0.0396615
0.0211984
0.1030148
0.0271216
0.0895138
-0.0908763
-0.0688987
-0.0808478
-0.0028288
-0.0125631
-0.0685407
0.0731490
-0.0900185
0.0558969
0.0716800
0.0252419
-0.0696189
0.0604317
0.0940895
0.0463300
-0.0145419
0.0452808
-0.0434650
-0.0589056
0.0882405
0.0396891
-0.0207458
0.0152161
0.1034033
-0.0728242
0.0936602
0.0562545
0.0967389
0.0396254
0.0983199
-0.0690332
0.0052793
0.0842323
0.0226241
-0.0116925
0.0361456
-0.0321164
0.0765343
0.0546403
0.0516229
0.0098759
0.1058057
-0.0607396
0.0313526
-0.0986370
-0.0713494
-0.0757832
-0.0716503
-0.0469891
0.0600945
-0.0207221
0.0969470
-0.0981726
-0.0355632
-0.0329209
-0.0440646
-0.0563539
-0.0339228
-0.0524629
0.0691050
-0.0186118
-0.0499038
-0.0906772
0.0533116
0.0831286
0.0556066
-0.0470464
-0.0878263
-0.0672535
-0.0191357
0.0590556
-0.0909871
-0.0840878
-0.0765051
-0.0274621
-0.0768220
0.0274314
-0.0308124
-0.0226381
-0.0769104
-0.0116268
-0.0381041
0.0728578
-0.0492691
-0.0767574
0.0301713
0.0378961
-0.0778687
-0.0484742
0.0907332
-0.0113435
0.0653561
-0.0644307
0.0273536
-0.1056856
0.0327486
0.0201917
-0.0321757
-0.0587930
-0.0390621
0.1003401
0.0245826
0.0347519
0.0922732
-0.1135485
0.0380090
0.0331705
0.0706542
0.0125979
0.0104749
0.0461766
0.0717091
-0.0882947
-0.0730027
0.0049479
-0.0677909
-0.0565463
-0.0400093
-0.0821463
-0.0566626
-0.0635106
0.0851391
0.0261095
-0.0865912
-0.0351180
-0.0246400
0.0080364
0.0834175
0.0730102
-0.0290444
-0.0366570
0.0174384
-0.0641327
-0.0594101
-0.0438425
-0.0847542
0.0139956
-0.0475318
0.0408381
-0.0170479
-0.0697559
0.0857106
-0.0019259
-0.0442919
0.0684318
-0.0224446
-0.0140603
0.1048779
0.0614304
-0.0950238
0.0365708
-0.0252242
0.0905229
-0.0447438
0.0718540
-0.0779637
-0.0764811
0.0187084
-0.0493190
-0.0163337
0.0569557
0.0080584
0.0987513
0.1260483
0.0137738
0.0173537
-0.0480658
-0.0850957
-0.1017573
0.0412232
-0.0055004
-0.1050911
-0.1465270
-0.0300216
0.1671948
0.2306013
0.3087963
0.1569554
-0.1004405
-0.2558492
-0.2579389
-0.1449495
0.1492273
0.2183831
0.1511097
-0.0503911
0.0888006
0.0051862
0.0388531
-0.0572994
-0.0520263
-0.0975035
0.0179348
0.0781777
0.0655403
0.0662890
0.0244007
-0.1054467
-0.0306853
0.0906460
-0.0567889
-0.0072136
0.0677803
-0.0752077
0.0753953
-0.1057398
0.0773182
0.0950108
0.0919005
0.0038122
0.0288554
0.0801701
-0.0277282
-0.0199563
-0.0252819
-0.0693562
-0.0033939
-0.0734770
-0.0700086
0.0054589
-0.0023531
0.0062205
-0.0930310
0.0557589
-0.0195200
0.0000817
-0.0446032
-0.0871520
0.0218331
0.0664336
-0.0367530
-0.0466371
0.0670068
-0.0988190
0.0033327
-0.1039769
-0.0580938
-0.0476040
0.0026780
-0.0765982
-0.0151951
0.0654376
-0.0480066
0.0845638
-0.0547482
-0.0663933
0.0376888
0.0307978
-0.0820730
0.0857036
-0.0562836
-0.0879400
0.0684047
0.0396616
-0.0822190
-0.0215792
0.0006733
0.0639887
-0.0311095
0.0486012
0.0185997
0.0023970
0.0908604
0.0906037
-0.1000844
0.0090285
-0.0776604
-0.0838510
-0.0448158
-0.0522319
-0.0402894
-0.0141988
0.0334177
-0.1029793
0.0577178
0.0264123
-0.0278029
0.0031284
0.0923635
0.0941936
0.1004311
-0.0389863
-0.0118113
0.0215165
-0.0267750
-0.0119722
-0.0797940
-0.0664912
0.0462962
-0.0008857
-0.0204527
0.0399459
-0.0492419
-0.0248316
-0.0072988
0.0698811
0.0859773
0.0663448
0.0966080
0.1054354
0.0287142
0.0224644
-0.1036498
-0.0710328
-0.0994330
0.0787717
-0.0078933
0.0409242
0.0230536
-0.0344371
0.0861484
-0.0560302
-0.0779661
-0.0307984
0.0680230
0.0314125
-0.0884024
0.0351984
0.0502210
0.0731257
0.0998096
-0.0683023
0.0536566
-0.0394091
0.0711529
0.0789371
-0.0471298
0.1055367
-0.0262288
-0.0096887
0.1008733
-0.0669430
0.0343902
0.0318749
-0.0474752
0.0669050
0.0735004
0.0336094
-0.0143202
-0.0852550
-0.0304291
0.0939332
-0.0089948
0.0245022
0.1024661
0.0416755
0.0666479
-0.0354670
-0.0027741
0.0334314
0.0123221
-0.0991951
0.0164001
0.0592886
0.0590351
-0.0716435
-0.0527334
-0.0208433
0.0342728
-0.0605507
0.0958432
-0.0542966
0.0470130
0.0206964
0.0316635
-0.0596716
0.0228275
0.0348722
-0.0558738
-0.0114752
0.0358403
-0.0624428
0.0650741
-0.0886198
-0.0775807
0.0083049
-0.0014608
-0.0624138
-0.0488468
-0.0018385
0.0611690
-0.0374759
0.0483202
-0.0415921
0.0107572
-0.0784179
-0.0411808
0.0729022
-0.0549500
-0.0889974
-0.0521783
0.0698080
-0.0877650
0.0161517
0.0373241
0.0355435
-0.0814624
0.0094369
0.0616907
-0.0410056
-0.0522973
-0.0385740
0.1058101
0.0752625
-0.0889746
0.0980025
0.0411244
0.0698753
0.0734218
0.0435377
-0.0515355
-0.1463799
0.0158322
-0.0599332
-0.0078267
0.1226580
0.1328773
0.1477771
0.0075109
-0.0460206
-0.2360059
-0.2252856
-0.0005447
-0.0124176
0.0197196
0.0377109
-0.0518324
0.1082429
-0.0216171
-0.0086195
0.0657072
-0.0648294
-0.0466526
0.0779006
0.0834385
-0.1189354
-0.1149068
0.0126524
0.0205460
0.0035010
0.0553370
0.0099043
-0.0691477
-0.0010406
-0.0349494
-0.0222151
0.0374939
-0.0061601
-0.0234614
-0.1018898
0.1004383
-0.0199010
-0.0979603
-0.0666933
0.0769477
-0.0111488
0.0709482
-0.0140064
0.0414505
-0.0501029
-0.0131195
-0.0149382
0.0793006
0.0435729
0.0760011
-0.0640376
-0.0573197
0.0203382
-0.0359598
-0.0244811
-0.1046165
0.0682630
0.0226545
-0.0682590
-0.0819364
0.0186895
0.0210883
-0.0000586
0.0762582
0.0541666
-0.0235241
0.0047302
0.0697987
0.0566983
0.0042646
0.0267282
-0.0034575
0.0216130
-0.0727505
-0.0269107
-0.0353965
0.0358218
0.0886614
-0.0946905
0.0476109
0.0569448
-0.0726933
0.0710909
0.0421974
0.0350061
-0.0818718
0.0253744
-0.0577693
0.0860870
-0.0650220
-0.0861684
0.1036222
-0.0295672
0.0608021
-0.0430730
-0.0486773
0.0401959
-0.0140157
0.0494567
-0.0863982
0.0085835
-0.0016607
-0.0902032
0.0393915
0.1018806
0.0151211
-0.0137453
-0.0691031
-0.0886165
-0.0862524
0.0399819
-0.0797997
0.0152940
-0.0041267
-0.0665351
0.0536458
-0.0885056
0.0427497
-0.0094548
-0.0388171
-0.0056840
0.1027327
-0.0725620
0.0839880
0.0963460
0.0537346
0.0261422
-0.0248560
-0.1031905
0.0079481
-0.0970541
-0.0448600
-0.0752448
-0.0046286
0.0589646
-0.0022723
-0.1073453
0.0741814
0.0322489
0.1007720
-0.0381442
-0.0699592
0.0675522
0.0819071
0.0543385
-0.0837460
-0.0050326
-0.0643430
-0.0575001
-0.0449149
-0.1000337
0.0126571
0.0498349
-0.0171393
0.0834743
0.0434013
-0.0842965
-0.1034391
-0.0589515
-0.0900060
-0.0363616
-0.0119208
0.0591768
-0.0871195
0.0613646
0.0307247
0.0189607
-0.0606813
-0.0870474
-0.0174823
0.0561719
0.0072374
-0.0908139
0.0944688
0.0394188
0.0746282
-0.0702913
0.0694468
0.0886465
0.0205905
-0.0632271
0.0902921
0.0451658
0.0960491
0.0363367
-0.0550487
-0.0435640
-0.0107382
-0.0271588
0.0732865
-0.0541393
0.0143805
-0.0092339
0.0281346
0.0771486
0.0695999
0.1062414
0.0602939
0.0190699
-0.0572303
0.0975948
-0.0167820
0.0570375
-0.0128889
-0.0802091
0.0527548
0.0845922
0.0974953
-0.1031032
0.0945563
-0.0204315
-0.0891847
-0.0923013
0.0981313
-0.0906462
-0.0177380
0.0420963
-0.1011461
-0.0897101
0.0470702
-0.0352610
0.0319719
-0.0187189
0.0858781
0.0611313
0.0974269
0.1108369
-0.0721488
0.0179869
-0.0192368
-0.0684349
-0.0399224
0.0210464
0.0398857
0.0046676
0.0365932
0.0104745
-0.1113184
-0.1316820
-0.0417662
0.0987518
0.1805461
0.2818351
0.3053457
