-0.0038287
0.0096958
-0.0619081
-0.0206039
0.0617770
-0.0680728
0.0523470
0.0437569
0.0236187
-0.1029977
-0.0151466
0.0578635
-0.0211366
0.0972751
0.0179602
-0.0311440
-0.0093979
0.0325704
0.0981471
0.0396886
-0.0361038
0.0402565
-0.0432640
-0.0879521
0.0651051
-0.0664669
0.0121931
-0.0741972
0.0856245
-0.0389277
0.0533889
0.0324344
0.0977822
0.0660689
-0.0633910
0.0079068
-0.1018582
0.0669848
-0.0687358
0.0126009
-0.0363529
-0.0930778
0.0678365
-0.0403120
-0.0578640
0.0912333
0.0594335
0.0040915
-0.0382857
-0.0428065
-0.0970583
-0.0344063
-0.0080377
0.0515089
-0.0559070
-0.0269254
-0.0323675
0.0141128
0.0928060
0.0333029
-0.0578456
-0.0261248
-0.0271773
0.0636835
-0.0813769
0.0962308
0.0120162
-0.0382941
0.0448442
0.0934564
0.0101878
0.0221793
-0.0119687
-0.0684557
0.0713083
-0.0851175
-0.0586569
-0.0863784
0.0054961
0.0182845
0.0802514
0.0463599
0.1001989
-0.0762478
-0.0753968
-0.0801854
-0.0735621
0.0755185
0.0979838
0.0820591
-0.0041867
-0.0837118
0.0499405
-0.0496853
0.0736908
-0.0250440
-0.0276786
-0.0331067
0.0456255
-0.0591753
0.1056704
0.0251586
0.0135930
-0.0901905
0.0780129
-0.0338580
-0.0570987
0.0727468
0.0628167
-0.0645685
-0.0271249
-0.0282497
-0.1078117
0.0879252
-0.0684518
0.0249591
-0.1014043
-0.0596791
0.0381614
-0.0909569
-0.0839775
-0.0829197
-0.0433470
0.0216603
0.1019703
0.0172197
-0.0463422
-0.1094399
0.0543778
0.0282479
-0.0547757
-0.0893112
-0.0169577
-0.0685303
0.0840323
-0.0272478
0.0898881
-0.0443710
-0.0521478
-0.0638465
-0.0197101
-0.0336367
-0.0508634
-0.1002851
0.0366493
-0.1063052
0.0273732
-0.1279140
-0.1504732
-0.0471642
0.0170125
0.1466476
0.1244833
0.0568141
0.0373805
-0.1296675
-0.1167885
-0.1688233
0.0741623
0.0502755
0.1066963
-0.0736943
-0.0800453
-0.0197036
0.0433016
0.0782461
-0.0559490
-0.0875373
-0.0134789
0.0381905
0.0165511
-0.0155463
0.0171472
-0.0380617
0.0201158
-0.0609673
-0.0206645
-0.0881375
0.0672260
-0.0139546
0.0952468
0.0122850
-0.0477096
0.0942516
0.0452319
-0.0753794
0.0568340
0.0790775
-0.0644924
-0.0330007
0.0635912
-0.0674480
0.0352883
0.0000003
-0.0757532
-0.1036806
-0.0561096
0.0129182
-0.0455841
-0.0287197
0.0510409
0.0197232
0.0162972
-0.0548540
0.0980244
0.0573789
-0.1115584
-0.0114119
-0.0192599
-0.0462883
0.0624573
0.0502513
0.0487090
0.0532598
0.0454824
-0.0771551
-0.0785301
0.0323179
0.0739663
0.0420949
-0.0614540
0.0281319
-0.0390645
-0.0155416
-0.0920827
-0.0661090
-0.0660014
-0.0527752
-0.0841898
-0.0978609
0.0856172
0.0304459
0.0735846
-0.0087199
0.0852694
0.0096477
0.0900427
-0.0332132
0.0677611
-0.0135813
0.0211134
-0.0437057
-0.0914010
-0.0829244
-0.1068550
-0.0978501
-0.1031060
-0.0588087
0.0862859
0.0680014
-0.0971100
-0.0773898
0.0078599
0.0270701
-0.0392792
0.0589598
0.0315877
-0.0720069
-0.0660151
0.0240492
0.0055139
0.0719965
0.0243656
-0.0976595
-0.0348050
-0.0815776
0.0683565
0.0846526
0.0368752
0.1036058
0.0413804
-0.0326366
0.0108699
0.0839383
-0.0295072
-0.0069529
0.0788220
0.0904557
0.0187875
-0.0080502
-0.0919736
0.0235021
0.0857946
-0.0001990
-0.0176472
-0.0255407
0.0419944
-0.0759828
0.0875243
-0.0409602
-0.0534355
-0.0385684
-0.0026596
0.0580351
-0.0488222
0.0479267
0.0065507
0.0673793
-0.0948979
-0.0416383
0.0771206
0.0589483
-0.0480245
0.0220556
-0.0923891
-0.0314049
0.0287279
-0.0326028
0.0213380
-0.0217690
0.0435033
0.0962840
-0.0377100
0.0887727
0.0499036
-0.0085099
-0.0413881
-0.0612547
0.0120334
-0.0243798
-0.0379246
0.0965713
-0.1015663
0.0602595
0.0183189
-0.0895735
0.0931876
-0.0876733
0.0246714
-0.0267696
-0.0475014
-0.0936900
-0.0545825
-0.0009109
-0.0025096
0.1047286
0.0115078
0.0254311
-0.0452080
0.0069930
-0.0133705
0.0270410
-0.0198949
0.0675817
-0.0855938
-0.1043130
-0.0971581
0.0604451
-0.0932236
-0.0799071
0.0192840
0.0323164
-0.0901678
-0.0684043
-0.0049211
-0.0353449
0.0197403
-0.0501773
-0.0386898
-0.0836053
0.0690842
0.0436046
-0.1162143
-0.0424857
0.0401441
-0.0147297
-0.0798566
-0.0268627
0.0578398
-0.0910494
-0.0181619
-0.0871997
0.0244159
-0.0942686
-0.0050454
-0.0668869
0.0142166
0.0618971
0.0337492
-0.0766917
-0.0779680
0.0490549
0.0766087
0.1032515
0.0573063
-0.0001430
0.0151220
0.0426807
0.1123967
-0.0630764
0.0619078
0.0439992
-0.0953008
-0.0297609
-0.0531927
-0.0241262
-0.0697514
0.0174076
0.0769918
0.1268832
0.3231344
0.2801573
0.1571408
-0.1606123
-0.2254270
-0.1325027
-0.0522574
-0.0276388
0.1282490
0.1395300
0.0532731
0.1137387
0.1312344
0.1282256
0.0833388
-0.1056604
-0.1038277
-0.0353220
-0.1177427
-0.0186652
0.0577773
-0.0198889
-0.0627770
0.0346455
0.0449995
-0.0641641
-0.0754450
0.0595243
-0.0605800
0.1041063
0.0336321
-0.1010404
-0.0767918
0.0089831
-0.0343619
-0.0271819
0.0497742
0.0865564
0.0600612
-0.0795785
-0.0313632
0.0893347
-0.0442000
-0.1020101
0.0867457
-0.0007335
-0.0466353
-0.0526757
0.0539021
-0.0616846
-0.1034605
0.0767308
0.0055105
-0.0260541
0.0234927
0.0122756
-0.0704988
-0.0635735
-0.0824263
0.0838743
0.0949969
0.0822393
-0.0288825
0.0448453
-0.0385039
-0.0163360
-0.0152831
0.0870267
0.1088181
-0.0663187
0.0691000
-0.0146608
0.0774839
0.0587994
-0.1127607
0.0380794
-0.0713355
-0.0287851
-0.0862340
0.0123734
-0.0526547
0.0053979
-0.1037730
-0.0664768
0.0624078
-0.0776121
0.0141980
0.0483963
-0.0862525
0.0326308
-0.0050506
-0.0404861
0.0480753
-0.0390913
0.0491517
-0.0103300
-0.0162086
-0.0643665
0.0856931
0.0459958
-0.0812056
0.0082872
0.0784297
-0.0360662
-0.0039837
-0.0741340
0.0132803
0.0425393
-0.0911356
-0.0656326
0.0757440
-0.0407110
0.0393860
-0.0366664
0.0574467
-0.0994562
-0.0806715
-0.0599213
-0.0511344
0.0760413
-0.0099836
-0.0074196
-0.0363260
-0.0531209
0.0416669
0.0489774
0.0048924
0.0886105
-0.0021796
0.0713713
0.1024599
-0.0613632
0.0266899
0.0418033
0.0879553
-0.0410299
-0.0107954
-0.0446582
0.0156426
-0.0431587
-0.0715543
-0.0775069
0.0632676
0.0733586
0.0828253
0.0193797
0.0046138
-0.0851040
-0.0527806
0.0508660
0.0008741
0.0558447
-0.0288218
-0.0515944
-0.0701510
-0.0052300
-0.0090971
-0.0983107
0.0074336
-0.0344805
-0.0565489
0.0437303
-0.0040890
0.1041093
-0.0792670
0.0889116
0.0489988
0.0786992
-0.0488077
-0.0935264
-0.0376973
-0.0651134
0.0729162
-0.1097834
-0.0454032
0.0482703
-0.0439128
0.0144237
0.1013634
-0.0413780
0.0244095
-0.1026360
-0.0424772
0.0190454
-0.0689669
-0.0418598
0.0811306
0.0153293
0.0619551
-0.0664044
0.0753475
0.1021635
-0.0838483
-0.0101005
-0.0035978
-0.0502061
0.0204768
0.0605534
-0.0769782
-0.0199578
0.0503540
0.0776279
0.0111051
0.0097402
-0.0300285
-0.0378481
-0.0567198
0.0093525
0.0032569
0.0032999
0.0196539
-0.0542791
-0.1002110
-0.0693058
0.0134179
0.0333282
0.1093290
0.0690808
-0.0126909
-0.0761814
0.0486599
0.0729789
0.0339369
0.0420997
-0.0701787
-0.0116925
0.0427729
0.0796537
-0.0365732
0.0494393
0.0005336
-0.0105410
-0.0476909
0.1311595
0.1253371
0.0089652
0.0111548
-0.1002533
0.0634303
-0.0278237
-0.0706020
0.0515522
0.0322861
0.0050373
-0.0945839
0.0256296
0.2017334
0.2676287
0.1969349
-0.1450281
-0.3159390
-0.2681750
-0.2788712
-0.0163227
0.1088862
0.0430943
0.1099545
-0.0408363
-0.0417802
0.0117856
0.0589166
0.0331453
-0.0751466
-0.0113425
-0.0754703
-0.0595503
0.0705402
-0.0962573
0.0418683
0.0414291
-0.0555655
-0.0726334
-0.0846518
0.0626087
-0.0473252
-0.0162187
-0.0237471
-0.0311900
0.0087464
-0.0322604
0.0569882
-0.1094929
0.0791771
-0.0073619
-0.0080946
0.0036096
0.0369084
-0.0112991
0.0169795
0.0894495
0.0844621
0.0069392
0.0626387
-0.0317087
0.0844790
-0.0172829
0.0911272
-0.0317298
0.0289255
0.0114057
-0.0873530
-0.0877248
0.0437890
0.0584541
-0.0797676
-0.0438883
-0.0380551
-0.0229200
-0.0214812
-0.0831359
-0.0965370
-0.0764165
-0.0749417
-0.0231907
-0.0011806
-0.0716312
0.0238661
-0.0801239
0.0436355
0.0069403
-0.0947875
0.0261354
0.0329990
-0.0009885
-0.0634365
0.0635912
-0.0542085
0.0164563
0.0151415
0.0321204
-0.1073817
-0.0141649
-0.0268938
-0.0639577
0.0380633
0.0598765
-0.0460577
-0.1042919
-0.1042627
0.0888605
-0.0799858
-0.0484902
0.0237169
-0.0521916
0.0199907
-0.0156650
-0.0819783
0.0069727
-0.0406760
-0.0783386
0.0151770
-0.0710201
0.0836341
-0.0614332
-0.0548446
-0.0485341
-0.0941911
0.0444705
0.0098356
0.0905136
0.0521810
0.1057410
-0.0876299
0.0530992
-0.0848826
-0.0569834
-0.0492841
-0.0609484
0.0962191
0.0685024
0.0789368
-0.0214339
-0.0628103
0.0319687
0.0271533
-0.0623157
0.0194764
-0.0992586
-0.0829732
0.0677445
-0.0461640
-0.0387152
0.0665206
-0.1019485
0.0688747
-0.1012142
0.0601881
-0.0637398
0.0825643
0.0477010
-0.0708399
0.1018566
-0.0292287
0.0579510
-0.0683501
0.0445630
-0.0148227
-0.0211168
-0.0858948
0.0707652
-0.0897235
-0.0613315
0.0198028
-0.0088192
-0.0633820
0.1086210
0.0122321
-0.1020293
0.0968849
-0.0125511
-0.0717705
0.0829939
-0.0655611
0.0971312
0.0541048
0.0054878
-0.0993222
0.0234058
0.0949716
0.0947293
0.0476980
-0.0939965
-0.0214145
-0.0152623
0.0916322
0.0690865
-0.0440480
-0.0058031
-0.0870486
-0.0527011
0.0623243
0.0079409
0.0539847
-0.0119701
-0.0659475
-0.0450302
0.0502678
0.0361526
0.0996592
-0.0168828
0.0634481
-0.0610492
-0.0490047
-0.0621207
0.0237201
-0.0644438
0.0215321
-0.0597046
0.0348501
-0.0392580
-0.0997359
-0.0708631
-0.0645739
-0.0542115
-0.0539987
-0.0741009
-0.0631143
0.0748733
0.0726838
-0.0163097
0.1018756
0.0705283
-0.0588739
0.0605102
-0.0092991
-0.0930373
-0.0015822
-0.0503203
0.0106880
0.0761925
0.0403392
0.0029326
-0.0217697
0.0963228
0.0192976
0.0266904
-0.0155830
-0.0071754
0.0236509
0.0324772
-0.0528926
-0.0302625
0.0279758
-0.1061155
-0.0178301
-0.1355205
-0.1369370
-0.0243662
0.0969355
0.0690118
0.1571508
0.1752535
0.0421032
-0.0840275
-0.1847977
-0.2300839
0.0358669
0.1061261
0.0494666
-0.0292743
0.0799111
0.0540502
0.0507233
0.1082715
0.1137517
-0.0473493
0.0746081
-0.0989570
-0.1065788
-0.0264979
-0.0576956
-0.0065835
-0.0754723
-0.0265156
0.0817579
-0.0330202
0.0434628
-0.0530850
0.0987355
0.0251177
-0.0831748
-0.0522030
-0.0759085
-0.0428905
0.0160333
-0.0912533
0.0986766
0.0841047
0.0201047
0.0455124
0.0812503
0.0830764
-0.0175890
0.0950039
0.0083772
-0.0215584
-0.0044472
-0.0852785
-0.0713602
-0.0645050
0.0775833
-0.1028506
-0.0767375
-0.0989691
-0.0925452
-0.0434490
-0.0899879
0.0122009
0.0937371
-0.0401741
0.0429000
-0.0792150
-0.0201964
0.0149321
0.0316015
0.0420371
0.0227398
0.0022047
0.0523041
-0.0739048
-0.0443254
-0.0717021
0.0757947
-0.0612123
-0.0346444
-0.0391825
-0.0748439
-0.0916283
0.0797998
-0.0746170
-0.1057288
0.0620286
0.0343742
0.0057399
0.0754592
-0.0174268
0.0045203
-0.0573033
-0.0355128
-0.0201396
-0.0008405
0.0242528
0.0173741
0.0803973
-0.0394229
-0.0214042
0.0020970
0.0836490
0.0998265
-0.0013001
0.0526130
0.0356856
0.0496152
0.0000048
0.0091895
-0.0429194
-0.0807129
-0.0346592
0.0408315
-0.0748639
-0.0959094
0.0824942
0.0653137
-0.0402666
-0.0822301
0.0788823
-0.0636717
0.0645103
-0.0558664
0.0963217
-0.0961576
0.0116105
0.0525501
-0.0812547
-0.0922086
0.0166591
-0.0218494
-0.0958720
-0.1038802
0.0265146
-0.0885241
0.0377736
-0.0540875
0.1011309
-0.0738101
0.0464278
0.0583636
-0.0385202
-0.0816087
0.0555144
0.0217419
0.0881813
-0.0612681
0.0766010
0.0797136
0.0383291
0.1008024
0.0266087
0.0537245
0.0326355
-0.0126231
-0.0696086
0.0550338
0.0783661
-0.0128316
0.0471979
-0.0693959
-0.0701523
0.0342602
-0.0287293
-0.0852323
0.0112148
-0.0614262
-0.0824461
-0.0268455
-0.0717712
0.0173646
-0.0894279
0.0614912
-0.0509082
0.0576402
-0.0266193
-0.0123382
-0.0541969
0.0916901
-0.0673999
0.0804883
0.0576427
-0.0908980
0.0261181
-0.0057531
-0.0527935
-0.0778562
0.0412640
0.0679773
-0.0514641
0.0205503
-0.0957926
0.1007307
0.0143851
-0.0452994
-0.0838319
0.0568313
0.0936115
-0.0245670
0.0652967
0.0441451
-0.0099564
-0.0804455
-0.0795975
-0.0200137
-0.0684482
-0.0309088
-0.0182807
-0.0635328
0.0885268
0.0634634
-0.0448917
0.0089863
-0.0535115
0.0661726
-0.1040694
0.0559584
-0.1010554
0.0724099
-0.0861906
0.0917976
-0.0769201
-0.0533053
-0.0555719
-0.0818801
0.1002878
-0.0360205
-0.1116900
0.0545506
0.0059029
-0.0539966
0.0281085
0.0427494
0.1047200
-0.0490364
-0.0631715
-0.0514413
0.1000746
0.0383463
0.0857504
-0.0893547
0.0943443
0.0829720
-0.0086404
-0.1307976
0.0121985
-0.0711183
-0.1024746
-0.1222237
0.1451833
0.1061272
0.1043914
0.1725218
-0.0181319
-0.1969402
-0.2510555
-0.2052366
0.0431380
0.1271644
0.0614835
0.0015061
-0.0692976
0.0510056
0.0825055
0.0016326
0.0352540
-0.0844112
0.0605964
0.0694585
0.0658922
-0.0960130
-0.0459372
-0.0377107
-0.0157482
0.0587014
0.0758144
0.0560981
0.0274625
-0.0664138
-0.0534509
-0.0700716
-0.0663453
0.0135287
-0.0203474
-0.0750382
0.0298714
-0.0971014
-0.0409803
-0.0593644
0.0993707
0.0532088
0.0182853
-0.0801456
0.1040538
0.0173792
-0.0025099
-0.0768049
0.0033142
-0.0949975
0.0143161
-0.0132682
-0.0345386
0.0182099
-0.0357903
-0.0376407
-0.0735887
0.0734211
0.0712316
0.0446807
0.1040654
0.0395428
0.0857628
0.0420398
0.0320432
0.0562870
-0.0673753
0.0531997
-0.0268396
-0.0133332
-0.0694883
0.0954568
-0.0050998
0.0160696
-0.0987009
0.0396242
0.0292998
-0.1016141
0.0391590
-0.0656117
0.0304496
0.0667551
0.0494847
-0.0339183
-0.0166444
-0.0740619
-0.0496029
0.0111314
-0.0427497
0.0507777
-0.0562133
0.0501142
0.0649004
0.0061284
0.0628743
0.0071274
0.1007272
0.0503168
-0.0711853
-0.0272617
0.0508588
0.0462447
0.0049126
0.0930705
-0.0040949
-0.0600852
0.0381667
0.0565820
0.0071410
-0.0870665
-0.0744918
-0.0939867
-0.0395347
0.0816456
-0.0444761
