0.0243538
0.0087415
-0.0139920
0.0228355
0.0027901
0.0105714
-0.0151464
0.0209450
-0.0196633
0.0185912
-0.0073144
-0.0040156
-0.0138397
-0.0028271
-0.0225976
0.0077786
-0.0013456
0.0089623
-0.0188582
0.0237596
-0.0090013
0.0155109
-0.0038850
-0.0105462
-0.0307131
0.0175156
-0.0067836
0.0057120
-0.0197549
-0.0199322
-0.0286399
-0.0300912
-0.0069171
0.0006907
-0.0035745
0.0188521
0.0118525
0.0213674
0.0101925
0.0030587
0.0113286
-0.0050770
-0.0169826
-0.0081430
0.0188627
0.0036781
-0.0002650
-0.0118366
0.0100215
-0.0103116
0.0236075
-0.0002168
-0.0184810
-0.0000154
0.0101479
-0.0081736
0.0161638
0.0186989
0.0204126
0.0104411
0.0182048
-0.0125225
0.0014519
0.0194607
-0.0175907
-0.0120996
-0.0164762
-0.0291912
0.0070105
-0.0250634
-0.0229056
0.0011660
0.0293994
-0.0029663
0.0237439
0.0162640
0.0169672
-0.0219739
0.0012578
-0.0014486
-0.0031192
-0.0436682
-0.0081349
-0.0393003
-0.0458430
-0.0026057
0.0099021
0.0331621
0.0405398
0.0279477
0.0268974
0.0568344
0.0193641
-0.0064789
-0.0254714
-0.0601070
-0.1099980
-0.1880168
-0.1897414
-0.0349476
0.1341642
0.2658784
0.2800043
0.1432439
0.0079580
-0.1237010
-0.1258108
-0.0897540
-0.0627299
-0.0461478
-0.0285349
-0.0332634
-0.0016751
0.0122722
0.0545025
0.0134068
0.0275484
0.0542102
0.0253962
0.0286735
0.0088320
-0.0231815
-0.0263545
-0.0473267
-0.0229052
-0.0124463
0.0116628
-0.0182421
-0.0081428
-0.0112966
0.0192262
0.0326368
-0.0072645
-0.0205139
0.0028304
0.0171824
0.0124315
-0.0176073
-0.0071804
-0.0037230
0.0105598
-0.0083944
-0.0225755
-0.0242506
0.0123631
0.0132437
-0.0073930
0.0043434
-0.0170916
-0.0132090
0.0260030
0.0253113
-0.0047068
-0.0021515
0.0000038
0.0047985
-0.0087278
-0.0130938
-0.0101196
0.0131045
-0.0294915
-0.0091636
-0.0119936
-0.0015025
-0.0047909
0.0172771
-0.0102442
0.0100183
0.0073129
0.0105870
0.0250667
-0.0176374
-0.0001261
-0.0161426
0.0217568
-0.0147067
-0.0088043
-0.0299880
-0.0087486
0.0105316
0.0072882
0.0192719
-0.0162123
-0.0024117
0.0012377
0.0232218
0.0100652
0.0107786
-0.0065397
0.0063697
-0.0189213
-0.0067218
0.0268295
-0.0024683
0.0158779
0.0138140
0.0153646
0.0031828
0.0103201
-0.0056849
0.0218568
0.0090758
0.0033175
0.0160674
-0.0243438
-0.0231750
0.0038376
0.0053247
0.0189453
0.0226966
-0.0052749
-0.0034255
-0.0032354
-0.0029127
0.0268112
-0.0171830
-0.0073381
0.0137015
0.0277768
0.0163662
0.0113343
0.0157143
-0.0315742
-0.0138573
-0.0175369
-0.0154349
0.0015013
0.0213120
0.0018639
-0.0188716
-0.0213390
0.0008988
-0.0011148
0.0032631
-0.0174911
-0.0094884
0.0301063
0.0187697
-0.0137786
0.0209346
0.0196636
-0.0063974
0.0214022
-0.0014777
-0.0214213
0.0126615
0.0224698
0.0223773
-0.0267225
-0.0033163
0.0161785
-0.0056824
0.0014457
-0.0163201
0.0143799
-0.0200248
-0.0188283
-0.0135958
-0.0096708
0.0018559
-0.0149291
0.0232336
-0.0159774
0.0200959
0.0000465
0.0045005
-0.0204274
-0.0026312
0.0081182
-0.0187149
-0.0260489
-0.0217793
0.0038852
-0.0186392
0.0254786
0.0270808
0.0038052
-0.0260744
-0.0031055
-0.0181578
0.0022525
-0.0197893
0.0015941
0.0084285
0.0065071
0.0070928
0.0246002
0.0147382
0.0064391
0.0097198
0.0252921
-0.0223173
0.0156704
-0.0235374
0.0019329
0.0182309
-0.0092596
-0.0256548
0.0141061
-0.0075941
0.0162363
-0.0217178
-0.0267042
-0.0145031
-0.0105354
0.0116149
0.0186275
0.0429357
0.0321349
0.0067499
0.0158400
0.0073799
0.0020530
-0.0118525
-0.0196368
-0.0067265
-0.0466568
-0.0179059
-0.0209860
0.0031540
0.0260925
0.0550095
0.0265442
0.0653195
0.0722635
0.0352878
-0.0019100
-0.0101325
-0.0638230
-0.1181301
-0.1842998
-0.1774794
-0.1058067
0.0634369
0.2400630
0.2536781
0.1758256
0.0070146
-0.0861376
-0.1430107
-0.1050546
-0.0986772
-0.0716667
-0.0555796
-0.0093844
0.0129985
0.0123309
0.0563489
0.0403852
0.0094516
-0.0032704
-0.0099836
-0.0043295
0.0203782
-0.0109676
-0.0246693
-0.0332783
-0.0090331
0.0005770
-0.0121249
-0.0119426
0.0012845
0.0287930
0.0253038
0.0007239
0.0180960
0.0286266
0.0341944
0.0119409
-0.0062253
0.0128654
-0.0237361
-0.0380646
-0.0252254
0.0095286
-0.0184083
0.0206920
0.0093960
-0.0297588
-0.0050821
-0.0034176
0.0079236
-0.0109713
-0.0009879
-0.0139133
0.0162857
-0.0252742
0.0153776
-0.0120867
0.0106604
-0.0035708
0.0158532
-0.0209523
-0.0074520
0.0067397
0.0046018
-0.0276079
0.0006123
0.0126821
0.0131780
0.0032854
0.0106746
0.0249957
-0.0206462
0.0002288
0.0102704
-0.0095798
-0.0137130
-0.0112655
-0.0151710
0.0000976
0.0143176
0.0020487
0.0105384
-0.0198879
-0.0230534
-0.0176338
0.0152758
0.0076309
-0.0043521
-0.0093849
0.0059649
-0.0212745
0.0287440
0.0064079
-0.0154327
0.0098770
0.0185642
-0.0218977
-0.0238446
-0.0183811
0.0014403
-0.0188070
0.0186150
-0.0108276
0.0208926
0.0098984
-0.0271982
-0.0124514
0.0023876
0.0043502
0.0236885
0.0125087
-0.0026466
0.0018439
-0.0125177
0.0095169
0.0134959
0.0120060
0.0116362
0.0117211
-0.0179692
0.0047206
0.0093527
-0.0046497
0.0164809
0.0072630
0.0043125
-0.0253609
-0.0175399
0.0087587
0.0163200
-0.0091508
-0.0016069
-0.0029885
-0.0183491
0.0194786
-0.0036988
-0.0047453
0.0209898
0.0091689
-0.0252647
-0.0127473
0.0174538
-0.0069755
-0.0115369
-0.0012109
-0.0014920
0.0078014
0.0086601
0.0190534
0.0016723
-0.0111711
0.0000790
0.0071495
0.0071546
0.0232504
0.0236405
-0.0210483
0.0136327
0.0211032
0.0163758
0.0204518
0.0101216
-0.0280265
0.0194422
-0.0261725
0.0192162
0.0084825
-0.0161016
-0.0083470
-0.0122645
-0.0155198
0.0173204
0.0217556
-0.0010619
0.0012971
-0.0188192
-0.0159357
-0.0027940
-0.0134093
0.0077464
0.0062747
-0.0009001
-0.0031351
-0.0158531
-0.0023701
-0.0216995
-0.0043581
0.0004863
-0.0026048
-0.0147780
-0.0120339
-0.0181579
-0.0150738
-0.0086346
0.0182432
0.0253329
-0.0107946
-0.0071654
-0.0172147
0.0178351
0.0015909
0.0068430
0.0220696
-0.0212509
-0.0196705
0.0042429
-0.0212749
0.0110169
0.0070462
-0.0248126
-0.0014547
0.0275471
0.0240336
0.0221397
0.0121886
-0.0008832
-0.0115331
-0.0302954
-0.0063277
-0.0421448
-0.0110852
-0.0375919
0.0008764
-0.0313745
-0.0193382
-0.0049886
-0.0168288
0.0243953
0.0492588
0.0419717
0.0568519
0.0454364
0.0489922
-0.0104676
0.0053625
-0.0558155
-0.1296621
-0.1941277
-0.2106391
-0.0397213
0.1690270
0.3167450
0.2582868
0.1002116
-0.0600559
-0.1220842
-0.1110284
-0.1009352
-0.0423277
-0.0753179
-0.0407941
0.0226202
0.0067669
0.0239970
0.0486630
0.0170677
0.0367320
0.0296379
-0.0051984
0.0165344
-0.0298973
0.0056830
-0.0220432
0.0034978
-0.0131046
-0.0259588
-0.0334673
-0.0123170
-0.0076971
-0.0118811
0.0059328
0.0244093
0.0023840
0.0263201
-0.0116950
-0.0077683
-0.0133014
0.0034333
-0.0183050
-0.0177519
-0.0284351
-0.0232095
-0.0301233
0.0021482
0.0090049
0.0110246
-0.0003728
0.0158146
-0.0090217
0.0106639
-0.0158022
-0.0037631
0.0233573
-0.0105383
-0.0226315
0.0203305
-0.0095090
-0.0077942
-0.0187431
0.0139573
0.0136695
-0.0097395
0.0237893
-0.0074554
-0.0122903
-0.0063665
-0.0057917
0.0241721
-0.0221963
0.0182285
0.0269987
0.0153817
0.0043943
0.0226875
0.0000792
-0.0211971
-0.0004437
-0.0212770
0.0247974
0.0133660
-0.0043733
-0.0095976
-0.0040135
-0.0175477
0.0135347
0.0114755
-0.0182835
-0.0098922
-0.0072529
0.0185281
0.0177605
0.0189160
-0.0097780
0.0157097
0.0211716
-0.0005167
-0.0003129
0.0029895
-0.0034196
-0.0090881
0.0243891
0.0095513
0.0300863
0.0053658
0.0108716
-0.0097201
-0.0129565
-0.0194638
0.0064892
-0.0274659
-0.0248650
0.0015333
-0.0149108
0.0293762
-0.0173140
-0.0154608
0.0119730
0.0243778
0.0104137
-0.0174768
-0.0185908
-0.0195780
0.0153790
-0.0228289
-0.0015604
0.0106487
0.0014327
0.0252813
0.0160127
0.0025827
0.0125892
-0.0264428
0.0110850
-0.0182507
-0.0247191
-0.0112226
0.0060863
0.0206037
0.0235006
0.0195571
0.0015785
-0.0275960
0.0163569
0.0109292
-0.0186072
0.0260544
0.0182146
-0.0247233
-0.0005251
0.0035522
-0.0164936
-0.0105797
0.0060026
0.0213425
0.0041719
-0.0090981
-0.0081468
-0.0047535
-0.0285515
0.0157682
0.0140494
-0.0130907
-0.0138848
-0.0144602
0.0245742
-0.0186431
-0.0123812
-0.0251182
0.0173268
-0.0128324
-0.0103884
-0.0012138
0.0063976
-0.0079783
0.0164626
-0.0267157
-0.0232728
-0.0158236
0.0160788
0.0040591
-0.0055851
0.0103196
0.0297829
0.0220966
0.0091333
-0.0223890
0.0058553
-0.0176502
-0.0228070
-0.0054946
0.0077648
-0.0031313
-0.0217415
0.0212130
-0.0169020
-0.0233057
0.0172813
-0.0184058
0.0144253
0.0141655
-0.0141906
-0.0126987
-0.0023441
0.0086970
-0.0145281
-0.0047718
-0.0217298
0.0151097
0.0117137
0.0197391
-0.0141982
-0.0025326
0.0085917
0.0077791
-0.0055007
-0.0026971
0.0098473
0.0096971
0.0240178
0.0347313
-0.0215653
-0.0318278
-0.0269222
-0.0266107
-0.0448275
-0.0278959
-0.0008333
0.0028631
0.0079190
0.0052038
0.0032116
0.0357183
0.0801353
0.0549270
0.0266410
0.0538134
0.0099816
0.0160781
-0.0331379
-0.1262611
-0.1944435
-0.1902520
-0.1042491
0.0958352
0.2352254
0.2797038
0.1895416
0.0067825
-0.1150916
-0.1435763
-0.0969623
-0.0780476
-0.0599530
-0.0610482
0.0086728
0.0135418
0.0310127
0.0236989
0.0143556
0.0402519
0.0525466
0.0320861
0.0378688
0.0001738
0.0144519
-0.0432957
-0.0214935
-0.0299976
-0.0243660
-0.0315046
-0.0038618
-0.0062349
0.0159961
0.0390980
-0.0010045
0.0069107
0.0030496
0.0066956
-0.0035771
0.0063769
-0.0043807
0.0060031
0.0043936
-0.0221542
-0.0099605
0.0065993
-0.0256456
-0.0121083
0.0159607
0.0129176
0.0024670
0.0184616
0.0222468
0.0262533
-0.0144074
0.0039223
0.0100804
-0.0273458
0.0198568
0.0002447
0.0155594
-0.0167687
-0.0033312
-0.0184203
0.0058663
0.0030227
0.0089662
0.0148822
-0.0119227
0.0146759
-0.0141252
-0.0266907
-0.0157051
-0.0229302
-0.0045636
-0.0177209
-0.0156953
-0.0171024
0.0070961
0.0072800
-0.0082361
-0.0030996
0.0067332
0.0155795
-0.0013500
0.0232517
-0.0221692
-0.0061774
0.0196316
0.0133751
0.0023281
-0.0077838
0.0237490
-0.0171652
-0.0011147
-0.0304532
0.0031961
0.0006846
0.0256046
-0.0160904
0.0045612
0.0221390
0.0116016
-0.0224754
0.0026367
0.0119645
0.0012239
0.0054842
-0.0167107
0.0128057
0.0055824
0.0150956
0.0082216
-0.0126403
0.0029188
-0.0010183
0.0178079
-0.0199438
-0.0261704
0.0011539
0.0133337
0.0232567
0.0007514
-0.0089895
0.0036491
0.0065071
0.0162305
-0.0040592
0.0011135
-0.0239901
0.0091966
-0.0031666
0.0181868
0.0208543
-0.0190583
-0.0060961
0.0081023
0.0014098
0.0167052
-0.0045374
-0.0195988
-0.0100852
-0.0006671
0.0183268
-0.0278466
-0.0080341
-0.0227542
0.0165631
0.0011411
-0.0256501
0.0094647
0.0015738
0.0277945
0.0150442
0.0059150
0.0024585
0.0200713
-0.0235691
-0.0109398
0.0090749
0.0026748
0.0189026
0.0033753
0.0181169
-0.0247395
-0.0304392
0.0196235
0.0040086
0.0056889
0.0201758
0.0107912
0.0031231
-0.0129510
0.0222286
-0.0194022
-0.0081646
-0.0144868
-0.0000459
-0.0062898
-0.0143537
-0.0193401
-0.0195907
-0.0176664
-0.0079202
0.0024724
-0.0042628
0.0166391
0.0007646
-0.0061084
0.0278434
0.0062988
0.0203010
-0.0157204
-0.0032835
-0.0003419
0.0168941
0.0058444
0.0137384
0.0000864
0.0160383
-0.0282632
0.0155395
0.0212868
0.0159704
-0.0271515
-0.0210956
-0.0249962
-0.0099847
0.0168828
0.0153704
0.0074562
0.0250404
0.0203194
0.0171615
-0.0052795
0.0058971
-0.0279583
-0.0098592
-0.0161607
0.0071857
0.0080359
-0.0025133
0.0030661
-0.0098466
0.0341838
0.0399130
0.0003462
-0.0137801
0.0209355
0.0298470
0.0265122
0.0205155
-0.0129481
-0.0309530
-0.0269798
-0.0242988
-0.0231466
-0.0432579
0.0097373
0.0034464
0.0141531
0.0385468
0.0345274
0.0302193
0.0626054
0.0462945
0.0231742
0.0184031
-0.0526401
-0.1122531
-0.1378526
-0.2209964
-0.1162039
0.0203736
0.2066285
0.2804589
0.2348494
0.0905024
-0.0696615
-0.1210377
-0.1262751
-0.1071267
-0.0898016
-0.0572965
-0.0170160
0.0122864
0.0185179
0.0202846
0.0591335
0.0320533
0.0328033
0.0215927
0.0223499
0.0000047
-0.0069713
-0.0269528
-0.0167560
-0.0338356
-0.0333170
0.0169446
0.0169555
0.0061367
-0.0011075
-0.0012167
0.0045000
-0.0121179
0.0012568
0.0111314
-0.0117547
-0.0158245
-0.0194255
-0.0032550
0.0095172
0.0112943
0.0129127
0.0041899
-0.0145456
-0.0045399
0.0006583
-0.0162935
-0.0204424
-0.0128339
0.0165331
-0.0243582
0.0193928
-0.0172607
-0.0142180
0.0205582
-0.0037476
-0.0060889
0.0056808
0.0139249
-0.0270226
0.0133155
0.0205244
0.0114887
0.0120391
-0.0280652
-0.0232164
0.0294743
-0.0209219
-0.0092841
-0.0034244
-0.0065770
0.0221364
-0.0162810
-0.0194679
-0.0282022
-0.0297463
-0.0003087
0.0252326
-0.0094534
0.0200839
-0.0038770
-0.0113796
0.0220509
-0.0052339
-0.0082408
-0.0170072
-0.0087852
0.0211141
0.0241959
-0.0268184
-0.0297462
-0.0266544
-0.0173921
-0.0131566
-0.0055038
0.0019517
0.0076891
0.0105843
-0.0135818
-0.0131345
-0.0197439
0.0075419
-0.0278151
0.0074789
0.0156327
-0.0057439
0.0219687
0.0169658
-0.0260535
0.0199869
0.0173326
0.0101487
-0.0248971
-0.0218767
0.0222351
0.0158303
0.0276282
-0.0216521
0.0139421
0.0106480
0.0052845
0.0190227
-0.0002971
0.0033873
0.0240920
0.0089829
0.0124826
0.0179589
-0.0105606
-0.0238996
0.0143229
-0.0256874
0.0134592
0.0199777
-0.0138652
0.0169222
-0.0205793
0.0128150
-0.0057053
0.0014090
0.0045496
-0.0100611
-0.0217692
0.0086667
0.0083790
0.0154401
-0.0208028
0.0187074
-0.0015371
-0.0103906
-0.0056793
0.0054731
-0.0188583
-0.0101356
-0.0088582
0.0199315
0.0110081
-0.0050721
-0.0292411
-0.0075041
0.0080340
-0.0184800
-0.0211157
0.0134133
-0.0189414
-0.0004110
-0.0245161
0.0131746
-0.0102133
-0.0211271
-0.0127122
0.0012169
0.0149817
0.0176507
-0.0033137
-0.0170168
-0.0043458
-0.0181081
0.0153279
0.0050998
0.0293126
0.0172934
-0.0175720
0.0101511
-0.0056003
