-0.1057451
-0.0774731
-0.0457047
-0.0272867
0.0836354
-0.0590254
0.0762633
0.0527171
-0.1054162
-0.0840335
-0.1025881
0.0185939
0.0224760
-0.0059236
-0.1083715
0.0280359
0.0324575
-0.0571691
-0.0744416
0.0673217
0.1030981
0.0031368
0.0825918
0.0850182
-0.0406481
-0.0865457
0.0118033
0.0388636
-0.0538048
-0.0179725
0.0035631
0.0361055
0.1067001
-0.0330801
-0.0477442
0.0989385
0.0304282
0.0345771
-0.0908109
-0.0772810
0.0521604
-0.0173910
-0.0095283
0.0303542
0.0461401
-0.0446779
-0.0129337
-0.0429412
0.0840759
-0.0007248
0.0799512
-0.0157980
0.0814457
-0.0414957
0.0337462
0.0015555
-0.0104055
-0.0412482
0.0384508
0.0456790
0.0103039
-0.0977997
-0.0941512
-0.0052998
0.0516982
-0.0157463
0.0963533
0.0823342
0.1628615
0.1642042
0.0390004
-0.1493267
-0.2522410
-0.2625602
0.0791381
0.1089359
0.0875095
0.0855928
0.0829454
-0.0409699
-0.0126682
0.1044133
0.0183132
-0.0359656
-0.0526652
0.0468810
-0.0724470
-0.0455473
0.0752587
-0.0509695
-0.0967703
-0.0152881
-0.0054504
0.0082925
0.0838741
-0.0493150
0.0137172
0.0232696
0.0128564
-0.1001823
-0.0612339
0.0459159
0.0560220
0.0249625
-0.0719420
0.0057364
0.0127491
0.0413265
0.0204110
-0.0748174
-0.0996138
-0.0372514
0.0193481
0.0322820
-0.0085494
-0.0364461
-0.0597701
0.0607025
-0.0003934
0.0137242
-0.0185761
0.0383914
-0.0611160
-0.0223822
0.0379979
0.1003640
0.0896042
0.0513809
-0.0642622
0.0169715
0.0859422
0.0755848
-0.0098452
0.1043203
-0.0510056
-0.0450201
-0.0493605
-0.0343646
0.0511932
0.0651794
0.0912950
0.0135213
-0.0302357
0.0612892
-0.0751262
0.0243849
0.0753709
-0.0571270
-0.1010891
0.0745682
-0.0647245
-0.0008745
-0.0626898
0.1030041
0.0348425
0.0982863
0.0066710
-0.0686384
0.0281555
-0.0753291
-0.0504900
0.0640898
-0.0310764
-0.0365910
0.0853214
0.0521482
0.0866276
-0.0566276
0.0844435
0.0504520
0.0227432
-0.0686209
0.0700341
0.0023338
-0.0218670
-0.0407957
0.0165567
-0.0432339
-0.0435133
0.0546550
0.0281731
0.0465571
0.0310848
0.0366916
0.0755306
0.0727412
0.0078986
-0.0986516
0.0110203
0.0533689
-0.0749910
-0.0879857
0.0519979
0.0769742
-0.0211152
-0.0255153
0.0459572
0.0883714
0.0992788
0.0742773
-0.0413951
-0.0091559
-0.0879511
0.0248326
0.0119765
-0.0364240
-0.0366646
0.0142456
0.0670042
0.0750960
0.0070360
0.0178927
0.0799957
0.0196496
0.0546644
0.0640473
-0.0202145
0.0014499
-0.0116991
0.0920794
0.0794513
-0.0664244
-0.0772947
0.0417674
-0.0315922
-0.0763368
0.0446159
-0.0258754
0.0833554
0.0092570
-0.0641728
-0.0256509
-0.0494441
0.0733076
-0.0046201
0.0174988
0.0732525
-0.0727026
0.0006275
0.0978107
0.0349601
-0.0053233
0.0671900
0.0166730
-0.0614754
0.0706900
0.0912004
0.0649270
-0.0349114
-0.0353577
0.0730655
-0.0040984
0.0130506
0.0244323
-0.0412842
-0.0621537
0.0417830
0.0622835
-0.1076516
-0.0728488
0.0804801
-0.0269387
0.0242774
-0.0171572
0.1104626
-0.0364543
0.0717655
0.0775372
-0.1025382
0.0394578
0.0971484
0.0433389
0.0102579
-0.0093717
-0.0107365
0.0946189
0.0366952
-0.0590073
-0.0093392
0.0102877
-0.0074849
0.0110290
-0.0071849
-0.0546855
0.0920916
-0.0020463
-0.0459382
0.0386863
-0.0159444
0.0622167
0.0474181
0.0272278
-0.0303589
-0.0330621
-0.0497557
0.1121020
0.0410361
0.0538716
-0.0596252
0.0016391
0.0203067
-0.1121247
0.0386466
-0.0026606
-0.0729517
-0.0224368
0.0076104
0.1163155
0.1106831
0.2211208
0.1429092
0.0969150
-0.2741897
-0.2447745
-0.1143397
-0.0642459
0.1583555
0.0375726
0.1013222
-0.0002964
0.0474277
0.0669565
0.0692745
0.0307766
0.0446742
-0.1095664
-0.1027778
-0.0597690
0.0193887
-0.0921429
-0.0134020
-0.0079823
0.0177635
-0.0882084
0.0808920
-0.0171367
0.0100435
-0.0870974
-0.1002273
-0.0165294
0.0031697
-0.0994738
0.0630255
-0.0093295
0.0908407
-0.0687727
-0.0751690
0.0936522
-0.0692379
0.0257752
0.0262815
-0.0694367
0.0346308
-0.0021855
0.0191883
-0.0803332
-0.0893017
-0.0369488
-0.0292431
0.1025228
-0.0196795
-0.0558151
-0.0909725
-0.0136377
0.0079141
-0.0682284
-0.0850421
-0.0991107
-0.0358573
-0.0421854
0.0401282
0.0811068
0.0180972
-0.0318577
-0.0474632
0.0680811
0.0653170
-0.0850390
0.0043000
0.0132955
-0.0427319
0.0181714
-0.0365574
-0.0929855
-0.0319346
-0.0969570
-0.0504118
0.0096142
0.0696379
0.0939557
-0.0479612
-0.0822143
-0.0141264
0.0077534
0.0407809
0.0201001
-0.0098559
-0.0126504
-0.0212460
0.0634390
0.0630904
-0.0130869
0.0628380
0.0689217
-0.0326950
0.0302396
0.0012013
-0.0797592
0.0965794
-0.0323347
0.0463567
-0.0716366
-0.0587795
0.0161590
0.0685133
-0.0777563
-0.1111849
0.0782178
-0.0504456
-0.0065236
-0.0195293
-0.0238403
0.0784033
-0.0542170
0.0482203
0.0832411
-0.0832809
0.0697427
-0.0010981
-0.1038426
-0.0865269
-0.0255119
0.0178618
0.0329801
0.0632744
-0.0911583
0.0299000
0.0564424
-0.0448666
0.0112674
-0.0689044
-0.0932012
0.0326996
0.0088106
-0.0813125
-0.0537868
-0.0349582
-0.0865613
0.0025979
0.0738989
-0.0121501
-0.0862856
-0.0706239
-0.0697553
-0.0207324
-0.0920973
-0.0500266
0.0048942
-0.0104064
0.0830761
0.0124156
0.0552734
-0.0503379
-0.0303483
-0.0941227
-0.0530597
-0.0812605
0.1040349
0.0673939
0.0933991
-0.0598860
0.0063137
0.0570195
0.0492714
0.0710525
0.0778902
0.0151649
0.0408705
-0.0355912
-0.0668567
0.0198598
0.0507518
-0.0213202
-0.0721003
0.0174432
-0.0759711
-0.0125520
0.0670715
0.0237085
0.0060391
0.0359891
-0.0646795
-0.0264816
-0.0964641
0.0707855
0.1020787
-0.0785096
-0.0272975
-0.0324459
0.0706153
-0.0830728
0.0230221
0.0198213
-0.0116876
-0.0856596
0.0574447
0.0507336
-0.0602477
-0.0376935
0.0090030
-0.0507869
0.0482508
-0.0479294
-0.0490826
0.0479539
-0.0392656
-0.0131622
-0.0555307
0.0846931
0.0248525
-0.0674423
-0.0530583
-0.0839972
0.0818539
0.0539420
0.0582392
-0.0772477
0.0144429
-0.0579759
0.0958618
0.0672380
0.0475143
0.0876731
0.0443801
-0.0827804
0.0763008
-0.0616209
0.1238154
0.0113223
0.0308540
0.0152050
-0.0106936
-0.0655678
-0.1205405
-0.0984499
-0.1132619
0.0442922
-0.0138528
-0.0538508
0.0276099
0.1601769
0.3393572
0.3305890
-0.0746426
-0.1482246
-0.4104877
-0.1932277
-0.0650587
0.0399368
0.2112008
-0.0191180
0.0210924
0.1075993
-0.0112440
-0.0114608
-0.0612344
-0.0500527
0.0073660
-0.0402060
0.0402493
-0.0014033
-0.0134112
0.0838902
0.0006492
0.0697322
-0.0961732
-0.0572902
0.1188704
0.0841696
0.0336071
-0.0970830
0.0773204
-0.0654511
-0.0007728
0.0859100
-0.0242563
-0.0217305
0.0546780
-0.0837177
0.0749844
0.0749552
-0.0866953
-0.1047313
0.0004017
0.0533495
-0.0115116
0.0909413
0.0882814
-0.1026099
-0.0582793
-0.0927309
0.0033910
0.0039521
-0.0653503
0.0101913
-0.0406468
-0.0601635
0.0118588
-0.0732712
0.0267693
-0.0752985
0.0608853
0.0748883
-0.0425705
-0.0575641
0.0831772
0.0094352
-0.0113825
0.0023196
-0.0389121
0.0647477
0.0599678
0.0219811
-0.0022265
0.0885614
0.1019524
-0.0511204
-0.0623999
-0.0268496
-0.0371020
0.0711282
0.1023150
0.0830647
-0.0093184
0.0731983
-0.0291190
0.0498499
0.0326268
0.0906548
0.0471849
0.0318643
0.0190683
0.0087756
0.0147314
0.0314421
-0.0716346
0.0576463
0.0867269
-0.1023868
0.0537798
0.0351574
0.0801438
-0.0896081
-0.0530694
-0.0728894
-0.0555333
0.0658440
-0.0834764
0.0708391
-0.0389672
-0.0741313
-0.0291912
0.0021079
0.0211458
-0.0115751
0.0169703
-0.0656794
-0.0768867
0.0854649
0.0029813
0.0888926
-0.0756483
0.0653089
-0.0985870
0.0202269
-0.0444380
-0.0609693
-0.1037482
0.0587688
0.0170804
-0.0369193
0.0325341
0.0630131
0.0597109
-0.0149690
-0.0554243
-0.0365032
-0.0827318
0.0594777
-0.0092889
0.0181055
-0.0277829
-0.0497969
-0.0805464
-0.0933001
0.0428170
0.0339121
0.0860241
0.0568918
-0.0222246
0.0782275
0.1100197
0.0930908
-0.0826500
-0.1075392
-0.0872354
-0.0409135
0.0998230
-0.0238935
-0.0463266
0.0695866
0.0438381
0.0987818
0.0090458
-0.0322526
0.0106426
0.0921849
0.0591346
0.0986065
0.0411390
-0.0981615
-0.0507242
-0.0582164
-0.0329693
-0.0904879
-0.0000904
0.0296343
-0.0688303
-0.0008100
0.0079598
0.0512666
0.0092688
0.0079678
-0.0019925
0.0008880
0.0164925
-0.0652421
0.0446100
-0.0510973
0.0423651
-0.0264104
0.0175222
0.0807265
0.0258414
0.0510500
-0.0227394
-0.0235877
-0.0723282
-0.0756549
0.0266421
0.0224490
-0.0117148
0.0929875
-0.0140450
0.0998977
0.0849125
-0.0266587
0.0902830
0.0107703
0.0544387
-0.0337479
-0.0692651
-0.0195878
0.1009824
-0.0138426
0.0984388
0.0577633
0.0516119
0.0277753
-0.0424172
0.0223146
-0.0939676
-0.0900911
-0.0753141
0.0098636
-0.0939505
0.0487560
-0.0192383
0.0200745
-0.0282889
-0.0079570
0.0324466
-0.0430008
0.0740470
-0.0472227
-0.0093219
-0.1347775
-0.1610116
-0.0742661
-0.1361563
-0.0778386
0.0098385
0.0937187
0.3787482
0.1466963
-0.0307431
-0.2850340
-0.4116941
-0.1939825
-0.0444022
0.1934151
0.0379727
0.0790053
-0.0825809
0.0502277
0.0502575
-0.0116331
0.0166833
-0.0854146
0.0601696
-0.0472873
-0.0461940
0.0483698
-0.1039686
-0.0091739
0.0852117
-0.0119157
0.0143272
0.0943979
-0.0391328
0.0704324
0.1011987
0.0387291
-0.1002354
0.0574649
0.0423783
0.0478555
0.0757820
0.0730049
0.0520157
-0.0648204
0.0237820
0.0726577
0.0278870
0.0668101
0.0943009
0.0333274
-0.0243977
0.0504034
0.0463907
-0.0024146
0.0676253
-0.0515506
-0.0054625
0.0244766
0.0265682
0.0949426
0.0178207
-0.0702153
0.1074303
0.0419511
0.0637354
-0.0838711
0.0766538
-0.1019019
0.0067750
0.0148742
-0.0575100
0.0851107
-0.0396721
0.0002913
0.0352415
0.0794700
-0.0437338
0.0903225
0.0079128
-0.0109597
0.0203481
-0.0922580
0.0181457
0.0930595
-0.0895644
0.0464967
0.0332140
0.0184629
-0.0325136
-0.0946248
0.0385897
-0.0513382
-0.0608551
0.0523635
0.0730501
-0.0528525
0.0187517
0.0541480
0.0963588
-0.0057427
0.0178405
0.0026734
-0.0122316
-0.0590952
-0.0878312
-0.0949011
0.0891622
-0.0584794
0.0510786
0.0689660
0.0593201
-0.0127368
-0.0528961
0.0494238
-0.0867095
0.1046690
-0.0601719
-0.0972260
-0.0031265
-0.0709168
-0.0270571
-0.0386305
-0.0006946
-0.0635083
-0.0974505
0.0858387
-0.0774965
-0.0506192
0.0047511
0.1004840
-0.0523877
0.0787490
0.0127626
-0.0711355
-0.0316513
0.0002170
0.0285749
0.0017079
-0.0692652
-0.0043568
0.1073051
-0.0584475
0.0571579
0.0755212
0.0999215
0.0133975
-0.0399237
0.0423789
0.0348454
0.0291915
-0.0395060
0.0904175
-0.0793510
0.0869267
0.0106003
0.0773760
0.0995613
-0.0168928
-0.0477507
0.0646179
-0.0287097
-0.0388209
0.0812518
-0.0941580
-0.0287756
-0.0694581
0.0566158
-0.0403327
0.0815942
0.0185565
0.0154538
0.0532895
0.1005919
0.1071413
0.0308742
-0.0675657
-0.0347634
-0.0155249
0.0439229
0.0663401
-0.0586633
-0.0869798
0.0990723
-0.0428578
0.0211799
-0.0043126
-0.0925932
-0.0839413
-0.0945598
-0.0905664
0.0041478
-0.0046017
0.0891331
0.0814712
-0.0211394
0.0519369
-0.0809770
0.0023639
0.0438889
-0.0091866
0.0387118
0.0106929
0.0877287
-0.0333514
-0.0562242
0.0655785
-0.0042037
0.0268206
-0.0538799
-0.0352688
-0.0384408
0.0539983
-0.0569880
0.0633644
0.0357258
-0.0961925
-0.0907081
0.0986771
0.0974286
0.0754287
-0.0953021
0.0136346
-0.0007615
-0.0802230
0.0807240
-0.0753078
-0.0288570
-0.0459816
0.0823876
-0.0844855
0.0870927
0.1169972
-0.0379363
-0.0278739
-0.0613210
0.0777139
0.1008509
0.0858762
-0.1161929
-0.1328978
-0.1497835
-0.1593568
-0.0125976
-0.1103968
-0.1478760
0.0183810
0.0672280
0.2980143
0.2509172
0.0391166
-0.2779588
-0.3547799
-0.2341789
-0.1143867
0.1147445
0.1831228
0.0890726
0.1109645
0.0947143
0.0475378
0.0451208
-0.0836826
-0.1209482
0.0709103
-0.0115744
0.0179491
-0.0876357
0.0116380
-0.0690855
-0.0008328
-0.0290016
0.1043453
0.0978496
0.0130175
0.0888393
-0.0974394
0.0331939
0.0690529
0.0974944
-0.0832081
0.0409836
-0.0623932
-0.0673395
0.1012076
0.0500592
0.0256584
-0.0826042
-0.0993396
-0.0903745
-0.0370496
-0.0402151
-0.0157355
0.0629766
-0.0655875
-0.0453099
-0.0840580
0.0243709
0.1062888
-0.0923028
-0.0667826
0.0684945
-0.0086682
0.0438565
-0.0547065
0.0833283
0.0153089
0.0659230
-0.0592108
-0.0649337
0.0099621
-0.0883355
0.0106937
-0.0357571
-0.0081543
-0.0647509
0.0319280
-0.0395448
0.0713017
-0.0364648
-0.0243564
0.0656914
-0.0732917
-0.0647789
-0.0180909
0.0623261
-0.0641138
-0.0982483
0.0959239
-0.0111205
0.0895927
-0.0987727
0.0129405
-0.0161488
-0.0342564
-0.0503625
0.0604899
-0.0726455
0.0774581
-0.0220270
0.0271795
0.0438378
0.0786002
0.0992800
0.0124312
0.0382052
-0.0187163
0.0403340
0.0096014
-0.0242148
0.0764818
-0.0222401
-0.0521556
-0.0407150
-0.0168254
0.0955298
-0.0402482
-0.1105282
-0.0948099
0.0704168
0.0731653
0.0608837
0.0112813
0.0174926
-0.0250672
0.0426261
0.1008546
-0.0179911
0.0795981
-0.0764733
-0.0075288
0.0911609
0.0236037
0.1154990
0.0676261
0.0791660
-0.0508088
-0.0668426
0.0832020
0.0689505
-0.0199613
0.0620214
0.1080436
0.0498424
-0.0935990
0.0318769
0.0117436
0.0780365
0.0226462
0.0078632
-0.0077364
0.0457441
-0.0895299
-0.0894847
0.0150505
0.0038026
0.0921165
-0.0260501
0.0983754
-0.0565371
-0.0306664
0.0583495
0.0299929
0.0621850
-0.0899008
0.0410022
-0.0685986
-0.0520470
0.0126257
0.0201776
0.1049423
0.0000626
-0.0818473
0.0147885
-0.0550384
-0.0929395
-0.0719769
-0.0680554
-0.0833272
-0.0393824
0.0708909
0.0683277
0.0287027
-0.0380673
0.0573427
0.0544018
0.0436876
-0.0835840
0.0163904
0.0293325
0.0559618
0.0590244
0.0679678
-0.0625131
-0.1019838
0.0973282
0.0276080
-0.0992397
-0.0609990
0.0802995
0.0679713
-0.0000963
-0.0858761
0.0977838
0.0389568
0.0380783
0.0095754
-0.0337733
0.0580487
0.0023965
0.0376395
-0.0582084
-0.0482305
-0.0326511
0.0497614
0.1048250
-0.0196422
0.0721919
-0.0399287
0.0755453
0.0935251
-0.0415717
0.0298424
-0.0146856
