-0.0036456
0.0202102
0.0200347
0.0484124
0.0620560
0.0656641
0.0124023
0.0003589
-0.0474310
-0.0954617
-0.1921012
-0.1978025
-0.1281080
-0.0028317
0.2103983
0.2766234
0.2201092
0.1102515
-0.0334835
-0.1115874
-0.1397832
-0.1205040
-0.0516023
-0.0236514
-0.0214493
0.0021434
0.0535867
0.0115144
0.0597706
0.0358691
0.0409841
0.0231988
0.0213754
0.0136412
-0.0274688
-0.0244404
-0.0461653
-0.0411462
-0.0150012
-0.0131794
-0.0211993
0.0252401
0.0206520
-0.0139689
0.0046041
0.0088650
-0.0110388
0.0090413
0.0201703
-0.0034706
0.0092212
0.0042951
-0.0148092
-0.0268196
0.0202675
-0.0242106
-0.0042692
0.0133418
0.0113864
0.0045622
-0.0165114
-0.0089208
-0.0021015
-0.0213611
0.0075414
-0.0375181
0.0126515
-0.0290206
0.0154997
-0.0039373
0.0202452
-0.0181463
0.0179228
-0.0226832
-0.0132989
0.0108568
-0.0293084
-0.0113497
-0.0067302
0.0147687
-0.0122832
-0.0036899
0.0083251
0.0081328
0.0005526
0.0028033
0.0109137
-0.0205313
-0.0013840
-0.0190381
-0.0065538
-0.0138962
-0.0208145
-0.0190211
0.0134636
-0.0194375
0.0116279
0.0011091
0.0130724
-0.0251676
0.0020945
0.0009775
-0.0251151
-0.0010605
0.0114576
0.0085229
0.0014515
0.0031732
-0.0189272
-0.0258211
-0.0342122
0.0098482
0.0071226
0.0299336
0.0032873
-0.0013639
-0.0194478
-0.0103770
-0.0048944
0.0288939
-0.0263335
0.0113800
-0.0093039
-0.0143139
-0.0188975
0.0037497
-0.0241091
0.0081705
-0.0057038
0.0097782
0.0355745
-0.0238002
0.0028934
-0.0048450
0.0182434
-0.0015468
-0.0227386
-0.0281620
0.0045712
-0.0271952
0.0099489
0.0084534
0.0131933
0.0100917
0.0026232
-0.0207219
0.0049383
-0.0168453
-0.0209977
0.0094835
0.0063811
0.0175994
0.0198592
-0.0158377
0.0128616
-0.0232748
-0.0122133
-0.0058781
0.0092694
-0.0142871
-0.0047046
0.0277934
-0.0016419
0.0289008
0.0181196
0.0051092
0.0154356
0.0110932
0.0191918
-0.0195258
-0.0079766
0.0099647
-0.0152652
0.0176153
0.0087815
0.0015398
0.0011475
0.0033621
0.0198952
0.0063942
0.0086068
-0.0340522
-0.0233748
-0.0443941
-0.0401407
-0.0272140
-0.0256833
-0.0167799
0.0104571
-0.0092628
0.0241998
0.0211718
0.0716900
0.0403672
0.0517901
0.0116670
0.0150549
-0.0328539
-0.0927252
-0.1472407
-0.1818753
-0.1445650
0.0162546
0.1660318
0.2616051
0.2674546
0.1059150
-0.0622998
-0.1493794
-0.1403115
-0.0866455
-0.0553050
-0.0558185
-0.0337108
0.0237133
0.0390816
0.0208647
0.0239844
0.0674329
0.0093539
0.0230699
-0.0211142
-0.0140427
-0.0316904
-0.0174259
-0.0071612
-0.0192316
-0.0396816
0.0042046
-0.0048800
-0.0047137
0.0027885
0.0267697
-0.0118128
0.0059923
0.0231719
0.0123832
-0.0147855
0.0144711
0.0022531
0.0247926
-0.0227450
-0.0358103
-0.0239394
-0.0180029
-0.0047345
0.0196142
0.0260830
-0.0062734
0.0095018
0.0081797
0.0090241
-0.0060194
-0.0097085
0.0044772
-0.0164848
0.0117282
-0.0044092
0.0115944
-0.0092157
-0.0344375
0.0142326
-0.0121757
0.0091401
0.0043465
0.0240354
-0.0139284
0.0119998
-0.0232801
0.0239652
-0.0014611
-0.0219790
-0.0146048
-0.0272467
0.0077604
-0.0001856
-0.0242003
0.0303467
0.0029207
-0.0053719
-0.0017783
0.0085058
-0.0206410
0.0038756
-0.0184804
0.0214608
0.0098819
-0.0144797
0.0041914
-0.0091151
-0.0042087
0.0182276
-0.0282661
0.0025645
-0.0234539
-0.0223213
0.0219461
0.0231131
0.0148479
-0.0263855
-0.0122539
-0.0082430
0.0149539
0.0094569
-0.0112249
0.0028426
-0.0189155
0.0046700
-0.0166703
0.0018121
0.0135245
-0.0115077
0.0235238
0.0246252
-0.0270514
-0.0218882
-0.0058600
-0.0141314
0.0202165
-0.0134057
-0.0131737
-0.0017448
0.0001164
-0.0223039
0.0009959
0.0090970
-0.0074666
-0.0079327
-0.0172396
-0.0295277
-0.0135178
0.0204584
-0.0066108
0.0122401
-0.0037830
0.0280292
0.0172220
-0.0033296
-0.0144343
0.0133780
0.0070349
-0.0099962
0.0073633
0.0061156
-0.0066777
-0.0124541
-0.0141664
0.0217189
-0.0089118
-0.0193891
0.0032339
0.0140051
0.0199633
0.0097222
-0.0305645
0.0215764
0.0076347
0.0197102
0.0263350
0.0145130
-0.0195215
0.0055171
0.0154467
-0.0018000
0.0022650
0.0203759
0.0114076
0.0139841
-0.0015833
0.0082817
0.0156652
0.0035069
-0.0133443
0.0135902
-0.0167381
-0.0123480
-0.0110864
0.0323599
0.0285258
0.0364726
0.0205736
0.0009514
-0.0019271
-0.0147191
-0.0335535
-0.0143563
-0.0154316
-0.0163268
0.0072849
-0.0182956
-0.0051660
0.0386233
0.0467499
0.0466461
0.0492872
0.0501458
0.0455090
0.0341989
-0.0057358
-0.0879881
-0.1282997
-0.1840235
-0.2118025
-0.0833589
0.1550423
0.2687309
0.2715593
0.1752715
0.0228558
-0.0944506
-0.1524833
-0.1229650
-0.0675158
-0.0627170
-0.0180349
-0.0086964
0.0153787
0.0313114
0.0342876
0.0421924
0.0158269
0.0151691
0.0189227
0.0237826
0.0132907
-0.0216850
-0.0424694
-0.0124311
-0.0420817
-0.0353648
-0.0076339
0.0032742
-0.0077249
0.0131407
0.0137188
-0.0085803
-0.0119005
-0.0008716
0.0173226
0.0264539
0.0290087
0.0257670
-0.0084130
-0.0196452
0.0179957
0.0023780
-0.0037570
-0.0340304
-0.0067686
-0.0224441
0.0205831
-0.0150547
-0.0135991
-0.0074049
0.0037070
0.0049629
0.0012313
0.0199474
-0.0154059
0.0206448
0.0050032
0.0065843
0.0013021
-0.0235243
0.0199530
0.0179175
0.0143047
0.0049241
0.0213289
-0.0179522
0.0186302
0.0039863
-0.0124747
-0.0086971
-0.0082219
0.0043584
0.0247829
0.0219679
0.0092867
0.0150930
-0.0236433
-0.0059704
-0.0142193
-0.0048393
-0.0232553
0.0247484
0.0048895
0.0212122
-0.0155849
0.0225448
0.0179202
-0.0091496
-0.0065334
0.0223481
-0.0077878
-0.0136936
0.0317377
0.0078004
-0.0120483
-0.0119119
0.0150108
-0.0173196
-0.0164016
-0.0025017
0.0265474
-0.0161673
0.0189183
-0.0156960
0.0236623
0.0034398
-0.0170568
-0.0288412
0.0080232
-0.0129737
-0.0087212
-0.0080037
0.0225727
-0.0239657
0.0025263
0.0066856
0.0070308
0.0017820
0.0247284
0.0023229
-0.0164997
-0.0195754
0.0044008
0.0126267
-0.0278188
0.0126571
-0.0085296
-0.0051386
-0.0089197
0.0170423
0.0017648
-0.0075719
0.0040366
-0.0164371
0.0121452
0.0054989
0.0259880
-0.0219296
-0.0253040
0.0018192
-0.0053863
-0.0226541
0.0203453
0.0020964
-0.0028579
0.0230512
-0.0055828
-0.0015940
-0.0037004
0.0074794
-0.0095979
-0.0107214
-0.0098923
-0.0294416
-0.0228846
-0.0019085
0.0228940
0.0094624
0.0045048
-0.0174728
0.0019116
0.0089599
-0.0115855
-0.0087420
0.0107338
0.0151186
-0.0058227
-0.0074930
0.0133740
-0.0072007
0.0012970
-0.0200227
0.0227468
0.0143785
-0.0149844
-0.0036606
-0.0163880
-0.0081058
0.0264574
0.0146758
0.0192827
0.0199455
0.0115956
0.0427248
0.0204899
0.0183987
-0.0030391
-0.0439076
0.0021253
-0.0099582
0.0024796
0.0024116
-0.0042213
0.0101039
0.0020169
-0.0010656
0.0157375
0.0467089
0.0502169
0.0566312
0.0620469
0.0392148
-0.0333399
-0.0842461
-0.1274117
-0.1785686
-0.1853368
-0.0646060
0.1142047
0.2441308
0.2775886
0.1823084
0.0401847
-0.1255342
-0.1279421
-0.1045858
-0.0994643
-0.0584505
-0.0536404
-0.0239356
0.0355455
0.0326453
0.0320922
0.0603305
0.0284306
0.0466931
0.0411042
0.0341671
0.0229105
0.0089255
-0.0246667
-0.0212716
-0.0118504
-0.0260415
0.0142192
0.0052354
-0.0177738
0.0019463
0.0032376
0.0211082
-0.0011871
0.0130391
0.0238532
-0.0138607
-0.0156768
0.0190179
0.0157858
-0.0158358
-0.0033444
-0.0108809
-0.0167163
-0.0251203
0.0018335
-0.0267765
-0.0094031
-0.0056379
0.0311901
0.0266908
0.0034830
0.0137262
-0.0196386
0.0156219
-0.0207216
0.0112938
-0.0097302
0.0126704
0.0095453
-0.0209599
-0.0047767
-0.0214333
0.0099130
-0.0184838
0.0042772
-0.0004071
0.0171480
-0.0098500
0.0088385
0.0216757
0.0102160
-0.0040161
0.0033017
0.0111764
0.0000491
0.0189380
0.0096594
0.0201451
-0.0023477
-0.0276292
-0.0254368
0.0250554
0.0076491
0.0058844
-0.0088993
0.0179028
-0.0256088
0.0190013
-0.0012488
-0.0099299
0.0098011
-0.0061536
-0.0095686
0.0209885
0.0135981
0.0155734
0.0103696
0.0039014
-0.0123651
0.0181106
0.0169962
0.0285207
-0.0079168
-0.0140263
-0.0353017
-0.0265336
-0.0015369
-0.0077044
0.0319773
-0.0035214
0.0182210
0.0052362
0.0012969
-0.0238545
-0.0157890
-0.0016119
0.0220186
-0.0210453
-0.0286544
-0.0130912
-0.0177276
-0.0094383
-0.0214285
0.0160211
0.0052205
-0.0047689
0.0179403
0.0005240
0.0103521
-0.0144839
-0.0197505
0.0286468
-0.0204853
0.0040299
0.0194342
-0.0229790
0.0069649
-0.0197690
0.0161309
0.0034363
-0.0066936
0.0043821
0.0132953
-0.0132450
0.0045970
-0.0137029
-0.0170899
0.0057889
0.0170146
0.0155781
0.0130250
-0.0023633
-0.0054947
0.0047524
0.0086872
-0.0185520
-0.0089409
-0.0135148
-0.0076054
0.0004820
-0.0253516
-0.0281752
0.0091057
0.0000525
-0.0241241
0.0054999
-0.0208570
-0.0124337
0.0241791
-0.0150228
0.0053282
0.0122365
-0.0077888
-0.0021356
0.0183867
0.0021086
0.0012487
-0.0248890
-0.0347020
-0.0191308
0.0157465
0.0183186
-0.0061609
0.0146340
-0.0180039
0.0208819
0.0367937
0.0114593
0.0083602
-0.0168927
0.0231171
-0.0302758
-0.0310971
-0.0379304
-0.0351410
-0.0381580
-0.0268997
0.0037273
-0.0144372
-0.0075509
0.0293908
0.0457798
0.0808231
0.0681757
0.0527426
0.0407012
-0.0159434
-0.0127955
-0.1141490
-0.1676101
-0.2246376
-0.1463220
0.0271353
0.2201899
0.3140226
0.2589743
0.1178393
-0.0612611
-0.1262401
-0.0987220
-0.0777964
-0.0938177
-0.0364941
-0.0249746
-0.0165738
0.0214739
0.0544811
0.0448724
0.0325375
0.0212337
0.0013369
0.0076305
-0.0161277
-0.0327795
-0.0306722
-0.0160721
0.0036170
-0.0025604
-0.0368561
-0.0182058
-0.0025283
-0.0131115
0.0268245
0.0159032
-0.0096349
0.0045897
0.0156207
0.0056714
-0.0061565
0.0068876
-0.0091085
0.0140177
-0.0178868
-0.0330378
-0.0370718
-0.0321842
0.0175048
-0.0136299
0.0112134
-0.0123495
0.0119570
-0.0061438
0.0216304
-0.0054344
0.0069895
-0.0061528
-0.0157201
0.0058671
-0.0188441
0.0045733
0.0068108
0.0098403
0.0054531
-0.0250715
0.0081751
0.0246243
-0.0061681
0.0175251
-0.0207910
-0.0187743
0.0069582
-0.0154046
0.0185700
0.0071014
0.0149551
-0.0135181
0.0171798
-0.0190895
-0.0024640
-0.0264372
0.0164809
0.0029080
-0.0168555
0.0063228
0.0312004
0.0274058
-0.0072474
-0.0287310
-0.0115241
-0.0078641
0.0109714
0.0082558
0.0191827
0.0123201
-0.0015318
0.0190406
-0.0116850
-0.0067944
-0.0011295
0.0285108
-0.0009305
0.0291266
-0.0086062
-0.0181423
-0.0030760
0.0060911
-0.0139468
0.0151209
-0.0199472
0.0061034
0.0133572
0.0175480
0.0187919
-0.0165981
0.0053201
0.0143450
0.0058914
0.0226423
0.0183834
-0.0275114
0.0159784
-0.0057948
-0.0081974
-0.0085380
0.0176807
0.0197709
0.0073760
0.0254016
0.0010724
-0.0066211
0.0237877
0.0176856
-0.0180076
0.0025814
-0.0135319
-0.0088220
0.0017291
0.0195212
-0.0276864
-0.0111249
-0.0192240
0.0214322
0.0089649
0.0133811
-0.0122042
-0.0117917
-0.0141753
0.0164120
0.0080291
-0.0207767
-0.0094644
-0.0098162
0.0299097
0.0151835
-0.0188456
0.0176181
-0.0090481
0.0051799
0.0057662
0.0023562
0.0194398
0.0193248
-0.0273291
0.0003708
0.0144509
0.0237577
-0.0173164
0.0003419
-0.0080914
0.0138945
0.0173385
0.0025461
-0.0230714
-0.0103281
-0.0172679
-0.0170464
0.0206791
0.0126119
-0.0108100
0.0018982
0.0249042
0.0066609
0.0088125
-0.0235677
0.0159486
0.0004438
-0.0044619
-0.0288613
-0.0362520
-0.0310783
-0.0056663
0.0208679
0.0009666
0.0266261
0.0311739
0.0353860
0.0319219
0.0080152
-0.0056865
0.0173831
-0.0172261
-0.0266177
-0.0458503
-0.0523029
-0.0081090
-0.0046943
0.0151899
0.0357526
0.0389019
0.0437653
0.0583652
0.0441890
0.0403118
0.0474258
0.0337634
0.0189946
-0.0385148
-0.1230917
-0.1762955
-0.1965844
-0.0971499
0.0815650
0.2219080
0.3098462
0.2226533
0.0554700
-0.0609741
-0.1515935
-0.1057108
-0.0905488
-0.0368903
-0.0492187
-0.0008164
0.0249059
0.0112927
0.0248393
0.0355739
0.0253009
0.0164918
0.0114970
0.0008572
-0.0044112
-0.0078533
-0.0463875
-0.0357769
0.0065232
-0.0174639
-0.0088477
-0.0034487
0.0119291
0.0259566
0.0176751
0.0246744
0.0260393
-0.0013638
-0.0016153
-0.0160066
-0.0056751
-0.0170143
-0.0228986
0.0144049
-0.0340538
-0.0266898
0.0122618
0.0147070
0.0149138
0.0215649
0.0005521
-0.0202361
-0.0015330
-0.0239351
-0.0135476
0.0137589
0.0108365
-0.0102468
-0.0023960
0.0009428
-0.0066992
-0.0260457
-0.0309055
-0.0025267
0.0124426
0.0138858
-0.0091952
-0.0068078
-0.0154346
0.0089359
-0.0179279
-0.0197309
0.0165164
0.0305542
-0.0002457
-0.0231958
-0.0141675
-0.0029210
0.0016598
0.0175922
-0.0218601
0.0156263
0.0085350
0.0259676
0.0322774
-0.0117575
-0.0190655
0.0081837
-0.0295267
0.0191814
-0.0002464
0.0195970
-0.0149352
-0.0234481
-0.0144642
-0.0265924
-0.0153555
-0.0040709
0.0051754
0.0238105
0.0021441
-0.0091285
0.0283742
-0.0179553
-0.0088928
-0.0149307
-0.0110944
-0.0110437
0.0135460
-0.0198188
-0.0181926
0.0027761
0.0271209
-0.0221729
0.0124896
0.0186632
-0.0133741
0.0058860
0.0090094
-0.0253163
0.0227856
-0.0225672
0.0219654
0.0147368
-0.0117255
-0.0251561
-0.0176697
0.0242561
-0.0136491
-0.0134561
-0.0002124
0.0032080
-0.0097382
-0.0080353
-0.0171524
-0.0056612
-0.0209381
0.0181653
0.0295889
0.0076928
-0.0136501
-0.0186521
-0.0171982
-0.0259562
0.0079091
-0.0037820
0.0013260
0.0141861
0.0201542
0.0031121
-0.0122863
-0.0216131
0.0222612
-0.0129043
0.0148014
-0.0062482
0.0120261
-0.0261308
0.0216574
0.0185617
0.0026102
0.0175731
0.0274570
-0.0122055
0.0139020
0.0241780
-0.0041222
-0.0132485
-0.0067482
-0.0188051
0.0036608
0.0045971
0.0171254
0.0076290
0.0003113
-0.0349143
0.0011945
-0.0102558
0.0034330
0.0300622
0.0205221
0.0032384
0.0277642
0.0070329
0.0357567
-0.0203291
0.0135542
-0.0113277
0.0105250
-0.0111383
-0.0302905
-0.0107846
0.0194798
0.0121440
-0.0128879
0.0268974
-0.0079313
0.0056853
0.0013034
-0.0127792
0.0279365
0.0073548
0.0061167
-0.0314928
-0.0078582
-0.0044976
-0.0177898
-0.0384751
-0.0282384
-0.0161887
-0.0066729
