-0.0571926
-0.0387155
0.0691956
0.0240930
0.0210354
-0.0945561
0.0255019
0.0602834
-0.0190297
-0.0786694
-0.0856855
0.0078894
-0.0355049
-0.0814438
-0.0684241
0.0870443
0.0898170
0.0208815
0.0345450
0.0758694
0.0044249
-0.0544840
0.0522977
-0.0887947
0.0157837
0.0844822
0.0347962
0.0622451
0.0637744
0.0945014
0.0032801
-0.1076762
0.0356423
-0.0498235
-0.1099649
0.0048211
0.0097511
-0.0023426
0.0256987
-0.0043705
0.0304908
0.0372055
-0.0886858
0.0265365
-0.0203662
-0.0385810
-0.0581864
-0.0051205
0.0134555
-0.0390087
-0.0488288
0.1870829
0.1411835
0.0234619
0.0236619
-0.2739134
-0.1199739
-0.0830512
0.0083143
0.0594460
0.0201775
-0.0405696
0.0303573
0.0399098
-0.0382201
-0.0410607
0.0982229
0.0841893
-0.0578348
0.0270773
-0.1164934
-0.0422309
0.0175804
0.1055102
-0.0477564
-0.0924391
0.1050477
0.1039890
-0.0158577
0.0218873
0.0816096
0.0396287
-0.0373314
-0.0898340
0.0721115
-0.0256127
0.0926187
-0.0059899
0.0376971
-0.0327821
-0.0533891
-0.0787829
0.0318363
0.0153914
-0.0765328
0.0708977
0.0194265
-0.0465899
0.0873330
0.0302521
0.0835840
0.0389531
-0.0172188
-0.0061194
0.0375681
0.0068569
-0.0201798
-0.0094101
0.0055720
0.0086300
0.0380412
0.1010967
0.0114024
0.0618260
0.1032112
0.0196132
-0.1006136
0.0627802
-0.0622052
-0.0410805
-0.0226288
0.0639532
-0.0691567
0.0030034
-0.0519556
0.0982512
-0.0918100
0.1069001
-0.0989717
0.0474802
0.0780213
0.0562353
0.0706207
-0.0774623
0.1001578
0.0964478
-0.0693644
0.0275246
0.0064518
0.0973092
-0.0463026
-0.0081096
-0.0356635
0.0843462
-0.0675256
-0.0370321
0.0292585
0.0619317
-0.0921525
-0.0337681
-0.1058587
-0.0195734
-0.0570159
-0.0711011
-0.0713875
0.1027768
0.0194403
0.0583333
0.0525130
-0.0647643
0.0797134
-0.0401020
-0.0775026
-0.0545627
0.0935212
-0.0728963
0.0961513
-0.0580966
-0.0881848
0.0829562
-0.0914325
0.0290609
0.0627077
-0.0267348
-0.0796928
-0.0018304
-0.0242017
-0.0734931
-0.0249521
-0.1082944
0.0729508
0.0812985
0.0740738
-0.0474916
0.0432883
-0.0396050
0.1008372
0.0761422
-0.1081514
-0.0731645
0.0733895
0.0080175
0.0428010
-0.0337428
0.0804016
-0.0332701
-0.0872895
0.0576128
0.0284399
0.0331989
-0.0293502
-0.0848542
-0.0604115
0.0065091
-0.0853834
-0.0661000
-0.0435117
0.0821929
0.0405521
-0.0426731
-0.0280315
0.0180820
-0.0736891
-0.0631677
0.0280832
0.0668499
-0.0123346
0.0508454
0.0000268
-0.0793865
-0.0826392
-0.0154359
0.0483675
-0.0035417
0.0318878
-0.1092618
-0.0233523
0.0868508
-0.0664909
0.0288180
0.0086018
0.0883686
0.0863223
-0.1031943
-0.0309718
-0.0096004
0.0353104
-0.0440938
0.0271537
0.0753720
0.0984819
-0.0561429
0.0000927
-0.0870254
-0.1003264
-0.0466199
-0.0467915
0.0394964
0.0862253
0.0403032
0.0642926
-0.0500201
0.0456319
-0.0043774
-0.0050910
-0.0654381
0.0997276
-0.0065113
-0.0697728
0.0245018
-0.0488024
-0.0879413
0.0547080
0.0212276
0.0639949
-0.0038029
-0.0316802
-0.0516983
-0.0025267
0.0533024
0.0939252
-0.0027433
0.0113502
-0.0297541
0.1042659
0.0519811
-0.0795650
0.0101877
0.0893576
-0.0136526
0.0134725
0.0423879
0.0597755
-0.0056635
-0.0533178
0.0264681
0.0718086
0.0267359
-0.0396088
-0.0026620
0.0139699
-0.0464216
-0.0343270
0.0914349
0.0037242
-0.0751250
-0.1276879
-0.0185185
-0.0285428
0.0668012
0.0489153
0.1352085
0.2948946
0.2370486
-0.0861176
-0.1538729
-0.2933281
-0.2030020
-0.0835121
0.1307201
0.0591657
0.0217662
0.1014390
0.0319092
0.1233665
-0.0818424
-0.0218269
0.0796976
-0.0352688
0.0467084
-0.0632922
-0.0298715
-0.0272385
0.0465980
-0.0084916
0.0535682
-0.0896731
-0.0325483
0.0024149
0.0200974
-0.0859800
-0.0193840
-0.0731509
-0.0731183
0.0495193
0.0328209
0.0302607
0.0020683
-0.0176830
0.0229219
0.0803384
0.1003254
-0.0828416
0.0336955
-0.0121805
0.0274935
-0.0914655
0.0623219
-0.0032525
0.0362201
-0.1052064
0.0937364
-0.0847011
0.0935301
-0.0483556
0.0972311
-0.0005995
0.0042960
-0.0465584
0.1003190
0.0312469
0.0315032
-0.0666478
-0.1003686
-0.0716100
-0.0857424
0.0999107
-0.0677258
0.0892218
-0.0826970
0.0217732
0.0509086
0.0098888
0.0408764
-0.0544814
-0.0295915
-0.0144589
0.0330806
-0.0966370
-0.0489797
-0.0830844
0.0699754
-0.0364834
-0.0024161
-0.0811771
-0.0694581
-0.0745798
0.0453645
-0.0962075
0.0852782
0.0709413
-0.0479064
0.0739158
0.0498805
0.0969423
-0.0778444
-0.0761311
-0.0321445
0.0379519
0.0035056
-0.0064312
0.0782033
-0.0654119
0.0038528
0.0472143
-0.0031805
-0.1050163
0.0698058
-0.0362453
0.0894471
-0.0573337
-0.0218260
0.1030555
0.0356285
0.0768146
-0.0233954
0.0538926
-0.0446677
-0.0609214
-0.0008344
0.0594083
0.0593888
0.0364846
0.0804629
0.0094985
-0.0696067
-0.0398683
0.0208126
-0.0741863
0.0733423
-0.0442392
0.0613443
-0.0545078
0.0129622
-0.0906330
0.0293253
0.0943069
-0.0626007
-0.0310084
0.0333774
0.0039562
0.0555206
0.0951568
0.0151856
0.0907272
-0.0576817
-0.0859892
0.0663696
-0.0763470
-0.0899828
-0.0728557
0.0868694
0.1004314
-0.0869753
0.0539884
0.0716423
0.0743571
-0.0072485
-0.0725925
0.0562932
0.0768013
0.0246754
0.0809256
0.0480213
-0.0852513
0.0904327
0.0184615
-0.0104178
-0.0323749
-0.0525295
0.0485536
-0.1038075
-0.0651274
0.0189722
0.0912329
0.0582569
0.1081038
-0.0243251
0.0195919
0.0750355
0.0473042
-0.0774688
0.0343777
-0.0365436
0.0697335
0.0695362
-0.0279521
0.0628845
0.0886076
-0.0248329
-0.0788653
0.0696452
-0.0858468
-0.0525072
-0.0889597
0.0835195
0.0571005
0.0898814
-0.0823091
0.0287110
-0.0798481
-0.0621430
0.0916352
-0.0764963
-0.0123097
-0.0858785
0.0212260
0.0321142
-0.0444071
-0.0213781
0.0304433
-0.0513543
0.0217430
0.0080401
0.0108747
0.0333827
0.0423834
-0.0129452
0.0882070
-0.0614947
-0.0043788
-0.0562061
0.0052553
0.0085650
-0.0607190
0.0257526
-0.0632190
0.0231515
0.0712835
0.0068505
0.0063634
-0.0994811
-0.0713994
0.0636134
0.0191278
0.0543879
0.0543820
-0.0786874
-0.0323044
-0.0363798
0.0031883
-0.0067063
0.0258548
-0.0715630
0.0332940
-0.0167671
-0.0454420
0.0254307
0.0629170
0.1543320
0.2245617
0.2611636
0.0045149
-0.1675982
-0.3314623
-0.1001532
0.0381579
0.2174344
0.0724913
0.1383012
0.0023132
0.0624466
-0.0203739
-0.0697961
0.0386089
-0.0062307
-0.0267567
-0.0771478
-0.1087383
0.0295941
0.0275542
0.0951064
0.0912354
-0.0809689
0.0257707
-0.0423797
-0.0573822
-0.0489434
0.0890795
0.0855484
0.1039761
-0.0414636
-0.1062456
0.0400381
-0.0281585
0.0683598
-0.1061386
-0.0488765
-0.0071680
0.0419819
0.0157321
-0.0631946
-0.0301090
-0.0317190
-0.0469834
-0.0054088
-0.0734758
0.0034919
0.0017980
0.0374875
0.0048698
-0.0311767
-0.0014232
-0.0356705
0.0016184
0.0021449
0.0224639
-0.0814192
0.0170531
-0.0092114
-0.0232629
-0.0799495
0.0531530
-0.0998219
-0.1065679
-0.0273211
0.0337224
0.0952075
0.0361836
-0.0088291
-0.0910065
-0.0675233
0.0795353
-0.0823287
-0.0175627
-0.0561165
-0.0160360
0.0373862
-0.0517724
-0.1004515
-0.0128506
0.0871553
-0.0289425
-0.0818181
-0.0906805
-0.0385220
0.0561150
0.0329220
0.0694446
0.1003925
-0.0589144
-0.0474550
-0.0605827
0.0490539
-0.0994590
-0.0486431
-0.0818539
0.0231989
-0.0756359
0.0674137
0.0307143
-0.0459745
-0.0446640
0.0562243
0.0673615
0.0090633
-0.0491807
0.0037719
0.0819823
-0.0446183
0.0239747
-0.0329400
0.1059073
0.0774348
-0.0880282
0.0249572
-0.0448927
-0.0938980
0.0184122
-0.0303673
-0.0084003
0.0693108
0.0980289
-0.0823552
0.0090923
-0.0955267
0.0680346
-0.0437973
0.0377399
0.0484915
0.0309897
-0.0174150
-0.0085629
-0.0142479
-0.0251885
-0.0236311
-0.0513859
0.0159814
-0.0978787
0.0912954
-0.0629944
-0.0296070
-0.0608473
-0.0219980
0.1060619
-0.0292966
0.0593965
-0.0832218
0.0997948
0.0687460
0.0096007
-0.0611408
0.0297297
-0.0749744
0.0037790
-0.0640373
0.0155214
0.0238819
-0.0482004
0.0608320
0.0058217
-0.0357522
0.0120137
-0.0162653
0.0495497
-0.1048885
-0.0858244
0.0976435
-0.0902259
-0.0053840
-0.0158735
0.0369726
-0.0781749
0.0020809
0.0137890
-0.0390384
0.0714652
-0.0378603
0.0728885
-0.0562589
0.0183852
0.0033245
-0.1040170
0.0160128
-0.0656420
-0.0366323
-0.0271452
0.0617488
-0.0620605
0.0009002
-0.0129873
0.0494257
-0.0802367
0.0279970
0.0027152
0.0608476
0.0964815
0.0772234
0.0863419
-0.0821947
-0.0451520
-0.0539955
-0.0650998
0.0683885
-0.0134877
0.0321517
0.0828093
0.0811544
0.0591674
-0.0713552
-0.0162198
0.1083672
0.0142281
0.0305443
-0.0155969
0.0238990
0.0523861
0.0039130
-0.1023959
0.0234191
0.0573970
-0.0918137
-0.0560633
-0.0873834
0.0096915
-0.0660711
-0.0844135
0.0842339
-0.0516150
-0.1031484
0.0802769
-0.0205347
0.0781366
0.0883054
-0.0253822
-0.0203489
-0.0842337
-0.0841223
-0.0759634
-0.0973717
-0.0726136
-0.1463424
-0.1352423
-0.0665977
-0.1300979
0.0521817
0.0046125
0.1521475
0.0962751
0.3095983
0.0549632
-0.1139346
-0.2973084
-0.2987755
-0.1076681
0.0583486
0.1418918
0.1467628
-0.0720649
0.0726388
0.0471171
-0.0159638
0.0106809
0.0819928
0.0544664
0.0328083
-0.0827298
-0.0567423
-0.1187133
-0.0283250
0.0519490
0.0384403
-0.0508256
0.0127202
-0.0573696
-0.0765182
0.0056298
-0.0220019
0.0138883
0.0829203
-0.0827981
-0.0343101
-0.0981390
0.1006470
-0.0384938
0.0078990
-0.0628713
-0.0435270
-0.0950404
0.0832646
0.0614724
0.0639588
0.0716716
-0.0170021
-0.0441627
0.0095033
0.0534408
-0.0285266
0.0846708
-0.0643650
0.0163725
0.0377833
0.0563421
0.0609257
0.0154883
0.0607295
0.0104307
0.0646609
-0.0231390
0.0455017
-0.0510150
0.0611572
-0.0446659
-0.0038895
-0.0327181
-0.0359525
0.1010763
0.0041124
-0.0940414
-0.0938003
0.0427417
-0.0945152
-0.0098684
-0.0883544
-0.0695117
0.0404493
-0.1006586
0.0035879
-0.0545378
-0.0139852
-0.0972306
-0.0714635
-0.0590322
0.0827747
-0.0241719
0.0587742
-0.0173729
0.0330720
0.0206869
0.0613253
-0.0618572
-0.0186031
-0.0636868
-0.0112216
-0.0082849
0.0973102
0.0011336
0.0437894
-0.0874532
0.0674073
0.0530319
-0.0142411
0.0032059
-0.0438600
-0.0289642
0.0292474
0.0504231
-0.0508671
0.0882738
-0.0891468
-0.0359663
-0.0873338
0.0644872
-0.0410682
0.0201822
0.0990237
-0.0305241
0.0440034
0.0649817
0.0412370
0.0413980
0.1057327
-0.0136590
0.0568008
-0.0102873
-0.0297195
0.0415121
-0.0073954
-0.0638174
0.0566865
-0.0696162
0.0512312
0.0874820
0.0764471
-0.0550426
-0.1060089
-0.0185403
-0.0048675
0.0164505
0.0655823
0.0241818
-0.0088370
-0.0069259
-0.0039697
-0.0857173
0.0395449
0.0093185
0.0447726
0.0329012
0.0069557
0.0910467
0.0017351
-0.0288841
-0.0262417
0.0874975
-0.0265056
0.0073398
-0.0126536
-0.1051604
-0.0142232
-0.0775410
0.0069739
-0.0783127
-0.0623631
-0.0630969
-0.0818038
-0.0918979
-0.0465334
-0.0969219
0.1062447
0.0821832
0.0201779
-0.0664616
0.0925829
-0.0362345
0.0646320
0.0063525
0.0491582
0.1013879
0.0560117
-0.0856225
-0.0547897
-0.0132106
-0.0176449
0.0174239
-0.0011181
-0.0853479
-0.0291593
0.1011012
0.1069400
0.0419538
-0.0445460
0.1013233
-0.0258288
-0.0965274
0.0235852
-0.0082507
0.0276732
0.0073442
0.0505957
-0.0703249
0.0926122
0.0724054
0.0565834
0.0299004
0.0687789
0.0018357
-0.0543903
-0.0832605
0.0060901
-0.0018125
0.0001979
-0.0035292
-0.0369638
0.0182929
0.0776316
0.1036313
-0.0515261
-0.0954525
0.0714032
-0.0308245
-0.0954453
-0.0922829
0.0517508
0.0872954
0.0016677
0.1007493
-0.0213403
0.1034830
0.0967931
-0.0410082
0.0693204
-0.0846343
-0.0415509
-0.0926470
-0.0874627
0.0930714
-0.0483237
-0.1270082
0.0031422
-0.1154886
-0.1201837
-0.0862977
-0.0763676
0.1096480
0.0746538
0.2132977
0.2253965
-0.0237551
-0.2559357
-0.2180732
-0.2582710
0.0509775
0.0338321
0.1917885
0.0263961
0.0973717
0.0886994
-0.0482324
0.0816492
0.0472231
0.0807996
0.0142779
0.0940075
-0.0022580
0.0547004
-0.0362227
0.0734287
-0.0764536
-0.0492823
-0.0230476
0.0654278
-0.0779633
-0.0189486
-0.0363063
-0.0607462
0.0489583
0.0539457
-0.0846955
0.0867322
-0.0240599
-0.0801591
-0.0879734
0.0448202
0.0418623
-0.0467834
0.0076868
0.0243750
-0.0451507
0.0230853
0.0120760
0.1022378
0.0117581
0.0085597
0.0512872
0.0792391
-0.0485344
0.0313425
0.0531969
0.0355306
-0.0908911
0.0708274
0.0237533
0.0625554
-0.0516811
-0.0675097
-0.0828204
-0.0990155
0.0639045
-0.0323729
0.0593476
-0.0486476
-0.0956920
0.0528985
-0.0961628
0.1015786
-0.0009263
-0.0288549
0.0746353
0.0341712
0.0867161
-0.0352984
-0.1043912
-0.0125145
-0.0967465
0.0833408
-0.0777668
-0.0583443
0.0778255
-0.0010962
-0.0862278
0.0083967
0.0699553
0.0895731
-0.0010917
0.0350175
0.0319850
-0.0586077
0.0890036
-0.0848478
0.0923039
-0.0583065
-0.0346107
0.0114925
0.0888339
-0.0664244
-0.0787421
-0.0645698
-0.0372245
0.0469570
0.0085148
0.0322890
-0.0712585
0.0488139
-0.0167793
0.0345534
0.0618885
0.0968965
-0.0464092
0.0356562
0.0982802
0.0408463
-0.0653331
0.0930371
-0.0458392
-0.0095273
0.0727354
0.0607015
-0.0827351
0.0124543
-0.0056803
0.0917711
-0.0423822
-0.1026151
-0.0576598
0.0454519
-0.0830563
-0.0792713
-0.1009506
0.0991644
-0.0603038
-0.0167328
-0.0093115
-0.0338339
0.0259207
0.0676773
0.0503686
-0.0574023
0.0175030
0.0536083
-0.0865214
-0.0031279
0.0224053
0.0302053
0.0311823
-0.0435263
-0.0685955
-0.0605196
-0.0902287
0.0044388
-0.0678931
0.0588108
-0.0824264
0.0515529
-0.0377440
-0.0964282
0.0323992
0.0271596
-0.0282174
-0.0135444
0.0412685
-0.0729536
-0.0753422
-0.0599201
-0.0025032
-0.0156210
-0.0334445
-0.0478047
0.0845011
0.0699944
-0.0353573
0.0136235
0.0563552
-0.0774508
0.0242539
0.0538330
-0.0667276
-0.0523202
0.0722276
0.1058380
0.0335327
-0.0908440
-0.0612486
0.0076685
-0.0454956
0.0907664
0.1030799
-0.0776756
0.0165484
0.0309639
-0.0982635
-0.0473589
-0.0216537
-0.0959969
-0.0439612
0.0489002
0.0543414
0.1041441
-0.0072012
-0.0925727
