0.0092384
0.0098057
-0.0236210
-0.0161212
-0.0012532
0.0218799
0.0165800
-0.0186407
-0.0274122
0.0112402
0.0197905
-0.0145999
-0.0047882
-0.0206268
-0.0085978
-0.0143651
-0.0046093
-0.0196713
0.0174844
-0.0303651
0.0029085
-0.0031991
-0.0114062
0.0002873
0.0014616
-0.0008794
0.0002810
-0.0067492
0.0089655
-0.0132905
-0.0162224
0.0195716
-0.0154878
0.0085717
0.0055776
0.0156849
-0.0264156
0.0212903
0.0244999
-0.0181108
0.0082874
0.0152161
0.0115498
-0.0242110
0.0020690
0.0184803
-0.0160033
-0.0098518
-0.0214010
-0.0108988
-0.0198046
0.0111528
0.0301269
0.0190035
-0.0093831
0.0231571
-0.0302943
-0.0184282
0.0276641
0.0046125
0.0032640
0.0289646
-0.0177885
0.0075872
-0.0314812
-0.0247668
0.0299921
-0.0167898
-0.0149109
-0.0151970
0.0075270
0.0197359
0.0310840
0.0244005
0.0151894
0.0018035
-0.0274551
-0.0040391
-0.0181762
-0.0131169
0.0275276
0.0223413
-0.0140467
0.0287576
0.0176231
-0.0072426
-0.0257977
-0.0144806
0.0175313
-0.0038837
-0.0095542
-0.0222528
-0.0287580
0.0113862
-0.0029629
-0.0053073
0.0231419
0.0291016
-0.0145017
0.0039243
0.0175502
-0.0067898
0.0184482
0.0169857
-0.0038202
0.0256650
0.0276307
-0.0015434
0.0089414
0.0282377
-0.0186030
-0.0152256
0.0096388
0.0203630
-0.0056782
-0.0073093
0.0149892
0.0042219
-0.0381503
-0.0144861
0.0046451
0.0052428
0.0141023
0.0022973
-0.0172795
-0.0232373
0.0261964
-0.0135998
0.0067944
-0.0089790
0.0314620
-0.0161291
0.0173927
-0.0278647
-0.0312095
-0.0029931
-0.0389727
-0.0362365
-0.0368729
-0.0237486
-0.0328022
0.0132543
-0.0012184
0.0098194
0.0757885
0.0578153
0.0658858
0.0695786
0.0368629
-0.0321520
-0.0289664
-0.0749703
-0.1163974
-0.2094094
-0.1881201
-0.0439399
0.1618753
0.3199265
0.3179997
0.1664694
-0.0395890
-0.1436606
-0.1634626
-0.1153834
-0.0656389
-0.0476438
-0.0163454
-0.0225188
0.0450973
0.0424152
0.0267377
0.0678924
0.0217350
0.0257107
-0.0146993
-0.0373520
-0.0196497
-0.0083967
-0.0106627
-0.0301242
-0.0313858
-0.0390680
-0.0082756
0.0195350
-0.0079047
-0.0190921
0.0317257
0.0498090
0.0172575
0.0242359
0.0111053
-0.0321598
-0.0186671
-0.0187472
-0.0177456
-0.0167958
-0.0011745
-0.0015879
0.0125611
0.0247050
0.0014568
0.0010894
0.0044004
0.0295156
-0.0213252
0.0274191
0.0163309
0.0236642
0.0085535
-0.0190192
0.0196539
0.0214716
0.0216644
-0.0377332
0.0110428
-0.0240100
0.0285133
-0.0145945
0.0238280
0.0271572
0.0147654
0.0184710
0.0227368
-0.0247089
-0.0214952
0.0094063
0.0219403
-0.0246199
-0.0045163
-0.0217887
0.0312001
-0.0184008
-0.0209824
0.0082436
-0.0264245
-0.0291611
0.0051782
0.0203564
0.0090300
-0.0086944
0.0293209
0.0269921
0.0245576
0.0085533
-0.0150935
0.0262388
-0.0111587
0.0105620
-0.0230231
-0.0178352
-0.0063985
0.0203104
0.0120599
0.0234102
-0.0237833
0.0190888
-0.0012130
0.0149490
-0.0003254
0.0025198
-0.0070952
0.0127834
0.0035573
-0.0009271
0.0168739
0.0056318
0.0132428
0.0138964
-0.0326600
0.0230680
-0.0025156
0.0162858
-0.0168118
0.0020711
0.0029514
0.0140496
-0.0035791
0.0024586
-0.0135307
0.0201538
-0.0270160
-0.0121612
-0.0121248
0.0107114
-0.0251338
-0.0142483
0.0065848
0.0075915
0.0084256
-0.0060683
0.0119456
0.0171435
-0.0065198
0.0219002
0.0216010
0.0061441
0.0102663
-0.0233056
0.0192957
0.0112965
-0.0159394
-0.0166992
0.0153224
0.0084011
0.0209463
-0.0186648
0.0309686
-0.0184700
-0.0181155
-0.0153611
-0.0289789
-0.0095376
-0.0288884
-0.0092342
0.0010506
0.0329534
0.0059210
0.0136289
0.0293453
0.0274009
-0.0064071
0.0109810
-0.0049753
-0.0033411
-0.0107629
-0.0102396
0.0226942
0.0058717
0.0110684
-0.0227912
-0.0338321
0.0016411
-0.0198074
0.0171803
-0.0163036
0.0071708
-0.0125699
-0.0145195
-0.0170669
0.0159135
0.0341208
0.0167321
-0.0205800
-0.0022393
-0.0504997
-0.0315470
-0.0446049
0.0032832
-0.0078425
-0.0243098
0.0187885
0.0036164
0.0168763
0.0688839
0.0789997
0.0816669
0.0414955
-0.0086731
-0.0483831
-0.0555074
-0.1272496
-0.1740719
-0.1777989
-0.1297540
0.0525554
0.2466275
0.2857672
0.2028519
-0.0085545
-0.1176187
-0.1392183
-0.1195366
-0.0789539
-0.0779412
-0.0566163
-0.0281464
0.0178348
0.0654325
0.0317146
0.0317897
0.0528711
0.0261951
0.0121208
-0.0008318
0.0087426
-0.0444580
0.0047254
0.0024008
0.0096561
-0.0183562
-0.0176887
0.0055337
-0.0109834
0.0146517
-0.0082169
0.0358956
-0.0177871
-0.0144279
-0.0130892
-0.0063904
-0.0181118
0.0064473
-0.0044272
0.0243371
-0.0099728
-0.0117475
0.0208627
-0.0158358
0.0190727
-0.0169590
0.0252495
-0.0071495
-0.0154228
0.0012189
0.0013624
0.0228857
-0.0250704
-0.0284802
0.0084432
-0.0120378
-0.0212477
-0.0208316
-0.0180387
-0.0185372
0.0291732
0.0047878
-0.0014232
-0.0061837
0.0198423
0.0121919
0.0073175
-0.0021825
-0.0324858
0.0237526
-0.0265875
0.0297953
0.0286036
0.0219130
-0.0004884
-0.0291448
0.0005315
-0.0138864
0.0148618
0.0080624
-0.0028632
0.0163997
0.0054536
0.0238706
0.0198981
0.0177432
-0.0039200
0.0305809
0.0236971
0.0042263
-0.0156611
-0.0148651
0.0188640
0.0270513
-0.0043601
-0.0234322
-0.0161245
-0.0111009
-0.0125637
-0.0093883
-0.0122960
-0.0199637
0.0301055
-0.0183639
-0.0096106
0.0197017
-0.0083747
-0.0345934
-0.0158935
-0.0068131
0.0093502
0.0085913
0.0196466
-0.0285004
0.0144989
0.0189937
0.0284808
0.0037504
-0.0272123
0.0092168
-0.0001085
0.0118918
-0.0189701
-0.0207047
-0.0242042
-0.0247234
-0.0213823
-0.0113120
-0.0147861
-0.0263835
0.0028122
0.0067826
0.0177433
0.0226004
-0.0018982
-0.0204029
-0.0151284
-0.0088903
0.0320806
-0.0186535
0.0014460
0.0188811
0.0101639
-0.0184686
0.0048517
-0.0048682
0.0167327
-0.0051584
-0.0104303
-0.0093839
-0.0042638
0.0227368
0.0081861
-0.0188103
0.0041411
0.0188237
-0.0157380
-0.0247877
-0.0142635
0.0063769
0.0141812
0.0193962
0.0203743
0.0131873
0.0248689
0.0142519
0.0205457
0.0189643
-0.0127954
-0.0152414
-0.0298662
-0.0081785
-0.0144555
-0.0057209
-0.0241218
-0.0117113
-0.0158142
-0.0028349
0.0132485
0.0080566
0.0164864
0.0294960
0.0363666
0.0192528
0.0147407
0.0064355
-0.0095538
-0.0332179
-0.0412147
-0.0047475
-0.0538237
-0.0069636
-0.0496161
-0.0081579
0.0296218
0.0256168
0.0524257
0.0647043
0.0525789
0.0767908
0.0443265
0.0193968
0.0028088
-0.0669594
-0.0575503
-0.1091468
-0.1624823
-0.1728607
-0.0848403
0.0875897
0.2934774
0.3776847
0.2140003
0.0092614
-0.1740493
-0.1551713
-0.1287847
-0.1082323
-0.0559997
-0.0497448
-0.0034002
0.0400978
0.0268720
0.0483523
0.0596836
0.0656182
0.0190806
-0.0010335
0.0065251
-0.0189765
0.0020321
-0.0042163
0.0004073
-0.0068874
0.0088781
-0.0317102
0.0204984
0.0134282
0.0353234
0.0085998
0.0108211
0.0435668
0.0200973
0.0386721
0.0346794
0.0005591
-0.0304497
0.0047163
-0.0253364
-0.0037865
-0.0135127
-0.0080665
-0.0032225
0.0294722
-0.0086112
-0.0025472
0.0116652
0.0155524
-0.0234635
0.0137052
-0.0198579
0.0119233
0.0036837
-0.0206616
-0.0203582
-0.0058882
0.0209583
0.0159321
-0.0235489
0.0255044
0.0063695
0.0033086
0.0131832
0.0247170
-0.0255916
-0.0021468
-0.0131056
-0.0197960
-0.0142767
-0.0113841
0.0248316
0.0104286
0.0014291
0.0048287
-0.0143450
-0.0207559
-0.0292378
-0.0265049
-0.0064310
-0.0259570
-0.0264331
-0.0226407
0.0031890
0.0105528
0.0252388
-0.0246639
-0.0209519
0.0118967
-0.0050409
-0.0079454
-0.0283956
-0.0098048
0.0255300
0.0085812
0.0264134
-0.0142564
0.0019689
0.0028931
0.0082926
-0.0203190
0.0029493
0.0154685
0.0277837
-0.0126241
-0.0025492
0.0241856
0.0226708
-0.0235138
-0.0228401
-0.0015550
0.0178166
0.0069761
0.0019903
0.0099457
-0.0221682
0.0164861
0.0125688
-0.0160040
0.0179697
-0.0298410
-0.0138868
0.0105143
-0.0250796
-0.0009086
-0.0054111
0.0118277
-0.0007407
-0.0318899
-0.0370923
-0.0181924
-0.0210927
0.0212175
-0.0129997
0.0039835
0.0001878
0.0108507
-0.0254372
0.0150883
-0.0265003
-0.0130106
0.0136891
-0.0187260
0.0113800
0.0279079
0.0303697
-0.0050944
0.0196308
-0.0170745
0.0049690
0.0260974
0.0109812
-0.0331506
-0.0188904
-0.0265490
-0.0192973
-0.0045979
-0.0021622
-0.0223590
-0.0092649
-0.0098496
0.0313705
0.0034876
-0.0006065
0.0289594
-0.0074880
-0.0157275
-0.0178545
0.0076678
0.0155707
-0.0209845
0.0087243
-0.0204258
-0.0032411
-0.0175280
0.0220076
0.0027595
-0.0252004
-0.0114583
0.0302027
0.0171842
0.0162892
0.0360491
0.0159033
-0.0272776
-0.0179405
-0.0272478
-0.0177502
-0.0250223
-0.0384768
-0.0155697
-0.0406397
0.0127649
0.0059512
0.0086496
0.0139073
0.0542521
0.0393521
0.0366320
0.0684313
0.0380104
0.0108907
-0.0306395
-0.0621366
-0.1141096
-0.1740577
-0.2074112
-0.1098617
0.0485114
0.2885053
0.3614886
0.2206336
0.0325224
-0.1002884
-0.1759080
-0.1697117
-0.0798267
-0.0877090
-0.0376212
-0.0182441
0.0399879
0.0336284
0.0341255
0.0367131
0.0490310
0.0576460
0.0144084
0.0033455
-0.0088674
-0.0155344
-0.0449558
-0.0282543
-0.0479552
-0.0213104
-0.0179281
-0.0210562
-0.0211351
0.0355922
0.0202602
0.0156512
0.0320116
0.0110466
-0.0218985
0.0245759
-0.0137274
-0.0229293
-0.0031856
-0.0361852
-0.0337697
-0.0054262
0.0093385
-0.0214697
0.0110179
-0.0054530
-0.0124580
-0.0014926
-0.0210212
0.0042403
0.0038691
0.0258038
-0.0136150
-0.0269363
-0.0167812
-0.0164073
-0.0211497
-0.0028760
0.0310982
0.0176645
-0.0213586
0.0220621
0.0212532
0.0099302
0.0119807
-0.0007325
0.0139915
0.0058605
0.0216115
0.0258648
0.0209307
0.0235873
0.0111291
0.0056419
0.0097379
-0.0171916
-0.0026014
-0.0145826
-0.0117934
-0.0146550
-0.0187679
0.0059594
-0.0274581
0.0235897
0.0282653
-0.0048651
0.0358356
-0.0245029
0.0159779
-0.0290960
-0.0136264
0.0272192
-0.0102307
0.0141686
-0.0100919
-0.0175481
0.0175320
-0.0091744
0.0136950
0.0100746
0.0009449
0.0286659
-0.0023350
-0.0208032
0.0107800
0.0076320
-0.0159522
0.0044995
0.0156905
0.0199903
-0.0086098
-0.0154411
-0.0147048
-0.0137734
0.0277345
-0.0041440
0.0211307
0.0169990
0.0057023
0.0091409
-0.0255240
-0.0186904
0.0068640
0.0189009
-0.0042932
0.0035190
0.0038313
-0.0035491
-0.0067182
-0.0077009
0.0085939
0.0218576
-0.0262551
0.0302189
0.0088507
0.0285624
0.0039254
0.0037402
0.0122604
0.0117763
0.0130348
0.0286948
0.0094637
0.0255428
0.0175845
0.0302391
0.0239507
0.0020702
-0.0173208
-0.0040389
-0.0116613
0.0054586
-0.0117688
0.0140042
-0.0106625
-0.0099424
0.0262126
-0.0072318
0.0259110
0.0245326
-0.0177670
-0.0288696
-0.0248442
0.0043814
0.0278078
0.0023229
0.0099438
-0.0017929
0.0195106
0.0170637
0.0026315
0.0271127
-0.0214874
0.0169091
0.0073230
0.0093638
0.0211116
-0.0336356
-0.0026504
-0.0037994
-0.0045135
0.0051157
0.0159812
0.0046169
-0.0021320
-0.0198358
0.0004037
-0.0279621
-0.0223428
-0.0122122
-0.0252200
-0.0465071
0.0100594
0.0057630
0.0241876
0.0350766
0.0327908
0.0718162
0.0396759
0.0553903
0.0416327
0.0097822
-0.0293607
-0.0554256
-0.0915370
-0.1708764
-0.1735215
-0.1814642
-0.0441848
0.1685439
0.3229983
0.3235354
0.1914406
-0.0424010
-0.1681750
-0.1757178
-0.0994828
-0.0887003
-0.0599705
0.0008096
-0.0044466
0.0117719
0.0304488
0.0691235
0.0318845
0.0259135
0.0076426
0.0014724
0.0031367
-0.0447857
-0.0452606
-0.0475045
-0.0357003
-0.0496474
-0.0349318
-0.0184337
0.0153759
0.0197841
0.0163456
0.0317369
0.0226382
0.0327498
0.0035685
0.0345828
-0.0072675
0.0223094
0.0121852
0.0154914
-0.0010277
-0.0028508
-0.0044311
0.0077366
-0.0060839
0.0045392
0.0016456
0.0119638
-0.0138103
0.0050536
0.0216930
0.0258956
-0.0080009
0.0175794
0.0105284
-0.0062650
-0.0060036
-0.0174941
0.0232781
0.0157322
0.0062573
-0.0160525
0.0225618
-0.0143822
-0.0130684
0.0158170
-0.0151179
0.0278288
0.0000138
0.0067894
-0.0027828
-0.0009529
0.0095904
-0.0118364
-0.0067746
0.0038916
0.0296826
0.0221526
-0.0221933
-0.0027542
0.0132565
0.0159755
-0.0012454
-0.0075480
-0.0187710
0.0213675
-0.0041100
0.0300556
0.0009928
0.0200689
-0.0127209
0.0268121
0.0095198
0.0282691
-0.0050953
0.0055745
-0.0001822
0.0179758
0.0206670
-0.0274943
-0.0008730
0.0179907
0.0160141
-0.0118549
0.0067991
0.0061628
0.0240318
-0.0319385
-0.0056929
0.0212355
-0.0149760
-0.0228303
0.0232957
0.0320780
-0.0185769
-0.0242335
-0.0220309
0.0114529
0.0156921
0.0127697
0.0019695
0.0012251
0.0180705
-0.0013621
0.0056008
0.0048272
-0.0154729
-0.0289021
0.0053912
-0.0179822
0.0056326
-0.0158407
0.0301446
0.0214058
0.0144880
-0.0060191
0.0344425
0.0071634
-0.0042431
-0.0155079
-0.0341421
-0.0037671
-0.0042732
0.0175629
0.0349019
0.0087619
0.0206964
0.0103295
-0.0229866
0.0091163
-0.0122299
0.0314193
-0.0303056
0.0241051
0.0150347
-0.0257676
0.0270373
0.0208418
-0.0306638
0.0249496
-0.0203107
0.0088441
0.0046262
0.0105466
-0.0120549
0.0020570
0.0065670
0.0160176
-0.0127488
0.0148538
-0.0005472
-0.0042129
-0.0205612
-0.0310720
0.0088673
-0.0126638
-0.0261236
-0.0136084
-0.0370154
-0.0043562
0.0161492
-0.0051180
0.0213588
0.0377815
-0.0101347
0.0153551
-0.0136921
0.0088930
0.0091206
-0.0457063
-0.0036237
-0.0271200
-0.0203251
-0.0294455
0.0072437
-0.0377908
-0.0190387
0.0299208
0.0663375
0.0587147
0.0341081
0.0455891
0.0250588
0.0303997
0.0075019
-0.0567737
-0.0771797
-0.1471628
-0.2043778
-0.1958976
-0.0511189
0.1821967
0.2969614
0.3076359
0.1592108
-0.0513823
-0.1306455
-0.1442773
-0.1388180
-0.0574572
-0.0788229
-0.0216316
-0.0057871
0.0127246
0.0599747
0.0521978
0.0241361
0.0431466
0.0233139
-0.0071093
0.0124890
-0.0375059
0.0083273
-0.0404843
-0.0494778
-0.0361480
-0.0225522
-0.0299304
0.0249943
0.0260480
0.0211158
-0.0002708
0.0150558
-0.0036848
0.0305907
0.0212309
0.0285151
-0.0085205
0.0042216
-0.0031153
-0.0037445
-0.0016283
-0.0140610
-0.0128818
0.0169714
0.0028844
-0.0178176
-0.0112044
0.0330499
0.0214251
-0.0065149
