-0.0019497
-0.0108993
-0.0306926
-0.0090257
0.0151428
-0.0044423
-0.0106928
0.0053052
-0.0029392
-0.0073515
0.0014072
0.0181200
0.0132331
-0.0012455
-0.0217955
-0.0507213
-0.0475970
-0.0209460
-0.0489452
0.0158976
0.0254397
0.0174121
0.0314975
0.0074029
0.0701438
0.0500620
0.0370494
0.0670398
0.0391894
-0.0032485
-0.0730571
-0.1177645
-0.1457505
-0.2057676
-0.1534124
0.0131694
0.2167612
0.2978649
0.3012640
0.1308959
-0.0436172
-0.1887276
-0.1742842
-0.1192983
-0.0563708
-0.0701860
-0.0285657
0.0224528
0.0078229
0.0600192
0.0625925
0.0304471
0.0257859
0.0464767
0.0300435
-0.0194203
-0.0265291
0.0009228
0.0026046
0.0019678
-0.0476700
-0.0328018
-0.0021314
-0.0224971
-0.0060277
0.0281806
0.0091436
0.0055724
0.0196545
-0.0141618
0.0124759
0.0089836
-0.0270283
-0.0197689
-0.0305652
0.0073001
0.0118940
0.0140195
-0.0038999
0.0098345
-0.0057956
0.0073484
0.0026530
-0.0129626
-0.0164448
0.0037306
-0.0012883
0.0134274
-0.0106068
0.0129334
-0.0199092
-0.0018470
-0.0257406
-0.0065885
0.0037456
0.0047820
-0.0048833
0.0008030
0.0248956
-0.0144308
0.0112573
-0.0213154
0.0192583
-0.0254098
-0.0201595
-0.0156115
0.0158877
0.0314471
-0.0046504
0.0117211
0.0129159
0.0209557
0.0233871
0.0084886
0.0151809
-0.0216235
-0.0084462
0.0074020
0.0104173
0.0238750
0.0257423
-0.0229254
-0.0121759
-0.0212995
-0.0134678
-0.0167004
0.0030712
0.0189454
-0.0243983
-0.0235623
-0.0143348
0.0214631
0.0223007
-0.0180811
-0.0050537
0.0117413
-0.0292977
-0.0201480
0.0062551
0.0227586
0.0081401
0.0275541
0.0182306
-0.0047865
-0.0176034
-0.0233228
0.0034586
0.0111044
-0.0335514
0.0280090
-0.0195673
-0.0133274
0.0226260
-0.0143206
-0.0059408
-0.0112500
-0.0047092
0.0180200
-0.0074451
0.0116238
0.0007929
-0.0012880
0.0218016
-0.0234492
0.0181421
0.0146636
-0.0208355
-0.0032194
-0.0024470
-0.0126862
-0.0310550
-0.0149773
0.0184697
0.0020741
0.0033715
0.0087658
0.0110003
-0.0155868
-0.0301410
0.0071391
0.0237726
0.0296372
-0.0132088
-0.0057115
0.0123733
-0.0147577
-0.0006023
-0.0434049
-0.0216722
-0.0104292
0.0047833
-0.0218377
-0.0077279
0.0070522
-0.0059573
0.0264429
0.0034182
-0.0028332
-0.0041503
-0.0089634
-0.0063371
-0.0024456
-0.0281544
-0.0105319
-0.0182727
0.0136089
0.0274973
-0.0116084
-0.0187465
-0.0120888
-0.0133251
0.0111294
0.0332551
0.0021789
0.0186528
0.0199965
0.0083824
-0.0260703
-0.0377056
-0.0128516
-0.0237945
-0.0023688
-0.0195046
-0.0425645
-0.0004791
0.0274673
0.0412838
0.0510633
0.0378026
0.0658381
0.0842993
0.0319325
0.0036025
-0.0437953
-0.0995360
-0.1223792
-0.1684885
-0.1881971
-0.1028107
0.0955862
0.2821874
0.3255076
0.2305821
0.0442054
-0.1207207
-0.1768874
-0.1634700
-0.1137451
-0.0493537
-0.0174062
-0.0075207
0.0429161
0.0275460
0.0458869
0.0377416
0.0207685
0.0391484
0.0325343
-0.0197021
-0.0296601
-0.0269426
-0.0340612
-0.0332740
-0.0139954
-0.0133503
-0.0325076
0.0170505
0.0256635
0.0267186
0.0011585
-0.0079596
0.0182225
0.0089644
0.0179993
0.0076287
0.0136446
0.0040159
-0.0136574
0.0193075
-0.0201840
-0.0162044
-0.0058998
-0.0145239
-0.0090046
-0.0271392
0.0204727
0.0090718
0.0004751
-0.0170301
0.0062609
-0.0210982
0.0026882
0.0238890
0.0264263
0.0061787
0.0147169
-0.0177893
-0.0204710
-0.0079998
-0.0173927
-0.0180694
0.0003827
-0.0064883
-0.0120118
-0.0284260
-0.0031885
0.0168771
-0.0094771
-0.0106201
-0.0226214
-0.0107423
0.0123860
-0.0204517
0.0113679
0.0207323
0.0280822
-0.0200089
-0.0024236
-0.0210830
-0.0013903
-0.0241645
-0.0214315
-0.0042962
-0.0019321
-0.0033210
0.0315655
0.0292861
-0.0113508
0.0208792
0.0020087
0.0174324
-0.0098757
-0.0153156
-0.0228160
-0.0323634
0.0102101
-0.0240637
0.0287126
-0.0173823
-0.0122705
-0.0201424
0.0017984
-0.0030445
0.0185029
-0.0206533
-0.0066958
0.0149310
0.0161495
0.0059408
0.0292999
-0.0225638
-0.0159369
0.0125776
0.0167875
0.0239704
-0.0002020
-0.0049107
-0.0143398
0.0241607
-0.0060322
0.0083474
-0.0287204
-0.0022083
0.0030087
-0.0052932
-0.0186093
-0.0189553
0.0041214
0.0122567
0.0187401
0.0138015
0.0134780
-0.0035734
-0.0086524
0.0193690
-0.0163870
0.0242166
0.0257396
-0.0207701
-0.0189862
0.0175356
-0.0182267
0.0178837
-0.0225783
0.0204820
0.0307634
0.0287196
0.0288757
-0.0155148
0.0033708
-0.0055751
-0.0298170
-0.0302804
-0.0088719
-0.0028324
-0.0053537
0.0082152
0.0069384
0.0222556
0.0202414
0.0299025
0.0158180
-0.0182704
0.0066489
-0.0400209
-0.0342533
0.0009614
-0.0210400
0.0169082
0.0046710
-0.0083728
0.0200287
0.0230642
-0.0141669
0.0036965
0.0438297
0.0056948
0.0023853
-0.0026604
-0.0049406
-0.0346739
-0.0389987
-0.0076309
-0.0069542
-0.0102721
-0.0357663
-0.0256851
-0.0107652
0.0060118
-0.0081157
0.0304050
0.0269770
0.0319872
0.0792540
0.0682881
0.0625337
0.0014211
-0.0268822
-0.0539246
-0.0798556
-0.1731830
-0.1702779
-0.0824177
0.0496359
0.2297378
0.3346013
0.2542909
0.0563282
-0.0897176
-0.1353127
-0.1029463
-0.0967823
-0.0590295
-0.0576272
0.0130313
0.0251253
0.0623982
0.0302523
0.0128735
0.0628433
0.0576060
0.0326621
0.0328200
-0.0003402
0.0012049
-0.0301178
-0.0201811
-0.0478133
-0.0452267
-0.0132713
0.0188346
0.0264839
0.0157921
0.0109042
-0.0152988
-0.0100354
0.0043469
0.0041088
0.0061757
-0.0018444
0.0303151
0.0007592
-0.0286025
-0.0112183
0.0052753
0.0140227
0.0194588
-0.0167916
0.0156896
-0.0084651
-0.0112826
0.0018691
0.0332409
0.0033608
-0.0291023
-0.0104548
0.0004217
-0.0169587
-0.0168224
0.0115264
0.0201937
-0.0155256
0.0036604
0.0002892
-0.0091320
-0.0063778
0.0321026
-0.0158257
0.0029304
0.0063198
-0.0170918
0.0177006
0.0205428
0.0147072
-0.0209050
-0.0040088
0.0255044
0.0205877
-0.0065845
-0.0048475
0.0019774
0.0264915
0.0090471
0.0199179
-0.0034521
-0.0167592
-0.0066683
0.0170921
-0.0023623
0.0030023
0.0260026
-0.0167207
0.0132172
0.0170773
0.0196345
-0.0182468
-0.0206449
-0.0004227
0.0060292
-0.0147021
-0.0238387
0.0002681
0.0055123
0.0221713
-0.0236595
-0.0145306
-0.0227385
0.0103872
0.0154432
-0.0048774
-0.0040007
0.0001178
0.0194019
-0.0095159
-0.0018412
0.0171687
-0.0110974
-0.0176744
0.0246527
-0.0131176
-0.0270857
-0.0158991
-0.0225748
0.0267557
0.0162725
0.0213113
-0.0221736
0.0090349
-0.0310952
-0.0298017
0.0146326
0.0169072
0.0189273
0.0059947
-0.0119430
-0.0296634
0.0010360
-0.0144562
0.0171207
0.0127982
0.0211208
-0.0119981
-0.0074740
-0.0049732
0.0246686
0.0239011
0.0141515
0.0199422
0.0214626
-0.0175945
0.0034138
-0.0130056
-0.0277362
0.0024938
-0.0334367
0.0202560
0.0070687
0.0033184
-0.0023633
0.0067977
0.0263300
0.0311028
-0.0068178
-0.0149924
0.0039478
0.0114151
-0.0223813
-0.0081732
-0.0055348
0.0115337
-0.0154255
0.0083059
-0.0269994
0.0081403
0.0072387
0.0236293
0.0376999
-0.0077411
0.0241875
-0.0169724
-0.0237997
-0.0327451
-0.0024154
-0.0148850
-0.0280935
-0.0164540
-0.0468444
-0.0119723
-0.0248540
0.0010091
0.0413622
0.0290381
0.0638427
0.0502249
0.0807204
0.0818490
0.0129037
-0.0036036
-0.0139706
-0.0983201
-0.1375169
-0.1780752
-0.1657150
-0.1114309
0.0722234
0.3000814
0.3287338
0.2210679
0.0081735
-0.1166010
-0.1745759
-0.1501921
-0.0755107
-0.0466693
-0.0123905
0.0174638
0.0393252
0.0652067
0.0326944
0.0666613
0.0592263
0.0069239
0.0108165
0.0088239
-0.0276519
-0.0318778
0.0017573
0.0032114
0.0047703
-0.0198969
0.0021183
-0.0151033
0.0095521
0.0341310
-0.0025866
0.0064058
0.0220600
0.0081849
0.0155532
0.0190844
0.0221796
-0.0017122
-0.0025134
-0.0254465
0.0054177
-0.0373114
-0.0215163
-0.0142158
-0.0272374
0.0024305
-0.0096265
0.0046306
0.0019080
-0.0104363
-0.0177068
-0.0159688
-0.0117633
0.0064669
-0.0211020
-0.0197958
-0.0140707
-0.0090456
-0.0107447
-0.0083809
0.0317076
0.0088455
-0.0169370
-0.0137631
-0.0220315
-0.0026012
-0.0283441
-0.0281778
-0.0168333
0.0116117
-0.0156710
0.0182045
0.0304242
-0.0247528
-0.0175880
-0.0237951
-0.0092559
-0.0008513
0.0006729
-0.0006732
0.0085094
-0.0224485
-0.0226238
0.0018618
-0.0013609
-0.0262200
-0.0012520
0.0156770
-0.0058656
0.0206918
-0.0117506
0.0107035
-0.0140394
0.0231827
-0.0096128
0.0221554
-0.0019891
0.0166212
-0.0079703
0.0071166
-0.0118806
-0.0229961
0.0163336
0.0318963
0.0147169
-0.0010765
-0.0295994
0.0004515
-0.0031765
0.0280389
-0.0050897
-0.0273222
0.0174675
0.0077199
-0.0119494
0.0149335
-0.0150268
-0.0056593
0.0246045
0.0187364
-0.0204032
0.0321092
0.0332439
-0.0128110
-0.0218363
0.0087756
0.0095248
-0.0058997
-0.0047407
0.0263605
0.0197452
0.0171387
0.0240566
-0.0118158
0.0147471
-0.0161048
0.0138124
0.0183857
0.0051742
-0.0033062
0.0024161
-0.0169490
-0.0034292
-0.0104768
0.0051003
-0.0064478
0.0181137
0.0011534
0.0005113
0.0028034
-0.0140232
-0.0072910
-0.0130296
-0.0111319
0.0175397
-0.0189814
-0.0314860
-0.0178246
-0.0304358
-0.0086481
0.0137749
0.0070150
0.0293025
0.0029209
0.0013188
-0.0085598
-0.0320743
-0.0035150
-0.0023463
0.0085777
-0.0101690
0.0103829
0.0206787
0.0334950
0.0345962
0.0356717
0.0179421
0.0082285
0.0381133
0.0290543
-0.0203112
-0.0211982
-0.0123840
-0.0569583
-0.0383854
-0.0348833
-0.0434319
-0.0237093
-0.0274031
0.0051395
0.0341113
0.0318913
0.0839835
0.0757915
0.0671521
0.0094892
0.0203939
-0.0265635
-0.0737704
-0.1038332
-0.2067556
-0.2188402
-0.0795335
0.1188073
0.3081133
0.3792887
0.2484149
0.0084304
-0.1044017
-0.1750922
-0.1672822
-0.0885162
-0.0421163
-0.0306246
-0.0324545
0.0349409
0.0481230
0.0841140
0.0650043
0.0412772
0.0182196
0.0322225
0.0280768
-0.0068842
-0.0518852
-0.0499246
-0.0421812
0.0097086
-0.0498496
-0.0031315
0.0221982
-0.0068884
0.0120358
-0.0036204
0.0365410
-0.0140067
0.0252076
-0.0095304
-0.0006469
-0.0080826
-0.0135109
-0.0124622
-0.0127374
0.0150978
0.0025397
0.0256691
-0.0075501
-0.0158861
-0.0023662
0.0072868
-0.0131112
0.0346912
-0.0084019
0.0260315
-0.0111715
-0.0215922
0.0017052
0.0020893
-0.0035362
0.0118297
-0.0052027
0.0099860
-0.0095871
0.0190647
-0.0147816
-0.0246267
0.0023942
0.0193905
-0.0041957
0.0022628
0.0182486
0.0063402
-0.0116135
0.0282460
0.0065547
0.0133517
0.0146927
-0.0125650
-0.0124433
-0.0268335
-0.0286734
0.0192101
0.0204032
0.0251928
-0.0081993
0.0296814
-0.0150607
-0.0107021
0.0151983
-0.0149892
0.0166793
0.0226299
0.0146260
0.0109362
0.0080653
-0.0193732
-0.0277385
-0.0108280
0.0029333
0.0226534
0.0275283
0.0170425
0.0055884
-0.0167543
-0.0172056
0.0118325
-0.0023800
0.0174272
0.0251837
0.0132865
0.0138218
0.0092165
0.0222459
-0.0084531
-0.0108175
0.0081444
0.0226072
0.0247253
-0.0089779
0.0027197
0.0069373
-0.0223560
-0.0241858
-0.0103948
0.0240324
0.0098756
-0.0012479
0.0245897
-0.0054691
-0.0021215
-0.0062310
-0.0002582
0.0091139
-0.0237720
0.0165886
0.0166289
0.0273802
0.0120002
0.0133351
0.0017707
-0.0157857
-0.0039644
-0.0011654
0.0088114
-0.0002055
0.0111826
-0.0212256
0.0123471
0.0264893
0.0222960
0.0152119
-0.0243065
-0.0265130
-0.0111721
0.0100394
-0.0119719
-0.0333642
-0.0135642
0.0148098
0.0286752
0.0057763
-0.0275124
0.0072872
0.0052288
-0.0130321
0.0183229
-0.0281757
-0.0311560
0.0014634
-0.0246418
-0.0185117
-0.0245842
0.0043242
-0.0118108
-0.0226403
0.0218416
-0.0101345
0.0139611
0.0387012
0.0198222
0.0320628
0.0281679
0.0153966
0.0233053
-0.0001074
-0.0490652
-0.0278495
-0.0630305
-0.0311970
-0.0119896
-0.0336697
-0.0258176
-0.0007565
0.0164526
0.0655920
0.0679361
0.0856078
0.0440310
0.0484250
0.0258755
-0.0283629
-0.0533878
-0.1091595
-0.1814796
-0.2224027
-0.1040666
0.0459159
0.2396362
0.3341712
0.2974259
0.0536398
-0.1003581
-0.1998929
-0.1641351
-0.1090575
-0.0770474
-0.0306080
-0.0410875
0.0293996
0.0803574
0.0592146
0.0689992
0.0199976
0.0401648
0.0305855
-0.0021562
0.0119175
-0.0344844
-0.0147854
-0.0269248
-0.0438795
-0.0509679
-0.0037606
-0.0081504
-0.0122302
0.0002662
0.0227287
-0.0041119
0.0232422
0.0240554
0.0091668
0.0032935
-0.0236372
-0.0039359
0.0133374
0.0177135
-0.0111221
0.0006103
-0.0072661
0.0027433
0.0169018
0.0142250
-0.0058467
-0.0093554
-0.0179229
0.0266465
0.0203913
0.0290968
0.0262571
0.0212976
0.0227849
0.0007051
0.0200328
-0.0099670
0.0021794
0.0249904
0.0098412
0.0041697
0.0282615
-0.0003496
0.0212089
0.0082661
0.0319408
-0.0203840
0.0232152
-0.0144094
0.0092895
-0.0164124
0.0115097
-0.0026734
0.0046255
-0.0155188
0.0155343
0.0012760
0.0283930
-0.0056260
0.0050989
-0.0238742
0.0030332
-0.0209516
0.0029285
0.0241403
-0.0198250
-0.0085032
-0.0130505
0.0103625
0.0148510
-0.0015096
-0.0268960
0.0099184
0.0250802
0.0186801
0.0316035
0.0145234
0.0168616
-0.0011365
0.0171756
-0.0089689
0.0266620
-0.0285803
-0.0019617
-0.0211261
-0.0252931
-0.0140103
0.0276058
0.0110296
-0.0017195
-0.0282441
-0.0067427
0.0074345
-0.0270343
-0.0169862
-0.0113666
-0.0260547
-0.0221566
-0.0040991
0.0107704
-0.0027922
0.0011826
-0.0024107
-0.0093014
-0.0372354
-0.0286526
-0.0098954
0.0014092
0.0195425
0.0024986
-0.0152873
0.0268738
0.0102112
-0.0035386
-0.0072614
-0.0186258
0.0006824
0.0177571
-0.0020411
0.0028151
-0.0083874
-0.0131246
-0.0000281
0.0106097
0.0172414
-0.0190952
0.0056959
-0.0074606
-0.0135070
-0.0067153
0.0260866
0.0131210
0.0173771
0.0143084
-0.0226723
-0.0114028
0.0164566
-0.0283833
-0.0280290
-0.0044580
0.0222358
-0.0072704
0.0250616
0.0364702
-0.0121362
0.0071995
-0.0040445
0.0120285
-0.0216734
-0.0045200
-0.0376370
-0.0197913
-0.0232567
0.0158615
0.0205967
-0.0086352
0.0075093
-0.0130314
0.0288962
-0.0075312
0.0029840
-0.0138113
-0.0205125
-0.0176045
-0.0516796
0.0010241
-0.0200143
-0.0055794
-0.0360813
-0.0110383
0.0337178
0.0072014
0.0601883
0.0502099
0.0804631
0.0383753
0.0467070
-0.0339586
-0.0392358
