0.0035436
-0.0150094
0.0264937
0.0421484
-0.0636130
0.0153985
0.0260433
0.0190874
0.0119226
-0.0182204
-0.0453244
0.0094481
-0.0493932
0.0041970
0.0160740
0.0418396
-0.0457155
0.0209605
-0.0086295
-0.0329421
-0.0403734
0.0154108
0.0245277
-0.0291992
0.0070755
0.0646582
0.0296153
0.0452632
0.0618477
-0.0478051
0.0441612
0.0069124
-0.0029760
0.0150692
-0.0095391
0.0025074
0.0136993
0.0445339
-0.0293973
-0.0146086
-0.0540072
-0.0303239
0.0057730
-0.0351755
0.0447706
-0.0624299
-0.0199092
0.0090501
0.0469114
0.0184907
-0.0409257
0.0179405
0.0528655
-0.0486191
-0.0438090
-0.0166377
0.0285105
0.0321096
-0.0364234
0.0742283
0.0714091
-0.0210775
-0.0495364
-0.0440382
0.0595614
0.0046010
0.0217039
0.0554244
0.0482773
0.0101275
0.0590584
0.0321006
-0.0592714
-0.0330046
0.0375136
0.0452279
-0.0100147
0.0650664
-0.0284122
-0.0335008
0.0172043
-0.0603913
0.0045317
0.0393333
0.0528287
-0.0692389
0.0439815
0.0078384
-0.0118331
0.0054004
0.0213389
0.0585423
-0.0048095
0.0674654
-0.0297137
-0.0074790
0.0198652
0.0324659
-0.0175114
0.0180629
0.0088837
-0.0059036
-0.0473860
-0.0915461
-0.0940160
0.0164176
-0.0989575
-0.0627156
-0.0372234
0.0070769
0.1057141
0.0922947
-0.0019296
0.0002092
0.0196555
0.0224808
0.0242461
-0.1027350
-0.0387233
-0.1390912
-0.1609742
-0.2357777
-0.0425175
0.0587012
0.3578185
0.3622886
0.2261985
-0.0099628
-0.1884854
-0.1313133
-0.1368610
-0.0463130
-0.1043050
-0.0878845
0.0651216
0.0438935
0.1042826
0.1217212
0.1172191
0.1011116
0.1007511
0.0398171
-0.0618785
-0.0130015
-0.0622251
-0.0274203
0.0235609
0.0145910
0.0228067
-0.0409726
0.0455519
-0.0520681
-0.0125570
0.0194804
0.0111036
-0.0504401
0.0746741
-0.0352513
-0.0627323
-0.0356406
0.0614274
0.0427310
0.0186403
-0.0174624
0.0148312
0.0213702
0.0279245
0.0587132
-0.0498702
0.0222452
0.0066510
0.0034564
0.0107200
0.0594133
-0.0209705
0.0174421
0.0242939
-0.0632511
-0.0281333
0.0587387
0.0093176
-0.0433414
-0.0482451
-0.0485830
-0.0074254
0.0053969
0.0489734
-0.0591710
-0.0215243
-0.0161891
-0.0298243
-0.0629921
0.0071786
-0.0335665
0.0620445
-0.0271696
-0.0487691
0.0642335
0.0092853
0.0073148
-0.0377379
-0.0240850
-0.0413695
-0.0196308
0.0504174
0.0358586
0.0478781
0.0109190
0.0505197
0.0355297
0.0371955
-0.0273705
-0.0587404
-0.0285893
0.0076515
0.0084435
-0.0285159
0.0054116
0.0412470
0.0229180
-0.0347276
-0.0002605
-0.0345975
0.0255285
0.0282895
0.0347777
-0.0436025
0.0024701
-0.0228936
0.0269418
0.0078348
0.0141859
-0.0022695
0.0568790
0.0622501
-0.0448939
0.0284422
0.0585569
-0.0617500
0.0625243
0.0226159
-0.0316918
0.0535840
0.0399967
-0.0026208
-0.0056454
0.0110807
-0.0095757
-0.0081511
0.0597546
0.0391582
0.0220604
-0.0098115
0.0360757
0.0030352
-0.0730975
0.0591072
-0.0668895
0.0161811
0.0477135
0.0535215
0.0438688
-0.0509279
0.0025847
0.0107985
-0.0074907
0.0609365
0.0585561
-0.0454116
0.0752053
0.0539029
0.0432232
0.0493095
-0.0338794
-0.0431485
0.0171770
-0.0693905
-0.0267116
-0.0038309
0.0145566
-0.0200018
0.0641539
0.0277980
0.0117938
0.0399165
0.0293880
0.0084978
-0.0229118
-0.0165915
-0.0141505
-0.1410767
-0.2197745
-0.1780722
-0.2172017
-0.0226015
0.2751101
0.4069405
0.3008479
0.1274119
-0.1002919
-0.2479616
-0.2675643
-0.0799052
-0.0395973
-0.1161687
-0.0052967
0.0452801
0.0190403
0.0484210
0.0654283
0.0502701
0.0461318
0.0286785
-0.0634813
0.0505804
0.0019269
-0.0615580
-0.0397662
-0.0887935
-0.0379999
-0.0700313
-0.0077326
-0.0573702
-0.0382830
0.0412869
-0.0325365
0.0576104
0.0698345
0.0437674
0.0611012
-0.0517983
-0.0583680
-0.0016404
-0.0242976
0.0447070
-0.0244515
-0.0282492
-0.0520570
-0.0362986
-0.0530620
0.0032720
0.0205916
-0.0263962
0.0383906
-0.0090157
-0.0516038
-0.0624123
0.0259430
-0.0455661
0.0051885
-0.0158935
-0.0402943
0.0468177
0.0003617
-0.0295423
-0.0219993
0.0321085
0.0437859
-0.0035795
0.0599013
-0.0188708
0.0113174
-0.0029745
-0.0519423
0.0605097
0.0271927
-0.0217867
0.0466236
0.0651490
0.0480644
-0.0668865
0.0488960
-0.0623203
0.0421558
0.0213083
0.0612057
-0.0054463
0.0423647
-0.0304275
-0.0074310
0.0248691
0.0321194
-0.0506541
0.0081495
-0.0191085
-0.0197883
0.0546519
-0.0624247
0.0379842
0.0501668
0.0420914
0.0154373
0.0117354
-0.0081665
0.0127738
0.0410817
0.0004523
-0.0427899
0.0026121
0.0589426
-0.0408610
0.0102341
-0.0623910
0.0377717
0.0357893
-0.0077501
-0.0614931
-0.0043212
0.0062426
-0.0279873
-0.0012946
-0.0423277
-0.0067831
0.0660831
-0.0370450
0.0378533
0.0210949
0.0507543
-0.0498606
0.0268890
0.0107630
0.0597665
0.0029771
-0.0367512
-0.0379186
0.0101565
0.0670598
-0.0527675
-0.0104908
-0.0213167
0.0251982
-0.0729572
0.0372689
0.0117436
-0.0084429
0.0475240
-0.0193916
-0.0418454
-0.0607214
-0.0029007
-0.0193826
-0.0187061
0.0410768
0.0591767
0.0447846
0.0163790
-0.0071849
-0.0653402
-0.0753564
0.0132854
0.0062610
-0.0831946
0.0400017
-0.0478606
0.0567397
0.0136798
0.0328678
0.0297730
0.0187489
0.1030800
-0.0165219
0.0310829
-0.0067010
-0.0984606
-0.2100378
-0.1816469
-0.1686246
0.0091252
0.2266465
0.3963110
0.3829016
0.2495289
-0.0058886
-0.2142393
-0.1797754
-0.1781571
-0.1267522
-0.0592395
-0.0117955
-0.0215622
0.0648624
0.1126484
0.0211746
0.0496585
0.0468436
0.0988032
0.0110682
-0.0205779
-0.0684518
-0.0631338
0.0181846
-0.0043019
0.0248035
0.0103058
0.0179497
-0.0477898
-0.0556813
-0.0549051
-0.0190374
0.0185915
-0.0305760
-0.0338182
0.0040728
-0.0125406
-0.0040486
-0.0326592
-0.0275579
-0.0171562
0.0330238
0.0187215
0.0531599
0.0402622
-0.0076011
0.0313747
0.0581432
0.0202407
0.0398974
-0.0625432
-0.0020216
0.0560123
0.0412251
-0.0497345
0.0290220
-0.0597393
-0.0242095
0.0129575
-0.0341737
0.0262017
0.0069700
-0.0171416
-0.0169774
-0.0141145
-0.0520802
-0.0493503
0.0453354
-0.0092408
0.0617757
0.0570195
0.0161317
0.0201589
-0.0543959
0.0434472
-0.0620524
0.0314854
0.0052212
-0.0513756
-0.0339170
0.0502888
0.0344977
0.0700925
-0.0567003
-0.0563098
-0.0512001
0.0172530
-0.0337413
0.0408636
0.0451318
0.0169722
-0.0406580
-0.0017784
-0.0144459
0.0252710
0.0531011
-0.0021225
-0.0498926
-0.0344167
0.0340453
0.0148499
0.0442444
-0.0263709
-0.0338131
-0.0567555
-0.0712451
0.0291753
0.0292991
0.0656530
0.0569022
0.0142561
0.0619576
-0.0314739
0.0246439
-0.0598634
0.0044658
0.0096133
-0.0071306
-0.0028952
0.0275559
0.0406099
0.0612986
0.0351817
-0.0395218
-0.0682084
0.0663411
0.0424873
-0.0439342
0.0172600
-0.0297970
0.0565833
-0.0456133
-0.0304722
0.0560385
0.0244365
-0.0519123
0.0482398
0.0439426
0.0335401
0.0161897
-0.0737344
0.0441321
0.0215252
-0.0092699
0.0553319
-0.0413180
0.0450556
0.0417850
0.0227587
-0.0408711
0.0118946
0.0255637
0.0558420
-0.0519136
-0.0684553
0.0164077
0.0384226
-0.0679941
-0.0873941
0.0405421
0.0392202
-0.0055955
0.1059208
-0.0133552
0.0877805
0.0588116
0.0983350
-0.0083775
-0.0576177
-0.0012745
-0.1070354
-0.2085537
-0.1192464
-0.1222069
0.0290201
0.1528530
0.3516933
0.2524464
0.1401903
-0.0589101
-0.2302464
-0.1786225
-0.1607128
-0.1146824
-0.1071137
-0.0549121
-0.0304505
0.0716545
0.0061643
-0.0114937
0.0643693
-0.0178397
0.0056994
0.0170921
0.0405996
-0.0874686
0.0194134
0.0266173
-0.0744998
-0.0449849
-0.0455727
-0.0079463
-0.0114378
0.0380337
0.0276137
0.0235185
-0.0147138
-0.0215328
-0.0206501
0.0426799
0.0596113
0.0247761
-0.0046175
0.0342115
-0.0602645
0.0152459
0.0285835
0.0203374
-0.0546996
-0.0205334
0.0532650
0.0137916
-0.0503301
0.0127527
-0.0111124
0.0413613
0.0140169
0.0146346
-0.0664897
-0.0474987
0.0074266
-0.0698885
-0.0340638
-0.0418552
-0.0131023
0.0237437
-0.0604441
-0.0312855
-0.0241680
-0.0384310
0.0206667
-0.0569802
0.0599061
0.0188128
0.0354026
0.0342295
-0.0451065
0.0091457
-0.0440029
0.0572300
0.0106801
-0.0610854
-0.0642247
0.0662716
-0.0361271
-0.0549820
-0.0056749
0.0214525
0.0604212
-0.0585304
0.0064808
0.0353561
-0.0275262
-0.0378918
-0.0381067
0.0326724
-0.0055918
0.0376631
-0.0708735
0.0479207
0.0508730
0.0157750
0.0238275
-0.0048686
0.0544027
0.0121288
0.0223377
0.0163067
-0.0576139
0.0146172
0.0012069
0.0540227
-0.0548715
-0.0096149
0.0114681
-0.0672879
-0.0142892
-0.0328777
-0.0046734
0.0646794
0.0265176
0.0359849
0.0106336
0.0359094
0.0337585
-0.0602709
-0.0285554
-0.0199589
0.0345964
-0.0371331
-0.0497926
0.0526752
0.0444091
0.0510975
0.0106492
-0.0601038
-0.0589742
0.0269661
0.0660732
0.0277635
-0.0728589
-0.0641077
-0.0118611
-0.0337482
-0.0524600
0.0509064
-0.0189922
-0.0118370
0.0762640
0.0746146
-0.0467610
0.0369066
-0.0127262
-0.0009134
0.0612072
-0.0227973
0.0336366
-0.0223823
-0.0342920
0.0035815
0.0289521
0.0067768
-0.0548892
0.0120632
0.0027343
0.0375651
0.0815823
0.0279007
0.0340719
-0.0029647
0.0770319
0.0511592
-0.0053138
-0.1305076
-0.2068201
-0.2320372
-0.1586231
-0.0252279
0.1971125
0.3481853
0.3917968
0.2444133
0.0089758
-0.1242694
-0.1810589
-0.0901185
-0.0721153
0.0024933
-0.0481973
-0.0280655
0.0002795
0.1147976
0.0243179
0.1154037
0.0435741
0.0628812
0.0741369
-0.0187808
-0.0390111
-0.0486885
-0.0778875
0.0152225
0.0318288
0.0069554
-0.0323620
-0.0638177
-0.0212997
-0.0303273
-0.0385966
0.0054146
0.0159449
-0.0535882
0.0751343
0.0461756
0.0288188
-0.0740295
-0.0050280
-0.0782821
-0.0506536
0.0494993
0.0668502
-0.0060287
0.0154639
-0.0655466
-0.0416975
0.0125550
0.0695454
-0.0549038
-0.0161970
0.0258192
0.0341477
-0.0025237
0.0213009
-0.0420728
0.0604915
0.0212105
0.0338332
0.0536853
-0.0461941
0.0269778
-0.0469779
-0.0368423
0.0384111
0.0072112
0.0023012
0.0530369
-0.0539230
-0.0493313
0.0336752
0.0113210
0.0424805
-0.0461417
0.0067251
0.0672700
0.0745289
-0.0022155
0.0249643
0.0323852
0.0137912
-0.0636768
-0.0296084
-0.0644692
0.0541172
-0.0122481
0.0046220
-0.0231441
0.0501802
-0.0274878
0.0402148
-0.0456951
-0.0536478
0.0575875
-0.0119951
0.0460948
0.0171596
0.0524065
-0.0344566
0.0152576
0.0210493
0.0401295
0.0066119
-0.0196682
-0.0463848
0.0098753
-0.0386721
0.0012063
0.0230562
-0.0092019
-0.0337743
-0.0520264
-0.0207687
-0.0215455
-0.0648366
-0.0153637
0.0222551
0.0136954
0.0634265
-0.0021087
0.0018995
-0.0426715
-0.0565496
0.0118855
0.0267291
0.0607138
-0.0471117
-0.0542162
0.0315934
0.0133273
0.0564276
-0.0612599
-0.0518808
-0.0644162
0.0409456
-0.0724019
0.0461673
-0.0487216
-0.0573588
-0.0197374
-0.0162460
0.0417022
0.0533093
0.0794399
0.0372775
-0.0609401
-0.0624428
0.0321750
-0.0268931
0.0348048
-0.0482321
-0.0505708
0.0141118
-0.0425042
-0.0587568
-0.0267898
-0.0144166
0.0343439
0.0833102
0.0386608
0.0976501
-0.0064188
0.0060737
-0.0632243
-0.1081167
-0.0457993
-0.1579090
-0.2530055
-0.1558369
-0.0644637
0.1125879
0.4469783
0.4501422
0.2745949
-0.0557173
-0.2403502
-0.1994089
-0.1017061
-0.1627982
-0.1022656
-0.0716018
0.0176381
0.0403702
0.0914835
0.0401527
0.0957539
0.0524091
0.0281056
0.0475152
0.0193319
-0.0245856
-0.0323195
-0.0942426
-0.0499394
-0.0387012
-0.0737117
0.0601849
0.0604251
-0.0445919
0.0673293
-0.0230283
-0.0238162
-0.0573436
0.0384340
0.0670440
-0.0019440
0.0165166
-0.0043918
0.0476532
-0.0305991
-0.0002364
0.0390143
-0.0234248
-0.0212459
0.0678512
0.0612432
0.0415154
-0.0347345
-0.0476053
0.0089717
0.0172256
0.0564562
-0.0086182
-0.0323487
-0.0509351
-0.0225268
-0.0163216
0.0444349
0.0553430
0.0654618
0.0121202
-0.0582507
0.0305997
0.0158362
0.0469925
0.0469495
-0.0360841
0.0057315
0.0213828
0.0116026
0.0299813
-0.0333462
0.0091736
0.0550796
-0.0037562
0.0569605
0.0414139
-0.0515522
-0.0636194
0.0621028
0.0172935
-0.0348972
-0.0224334
-0.0565772
-0.0186271
-0.0668193
-0.0026608
0.0371761
-0.0124516
-0.0068434
0.0239705
-0.0057597
-0.0481450
-0.0442666
0.0450773
-0.0252437
0.0606344
0.0385644
-0.0155435
0.0622203
0.0575418
-0.0151159
-0.0317181
0.0411946
-0.0432164
-0.0117969
0.0313999
-0.0603124
-0.0016166
0.0606053
-0.0524849
-0.0023994
-0.0334685
0.0554116
0.0590369
-0.0276343
0.0630683
0.0192135
0.0672225
-0.0575576
-0.0263195
-0.0290534
-0.0562448
-0.0616764
0.0687521
0.0470804
-0.0429138
0.0365653
0.0211193
-0.0540492
-0.0462905
-0.0026834
0.0599916
0.0133312
0.0553814
-0.0221037
0.0451137
-0.0043221
-0.0418393
-0.0726576
0.0604607
0.0690476
0.0287429
0.0546741
-0.0339436
0.0609979
-0.0535074
-0.0035494
0.0417996
0.0234837
-0.0436301
-0.0091516
-0.0660575
-0.0438642
0.0185717
-0.0504076
0.0431903
-0.0710512
0.0604697
0.0675316
0.1037557
-0.0047005
0.0318491
0.0332419
0.0097270
0.0718631
-0.0810857
-0.0257060
-0.0566709
-0.1841674
-0.2712777
-0.2461186
-0.0985132
0.1599349
0.4514431
0.3407602
0.1485266
-0.0411848
-0.1928808
-0.2804513
-0.1105646
-0.0370024
-0.1108906
-0.0478890
0.0263269
-0.0152968
0.0147364
0.1187654
0.0038244
0.0176375
0.0053959
0.0557576
-0.0334081
0.0403647
-0.0401223
-0.0714502
-0.0395912
0.0335824
-0.0711856
-0.0270063
0.0572802
0.0086626
0.0316007
0.0684106
0.0380633
0.0075253
0.0160958
0.0230528
-0.0001000
0.0627113
0.0456650
-0.0511077
0.0403933
-0.0410011
0.0100986
-0.0199605
-0.0238406
0.0219640
-0.0528339
0.0797776
-0.0354801
0.0292012
0.0631278
-0.0414791
0.0292164
-0.0435534
0.0155099
0.0007865
0.0448688
0.0636387
-0.0476245
-0.0647362
-0.0371965
-0.0198979
0.0566974
0.0652402
0.0660242
0.0644570
-0.0079823
-0.0411303
-0.0464708
0.0216319
-0.0611584
0.0074288
-0.0118035
-0.0436092
-0.0212751
-0.0242556
-0.0380032
0.0526138
0.0092774
0.0224553
-0.0730868
-0.0590652
0.0547490
0.0201175
0.0022313
-0.0637446
0.0240832
-0.0149606
-0.0014178
-0.0511613
-0.0266690
0.0362865
-0.0193515
