-0.0250488
0.0020866
0.0210844
0.0136150
-0.0039812
-0.0262238
-0.0189501
-0.0122550
0.0329820
0.0378759
-0.0125045
-0.0175506
0.0159094
-0.0156118
0.0210380
-0.0071681
0.0270590
-0.0093779
-0.0325375
-0.0102367
-0.0276019
-0.0064071
-0.0352606
0.0004930
-0.0079153
-0.0026115
0.0161152
0.0173462
0.0092675
0.0160184
-0.0232273
-0.0008247
0.0124812
0.0249484
-0.0368193
-0.0235919
-0.0279787
0.0071599
-0.0077170
0.0198068
-0.0198989
-0.0163442
0.0199719
-0.0144273
0.0182280
0.0253972
0.0144351
-0.0124000
-0.0089271
0.0307177
0.0227267
-0.0405707
0.0231354
-0.0258157
-0.0009164
-0.0135724
0.0056098
0.0095596
0.0146962
-0.0175257
-0.0236743
-0.0086573
-0.0055899
-0.0063682
-0.0057358
-0.0096045
0.0006758
-0.0172870
-0.0091592
-0.0239946
0.0066198
-0.0052193
-0.0180029
-0.0314250
-0.0244744
0.0255133
0.0237453
0.0149664
-0.0286677
-0.0004023
-0.0281953
-0.0188550
0.0104169
0.0283471
0.0265915
-0.0283618
0.0132966
-0.0257791
-0.0116081
-0.0197036
-0.0250896
0.0196779
0.0089649
0.0139322
0.0197386
0.0132013
0.0168892
-0.0261315
0.0226360
0.0428253
-0.0230862
0.0054378
-0.0014051
0.0010647
-0.0291713
-0.0231410
-0.0084979
-0.0358423
-0.0235047
-0.0118001
-0.0234953
0.0266002
-0.0195448
0.0045321
-0.0119288
0.0238512
0.0354883
0.0014089
0.0340989
0.0242308
-0.0015598
0.0053936
-0.0252001
-0.0349200
-0.0527112
-0.0277084
-0.0465455
-0.0049609
0.0054412
-0.0071301
0.0474939
0.0523135
0.0323354
0.0849758
0.0382637
0.0144499
0.0164107
-0.0237098
-0.0791306
-0.1288802
-0.2133457
-0.2085984
-0.0706805
0.1167808
0.3399832
0.3431993
0.1558907
-0.0227712
-0.1662613
-0.2117920
-0.1226241
-0.0929205
-0.0269023
-0.0560100
0.0168784
0.0183059
0.0768771
0.0732583
0.0505475
0.0049791
0.0139351
-0.0088434
-0.0237236
0.0165494
-0.0305493
-0.0286189
0.0133036
-0.0241020
-0.0020446
0.0061417
0.0137184
0.0126904
0.0106935
-0.0066824
0.0067686
-0.0129019
0.0115729
-0.0028126
-0.0351215
-0.0285328
-0.0297176
-0.0115729
-0.0303959
-0.0305017
0.0006884
-0.0411175
-0.0161531
0.0112304
-0.0072603
0.0159234
-0.0006165
0.0104368
0.0262801
-0.0217497
0.0004589
-0.0011506
0.0376282
0.0395117
-0.0291313
-0.0245774
0.0096182
-0.0186152
0.0007956
0.0111125
-0.0217281
0.0019879
-0.0316053
0.0029876
-0.0279981
-0.0088030
-0.0375734
0.0076127
-0.0126170
0.0156072
0.0236130
-0.0072149
-0.0154909
-0.0107765
0.0136473
0.0307669
-0.0229926
-0.0227361
0.0097705
-0.0163510
-0.0191993
0.0022814
-0.0167852
0.0068592
0.0118460
0.0305620
0.0109650
0.0007751
0.0163147
0.0099681
0.0188196
-0.0308452
-0.0258396
0.0150345
-0.0061242
-0.0034188
-0.0101739
-0.0085232
0.0071761
-0.0416680
0.0100216
0.0080921
0.0296119
0.0388173
-0.0214938
0.0204381
-0.0031594
-0.0218337
-0.0030527
0.0143836
0.0188080
0.0156814
0.0068401
0.0241783
-0.0152822
0.0083126
0.0080151
-0.0239782
-0.0251700
0.0343827
0.0311064
0.0272607
-0.0202788
-0.0027988
0.0041711
-0.0058692
0.0080448
-0.0258316
-0.0040387
-0.0274319
0.0019071
0.0169516
0.0270751
0.0118720
-0.0257257
0.0111209
0.0276881
0.0007220
0.0091019
-0.0002221
-0.0286474
0.0318477
0.0201253
0.0082732
-0.0023007
0.0301018
-0.0168990
0.0147954
-0.0086581
-0.0159861
-0.0187950
0.0281503
-0.0334386
-0.0015053
0.0234071
-0.0233531
-0.0159610
-0.0081707
-0.0264787
0.0331025
-0.0170338
-0.0098978
0.0108729
0.0204686
0.0207339
-0.0011420
-0.0040856
-0.0105688
0.0103291
0.0165034
0.0136978
0.0121241
-0.0296473
-0.0120732
-0.0293339
0.0101412
-0.0261012
0.0398611
0.0368293
-0.0214117
0.0009788
-0.0248616
-0.0183432
0.0248033
0.0108419
0.0255754
-0.0128003
0.0212032
0.0151464
-0.0099357
-0.0360217
0.0063799
0.0063246
-0.0005233
0.0437256
-0.0096605
0.0298147
0.0014420
0.0207503
0.0229896
0.0069842
-0.0269460
0.0247226
0.0105681
-0.0379185
-0.0001254
-0.0466019
-0.0449949
0.0008800
0.0375837
0.0309881
0.0632945
0.0783187
0.0912301
0.0639760
0.0317453
-0.0110987
-0.0396244
-0.0274337
-0.0826220
-0.1581235
-0.2243902
-0.1572471
0.0544017
0.2652949
0.3397909
0.2854605
0.0987643
-0.1219962
-0.1717657
-0.1276496
-0.0566680
-0.0942596
-0.0252561
-0.0479729
0.0410580
0.0208662
0.0662871
0.0237742
0.0297516
0.0747263
0.0628326
0.0236879
-0.0097621
0.0017708
0.0079085
0.0008314
0.0082927
-0.0410333
-0.0430021
0.0278033
-0.0048824
-0.0065250
-0.0170597
0.0380221
-0.0014708
0.0052375
0.0412315
-0.0135570
-0.0031157
0.0045767
0.0275227
-0.0092795
0.0291633
0.0008960
-0.0155367
-0.0153070
-0.0186448
0.0277970
0.0147560
0.0351688
-0.0189616
-0.0067123
0.0265639
-0.0089684
-0.0039506
0.0171519
0.0039093
0.0230507
0.0278720
0.0145142
0.0335310
0.0055654
0.0290755
-0.0311537
0.0269601
0.0003822
0.0107249
0.0071176
0.0264934
0.0184341
-0.0294717
-0.0036194
-0.0048986
-0.0158188
0.0076319
0.0298115
0.0072929
0.0263354
0.0201306
0.0072322
-0.0151954
0.0104786
-0.0245161
-0.0162454
-0.0308033
0.0234908
0.0296945
0.0261765
0.0330515
0.0193259
0.0003798
0.0128799
0.0155813
-0.0071253
-0.0227008
0.0090522
0.0253674
0.0327595
-0.0128739
0.0107880
-0.0106212
0.0271963
-0.0184584
-0.0300451
-0.0227541
0.0215205
0.0012919
-0.0156100
-0.0009158
0.0181858
-0.0083602
-0.0181530
0.0070658
0.0123686
0.0226937
0.0298282
0.0247306
-0.0334160
0.0258572
0.0341254
-0.0113237
-0.0081331
-0.0322217
-0.0255254
0.0099434
-0.0300346
0.0225196
0.0045109
0.0196223
-0.0091766
-0.0114433
0.0205569
0.0067257
-0.0151224
0.0095120
-0.0115457
-0.0310774
0.0337598
-0.0316233
0.0347128
0.0372842
-0.0046578
0.0289817
-0.0113255
0.0203706
-0.0080692
0.0042208
0.0347825
0.0213846
0.0263996
-0.0070038
0.0298364
0.0242498
0.0059071
0.0258412
-0.0189727
0.0049059
0.0095829
0.0040691
-0.0358247
0.0202995
-0.0253764
-0.0238664
0.0069457
-0.0181141
0.0110128
0.0226573
0.0333563
0.0061389
0.0207355
-0.0059734
-0.0245262
0.0100804
0.0320739
0.0137583
0.0031996
0.0200744
0.0211156
-0.0257974
0.0330467
-0.0039238
0.0245379
0.0248848
-0.0091038
0.0345756
0.0049799
-0.0353647
-0.0146885
-0.0306936
-0.0185059
0.0235561
-0.0096916
-0.0126561
-0.0074052
-0.0093017
0.0090302
-0.0095675
0.0076782
-0.0021571
0.0268986
0.0468785
0.0376192
0.0080786
-0.0255298
-0.0379259
-0.0482296
0.0009980
-0.0368379
-0.0305368
-0.0190005
0.0374365
-0.0123876
0.0288908
0.0287742
0.0440215
0.0433788
0.0819143
0.0108705
0.0162841
-0.0431169
-0.1102095
-0.1365248
-0.1999236
-0.1698578
-0.0738862
0.1385812
0.2843712
0.3066247
0.1595534
-0.0366327
-0.1249745
-0.1452477
-0.1155747
-0.1066899
-0.0656453
-0.0321794
0.0218661
0.0262113
0.0543948
0.0662045
0.0650729
0.0311163
0.0286007
0.0067993
-0.0069640
-0.0247991
-0.0434227
-0.0003329
-0.0336008
0.0101314
-0.0384571
-0.0295351
0.0089105
0.0397557
0.0186999
0.0251152
0.0125900
-0.0011974
0.0373050
0.0365936
0.0333786
-0.0237238
0.0131221
0.0179658
0.0283672
-0.0011776
0.0185220
-0.0244885
0.0051940
-0.0229554
0.0104961
-0.0317248
0.0061641
-0.0169289
-0.0309676
-0.0065256
0.0138571
-0.0164411
0.0082939
0.0410685
0.0306488
-0.0163044
-0.0395969
-0.0064969
-0.0048312
0.0233212
-0.0281671
0.0269179
0.0255149
0.0337633
0.0079426
0.0032532
-0.0130668
-0.0157300
-0.0139947
0.0251151
-0.0112740
0.0244105
0.0358102
0.0097777
-0.0315396
0.0214932
0.0011224
-0.0152085
0.0186063
0.0176282
0.0077139
-0.0279131
0.0307441
-0.0302169
-0.0097154
-0.0241482
-0.0136302
-0.0290450
-0.0104204
0.0234878
0.0050619
-0.0098628
0.0235204
0.0001313
-0.0094223
0.0194555
0.0271541
0.0002597
0.0291077
0.0125379
-0.0166493
-0.0022647
0.0388195
-0.0153144
0.0342155
-0.0395316
-0.0457682
-0.0365510
0.0145254
0.0329242
0.0091126
0.0042066
-0.0091088
-0.0180395
0.0051085
-0.0246565
-0.0390959
-0.0061632
0.0067513
-0.0160114
-0.0123270
-0.0201192
-0.0162649
0.0208140
-0.0229326
0.0160143
0.0069303
-0.0079812
-0.0160310
0.0030541
0.0027072
-0.0247194
-0.0156675
0.0073590
-0.0122490
-0.0241154
0.0259238
0.0291802
-0.0215571
0.0283775
0.0071605
-0.0231342
-0.0199974
0.0167825
0.0087846
0.0138780
0.0305217
-0.0132294
-0.0215902
-0.0326182
-0.0254938
0.0352357
0.0056048
0.0034852
-0.0271539
-0.0342563
0.0244162
-0.0313187
0.0115342
0.0056466
0.0331059
-0.0265540
-0.0074790
0.0349725
0.0153851
-0.0285334
0.0245980
-0.0097391
0.0267323
-0.0061297
-0.0003122
-0.0076071
0.0278348
-0.0057524
-0.0164480
0.0258214
0.0337995
-0.0027506
0.0135326
-0.0184138
0.0020004
-0.0100053
-0.0231567
0.0335009
-0.0200690
-0.0137073
-0.0225900
0.0066529
0.0178315
-0.0314092
0.0281363
0.0142685
0.0433012
0.0413163
0.0070694
-0.0095869
0.0060044
0.0177215
-0.0231088
-0.0268582
-0.0453828
-0.0584621
-0.0233748
-0.0443556
-0.0364800
-0.0236337
-0.0071375
0.0551752
0.0715075
0.0376319
0.0491290
0.0808341
0.0668084
-0.0000525
-0.0002447
-0.0638967
-0.0779574
-0.1487189
-0.1616123
-0.1909187
-0.0458884
0.1485158
0.3290356
0.3341732
0.1361077
-0.0362540
-0.1809227
-0.1478359
-0.1333821
-0.0405637
-0.0870102
-0.0145879
0.0034339
0.0562827
0.0449832
0.0479730
0.0255790
0.0394422
0.0063556
0.0297398
0.0113811
-0.0210623
-0.0336188
0.0006479
0.0001060
-0.0185315
-0.0041122
-0.0170139
0.0083614
0.0061184
0.0401464
0.0191020
0.0065016
-0.0072751
0.0448557
-0.0071046
-0.0134168
0.0043378
-0.0056746
0.0062968
0.0190320
-0.0072029
-0.0159519
0.0056213
0.0315152
0.0138181
0.0212739
0.0005612
0.0112916
0.0338850
-0.0154973
-0.0169442
0.0328508
0.0167465
-0.0132456
0.0016235
0.0266857
0.0054235
0.0296478
0.0185464
-0.0239661
-0.0283555
-0.0129502
0.0014790
-0.0206546
-0.0085820
0.0264594
-0.0073077
-0.0080357
-0.0036954
0.0154743
0.0216835
-0.0030028
-0.0117497
-0.0355754
-0.0184238
0.0010770
0.0228136
-0.0282154
-0.0166252
-0.0212799
0.0122289
-0.0055144
-0.0282886
-0.0124148
-0.0370179
0.0286101
0.0092642
0.0032901
-0.0065974
0.0179193
-0.0016510
-0.0117482
-0.0301494
-0.0026459
-0.0268826
-0.0114580
0.0047882
0.0153834
-0.0253332
0.0164411
-0.0332701
0.0021396
-0.0157893
0.0055592
0.0159700
0.0243933
0.0055378
-0.0083071
0.0022758
0.0019354
0.0156466
0.0107811
-0.0127060
-0.0172226
-0.0068715
-0.0321427
0.0019135
0.0231971
-0.0188289
0.0186418
-0.0026138
-0.0171396
-0.0345159
-0.0202268
-0.0009814
0.0240126
0.0224881
-0.0181627
-0.0029952
-0.0240519
0.0366193
-0.0202853
0.0059266
0.0350954
-0.0175996
0.0187293
0.0052470
0.0183932
-0.0048594
-0.0134660
-0.0320434
0.0304285
0.0282207
-0.0231113
-0.0311810
-0.0237978
0.0229388
-0.0052397
0.0051452
0.0199307
-0.0049774
-0.0297595
0.0006562
0.0127184
-0.0246316
-0.0392742
0.0268729
0.0055394
-0.0121753
-0.0215186
-0.0263894
0.0273194
0.0190930
0.0253507
-0.0044862
-0.0207131
-0.0196226
-0.0032908
0.0329540
-0.0162387
-0.0180337
-0.0250417
-0.0019758
-0.0217538
0.0354574
0.0004477
-0.0052435
-0.0016505
-0.0129866
0.0224799
0.0140488
0.0317152
-0.0116119
0.0182625
-0.0090757
-0.0306273
-0.0001763
0.0065234
0.0190082
-0.0118065
0.0410978
-0.0121111
0.0014308
-0.0251638
-0.0286679
0.0346962
0.0163307
0.0244714
-0.0179405
-0.0165010
-0.0570486
-0.0373936
-0.0146010
-0.0230803
-0.0044564
-0.0203957
0.0065021
0.0655857
0.0851074
0.0760598
0.0626587
0.0692540
-0.0132174
-0.0279317
-0.0706657
-0.1129787
-0.1428186
-0.1595858
-0.1196077
0.0695970
0.2791002
0.3569034
0.2557739
0.0844461
-0.1272833
-0.1736300
-0.1824740
-0.0855733
-0.0431979
-0.0419500
0.0020896
0.0444337
0.0717734
0.0669147
0.0650407
0.0407127
0.0145770
-0.0142739
0.0129340
-0.0254012
0.0096160
-0.0179447
-0.0279848
-0.0226533
-0.0015872
0.0065725
0.0250555
-0.0090542
-0.0095182
-0.0204860
0.0239837
-0.0128132
-0.0088720
-0.0073974
0.0149361
-0.0113053
0.0065791
-0.0274849
0.0272778
-0.0218316
-0.0392244
-0.0389860
0.0203106
0.0161911
0.0271015
-0.0028815
-0.0272210
-0.0255282
-0.0262898
0.0073460
0.0308222
0.0217576
0.0273545
0.0233869
-0.0080539
-0.0117107
-0.0256905
0.0045834
0.0011415
0.0119429
0.0367674
-0.0066247
-0.0340951
-0.0075384
0.0158319
-0.0223181
0.0242410
-0.0088756
-0.0091953
-0.0089318
-0.0159011
-0.0309500
-0.0132466
-0.0402933
0.0086116
0.0195609
0.0129484
0.0459332
-0.0197291
-0.0140710
-0.0064885
-0.0267551
-0.0193330
0.0066981
0.0355130
-0.0125058
-0.0325577
0.0172598
-0.0000276
-0.0282351
-0.0080784
-0.0112375
-0.0115020
0.0123364
0.0029427
0.0280878
0.0234870
-0.0173032
0.0073159
0.0355020
0.0120863
-0.0175830
0.0178363
-0.0191179
-0.0253763
0.0335450
-0.0388276
-0.0153245
0.0186143
-0.0028948
0.0043663
-0.0066259
0.0229053
-0.0019907
-0.0375783
-0.0188211
0.0206018
0.0205243
0.0287728
-0.0026371
0.0033014
0.0023975
-0.0230939
-0.0014637
0.0001623
-0.0257462
-0.0316414
-0.0222363
-0.0029140
0.0315464
0.0139429
-0.0207434
0.0246273
0.0279955
-0.0284882
-0.0297050
0.0294518
0.0289026
0.0154896
0.0073050
0.0075720
0.0347177
0.0131819
-0.0119511
0.0011049
-0.0161782
0.0144116
-0.0129774
0.0057083
0.0176832
0.0073721
0.0269574
-0.0254768
-0.0358921
0.0256820
-0.0269702
0.0240364
0.0087391
-0.0061994
-0.0260866
-0.0231330
-0.0042125
-0.0339495
0.0174458
-0.0302740
0.0075165
0.0329650
0.0150134
-0.0189325
0.0174353
-0.0107784
-0.0079608
-0.0277891
0.0028619
0.0139733
-0.0144663
0.0271078
0.0016309
0.0048866
0.0281985
-0.0118430
-0.0316130
-0.0156484
-0.0052195
-0.0072293
0.0276162
0.0321190
-0.0062674
0.0451398
0.0150713
-0.0060426
-0.0262836
-0.0055043
0.0022211
-0.0107403
0.0084309
-0.0176080
-0.0040816
-0.0243030
-0.0049706
-0.0125171
0.0014472
0.0270703
0.0207336
0.0444040
0.0288878
0.0452391
0.0734664
-0.0194221
-0.0687679
-0.1021671
-0.1267812
-0.1405397
-0.1901515
-0.1112085
0.0422704
0.2369725
0.3402815
