0.0024088
-0.0009923
0.0146511
-0.0022785
-0.0236436
-0.0514309
-0.0218186
-0.0286089
-0.0010369
0.0126100
0.0346948
0.0420297
0.0357293
0.0295304
0.0904150
0.0716896
0.0567948
0.0255010
-0.0527476
-0.0831424
-0.1322884
-0.1795182
-0.1938329
-0.0990501
0.1059061
0.3255905
0.4170547
0.2725266
0.0570501
-0.1789337
-0.2336636
-0.1373759
-0.0833855
-0.0865853
-0.0183781
-0.0204316
0.0032502
0.0297566
0.0510961
0.0790634
0.0547001
0.0572847
0.0268065
0.0210023
-0.0334953
-0.0194986
-0.0248664
-0.0085732
0.0102778
-0.0287276
-0.0206362
0.0039586
-0.0080893
0.0251000
0.0294834
0.0244781
0.0187641
0.0095887
0.0412771
0.0314519
-0.0330985
-0.0005429
0.0007213
-0.0146680
-0.0073109
0.0253178
-0.0362000
-0.0112316
0.0238060
-0.0075400
-0.0008892
0.0120588
0.0028576
0.0238624
0.0110356
0.0027885
-0.0104295
-0.0218868
-0.0039953
-0.0005081
0.0027536
0.0201761
0.0193641
0.0161889
-0.0105839
-0.0151115
0.0344335
0.0115363
0.0313715
0.0242990
-0.0234320
-0.0051103
-0.0099426
-0.0026672
-0.0034055
0.0020918
-0.0342143
0.0109208
-0.0187300
-0.0176938
-0.0115761
-0.0085355
-0.0161280
0.0328399
-0.0114811
-0.0127654
-0.0321800
-0.0242755
0.0181333
0.0120755
0.0233835
-0.0174197
-0.0076850
0.0266398
-0.0203524
0.0027862
-0.0263637
-0.0201810
-0.0130710
0.0296650
-0.0065960
0.0063936
0.0190666
0.0055609
0.0129720
0.0045444
-0.0092343
0.0168596
0.0260016
-0.0038471
0.0245393
0.0359980
0.0269751
-0.0046358
0.0073838
-0.0114440
0.0340395
0.0148711
-0.0166503
0.0163161
-0.0022722
0.0058662
-0.0194394
0.0182118
-0.0333336
0.0290153
-0.0004366
0.0340933
0.0321537
-0.0055479
0.0165252
-0.0299371
-0.0215217
-0.0314754
-0.0208207
-0.0029638
0.0116251
-0.0092716
-0.0140203
-0.0002902
0.0117854
-0.0415073
-0.0308658
0.0148483
-0.0115159
0.0189501
0.0318779
-0.0156331
0.0276594
-0.0297150
-0.0286756
0.0010194
-0.0245752
-0.0065636
0.0021822
-0.0244771
0.0085792
0.0160900
-0.0312911
-0.0150451
-0.0025825
-0.0116802
-0.0049361
0.0248757
-0.0003195
0.0149989
-0.0162286
0.0051874
-0.0078404
-0.0317826
-0.0357257
-0.0249627
-0.0192539
-0.0083237
-0.0240368
-0.0106476
0.0186904
-0.0032936
0.0333065
-0.0030944
0.0171500
0.0067350
0.0051133
-0.0039179
-0.0141238
-0.0158145
-0.0388175
-0.0373682
-0.0088370
-0.0170118
-0.0405057
-0.0126023
0.0530478
0.0046806
0.0489387
0.0709746
0.0309876
0.0673764
0.0434881
0.0280931
-0.0070701
-0.0554604
-0.1235918
-0.1534749
-0.2347369
-0.1893851
-0.0026834
0.2588057
0.3708205
0.3402855
0.1443745
-0.1127044
-0.2126488
-0.2276678
-0.1353684
-0.1070667
-0.0665203
-0.0193963
0.0350857
0.0845810
0.0971123
0.0877228
0.0515449
0.0235243
0.0502280
0.0203700
0.0280269
-0.0122239
-0.0272959
-0.0634560
-0.0352835
-0.0405681
-0.0283869
0.0283248
-0.0089648
-0.0221064
0.0351833
-0.0074926
0.0154952
0.0130261
0.0170266
0.0148322
0.0168058
-0.0049550
0.0048167
0.0007937
-0.0414414
0.0182830
0.0251612
-0.0298214
-0.0086451
-0.0041483
0.0152006
0.0054657
0.0376981
0.0015735
0.0102809
0.0133194
0.0233691
-0.0176948
-0.0132037
0.0130374
0.0123728
0.0168648
-0.0102252
-0.0007854
-0.0061662
0.0164244
-0.0089153
0.0222547
-0.0124758
0.0090922
-0.0076784
0.0147324
0.0101006
-0.0197514
-0.0236626
0.0325064
0.0112685
-0.0167742
-0.0176070
0.0260452
0.0220371
-0.0140578
0.0029148
-0.0224471
-0.0212913
-0.0076254
0.0024680
-0.0162461
0.0205717
0.0131403
0.0409985
0.0377470
0.0084310
-0.0031703
0.0171258
0.0114809
-0.0232663
-0.0085038
0.0215682
0.0002609
0.0133663
-0.0250334
-0.0232800
0.0288147
-0.0047936
-0.0067572
-0.0322963
-0.0246940
0.0084946
-0.0184457
0.0112187
0.0053692
0.0337514
0.0172046
-0.0284396
0.0272899
0.0111013
-0.0057620
-0.0151146
0.0268594
-0.0021269
0.0268241
-0.0227899
-0.0198938
0.0139488
-0.0062661
0.0041494
0.0167494
-0.0037613
-0.0167381
-0.0119799
-0.0053425
0.0251762
-0.0045615
-0.0101249
0.0236580
-0.0091002
0.0056924
-0.0026829
0.0308199
0.0180161
-0.0199306
-0.0173462
-0.0191436
-0.0276530
-0.0204032
0.0120936
-0.0191019
0.0138093
0.0218569
-0.0059108
-0.0168594
-0.0100811
0.0177970
-0.0026822
0.0261204
-0.0187729
-0.0055796
0.0117652
0.0088498
-0.0134065
0.0190364
-0.0092195
0.0270277
0.0110699
-0.0156832
0.0388046
-0.0106050
0.0277755
-0.0049916
-0.0008901
-0.0039156
0.0346294
-0.0370829
-0.0501421
-0.0179464
-0.0411164
-0.0278002
-0.0084419
0.0016725
0.0215313
0.0317198
0.0517716
0.0256079
0.0709370
0.0705807
0.0883283
0.0626577
0.0127157
-0.0006004
-0.0292815
-0.0624736
-0.1489745
-0.1899591
-0.1943720
-0.0816035
0.1337209
0.3558623
0.3722804
0.2267376
-0.0051845
-0.1973701
-0.2038528
-0.1127309
-0.1044399
-0.0323882
-0.0572330
0.0358964
0.0768520
0.0803636
0.0509015
0.0819962
0.0386115
0.0039044
-0.0206068
0.0046075
-0.0154151
0.0055350
0.0001472
-0.0529707
-0.0241056
-0.0185851
-0.0003194
-0.0122000
-0.0063705
0.0372645
0.0198255
0.0359521
0.0034494
0.0348904
-0.0281950
0.0244332
-0.0205920
0.0256729
0.0327018
-0.0025951
0.0178110
-0.0044605
-0.0007660
0.0238697
-0.0091568
0.0188224
0.0128306
0.0043440
-0.0161252
-0.0196602
0.0081474
0.0047234
0.0255740
-0.0249801
-0.0191728
0.0271206
0.0173077
0.0045521
0.0053596
0.0245546
0.0337579
0.0215209
-0.0199664
0.0157077
-0.0014017
0.0022886
0.0096324
-0.0091364
0.0333510
-0.0223152
0.0060254
0.0028046
0.0218971
-0.0246584
-0.0147583
0.0079077
-0.0002832
0.0013022
-0.0146900
0.0044069
0.0030856
0.0251410
-0.0046756
-0.0136552
-0.0185208
-0.0331590
-0.0080350
-0.0205975
0.0343689
-0.0274565
0.0027310
0.0111208
0.0206423
-0.0070557
0.0056914
-0.0160680
-0.0022770
-0.0310616
-0.0124615
0.0180470
0.0346108
0.0171775
-0.0180469
0.0082587
-0.0105897
-0.0158006
-0.0015774
0.0220705
0.0014106
0.0101875
0.0284093
-0.0285159
-0.0230949
-0.0225834
0.0134614
-0.0022896
-0.0298870
0.0059835
-0.0088633
0.0160931
0.0056327
0.0034132
0.0072841
0.0065783
0.0216380
-0.0356065
0.0172037
-0.0174207
0.0340807
-0.0160059
0.0159706
-0.0222650
-0.0095688
-0.0126911
-0.0021419
0.0286800
0.0135018
0.0307017
0.0059666
-0.0162040
0.0056001
-0.0250799
-0.0068846
0.0174224
0.0022533
0.0234971
0.0162131
-0.0244618
0.0038513
-0.0170493
0.0232138
-0.0296806
0.0093229
0.0155933
-0.0182620
0.0165799
-0.0158182
0.0207926
0.0153735
-0.0121581
0.0240307
-0.0069468
0.0131976
0.0058318
0.0291555
-0.0313438
0.0290813
-0.0119439
0.0301470
-0.0313196
-0.0033104
-0.0283806
0.0021474
-0.0007999
0.0116715
-0.0050864
0.0303241
0.0332083
-0.0103819
0.0195086
0.0057939
-0.0019276
0.0143154
0.0011880
0.0088839
0.0159909
-0.0105658
-0.0269944
-0.0220123
-0.0208742
-0.0282710
-0.0148784
0.0023823
0.0163533
-0.0148189
-0.0237729
0.0040294
0.0113843
0.0280087
0.0311824
0.0389794
-0.0085649
0.0042250
0.0419052
0.0242756
-0.0402812
-0.0005777
-0.0156024
-0.0122011
-0.0578953
-0.0170040
-0.0312260
-0.0073453
0.0164540
0.0276898
0.0604030
0.0656269
0.0622993
0.0869944
0.0621122
0.0038600
-0.0395066
-0.0908835
-0.1261217
-0.2398397
-0.2489944
-0.0754419
0.1007967
0.3286296
0.3941432
0.2362784
0.0039045
-0.1912660
-0.2134236
-0.1733976
-0.0985477
-0.0624927
-0.0341519
0.0134278
0.0574848
0.0666005
0.0934576
0.0647906
0.0563912
0.0197943
0.0198041
-0.0200952
-0.0150625
-0.0386584
-0.0575811
-0.0534959
0.0023712
0.0058014
0.0151673
-0.0292151
-0.0167775
0.0231900
0.0177177
0.0267616
0.0297437
-0.0073336
-0.0177651
0.0305599
-0.0274471
-0.0395834
-0.0270120
-0.0244027
0.0170934
0.0273581
-0.0053085
-0.0274227
-0.0214413
-0.0189916
-0.0236647
0.0186491
0.0398548
0.0166065
-0.0014405
0.0166147
0.0197410
-0.0104130
0.0110872
-0.0241432
0.0305656
-0.0035387
-0.0291043
0.0029337
0.0023800
-0.0250607
0.0084809
-0.0343451
0.0354031
0.0376591
-0.0281454
0.0113809
0.0215031
-0.0280458
0.0364911
-0.0138122
-0.0256626
0.0153147
0.0197856
0.0031984
-0.0130923
0.0109473
-0.0086218
-0.0219907
-0.0104166
-0.0136345
0.0099694
-0.0161277
-0.0158096
-0.0141450
0.0301807
-0.0260820
-0.0227526
-0.0052820
0.0002639
0.0306355
0.0208799
-0.0270978
0.0129691
-0.0384616
0.0269803
-0.0252311
0.0090805
-0.0175525
0.0224570
0.0162199
0.0066319
0.0212036
-0.0107254
0.0300439
0.0057268
-0.0238916
0.0091602
0.0138913
0.0051925
0.0237904
-0.0045923
-0.0098587
-0.0085494
-0.0206527
0.0246822
0.0225191
-0.0232455
0.0323962
0.0268132
-0.0005554
0.0146865
0.0068595
-0.0235049
-0.0175953
0.0058088
0.0165242
-0.0297796
-0.0095881
0.0287681
-0.0013836
0.0135528
-0.0131521
-0.0140090
-0.0079937
-0.0083446
0.0258388
0.0224300
-0.0099529
-0.0018434
0.0141110
0.0042850
-0.0162253
-0.0059790
-0.0322777
-0.0185792
0.0043046
-0.0118391
0.0288917
0.0143072
0.0231852
0.0184060
-0.0034084
-0.0302323
0.0111599
0.0053498
0.0185820
0.0088587
0.0208790
0.0095819
-0.0039167
-0.0253113
0.0244588
0.0184677
0.0183119
-0.0104931
-0.0318209
-0.0253071
-0.0284012
-0.0023218
-0.0034661
-0.0363298
-0.0215974
0.0021597
0.0334056
0.0217715
-0.0241185
0.0007340
-0.0256548
0.0067640
-0.0027065
-0.0207814
-0.0100797
0.0073916
-0.0190978
-0.0147547
0.0084601
0.0101264
0.0137072
0.0320108
0.0145054
0.0026492
-0.0224468
-0.0136197
-0.0010140
0.0264431
0.0047583
-0.0311962
-0.0022598
-0.0629419
-0.0336070
-0.0008325
0.0029223
0.0129944
0.0077994
0.0255977
0.0633769
0.0300427
0.0380434
0.0596621
0.0638102
0.0030188
-0.0025989
-0.0393371
-0.1223104
-0.2082109
-0.2712582
-0.1700432
0.0550297
0.2571634
0.4134542
0.3444589
0.0674308
-0.1421971
-0.2122085
-0.1735287
-0.1218986
-0.1067826
-0.0332966
-0.0213279
0.0507598
0.0444448
0.0433498
0.0364541
0.0220474
0.0510509
0.0550803
0.0273890
-0.0212447
0.0097992
-0.0496850
-0.0105396
-0.0382316
-0.0298266
-0.0210526
-0.0131024
0.0199648
0.0334001
0.0048837
0.0043318
0.0022903
0.0383227
0.0034926
-0.0163553
-0.0057638
0.0010203
0.0218900
0.0249096
-0.0212961
-0.0259810
-0.0446312
-0.0275891
-0.0073708
-0.0157413
0.0268736
0.0154121
-0.0293728
-0.0248157
0.0115839
0.0212997
0.0014519
-0.0245523
0.0035638
-0.0086719
0.0219105
0.0012093
0.0269023
0.0048982
-0.0214083
-0.0211786
-0.0323471
-0.0139484
-0.0320715
0.0116814
-0.0068313
-0.0001501
-0.0336996
0.0251838
-0.0290989
0.0337522
-0.0175145
-0.0042213
-0.0032230
0.0131320
-0.0354798
-0.0089890
0.0035381
0.0056981
-0.0039474
0.0360222
0.0062350
0.0126553
-0.0231091
-0.0309552
0.0198876
-0.0009493
0.0093247
0.0074325
-0.0069758
0.0053803
0.0220623
-0.0151487
0.0228985
-0.0189575
0.0242902
0.0272449
0.0132885
0.0299166
-0.0066280
-0.0003797
0.0261840
-0.0202088
0.0293260
0.0182818
-0.0085210
0.0173656
0.0250705
0.0294473
0.0057473
-0.0095553
0.0208284
0.0128908
0.0202200
-0.0211402
-0.0179237
0.0262902
0.0217425
-0.0172653
0.0149406
0.0268401
-0.0164988
-0.0199148
0.0231501
-0.0331723
-0.0252590
-0.0005672
0.0226646
-0.0061532
-0.0015792
0.0042389
0.0029444
0.0401674
-0.0261985
-0.0143418
-0.0309639
0.0190366
-0.0301283
-0.0207387
-0.0217049
0.0247400
-0.0291396
-0.0207884
0.0279730
-0.0111893
-0.0146200
-0.0200241
0.0194551
0.0312564
0.0355628
-0.0312799
-0.0182404
0.0108623
-0.0224779
-0.0071367
-0.0308010
-0.0047917
0.0110169
-0.0264465
-0.0114250
-0.0212725
-0.0200082
0.0354810
0.0329515
-0.0240263
-0.0273257
-0.0173053
-0.0010476
-0.0168447
0.0099025
0.0179084
-0.0097793
-0.0299542
-0.0203639
0.0402115
0.0297849
0.0240050
0.0227369
0.0285079
0.0447627
0.0144828
-0.0440561
-0.0394157
-0.0477652
-0.0500732
-0.0194724
-0.0066477
-0.0199023
-0.0095122
0.0184825
0.0308746
0.0836175
0.0800710
0.0654862
0.0559482
0.0532754
-0.0319412
-0.0250579
-0.0873213
-0.1335580
-0.2269605
-0.2412087
-0.1234080
0.0500145
0.3065402
0.4090883
0.2634888
0.0451729
-0.1353040
-0.2550455
-0.1809784
-0.0815151
-0.0999250
-0.0541870
0.0060401
0.0172632
0.0697300
0.0815694
0.0354734
0.0791335
0.0673729
-0.0098806
-0.0356301
-0.0509419
-0.0324324
-0.0456142
-0.0184870
-0.0218177
-0.0247567
-0.0298821
0.0044071
-0.0063678
0.0117290
0.0364414
-0.0005026
-0.0072476
0.0059669
0.0091374
0.0267985
0.0125971
-0.0119575
0.0084954
-0.0207204
0.0009227
-0.0062443
0.0105226
-0.0040001
-0.0011092
-0.0179881
-0.0229491
-0.0079847
-0.0206197
0.0071638
-0.0165558
-0.0085802
-0.0137412
-0.0040411
-0.0311311
-0.0197446
0.0135542
0.0103147
0.0048249
-0.0199853
-0.0264285
-0.0099985
0.0330014
0.0323604
-0.0117446
0.0212921
0.0286283
0.0241809
0.0004153
0.0271812
0.0315416
0.0116564
-0.0140220
0.0017591
-0.0232749
0.0180057
-0.0003189
-0.0227012
-0.0177810
-0.0209304
-0.0163803
0.0313335
0.0348728
-0.0022547
0.0012184
-0.0225777
-0.0024641
0.0077209
0.0169965
0.0211171
-0.0006427
-0.0344642
0.0258482
-0.0152801
0.0199734
-0.0197354
0.0216033
-0.0268173
-0.0232344
0.0044425
0.0066469
0.0236598
-0.0326059
0.0057179
0.0294361
-0.0291092
-0.0276747
-0.0121283
-0.0016883
0.0282134
0.0053429
0.0178576
-0.0259934
0.0167301
0.0066638
0.0200459
-0.0163541
0.0161181
-0.0075753
-0.0347697
0.0267109
0.0289712
-0.0054443
-0.0165757
0.0056629
0.0134023
-0.0154784
-0.0139068
-0.0186374
0.0157639
-0.0294656
0.0217204
-0.0170827
0.0059443
0.0186887
-0.0040803
0.0275591
0.0324156
0.0153403
0.0194398
0.0171944
-0.0118965
-0.0141846
0.0152974
0.0023860
0.0315265
0.0340654
0.0108370
0.0223952
-0.0157854
-0.0330102
0.0317413
-0.0196072
-0.0233465
-0.0104451
-0.0043753
0.0041426
0.0198263
-0.0314178
0.0069003
-0.0103798
-0.0175615
0.0483545
0.0023457
0.0218111
0.0110323
0.0035387
-0.0266480
-0.0272989
-0.0203539
-0.0017735
-0.0633494
-0.0078749
-0.0496477
-0.0524864
0.0076206
0.0265446
0.0451403
0.0388460
0.0552582
0.0525432
0.0477775
