-0.1499456
-0.1478566
-0.0880252
-0.0548480
-0.0226216
0.0131243
0.0543038
0.0756725
0.0442296
0.0678138
0.0070332
0.0583367
0.0012054
-0.0150328
-0.0176203
-0.0488421
-0.0204132
-0.0208062
-0.0353330
-0.0132394
-0.0255366
0.0214470
0.0229935
-0.0209361
0.0147719
0.0229341
0.0505046
0.0451569
0.0258477
-0.0151081
-0.0171589
0.0206375
0.0196820
-0.0123648
0.0167264
-0.0255579
-0.0070324
0.0006138
0.0181872
-0.0091949
-0.0172998
0.0112646
-0.0064564
-0.0170492
0.0368053
0.0249706
0.0146541
0.0006843
0.0296338
-0.0275935
-0.0068099
-0.0289776
0.0188731
-0.0143225
0.0147144
-0.0231948
-0.0248828
-0.0037675
-0.0281994
0.0234377
0.0256204
-0.0279029
0.0040065
0.0259576
-0.0109831
0.0195454
-0.0002923
-0.0224673
-0.0082812
0.0317507
-0.0085989
-0.0111051
0.0078278
-0.0029161
-0.0066623
0.0095149
-0.0224049
0.0204824
0.0039182
-0.0034466
-0.0340205
0.0258101
0.0078550
0.0019499
0.0286410
-0.0350019
0.0168088
-0.0299404
0.0328077
0.0366127
-0.0232164
0.0095038
-0.0200655
0.0044825
0.0235405
0.0105476
-0.0266895
0.0248957
-0.0141705
-0.0107077
-0.0303387
-0.0045038
0.0055654
-0.0208136
-0.0286233
-0.0272695
0.0090495
0.0225684
-0.0009374
-0.0108093
-0.0325843
-0.0328404
0.0211520
0.0159053
0.0131646
-0.0043409
0.0114701
0.0375561
0.0176769
0.0073666
-0.0087024
-0.0076012
-0.0229367
-0.0057163
-0.0284458
-0.0222064
-0.0128119
-0.0315987
0.0162265
0.0048803
0.0163109
-0.0103891
-0.0025741
0.0143994
-0.0151633
0.0103567
-0.0046463
-0.0098379
0.0019057
-0.0196445
-0.0190440
-0.0306662
-0.0146246
0.0111492
0.0170969
0.0018941
0.0185264
0.0192025
-0.0146331
0.0467234
0.0116554
0.0340200
0.0011884
0.0233412
-0.0278976
-0.0371034
0.0028134
-0.0336444
-0.0403194
-0.0646493
-0.0574539
-0.0209584
0.0057848
-0.0030940
0.0632583
0.0838628
0.0965472
0.0802031
0.0452759
0.0174571
-0.0185024
-0.0699258
-0.1422377
-0.1766812
-0.2280703
-0.1821598
-0.0182407
0.2398935
0.4201713
0.3672284
0.2196350
-0.0744535
-0.2062717
-0.1952125
-0.1851203
-0.0602442
-0.0677876
0.0077728
0.0014065
0.0576097
0.0395926
0.0897964
0.0711327
0.0564643
0.0450806
0.0534809
0.0034698
-0.0305893
-0.0284170
-0.0303333
-0.0543669
-0.0076595
-0.0438866
-0.0414634
-0.0146886
-0.0073198
-0.0079022
0.0016473
0.0184165
0.0343707
0.0123057
-0.0170842
0.0099902
-0.0007973
-0.0369758
-0.0292871
-0.0069712
0.0054581
0.0084650
0.0108028
-0.0279737
0.0341344
-0.0175638
-0.0254312
-0.0313937
0.0237958
0.0312283
0.0285775
0.0342772
0.0069605
-0.0354390
0.0134790
0.0152186
-0.0327427
0.0279032
-0.0305848
0.0013269
-0.0010288
0.0255964
0.0106200
0.0327530
0.0061988
-0.0270244
0.0285837
-0.0168325
-0.0224959
-0.0024685
0.0068778
0.0261728
-0.0342107
-0.0013620
0.0232140
-0.0100323
-0.0299736
0.0097699
0.0019714
0.0252755
0.0153557
-0.0112559
-0.0140581
0.0341938
-0.0286227
-0.0306030
0.0259113
-0.0066188
0.0231268
-0.0070546
-0.0129691
0.0068203
0.0341105
-0.0351010
-0.0184294
-0.0061763
0.0052941
0.0051192
0.0361418
-0.0191548
-0.0260716
0.0272165
-0.0182839
-0.0101617
-0.0235530
0.0191768
-0.0010520
-0.0149784
-0.0244887
0.0264328
-0.0167542
-0.0075525
-0.0035278
-0.0295741
0.0219805
0.0178963
-0.0145807
0.0364166
0.0082384
-0.0125460
-0.0063942
-0.0182963
0.0062933
0.0095136
-0.0198864
-0.0352172
-0.0199029
-0.0128908
-0.0039552
-0.0297703
0.0019610
-0.0209748
-0.0163905
0.0075640
-0.0215497
0.0311784
0.0397497
0.0204790
0.0265990
-0.0240307
-0.0353856
-0.0018878
-0.0155847
-0.0074693
0.0039561
-0.0349487
-0.0056282
-0.0352477
0.0162893
-0.0214860
0.0279113
0.0287115
0.0416952
0.0482380
0.0096842
0.0279019
0.0011983
0.0247867
0.0239802
-0.0406637
-0.0261114
-0.0338094
-0.0516258
-0.0028701
-0.0361916
-0.0338704
0.0332635
0.0124623
0.0475649
0.0810005
0.0439160
0.0416350
0.0690136
0.0422248
-0.0090490
-0.0890289
-0.1002706
-0.1929946
-0.1870851
-0.1359731
0.0346949
0.2582142
0.3417558
0.3359752
0.1033336
-0.1143043
-0.1721903
-0.1599890
-0.0876551
-0.0968784
-0.0514044
-0.0113765
-0.0129610
0.0809695
0.0791718
0.0798433
0.0659593
0.0256413
-0.0061537
-0.0146435
0.0223052
-0.0503973
0.0054844
-0.0264438
-0.0414059
-0.0347331
0.0131597
-0.0175992
-0.0308650
0.0328074
0.0412157
0.0226421
0.0211930
0.0305626
-0.0052599
0.0282197
0.0273014
-0.0200347
0.0025414
-0.0177988
0.0026736
-0.0465562
-0.0351083
-0.0291919
0.0304155
-0.0112140
0.0005463
0.0487838
0.0426164
0.0336708
-0.0120928
-0.0117765
-0.0215583
-0.0276747
0.0165702
-0.0127448
-0.0195992
0.0307114
-0.0029816
-0.0336415
-0.0295678
0.0128142
0.0105249
-0.0093874
-0.0079442
-0.0232494
0.0370761
0.0030562
0.0274881
0.0195462
-0.0130695
-0.0256501
0.0314494
0.0190152
-0.0209800
0.0021938
-0.0365606
-0.0312257
0.0217477
0.0002835
-0.0075289
0.0141515
-0.0176814
0.0052442
0.0258320
0.0104905
0.0309389
-0.0040288
-0.0159466
0.0047989
-0.0246470
-0.0388187
0.0267928
0.0211262
-0.0359003
0.0145254
0.0197211
0.0125374
0.0054411
0.0227146
-0.0123364
-0.0241563
0.0112803
0.0019246
-0.0290424
-0.0027789
-0.0165462
-0.0096004
0.0127727
-0.0161572
-0.0244976
-0.0072766
0.0321021
-0.0131466
-0.0125547
-0.0315882
-0.0136887
-0.0079900
-0.0182485
0.0095904
0.0162302
0.0234297
0.0394440
0.0303585
0.0150185
-0.0229306
0.0293381
-0.0355887
0.0181121
0.0310107
-0.0279873
-0.0369102
0.0119782
-0.0122933
-0.0054141
-0.0150901
-0.0003184
0.0091283
0.0313147
0.0201161
0.0047448
0.0275670
0.0144373
-0.0357301
-0.0325336
0.0108128
-0.0164623
0.0169341
-0.0252913
-0.0131911
-0.0043504
0.0254870
-0.0016864
-0.0166219
0.0240972
-0.0051004
0.0207421
0.0120714
0.0257358
-0.0323072
-0.0216053
-0.0430577
-0.0001205
-0.0029016
0.0043956
-0.0221069
0.0244590
-0.0021622
-0.0034799
0.0637033
0.0213866
0.0784024
0.0725466
0.0631183
0.0331530
-0.0143138
-0.0830518
-0.0618475
-0.1249411
-0.1724854
-0.1335405
-0.0041188
0.1836495
0.3355294
0.2868856
0.1719427
-0.0644875
-0.1492822
-0.1541011
-0.0932980
-0.0853640
-0.0645763
-0.0477534
-0.0122039
0.0546661
0.0717650
0.0317017
0.0757441
0.0475272
0.0491184
0.0009964
-0.0254941
-0.0385447
-0.0619125
-0.0405501
-0.0511620
-0.0056661
-0.0284414
-0.0303255
0.0358603
-0.0125709
-0.0219865
0.0026000
-0.0027593
0.0353883
0.0237900
0.0020235
0.0306914
-0.0325491
0.0141184
-0.0210476
-0.0316089
0.0240793
0.0193321
-0.0335267
0.0293770
-0.0326335
-0.0158761
0.0082918
0.0344864
0.0021595
0.0099097
-0.0082711
0.0161760
0.0277349
-0.0057958
0.0264757
0.0342692
0.0188358
-0.0295678
-0.0120052
-0.0325264
0.0172044
0.0126692
-0.0149779
-0.0021972
-0.0179031
0.0019186
0.0307591
0.0234893
-0.0125429
-0.0199617
-0.0266175
-0.0101968
0.0163111
0.0181796
0.0105897
-0.0231850
0.0057368
-0.0094220
0.0347182
-0.0204419
-0.0066900
0.0085310
0.0092145
0.0303327
0.0052830
0.0098535
0.0188036
-0.0135304
0.0154636
0.0315524
0.0255956
0.0218874
-0.0079941
-0.0171310
0.0354533
0.0274770
-0.0244213
0.0205020
-0.0006605
-0.0230342
-0.0140558
0.0053326
-0.0304905
0.0066214
0.0184189
0.0060043
-0.0062211
-0.0093835
0.0237359
-0.0337203
-0.0186744
-0.0020912
-0.0112187
-0.0052053
-0.0293722
-0.0233708
0.0240876
-0.0122074
-0.0225272
-0.0378795
-0.0031394
0.0085019
-0.0086580
0.0253716
-0.0142308
0.0329707
0.0079058
0.0177959
0.0144613
0.0101948
0.0195871
0.0029070
-0.0297393
-0.0336848
0.0326322
0.0057283
-0.0074518
0.0245220
-0.0054296
0.0363066
0.0393358
-0.0240222
0.0191160
-0.0025083
-0.0220034
0.0356096
0.0206490
-0.0275064
0.0107523
0.0059821
-0.0334794
-0.0151259
0.0107362
-0.0106791
-0.0055192
0.0098696
0.0467655
0.0172800
0.0447570
-0.0038822
0.0285817
-0.0272111
0.0226055
-0.0065557
-0.0103741
-0.0157893
-0.0219803
-0.0193601
-0.0297953
-0.0113091
0.0221075
0.0100989
0.0784177
0.0243175
0.0952388
0.0481527
0.0569088
0.0317391
-0.0276116
-0.0510542
-0.0968732
-0.1892736
-0.2275908
-0.2102697
-0.0194872
0.2042056
0.4065361
0.4245928
0.1820203
-0.0533748
-0.1889793
-0.1832156
-0.1562578
-0.1047866
-0.0919895
-0.0446100
0.0126483
0.0213306
0.0546500
0.0807442
0.0246784
0.0628076
0.0197651
0.0206485
0.0330518
0.0141583
-0.0012794
-0.0070290
-0.0616647
-0.0303623
-0.0500884
-0.0012161
-0.0047207
0.0326890
0.0420335
0.0039796
0.0157235
0.0268803
-0.0120863
0.0369509
-0.0305127
0.0065111
-0.0253289
-0.0073430
0.0158506
0.0069214
-0.0191191
0.0122093
-0.0150256
0.0375253
-0.0119319
0.0333416
0.0143265
0.0247894
0.0090906
-0.0337579
-0.0191555
-0.0287042
0.0304651
0.0172607
0.0190877
-0.0013506
-0.0309453
0.0147875
0.0221515
-0.0091955
0.0194582
-0.0046674
0.0288404
-0.0095018
-0.0191644
0.0268591
-0.0211384
0.0339719
0.0231831
-0.0343077
0.0092029
-0.0284770
-0.0367956
-0.0202318
0.0223231
-0.0154685
0.0150481
-0.0033946
-0.0270721
0.0277695
-0.0043718
0.0066550
-0.0202607
-0.0158509
-0.0267756
0.0134954
-0.0110379
-0.0162871
0.0053644
-0.0066168
0.0067936
0.0039562
0.0255137
-0.0021915
0.0257166
0.0138507
0.0051484
0.0310500
0.0278487
0.0187901
-0.0144831
-0.0311178
0.0281044
0.0099413
0.0004801
0.0141374
-0.0317644
-0.0058071
-0.0047416
-0.0260301
0.0055429
-0.0106954
0.0134249
-0.0188909
-0.0169190
-0.0056213
0.0121925
-0.0025565
-0.0403605
0.0182455
0.0396397
0.0004365
-0.0068517
0.0039507
-0.0203938
-0.0245926
0.0326190
0.0243817
0.0008611
-0.0196293
-0.0336646
0.0133099
0.0094073
0.0070118
-0.0341016
0.0253912
0.0282676
0.0245369
0.0013940
-0.0125781
0.0025619
0.0066411
-0.0250482
0.0322422
0.0187683
0.0274496
-0.0114874
0.0198730
-0.0036759
-0.0372385
-0.0148777
-0.0202274
-0.0089790
-0.0036250
-0.0347139
0.0000882
0.0279534
-0.0191809
0.0317590
0.0004717
0.0268313
0.0364698
0.0356085
-0.0044031
0.0170036
-0.0188708
0.0246106
-0.0464039
-0.0178748
-0.0196694
-0.0029620
-0.0020716
-0.0473395
0.0134423
0.0508112
0.0732096
0.0670371
0.0702798
0.0668119
0.0611152
-0.0066895
-0.0609330
-0.0759970
-0.0820786
-0.1811415
-0.2490207
-0.2204563
-0.0278942
0.1965798
0.4334558
0.4159964
0.2173176
-0.0816025
-0.2121431
-0.2416802
-0.1366138
-0.0931357
-0.0360756
-0.0103252
0.0375679
0.0652830
0.0828304
0.0378312
0.0243228
0.0389364
0.0418193
0.0069729
-0.0175699
0.0134101
-0.0194908
-0.0047564
-0.0437930
-0.0430404
-0.0056151
-0.0280472
-0.0033426
-0.0254579
0.0196199
0.0038376
-0.0086667
0.0143092
0.0085151
-0.0092296
-0.0184904
-0.0310819
-0.0260422
-0.0249091
-0.0124775
0.0254140
0.0038407
-0.0327015
0.0158160
-0.0043138
-0.0140744
-0.0280780
0.0348058
0.0141471
0.0157619
-0.0011257
0.0051184
-0.0150057
-0.0324632
-0.0249012
-0.0304482
-0.0304012
0.0015059
0.0215445
0.0345286
-0.0347811
0.0167070
-0.0136679
-0.0105227
0.0199759
-0.0181395
-0.0188367
0.0161172
-0.0004910
0.0346111
0.0034526
-0.0112470
0.0280696
-0.0167889
-0.0253672
-0.0130712
-0.0038412
0.0084651
0.0197185
-0.0221358
-0.0199137
0.0201526
0.0170109
-0.0302002
-0.0032843
0.0024843
-0.0080405
0.0339597
0.0058617
0.0029572
-0.0256394
-0.0378436
-0.0240453
-0.0007057
-0.0342833
0.0379621
0.0067406
-0.0203133
-0.0208712
-0.0134747
-0.0094120
-0.0008575
0.0187654
0.0171708
0.0022292
-0.0137457
0.0128267
-0.0325379
0.0272244
-0.0312202
-0.0154523
-0.0220449
0.0321640
0.0153140
-0.0084700
-0.0316628
-0.0205610
-0.0156657
0.0314295
-0.0218523
0.0207334
0.0278419
-0.0145822
-0.0010604
0.0021768
0.0067958
0.0361155
-0.0202739
-0.0028072
-0.0060589
0.0065694
-0.0050444
0.0231461
0.0092863
0.0318508
-0.0062726
-0.0115848
0.0106808
-0.0315998
0.0186666
0.0257292
0.0151196
0.0101784
-0.0136092
-0.0284544
0.0041305
-0.0258129
0.0146899
-0.0248775
0.0029317
0.0368513
-0.0201474
-0.0020642
-0.0118058
0.0208128
-0.0476448
-0.0294685
0.0326331
-0.0041787
0.0199835
0.0086742
-0.0092394
-0.0238082
-0.0027405
-0.0100422
-0.0216440
-0.0146255
0.0294717
0.0359294
0.0147897
0.0198984
-0.0451487
-0.0015055
-0.0585198
-0.0597449
-0.0020790
0.0071700
0.0060935
0.0273200
0.0425430
0.0458866
0.0604197
0.0517378
0.0646099
0.0621913
0.0072868
-0.0182575
-0.0623696
-0.0831886
-0.1063216
-0.1955149
-0.1681823
-0.0389126
0.1987124
0.3227151
0.2974571
0.1411576
-0.0672337
-0.1881597
-0.1692147
-0.1516573
-0.1056025
-0.0585308
-0.0025183
0.0127719
0.0059612
0.0186591
0.0434461
0.0195549
0.0551325
0.0427612
0.0384745
0.0303679
0.0145651
0.0013995
-0.0161979
-0.0444227
-0.0237808
-0.0211898
0.0052825
0.0027689
0.0128134
0.0082751
0.0344710
0.0239849
-0.0085685
0.0213231
-0.0082988
-0.0127873
0.0157795
-0.0287514
-0.0056056
-0.0329471
-0.0341810
0.0184247
0.0312184
-0.0007033
0.0119023
-0.0259574
0.0036109
0.0057189
0.0096788
-0.0246669
-0.0281851
-0.0113021
-0.0121643
0.0235453
-0.0135234
-0.0305310
0.0070892
-0.0157120
0.0232046
0.0226152
-0.0288457
0.0268065
0.0103170
0.0295062
-0.0046889
0.0047145
-0.0309842
-0.0040284
0.0298239
-0.0186504
-0.0321570
-0.0208195
-0.0167823
-0.0302759
0.0302789
0.0443587
-0.0035039
0.0205818
-0.0220204
-0.0045013
-0.0023237
0.0195301
-0.0092045
-0.0083978
-0.0041498
-0.0124986
0.0197899
0.0331356
0.0271814
-0.0301350
-0.0241671
0.0256352
0.0186871
0.0176320
0.0314845
-0.0271570
-0.0211407
-0.0081244
-0.0012108
-0.0303487
-0.0285401
-0.0268991
-0.0068614
0.0096196
-0.0246077
-0.0286509
0.0185040
0.0187104
0.0307378
0.0082850
0.0233078
-0.0267627
0.0205705
-0.0078405
0.0240121
-0.0015874
-0.0301368
0.0256536
0.0400985
-0.0185726
0.0131156
0.0135657
-0.0196018
-0.0340982
-0.0205245
-0.0016457
-0.0078003
-0.0044407
-0.0286264
-0.0321636
-0.0310950
-0.0309531
-0.0363162
-0.0016210
0.0165124
0.0234566
-0.0126361
-0.0257810
-0.0032833
0.0122829
-0.0209917
0.0052526
0.0225589
-0.0052451
