-0.0278247
0.0034713
0.0146494
0.0081828
0.0014474
0.0055251
-0.0068629
-0.0236694
-0.0281158
-0.0232431
-0.0421860
0.0260502
0.0124544
-0.0211037
0.0190505
-0.0063702
-0.0165361
-0.0324207
0.0169590
0.0320149
0.0014080
-0.0284196
0.0081592
0.0345089
-0.0207647
0.0046445
-0.0113077
0.0143667
0.0047745
-0.0360107
-0.0290021
0.0009260
0.0197719
0.0078934
-0.0248014
-0.0160883
-0.0312645
0.0125639
0.0103320
0.0259339
-0.0228801
-0.0255328
-0.0213541
-0.0077706
0.0283647
0.0061548
0.0342846
0.0161097
-0.0278630
-0.0211121
0.0139052
0.0133945
-0.0051677
-0.0141846
0.0109962
-0.0178550
-0.0254923
0.0168972
-0.0248318
0.0254517
0.0126241
0.0214234
-0.0048716
-0.0323230
0.0116059
-0.0074959
-0.0218398
-0.0064146
0.0178394
0.0357149
0.0302123
-0.0076934
-0.0253158
-0.0008549
0.0228234
0.0057734
-0.0225092
0.0031673
0.0170995
-0.0311627
-0.0218958
-0.0222133
0.0045996
-0.0164020
-0.0146907
0.0198461
0.0033110
-0.0298564
-0.0098996
0.0090492
-0.0130301
-0.0130090
0.0214889
0.0199345
-0.0156295
-0.0164671
0.0163682
0.0105563
-0.0177287
-0.0270367
0.0073915
-0.0309924
0.0171958
0.0314776
0.0308297
-0.0331006
-0.0108336
0.0281435
-0.0206849
-0.0364350
-0.0233704
0.0060517
0.0003442
-0.0176626
-0.0230029
-0.0324396
-0.0191782
-0.0150653
-0.0092013
-0.0166969
0.0301774
0.0091934
-0.0146883
0.0368186
-0.0105867
0.0067625
-0.0216248
-0.0224511
-0.0004914
-0.0279891
-0.0077546
0.0303998
0.0222491
-0.0122957
0.0288385
-0.0187644
0.0315054
-0.0021431
-0.0309398
-0.0332375
0.0037403
-0.0041464
0.0138468
0.0019286
0.0371148
-0.0019666
0.0054952
0.0127240
0.0220115
-0.0084798
-0.0479713
-0.0364643
-0.0066379
0.0206731
0.0325386
-0.0259165
-0.0224886
0.0083228
0.0369461
0.0192152
0.0340078
0.0458978
-0.0199112
-0.0395812
-0.0295809
0.0085966
-0.0018351
-0.0063170
-0.0408123
-0.0367972
0.0094005
-0.0390957
-0.0059768
0.0370868
0.0801226
0.0766319
0.0314624
0.0849995
0.0295020
-0.0060805
-0.0659107
-0.0484184
-0.1488453
-0.2023251
-0.2314908
-0.1118770
0.0962797
0.2885797
0.3605531
0.2842299
0.0714973
-0.1284633
-0.1594379
-0.1355729
-0.0828136
-0.0426669
-0.0457207
-0.0254885
0.0181290
0.0302985
0.0659575
0.0354255
0.0132547
0.0365311
0.0101260
0.0029309
-0.0024773
0.0059528
-0.0195975
-0.0419159
-0.0556096
-0.0497765
-0.0134639
0.0218149
-0.0052125
-0.0285399
-0.0179551
0.0178947
0.0347301
-0.0072896
-0.0067825
-0.0026215
0.0275124
0.0027320
-0.0105124
-0.0217364
0.0146710
0.0038133
-0.0320600
-0.0011146
-0.0089195
-0.0227448
0.0371563
0.0209590
-0.0303160
0.0237037
-0.0067172
-0.0323756
-0.0044839
-0.0194496
0.0256321
0.0320796
0.0022383
-0.0072176
0.0122987
-0.0054449
-0.0082680
-0.0273428
-0.0009118
-0.0158787
-0.0314242
0.0064075
-0.0112276
0.0361200
0.0241870
0.0012958
0.0212243
-0.0194004
0.0128215
0.0361603
0.0287922
-0.0219569
-0.0299153
-0.0063958
-0.0385940
-0.0207789
0.0087575
0.0057619
-0.0104369
0.0022032
-0.0055017
0.0178202
0.0275154
-0.0180486
-0.0066971
0.0346817
0.0034231
-0.0092247
-0.0006368
-0.0347918
0.0209307
-0.0131390
0.0202559
0.0164935
-0.0021912
-0.0256344
-0.0029707
-0.0081739
0.0297446
-0.0006165
0.0133875
0.0242911
0.0172855
-0.0164770
0.0106193
-0.0143669
0.0223267
0.0176067
0.0177017
0.0254699
0.0209882
0.0319117
0.0145893
-0.0211951
0.0240370
0.0201614
0.0155808
-0.0159221
-0.0352703
-0.0056598
0.0033572
-0.0045378
-0.0230037
-0.0129475
-0.0130224
-0.0106691
0.0313213
-0.0196169
-0.0138631
-0.0110176
0.0059597
-0.0179423
0.0107893
0.0236456
0.0175128
0.0200311
-0.0011180
0.0181767
0.0172418
0.0288377
-0.0306918
0.0209420
0.0166819
-0.0027454
0.0327697
-0.0353796
-0.0018752
0.0090458
0.0326636
0.0073582
-0.0210137
-0.0252924
-0.0105400
-0.0224783
0.0057963
0.0187423
0.0132009
0.0242700
-0.0111683
-0.0107852
-0.0089478
-0.0195680
-0.0056658
-0.0260750
0.0137889
0.0216736
-0.0351944
-0.0158235
0.0225641
-0.0241938
0.0072767
0.0215895
-0.0049616
-0.0261793
-0.0179994
-0.0317346
0.0073717
-0.0233155
-0.0132488
-0.0153586
0.0210927
0.0170804
0.0364887
0.0441836
-0.0168718
0.0051326
-0.0327771
0.0028863
-0.0541049
-0.0420523
-0.0187080
0.0026385
-0.0206949
0.0323298
0.0133167
0.0093358
0.0263887
0.0750932
0.0959689
0.0815287
-0.0148005
-0.0434235
-0.0661613
-0.0684938
-0.1637257
-0.1882113
-0.1427570
0.0079425
0.1871090
0.3148449
0.3404512
0.1524017
-0.1024225
-0.1666002
-0.1657642
-0.1149233
-0.0807726
-0.0429986
-0.0494672
0.0148530
0.0212279
0.0422081
0.0721884
0.0561358
0.0690077
0.0575257
-0.0062281
-0.0237527
-0.0169054
-0.0136682
-0.0594080
-0.0491864
-0.0481148
-0.0357218
-0.0023484
0.0161947
0.0094205
0.0037169
-0.0051642
0.0051253
-0.0242115
0.0099357
0.0055337
-0.0181649
-0.0250817
-0.0212291
-0.0265467
0.0137324
0.0037421
0.0137057
0.0044114
-0.0272507
0.0111291
0.0295109
0.0335062
0.0426018
0.0236060
-0.0291927
0.0277957
-0.0297127
0.0099728
-0.0142888
-0.0028566
-0.0288449
-0.0040885
0.0331511
0.0262740
-0.0249422
0.0038660
0.0156941
0.0312046
0.0295854
-0.0215747
-0.0177432
-0.0287390
0.0046635
0.0253528
-0.0165686
0.0321240
-0.0074745
0.0137776
0.0030643
-0.0212330
0.0325484
0.0194102
-0.0256458
-0.0408429
-0.0007406
-0.0293284
0.0023874
-0.0216954
0.0236682
-0.0111862
0.0153378
0.0182152
-0.0365435
-0.0222061
-0.0290336
-0.0134579
-0.0214009
-0.0072649
-0.0298490
0.0234853
0.0106804
-0.0120358
0.0041141
0.0179651
-0.0289028
0.0354419
0.0317248
0.0071994
0.0231429
-0.0255638
0.0039226
0.0015339
-0.0309411
0.0256397
0.0097211
-0.0243431
-0.0270418
0.0275869
-0.0222167
-0.0274271
-0.0415525
0.0229195
0.0305256
-0.0247905
-0.0280772
0.0166694
-0.0235369
0.0247330
0.0026829
0.0380255
-0.0293414
-0.0234065
-0.0165417
0.0226762
-0.0200200
-0.0120391
-0.0227368
0.0186081
0.0047799
-0.0288303
0.0247671
0.0117690
0.0229085
0.0147528
-0.0223966
0.0280409
-0.0245811
-0.0090860
0.0297477
0.0082202
-0.0022825
-0.0242572
0.0330111
-0.0347261
-0.0297344
-0.0351816
-0.0153018
-0.0201436
0.0245316
-0.0316733
-0.0049426
-0.0119081
-0.0027590
0.0034227
-0.0041896
-0.0209321
-0.0348290
0.0049324
-0.0383487
-0.0071321
0.0053574
0.0088198
0.0278312
0.0004024
-0.0161520
-0.0211378
0.0046766
0.0391530
0.0186962
-0.0188656
0.0143525
0.0210827
-0.0163840
0.0140033
-0.0036677
0.0129074
-0.0121208
0.0103161
0.0323424
0.0108220
0.0317723
0.0083868
0.0082615
-0.0192737
0.0219799
-0.0135835
-0.0092728
0.0116931
-0.0094375
-0.0022614
-0.0473368
-0.0541604
-0.0249723
-0.0235369
0.0287494
0.0447296
0.0297012
0.0752671
0.0554138
0.0269739
0.0037532
-0.0232384
-0.0939127
-0.0840381
-0.1639343
-0.1816749
-0.1653198
0.0441050
0.2333864
0.3357874
0.3106432
0.0731099
-0.0881236
-0.1573685
-0.1323683
-0.1373100
-0.0625868
-0.0678820
0.0062909
0.0487433
0.0614004
0.0395845
0.0662813
0.0398349
0.0402094
0.0016217
0.0213862
-0.0056920
0.0037204
-0.0130648
-0.0677000
-0.0471980
-0.0213679
-0.0309968
0.0036278
0.0032102
-0.0219803
-0.0162748
0.0118110
0.0074265
0.0437093
0.0308866
0.0019592
-0.0020587
0.0289737
-0.0005981
-0.0156126
-0.0387078
0.0157036
0.0006084
0.0102802
-0.0198941
-0.0199043
0.0244600
-0.0264554
0.0127670
0.0069608
-0.0035959
-0.0115202
0.0252491
-0.0145980
0.0056188
0.0122955
0.0078509
0.0122060
-0.0160752
-0.0210737
-0.0190111
-0.0059287
0.0122222
-0.0043485
-0.0352528
0.0061020
-0.0329204
0.0362028
0.0213284
0.0112309
0.0072196
-0.0089135
-0.0252445
0.0133354
0.0095623
-0.0124224
-0.0169530
-0.0129079
0.0084980
0.0054734
0.0015950
-0.0102298
-0.0065008
0.0265431
-0.0174914
0.0051202
-0.0084443
0.0228815
0.0207779
0.0383708
-0.0088758
0.0049602
0.0317867
0.0261782
-0.0322518
0.0011678
-0.0003641
-0.0179047
-0.0125607
0.0425635
-0.0132048
0.0227500
-0.0195714
-0.0338661
0.0279179
0.0126939
0.0099548
0.0220369
0.0305994
-0.0143920
-0.0121367
-0.0286056
0.0038423
0.0124864
-0.0021707
0.0144359
-0.0010658
-0.0000179
-0.0095115
0.0293984
0.0262147
0.0310396
0.0042483
0.0168752
-0.0088336
0.0183493
-0.0169642
-0.0007196
-0.0004707
0.0144181
-0.0271441
-0.0373980
-0.0206668
-0.0190368
0.0274000
-0.0180956
-0.0073964
0.0190375
-0.0346858
0.0272945
-0.0140310
-0.0011186
0.0212929
-0.0229662
0.0322229
0.0298097
-0.0026598
0.0298238
0.0138638
-0.0260544
-0.0282243
0.0177949
0.0042984
-0.0075983
0.0383651
0.0147342
0.0301022
-0.0355598
0.0361605
0.0293818
0.0262123
0.0145051
-0.0043701
-0.0195035
0.0275115
0.0045115
-0.0380461
0.0134981
-0.0068209
0.0039363
-0.0278536
0.0176066
0.0005103
-0.0195048
0.0247106
-0.0238833
-0.0255054
-0.0200706
0.0069728
0.0067658
-0.0156983
0.0031148
0.0209606
0.0178503
0.0223314
-0.0067840
-0.0207762
0.0435494
-0.0150021
-0.0183952
0.0285404
-0.0142930
-0.0279961
-0.0013464
-0.0099099
-0.0299041
-0.0179377
-0.0301277
-0.0105724
-0.0429150
0.0050795
-0.0135179
0.0004219
0.0342324
0.0918883
0.0487633
0.0645337
0.0533676
0.0044763
-0.0367632
-0.0752818
-0.0700757
-0.1605020
-0.2043059
-0.1819834
0.0305366
0.2390763
0.3881379
0.2741884
0.1249207
-0.1173258
-0.1507879
-0.1506029
-0.0824771
-0.0567921
-0.0616164
-0.0044597
0.0530862
0.0794009
0.0559738
0.0531050
0.0645517
0.0715089
-0.0012453
0.0428003
0.0079752
-0.0257005
-0.0160348
-0.0607869
-0.0070716
-0.0196576
-0.0057377
-0.0262880
-0.0078247
0.0420272
0.0053044
-0.0007371
-0.0136093
0.0145675
0.0090270
0.0206573
0.0025640
0.0266142
-0.0159842
-0.0229597
-0.0073692
-0.0244260
-0.0105903
-0.0197266
-0.0124879
-0.0033470
0.0263418
-0.0279388
-0.0057809
0.0312499
0.0025832
-0.0146717
-0.0019436
0.0217043
-0.0288245
0.0122466
-0.0039066
-0.0003180
-0.0381611
0.0228154
-0.0063306
0.0229412
-0.0248170
0.0140709
0.0345081
0.0319271
-0.0142694
0.0295409
0.0085070
-0.0324249
0.0059275
0.0063671
0.0195624
0.0052273
0.0044771
-0.0144002
-0.0110182
0.0115523
-0.0146018
0.0020023
-0.0082266
0.0023794
-0.0019593
0.0040551
0.0235527
0.0154422
-0.0197153
0.0150764
0.0280914
-0.0175445
0.0284346
0.0305927
-0.0006822
-0.0296430
0.0283034
-0.0119460
0.0137852
-0.0091822
-0.0039326
0.0150288
0.0130286
0.0288680
0.0107761
0.0342838
-0.0160566
-0.0031162
-0.0107283
-0.0225893
-0.0008382
0.0241179
-0.0222984
-0.0188871
0.0042724
0.0117528
0.0322182
-0.0190024
-0.0281831
-0.0238984
-0.0028614
-0.0225404
0.0312032
-0.0290255
-0.0018522
0.0262101
0.0145660
-0.0154385
-0.0089708
-0.0238250
-0.0074517
0.0045432
-0.0270970
0.0266617
0.0124438
0.0270145
0.0208787
0.0226745
-0.0234594
-0.0224574
-0.0270969
0.0148740
0.0043769
0.0127402
-0.0282306
-0.0121024
0.0138894
-0.0048651
0.0366604
0.0118949
0.0203161
-0.0171489
0.0319828
0.0228740
0.0208627
-0.0219749
0.0022130
0.0382205
0.0049516
-0.0338623
0.0134685
-0.0177459
-0.0139314
0.0073801
-0.0355436
0.0029350
-0.0098503
-0.0024412
-0.0143532
0.0130113
-0.0036130
0.0139806
-0.0108250
0.0251345
0.0156287
0.0166797
0.0214912
0.0433194
-0.0200971
-0.0092300
-0.0136085
0.0167897
0.0242644
-0.0171026
0.0191461
0.0229402
0.0252026
0.0231079
0.0347733
0.0046923
0.0237505
0.0347061
0.0413059
-0.0192519
0.0276713
0.0392365
-0.0029865
-0.0382573
0.0039261
-0.0199125
-0.0394893
-0.0001547
-0.0384702
0.0004581
0.0042940
-0.0134526
0.0345837
0.0379947
0.0468391
0.0688471
0.0383834
0.0389253
-0.0246546
-0.0438011
-0.0506750
-0.1675246
-0.2054204
-0.2005816
-0.0929630
0.0945132
0.2758528
0.3642092
0.2427742
-0.0116952
-0.1301268
-0.1950091
-0.1002123
-0.1176431
-0.0834642
-0.0207354
-0.0436085
0.0609501
0.0248279
0.0469216
0.0633119
0.0352721
0.0002768
0.0360396
-0.0061138
0.0186513
-0.0260784
-0.0268879
-0.0245745
0.0021524
-0.0474770
-0.0330194
-0.0113663
-0.0268131
0.0337438
0.0168054
-0.0196319
-0.0000621
0.0159156
-0.0124463
-0.0220440
-0.0131071
-0.0015654
-0.0249051
-0.0121846
0.0272738
-0.0322331
-0.0324789
0.0245258
0.0228539
-0.0009864
-0.0276875
0.0352534
0.0216520
-0.0112548
0.0049482
-0.0083496
-0.0237206
0.0010308
0.0225552
0.0137490
-0.0164969
-0.0115811
0.0270430
0.0213443
0.0042091
0.0050373
-0.0036735
-0.0214185
0.0134526
0.0365496
0.0291639
0.0121722
0.0231053
0.0092519
-0.0214036
0.0236546
0.0306377
-0.0103477
0.0050301
-0.0038160
-0.0287733
0.0198821
-0.0313038
-0.0151382
-0.0236032
-0.0253424
0.0171271
0.0339229
0.0345247
0.0052919
0.0184114
-0.0214261
-0.0038141
-0.0145700
0.0129217
0.0099456
0.0012523
0.0341347
-0.0318197
-0.0232560
-0.0186341
-0.0064242
0.0163378
-0.0073272
0.0313913
0.0116939
0.0155134
-0.0291816
-0.0334339
-0.0104261
-0.0345520
-0.0100037
-0.0332898
-0.0014448
0.0168063
-0.0237630
0.0211848
0.0058702
-0.0247743
0.0055046
-0.0250823
0.0131673
-0.0159492
-0.0215576
-0.0208958
-0.0065434
0.0294606
-0.0204358
0.0129756
-0.0090848
-0.0033229
-0.0282924
0.0155269
-0.0058004
0.0149640
0.0056754
0.0125306
-0.0226665
-0.0083750
-0.0209642
0.0149640
-0.0283314
-0.0240930
-0.0181296
-0.0279047
0.0304529
-0.0107556
-0.0025913
0.0085316
-0.0101591
-0.0039949
0.0124287
0.0082558
0.0262744
0.0341997
-0.0227250
-0.0276771
-0.0098043
0.0222426
0.0054266
0.0264258
0.0155444
-0.0136279
0.0203025
0.0177541
-0.0163135
-0.0111255
0.0326703
-0.0180009
0.0204806
0.0205542
0.0026750
-0.0051677
0.0259467
0.0169271
0.0180479
-0.0144159
-0.0156876
0.0281797
-0.0093443
0.0150583
-0.0188064
0.0339853
-0.0217309
-0.0078025
0.0074546
-0.0187093
0.0074778
-0.0444102
-0.0078847
0.0332026
0.0388168
0.0342427
0.0265822
0.0322171
0.0268885
0.0495013
-0.0043885
0.0283590
-0.0254053
0.0028785
-0.0238141
-0.0204898
-0.0090495
-0.0343253
-0.0529368
0.0000932
-0.0340259
0.0173803
0.0455726
0.0446747
0.0178088
