-0.0125640
-0.0011827
-0.0226360
-0.0449385
0.0368344
-0.0004187
-0.0343582
-0.0310262
0.0030806
-0.0023067
-0.0299072
0.0017622
-0.0530206
-0.0422882
0.0313444
-0.0114135
0.0131173
-0.0507156
-0.0082668
0.0462087
0.0469892
0.0317784
-0.0451657
0.0339356
0.0435250
0.0234935
0.0403432
0.0133872
0.0470381
-0.0194079
-0.0396546
0.0258924
-0.0358410
0.0277065
-0.0065694
0.0207955
0.0048071
-0.0322949
0.0467648
-0.0527907
0.0000576
-0.0077902
-0.0339677
0.0423452
0.0504376
0.0007711
0.0524028
0.0368040
-0.0464482
-0.0064742
-0.0150910
0.0059876
0.0409934
-0.0451058
-0.0301932
-0.0286565
-0.0229245
-0.0284506
0.0215278
-0.0283807
0.0434061
0.0291122
-0.0488527
-0.0188726
0.0236734
0.0054955
-0.0306670
-0.0394580
-0.0164867
-0.0319573
-0.0402356
-0.0414021
-0.0296033
0.0451011
-0.0318193
0.0448423
0.0199924
0.0420776
-0.0074049
-0.0225111
-0.0530669
0.0257784
0.0037422
0.0215408
0.0359199
-0.0299061
-0.0348303
-0.0013301
-0.0148368
-0.0282853
0.0295546
-0.0106055
0.0135417
0.0389530
0.0342161
0.0060022
-0.0354840
-0.0774656
-0.0186546
-0.0289340
0.0160203
-0.0158338
0.0520240
0.0269531
0.1019788
0.0912603
0.1175114
0.0229675
-0.0152242
-0.0017928
-0.0195711
-0.1192564
-0.1281068
-0.2995806
-0.2573111
-0.0848270
0.1422520
0.4573779
0.5199048
0.3034954
0.0033368
-0.2186663
-0.2208961
-0.1706589
-0.0717550
-0.0749535
0.0156020
0.0463628
0.0276399
0.0494638
0.0594875
0.0799778
0.0978360
0.0325290
0.0678235
-0.0214386
-0.0519240
-0.0400197
0.0091339
-0.0712200
0.0140183
-0.0483989
-0.0117042
0.0127669
-0.0005206
0.0636116
-0.0097944
0.0129491
0.0585150
0.0441918
0.0228325
-0.0354232
-0.0189857
0.0052433
-0.0225925
-0.0238184
-0.0489667
-0.0058986
-0.0033423
-0.0503622
0.0349994
-0.0333328
-0.0199366
-0.0069249
-0.0048237
-0.0164009
-0.0310569
-0.0318230
-0.0174403
0.0315293
-0.0221698
0.0467595
-0.0021122
0.0077547
0.0382865
-0.0151972
0.0556743
-0.0340196
-0.0149020
-0.0095232
-0.0413434
-0.0208230
-0.0557835
-0.0608985
0.0353257
-0.0610409
0.0323979
0.0571642
0.0347908
-0.0193095
0.0654248
0.0141629
0.0347986
0.0213109
0.0381873
-0.0485798
-0.0006879
0.0043354
-0.0177639
-0.0488532
-0.0131703
-0.0132581
0.0074254
0.0353799
-0.0233334
0.0957164
0.0558188
0.0922713
0.0629411
0.1399378
0.0984728
0.0164382
-0.0211368
-0.0380946
-0.2144226
-0.3016551
-0.3678741
-0.2446677
0.1474870
0.4586037
0.6320353
0.5069852
0.0364369
-0.2445041
-0.3449502
-0.2438422
-0.1162439
-0.1236809
-0.0312901
-0.0344858
0.0920698
0.1056065
0.0636991
0.0738736
0.0336869
0.0193354
0.0517293
0.0543771
-0.0253086
-0.0537456
0.0046608
-0.0792462
-0.0279818
-0.0102163
-0.0152827
-0.0550234
-0.0132019
-0.0129653
-0.0123868
0.0052300
0.0338630
-0.0051032
0.0661578
-0.0365896
-0.0394899
0.0256349
-0.0126739
0.0090905
0.0269810
-0.0438104
-0.0433091
0.0391455
-0.0529990
-0.0119609
-0.0491248
-0.0311306
0.0458558
0.0081705
-0.0005367
-0.0117926
-0.0371756
0.0088315
0.0200162
-0.0264732
-0.0454083
0.0491565
0.0108093
-0.0196327
-0.0639561
0.0330182
-0.0185495
0.0367555
-0.0020737
0.0421842
-0.0197286
0.0229937
0.0145929
0.0004428
-0.0280644
0.0481919
0.0116593
-0.0269995
0.0339116
-0.0266581
-0.0534297
-0.0591810
-0.0170664
-0.0196346
0.0591609
0.0456731
-0.0321115
-0.0502880
0.0364493
-0.0187551
-0.0113886
0.0011206
0.0348797
-0.0230635
-0.0184028
0.0207487
0.0415572
-0.0223507
-0.0534916
0.0494808
0.0409502
-0.0173226
0.0477128
0.0473774
0.0085943
-0.0001707
-0.0407012
0.0418420
-0.0386194
0.0396733
0.0281908
0.0249750
-0.0176108
0.0228895
0.0100149
0.0197449
-0.0020930
-0.0473550
0.0292231
-0.0171705
0.0429542
0.0381855
-0.0183421
0.0285886
-0.0526240
0.0031893
0.0456653
0.0077070
-0.0211817
0.0102591
0.0306080
0.0421282
-0.0019955
-0.0473090
0.0099706
0.0307117
0.0053315
0.0232638
-0.0005015
-0.0415776
0.0359121
-0.0124475
0.0582906
-0.0103787
0.0129804
-0.0375981
-0.0239034
0.0327684
0.0298797
0.0271729
0.0240094
0.0262513
-0.0246848
-0.0545273
-0.0215582
0.0050709
0.0600181
0.0585702
0.0107985
0.0682531
-0.0095207
-0.0020080
0.0143117
-0.0152140
0.0009271
0.0268674
-0.0542895
-0.0470779
-0.0183507
-0.0342830
-0.0195802
-0.0349797
0.0471309
0.0786931
0.1013165
0.0447999
0.0263780
0.0164633
0.0733706
0.0037724
0.0109654
-0.0624836
-0.1342609
-0.1622112
-0.2054111
-0.1060399
0.0566106
0.2985809
0.3914699
0.2619721
0.0606063
-0.2076169
-0.2576537
-0.1636145
-0.1528596
-0.0759556
-0.0004289
0.0428602
0.0592604
0.0878855
0.0133846
0.0826475
-0.0056435
0.0268075
-0.0106028
-0.0492385
-0.0096970
0.0210962
-0.0534836
-0.0636489
0.0021263
-0.0310711
-0.0515066
-0.0059715
0.0506961
0.0308331
0.0627904
-0.0167133
0.0062879
0.0456618
0.0584528
0.0298015
0.0362406
0.0031869
-0.0601057
-0.0326770
-0.0373761
0.0030324
0.0261478
-0.0082479
0.0450932
0.0084603
-0.0439853
0.0146914
-0.0032064
0.0111709
0.0247927
-0.0207331
0.0305557
-0.0523618
-0.0186431
-0.0433874
-0.0319408
0.0465703
-0.0026052
0.0503735
0.0054368
-0.0290680
-0.0097092
0.0417181
-0.0324187
0.0428082
0.0139888
-0.0303904
0.0169192
0.0535494
0.0128831
-0.0379063
0.0324785
-0.0060371
0.0372669
0.0025650
0.0259697
-0.0445921
-0.0298837
-0.0248157
-0.0374390
0.0085596
0.0377255
-0.0088605
-0.0302252
0.0219822
0.0321025
-0.0465344
0.0308958
-0.0326670
0.0504506
-0.0273737
-0.0438991
-0.0249156
-0.0003297
-0.0535883
-0.0008209
0.0177297
-0.0475434
0.0543300
-0.0189768
-0.0028364
0.0432248
-0.0086779
0.0190644
0.0178857
-0.0093718
0.0030152
0.0317033
0.0138929
-0.0195665
-0.0332396
-0.0164256
-0.0060019
-0.0007069
0.0370114
0.0080480
-0.0443347
0.0134476
0.0416218
-0.0260850
0.0380762
-0.0434753
0.0201090
0.0090840
0.0453575
-0.0206127
0.0057312
0.0412336
0.0023545
-0.0463547
0.0181536
-0.0480350
0.0235832
0.0457884
-0.0254795
0.0200934
0.0274104
0.0423125
-0.0391071
0.0264006
-0.0255087
0.0444081
-0.0452778
0.0004458
0.0510256
-0.0475301
-0.0218683
-0.0300192
-0.0228046
-0.0173360
0.0368599
0.0104795
-0.0459130
0.0057725
0.0384213
0.0514090
0.0104175
-0.0337392
-0.0099460
0.0470992
-0.0393800
0.0134131
-0.0501594
0.0073077
-0.0338982
-0.0296545
0.0114439
0.0223928
0.0278955
0.0325354
0.0235502
0.0361697
0.0481280
0.0451830
-0.0128155
0.0654332
0.0541977
0.0429040
-0.0557404
-0.0210371
-0.0100734
-0.0622942
0.0009004
-0.0637496
-0.0385116
0.0004662
-0.0391784
-0.0280970
0.0248937
0.0069145
0.0597808
0.1078942
0.0166976
0.0486121
-0.0687253
-0.0828695
-0.1500729
-0.1754027
-0.2177257
-0.2314494
-0.1030201
0.2072305
0.4503952
0.4380086
0.2079721
-0.0964918
-0.2505557
-0.2964715
-0.2119360
-0.1088525
-0.0440441
-0.0028914
-0.0076018
0.0712451
0.0409550
0.1006932
0.0562616
0.0400570
0.0636257
0.0429905
-0.0194976
-0.0238654
0.0126195
-0.0587707
-0.0565459
-0.0342280
0.0285797
-0.0582327
-0.0142956
-0.0100510
0.0172979
0.0198399
0.0544486
0.0014885
0.0378067
-0.0423596
0.0045699
0.0443699
0.0165957
-0.0586960
-0.0319417
-0.0432128
-0.0330702
-0.0538013
-0.0083994
0.0508441
0.0169326
-0.0311993
0.0528604
0.0477800
-0.0406623
-0.0009106
0.0467569
0.0023683
-0.0427261
0.0355847
0.0177327
-0.0396406
0.0369372
-0.0369813
-0.0368485
-0.0177439
0.0276027
-0.0151899
0.0568905
0.0157046
0.0056170
0.0490010
-0.0110403
0.0332028
0.0330900
-0.0222213
0.0329059
0.0152767
0.0406244
0.0252971
0.0194727
0.0445133
-0.0049000
-0.0302491
-0.0469208
0.0501089
-0.0154450
0.0205545
-0.0116149
0.0447159
0.0404151
-0.0207400
-0.0223512
0.0187595
0.0269516
-0.0475119
-0.0415346
0.0028117
0.0144438
-0.0382357
-0.0072522
0.0009769
-0.0304050
-0.0185030
0.0311221
0.0330322
0.0089686
0.0111304
0.0416720
0.0248358
0.0113206
0.0183729
-0.0347535
-0.0415007
-0.0107624
0.0026050
0.0056862
0.0087866
0.0406474
-0.0217778
-0.0003183
0.0189037
0.0094954
-0.0415884
0.0046998
-0.0001237
0.0471754
0.0178592
0.0438456
0.0343780
0.0009644
-0.0032279
-0.0370254
-0.0175158
0.0306345
0.0287600
-0.0403739
-0.0139921
0.0550558
-0.0291822
0.0439716
-0.0348724
0.0150991
-0.0004191
-0.0027083
0.0065181
-0.0035091
-0.0508080
-0.0381304
-0.0255937
0.0150662
0.0018866
-0.0458638
-0.0235315
0.0038638
-0.0053938
0.0679816
-0.0121837
0.0606448
0.0239553
-0.0451968
-0.0397233
-0.0500706
0.0016848
0.0014632
0.0043875
-0.0088522
-0.0497284
-0.0517563
0.0278581
-0.0256602
-0.0071577
0.0069765
0.0615788
0.0644857
0.0863535
0.0848378
0.0278519
-0.0129358
-0.0394196
-0.1232137
-0.1232617
-0.2914581
-0.2453405
-0.1054166
0.2277598
0.4281621
0.4142320
0.2193819
-0.1097290
-0.2675629
-0.2601779
-0.1627107
-0.0802250
-0.0842477
0.0011739
0.0323682
0.0327497
0.0365839
0.0551073
0.0486573
0.0581701
0.0451488
-0.0046952
-0.0547490
-0.0762769
-0.0305860
-0.0069991
-0.0214527
-0.0711806
0.0125162
-0.0253072
-0.0287124
0.0060153
-0.0184092
0.0577602
0.0208439
0.0521566
0.0031480
-0.0193636
-0.0315916
-0.0396673
0.0122881
-0.0089667
0.0413982
-0.0083111
-0.0132594
-0.0222487
0.0396669
-0.0177913
0.0256375
0.0462304
-0.0465026
0.0037016
-0.0070121
-0.0037697
-0.0057312
0.0542786
0.0456071
0.0251498
-0.0169411
0.0254362
0.0213276
0.0136976
0.0226678
-0.0229850
0.0354823
-0.0001047
-0.0021336
-0.0033085
-0.0521817
-0.0195029
-0.0007746
-0.0290486
0.0208091
-0.0008678
-0.0450388
-0.0510238
-0.0442535
-0.0149714
0.0021977
-0.0405696
0.0295928
-0.0286447
-0.0464649
0.0091983
0.0099240
0.0369889
-0.0068507
-0.0015370
0.0380635
0.0207661
-0.0167372
0.0272002
0.0517982
0.0029605
0.0158295
-0.0058284
-0.0100904
-0.0068824
0.0267597
-0.0450033
-0.0517020
-0.0563061
-0.0071696
-0.0424777
0.0432216
-0.0120450
-0.0013241
-0.0011713
-0.0305803
0.0218110
-0.0215360
0.0065945
0.0033479
-0.0190260
0.0174117
-0.0290289
0.0482426
0.0376383
-0.0039006
0.0009857
0.0307429
0.0343415
0.0513083
-0.0478473
-0.0448800
-0.0516724
-0.0053559
0.0255369
0.0118711
0.0019486
0.0304458
0.0261035
0.0078255
-0.0109781
-0.0413211
-0.0444120
-0.0053933
0.0262495
-0.0347738
-0.0302753
-0.0075899
-0.0370200
0.0224159
0.0243518
0.0110134
-0.0399227
0.0328955
-0.0308681
-0.0059653
-0.0328805
-0.0015026
-0.0405126
-0.0281888
-0.0448612
-0.0308199
-0.0049164
0.0150326
0.0488970
0.0003586
0.0354560
0.0701239
0.0431458
0.0010896
-0.0400594
-0.0291857
-0.0089621
-0.0555306
-0.0427634
-0.0412766
0.0011208
-0.0103881
0.0526352
0.0050239
0.0550130
0.0839263
0.0419020
0.0963918
0.0013941
-0.0114253
-0.0601754
-0.0677495
-0.0941155
-0.2323440
-0.2890451
-0.1581421
0.0058252
0.3562757
0.4612872
0.3123325
0.0883492
-0.1830751
-0.2963672
-0.1641089
-0.1571084
-0.1235380
-0.0715868
-0.0422154
-0.0110809
0.0629205
0.0264243
0.0508072
0.0853579
0.0513874
0.0333533
0.0055326
0.0370023
0.0217183
-0.0136682
-0.0642910
0.0084807
-0.0761142
-0.0542812
-0.0461054
0.0175375
0.0460905
-0.0327819
0.0129628
0.0602369
0.0638589
0.0140471
0.0486598
-0.0324402
0.0122761
-0.0302537
0.0370304
0.0053940
-0.0584434
-0.0607899
0.0094314
-0.0294752
-0.0389512
-0.0075247
-0.0268740
-0.0090314
0.0502665
0.0473045
-0.0495083
-0.0455016
-0.0131647
0.0246879
0.0087890
-0.0067336
-0.0470718
-0.0342882
0.0366657
-0.0112745
0.0031107
0.0344566
-0.0291422
-0.0301200
-0.0239658
0.0030879
-0.0201684
-0.0115772
-0.0487360
-0.0044454
-0.0244853
0.0231293
0.0260029
0.0225255
-0.0153839
0.0442421
-0.0506162
0.0059983
0.0292738
-0.0126202
0.0492958
0.0454388
0.0409600
-0.0069908
-0.0474390
-0.0270077
-0.0171308
0.0333739
0.0450012
-0.0267053
-0.0484391
0.0353871
0.0092632
-0.0470282
0.0068748
0.0090398
-0.0036504
0.0491632
0.0164817
0.0145480
0.0399637
-0.0210368
0.0199486
-0.0178298
0.0357902
-0.0408548
-0.0349724
0.0118937
-0.0440336
-0.0025728
0.0203000
-0.0403893
-0.0410926
0.0139993
0.0324092
-0.0116722
0.0467390
0.0411318
-0.0465800
0.0449250
0.0116017
-0.0520113
0.0024963
-0.0374638
-0.0352065
-0.0345666
0.0262846
0.0304084
-0.0527028
0.0217150
0.0184488
0.0223116
-0.0455901
-0.0051449
-0.0473605
0.0056150
0.0289601
0.0403273
-0.0239450
-0.0559973
-0.0324164
-0.0492325
0.0093904
0.0250646
-0.0049412
0.0049548
-0.0162847
0.0234323
0.0425381
-0.0057342
0.0295807
0.0197065
-0.0238009
0.0548981
0.0550967
0.0111573
0.0296759
-0.0364526
-0.0088724
0.0110183
-0.0157943
-0.0180719
0.0029433
0.0379944
0.0240610
0.0384515
0.1218298
0.0474538
0.0991005
0.0302445
0.0337010
-0.0556222
-0.0877635
-0.0670105
-0.2099095
-0.2378876
-0.2757298
-0.0263665
0.2058482
0.4283877
0.4044505
0.1827432
-0.0690355
-0.2083605
-0.2056124
-0.1369156
-0.1374767
-0.0236292
0.0063105
0.0220282
0.0901193
0.0720474
0.0983599
0.0940796
0.0188738
0.0066498
-0.0244262
-0.0401056
-0.0468126
-0.0043089
-0.0807652
-0.0189927
0.0114493
-0.0521397
-0.0141172
0.0202747
0.0615431
-0.0264367
0.0075953
0.0260268
0.0166371
-0.0403621
0.0181156
0.0062552
0.0315867
-0.0576381
0.0274265
0.0353885
0.0002560
-0.0031663
-0.0032942
0.0131886
-0.0298037
0.0239386
-0.0052777
-0.0334078
-0.0289516
0.0317639
-0.0139270
0.0052948
-0.0291472
-0.0153371
0.0078951
-0.0332325
-0.0461113
-0.0018892
-0.0095646
-0.0418734
-0.0394077
0.0545960
-0.0358462
0.0195325
-0.0276395
-0.0078972
0.0058280
0.0145086
-0.0303287
-0.0196647
0.0143711
0.0002645
-0.0194687
0.0184827
0.0315790
-0.0194543
0.0111611
0.0374081
0.0189155
0.0123912
0.0061979
0.0121234
-0.0273813
0.0452350
-0.0191920
-0.0064595
0.0026319
0.0088501
0.0185436
0.0496828
-0.0374353
-0.0252895
-0.0422319
-0.0383644
0.0074274
-0.0175439
-0.0373029
-0.0275166
-0.0309714
0.0045774
-0.0519381
0.0074583
-0.0016270
-0.0455510
0.0128117
-0.0530503
0.0452223
