0.0021574
-0.0194760
0.0046475
-0.0268578
-0.0304587
0.0130299
0.0044250
-0.0025742
0.0023411
0.0208391
0.0100439
-0.0126110
-0.0129215
0.0230954
0.0000396
0.0339551
-0.0096902
-0.0152541
-0.0317830
0.0281255
-0.0101713
0.0210571
0.0094842
-0.0191414
-0.0017277
-0.0333698
-0.0014963
0.0242670
-0.0009490
-0.0357882
0.0116005
0.0044158
-0.0316445
-0.0042071
0.0223165
-0.0253423
0.0136742
0.0335346
0.0334845
0.0330403
-0.0187006
0.0304451
-0.0181869
-0.0198555
0.0216976
0.0173586
0.0324919
0.0239708
-0.0231309
0.0229224
-0.0013419
-0.0296814
-0.0142061
-0.0125969
-0.0124123
0.0255482
0.0324017
-0.0270047
-0.0306102
0.0333450
0.0156212
0.0029601
0.0021475
0.0254864
0.0080662
0.0082625
0.0097550
0.0005228
-0.0251177
0.0357068
0.0450535
0.0192268
0.0343447
-0.0020758
-0.0021208
0.0265617
-0.0315351
-0.0376459
-0.0241194
0.0053069
-0.0366086
0.0021560
-0.0348342
-0.0356874
0.0014853
0.0513613
0.0532537
0.0496464
0.0267602
0.0778753
0.0668834
0.0617103
0.0106709
-0.0448278
-0.0934569
-0.1197026
-0.1901050
-0.2269724
-0.1247170
0.0308003
0.3019053
0.3732706
0.2667401
0.0544271
-0.1319435
-0.1583699
-0.1469669
-0.0997963
-0.0543104
-0.0661333
-0.0161885
0.0034729
0.0360248
0.0542753
0.0507595
0.0298909
0.0058467
0.0239921
0.0419855
-0.0309287
0.0089051
-0.0084534
0.0014434
-0.0290653
-0.0157451
0.0071626
0.0270158
0.0234170
0.0161986
0.0383398
0.0467238
0.0501468
0.0093980
-0.0141500
0.0275980
-0.0083719
0.0004755
0.0132301
-0.0192978
0.0264597
-0.0032341
0.0196154
0.0134136
0.0114703
-0.0283996
0.0184171
0.0283719
-0.0277407
0.0079609
-0.0132388
0.0177287
-0.0236269
-0.0002523
0.0096792
0.0098812
-0.0101052
-0.0037156
-0.0291490
-0.0229559
-0.0132138
0.0201003
-0.0267004
0.0273640
-0.0189711
-0.0194133
0.0156531
-0.0070080
0.0031075
0.0380454
0.0071479
-0.0145778
-0.0181956
0.0126679
-0.0186616
-0.0034110
-0.0257988
-0.0291777
-0.0268492
0.0010976
-0.0294651
-0.0210533
0.0214341
-0.0270637
-0.0315814
0.0339597
0.0135613
0.0288540
-0.0198825
0.0051083
0.0071673
-0.0232602
0.0262439
0.0030976
0.0208834
0.0036210
0.0208242
0.0230418
0.0051974
-0.0102043
0.0216017
-0.0270971
-0.0105448
-0.0210210
-0.0164319
-0.0343928
0.0156892
-0.0247906
-0.0130238
-0.0133021
0.0058558
0.0306789
-0.0011782
-0.0326035
-0.0248293
-0.0205751
0.0053639
0.0168881
0.0049032
0.0337863
-0.0017470
-0.0109463
-0.0360726
0.0094057
-0.0191685
-0.0074922
-0.0255873
0.0325977
-0.0267877
-0.0002099
0.0075280
-0.0080690
-0.0339646
0.0076403
-0.0269493
-0.0085383
-0.0169686
0.0126672
0.0189310
-0.0070334
0.0133300
0.0050818
0.0008373
-0.0334382
-0.0145353
-0.0297616
0.0314638
-0.0328207
-0.0115398
0.0193839
0.0291997
0.0265109
-0.0105741
-0.0302371
0.0002590
0.0205129
0.0004485
-0.0051847
0.0077030
-0.0359412
0.0079045
0.0013351
0.0148223
-0.0160205
-0.0218326
-0.0241428
-0.0072482
-0.0292652
0.0101951
0.0317820
0.0290388
0.0067372
-0.0012567
-0.0141980
-0.0170821
-0.0320040
-0.0165881
-0.0039901
0.0095829
0.0423694
0.0426627
0.0310964
0.0163982
-0.0078297
-0.0107079
0.0072531
-0.0290545
-0.0064933
0.0055343
-0.0399223
-0.0040070
-0.0327207
-0.0065582
-0.0061431
0.0160241
-0.0031138
0.0764962
0.0524734
0.0315643
0.0323627
0.0368372
-0.0097703
-0.0288809
-0.0358121
-0.1255244
-0.1438672
-0.1604711
-0.1572495
0.0003864
0.2019434
0.3460411
0.2804507
0.0540831
-0.0541256
-0.1856231
-0.1232867
-0.0832902
-0.0551959
-0.0685789
-0.0115199
0.0409625
0.0553962
0.0174731
0.0718890
0.0171013
0.0404465
0.0490251
-0.0181318
-0.0101274
-0.0269028
-0.0027816
0.0105901
-0.0038309
-0.0410190
-0.0341086
0.0135678
0.0004606
0.0388625
-0.0159009
-0.0013202
0.0022409
0.0407599
0.0086511
-0.0031553
0.0246145
-0.0160856
0.0234096
-0.0051016
0.0141677
0.0194057
0.0135677
0.0256269
0.0112657
-0.0205103
-0.0051859
-0.0274404
-0.0196698
-0.0021291
-0.0201171
0.0095147
0.0109248
-0.0241647
-0.0020044
0.0020265
-0.0161389
0.0065931
-0.0327285
-0.0258851
-0.0281204
-0.0114162
0.0278558
0.0247909
-0.0341518
-0.0234305
0.0107150
-0.0147548
-0.0098536
-0.0217382
0.0369644
-0.0167046
0.0210343
0.0070812
0.0093256
-0.0239146
-0.0048428
-0.0051320
-0.0123127
-0.0116968
0.0071710
0.0362008
-0.0128545
-0.0179307
0.0212618
0.0234360
-0.0008125
0.0156206
0.0211560
0.0154840
0.0128249
-0.0344144
-0.0184504
0.0314053
0.0252929
-0.0246689
0.0166856
-0.0248585
0.0002470
-0.0109370
0.0020586
0.0140879
-0.0160081
-0.0112737
0.0173154
0.0149101
-0.0027289
0.0222817
0.0103817
-0.0220330
-0.0279431
0.0206354
0.0224100
-0.0028174
0.0233853
0.0121627
0.0049415
-0.0313717
-0.0007196
0.0159575
0.0032217
0.0043548
-0.0032033
0.0049349
0.0145585
-0.0351409
0.0031066
-0.0007552
-0.0002616
0.0321635
0.0145059
0.0081190
0.0141421
0.0234005
0.0271893
-0.0104715
0.0090407
-0.0203225
-0.0190125
0.0234905
-0.0316265
0.0284900
-0.0339018
-0.0132995
0.0095228
-0.0022406
-0.0183757
-0.0021258
0.0222897
-0.0121220
-0.0319563
0.0181448
0.0143518
-0.0251155
-0.0187926
-0.0073007
-0.0211858
0.0128684
0.0076249
0.0067231
-0.0170576
0.0262312
-0.0344008
0.0090832
-0.0061121
-0.0298088
0.0000048
-0.0030450
-0.0026217
-0.0017236
-0.0190947
-0.0322982
-0.0044852
0.0293073
0.0076725
0.0232187
0.0031802
0.0057230
0.0051571
0.0244243
0.0069282
-0.0364180
-0.0566687
-0.0309541
-0.0142076
-0.0342520
0.0111336
0.0109611
0.0281179
0.0536587
0.0605017
0.0178037
0.0673664
0.0727722
0.0613877
-0.0319783
-0.0503124
-0.0510695
-0.1045865
-0.1498821
-0.1768741
-0.1428710
0.0206719
0.2730147
0.3052144
0.2355829
0.0311691
-0.1221941
-0.1736263
-0.1259898
-0.0575527
-0.0704867
-0.0734021
-0.0249738
0.0496176
0.0242897
0.0535230
0.0061229
0.0496767
0.0280894
0.0548148
0.0042308
-0.0122774
-0.0300145
-0.0112739
-0.0173441
0.0120061
-0.0043660
-0.0220591
0.0189756
-0.0021358
0.0166189
0.0392457
-0.0106050
-0.0146260
0.0277370
0.0094349
-0.0024744
-0.0000213
0.0145163
0.0204452
0.0157524
-0.0258856
-0.0038109
-0.0087029
-0.0099231
0.0009894
-0.0177860
-0.0203312
-0.0301850
-0.0212940
-0.0039238
0.0127235
-0.0073220
0.0256280
-0.0195707
-0.0084812
0.0211895
-0.0238930
0.0016071
0.0081908
-0.0045741
-0.0001836
-0.0346749
0.0120258
0.0362826
0.0099540
0.0239877
-0.0004481
-0.0002761
0.0167800
-0.0000304
-0.0155224
-0.0071394
0.0017833
0.0098987
-0.0124726
0.0128782
-0.0254563
-0.0137707
-0.0205950
0.0031665
-0.0169879
-0.0114849
-0.0088740
0.0015031
0.0047661
0.0073555
-0.0271379
-0.0211982
0.0238252
0.0040627
0.0112456
0.0148004
-0.0377112
0.0246063
0.0214378
0.0335544
-0.0161914
-0.0082788
0.0103435
-0.0364295
-0.0281337
0.0004728
-0.0103432
-0.0331133
-0.0321670
0.0370654
0.0426073
0.0137211
-0.0088548
0.0141127
0.0266548
0.0228836
0.0315176
0.0082703
-0.0055263
0.0132176
0.0113075
0.0002297
0.0140423
-0.0112261
-0.0051171
0.0146628
0.0208197
0.0090769
0.0144246
-0.0141687
-0.0075648
-0.0180642
0.0148684
0.0129076
-0.0052680
-0.0076570
-0.0050315
-0.0161822
0.0169936
0.0003442
0.0026950
-0.0208771
0.0245853
0.0387237
0.0319522
-0.0242949
0.0219560
-0.0254345
-0.0128669
0.0308329
-0.0073423
0.0239815
-0.0346655
0.0126054
-0.0348641
0.0249474
-0.0270172
0.0221788
0.0247090
-0.0089199
-0.0087004
-0.0340062
0.0280765
-0.0218327
-0.0040549
-0.0073386
0.0092199
0.0029874
0.0070570
-0.0325606
-0.0261120
0.0069921
0.0156222
-0.0124109
-0.0444476
-0.0026917
0.0089911
0.0216622
-0.0187930
0.0470160
0.0495005
0.0033730
-0.0021716
0.0075148
0.0156473
0.0144551
-0.0047390
-0.0389967
-0.0484714
-0.0336077
-0.0486972
-0.0486326
0.0141561
0.0252427
0.0336714
0.0237945
0.0616773
0.0719636
0.0582153
0.0560031
-0.0121669
-0.0361663
-0.0528001
-0.1158141
-0.2041825
-0.2254235
-0.1372028
0.0681877
0.3296747
0.3462102
0.2310194
0.0308975
-0.1226201
-0.1741129
-0.1657140
-0.0740075
-0.0635620
-0.0608232
0.0157735
0.0021796
0.0215389
0.0604597
0.0868925
0.0331459
0.0530597
0.0478806
0.0252270
-0.0054405
-0.0498397
-0.0356981
-0.0313754
-0.0289599
-0.0207086
-0.0253738
-0.0017070
-0.0139284
0.0201095
-0.0006561
0.0417608
0.0472012
-0.0125601
0.0057434
0.0100159
-0.0061388
0.0188457
-0.0090748
0.0209672
-0.0265432
-0.0132675
-0.0087950
0.0163985
0.0273245
-0.0064940
0.0072016
0.0415670
-0.0132425
-0.0139331
0.0266139
0.0113812
0.0158925
0.0155964
0.0106359
0.0020980
-0.0246230
-0.0311156
-0.0192078
0.0197569
-0.0062701
-0.0324028
0.0236280
-0.0063442
-0.0265078
-0.0264833
0.0192077
0.0149941
-0.0268823
0.0223646
0.0118772
-0.0035959
-0.0254848
-0.0329458
-0.0192704
-0.0164766
0.0183408
-0.0000441
0.0334939
0.0310785
0.0077197
-0.0144612
-0.0300359
-0.0099776
0.0287215
0.0261184
-0.0190392
0.0101807
-0.0294534
0.0020643
-0.0134439
0.0313678
-0.0200814
0.0065668
-0.0271414
0.0019301
0.0045407
0.0128962
0.0332678
0.0268179
-0.0139820
-0.0232189
-0.0254935
-0.0181586
-0.0274801
0.0231615
-0.0105977
-0.0346765
0.0138998
-0.0066362
-0.0030807
0.0280803
0.0205924
0.0162821
-0.0301105
0.0051429
-0.0183215
0.0264154
0.0046132
0.0047246
0.0179432
-0.0111143
0.0061244
0.0264931
-0.0038514
-0.0028599
-0.0343630
-0.0120117
-0.0078376
0.0026181
-0.0017998
-0.0363066
0.0019321
-0.0072000
0.0333655
0.0092667
-0.0267757
-0.0144042
0.0105871
-0.0279974
-0.0074656
0.0147619
-0.0146431
0.0207621
0.0243592
0.0076589
-0.0352046
-0.0152724
0.0256765
0.0201268
-0.0257535
0.0280863
0.0234210
-0.0294858
-0.0200097
0.0228806
0.0078495
0.0086983
-0.0180236
-0.0098800
-0.0275137
-0.0135366
-0.0115070
-0.0036686
0.0307990
0.0059060
0.0291973
-0.0373960
-0.0298989
0.0120075
-0.0216645
-0.0209367
-0.0017268
0.0138284
0.0466696
-0.0005882
0.0229386
-0.0125891
0.0100619
-0.0341647
-0.0235805
-0.0073640
-0.0244943
-0.0020484
-0.0120423
0.0065744
-0.0283543
-0.0150309
-0.0029195
0.0449407
0.0274049
0.0617695
0.0370855
0.0791681
0.0405726
0.0333984
-0.0353136
-0.0905584
-0.1119311
-0.1698276
-0.2268733
-0.1206413
0.0889041
0.2982728
0.3579475
0.2920455
0.0962557
-0.1070324
-0.2281807
-0.1665772
-0.1006599
-0.0794539
-0.0289760
-0.0185188
0.0611268
0.0773497
0.0717676
0.0374049
0.0432775
0.0157329
0.0428899
-0.0164849
0.0078954
-0.0409610
-0.0211306
-0.0170589
-0.0431983
-0.0129490
0.0083657
-0.0092273
-0.0250008
0.0002023
0.0200630
-0.0108393
-0.0155898
0.0030333
0.0136213
-0.0096323
0.0173022
-0.0116770
0.0096141
0.0142760
0.0087513
0.0247347
0.0094103
0.0143600
-0.0242419
-0.0036721
0.0319926
-0.0114895
-0.0306115
0.0298464
0.0325025
0.0213505
0.0071363
-0.0290709
0.0210296
0.0197170
0.0331038
0.0081925
-0.0267505
-0.0045733
-0.0385527
0.0215142
-0.0293840
-0.0215625
0.0045101
-0.0315117
0.0395819
0.0307133
0.0022912
0.0165647
-0.0174604
-0.0119516
-0.0153460
0.0102836
0.0001997
-0.0190888
-0.0033107
-0.0118351
-0.0181663
-0.0298493
0.0092550
0.0214543
-0.0031020
0.0314672
0.0139231
-0.0160648
-0.0297521
-0.0055344
0.0255139
0.0174658
-0.0227551
-0.0295690
-0.0306241
0.0168025
-0.0162587
-0.0082192
-0.0103439
0.0142125
0.0168080
-0.0076504
-0.0158132
0.0085339
-0.0063155
-0.0217640
0.0127082
-0.0152561
-0.0266078
0.0153221
-0.0178779
0.0175298
0.0080170
-0.0199657
0.0081128
-0.0270057
0.0268977
-0.0253982
0.0383613
-0.0202273
0.0095245
-0.0054680
-0.0125815
0.0002978
-0.0267597
-0.0308984
-0.0265875
0.0195492
-0.0074928
0.0099751
0.0279501
-0.0243151
-0.0229929
-0.0044819
0.0100605
-0.0187401
-0.0076153
-0.0323115
-0.0229337
-0.0102832
-0.0151635
-0.0181628
0.0178655
0.0224604
-0.0093789
-0.0136074
-0.0201431
0.0306057
0.0201383
-0.0331674
0.0356190
-0.0186197
-0.0151802
0.0294369
0.0081738
-0.0004932
-0.0120043
0.0057705
-0.0068617
-0.0144455
0.0112299
-0.0150214
-0.0043698
0.0389601
0.0007803
-0.0192484
0.0251157
0.0415590
0.0370770
-0.0286867
0.0094133
-0.0199376
-0.0334618
-0.0173175
0.0044250
-0.0182420
0.0105101
-0.0211372
-0.0256816
-0.0135284
-0.0208866
0.0373071
0.0077908
0.0380968
0.0485298
0.0083006
0.0140951
-0.0013923
-0.0228897
-0.0484093
-0.0534937
-0.0502368
0.0044972
0.0021742
-0.0188814
0.0470729
0.0400745
0.0286539
0.0565400
0.0315791
0.0632286
0.0139414
-0.0285282
-0.0368779
-0.0882389
-0.1127027
-0.1695462
-0.1658341
-0.1039185
0.0547065
0.2051079
0.3515033
0.2207145
0.0995944
-0.0774420
-0.1742945
-0.1225497
-0.0766776
-0.0939853
-0.0711896
-0.0173302
0.0156397
0.0749720
0.0715844
0.0220397
0.0089712
0.0645076
0.0348427
-0.0185680
0.0273204
-0.0308346
-0.0131696
-0.0414013
-0.0252568
0.0061596
0.0003531
-0.0075053
-0.0252190
0.0119924
0.0489351
0.0004806
-0.0195285
0.0171826
-0.0250581
0.0289515
-0.0198883
-0.0123511
-0.0090647
-0.0097004
0.0205075
-0.0422096
-0.0348991
-0.0331169
0.0136551
-0.0302175
-0.0104329
0.0267448
0.0128986
-0.0243329
0.0104426
-0.0079787
0.0296742
-0.0050844
0.0272287
0.0172544
-0.0098590
0.0290795
0.0312089
0.0304682
0.0302352
0.0058076
-0.0276290
0.0079437
-0.0086995
0.0157864
0.0112724
0.0166826
-0.0028090
-0.0055380
0.0004420
-0.0019913
-0.0324773
0.0217089
0.0069641
-0.0162806
-0.0007976
0.0085843
0.0286085
0.0120646
0.0266915
0.0296845
0.0325404
0.0098008
0.0032699
0.0319124
0.0132159
0.0231146
-0.0168217
-0.0143525
-0.0267470
0.0163384
-0.0260939
0.0268418
-0.0111506
0.0143587
0.0079576
-0.0286600
0.0059897
0.0138649
-0.0221415
-0.0145281
0.0038723
0.0165879
0.0270055
0.0299643
-0.0001340
-0.0313276
0.0326490
0.0169277
0.0305864
0.0125376
-0.0029849
-0.0207796
-0.0209752
-0.0260311
-0.0278484
0.0204395
0.0241125
0.0029155
-0.0344200
0.0025981
0.0193135
-0.0018331
-0.0238278
-0.0073664
-0.0293552
-0.0071391
-0.0106381
