0.0386163
0.0367101
0.0605942
0.0613270
-0.0403938
0.0388902
-0.0729157
-0.0555611
0.0278750
0.0569430
0.0650301
0.0734639
0.0485015
-0.0356844
0.0130611
0.0026470
0.0500084
0.0512422
0.0362297
0.0267950
0.0468040
0.0169748
-0.0204322
-0.0322124
0.0562836
-0.0017694
-0.0322066
0.0115360
0.0400912
0.0276324
0.0029601
0.0409584
-0.0396601
0.0381709
0.0122108
-0.0430207
-0.0089995
-0.0439225
0.0428906
0.0261098
-0.0303197
0.0256733
-0.0093581
-0.0019157
0.0745673
0.0292843
-0.0651466
-0.0014098
-0.0473872
-0.0247300
0.0349730
-0.0058449
-0.0405230
0.0054229
-0.0648320
0.0366854
-0.0513695
0.0809900
0.0327469
0.0005580
0.0086423
0.0020153
0.0387442
0.0080212
0.0172606
0.0148231
-0.0767614
0.0301988
0.0189462
-0.0330998
-0.0564375
-0.0088916
0.0136976
0.0635246
0.0916698
0.0320137
0.0646026
0.0877940
0.0068816
0.0353192
-0.0223682
-0.0937584
-0.0793266
-0.1597135
-0.1596667
-0.0994507
0.0716811
0.2570612
0.4191128
0.2509441
0.1610306
-0.0656297
-0.2530947
-0.1302675
-0.1444285
-0.0672462
-0.1158683
0.0541140
-0.0294408
0.0042472
0.0196063
0.0593513
0.0588176
-0.0205049
0.0414577
0.0202305
0.0177428
0.0017953
-0.0227294
-0.0847293
-0.0278380
0.0164309
0.0511088
-0.0080102
0.0742331
-0.0062193
0.0132319
-0.0441504
-0.0270177
-0.0246988
0.0265860
0.0515161
0.0365059
-0.0439253
0.0504208
0.0133197
0.0507263
-0.0073037
0.0448427
-0.0412624
0.0685672
0.0198704
0.0401814
-0.0146782
-0.0170533
-0.0180831
-0.0566242
-0.0166444
-0.0556422
0.0596125
0.0493870
-0.0666191
-0.0307580
-0.0094590
0.0296378
-0.0279162
-0.0297561
0.0299719
0.0031922
-0.0063426
0.0296865
-0.0527262
-0.0258034
0.0635291
0.0463390
-0.0555349
-0.0411411
-0.0633623
0.0168683
-0.0171333
0.0150183
0.0371175
0.0118873
0.0304650
-0.0555787
0.0660802
-0.0263364
0.0305750
-0.0596317
0.0062998
0.0286524
-0.0695309
-0.0172780
-0.0392124
-0.0444057
-0.0049038
-0.0443255
0.0531961
0.0002340
0.0102245
0.0453316
0.0005180
0.0260846
0.0558628
-0.0505922
-0.0658033
-0.0429888
0.0591187
0.0482538
0.0512710
-0.0022359
-0.0110806
-0.0358774
0.0613236
0.0444325
-0.0513881
-0.0244047
-0.0042346
0.0152549
0.0567911
-0.0516214
-0.0702170
-0.0532503
0.0334612
-0.0117234
-0.0086333
0.0249927
0.0133575
0.0276187
0.0625413
0.0011006
-0.0375281
-0.0442424
-0.0333741
0.0226084
-0.0460984
0.0538838
0.0012942
-0.0303931
0.0028440
0.0249180
0.0274308
-0.0628634
0.0282078
0.0445536
-0.0320562
-0.0296298
-0.0548618
-0.0142428
0.0560182
0.0429807
0.0782433
0.0554910
0.0636405
0.0600010
-0.0120471
0.0097035
-0.0088459
0.0447930
-0.0550612
0.0420635
-0.0327027
-0.0518646
-0.0733677
0.0345752
0.0150856
0.0168020
0.0455742
-0.0313175
0.0678713
0.1038343
0.0829511
0.0477225
0.1096635
0.0603528
-0.0376148
-0.1360011
-0.1017632
-0.2278303
-0.1793363
-0.1678490
0.0305318
0.2199781
0.3278145
0.3331481
0.0676163
-0.0645289
-0.2011159
-0.2285390
-0.1252917
-0.1090533
0.0063693
-0.0569208
0.0647891
0.0122844
0.0609699
0.0328884
0.0512739
0.0832490
0.0820195
0.0238378
-0.0354877
-0.0848483
-0.0359336
-0.0717038
-0.0615017
-0.0009025
-0.0735515
0.0229136
-0.0160666
0.0610957
0.0218715
-0.0410420
0.0708858
-0.0386133
0.0497676
-0.0565331
-0.0338224
-0.0612600
-0.0701471
-0.0657506
-0.0670928
-0.0095244
-0.0433280
-0.0575532
0.0121767
-0.0229017
-0.0327713
-0.0295136
0.0608209
-0.0228394
-0.0604336
0.0284510
0.0146255
0.0289360
-0.0451966
0.0032802
0.0071624
-0.0313047
0.0508068
0.0461073
0.0478120
-0.0394042
0.0105071
-0.0554855
0.0185488
-0.0363126
-0.0002674
-0.0015203
-0.0585311
0.0285400
0.0703430
-0.0301631
0.0029061
-0.0558337
-0.0217205
0.0660440
-0.0455801
0.0014566
-0.0555365
-0.0151482
0.0240489
-0.0608114
0.0150417
-0.0636813
0.0188721
0.0488686
0.0592354
-0.0167391
0.0264926
0.0566027
0.0380158
-0.0245993
0.0170018
0.0098069
-0.0677959
-0.0219871
0.0503393
-0.0070701
-0.0182577
-0.0551389
-0.0414475
0.0669271
0.0328949
-0.0321027
0.0203568
-0.0280711
-0.0275058
0.0255008
0.0126874
-0.0278736
-0.0591156
0.0007396
-0.0327483
0.0495987
0.0285594
0.0585076
0.0540552
-0.0377864
0.0542986
0.0373318
-0.0187077
-0.0399658
-0.0272208
0.0514361
-0.0596854
0.0269239
-0.0359126
-0.0672966
-0.0170036
-0.0132403
0.0536670
0.0061404
0.0225709
-0.0464169
-0.0414877
0.0237868
0.0201098
0.0544442
-0.0092113
-0.0019003
-0.0022576
-0.0156126
0.0491392
-0.0572179
-0.0014500
0.0613878
-0.0270533
0.0246604
0.0365789
0.0688428
-0.0132056
0.0035149
-0.0553832
-0.0086198
-0.0121604
0.0225303
-0.1009351
-0.0803826
-0.0370444
-0.0519974
0.0082092
0.0525040
-0.0021970
0.0242431
0.0442671
0.0548790
0.0332347
0.0939459
-0.0121777
0.0273487
-0.0147482
-0.1732677
-0.1349736
-0.1729973
-0.0950850
0.0179034
0.3133054
0.3960019
0.2888147
0.0792317
-0.1009235
-0.2230223
-0.1785037
-0.1349044
-0.1444096
0.0059219
-0.0234631
0.0130634
0.0848305
0.0674445
0.0386217
0.0739724
-0.0219746
0.0357826
0.0381099
-0.0599319
-0.0680859
-0.0605390
-0.0043242
-0.0289900
-0.0340805
-0.0255776
-0.0340052
0.0282205
0.0465933
0.0203029
0.0597196
0.0529010
-0.0414643
-0.0459773
0.0156832
0.0538297
-0.0159281
-0.0038912
0.0063797
-0.0292699
-0.0723378
0.0587038
0.0721992
0.0649266
0.0154778
0.0281097
-0.0408079
0.0525318
0.0209387
0.0649877
0.0547902
-0.0188005
-0.0603523
-0.0280175
-0.0705473
0.0061119
-0.0327024
0.0227815
-0.0520674
-0.0496019
0.0036571
0.0296036
-0.0628197
-0.0108112
0.0178863
0.0563563
-0.0502421
0.0489973
-0.0080733
-0.0005501
-0.0311450
0.0001399
0.0569079
0.0652899
0.0079807
0.0176310
0.0690749
0.0324543
-0.0057509
-0.0181057
-0.0283350
0.0157643
-0.0648566
-0.0505505
-0.0632139
0.0466593
-0.0019888
-0.0465705
0.0361220
-0.0712633
-0.0396979
0.0654533
-0.0040866
-0.0319951
-0.0167864
0.0598512
0.0501163
-0.0359903
-0.0028605
0.0262437
-0.0477292
0.0634591
0.0358654
0.0475565
-0.0608154
0.0604065
-0.0615831
0.0487103
-0.0577917
0.0013965
0.0087643
0.0486049
-0.0454498
0.0374177
0.0561262
-0.0139100
0.0324371
-0.0536870
0.0320923
-0.0403708
-0.0287913
-0.0630625
0.0359972
-0.0090586
-0.0374761
-0.0279274
0.0119862
-0.0481525
0.0048869
0.0736085
0.0537322
-0.0261423
-0.0517242
-0.0228808
0.0474117
-0.0146379
0.0295994
0.0087877
0.0403093
-0.0568614
0.0509244
-0.0664970
0.0247250
0.0140718
0.0314277
0.0103217
0.0584266
0.0725260
0.0536488
0.0764265
0.0766426
0.0184008
0.0052616
0.0497655
-0.0096153
0.0151779
0.0235606
-0.0774578
-0.0071339
-0.0678574
-0.0193234
0.0548605
0.0642156
0.1220322
0.0504544
0.0847821
0.0066914
-0.0400363
-0.0827671
-0.0206073
-0.0851288
-0.2151919
-0.1560223
-0.2228831
-0.0099260
0.1944705
0.3723417
0.3402368
0.1900787
-0.0897240
-0.1792237
-0.2518497
-0.1762191
-0.1219718
-0.0237593
-0.0183850
0.0456523
0.0303221
0.0083148
0.0292619
0.0943059
0.0082138
0.0869235
0.0642789
-0.0251549
0.0157765
-0.0552440
-0.0326446
-0.0759207
0.0354911
-0.0657356
-0.0169608
0.0533694
-0.0441642
0.0035049
-0.0192755
-0.0220329
0.0508688
-0.0195235
-0.0083425
0.0019022
-0.0345819
0.0051265
0.0299108
-0.0286443
0.0569099
-0.0192862
-0.0684531
-0.0010549
0.0107823
0.0333316
0.0116948
0.0613998
0.0098116
0.0215796
0.0180186
-0.0079697
-0.0664081
-0.0630068
-0.0221181
0.0077639
0.0468494
-0.0398855
-0.0066688
0.0070218
0.0720179
-0.0322852
0.0365947
0.0266738
-0.0669832
-0.0548274
-0.0285060
0.0621048
0.0160733
-0.0558807
0.0339753
-0.0120877
0.0109861
-0.0331277
-0.0445932
-0.0365459
-0.0258283
0.0338962
-0.0179947
-0.0009997
-0.0634117
-0.0012678
0.0505509
0.0565083
-0.0624603
-0.0120080
0.0030628
-0.0126730
-0.0632375
0.0090933
0.0000053
0.0634812
-0.0359091
-0.0509210
-0.0139177
-0.0030917
0.0571060
0.0387130
0.0579434
0.0332510
-0.0063574
0.0146889
0.0240573
-0.0423690
-0.0230968
0.0304606
-0.0731557
0.0618486
0.0637476
-0.0473675
-0.0493165
0.0399994
-0.0023663
-0.0420405
-0.0343126
0.0451189
-0.0128084
-0.0040592
-0.0029645
0.0423989
-0.0244407
-0.0174965
-0.0172069
-0.0601614
0.0379368
-0.0361765
-0.0323687
-0.0324205
-0.0460245
0.0362981
0.0438169
0.0706672
-0.0562879
-0.0226913
-0.0137906
-0.0576776
-0.0485214
0.0040287
0.0056635
-0.0587452
-0.0385781
-0.0313809
0.0296229
-0.0629854
0.0323559
0.0085211
-0.0355403
-0.0172204
-0.0210777
-0.0131249
-0.0645404
0.0545181
0.0458820
-0.0453913
-0.0766833
-0.0774918
0.0110954
-0.0380323
0.0333642
-0.0565774
-0.0015537
0.0582557
0.1013328
0.0031833
0.0479146
0.0627034
0.0716202
-0.0091229
-0.0782081
-0.0454796
-0.1691891
-0.1459650
-0.2362577
-0.0402415
0.2000927
0.2999720
0.4262630
0.2367772
-0.0318475
-0.1250040
-0.1635278
-0.1036244
-0.0268304
-0.0108379
-0.0862635
0.0215649
0.0019418
0.1180341
0.0827818
0.0452443
0.0190438
0.0525644
-0.0211855
-0.0309460
-0.0610885
-0.0788942
-0.0271369
-0.0198178
0.0179444
0.0028720
-0.0420757
0.0389862
0.0049737
0.0700225
-0.0297003
-0.0022631
0.0582218
0.0801487
0.0078425
-0.0480007
-0.0377112
-0.0144371
0.0389033
0.0012351
-0.0761147
-0.0164038
0.0234952
-0.0579074
-0.0441934
-0.0375859
0.0296156
0.0152748
0.0589705
-0.0557504
-0.0575010
0.0122630
0.0044201
0.0318792
-0.0077496
-0.0381366
-0.0549193
-0.0084520
-0.0320173
0.0066539
-0.0349816
0.0666352
0.0362194
0.0656972
-0.0187823
-0.0015419
-0.0678192
0.0582356
-0.0052084
-0.0471583
0.0557179
-0.0161820
-0.0220120
0.0540786
-0.0406448
0.0145974
-0.0614277
-0.0568671
-0.0389812
-0.0496442
0.0272228
-0.0167908
0.0048025
-0.0691737
-0.0052372
0.0483910
0.0544593
0.0437342
0.0096656
-0.0256146
0.0770044
0.0727564
-0.0077741
-0.0353877
-0.0317125
-0.0306295
0.0396485
-0.0552247
0.0066057
0.0024392
0.0060390
0.0006948
-0.0586482
0.0518317
0.0506717
-0.0663908
-0.0606721
0.0576102
-0.0113841
-0.0379839
-0.0133074
0.0661924
0.0651668
-0.0450199
0.0177559
-0.0156747
-0.0642405
0.0138080
0.0080096
-0.0482806
-0.0548332
0.0500084
-0.0623648
0.0019031
-0.0147962
0.0401467
-0.0087761
0.0559503
0.0234174
-0.0098177
-0.0275930
-0.0401715
0.0202899
-0.0307702
0.0232806
-0.0455874
0.0417600
-0.0618012
-0.0135726
0.0129039
0.0315359
0.0074495
0.0558855
0.0586979
-0.0275820
-0.0023628
0.0504193
-0.0240590
0.0189868
0.0439999
-0.0472972
-0.0409577
0.0392358
0.0164926
-0.0521480
0.0001617
-0.0267887
-0.0036992
-0.0127499
0.0364577
0.0823985
0.0438130
0.0666897
0.0551156
0.0066310
-0.0042261
0.0903674
0.0477399
-0.0967399
-0.0138600
-0.1664913
-0.2444146
-0.2580782
-0.0719706
0.1247660
0.3139905
0.4342010
0.2771869
0.0000218
-0.1823663
-0.2533178
-0.2257799
-0.1319450
-0.0138108
-0.0959637
0.0318200
-0.0069211
0.0858672
0.0591233
0.0940561
0.1170827
0.0338130
0.0437778
-0.0494712
-0.0501570
-0.0588012
-0.0488624
-0.0930376
-0.0002032
0.0130159
-0.0376745
0.0016316
-0.0509797
0.0194739
0.0625622
-0.0412383
0.0762227
0.0257722
-0.0562291
-0.0359163
-0.0022881
0.0549990
0.0291570
-0.0452934
0.0504512
-0.0452402
-0.0152925
0.0159481
-0.0521840
0.0232336
-0.0421725
0.0141100
-0.0070113
0.0481749
0.0226425
0.0568537
0.0248791
0.0190261
0.0272981
0.0076930
0.0131584
0.0096291
-0.0314369
0.0637702
0.0546131
-0.0264961
-0.0555482
0.0322953
-0.0551079
0.0067663
0.0616259
0.0342266
0.0349330
-0.0162929
-0.0510044
0.0563664
-0.0255150
0.0107969
-0.0622395
0.0556171
0.0234813
0.0699188
0.0075439
0.0453419
-0.0142434
0.0000522
0.0454114
-0.0307985
0.0422938
-0.0578752
0.0140879
-0.0585019
0.0454473
0.0327931
0.0197387
-0.0550475
-0.0428582
0.0312539
-0.0025063
0.0471997
-0.0662391
-0.0147503
-0.0063607
0.0383217
-0.0366260
-0.0209748
-0.0236018
-0.0275384
-0.0053613
-0.0157210
0.0183728
-0.0373048
-0.0055393
-0.0595815
0.0550993
0.0044477
-0.0187049
0.0279553
0.0185911
-0.0019858
-0.0451006
-0.0073350
0.0366229
0.0076630
0.0071250
-0.0605934
-0.0110817
0.0598307
0.0125020
0.0211592
-0.0634763
-0.0580957
0.0479328
0.0239456
-0.0046266
-0.0432549
0.0279967
-0.0090555
-0.0579925
-0.0075557
-0.0182230
-0.0214333
0.0500546
-0.0206053
-0.0703765
-0.0207884
-0.0707280
-0.0153298
-0.0061063
0.0429509
0.0383535
0.0370312
0.0585285
0.0577233
-0.0025699
-0.0253006
0.0100654
-0.0262394
-0.0646661
-0.0408317
0.0076908
0.0245540
-0.0361714
0.0006883
-0.0329965
-0.0356421
-0.0226938
-0.0137342
0.0110181
0.0231089
0.0076164
0.0471030
0.0100624
0.0014773
-0.1482493
-0.1272323
-0.1646799
-0.1356096
-0.0061018
0.1190392
0.3159971
0.3438104
0.2639709
-0.0572477
-0.2228338
-0.2752172
-0.1898494
-0.0747751
-0.0840525
0.0091570
-0.0485125
0.0129099
0.1196901
0.1257448
0.0371685
0.0968370
0.0197645
0.0533041
0.0555194
-0.0351882
-0.0648150
-0.0439595
-0.0568475
-0.0108356
0.0289047
-0.0041759
0.0472494
0.0416510
0.0162962
0.0752899
-0.0300373
0.0776308
0.0569432
0.0693459
-0.0131650
0.0318992
-0.0747807
-0.0263989
-0.0172554
0.0160700
-0.0698629
-0.0373686
-0.0406186
0.0305617
0.0654105
-0.0408794
0.0556041
0.0232231
0.0263766
0.0052884
0.0345923
-0.0423118
-0.0246924
0.0214081
-0.0108598
-0.0035474
-0.0107114
0.0101218
0.0475209
-0.0116772
-0.0597524
-0.0232744
0.0363747
-0.0688664
-0.0287022
-0.0405200
-0.0546717
0.0287003
0.0404302
-0.0023355
0.0389094
-0.0636315
0.0163141
0.0252065
0.0321636
0.0351530
0.0222587
-0.0379813
0.0355969
0.0607012
0.0106534
-0.0154345
-0.0233449
-0.0420149
0.0358467
0.0486571
-0.0362571
-0.0363576
0.0059014
0.0154995
0.0497004
0.0296114
0.0236109
0.0520077
0.0525316
-0.0628168
0.0388277
-0.0672916
0.0099291
-0.0321580
-0.0428743
0.0312817
-0.0284820
0.0610778
-0.0504365
0.0122185
0.0331986
0.0353137
-0.0184967
0.0327754
0.0208023
0.0213321
-0.0210981
-0.0419195
