0.0400894
0.0254545
0.0433219
0.0239532
-0.0399917
0.0538903
0.0401497
-0.0341461
0.0387357
-0.0405096
-0.0175618
-0.0244429
0.0545362
-0.0379580
-0.0131350
-0.0051845
0.0008211
0.0243376
0.0351175
0.0116883
-0.0067056
0.0482410
-0.0036231
0.0026928
-0.0361270
0.0404439
0.0316365
-0.0303099
0.0381803
-0.0144167
0.0416896
0.0024817
0.0385310
-0.0324747
0.0465152
-0.0310975
-0.0222727
-0.0341256
0.0095930
0.0429722
0.0496505
0.0356296
0.0019768
-0.0093749
0.0531645
0.0395378
0.0312966
0.0031099
-0.0217158
-0.0439690
-0.0120577
0.0309127
0.0110093
0.0520662
0.0497236
0.0237069
0.0153900
0.0490591
0.0560294
0.0505455
0.0164240
-0.0057574
-0.0527602
-0.0085637
-0.0132844
-0.0233025
0.0279229
-0.0477099
-0.0590360
-0.0297759
-0.0516055
0.0199602
-0.0388186
-0.0362800
0.0514412
0.0693891
0.0505135
0.0574100
-0.0344368
-0.0135691
0.0212734
-0.0007184
0.0115765
0.0077239
-0.0582701
-0.0219704
-0.0100262
-0.0278202
0.0464037
-0.0082185
0.0670914
0.0858351
0.0777864
0.0360913
0.0930741
0.0179888
-0.0683220
-0.1169932
-0.1408379
-0.1884663
-0.2215725
-0.2017591
0.0021611
0.3010587
0.4933138
0.4282411
0.0919334
-0.2198780
-0.2522665
-0.1967780
-0.0747478
-0.0680339
-0.0605577
-0.0424009
0.0660288
0.0421725
0.0431638
0.0693024
0.0582807
0.0085384
0.0057632
-0.0088115
0.0080745
0.0088189
-0.0213910
-0.0904552
-0.0357890
-0.0186185
0.0350687
-0.0356507
0.0090441
0.0037384
0.0318273
0.0676710
-0.0160520
0.0229361
-0.0080790
-0.0362327
-0.0357389
-0.0214538
0.0413733
-0.0035089
0.0040790
0.0120486
0.0015169
0.0439539
-0.0442376
0.0407727
0.0190200
-0.0003570
-0.0073442
0.0275846
-0.0043778
-0.0551211
-0.0259049
0.0421733
0.0328766
0.0104493
0.0526783
-0.0374509
-0.0461680
0.0170212
-0.0084607
-0.0120755
-0.0302323
-0.0389409
-0.0095100
-0.0348229
0.0067926
0.0375148
-0.0225111
0.0313842
-0.0027191
-0.0293935
0.0321734
0.0062011
0.0055180
0.0147053
0.0264320
-0.0197778
-0.0064795
0.0206072
0.0269167
0.0071336
0.0367416
-0.0416792
-0.0451443
-0.0097785
0.0423295
0.0224671
0.0412844
-0.0089009
0.0336576
-0.0473506
0.0248621
0.0194429
-0.0350989
0.0272107
0.0498130
-0.0342671
-0.0364100
-0.0094580
-0.0301225
0.0567696
-0.0282882
0.0258876
-0.0188072
0.0095837
0.0034351
0.0163879
-0.0142945
0.0056668
-0.0315678
0.0281333
0.0313844
0.0466060
0.0298951
-0.0356687
-0.0252108
0.0568297
-0.0199752
0.0411329
-0.0428502
0.0066426
0.0519305
-0.0479748
0.0055231
0.0406055
0.0068981
-0.0278909
-0.0090641
-0.0363819
0.0420349
-0.0171925
-0.0587222
-0.0004669
-0.0062548
-0.0280001
0.0796684
0.0704908
0.0474355
-0.0332198
-0.0052531
0.0223981
-0.0202354
0.0124519
0.0093279
-0.0201124
-0.0809969
-0.0335694
-0.0502264
0.0391561
0.0763361
0.1021127
0.0844724
0.0396426
0.1128813
0.0291419
-0.0142312
-0.0661309
-0.0843668
-0.1143138
-0.2238528
-0.3080183
-0.1864719
0.0087506
0.3223806
0.4716451
0.4207360
0.0902928
-0.1876929
-0.2372221
-0.1907545
-0.1423760
-0.0976563
-0.0981498
-0.0419634
0.0658907
0.0419570
0.0658790
0.1166411
0.0914039
0.0132396
-0.0154991
-0.0103935
0.0257355
0.0128421
-0.0567597
0.0133585
-0.0272976
-0.0306190
0.0017512
0.0113806
0.0266373
0.0284613
0.0604331
-0.0131030
0.0547227
-0.0322942
0.0125354
-0.0071794
-0.0307597
0.0151668
0.0240555
-0.0111656
-0.0415756
0.0396536
0.0117059
-0.0555692
-0.0483601
-0.0455673
-0.0441561
0.0357713
0.0435292
0.0299358
0.0407486
-0.0155151
0.0133157
0.0383338
0.0008611
0.0275705
0.0268465
0.0370735
0.0071983
0.0600255
0.0040796
0.0018978
0.0389251
0.0208789
-0.0234222
-0.0316070
-0.0493268
-0.0382566
-0.0054698
0.0315412
0.0191645
-0.0313053
0.0256654
0.0724433
-0.0215310
-0.0172560
-0.0118798
0.0584732
-0.0000121
-0.0547979
-0.0676991
-0.0338757
-0.0777329
-0.0442317
0.0002989
-0.0554354
0.0347051
0.0433425
0.0543080
0.0529811
0.0283162
0.0448268
0.1473835
0.1090852
0.0852277
-0.0052527
-0.0478332
-0.2119347
-0.2975518
-0.4236012
-0.2896136
0.0199983
0.4185437
0.6310291
0.5551976
0.1679145
-0.1610929
-0.2635776
-0.3254031
-0.1991854
-0.1646308
-0.0487375
-0.0182973
0.0332724
0.0524419
0.1326556
0.1380772
0.0736186
0.0307167
0.0689293
0.0622704
-0.0343514
-0.0134582
-0.0315849
-0.0318727
-0.0884826
-0.0659554
0.0220882
-0.0241918
-0.0297241
0.0697748
0.0753425
0.0285408
-0.0111911
0.0681723
0.0510397
0.0063010
-0.0234715
-0.0390197
0.0124865
0.0170289
-0.0320913
0.0037217
-0.0472871
-0.0423001
-0.0118519
0.0237176
0.0214756
0.0441884
-0.0294878
0.0321916
-0.0066899
-0.0234533
0.0134925
0.0492158
0.0474904
0.0480261
-0.0037463
-0.0211280
-0.0336048
-0.0520919
0.0352687
0.0005020
0.0319157
0.0172813
0.0480778
0.0548597
0.0475688
0.0257604
-0.0154716
-0.0138196
0.0101159
-0.0331454
-0.0078432
-0.0041306
0.0210241
-0.0217283
0.0462781
-0.0239307
-0.0101508
0.0024277
0.0444875
-0.0111296
-0.0253980
-0.0001896
0.0186846
0.0262920
0.0339852
0.0303225
-0.0524510
-0.0369574
-0.0530238
-0.0238473
-0.0520842
-0.0262713
0.0117710
0.0208281
-0.0178323
0.0555570
-0.0489522
0.0268904
-0.0239902
0.0289796
0.0030959
-0.0039352
0.0203411
-0.0287884
0.0361506
-0.0077994
0.0185175
0.0001313
-0.0290595
0.0310386
0.0155684
0.0091124
0.0025197
0.0344483
0.0251433
-0.0056444
-0.0048335
-0.0457743
0.0610445
0.0336518
-0.0107017
0.0274845
0.0098086
-0.0034329
0.0164307
-0.0287215
0.0161627
-0.0321631
0.0556859
-0.0230605
-0.0616044
0.0107455
-0.0214218
0.0471280
0.0064112
-0.0163872
0.0385437
0.0026074
0.0226847
0.0128227
0.0655646
0.0545211
-0.0558837
0.0025470
-0.0310058
0.0012738
0.0110889
-0.0787121
-0.0070285
-0.0642099
-0.0236427
0.0523499
-0.0213593
0.0094884
0.0909360
0.0923633
0.0377212
0.0078130
-0.0114903
-0.0040127
-0.1047694
-0.1248131
-0.1911614
-0.2259729
-0.1449304
0.1053708
0.2799591
0.3327536
0.2162471
0.0091592
-0.1341234
-0.1416089
-0.1019014
-0.0913557
-0.0497327
0.0029832
-0.0336769
-0.0027804
0.0854443
0.0729605
0.0814782
0.0489232
0.0551522
0.0055480
0.0123044
-0.0114941
0.0227895
-0.0368307
0.0240991
-0.0196667
-0.0498317
-0.0236490
-0.0225993
-0.0559023
-0.0207111
0.0002368
0.0070002
-0.0052753
-0.0397416
0.0457990
0.0351417
0.0511690
0.0290311
-0.0495593
-0.0119520
-0.0264244
-0.0409491
0.0165740
0.0144423
0.0280859
0.0339425
-0.0221335
-0.0405360
0.0390725
0.0517977
-0.0373155
-0.0317717
0.0474020
-0.0473235
0.0293786
-0.0579347
-0.0447698
0.0219545
-0.0524732
-0.0498025
0.0240178
0.0245914
0.0595618
0.0576645
0.0308075
-0.0280465
0.0182621
0.0296722
0.0066158
0.0323175
-0.0014689
-0.0138757
0.0243206
0.0533082
-0.0426261
0.0133109
0.0186036
-0.0535432
-0.0240357
0.0063051
0.0448903
-0.0512507
-0.0041001
-0.0353487
0.0411819
-0.0000137
-0.0389505
0.0205905
-0.0323614
0.0379780
-0.0198587
-0.0222459
-0.0545441
-0.0260727
0.0380589
-0.0215630
-0.0273384
0.0020313
-0.0263987
-0.0217954
0.0538367
0.0285555
-0.0079155
-0.0141096
-0.0278022
0.0454654
-0.0483554
0.0422626
0.0081133
0.0478751
0.0447087
0.0069675
0.0043692
0.0478053
-0.0403758
-0.0233140
0.0156626
-0.0393531
-0.0414383
-0.0157230
-0.0101924
-0.0331866
-0.0346366
-0.0318308
0.0253415
-0.0259074
-0.0432054
-0.0229024
0.0400563
-0.0292568
0.0349294
0.0165023
-0.0388067
0.0494470
0.0231932
-0.0508800
-0.0310013
-0.0256817
-0.0343147
0.0390398
-0.0345282
0.0464550
0.0058840
0.0314359
0.0195139
0.0106834
-0.0288728
0.0302212
0.0199569
-0.0474327
-0.0072639
-0.0608906
-0.0283678
-0.0021974
-0.0560961
-0.0116398
-0.0489762
0.0144992
-0.0383416
0.0457712
0.0373247
-0.0297188
0.0249222
0.0321054
0.0438863
0.0321289
-0.0448451
0.0253982
-0.0557648
-0.0327417
-0.0515321
0.0131939
-0.0327529
0.0573410
0.0674930
0.0236550
0.1001126
0.1207115
0.1005227
0.0039306
0.0454983
-0.0358690
-0.1329677
-0.1028555
-0.2519178
-0.2320408
-0.1586233
0.0674031
0.2927414
0.4251671
0.3028555
0.0943465
-0.1563944
-0.2682651
-0.1646877
-0.1326560
-0.0285511
-0.0538210
-0.0395339
0.0094889
0.0491410
0.1079517
0.0644682
0.0776446
0.0208839
0.0236822
-0.0354210
-0.0070420
-0.0814833
0.0117126
0.0079936
-0.0777014
-0.0442007
-0.0156464
0.0065423
0.0206268
0.0495733
0.0595310
-0.0004272
0.0112962
0.0511545
0.0551065
-0.0344933
0.0190156
0.0235071
0.0054492
-0.0256350
0.0194103
0.0288972
-0.0482595
-0.0170283
-0.0545415
0.0374432
0.0445569
0.0149716
-0.0056488
0.0370986
-0.0370856
0.0179728
0.0454512
-0.0443202
-0.0132484
0.0340158
-0.0349178
-0.0137578
0.0303835
0.0134075
-0.0234751
-0.0225514
0.0257566
0.0191394
-0.0368071
-0.0548867
-0.0478386
-0.0386456
0.0171020
0.0357593
0.0017797
-0.0161013
0.0170124
-0.0059260
-0.0339048
0.0070238
0.0122399
-0.0356198
0.0108555
0.0222844
0.0000660
0.0390334
-0.0478340
-0.0161835
0.0176405
0.0355202
0.0577229
-0.0418952
-0.0486830
0.0164498
-0.0273537
-0.0444140
-0.0171115
-0.0509341
0.0436647
0.0369342
0.0556211
-0.0332926
-0.0064672
-0.0525100
0.0333253
0.0188813
-0.0204216
0.0051683
0.0143888
0.0129078
0.0315432
0.0412992
-0.0127481
0.0106250
-0.0201792
-0.0503843
-0.0124413
-0.0114291
0.0314095
0.0325393
0.0325767
-0.0071056
0.0102438
0.0318454
-0.0431558
0.0401351
0.0435142
0.0364646
-0.0066955
-0.0219751
-0.0126859
0.0514891
0.0502593
0.0269825
-0.0163575
0.0127024
-0.0289677
-0.0029561
0.0142048
0.0054075
-0.0190540
-0.0496735
-0.0353091
0.0149789
0.0547775
0.0019342
-0.0124110
0.0345758
0.0450183
-0.0458917
-0.0014514
-0.0224260
0.0096454
0.0204546
-0.0124153
0.0092541
-0.0638303
-0.0003093
-0.0028738
-0.0322963
0.0801022
0.0348861
0.0320737
0.0845337
0.0476003
0.0112579
-0.0652966
-0.0115305
-0.0756051
-0.1275057
-0.2135693
-0.2578623
-0.1093300
0.1866947
0.4777868
0.4751535
0.2128514
-0.0965761
-0.2619248
-0.2094772
-0.1648750
-0.0776789
-0.0110135
-0.0638637
-0.0171970
0.0282816
0.0910145
0.0806036
0.0929079
0.0263427
0.0514046
-0.0236894
-0.0295426
0.0016916
-0.0804140
0.0099622
-0.0135090
-0.0478026
0.0209285
-0.0277913
0.0445070
0.0427793
0.0692565
0.0193958
-0.0023535
0.0049282
-0.0417928
-0.0247601
-0.0335428
-0.0022106
0.0444508
-0.0206223
0.0017647
0.0275169
-0.0461836
-0.0435693
0.0123355
-0.0047922
0.0419361
-0.0056948
0.0608918
-0.0043077
0.0028907
0.0008067
-0.0062962
0.0099138
0.0411648
-0.0200909
-0.0069368
-0.0404172
-0.0442465
0.0434882
-0.0230326
-0.0476831
0.0048244
-0.0175768
-0.0555912
-0.0353246
-0.0146650
-0.0198791
0.0095958
-0.0097021
0.0006690
-0.0420733
0.0495019
0.0453027
-0.0454667
-0.0235210
0.0407232
0.0022231
0.0313058
-0.0172968
-0.0367179
0.0333892
0.0386282
0.0039080
-0.0028004
-0.0347825
-0.0210089
-0.0234713
-0.0288686
-0.0063151
0.0448524
0.0395534
-0.0384600
-0.0385454
0.0118224
-0.0043761
0.0151584
0.0406520
-0.0460252
0.0175061
0.0325819
0.0170408
-0.0219958
-0.0525152
0.0211134
-0.0489635
-0.0346197
0.0136380
0.0354985
-0.0392160
0.0293099
0.0337449
-0.0148624
0.0120032
0.0390874
0.0089997
0.0253397
0.0130116
0.0528121
0.0329504
-0.0495480
-0.0384923
0.0323908
0.0494672
0.0192703
-0.0136903
-0.0495627
-0.0058604
0.0321570
0.0031628
-0.0074027
0.0171670
0.0193645
0.0339235
0.0447005
-0.0472356
-0.0443620
-0.0035170
-0.0037945
-0.0057004
-0.0331884
-0.0103700
-0.0226306
0.0593905
0.0299297
0.0482720
0.0172441
-0.0712202
-0.0813064
-0.0353355
-0.0519684
0.0020142
-0.0029628
-0.0145842
0.0617607
0.0154179
0.0377006
0.0548916
0.0926534
0.1130249
0.0214566
0.0189526
-0.0753399
-0.0813891
-0.1674781
-0.2520178
-0.2279431
-0.0781597
0.1532499
0.4139678
0.4544323
0.1916534
-0.0098929
-0.2893054
-0.2600762
-0.1787536
-0.1148109
-0.0041107
-0.0259666
-0.0055300
0.0375622
0.0687964
0.0265867
0.0632096
0.0581782
-0.0023937
0.0354230
-0.0115002
-0.0129956
0.0137029
-0.0257379
-0.0505728
-0.0195265
-0.0686095
0.0023140
0.0085917
0.0041811
0.0275533
0.0171958
-0.0220692
0.0113230
0.0133486
-0.0130748
-0.0535116
-0.0265785
0.0302553
-0.0387908
0.0264421
0.0050536
-0.0565819
-0.0108413
0.0503709
-0.0131496
0.0112343
-0.0080589
-0.0144203
-0.0223315
0.0391518
0.0413859
-0.0514482
0.0237343
-0.0102545
-0.0155987
-0.0222927
0.0515316
0.0515485
0.0144364
0.0167781
0.0515966
-0.0040119
0.0454901
0.0393171
-0.0471253
-0.0523601
-0.0613056
-0.0028746
0.0568749
0.0062275
-0.0135767
0.0123659
0.0183466
-0.0488933
-0.0228094
-0.0190800
-0.0303537
-0.0355503
0.0417226
-0.0431177
0.0203285
-0.0000743
-0.0291191
-0.0412298
-0.0510984
0.0562355
0.0134181
-0.0145387
0.0529211
-0.0419488
-0.0300914
-0.0012030
-0.0320160
0.0333899
0.0505534
0.0225874
0.0248907
-0.0300719
-0.0341677
-0.0213824
0.0104042
0.0307439
0.0157363
-0.0199817
-0.0102793
0.0485898
0.0354893
0.0570092
0.0564849
0.0145524
-0.0380676
-0.0533158
-0.0164074
-0.0413734
0.0423790
0.0194736
0.0443235
-0.0216366
-0.0477422
-0.0431360
0.0046196
0.0042297
0.0466035
0.0167007
-0.0323493
0.0127746
0.0163143
-0.0152918
0.0102122
0.0268973
-0.0128523
-0.0377287
-0.0347619
-0.0438249
-0.0111534
-0.0396737
-0.0080570
0.0084204
0.0638208
0.0488274
0.0508283
0.0483270
0.0536965
0.0151492
-0.0408278
0.0015969
0.0138913
-0.0818567
-0.0181176
-0.0081028
-0.0067691
-0.0411385
0.0792166
0.0429439
0.0199664
0.0859436
0.0226452
0.0155412
0.0030874
-0.0068793
0.0004324
-0.1396549
-0.1129779
-0.2152523
-0.2242335
-0.1646211
0.0857416
0.4509596
0.4518990
0.3622149
-0.0417899
-0.2335095
-0.3005307
-0.1643518
-0.0652945
-0.0379875
-0.0609182
0.0204120
0.0842035
0.0910204
0.1035836
0.0108982
0.1013715
0.0669018
0.0458250
-0.0371342
-0.0616455
-0.0065370
-0.0295306
-0.0630265
-0.0189818
-0.0017515
0.0346396
0.0470595
