0.0083225
-0.0016545
0.0081632
0.0241970
-0.0248513
0.0271976
0.0014733
-0.0221172
-0.0062893
-0.0239322
-0.0083342
0.0363976
-0.0030621
-0.0152609
-0.0175236
-0.0026455
-0.0186212
0.0243964
0.0231212
0.0243208
0.0269316
-0.0031813
0.0153372
0.0268857
-0.0071419
-0.0250181
0.0068868
0.0269252
0.0059532
0.0224979
-0.0199977
-0.0063537
0.0050006
-0.0157614
0.0255605
0.0152989
-0.0144919
-0.0217101
0.0137386
-0.0273678
0.0107762
0.0057929
-0.0013034
0.0311336
-0.0258061
0.0065909
0.0124544
0.0281734
-0.0118982
0.0173008
-0.0138171
-0.0075679
0.0250055
0.0265274
0.0088649
-0.0050352
0.0068691
-0.0265123
-0.0287636
0.0017729
-0.0197814
-0.0002884
0.0202314
0.0337692
0.0095658
-0.0126619
-0.0343583
-0.0012090
-0.0375615
-0.0340710
0.0123561
-0.0010707
0.0081278
0.0295492
0.0156695
0.0387330
0.0320059
0.0071348
0.0087950
-0.0216769
-0.0407944
-0.0248374
-0.0295044
-0.0296719
-0.0106809
-0.0165337
-0.0459440
-0.0091504
-0.0271351
-0.0489958
0.0231748
0.1346578
0.2325959
0.2241904
0.0857865
-0.1604824
-0.3304523
-0.2929084
-0.1124382
0.0834702
0.1192872
0.1088482
0.0579369
0.0341772
0.0456225
0.0335733
-0.0270233
-0.0037645
-0.0628265
-0.0460928
-0.0040381
-0.0307869
-0.0149451
-0.0003104
-0.0191966
0.0398555
0.0406337
0.0118772
0.0057505
0.0320108
0.0308207
0.0097651
-0.0084331
0.0211558
0.0101830
-0.0255766
-0.0190586
-0.0159462
-0.0160281
-0.0069748
0.0101807
-0.0209277
0.0023106
0.0242587
0.0283690
0.0069555
0.0001873
-0.0151362
0.0102402
-0.0151932
-0.0326365
-0.0251053
-0.0188857
-0.0273130
0.0255170
0.0167817
-0.0091038
-0.0238225
0.0170589
-0.0150369
0.0149137
-0.0018881
-0.0084006
0.0213960
-0.0081885
0.0260752
-0.0052528
-0.0026615
0.0056302
-0.0034173
0.0002993
0.0320934
-0.0246891
-0.0299384
0.0016104
-0.0049862
-0.0349349
-0.0342779
-0.0294807
0.0078945
0.0273694
0.0282902
0.0004799
0.0019906
0.0255512
0.0219915
-0.0124748
-0.0015242
0.0138535
0.0104463
0.0202536
0.0179576
-0.0102074
-0.0033663
-0.0178334
-0.0257386
-0.0141359
-0.0262768
0.0259596
0.0005655
-0.0240731
-0.0095747
0.0120465
0.0222856
0.0371815
-0.0041761
-0.0147928
-0.0289118
-0.0078343
0.0093310
-0.0021476
0.0171576
-0.0172974
-0.0021064
0.0297970
-0.0069486
0.0037006
0.0113289
0.0181839
0.0249681
0.0206925
-0.0010890
-0.0148464
-0.0358318
-0.0162064
-0.0447475
-0.0335239
-0.0040101
0.0002024
-0.0282185
0.0012343
-0.0165464
-0.0289999
0.0078775
0.0730901
0.1808213
0.2148422
0.0960814
-0.1125647
-0.2627874
-0.2730688
-0.1721337
0.0415338
0.1192607
0.1281556
0.0758017
0.0349844
0.0380834
0.0207521
-0.0150411
-0.0177804
-0.0131027
-0.0460666
-0.0485149
-0.0359125
-0.0166669
-0.0008919
-0.0108227
0.0122849
-0.0068600
0.0047785
0.0281936
0.0111573
0.0106230
-0.0007806
0.0202377
-0.0121638
0.0050049
0.0127382
-0.0274503
0.0182043
-0.0202425
-0.0316181
0.0263767
0.0259997
-0.0150130
0.0264624
-0.0047604
0.0000339
-0.0096044
-0.0211405
0.0124977
-0.0092212
-0.0362091
-0.0333142
0.0018888
-0.0137365
0.0173348
0.0001443
-0.0138238
-0.0000048
0.0316550
-0.0203887
-0.0257174
-0.0250178
0.0187058
-0.0234129
0.0322466
0.0058665
-0.0212823
0.0033593
0.0012329
0.0062794
0.0048574
-0.0242189
0.0248535
-0.0266344
0.0178331
0.0077358
-0.0003553
0.0014740
0.0289962
0.0173476
0.0001480
-0.0125724
0.0060657
-0.0124869
-0.0071081
-0.0121200
-0.0252589
-0.0116950
-0.0221150
0.0116642
-0.0076303
-0.0246759
0.0196933
-0.0027059
-0.0241924
-0.0028035
-0.0279620
-0.0217655
0.0164038
0.0321355
0.0251542
0.0090196
-0.0041729
0.0299939
-0.0043772
0.0012200
0.0120617
0.0066391
-0.0111745
0.0264941
-0.0050237
0.0004650
-0.0191116
-0.0018761
-0.0059108
-0.0198603
-0.0089398
0.0046210
0.0171962
0.0244175
-0.0064444
0.0158534
0.0110216
-0.0373427
-0.0075318
-0.0371054
-0.0410311
-0.0290209
-0.0432165
-0.0388396
-0.0173221
-0.0449621
-0.0447193
-0.0183140
0.1005021
0.1875069
0.2695941
0.1070192
-0.0858953
-0.2919350
-0.2830767
-0.1427520
-0.0080525
0.1234345
0.1335492
0.0826139
0.0871383
0.0176627
0.0277067
-0.0314646
-0.0146963
-0.0210623
-0.0250826
-0.0418660
-0.0129485
-0.0114856
-0.0370063
-0.0267426
0.0211722
0.0408356
0.0376331
0.0114776
0.0391032
-0.0085944
0.0147489
0.0297089
-0.0196142
0.0173776
0.0052740
-0.0170693
-0.0331144
0.0226465
-0.0292323
0.0121513
0.0094200
-0.0065217
0.0318848
0.0316740
-0.0208637
-0.0219069
-0.0147191
0.0035167
-0.0355484
0.0140688
-0.0063808
-0.0058684
0.0126791
0.0024003
0.0095982
0.0275201
-0.0012265
-0.0313852
0.0077413
0.0104568
-0.0261860
0.0208890
-0.0238347
0.0127875
0.0089794
-0.0276902
0.0233440
0.0102197
0.0310771
0.0227409
0.0187713
0.0125854
0.0174941
-0.0119760
0.0308242
0.0129146
0.0206528
-0.0354179
-0.0204822
0.0007556
0.0208813
-0.0101172
-0.0244667
-0.0015029
-0.0159892
0.0245046
-0.0162334
-0.0153628
0.0200545
0.0134824
0.0230501
-0.0008071
-0.0315293
-0.0320194
-0.0149431
-0.0101699
-0.0096735
0.0263022
0.0154036
-0.0107636
-0.0058693
0.0175247
-0.0189052
0.0343895
-0.0221617
-0.0162818
0.0161500
0.0152673
-0.0169339
-0.0317093
0.0015283
-0.0117661
-0.0284712
-0.0130629
-0.0206170
0.0257048
-0.0155469
-0.0019638
0.0483358
0.0415544
0.0015673
-0.0184503
-0.0103142
-0.0074739
0.0013764
-0.0347597
-0.0116979
-0.0028140
-0.0278289
-0.0136591
-0.0256792
-0.0333042
0.0011078
0.0541141
0.1608887
0.2390427
0.1658890
-0.1019190
-0.2421051
-0.2994792
-0.1501728
0.0361884
0.1533981
0.1293302
0.1087553
0.0435625
0.0396383
0.0116340
-0.0188022
-0.0391380
-0.0459461
-0.0262630
-0.0387701
-0.0268806
-0.0149260
0.0007342
-0.0316278
-0.0150952
-0.0116739
0.0361761
0.0193215
-0.0028125
0.0378787
0.0049679
-0.0061142
0.0119966
0.0169126
0.0191524
-0.0395523
-0.0061224
-0.0370162
0.0073767
-0.0207385
-0.0238232
0.0282708
0.0333342
-0.0008178
0.0209406
-0.0183882
0.0089069
-0.0010797
-0.0065321
0.0070958
-0.0328343
-0.0172457
-0.0201312
0.0157961
-0.0020205
0.0029217
-0.0093118
-0.0057386
0.0086024
0.0010039
-0.0269373
0.0037180
0.0341900
0.0287101
-0.0047922
0.0046460
-0.0268423
-0.0017467
-0.0031470
-0.0059268
-0.0000604
-0.0070776
0.0302383
0.0101982
0.0051494
-0.0008146
-0.0277856
0.0217179
-0.0019488
0.0268356
-0.0004102
0.0182144
-0.0128160
-0.0116211
-0.0218524
-0.0273813
-0.0153133
-0.0164701
-0.0217162
0.0304193
0.0318293
-0.0027574
0.0075382
-0.0080881
-0.0218435
-0.0023029
-0.0088215
-0.0108930
-0.0043860
-0.0175091
0.0214328
-0.0199542
0.0110668
-0.0020124
0.0160582
0.0130006
0.0043025
0.0229171
-0.0424586
-0.0056038
-0.0254565
0.0168817
0.0100160
-0.0293298
-0.0011237
-0.0037411
0.0354988
0.0317810
0.0019618
-0.0024096
-0.0023398
0.0130250
-0.0097356
-0.0285073
-0.0398887
0.0061505
-0.0116341
0.0081282
-0.0394335
-0.0411324
-0.0384318
-0.0837647
-0.0396465
0.0384522
0.1575598
0.2495435
0.1890045
-0.0207158
-0.2178481
-0.3174766
-0.2046020
-0.0582310
0.1184604
0.1275266
0.1119793
0.0899375
0.0322935
0.0539623
0.0145647
-0.0391378
-0.0569729
-0.0062085
-0.0272015
-0.0495322
-0.0343093
-0.0364413
0.0137611
0.0035499
-0.0047163
0.0403494
0.0337904
0.0199323
-0.0114562
0.0110830
-0.0186164
0.0105196
0.0053216
0.0175898
0.0287132
0.0223977
-0.0279485
-0.0193171
-0.0026025
-0.0206676
0.0157150
-0.0025213
-0.0068583
-0.0058281
-0.0004725
0.0200817
0.0241866
-0.0255144
0.0256035
-0.0295307
-0.0177606
-0.0060067
0.0031774
0.0100388
-0.0257581
-0.0280533
-0.0262972
0.0034812
-0.0231326
0.0035777
0.0013314
0.0181869
0.0314644
-0.0236142
-0.0234213
0.0138381
-0.0245092
0.0032030
0.0308857
-0.0202981
-0.0029524
-0.0123480
0.0268839
-0.0202715
0.0162214
-0.0104957
-0.0029649
0.0294769
-0.0125266
-0.0152710
-0.0140682
-0.0244407
0.0227913
0.0280387
-0.0241026
0.0242871
-0.0150692
-0.0095817
0.0000042
-0.0164757
0.0026521
0.0023282
-0.0138308
0.0095520
0.0040990
-0.0301881
-0.0082482
0.0149402
-0.0307098
0.0061118
0.0263378
0.0094274
-0.0133811
0.0072327
-0.0026802
0.0203967
-0.0004176
0.0020229
0.0016025
0.0002341
0.0038191
0.0240697
0.0106124
-0.0112484
-0.0186751
0.0251096
0.0202868
0.0430467
0.0401170
0.0103335
0.0077580
0.0061707
-0.0031482
-0.0329744
-0.0409539
-0.0147547
-0.0416648
-0.0090144
-0.0286963
-0.0281951
-0.0474563
-0.0518547
0.0116295
0.1150325
0.2228392
0.2771784
0.1004696
-0.0946618
-0.2890687
-0.2900936
-0.1780309
0.0525327
0.1078770
0.1555655
0.0791530
0.0435926
0.0194426
-0.0049248
0.0146760
-0.0494020
-0.0254192
-0.0224315
-0.0502276
-0.0151768
-0.0143618
0.0099085
-0.0105939
-0.0171123
0.0087769
0.0040618
0.0335622
0.0309334
0.0183890
-0.0272023
0.0227556
0.0117460
0.0266311
0.0198841
-0.0252322
0.0115520
0.0238137
0.0059497
0.0178270
0.0195916
0.0036115
0.0238305
0.0086916
0.0200530
0.0141361
0.0088393
-0.0158595
-0.0005506
-0.0183360
-0.0049462
-0.0117768
-0.0150203
0.0218537
0.0110363
-0.0010164
-0.0277669
0.0041332
0.0039112
0.0011221
0.0204402
-0.0001911
-0.0082960
0.0169280
-0.0083942
0.0097054
0.0237421
-0.0036851
0.0226179
-0.0122201
0.0289522
0.0136854
-0.0006069
0.0035289
-0.0099008
-0.0035402
-0.0021257
-0.0089667
-0.0264271
0.0146401
0.0219376
-0.0165200
0.0046933
-0.0053709
0.0161939
-0.0300487
0.0076009
-0.0184769
-0.0123615
-0.0112916
0.0214848
0.0194716
-0.0010439
0.0144965
0.0301689
0.0082963
-0.0028722
-0.0309047
0.0030800
-0.0176430
-0.0000337
0.0251778
0.0176509
-0.0108144
-0.0023551
-0.0072422
0.0019805
0.0136572
-0.0274293
-0.0000485
0.0154493
-0.0292965
-0.0185300
-0.0191751
-0.0156013
0.0287189
-0.0147981
0.0094377
0.0510548
0.0140113
0.0194674
-0.0020876
0.0074442
0.0012263
-0.0381573
0.0198364
0.0036083
-0.0495014
-0.0574149
-0.0560458
-0.0391373
-0.0788645
-0.0121688
0.1034247
0.2450957
0.2477826
0.1241867
-0.1641894
-0.3195126
-0.3250852
-0.1516830
0.0387566
0.1337203
0.1171967
0.0862847
0.0322130
0.0167544
0.0230574
-0.0143729
-0.0257801
-0.0232144
-0.0459214
-0.0318357
-0.0486378
0.0070996
-0.0243949
0.0031192
-0.0109123
0.0406389
-0.0027712
0.0046379
-0.0103027
0.0006897
-0.0181083
-0.0138738
0.0131422
0.0153360
0.0098831
0.0039516
-0.0202683
-0.0130210
-0.0172765
-0.0004475
-0.0178073
0.0087686
-0.0100152
-0.0133943
0.0156915
0.0033337
0.0076448
-0.0055344
-0.0207275
0.0255837
0.0032408
-0.0100294
-0.0086952
-0.0249135
0.0041684
-0.0037541
-0.0027669
-0.0259206
-0.0044311
-0.0291010
0.0255492
-0.0182692
0.0176993
0.0058120
0.0257134
0.0251134
-0.0208000
0.0077180
0.0097024
0.0015441
0.0191342
0.0080003
0.0281486
0.0271466
0.0138189
0.0218246
0.0194165
0.0228878
-0.0077576
0.0265939
0.0238494
-0.0095932
0.0082187
-0.0039888
0.0341773
0.0007623
0.0031959
0.0275950
-0.0111882
-0.0020342
-0.0364474
-0.0358854
-0.0212385
0.0297885
0.0367727
0.0022383
0.0222794
-0.0286942
-0.0214343
-0.0156616
0.0287545
0.0204108
0.0245151
0.0259130
0.0198695
-0.0189799
-0.0311410
0.0040968
0.0142912
-0.0042547
-0.0275294
-0.0158134
-0.0156973
-0.0185274
-0.0038577
0.0170780
0.0304603
0.0025024
0.0242763
0.0076337
-0.0006887
0.0092899
-0.0117348
-0.0239405
-0.0043584
-0.0382164
-0.0102644
-0.0293546
-0.0237298
-0.0744682
-0.0877531
-0.0683373
0.0447132
0.1427772
0.2631728
0.2179236
0.0238883
-0.2391467
-0.3377952
-0.2114475
-0.0238245
0.1188573
0.1449647
0.0943255
0.0417380
0.0573674
0.0447561
0.0208383
-0.0080299
-0.0114137
-0.0037413
-0.0337705
-0.0498790
-0.0152568
-0.0049598
-0.0023542
-0.0182038
0.0283242
-0.0073630
0.0321119
0.0318090
-0.0103755
0.0316999
0.0126178
0.0052585
0.0099970
-0.0132419
-0.0357112
0.0037068
-0.0048737
-0.0281620
-0.0234776
-0.0161040
0.0269676
0.0176775
0.0092567
0.0149835
0.0232547
0.0169583
0.0232243
0.0073202
0.0190043
0.0194386
0.0178450
-0.0135781
0.0183297
0.0015316
-0.0179034
0.0204114
0.0249145
0.0095158
-0.0214605
0.0184990
0.0125710
0.0054634
-0.0299121
-0.0040895
0.0013429
0.0051617
-0.0126652
0.0029006
-0.0075305
0.0253174
0.0063869
-0.0195966
-0.0302036
0.0182626
0.0035542
0.0129563
-0.0178925
0.0153701
-0.0267188
-0.0102245
-0.0070450
-0.0125985
0.0304268
0.0291672
-0.0019782
0.0220314
-0.0176410
0.0104277
-0.0022659
0.0077349
-0.0115983
0.0087789
0.0191053
-0.0378116
-0.0188650
-0.0258444
-0.0031621
-0.0140735
0.0360274
-0.0226851
-0.0056685
0.0189650
-0.0209034
-0.0079998
0.0064291
0.0065144
0.0112856
-0.0282453
-0.0385734
-0.0316556
-0.0093537
-0.0014048
0.0207869
-0.0054515
0.0183206
-0.0056175
0.0103624
0.0176614
0.0002134
0.0107392
-0.0141601
-0.0164868
-0.0309457
0.0000533
0.0174310
0.0170773
-0.0342118
-0.0144936
-0.0715437
-0.0749374
-0.0511684
0.0913345
0.1919574
0.2640932
0.1725998
-0.0517850
-0.2784826
-0.3169948
-0.1947329
-0.0147206
0.1215188
0.1152147
0.0925777
0.0319135
0.0490168
0.0018700
0.0136235
-0.0449685
-0.0276600
-0.0395418
-0.0344245
-0.0073021
-0.0222457
-0.0148224
0.0009337
0.0152031
0.0063526
0.0281329
-0.0003823
0.0393084
0.0118055
-0.0146243
0.0216366
-0.0092694
0.0159944
-0.0251933
-0.0041089
-0.0395405
-0.0218235
-0.0035294
0.0032944
-0.0190985
-0.0081310
0.0200004
0.0162798
0.0320170
0.0233002
-0.0050919
-0.0181670
-0.0058946
-0.0090694
0.0262333
-0.0192476
0.0197462
0.0241232
0.0043318
-0.0011115
-0.0025423
0.0035682
0.0123823
0.0088845
0.0149284
0.0084761
-0.0056556
0.0028886
0.0208618
0.0272636
-0.0068722
0.0195859
0.0062157
0.0202000
0.0004921
-0.0277519
0.0023283
0.0284925
-0.0239416
0.0161691
0.0147006
0.0250244
0.0256493
-0.0074816
0.0036862
-0.0191674
-0.0035244
0.0113524
0.0182128
-0.0213692
0.0088086
-0.0012878
-0.0077204
-0.0012254
0.0246988
0.0200148
0.0178548
-0.0000218
-0.0120495
-0.0240685
