-0.0231105
-0.0143921
0.0251117
0.0143851
0.0182099
-0.0121781
0.0030875
-0.0168657
-0.0250764
0.0179698
-0.0130093
-0.0322673
-0.0363815
0.0006637
0.0024064
0.0276935
0.0341141
-0.0025853
-0.0007997
-0.0194704
-0.0277157
0.0206345
-0.0050624
0.0154720
-0.0129671
-0.0059332
0.0210078
-0.0303719
-0.0155632
-0.0274264
0.0082818
0.0239555
-0.0181499
-0.0125501
0.0091803
0.0274338
0.0271285
0.0167320
0.0018025
-0.0047590
0.0139696
-0.0210791
0.0022017
0.0263428
-0.0028534
-0.0105143
0.0093234
0.0052563
0.0276980
0.0187231
0.0234983
-0.0076379
-0.0267506
0.0210386
-0.0089654
-0.0100853
0.0253044
0.0149185
0.0078103
-0.0321101
-0.0277626
-0.0364573
-0.0328430
0.0172557
0.0062587
0.0232433
0.0420664
0.0155305
0.0142999
0.0127619
0.0109834
0.0163294
0.0004180
-0.0028343
-0.0427107
-0.0025945
-0.0085308
-0.0237941
0.0042130
-0.0208778
-0.0542369
-0.0579947
0.0652435
0.1787824
0.2106235
0.1198899
-0.0716567
-0.2812591
-0.2514666
-0.1595255
0.0304113
0.1576981
0.1497472
0.0565407
0.0132761
0.0474789
-0.0024321
0.0042642
-0.0207122
-0.0480540
-0.0435671
-0.0458186
-0.0042307
-0.0052771
0.0171055
-0.0132152
0.0079330
0.0120056
-0.0079719
0.0230973
-0.0034587
-0.0261826
0.0120234
0.0013839
0.0324517
-0.0246217
-0.0186496
-0.0005262
-0.0189872
0.0108140
-0.0071777
-0.0097022
0.0015120
0.0235746
-0.0022860
-0.0281781
-0.0242387
-0.0081374
0.0199246
-0.0120648
0.0293267
0.0210551
-0.0168869
-0.0315377
-0.0311710
-0.0340682
-0.0068726
0.0091379
0.0114403
0.0089709
-0.0200588
0.0288793
0.0296195
0.0333697
-0.0055211
0.0269815
0.0071039
0.0202581
0.0054215
0.0099836
-0.0303353
-0.0283044
0.0259762
-0.0123992
0.0227696
0.0076715
0.0059688
-0.0264934
-0.0233886
-0.0225282
-0.0172207
-0.0031442
-0.0260940
-0.0230939
-0.0264437
0.0273302
0.0085411
0.0110223
0.0160092
-0.0017857
-0.0245974
0.0267470
0.0114354
-0.0230920
-0.0008541
-0.0024242
0.0078438
-0.0285680
0.0257152
-0.0041072
0.0087108
0.0043306
0.0095583
0.0142768
0.0029848
0.0217222
0.0226887
0.0270760
0.0099837
0.0067594
-0.0010418
-0.0159872
-0.0188522
0.0107073
-0.0020760
-0.0135556
-0.0158736
0.0174870
0.0021030
0.0094445
-0.0043138
0.0167610
0.0122927
0.0087566
0.0108812
0.0178309
-0.0197028
-0.0143923
0.0124669
-0.0132484
0.0009556
-0.0146027
0.0047687
-0.0307979
-0.0132529
-0.0256793
-0.0072833
0.0032480
0.0316348
-0.0026155
0.0275122
0.0328113
-0.0031641
0.0072118
-0.0250678
-0.0183277
-0.0280180
-0.0302258
-0.0396734
-0.0210311
-0.0336576
0.0101205
-0.0148729
-0.0264476
-0.0089906
0.0925946
0.1918471
0.2160568
0.0965897
-0.1277879
-0.2705355
-0.2615938
-0.1076259
0.0340844
0.1453678
0.1356439
0.0561712
0.0581245
-0.0055863
0.0215362
0.0135562
0.0032964
-0.0253785
-0.0491281
-0.0191907
-0.0306396
-0.0118150
-0.0327621
0.0107600
0.0062371
0.0074983
0.0169955
0.0429486
0.0198701
-0.0124061
-0.0177994
0.0128549
0.0201814
0.0129779
-0.0307983
0.0067471
0.0076209
-0.0286300
-0.0017635
0.0115911
0.0212843
0.0150696
0.0123624
0.0157553
0.0220672
0.0028094
-0.0142848
0.0095264
0.0252579
-0.0121400
0.0081648
0.0052913
0.0126645
-0.0225792
0.0133017
0.0206194
-0.0112094
-0.0287490
0.0273879
0.0032021
-0.0025923
0.0185754
-0.0101315
-0.0007524
-0.0031016
0.0272188
0.0055447
-0.0053212
0.0226678
-0.0080592
-0.0248147
-0.0222344
0.0091431
0.0223406
0.0042363
0.0199337
-0.0283043
0.0177326
0.0140964
-0.0191395
-0.0200616
0.0132918
0.0238877
0.0063087
-0.0204541
0.0140284
-0.0177981
0.0284145
0.0095636
-0.0278599
-0.0176562
0.0170545
-0.0227804
0.0255293
0.0251222
0.0016798
-0.0177073
-0.0159734
-0.0090113
-0.0278853
-0.0230495
-0.0248852
0.0054822
-0.0034091
0.0225243
-0.0181295
0.0153522
0.0194691
0.0133263
-0.0304345
-0.0003318
-0.0110407
0.0199657
0.0062385
-0.0204517
-0.0148600
-0.0281439
0.0045854
-0.0261157
-0.0170439
0.0196699
0.0153151
0.0421267
0.0334641
0.0037530
-0.0051851
0.0028227
-0.0114315
0.0254419
-0.0235487
-0.0040178
-0.0084887
0.0026175
-0.0336120
-0.0244392
0.0384773
0.0288648
0.0403402
0.0124265
0.0342081
-0.0011783
0.0191080
-0.0193426
-0.0104785
0.0052487
0.0216759
-0.0234888
-0.0056405
-0.0354164
-0.0208095
-0.0325026
-0.0244634
-0.0372539
0.0644556
0.1427242
0.2505312
0.1690766
-0.0761242
-0.2560875
-0.2814057
-0.1353405
0.0026527
0.1466140
0.1131594
0.0846319
0.0007698
-0.0022423
0.0122720
0.0127542
-0.0093931
-0.0248716
-0.0358488
-0.0365394
-0.0141660
-0.0232043
-0.0138300
0.0173211
0.0242054
0.0025413
0.0238443
-0.0022695
-0.0021915
-0.0102931
0.0170230
-0.0179301
0.0056100
-0.0143020
-0.0282494
-0.0386697
0.0008433
0.0139755
-0.0232963
-0.0282425
0.0021008
-0.0185397
-0.0235255
0.0159838
-0.0081266
0.0041045
0.0173227
0.0259871
0.0086129
-0.0091000
-0.0001293
0.0214951
0.0153746
0.0208346
0.0224060
0.0102767
-0.0256605
-0.0321032
-0.0065857
0.0024254
0.0257854
-0.0118448
0.0041822
-0.0208158
0.0182142
0.0009980
0.0099914
-0.0315557
0.0271130
-0.0103425
0.0259101
-0.0238322
-0.0259238
-0.0103758
-0.0073186
0.0206576
0.0059864
0.0193257
0.0022766
-0.0164329
0.0010883
-0.0262730
-0.0026043
-0.0116249
0.0270778
-0.0276874
0.0074651
0.0271979
0.0142669
-0.0049851
-0.0106557
-0.0132972
-0.0090588
0.0144920
0.0165144
-0.0020017
-0.0172633
-0.0171268
-0.0184638
0.0086222
-0.0304528
0.0000645
-0.0048735
0.0043883
-0.0193963
0.0273458
-0.0221008
0.0153063
0.0031414
-0.0038443
0.0067614
-0.0111889
-0.0296444
0.0120210
0.0172162
-0.0149172
-0.0133584
-0.0171873
0.0220876
-0.0217814
0.0201032
0.0289811
-0.0111952
0.0308063
-0.0121756
-0.0082889
-0.0299722
-0.0040750
0.0215086
0.0123601
0.0082342
-0.0171655
0.0211280
-0.0234992
0.0145268
-0.0258217
0.0113284
0.0022510
0.0450357
-0.0033512
0.0330330
0.0066171
-0.0010823
-0.0071215
-0.0400571
-0.0311867
0.0093590
-0.0072566
-0.0275930
-0.0259831
-0.0488803
-0.0746241
-0.0079887
0.0601765
0.1980359
0.2521533
0.1572796
-0.0795307
-0.2253273
-0.2692137
-0.1290841
0.0450540
0.1060084
0.1204281
0.0614078
0.0460539
0.0477554
0.0509303
0.0185310
-0.0315131
-0.0049054
-0.0198793
-0.0035372
-0.0501174
-0.0301199
0.0143017
0.0135179
0.0198165
0.0238871
0.0164368
-0.0070912
0.0406675
0.0245053
0.0054503
0.0223815
-0.0173102
-0.0082920
-0.0170057
-0.0370331
-0.0302450
-0.0101429
0.0226152
0.0265263
0.0177461
0.0123612
0.0130225
-0.0008711
0.0198813
-0.0221361
-0.0138668
-0.0062179
0.0313410
-0.0058669
0.0052320
-0.0259543
0.0075832
-0.0018335
-0.0271953
0.0123760
-0.0075969
0.0283930
0.0292483
-0.0051543
0.0101566
-0.0052104
0.0294206
0.0068163
0.0093814
-0.0153053
-0.0292680
0.0012760
-0.0206627
0.0263917
0.0289082
0.0010861
0.0240463
-0.0143971
0.0025953
0.0196491
-0.0188717
0.0215818
0.0218907
0.0098656
0.0191437
-0.0268862
-0.0029545
0.0099770
0.0247252
-0.0058366
-0.0017618
-0.0115239
0.0087346
0.0283323
0.0059906
0.0015111
-0.0015579
0.0200616
0.0222456
-0.0000632
-0.0208118
0.0130820
-0.0284570
0.0113091
-0.0241809
-0.0073332
0.0042090
-0.0034775
0.0180477
-0.0245253
0.0009353
0.0192297
0.0094573
-0.0251076
0.0130542
-0.0237965
0.0009757
-0.0175862
0.0218242
0.0173477
0.0060795
-0.0012448
-0.0138656
0.0016623
0.0121311
-0.0214638
-0.0005392
0.0257089
0.0179231
0.0312858
-0.0076183
0.0072007
-0.0046606
0.0002909
0.0116005
-0.0340969
-0.0280450
0.0044798
0.0186996
-0.0150847
0.0243851
0.0264062
0.0244566
0.0262968
0.0038183
0.0185606
0.0238892
-0.0085759
-0.0100960
0.0056436
0.0049870
0.0047527
0.0054057
-0.0300610
-0.0099968
-0.0785749
-0.0250638
0.0600226
0.1723709
0.2358372
0.1784218
-0.0012185
-0.2409952
-0.2850844
-0.1492332
0.0306815
0.1157564
0.1295942
0.0431861
0.0544905
0.0098501
0.0101280
-0.0225695
-0.0151993
0.0053666
-0.0111684
-0.0442021
-0.0432850
-0.0070977
0.0091498
-0.0117052
0.0265682
0.0312773
-0.0057440
0.0115746
0.0316815
-0.0184704
-0.0007877
0.0154957
0.0024776
-0.0165381
-0.0251850
0.0185476
0.0056281
-0.0293313
0.0142166
0.0346135
0.0055241
0.0150914
0.0124995
-0.0231269
-0.0002613
0.0249680
0.0150997
0.0292305
-0.0100623
-0.0032853
-0.0190417
0.0328835
0.0047856
-0.0175504
-0.0307721
-0.0213731
0.0253570
0.0046717
0.0141079
-0.0088661
-0.0017605
-0.0157782
0.0251462
0.0217162
-0.0334702
-0.0212058
-0.0034898
-0.0077437
0.0079580
0.0180918
-0.0151734
0.0000364
-0.0109915
-0.0004577
-0.0225885
0.0188529
0.0227332
0.0066564
0.0117489
0.0280154
-0.0169686
-0.0088361
-0.0138214
0.0258813
0.0313354
0.0290067
0.0155070
-0.0085918
0.0023302
0.0126460
0.0152535
0.0078095
-0.0258319
0.0043741
-0.0081207
0.0271580
0.0120287
-0.0080431
-0.0295967
0.0245453
-0.0221755
-0.0016890
-0.0043930
0.0348034
-0.0210736
0.0272308
-0.0153425
-0.0049273
0.0104301
0.0232694
-0.0149188
-0.0044640
-0.0325682
0.0039801
-0.0333507
-0.0029221
-0.0167600
0.0098942
0.0064254
-0.0028573
0.0271996
-0.0168079
0.0315995
-0.0021876
-0.0109109
-0.0213297
0.0110882
-0.0219535
-0.0299508
-0.0234151
0.0016073
-0.0336645
-0.0170074
-0.0010345
0.0229924
-0.0144415
-0.0100201
0.0331097
0.0124544
0.0422782
0.0112459
0.0152288
-0.0031465
-0.0311354
0.0057173
-0.0172290
-0.0104633
-0.0127917
-0.0319451
-0.0328481
-0.0631984
-0.0184254
0.0610070
0.1979797
0.2108292
0.0960942
-0.0948105
-0.2642864
-0.2924664
-0.1136888
0.0771554
0.1613211
0.1228937
0.0559380
0.0181989
-0.0048530
-0.0061521
0.0306526
-0.0469880
-0.0148132
-0.0147733
-0.0226408
-0.0169458
-0.0297758
0.0093395
0.0119968
-0.0159347
0.0010595
0.0162815
0.0190147
0.0190984
0.0112294
0.0012751
0.0180630
-0.0000384
-0.0059460
0.0177702
-0.0022955
0.0175793
0.0253852
-0.0328202
-0.0182006
-0.0007334
0.0166873
0.0049610
-0.0069343
0.0246204
-0.0041598
0.0252418
-0.0222975
0.0352000
-0.0005916
-0.0154624
-0.0081183
0.0072353
-0.0002413
-0.0007716
0.0037188
0.0058601
-0.0151377
-0.0090254
0.0200986
-0.0040328
0.0237600
0.0237309
-0.0188900
-0.0075842
-0.0149300
-0.0344898
-0.0032420
0.0183495
0.0242271
-0.0026772
-0.0095976
-0.0234568
-0.0242030
-0.0062672
-0.0219080
0.0185543
0.0141899
-0.0054560
-0.0161113
-0.0083718
0.0269752
-0.0065364
-0.0069486
0.0177544
-0.0011740
0.0120131
0.0243093
-0.0062166
-0.0267930
-0.0084942
0.0386028
0.0134716
0.0208271
0.0007997
-0.0304107
-0.0091249
0.0029932
0.0229027
-0.0093641
-0.0119045
-0.0179679
-0.0060725
-0.0058597
0.0153260
0.0020424
-0.0207052
0.0120363
0.0109059
-0.0065890
0.0232757
0.0094825
0.0086222
-0.0103489
-0.0277089
-0.0212233
-0.0060323
-0.0135030
0.0106688
-0.0004481
0.0020668
0.0245584
0.0018138
-0.0171457
-0.0238076
0.0001837
0.0257732
-0.0324281
0.0169935
0.0146209
-0.0118874
-0.0151409
-0.0137718
-0.0130622
-0.0316050
0.0232554
-0.0003199
0.0452230
0.0275610
0.0362259
-0.0016738
-0.0129790
-0.0055596
0.0068203
-0.0079769
-0.0207662
-0.0366278
0.0018212
-0.0357831
-0.0026104
-0.0156887
-0.0567326
-0.0109252
0.0492712
0.1567480
0.2169976
0.1247056
-0.0682816
-0.2363226
-0.3032668
-0.1214115
0.0588220
0.1256489
0.1063123
0.0897487
0.0443316
0.0471671
-0.0131005
0.0050728
0.0030862
-0.0330046
-0.0027072
-0.0126824
-0.0056664
-0.0187895
-0.0370147
-0.0191985
0.0153603
-0.0084220
0.0045528
-0.0019163
0.0445630
0.0182980
-0.0292974
0.0006366
-0.0100161
-0.0048027
0.0131296
0.0023746
0.0182527
-0.0010290
0.0249427
0.0022703
-0.0004965
-0.0239093
-0.0193237
0.0264696
0.0323598
-0.0184220
-0.0075995
0.0079028
-0.0194105
0.0226992
0.0122363
0.0144680
0.0156170
-0.0244124
-0.0015972
0.0049032
-0.0078599
-0.0140360
-0.0061293
0.0361236
0.0202221
0.0328665
-0.0141055
-0.0003445
0.0187662
-0.0096669
-0.0108483
0.0063429
-0.0246709
-0.0317699
-0.0083160
0.0118770
-0.0008784
0.0358416
-0.0020277
0.0234072
-0.0161490
-0.0133297
-0.0137881
0.0140301
0.0113480
-0.0091460
-0.0084262
0.0201378
0.0074453
-0.0121728
-0.0125512
-0.0071954
0.0034628
-0.0243353
0.0035777
0.0319041
0.0175564
0.0001806
0.0169194
0.0019205
0.0194597
-0.0061755
-0.0287389
0.0120944
0.0014728
0.0155195
0.0030705
0.0252780
0.0226565
0.0218731
0.0023193
0.0426449
0.0052186
0.0040750
0.0053203
-0.0181541
-0.0502162
-0.0389453
-0.0638243
-0.0877686
-0.0537730
0.0148243
0.0630771
0.0683572
0.0493295
-0.0031121
-0.0388462
0.0581494
0.1014347
0.0828238
-0.0536423
-0.2126741
-0.2304626
-0.1651020
0.0159121
0.1291061
0.1210601
0.0816874
0.0335709
0.0035192
0.0046041
0.0023851
-0.0387508
-0.0197545
-0.0266040
-0.0132024
-0.0177933
-0.0187910
-0.0206486
0.0291464
-0.0039606
-0.0107978
0.0265287
0.0174081
0.0039125
0.0108200
-0.0141110
0.0060931
0.0239597
0.0228765
-0.0026236
0.0063761
-0.0070729
-0.0215495
-0.0165556
-0.0124421
-0.0350601
-0.0249972
-0.0103864
0.0328765
-0.0163407
0.0251649
0.0009045
0.0103456
-0.0021655
-0.0087910
-0.0094772
-0.0305812
-0.0250732
-0.0358822
-0.0290243
-0.0298208
-0.0126394
0.0189366
0.0255494
0.0343875
0.0259444
0.0133183
0.0227911
-0.0035678
-0.0272774
-0.0338432
0.0072251
-0.0192041
-0.0013897
-0.0044267
-0.0063267
0.0120479
-0.0012551
-0.0171222
0.0162621
-0.0152368
0.0116616
-0.0012107
-0.0207978
0.0152716
0.0207832
0.0247475
-0.0232363
-0.0055467
-0.0167201
-0.0255215
-0.0167809
0.0291411
0.0169512
-0.0106148
-0.0319688
-0.0072512
-0.0012058
-0.0031464
-0.0226696
-0.0015217
0.0241578
-0.0089241
-0.0339529
0.0186303
-0.0014423
0.0135402
-0.0111090
0.0163485
0.0086851
0.0076718
0.0150567
-0.0106975
0.0258295
-0.0098697
0.0115546
-0.0096350
0.0241762
-0.0024782
-0.0033305
0.0258063
0.0024529
-0.0100899
0.0054910
0.0032355
-0.0149495
0.0050827
0.0295839
-0.0015995
-0.0154531
0.0119779
0.0145401
-0.0009016
-0.0260837
