-0.0031682
-0.0304534
-0.0505256
-0.0181798
-0.0193586
-0.0305906
-0.0233457
-0.0042429
0.0737675
0.2346733
0.2315326
0.1020072
-0.0961315
-0.2573006
-0.3123729
-0.1584513
0.0419610
0.1378359
0.1233813
0.0982142
0.0228913
0.0486243
0.0249504
0.0255579
-0.0360600
-0.0426520
-0.0569609
-0.0483197
-0.0198553
-0.0054566
0.0121084
0.0370199
0.0228309
0.0128775
-0.0010821
-0.0060271
-0.0078400
0.0167408
0.0008964
0.0246564
0.0035822
0.0271125
0.0163059
-0.0309293
-0.0114800
-0.0105162
-0.0193098
0.0146781
-0.0038133
-0.0184242
0.0287081
-0.0025325
0.0282437
-0.0214718
-0.0107580
0.0106486
-0.0152368
0.0123325
0.0173584
-0.0270655
-0.0152098
-0.0306460
-0.0126723
-0.0201284
-0.0247301
-0.0044986
-0.0247076
0.0018052
-0.0267191
0.0178870
0.0210308
0.0114582
0.0249867
-0.0055357
0.0226341
0.0169635
0.0142285
0.0174874
-0.0068771
-0.0173955
-0.0170522
0.0243920
-0.0348982
0.0023037
0.0254533
0.0293126
0.0274610
0.0056588
-0.0261784
0.0206965
0.0191785
-0.0289360
0.0259727
-0.0259266
0.0216878
-0.0118937
0.0011006
-0.0172204
0.0140757
0.0078448
-0.0329827
-0.0090590
0.0110840
-0.0170191
-0.0006949
-0.0195061
-0.0235295
0.0302630
0.0328193
0.0370238
0.0227674
0.0111540
0.0185012
0.0210638
0.0293468
0.0249773
0.0069518
-0.0399807
0.0040395
0.0104924
-0.0203713
0.0171615
0.0065717
0.0118996
-0.0028684
0.0286524
0.0107644
0.0350823
0.0130299
0.0072391
-0.0284286
-0.0417091
-0.0124992
0.0056314
-0.0105933
-0.0022474
-0.0191762
-0.0289977
-0.0606928
-0.0697938
-0.0093966
0.0981684
0.2394790
0.2174472
0.0479160
-0.1704609
-0.2848626
-0.2916703
-0.1115138
0.0531310
0.1133747
0.1404323
0.0511005
0.0468130
0.0488635
0.0090966
-0.0211664
-0.0345444
-0.0372988
-0.0399462
-0.0379830
-0.0071641
-0.0360635
0.0066538
-0.0033002
0.0183619
0.0020495
0.0287353
0.0007317
-0.0063036
0.0194800
0.0035524
0.0086769
-0.0223393
-0.0189918
0.0040603
-0.0271018
-0.0416515
-0.0299262
0.0083812
0.0027682
0.0111156
-0.0196606
0.0370928
0.0115571
0.0278552
0.0097080
0.0185293
-0.0121157
-0.0386705
-0.0162105
-0.0221467
0.0104237
0.0228910
-0.0091868
0.0319907
0.0181519
0.0041812
-0.0076816
-0.0116486
-0.0276062
-0.0146518
-0.0188922
-0.0119226
-0.0013977
-0.0060985
0.0266234
0.0044866
-0.0238448
-0.0037433
-0.0012480
0.0109629
0.0330876
-0.0162852
-0.0271975
0.0236344
0.0020926
-0.0148221
0.0242651
-0.0205478
-0.0021517
-0.0120513
0.0160122
-0.0026763
0.0025910
-0.0234025
-0.0061511
-0.0228999
-0.0206609
0.0338269
0.0266406
-0.0230519
-0.0135083
-0.0028041
-0.0277466
-0.0031593
0.0248649
0.0013008
-0.0090802
-0.0016138
-0.0024337
0.0038780
-0.0154516
-0.0086792
-0.0243387
-0.0166913
-0.0115505
-0.0183712
-0.0337254
-0.0361934
-0.0397012
-0.0051312
-0.0045919
0.0127146
-0.0237121
-0.0212727
0.0013003
0.0187470
0.0314367
0.0307580
0.0053145
0.0447886
-0.0119906
-0.0332159
-0.0048041
-0.0457566
-0.0109553
-0.0099148
-0.0096067
0.0038693
-0.0037531
-0.0092332
-0.0496201
-0.0398235
0.0613861
0.1541424
0.2166949
0.1636504
0.0134853
-0.2259535
-0.3008098
-0.2522923
-0.0417503
0.1023140
0.1839638
0.1121191
0.0749569
0.0497111
-0.0109944
0.0223248
-0.0446027
-0.0051228
-0.0422314
-0.0138572
-0.0324295
-0.0122455
0.0074152
-0.0343454
0.0086702
0.0353390
0.0004219
0.0168576
-0.0093354
0.0345206
-0.0096790
0.0161558
-0.0036501
-0.0301008
0.0092027
0.0077126
-0.0212596
-0.0195131
-0.0160869
0.0043808
-0.0069864
0.0289034
0.0306939
0.0206686
0.0124740
0.0211557
-0.0140925
0.0279971
0.0249992
-0.0004678
0.0321224
0.0019168
-0.0029417
-0.0154445
0.0153494
-0.0265315
0.0095897
-0.0235986
-0.0260458
0.0038637
0.0192345
-0.0061900
-0.0216562
-0.0243350
-0.0336610
0.0109669
0.0202548
-0.0133550
0.0038409
-0.0167353
-0.0151849
-0.0266365
-0.0086345
-0.0240835
-0.0229829
0.0101547
-0.0287301
-0.0061709
-0.0022409
0.0225490
-0.0179833
0.0072392
0.0035308
-0.0068684
0.0077196
-0.0206193
0.0140671
0.0243445
0.0035070
0.0034287
0.0101141
0.0075464
-0.0114016
0.0206410
0.0009572
0.0089599
-0.0046179
0.0044296
0.0043523
-0.0077233
0.0057036
-0.0165120
0.0192156
-0.0236956
0.0065042
-0.0201194
0.0218995
-0.0101085
0.0227869
-0.0264736
-0.0024601
-0.0130831
-0.0061375
-0.0022664
0.0170351
0.0145937
0.0204122
0.0022971
-0.0023216
-0.0062413
0.0000699
0.0137618
-0.0280167
-0.0482355
-0.0441868
-0.0238136
-0.0387617
-0.0129110
-0.0017381
-0.0107279
-0.0154363
-0.0099194
-0.0132818
0.0328528
0.1431966
0.2252000
0.2081520
0.0080005
-0.1895029
-0.3344495
-0.2456818
-0.0818886
0.0936489
0.1197900
0.1275731
0.0780423
0.0305642
0.0014238
0.0347175
0.0018430
-0.0118109
-0.0339778
-0.0028370
-0.0544518
-0.0027122
-0.0138053
-0.0059297
0.0039839
-0.0079677
0.0208658
0.0178376
-0.0099093
0.0452547
0.0045132
-0.0279458
-0.0234649
-0.0200809
-0.0312678
-0.0126029
-0.0011855
0.0216648
-0.0152438
-0.0288654
0.0162873
-0.0214472
-0.0045363
0.0083225
-0.0016545
0.0081632
0.0241970
-0.0248513
0.0271976
0.0014733
-0.0221172
-0.0062893
-0.0239322
-0.0083342
0.0363976
-0.0030621
-0.0152609
-0.0175236
-0.0026455
-0.0186212
0.0243964
0.0231212
0.0243208
0.0269316
-0.0031813
0.0153372
0.0268857
-0.0071419
-0.0250181
0.0068868
0.0269252
0.0059532
0.0224979
-0.0199977
-0.0063537
0.0050006
-0.0157614
0.0255605
0.0152989
-0.0144919
-0.0217101
0.0137386
-0.0273678
0.0107762
0.0057929
-0.0013034
0.0311336
-0.0258061
0.0065909
0.0124544
0.0281734
-0.0118982
0.0173008
-0.0138171
-0.0075679
0.0250055
0.0265274
0.0088649
-0.0050352
0.0068691
-0.0265123
-0.0287636
0.0017729
-0.0197814
-0.0002884
0.0202314
0.0337692
0.0095658
-0.0126619
-0.0343583
-0.0012090
-0.0375615
-0.0340710
0.0123561
-0.0010707
0.0081278
0.0295492
0.0156695
0.0387330
0.0320059
0.0071348
0.0087950
-0.0216769
-0.0407944
-0.0248374
-0.0295044
-0.0296719
-0.0106809
-0.0165337
-0.0459440
-0.0091504
-0.0271351
-0.0489958
0.0231748
0.1346578
0.2325959
0.2241904
0.0857865
-0.1604824
-0.3304523
-0.2929084
-0.1124382
0.0834702
0.1192872
0.1088482
0.0579369
0.0341772
0.0456225
0.0335733
-0.0270233
-0.0037645
-0.0628265
-0.0460928
-0.0040381
-0.0307869
-0.0149451
-0.0003104
-0.0191966
0.0398555
0.0406337
0.0118772
0.0057505
0.0320108
0.0308207
0.0097651
-0.0084331
0.0211558
0.0101830
-0.0255766
-0.0190586
-0.0159462
-0.0160281
-0.0069748
0.0101807
-0.0209277
0.0023106
0.0242587
0.0283690
0.0069555
0.0001873
-0.0151362
0.0102402
-0.0151932
-0.0326365
-0.0251053
-0.0188857
-0.0273130
0.0255170
0.0167817
-0.0091038
-0.0238225
0.0170589
-0.0150369
0.0149137
-0.0018881
-0.0084006
0.0213960
-0.0081885
0.0260752
-0.0052528
-0.0026615
0.0056302
-0.0034173
0.0002993
0.0320934
-0.0246891
-0.0299384
0.0016104
-0.0049862
-0.0349349
-0.0342779
-0.0294807
0.0078945
0.0273694
0.0282902
0.0004799
0.0019906
0.0255512
0.0219915
-0.0124748
-0.0015242
0.0138535
0.0104463
0.0202536
0.0179576
-0.0102074
-0.0033663
-0.0178334
-0.0257386
-0.0141359
-0.0262768
0.0259596
0.0005655
-0.0240731
-0.0095747
0.0120465
0.0222856
0.0371815
-0.0041761
-0.0147928
-0.0289118
-0.0078343
0.0093310
-0.0021476
0.0171576
-0.0172974
-0.0021064
0.0297970
-0.0069486
0.0037006
0.0113289
0.0181839
0.0249681
0.0206925
-0.0010890
-0.0148464
-0.0358318
-0.0162064
-0.0447475
-0.0335239
-0.0040101
0.0002024
-0.0282185
0.0012343
-0.0165464
-0.0289999
0.0078775
0.0730901
0.1808213
0.2148422
0.0960814
-0.1125647
-0.2627874
-0.2730688
-0.1721337
0.0415338
0.1192607
0.1281556
0.0758017
0.0349844
0.0380834
0.0207521
-0.0150411
-0.0177804
-0.0131027
-0.0460666
-0.0485149
-0.0359125
-0.0166669
-0.0008919
-0.0108227
0.0122849
-0.0068600
0.0047785
0.0281936
0.0111573
0.0106230
-0.0007806
0.0202377
-0.0121638
0.0050049
0.0127382
-0.0274503
0.0182043
-0.0202425
-0.0316181
0.0263767
0.0259997
-0.0150130
0.0264624
-0.0047604
0.0000339
-0.0096044
-0.0211405
0.0124977
-0.0092212
-0.0362091
-0.0333142
0.0018888
-0.0137365
0.0173348
0.0001443
-0.0138238
-0.0000048
0.0316550
-0.0203887
-0.0257174
-0.0250178
0.0187058
-0.0234129
0.0322466
0.0058665
-0.0212823
0.0033593
0.0012329
0.0062794
0.0048574
-0.0242189
0.0248535
-0.0266344
0.0178331
0.0077358
-0.0003553
0.0014740
0.0289962
0.0173476
0.0001480
-0.0125724
0.0060657
-0.0124869
-0.0071081
-0.0121200
-0.0252589
-0.0116950
-0.0221150
0.0116642
-0.0076303
-0.0246759
0.0196933
-0.0027059
-0.0241924
-0.0028035
-0.0279620
-0.0217655
0.0164038
0.0321355
0.0251542
0.0090196
-0.0041729
0.0299939
-0.0043772
0.0012200
0.0120617
0.0066391
-0.0111745
0.0264941
-0.0050237
0.0004650
-0.0191116
-0.0018761
-0.0059108
-0.0198603
-0.0089398
0.0046210
0.0171962
0.0244175
-0.0064444
0.0158534
0.0110216
-0.0373427
-0.0075318
-0.0371054
-0.0410311
-0.0290209
-0.0432165
-0.0388396
-0.0173221
-0.0449621
-0.0447193
-0.0183140
0.1005021
0.1875069
0.2695941
0.1070192
-0.0858953
-0.2919350
-0.2830767
-0.1427520
-0.0080525
0.1234345
0.1335492
0.0826139
0.0871383
0.0176627
0.0277067
-0.0314646
-0.0146963
-0.0210623
-0.0250826
-0.0418660
-0.0129485
-0.0114856
-0.0370063
-0.0267426
0.0211722
0.0408356
0.0376331
0.0114776
0.0391032
-0.0085944
0.0147489
0.0297089
-0.0196142
0.0173776
0.0052740
-0.0170693
-0.0331144
0.0226465
-0.0292323
0.0121513
0.0094200
-0.0065217
0.0318848
0.0316740
-0.0208637
-0.0219069
-0.0147191
0.0035167
-0.0355484
0.0140688
-0.0063808
-0.0058684
0.0126791
0.0024003
0.0095982
0.0275201
-0.0012265
-0.0313852
0.0077413
0.0104568
-0.0261860
0.0208890
-0.0238347
0.0127875
0.0089794
-0.0276902
0.0233440
0.0102197
0.0310771
0.0227409
0.0187713
0.0125854
0.0174941
-0.0119760
0.0308242
0.0129146
0.0206528
-0.0354179
-0.0204822
0.0007556
0.0208813
-0.0101172
-0.0244667
-0.0015029
-0.0159892
0.0245046
-0.0162334
-0.0153628
0.0200545
0.0134824
0.0230501
-0.0008071
-0.0315293
-0.0320194
-0.0149431
-0.0101699
-0.0096735
0.0263022
0.0154036
-0.0107636
-0.0058693
0.0175247
-0.0189052
0.0343895
-0.0221617
-0.0162818
0.0161500
0.0152673
-0.0169339
-0.0317093
0.0015283
-0.0117661
-0.0284712
-0.0130629
-0.0206170
0.0257048
-0.0155469
-0.0019638
0.0483358
0.0415544
0.0015673
-0.0184503
-0.0103142
-0.0074739
0.0013764
-0.0347597
-0.0116979
-0.0028140
-0.0278289
-0.0136591
-0.0256792
-0.0333042
0.0011078
0.0541141
0.1608887
0.2390427
0.1658890
-0.1019190
-0.2421051
-0.2994792
-0.1501728
0.0361884
0.1533981
0.1293302
0.1087553
0.0435625
0.0396383
0.0116340
-0.0188022
-0.0391380
-0.0459461
-0.0262630
-0.0387701
-0.0268806
-0.0149260
0.0007342
-0.0316278
-0.0150952
-0.0116739
0.0361761
0.0193215
-0.0028125
0.0378787
0.0049679
-0.0061142
0.0119966
0.0169126
0.0191524
-0.0395523
-0.0061224
-0.0370162
0.0073767
-0.0207385
-0.0238232
0.0282708
0.0333342
-0.0008178
0.0209406
-0.0183882
0.0089069
-0.0010797
-0.0065321
0.0070958
-0.0328343
-0.0172457
-0.0201312
0.0157961
-0.0020205
0.0029217
-0.0093118
-0.0057386
0.0086024
0.0010039
-0.0269373
0.0037180
0.0341900
0.0287101
-0.0047922
0.0046460
-0.0268423
-0.0017467
-0.0031470
-0.0059268
-0.0000604
-0.0070776
0.0302383
0.0101982
0.0051494
-0.0008146
-0.0277856
0.0217179
-0.0019488
0.0268356
-0.0004102
0.0182144
-0.0128160
-0.0116211
-0.0218524
-0.0273813
-0.0153133
-0.0164701
-0.0217162
0.0304193
0.0318293
-0.0027574
0.0075382
-0.0080881
-0.0218435
-0.0023029
-0.0088215
-0.0108930
-0.0043860
-0.0175091
0.0214328
-0.0199542
0.0110668
-0.0020124
0.0160582
0.0130006
0.0043025
0.0229171
-0.0424586
-0.0056038
-0.0254565
0.0168817
0.0100160
-0.0293298
-0.0011237
-0.0037411
0.0354988
0.0317810
0.0019618
-0.0024096
-0.0023398
0.0130250
-0.0097356
-0.0285073
-0.0398887
0.0061505
-0.0116341
0.0081282
-0.0394335
-0.0411324
-0.0384318
-0.0837647
-0.0396465
0.0384522
0.1575598
0.2495435
0.1890045
-0.0207158
-0.2178481
-0.3174766
-0.2046020
-0.0582310
0.1184604
0.1275266
0.1119793
0.0899375
0.0322935
0.0539623
0.0145647
-0.0391378
-0.0569729
-0.0062085
-0.0272015
-0.0495322
-0.0343093
-0.0364413
0.0137611
0.0035499
-0.0047163
0.0403494
0.0337904
0.0199323
-0.0114562
0.0110830
-0.0186164
0.0105196
0.0053216
0.0175898
0.0287132
0.0223977
-0.0279485
-0.0193171
-0.0026025
-0.0206676
0.0157150
-0.0025213
-0.0068583
-0.0058281
-0.0004725
0.0200817
0.0241866
-0.0255144
0.0256035
-0.0295307
-0.0177606
-0.0060067
0.0031774
0.0100388
-0.0257581
-0.0280533
-0.0262972
0.0034812
-0.0231326
0.0035777
0.0013314
0.0181869
0.0314644
-0.0236142
-0.0234213
0.0138381
-0.0245092
0.0032030
0.0308857
-0.0202981
-0.0029524
-0.0123480
0.0268839
-0.0202715
0.0162214
-0.0104957
-0.0029649
0.0294769
-0.0125266
-0.0152710
-0.0140682
-0.0244407
0.0227913
0.0280387
-0.0241026
0.0242871
-0.0150692
-0.0095817
0.0000042
-0.0164757
0.0026521
0.0023282
-0.0138308
0.0095520
0.0040990
-0.0301881
-0.0082482
0.0149402
-0.0307098
0.0061118
0.0263378
0.0094274
-0.0133811
0.0072327
-0.0026802
0.0203967
-0.0004176
0.0020229
0.0016025
0.0002341
0.0038191
0.0240697
0.0106124
-0.0112484
-0.0186751
0.0251096
0.0202868
0.0430467
0.0401170
0.0103335
0.0077580
0.0061707
-0.0031482
-0.0329744
-0.0409539
-0.0147547
-0.0416648
-0.0090144
-0.0286963
-0.0281951
-0.0474563
-0.0518547
0.0116295
0.1150325
0.2228392
0.2771784
0.1004696
-0.0946618
-0.2890687
-0.2900936
-0.1780309
0.0525327
0.1078770
0.1555655
0.0791530
0.0435926
0.0194426
-0.0049248
0.0146760
-0.0494020
-0.0254192
-0.0224315
-0.0502276
-0.0151768
-0.0143618
0.0099085
-0.0105939
-0.0171123
0.0087769
0.0040618
0.0335622
0.0309334
0.0183890
-0.0272023
0.0227556
0.0117460
0.0266311
0.0198841
-0.0252322
0.0115520
0.0238137
0.0059497
0.0178270
0.0195916
0.0036115
0.0238305
