-0.1461810
-0.2576778
-0.2776864
-0.0732985
0.0713050
0.1419971
0.0946023
0.0576181
0.0463485
0.0188462
0.0031944
-0.0059817
-0.0062748
-0.0533814
-0.0418772
-0.0365327
-0.0034115
-0.0371984
0.0094287
0.0106385
0.0120625
0.0383658
-0.0149536
0.0359820
-0.0150002
-0.0050344
0.0025911
-0.0281516
0.0034365
0.0320045
0.0294284
-0.0045034
0.0025236
0.0037785
-0.0316559
-0.0008822
-0.0320320
-0.0220482
-0.0169614
-0.0020539
0.0266547
-0.0024454
-0.0195549
-0.0215158
-0.0247342
0.0005533
0.0150994
0.0195730
0.0136151
0.0091341
-0.0253025
0.0072570
-0.0242163
0.0071856
-0.0204469
0.0073567
0.0034990
0.0191758
0.0030527
-0.0092378
-0.0004008
0.0111319
0.0235963
0.0212324
-0.0128896
0.0148814
0.0131448
-0.0069146
-0.0082810
-0.0082574
0.0196346
-0.0121779
-0.0232137
-0.0103307
0.0083696
0.0125710
0.0178255
-0.0092426
0.0029997
-0.0186955
0.0174877
0.0161808
0.0187182
-0.0260686
-0.0212381
0.0086320
-0.0134783
0.0168967
-0.0025675
-0.0112038
-0.0077351
-0.0074795
-0.0074190
0.0252606
0.0105039
0.0156858
0.0070837
-0.0201535
-0.0201685
0.0078967
0.0259500
0.0202138
0.0330542
-0.0078514
0.0289707
0.0264970
0.0125021
-0.0250482
-0.0041766
0.0046729
-0.0206775
0.0257525
-0.0309219
-0.0194272
-0.0105158
0.0017160
0.0288795
0.0326763
0.0007931
-0.0144514
-0.0230903
0.0325655
0.0003450
-0.0078189
-0.0119840
-0.0382089
-0.0403319
0.0058662
-0.0339384
-0.0206640
-0.0110889
0.0327771
-0.0109084
-0.0017199
0.0092753
-0.0082650
0.0120841
0.0424007
0.0268985
0.0021431
-0.0288992
-0.0140872
0.0148323
-0.0049329
0.0114473
-0.0308210
-0.0367803
-0.0560617
-0.0305401
-0.0248019
0.0316962
0.1549900
0.2237131
0.1290879
-0.0467088
-0.2306880
-0.2813607
-0.1389471
0.0213078
0.0971841
0.1164089
0.0552084
0.0401344
-0.0019564
0.0055540
-0.0019866
-0.0201179
-0.0025858
-0.0009594
-0.0512197
-0.0476657
-0.0347833
-0.0065071
0.0284879
0.0046669
0.0170643
0.0305154
-0.0191467
-0.0023486
0.0380998
0.0067117
-0.0268045
0.0232120
0.0119776
-0.0089561
-0.0170567
-0.0098057
-0.0266085
-0.0113411
0.0046424
-0.0264053
0.0013616
0.0021089
-0.0178614
-0.0032868
0.0238933
0.0067931
-0.0255750
-0.0150883
-0.0293400
-0.0315987
-0.0254575
-0.0128110
0.0028793
-0.0210550
-0.0248172
0.0167410
-0.0116622
0.0053843
-0.0095246
0.0244745
0.0146838
0.0012960
-0.0187968
-0.0102967
0.0223561
0.0052111
0.0053345
0.0020634
-0.0046994
-0.0040527
-0.0138916
-0.0055476
-0.0228132
-0.0146915
0.0243088
-0.0219470
-0.0194181
-0.0080454
0.0135300
-0.0012993
0.0115970
-0.0319999
-0.0145477
-0.0144965
0.0208794
-0.0067615
-0.0025984
-0.0247151
-0.0153253
0.0127896
-0.0087889
0.0164784
0.0066512
-0.0088811
-0.0242775
0.0125512
-0.0030080
0.0203077
0.0345344
0.0198366
0.0073109
0.0207596
-0.0089875
-0.0029386
0.0202741
-0.0071418
0.0278155
0.0025672
0.0218403
-0.0068928
0.0157576
0.0182370
0.0097276
0.0063648
-0.0196085
0.0278688
-0.0084095
-0.0233862
0.0244048
-0.0279221
0.0009866
0.0133147
0.0004597
0.0141183
-0.0092181
0.0290476
0.0291020
0.0135240
-0.0205755
0.0064318
0.0036203
-0.0102413
0.0199275
-0.0118027
-0.0066123
-0.0034375
-0.0273326
0.0006149
0.0050627
0.0017927
0.0114947
0.0277797
-0.0078099
0.0157513
0.0166353
-0.0290989
-0.0039904
-0.0072549
-0.0332613
-0.0202088
-0.0006016
-0.0582882
-0.0427582
0.0000683
0.0588619
0.1660550
0.2398067
0.1327271
-0.0931150
-0.2107323
-0.2559812
-0.1314169
0.0282136
0.0870675
0.0769445
0.0764237
0.0412884
0.0508321
0.0059089
-0.0023970
-0.0240601
-0.0286330
-0.0204681
-0.0258238
-0.0094290
0.0088117
-0.0284571
0.0166299
0.0361358
0.0003084
0.0125355
0.0324954
0.0058232
-0.0059254
0.0030215
-0.0128439
0.0254874
0.0136736
-0.0269235
-0.0049295
-0.0069570
0.0038518
-0.0258094
0.0150726
-0.0240044
0.0054603
-0.0176736
0.0366439
0.0072637
0.0153551
-0.0103816
-0.0254914
0.0159749
-0.0243978
-0.0144068
0.0133237
0.0173534
0.0218261
-0.0035579
0.0157627
-0.0075024
-0.0148000
-0.0118301
-0.0153171
-0.0035644
-0.0131593
0.0132297
0.0055558
-0.0138351
-0.0047342
0.0051131
-0.0145811
0.0191293
0.0154656
-0.0077926
0.0124409
0.0314675
-0.0196353
-0.0069109
0.0083163
0.0223940
-0.0106238
0.0139514
0.0047950
-0.0204346
0.0046879
-0.0205432
-0.0236662
-0.0120592
-0.0047980
-0.0292210
-0.0287926
0.0124564
-0.0007116
0.0046429
0.0145608
-0.0133618
0.0310095
-0.0148671
0.0152810
0.0024894
-0.0046209
-0.0024989
0.0184139
-0.0124700
0.0051927
-0.0186364
-0.0012003
-0.0188627
0.0268430
-0.0077696
0.0247363
0.0019494
-0.0017556
-0.0109175
-0.0167813
0.0091803
0.0074617
-0.0269810
0.0125224
-0.0263236
-0.0179469
0.0170284
-0.0326977
0.0229450
-0.0099978
-0.0082217
-0.0035701
-0.0150135
0.0050953
0.0201361
0.0243821
-0.0259565
0.0115500
-0.0144298
0.0151844
-0.0263738
-0.0327501
-0.0308626
-0.0182277
0.0263669
-0.0259422
0.0052189
0.0342988
0.0192947
0.0240707
-0.0093650
0.0145177
-0.0020600
-0.0067262
-0.0253902
-0.0234821
0.0127906
0.0067062
-0.0154080
-0.0592377
-0.0316645
-0.0290096
0.0312116
0.1203578
0.1943990
0.2147020
0.0339135
-0.1495884
-0.2561375
-0.1942374
-0.0493764
0.0619806
0.1302325
0.0603450
0.0710479
0.0454961
0.0118804
-0.0082199
-0.0366956
-0.0227652
-0.0161388
-0.0120410
-0.0194942
-0.0380576
-0.0035008
0.0159592
-0.0144623
-0.0206892
-0.0166040
-0.0202273
0.0009480
-0.0049805
0.0019750
-0.0211978
0.0079705
-0.0157260
-0.0039982
0.0010802
0.0159493
-0.0012753
-0.0092249
0.0217509
0.0273849
0.0049648
-0.0126117
0.0292396
0.0166808
0.0284662
-0.0254915
0.0277109
0.0112894
0.0003075
0.0084467
-0.0027511
0.0147177
0.0201108
-0.0234695
-0.0123089
0.0159738
0.0243482
0.0263127
0.0046305
0.0222771
0.0022774
0.0295171
0.0274592
-0.0243652
0.0077663
0.0165395
-0.0188187
0.0114608
0.0119630
0.0069883
-0.0147095
0.0142884
-0.0299602
-0.0222465
-0.0048771
0.0242485
0.0075120
0.0189106
0.0244207
-0.0197562
0.0228272
0.0031727
0.0175963
-0.0129034
-0.0335921
-0.0322830
0.0270660
0.0081796
-0.0144385
-0.0104331
0.0017565
0.0299585
-0.0161612
-0.0063906
0.0137912
-0.0325229
-0.0218415
0.0080882
0.0118892
0.0071683
-0.0119454
-0.0360497
-0.0073408
-0.0073435
0.0362389
0.0221779
-0.0214958
-0.0120879
0.0189902
-0.0047089
0.0246528
0.0050821
0.0247735
-0.0233272
0.0173712
-0.0098004
0.0255172
-0.0173334
-0.0074185
-0.0108248
-0.0111150
0.0212779
0.0191003
0.0392769
-0.0210088
-0.0052090
0.0098172
0.0242905
-0.0118368
-0.0078725
-0.0301305
0.0031948
-0.0201448
0.0071146
-0.0210206
-0.0248695
-0.0166109
0.0183895
0.0071651
0.0259408
0.0282352
0.0015555
0.0005825
-0.0114280
-0.0237967
-0.0136293
0.0132098
-0.0283894
0.0039331
-0.0373471
-0.0235691
-0.0747272
-0.0567777
-0.0471054
0.0549092
0.1553776
0.2519760
0.1355012
-0.0641700
-0.2635076
-0.2611169
-0.1316303
0.0442979
0.1261442
0.1125662
0.0876904
0.0262500
0.0258902
0.0204799
-0.0175773
-0.0160019
-0.0153551
-0.0425732
-0.0064410
-0.0074062
-0.0323648
-0.0239826
-0.0192000
-0.0014807
0.0318530
0.0130426
0.0394826
0.0138242
0.0233436
0.0260224
0.0088207
0.0232482
0.0044381
-0.0055131
-0.0110508
-0.0185433
-0.0110859
0.0049255
-0.0077549
-0.0200991
-0.0286655
0.0208585
0.0251560
0.0340386
0.0076118
0.0229041
-0.0316060
0.0160769
-0.0104994
-0.0252761
0.0203892
-0.0284598
-0.0140674
0.0057534
0.0114014
-0.0207411
0.0221783
0.0260767
-0.0212552
0.0003586
-0.0184390
-0.0146615
0.0113352
-0.0278861
0.0080219
-0.0152013
0.0279799
0.0040892
-0.0006947
-0.0292765
0.0001508
0.0076553
-0.0094877
0.0154012
-0.0252299
0.0133687
-0.0231844
-0.0180873
-0.0292895
-0.0116774
-0.0248222
-0.0288174
-0.0105019
0.0102282
0.0329855
-0.0120942
0.0070289
0.0132286
0.0036505
-0.0117743
-0.0115521
0.0198250
-0.0091183
-0.0173735
-0.0282940
-0.0010649
0.0169997
-0.0296666
-0.0126352
0.0276491
-0.0165035
-0.0084288
-0.0282717
-0.0037470
0.0195858
0.0306452
-0.0200300
-0.0185229
-0.0114261
-0.0161262
-0.0267517
0.0282957
-0.0189178
-0.0071985
-0.0093607
0.0004299
0.0223004
0.0114014
0.0149364
0.0168154
-0.0276267
-0.0022677
0.0089987
0.0199591
0.0158463
0.0256523
-0.0324550
-0.0218523
0.0027336
0.0099462
-0.0277342
0.0262336
-0.0289000
-0.0033893
-0.0185082
-0.0072848
0.0013664
0.0206450
0.0318057
0.0263591
0.0029152
-0.0015447
-0.0008002
-0.0200538
0.0063763
-0.0239601
-0.0210526
0.0054148
-0.0195416
-0.0496298
-0.0404055
-0.0447646
-0.0361350
0.0608997
0.1530124
0.2092982
0.1570566
-0.0549693
-0.2498622
-0.2723664
-0.1217837
0.0372475
0.1681834
0.1473372
0.0936561
0.0534359
0.0147828
0.0212201
0.0022162
-0.0076692
-0.0345665
-0.0079198
-0.0482183
-0.0069775
-0.0071398
-0.0107210
-0.0079565
-0.0137226
0.0243568
0.0153218
0.0277169
-0.0035451
0.0142404
-0.0039101
0.0166836
0.0195428
0.0024863
0.0191311
0.0119644
-0.0102411
-0.0197553
0.0014755
-0.0191304
-0.0031026
-0.0003439
0.0316883
0.0206093
0.0225692
-0.0132268
-0.0076240
-0.0169487
-0.0122795
-0.0146915
0.0329942
0.0070794
0.0272967
-0.0157972
-0.0058859
0.0045027
-0.0079599
0.0112883
-0.0096399
-0.0122170
0.0269680
-0.0255436
0.0231994
0.0096420
0.0291499
-0.0032271
-0.0046991
0.0123068
0.0268246
0.0143185
0.0036704
-0.0307571
0.0228721
0.0234297
-0.0256545
-0.0293179
-0.0234740
-0.0000040
0.0234417
0.0003298
-0.0159432
-0.0013920
-0.0207587
-0.0074886
0.0190259
-0.0028753
0.0240138
-0.0222543
-0.0191396
-0.0238885
-0.0211109
-0.0162998
0.0127707
0.0242825
0.0325463
0.0158584
0.0236590
-0.0135644
-0.0286172
0.0019995
0.0017069
-0.0242109
0.0044288
0.0011604
-0.0064522
-0.0144385
0.0136011
-0.0097330
0.0275672
0.0131736
-0.0264801
-0.0231580
-0.0014918
0.0187215
-0.0252777
-0.0105666
-0.0071931
0.0059993
-0.0128663
-0.0193904
0.0279210
-0.0061086
0.0254021
0.0131414
-0.0153792
0.0196076
0.0299981
-0.0187451
0.0258550
-0.0373180
-0.0369267
-0.0286130
0.0127440
-0.0007132
0.0185971
-0.0185405
0.0244168
0.0055298
0.0063184
0.0196073
-0.0034442
0.0436604
0.0240374
0.0176170
0.0062996
0.0016405
-0.0175135
0.0157857
0.0024703
0.0125684
0.0080440
-0.0084855
-0.0374927
-0.0591791
0.0159870
0.1254609
0.2218470
0.1564034
0.0143209
-0.1950040
-0.2920141
-0.2405661
-0.0261858
0.0987567
0.1236008
0.0684057
0.0587209
0.0296778
0.0376178
-0.0063724
-0.0413478
-0.0551836
-0.0232503
-0.0349401
-0.0038047
-0.0142538
0.0112299
-0.0147089
0.0291024
-0.0034433
0.0148813
0.0297105
0.0241367
-0.0030067
-0.0012277
-0.0181407
-0.0027292
-0.0066006
-0.0243550
-0.0267674
-0.0035489
0.0052966
0.0174907
-0.0142909
0.0171987
0.0287223
-0.0004475
-0.0194228
-0.0056224
0.0068080
0.0203903
-0.0011955
0.0099628
-0.0012204
-0.0033033
-0.0078533
0.0136909
-0.0015146
-0.0131388
-0.0265203
-0.0082774
0.0168285
0.0289013
0.0208874
-0.0114304
-0.0216826
-0.0027542
-0.0074870
0.0197798
0.0238278
0.0150134
-0.0324653
-0.0156371
0.0067901
0.0240634
0.0022801
-0.0169748
0.0009410
0.0187807
-0.0251836
-0.0016754
0.0200402
-0.0198919
-0.0167978
-0.0009095
0.0115885
0.0213096
0.0101992
0.0172921
0.0193458
0.0158069
-0.0230782
-0.0241367
0.0263093
0.0326247
0.0265982
-0.0101973
0.0003341
-0.0209028
0.0320495
0.0359515
-0.0280334
-0.0365668
0.0057332
0.0120288
0.0036826
0.0218953
-0.0078564
-0.0035140
-0.0257281
0.0271509
0.0277077
0.0038799
-0.0117561
-0.0154808
-0.0069264
0.0006454
-0.0232988
-0.0235711
-0.0146753
-0.0195951
-0.0019676
-0.0300493
-0.0254140
0.0245123
-0.0059163
-0.0013944
0.0240173
-0.0189740
-0.0119702
0.0141331
-0.0046055
-0.0197903
-0.0270741
-0.0226057
0.0129427
-0.0098815
0.0053136
0.0042819
0.0142735
-0.0209507
0.0247570
-0.0020988
0.0351348
0.0519919
-0.0081572
0.0220440
-0.0147703
-0.0124093
-0.0279193
-0.0384339
-0.0007304
0.0092709
-0.0055493
-0.0004879
-0.0043145
-0.0078362
-0.0492649
-0.0027144
0.0987402
0.1721639
0.1868284
0.0254693
-0.1766963
-0.3166838
-0.2310841
-0.0900374
0.0794154
0.1473084
0.1171804
0.0698090
0.0002649
0.0277345
-0.0162166
-0.0224181
-0.0163273
-0.0451728
-0.0032193
-0.0220958
-0.0295686
-0.0340791
-0.0126012
0.0232858
0.0384065
-0.0066395
0.0310824
0.0231536
-0.0065262
0.0354992
-0.0039150
-0.0017977
0.0058899
-0.0115213
-0.0078424
-0.0231414
0.0170247
0.0075707
-0.0235115
0.0116449
0.0101193
0.0050537
-0.0213266
0.0121384
0.0065479
-0.0258097
0.0273929
-0.0230012
-0.0206064
-0.0003707
-0.0086219
-0.0249226
0.0243278
0.0212526
0.0179521
0.0070477
0.0134236
0.0073627
0.0190354
-0.0032337
-0.0146765
0.0018985
0.0293296
0.0066130
0.0025225
-0.0165161
-0.0317681
-0.0195441
0.0270815
-0.0099495
0.0139879
-0.0221380
0.0137665
-0.0111682
0.0268677
-0.0226240
0.0235564
0.0029935
-0.0025119
0.0133508
-0.0138022
0.0178258
-0.0257979
-0.0258464
0.0075009
0.0199396
0.0076991
-0.0103523
0.0001243
-0.0211015
0.0022306
-0.0026044
-0.0000179
-0.0100175
-0.0067323
0.0154992
-0.0056969
-0.0241837
-0.0020993
-0.0028857
0.0071236
0.0052972
-0.0183227
-0.0156209
-0.0251489
0.0293803
0.0210990
-0.0106574
-0.0016692
0.0151054
-0.0231734
-0.0282617
-0.0139802
0.0211037
-0.0165848
-0.0223580
-0.0008729
-0.0199086
-0.0093238
0.0070990
0.0197123
-0.0093944
-0.0000329
0.0051253
0.0280914
0.0329495
0.0189428
-0.0142155
0.0018959
-0.0248888
0.0040817
0.0037057
-0.0138642
-0.0060355
-0.0011245
-0.0079354
0.0048001
-0.0018481
0.0248735
0.0368711
0.0145327
0.0381093
0.0041337
-0.0335149
-0.0419296
-0.0248659
0.0201210
-0.0294483
0.0100340
-0.0039007
-0.0092188
-0.0322739
-0.0713739
-0.0553646
0.0148626
0.1230248
0.2366978
0.1695907
-0.0390416
-0.2497624
-0.2930105
-0.1924120
0.0376260
0.1066023
0.1481379
0.0723538
0.0634917
0.0216367
0.0028775
-0.0303384
-0.0428607
-0.0447504
-0.0408464
