0.0479621
-0.0099502
-0.0013097
-0.0359686
0.0219569
0.0332954
0.0144372
-0.0698592
-0.0401716
-0.0466725
-0.0238173
0.0200185
0.0028439
0.0619811
0.1432255
0.0387142
0.1804467
0.1319049
0.1867121
0.0796274
-0.0385618
-0.0274578
-0.1666284
-0.2163178
-0.3993067
-0.5011840
-0.2202349
0.2834139
0.7046347
0.8289993
0.6018904
0.0372672
-0.4599626
-0.4791967
-0.3463089
-0.2317559
-0.1606617
-0.0092574
-0.0367150
0.0990872
0.0640654
0.2138839
0.1600176
0.0368963
0.0987529
0.0912798
0.0105671
-0.0907962
-0.1212624
-0.1008425
-0.0767458
-0.0073471
-0.0196629
0.0353454
-0.0520090
-0.0416842
0.0609247
-0.0151031
0.0115397
-0.0224255
-0.0262287
0.0035445
0.0452255
0.0325457
0.0320550
-0.0563457
-0.0623460
-0.0818614
0.0002429
-0.0174568
0.0072564
-0.0067683
-0.0050726
-0.0187396
0.0660726
0.0516522
0.0991935
-0.0239310
0.0896764
0.0148729
0.0012320
-0.0201269
0.0049094
-0.0125473
0.0073889
-0.0813693
-0.0348683
-0.0174444
-0.0203331
-0.0088762
0.0945225
0.1545663
0.1278456
0.1039466
0.0471361
0.0212441
-0.0387354
-0.0951339
-0.2088834
-0.3077612
-0.4902962
-0.4190752
-0.2451411
0.2849869
0.7036135
0.8352087
0.4513530
-0.0886448
-0.4700665
-0.4885995
-0.3127590
-0.1313375
-0.0510808
0.0207180
0.0854857
0.1796693
0.1593344
0.1225449
0.0658663
0.0952441
0.1250058
0.0183527
-0.0062171
-0.1214171
0.0140995
-0.0009054
-0.0603183
-0.0878091
0.0168282
-0.0635436
0.0169583
0.0061809
0.1088730
0.0767220
0.0129995
0.1010224
0.0921922
0.0509240
0.0461662
0.0355984
-0.0404416
-0.0407456
-0.0701238
-0.0949308
-0.0470981
0.0466491
0.0179220
0.0188435
-0.0194164
-0.0180008
-0.0166214
0.0227527
0.0398924
0.0064939
0.0876818
-0.0153521
0.0232108
-0.0375921
-0.0998504
-0.1199991
-0.0505272
-0.0637095
0.0345577
0.0639583
0.0537358
0.1263904
0.1537928
0.1721696
0.1883584
0.1258026
0.0454801
-0.0383634
-0.1059541
-0.2667600
-0.3433419
-0.4913246
-0.4624442
-0.0484431
0.4680378
0.8958094
0.7957219
0.3142595
-0.2030705
-0.4964048
-0.3927657
-0.3525868
-0.1776303
-0.1340428
0.0364095
0.0711142
0.0950513
0.1933715
0.1288704
0.1580647
0.0743339
-0.0095931
0.0178181
-0.0445459
-0.0179891
-0.0016299
-0.0654319
0.0070807
-0.0866863
0.0084124
0.0652357
0.0607195
0.0719601
-0.0212721
0.0874680
-0.0305094
0.0882504
-0.0350291
-0.0645053
0.0202289
-0.0204388
0.0040026
-0.0152383
-0.0192897
-0.0135834
-0.0362514
0.0499466
0.0391317
-0.0212104
-0.0146004
0.0958649
0.0066404
-0.0279450
-0.0287057
0.0297177
-0.0595957
0.0162036
-0.0495684
0.0003787
-0.0148667
-0.0792707
-0.0027948
-0.0840068
0.0209300
-0.0496315
0.0937644
0.0880632
0.1136572
0.0515522
0.1250618
0.1766167
0.0169393
0.0449052
-0.0794657
-0.1526706
-0.2794719
-0.3959124
-0.5070743
-0.3708772
0.1630012
0.7539554
0.9050689
0.6518652
0.1129844
-0.2695686
-0.4318651
-0.4224124
-0.2080341
-0.2008343
-0.1312362
-0.0427153
0.0725366
0.1229732
0.1388618
0.0650845
0.1666992
0.1080639
-0.0025775
-0.0548203
-0.0226192
-0.0852217
-0.0642990
-0.0000655
-0.0446229
0.0070349
-0.0197214
-0.0471155
0.0738725
0.0779975
0.0594709
0.0913304
-0.0180970
-0.0328062
0.0561121
-0.0025097
-0.0115836
0.0065961
-0.0647439
0.0330797
-0.0990704
0.0457315
0.0116782
-0.0559713
0.0431207
0.0887205
0.0363295
0.0346758
0.0543593
0.0450403
-0.0322935
0.0767772
-0.0859199
-0.0818077
-0.1109112
-0.0558408
-0.0712459
-0.1080968
-0.0500197
-0.0673016
0.0277596
0.1019529
0.0055665
0.1368697
0.1348995
0.2066764
0.1213367
0.0619246
-0.0450391
-0.1439054
-0.2425344
-0.3180242
-0.4416821
-0.4645104
-0.0904818
0.4151117
0.8654845
0.7826590
0.3225598
-0.1628410
-0.4019946
-0.4063174
-0.2779491
-0.2431123
-0.1275749
-0.0252740
0.1171510
0.0532324
0.1983744
0.1757510
0.1016109
0.0902013
0.0197549
-0.0039904
0.0162571
-0.0285215
-0.0736386
-0.0273677
0.0012423
-0.0379130
-0.0511147
0.0361321
0.0848731
0.0148128
0.1096425
0.0147590
-0.0213794
-0.0046855
0.0092286
0.0693356
0.0616088
0.0506462
0.0435565
-0.0793257
0.0436010
0.0328727
0.0411674
-0.0185367
0.0527047
0.0773504
0.0538674
0.0425713
-0.0333523
0.0861666
0.0585243
0.0311915
0.0072523
0.0740337
-0.0444970
-0.0585177
0.0211302
-0.0302364
0.0115635
-0.1056195
-0.1002824
-0.0228461
0.0380320
0.0740003
0.0651674
0.1379988
0.0534057
0.0744711
0.1314199
0.0562612
0.0121187
-0.1339303
-0.1617023
-0.4129498
-0.5121316
-0.4367159
0.0252642
0.5190251
0.8805097
0.7231469
0.2555039
-0.1573417
-0.4597647
-0.3603627
-0.2832051
-0.1695011
-0.1348441
-0.0410736
0.0585439
0.1731478
0.0946517
0.1920495
0.1266609
0.0463279
0.0016384
0.0221557
-0.0611641
-0.0717554
-0.0831665
-0.0099111
-0.0168270
0.0309290
0.0101795
-0.0058897
-0.0136993
0.0328688
0.0624564
0.0799709
0.0973258
0.0750504
0.0098812
-0.0149895
-0.0129365
-0.0170272
-0.0731652
-0.1041510
-0.0753454
-0.0506056
-0.0932679
0.0050458
-0.0455363
0.0722096
-0.0429848
0.0645804
-0.0032746
0.0714626
0.0771786
-0.0107865
-0.0599509
-0.0335989
-0.0667229
0.0103424
-0.1147495
-0.0123206
-0.0616936
-0.0148215
0.0215014
0.0598531
0.0752791
0.0380421
0.0423194
0.0865074
0.1472725
0.0538163
0.0082656
-0.0833126
-0.0114410
-0.0947545
-0.2719041
-0.3934634
-0.4403294
-0.2239515
0.3645834
0.7838490
0.8212042
0.4083378
-0.2748911
-0.4022004
-0.4037576
-0.3130761
-0.2145286
-0.1505790
0.0443575
0.0876552
0.1901841
0.1067969
0.0687026
0.1067695
0.1293512
0.0276350
0.0564863
-0.0970031
-0.0538099
-0.0422833
-0.0438057
-0.0738282
0.0226370
0.0021775
0.0184218
0.0745108
0.0754598
0.0699188
0.1011879
0.1038546
0.0399106
-0.0340227
-0.0136230
0.0426849
-0.0375769
-0.0656113
-0.0529874
0.0061186
-0.0719237
0.0448227
0.0288362
0.0497667
-0.0123839
0.0184432
0.0584136
0.0695984
0.0590616
0.0280563
-0.0101299
-0.0072434
0.0655367
0.0045662
-0.0522370
0.0173103
-0.1287233
0.0112874
-0.0319265
-0.0591112
0.0283760
0.0577468
0.1125405
0.1091863
0.0831266
0.1311396
0.1070748
0.0457767
0.0456002
0.0280743
-0.1161987
-0.2140818
-0.2891252
-0.4555902
-0.3861680
-0.0219464
0.5258542
0.7971132
0.7981252
0.2341395
-0.1943962
-0.4712416
-0.4645022
-0.2269834
-0.1696217
-0.1007747
-0.0230305
0.1259862
0.0649184
0.0809549
0.2015981
0.1198211
0.1203036
0.0541473
0.0335907
-0.0005184
-0.1083644
-0.0401934
-0.0778406
0.0098318
0.0230363
0.0397590
-0.0451443
-0.0548941
0.0707593
-0.0318607
-0.0016539
0.0185745
-0.0034843
-0.0538963
-0.0169894
-0.0280649
0.0498773
-0.0095944
-0.0979893
-0.0019352
-0.0629050
-0.0574558
-0.0455297
0.0571579
-0.0217003
-0.0240555
0.0857046
0.0188533
0.1095806
0.0469919
0.0594131
-0.0154895
0.0093480
-0.0214661
-0.0422008
0.0030161
-0.0392469
-0.1244966
0.0260687
-0.0139488
0.0764344
0.0110313
0.0823777
0.0533692
0.0878713
0.1923446
0.0576505
-0.0121447
0.0312931
-0.0888808
-0.1797717
-0.2553185
-0.5237759
-0.4775994
-0.2356340
0.3962847
0.7799906
0.8985668
0.4841449
-0.0581015
-0.5283298
-0.4969599
-0.2914522
-0.2237047
-0.0718442
-0.0174471
0.0255116
0.1302930
0.1546552
0.1785149
0.0820348
0.0243404
-0.0026378
-0.0540802
-0.0211026
-0.0617209
-0.0749275
-0.0233304
-0.0564362
-0.0491073
0.0243088
-0.0526383
-0.0026632
-0.0494021
0.0704921
-0.0325926
0.0311892
-0.0073506
0.0400387
0.0680916
0.0324791
0.0392490
-0.0397311
-0.0192187
-0.0761451
0.0284117
-0.0795510
-0.0535573
0.0388216
0.0760029
0.0092172
0.0042324
0.0026760
0.0570807
0.1104477
-0.0261508
-0.0306742
0.0499987
-0.0467562
-0.0221955
-0.0722001
-0.0856046
-0.0540926
0.0076726
-0.0339078
-0.0536279
0.0597063
0.1049714
0.0571272
0.0572765
0.1802014
0.1197082
0.1345036
-0.0720030
0.0123691
-0.1292219
-0.2759570
-0.4001366
-0.5298639
-0.2511817
0.2300339
0.7651888
0.8610666
0.5284427
0.0313902
-0.3528478
-0.4236166
-0.3951987
-0.1494599
-0.0491180
-0.1060025
0.0365805
0.0463844
0.1603071
0.0646833
0.1894934
0.0900520
0.0849246
-0.0004173
-0.0323285
-0.0328246
-0.1184028
-0.0572668
-0.1283261
-0.1037428
-0.0777591
-0.0554862
0.0020956
0.0761307
-0.0132658
0.0481288
0.0515807
0.0532433
0.0706501
-0.0501431
0.0635510
-0.0719880
-0.0591413
-0.0292149
-0.0641098
-0.0400422
-0.0401251
-0.0589415
0.0550177
-0.0126663
0.0233757
0.0247461
-0.0345393
-0.0049394
0.0685734
0.0070642
0.0228865
-0.0433309
-0.0203327
-0.0636765
-0.0453533
-0.0781816
-0.0768228
-0.0902837
-0.0113819
0.0126571
0.0316880
0.0133879
0.0264666
0.0906059
0.1935100
0.1224741
0.0814356
-0.0265285
0.0096003
-0.1632894
-0.2495860
-0.4075702
-0.5717014
-0.2971507
0.2888308
0.7834785
0.8862656
0.5369533
0.1045166
-0.3917098
-0.4847145
-0.3192947
-0.2727272
-0.1484045
-0.0935776
0.0214091
0.0410710
0.2153953
0.1683030
0.1605116
0.0604092
0.0734428
0.0949149
-0.0843183
-0.0068501
-0.0969578
-0.1223163
-0.0937154
-0.0341704
-0.0119139
-0.0056634
0.0515738
0.0018357
-0.0409506
0.0232404
0.0912669
-0.0012106
0.0860793
-0.0157826
0.0599224
-0.0526102
-0.0025703
0.0087807
-0.0616410
-0.0443312
0.0038472
-0.0713081
-0.0817873
0.0155211
-0.0043708
0.0830493
-0.0299103
0.0391115
0.0958105
0.0059545
0.0755151
-0.0663422
-0.0857232
0.0139039
-0.0589418
-0.1239229
-0.1162860
-0.1062348
0.0350604
0.0636668
-0.0249503
0.0375683
0.1275138
0.1005882
0.1886926
0.1324177
0.1241807
-0.0041510
-0.1293646
-0.1931431
-0.2706460
-0.3911970
-0.5608183
-0.2506156
0.2693128
0.8472564
0.8777923
0.4584020
-0.0225124
-0.4306508
-0.5519846
-0.3205157
-0.2739912
-0.1191164
0.0256198
0.0401291
0.1069617
0.0799825
0.1130898
0.0743729
0.1196538
0.1196157
-0.0193393
0.0412605
-0.0797758
0.0033015
-0.1155812
-0.1061159
-0.0143377
-0.0294757
-0.0369429
0.0386329
0.0199750
0.0826005
0.0116609
0.0332577
-0.0486087
-0.0503552
0.0163451
0.0166539
-0.0623811
-0.0294166
-0.0583006
0.0156752
0.0472721
-0.0496421
0.0179523
-0.0698379
0.0637909
-0.0210863
0.0916767
0.0355483
0.0129975
0.0165871
0.0801134
-0.0186309
-0.0816619
-0.0772791
-0.1050042
-0.0660175
-0.1191134
-0.1149162
-0.0834544
-0.0554259
0.0696028
0.0182630
0.0250016
0.0727334
0.0829692
0.1739790
0.0928440
0.1075940
0.0119190
0.0107622
-0.1267255
-0.2467758
-0.3823879
-0.5228795
-0.2384900
0.1911491
0.7211299
0.7851913
0.5033839
-0.0528133
-0.4666579
-0.4343016
-0.3089598
-0.2208957
-0.1435141
-0.0384952
0.0909919
0.1484238
0.1300497
0.0977503
0.1306047
0.1265702
0.0725845
0.0817894
0.0591629
-0.0838802
-0.1321103
-0.1331829
-0.0372956
-0.0956349
-0.0730571
-0.0380940
-0.0070892
-0.0299962
0.1014505
0.0717979
0.0653945
0.0080401
-0.0227380
0.0820683
0.0579271
0.0171934
0.0568828
-0.0870302
-0.0241516
-0.0434803
-0.0359260
0.0448472
0.0224745
0.0262343
0.0106465
0.0051929
-0.0419340
0.0228677
0.1074560
0.0293047
0.0837912
0.0758762
-0.0509634
-0.0458929
-0.1239157
-0.1134799
-0.0116223
-0.0413177
-0.0571236
-0.0581148
-0.0249056
0.0391090
0.0519884
0.0832369
0.1361720
0.1638823
0.1146585
-0.0277544
0.0067540
-0.0254363
-0.2132000
-0.4017609
-0.4518151
-0.3318388
0.0717163
0.6320674
0.8568100
0.6052007
0.1230630
-0.2735827
-0.4414827
-0.4137324
-0.2060475
-0.0603919
-0.0367416
0.0027950
0.1181854
0.1596237
0.1265708
0.1696998
0.1087681
0.0769147
-0.0261024
-0.0365518
0.0265836
0.0174693
-0.1241581
-0.0774690
-0.0605738
-0.0621088
0.0140100
-0.0779084
-0.0094393
0.0643618
0.0595279
0.0758016
0.0484080
0.0385909
0.0869933
-0.0320399
-0.0491042
0.0118168
-0.0169603
-0.0391301
-0.0497705
-0.0903951
-0.0274674
0.0358674
-0.0417048
-0.0241875
-0.0032992
0.0943680
-0.0133773
0.0287658
0.0103585
-0.0483216
0.0141067
-0.0807296
-0.0340694
-0.0849083
-0.0162608
-0.1152491
-0.0214785
-0.1050957
0.0130686
0.0143863
-0.0079919
0.1200550
0.1081158
0.1156085
0.1416648
0.0783952
0.0995256
-0.0688579
-0.0066495
-0.2036918
-0.2928366
-0.4316877
-0.4833800
-0.1099593
0.4835980
0.8543694
0.8341432
0.3066554
-0.2496925
-0.4355309
-0.4239480
-0.2841800
-0.1809614
-0.1498211
-0.0168871
0.0391629
0.0604571
0.1214285
0.1292874
0.1711525
0.1168975
0.0027051
-0.0497692
-0.0676763
-0.0361981
-0.0815466
-0.1000350
-0.0690091
-0.1094846
-0.0812766
-0.0761249
0.0658854
0.0374022
0.0928405
0.0317772
0.0479303
0.0316303
-0.0347001
-0.0110515
0.0733077
-0.0784006
-0.0273413
-0.0031066
-0.0161484
-0.0189494
-0.0168339
-0.0665637
0.0350004
-0.0438743
0.0714671
0.0701866
0.1202540
0.0007823
-0.0257565
0.0243731
0.0306784
-0.0829338
0.0332291
-0.0047468
-0.0972647
-0.0272509
-0.0403072
-0.0845567
-0.0575495
-0.0295954
0.0007307
0.0449309
0.1791278
0.1374694
0.0672296
0.0291394
0.0374254
-0.0789492
-0.1115504
-0.1614355
-0.2855717
-0.5369180
-0.4304991
-0.2032128
0.4594735
0.7512899
0.7663110
0.4396082
-0.1981672
-0.4065729
-0.5044917
-0.3715337
-0.2177274
-0.0660718
-0.0985384
-0.0184959
0.0940184
0.1238316
0.0829667
0.1217811
0.0651922
0.1276015
-0.0624871
0.0421536
0.0041218
-0.0158783
-0.0183037
0.0011138
-0.1224904
0.0429573
-0.0664857
0.0739578
0.0610674
0.0820796
0.1104083
0.0364675
-0.0052080
-0.0154344
-0.0646211
-0.0578893
-0.0675733
0.0342937
0.0174259
0.0261354
-0.0115839
-0.0130101
0.0316869
-0.0644366
-0.0217281
0.0000498
0.0693239
0.0810078
0.0395408
-0.0469416
-0.0230818
0.0811146
-0.0120040
0.0367199
-0.0127233
0.0074334
-0.0067066
-0.0809648
-0.1127800
-0.0343845
-0.0353393
0.0367012
0.0526733
0.0546105
0.1901070
0.1880789
0.1329404
0.1220852
0.0073641
-0.1320758
-0.0809677
-0.2779885
-0.4340817
-0.4612024
-0.1982234
0.3714118
0.8445091
0.9585441
0.4310901
-0.0264492
-0.4574988
-0.4737603
-0.3967955
-0.2131880
-0.1535776
-0.1071901
0.1102906
0.1813307
0.0990119
0.0991858
0.1325184
0.0856185
0.0285388
-0.0020240
