0.0260263
0.0629504
-0.0237943
0.0172157
-0.0680680
0.0578677
-0.0492101
-0.0237643
-0.0530116
0.0264697
-0.0462842
-0.0110025
-0.0606429
-0.0120142
0.0644078
0.0793113
0.1026448
0.0825106
0.0847830
-0.0366463
-0.0260832
-0.0711757
-0.0087574
-0.0168507
0.0247557
-0.0136501
-0.0449566
-0.1074757
-0.0231029
0.0153174
-0.0015556
-0.0222223
-0.0066262
0.1489419
0.1006434
0.1779080
0.0219300
0.1002097
0.0216578
0.0120279
-0.1025908
-0.3657519
-0.3671329
-0.3665090
-0.1381395
0.4073641
0.7679189
0.7320635
0.3538984
-0.0824265
-0.3642733
-0.4636858
-0.2556954
-0.1445517
-0.1655670
0.0231129
0.0412069
0.0504716
0.0940271
0.1209851
0.0398163
0.0943895
0.0763451
0.0298849
0.0509593
-0.0364361
0.0059790
-0.1133552
-0.0587891
-0.0066787
0.0303939
0.0277969
0.0533258
0.0085093
-0.0189095
0.0057771
0.0766841
-0.0038690
0.0084166
-0.0036603
-0.0123277
0.0412946
-0.0002050
-0.0443319
0.0301218
0.0033017
-0.0601375
0.0591935
-0.0189261
-0.0262612
0.0911342
0.0663208
-0.0194361
0.1202554
0.0974466
0.0191408
0.0228710
-0.0047071
-0.0294432
-0.1307126
-0.1316031
-0.1002640
-0.0401030
-0.0814617
0.0117118
0.0945491
0.0668179
0.0198208
0.0414249
0.1847082
0.1102061
0.1478058
-0.0285149
-0.0418945
-0.1455097
-0.1884451
-0.4152820
-0.4630622
-0.2759062
0.0862250
0.5515972
0.7681516
0.5952059
0.1691358
-0.2316737
-0.4899906
-0.4688566
-0.2466557
-0.1074180
-0.0658855
0.0437472
0.0008803
0.1444678
0.1257182
0.0601416
0.1544710
0.0429753
0.0520236
0.0249615
0.0046782
-0.0899321
-0.0506685
-0.1126781
-0.0517428
0.0030755
-0.0512375
-0.0117371
-0.0269381
0.0556716
0.1007128
0.0126258
0.0388891
0.0578954
0.0772258
0.0493938
-0.0033837
0.0409474
-0.0347659
0.0117476
-0.0280099
-0.0828911
0.0323079
-0.0341706
0.0598453
0.0718602
0.0964336
0.0470257
-0.0134680
0.0006428
-0.0296101
-0.0742991
0.0499623
0.0298478
-0.0636855
-0.0314251
-0.0686215
-0.0300845
0.0337829
0.0176556
0.0775104
0.0306781
0.0812550
0.0614295
0.0981475
0.1767077
0.0623900
-0.0235817
-0.0156757
-0.1132913
-0.2116179
-0.3492266
-0.4395527
-0.3675303
0.0817875
0.5463190
0.6958782
0.5732163
0.1482064
-0.2489972
-0.4229994
-0.3593920
-0.3092991
-0.0932301
-0.0616743
0.0437421
0.0225865
0.1461709
0.0769199
0.0435300
0.0355881
0.0591223
0.0358876
0.0135537
0.0439127
0.0155227
-0.1183068
-0.1135659
-0.0617792
0.0048658
-0.0365642
-0.0220437
0.0714848
-0.0453774
0.1104510
-0.0203787
-0.0106907
0.0040720
0.0634185
0.0611897
-0.0753119
-0.0465025
0.0316857
-0.0318295
-0.0681641
0.0051005
-0.0664703
-0.0162740
-0.0413547
-0.0278373
0.0637740
-0.0230608
0.0279999
0.0811842
-0.0170620
0.0296101
-0.0703172
-0.0353887
-0.0108816
-0.0133690
-0.1162649
-0.0162705
-0.0419626
-0.0251350
0.0574480
0.1196450
0.0423759
0.0722036
0.1368051
0.1517607
0.0987030
0.0470826
-0.0006816
-0.1579347
-0.1833511
-0.4345088
-0.4338215
-0.3820887
-0.0008727
0.4820236
0.7979523
0.6450351
0.1545304
-0.2303339
-0.4558719
-0.3775472
-0.2545721
-0.1433381
-0.1133121
-0.0797418
0.0132205
0.1720622
0.0776933
0.0894045
0.0522669
0.0068257
0.0836178
0.0614795
0.0112083
-0.0753254
-0.0440030
-0.0785533
-0.0711964
-0.0618341
0.0011368
0.0111193
0.0783820
0.1061743
-0.0203146
0.0315269
0.0679905
-0.0059934
0.0624655
-0.0577908
-0.0496934
0.0477418
-0.0257664
-0.0674394
-0.0616066
0.0243478
-0.0323979
-0.0737334
0.0205848
-0.0026465
0.0567919
0.0086439
0.0830044
0.0505796
0.0369633
-0.0120989
-0.0054330
-0.0036724
-0.0828759
0.0006062
-0.1351184
-0.1080278
-0.0328739
0.0219493
0.1027580
0.0603713
0.0052083
0.1548999
0.0865292
0.1909517
0.1405181
0.0844805
-0.0254358
-0.0684158
-0.2537935
-0.3698654
-0.3929605
-0.3553922
0.0192231
0.5607034
0.8528866
0.6627834
0.1599860
-0.2313196
-0.4740135
-0.3975495
-0.2262304
-0.0832094
-0.1278150
0.0393659
0.0642457
0.0792012
0.1826929
0.1342090
0.0277381
0.0839536
0.0066119
-0.0468671
-0.0982028
-0.1201431
-0.1187160
-0.0239246
-0.0965136
-0.0014843
0.0197305
0.0582211
0.0340204
0.0352499
0.0328773
-0.0265393
0.1000415
0.0401248
0.0472502
-0.0502197
-0.0294347
-0.0118757
-0.0227916
0.0045113
-0.0643632
0.0156340
-0.0315169
0.0590460
-0.0326561
0.0351885
0.1081083
0.0351024
0.0746657
-0.0063903
0.0414160
-0.0558864
-0.0746193
-0.0571902
-0.1194030
-0.1379784
-0.0329136
-0.0099668
-0.0588599
0.0107224
0.1229957
0.0246630
0.1519926
0.1413264
0.1763349
0.1108537
0.0319372
-0.1058336
-0.0866232
-0.1743316
-0.3128101
-0.5386609
-0.3538190
0.1228395
0.6159808
0.8186301
0.6002422
0.1596655
-0.2859513
-0.4503986
-0.3771105
-0.3454791
-0.1987810
-0.1299013
-0.0649148
0.0745543
0.1407960
0.1700773
0.1422795
0.1647096
0.0583172
0.0125415
0.0337223
-0.0573454
0.0030577
-0.0402931
-0.1172724
0.0122816
-0.0361078
-0.0814627
0.0137292
-0.0501687
0.0960771
0.0024681
0.0177400
-0.0241272
0.0821422
0.0344089
-0.0460615
0.0077060
-0.0244872
0.0104218
-0.1056825
0.0034614
-0.0000726
-0.0541020
-0.0623340
-0.0294638
0.0842712
0.0068610
0.1239129
-0.0085305
-0.0301737
0.0144999
-0.0190643
-0.0904116
0.0134657
-0.0862721
-0.0303605
-0.0965571
-0.0100221
-0.0314117
0.0337705
0.0376835
0.1099607
0.1557363
0.1243871
0.1743213
0.0559226
-0.0234317
-0.0467515
-0.1156122
-0.2007984
-0.3629375
-0.4557222
-0.3423689
-0.1399818
0.4073591
0.7112962
0.7428620
0.4147389
-0.0542715
-0.4333425
-0.4600205
-0.3492749
-0.2130369
-0.1517863
-0.0498359
-0.0177388
0.1541420
0.1841986
0.1796728
0.1320024
0.1271473
0.0222344
0.0051367
0.0232933
-0.1157551
-0.0169227
-0.0510912
-0.0890864
-0.0497663
-0.0085126
0.0093423
-0.0437387
0.0644017
0.0167110
0.0918084
0.0991661
0.0014679
-0.0184752
0.0721879
-0.0533266
-0.0940624
-0.0284396
-0.0003163
-0.0591362
-0.0667337
0.0305393
0.0847168
0.0852630
0.0524442
0.0530079
0.0543595
0.0813116
0.0093623
-0.0037858
-0.0991804
-0.0926000
-0.1335864
-0.0674816
-0.0884021
-0.0641206
-0.0702522
0.0535230
-0.0107998
0.0446532
0.1328012
0.1172453
0.1153457
0.0398391
0.0723853
0.0098552
-0.1123205
-0.2166958
-0.3086595
-0.4837473
-0.4481389
-0.1034812
0.3991627
0.8188186
0.6809950
0.3521274
-0.1161233
-0.4199328
-0.5087815
-0.3671725
-0.1880923
-0.1275858
0.0514708
0.0009835
0.0916478
0.1156116
0.0890840
0.1281607
0.1525368
0.1065686
-0.0061091
-0.0088977
-0.0938837
-0.0862992
0.0075955
-0.0298954
-0.0394869
-0.0307260
0.0005208
0.0511583
0.0970497
-0.0052953
0.0423039
-0.0312694
-0.0322940
-0.0461287
-0.0240593
0.0280492
-0.0291579
-0.0311031
-0.0290290
-0.0405902
0.0372813
-0.0053417
-0.0178916
0.0252984
0.0172265
-0.0325458
0.0622720
0.1056843
0.1004618
-0.0018349
0.0178765
-0.0811331
-0.0894368
-0.0847106
-0.1141972
-0.0849211
-0.0461132
0.0583082
0.0355974
0.0718026
0.1527300
0.0428361
0.0854744
0.1033974
0.1527942
-0.0297296
-0.0829893
-0.1200543
-0.2464301
-0.3069486
-0.4952506
-0.3553867
0.2002228
0.6388154
0.8446621
0.5566024
0.1855165
-0.2567743
-0.3882227
-0.3222183
-0.1729346
-0.1351460
-0.0778837
0.0195226
0.0065665
0.0790452
0.1681417
0.0456270
0.0197754
0.1005711
-0.0129046
-0.0746197
-0.0441218
0.0112149
0.0052292
-0.1064411
-0.0296953
0.0243966
0.0526644
0.0291188
0.0675468
0.0439171
-0.0205275
-0.0284857
0.0239038
-0.0468792
0.0045465
0.0273357
-0.0817822
0.0004333
0.0424697
-0.0862201
-0.0017649
-0.0044390
0.0317914
0.0269125
-0.0139620
0.1097336
0.0858038
0.0813236
0.0181789
0.0736179
-0.0187664
-0.0119023
-0.0062324
-0.0252999
-0.0886001
-0.0182806
-0.0627473
-0.0705951
0.0434383
0.0409687
0.0537132
0.0644218
0.1287209
0.0554193
0.0829156
-0.0209862
-0.0340313
-0.1732882
-0.1888190
-0.3830476
-0.5302367
-0.2668873
0.2575891
0.6140463
0.7513761
0.5729367
-0.0279449
-0.2571102
-0.4577296
-0.3395204
-0.2887826
-0.0487512
-0.1035164
0.0097131
0.1282558
0.1026853
0.1445398
0.1801397
0.1490251
0.1286501
-0.0062291
-0.0842630
-0.0620471
-0.0385039
-0.0077876
-0.1008462
-0.0151756
-0.0925386
0.0137663
0.0114480
0.0006921
0.1057177
0.1124228
0.1121452
0.1048673
0.0697872
0.0504576
-0.0729739
-0.0035291
-0.0147398
0.0142023
-0.0043010
-0.0153282
-0.0694185
-0.0113926
0.0350389
0.0332514
-0.0277913
-0.0131356
-0.0354864
0.0924151
-0.0228707
-0.0552143
-0.0964585
-0.0494281
-0.1300217
-0.0114973
-0.1006567
-0.0671562
0.0649991
-0.0248374
0.0028247
0.1128596
0.0283130
0.0602224
0.0902561
0.1218205
0.0472085
-0.0595136
-0.1692380
-0.2474586
-0.3421405
-0.4737538
-0.2672054
0.1201015
0.6221225
0.8276941
0.6455210
0.2089317
-0.2470496
-0.4868435
-0.3327030
-0.1686944
-0.0718695
-0.0173110
0.0812144
0.0451195
0.1214072
0.2010141
0.1387298
0.0201332
-0.0141226
-0.0334634
0.0206989
-0.0649045
-0.0855380
-0.1022897
-0.1169753
-0.1103434
-0.0501285
-0.0155513
-0.0154659
-0.0105151
0.0563113
0.0409754
0.0242609
0.0008061
-0.0622746
0.0551786
0.0198016
-0.0093271
-0.0503777
0.0017158
-0.0059565
0.0250505
-0.0727252
-0.0045541
0.0776548
0.0798008
0.1010310
0.0794039
0.0639472
0.0145629
0.0631520
-0.0087634
-0.0580215
-0.1147854
-0.0866076
-0.0413039
-0.0812191
-0.0263929
0.0730834
0.1141805
0.0427054
0.1540939
0.1527520
0.0624262
0.1589488
0.0245959
-0.0832217
-0.0797862
-0.1727420
-0.4273829
-0.4367167
-0.3982122
0.0600060
0.4829861
0.8154106
0.6414138
0.1679003
-0.1666937
-0.3774943
-0.3797310
-0.3020480
-0.1827862
-0.1180197
0.0725183
0.0440556
0.1212063
0.1870617
0.0517163
0.1667016
0.0766592
0.0221425
-0.0399370
-0.0692128
-0.1146511
-0.0624164
0.0123191
-0.0185673
-0.0335486
-0.0792412
-0.0578025
-0.0530112
0.0108843
0.0256254
-0.0017643
-0.0053802
0.0392223
-0.0139904
0.0397332
-0.0146374
-0.1006319
0.0034558
-0.0074421
-0.0457733
0.0486729
0.0387942
0.0057469
0.0296736
0.1027174
0.1071687
0.0354008
0.0843197
0.0766066
-0.0837836
0.0236142
-0.0614172
-0.0252180
-0.0674619
-0.1148038
-0.0050503
0.0555063
0.0278936
0.0585075
0.1372713
0.1481020
0.1227715
0.0874515
0.1232484
0.0377567
-0.1184840
-0.1209746
-0.2837687
-0.4586197
-0.4903537
-0.1251113
0.3692695
0.7570482
0.8145709
0.3966434
-0.1059193
-0.4391415
-0.5106286
-0.3176488
-0.2302107
-0.0639062
-0.0323350
0.0146029
0.0715359
0.1320466
0.1536533
0.0309172
0.0893674
0.0049557
-0.0041329
-0.0604721
-0.1171332
0.0168772
0.0114635
-0.0724205
0.0321015
0.0195667
-0.0758201
-0.0622804
0.0820852
0.0087523
-0.0233109
0.0986355
0.0327566
-0.0383500
-0.0445958
-0.0692337
-0.0822426
-0.0771410
0.0312370
-0.0851439
-0.0263035
0.0480831
0.0276018
-0.0075785
0.0589814
-0.0275500
0.0744352
-0.0551027
0.0492296
-0.0427369
-0.0448761
-0.0880929
-0.0825083
-0.0978895
0.0070833
0.0328490
-0.0201973
0.0887941
0.0077582
0.1106613
0.1170914
0.1914573
0.1096948
0.0547857
0.0255172
-0.1277398
-0.1373370
-0.3619885
-0.4261470
-0.4316924
0.0612435
0.4496466
0.7907803
0.6331998
0.1941111
-0.2788598
-0.4940587
-0.4605071
-0.2353730
-0.0845997
-0.1429968
0.0275855
-0.0039019
0.1363843
0.1622133
0.0684415
0.0414759
0.1374201
0.0079208
-0.0667938
0.0066521
-0.0258130
-0.0861793
-0.1013482
-0.0411040
-0.0009024
-0.0510444
-0.0443670
0.0740397
0.0185059
0.0224078
-0.0221526
0.0265964
0.0054921
-0.0679622
-0.0269417
-0.0723084
-0.0353287
-0.1024561
-0.0026189
-0.0618208
-0.0383361
-0.0151172
-0.0129661
-0.0209645
-0.0169733
0.0755842
0.0539676
-0.0656467
0.0309483
-0.0348151
-0.0682072
-0.0310121
-0.0305921
-0.0475348
0.0328985
-0.0270755
0.0355638
0.0814167
0.1391160
0.0784097
0.1448501
0.0698677
0.0505865
-0.0163017
-0.0374971
-0.1320384
-0.1883266
-0.4301171
-0.4610515
-0.2296402
0.2414092
0.6735515
0.8078931
0.5366319
0.1392930
-0.3712404
-0.4581682
-0.3848083
-0.2314438
-0.0731805
-0.0806031
-0.0391969
0.1363670
0.1567778
0.0635099
0.0521625
0.0591069
0.0257315
-0.0164179
0.0126807
-0.0458493
-0.0500723
-0.0304096
-0.0069503
-0.0011242
0.0048785
0.0314573
0.0383590
-0.0169709
0.0702224
0.0872898
0.0806271
-0.0372402
-0.0014241
-0.0053956
-0.0324100
0.0313066
-0.0552219
-0.0392506
0.0126586
0.0547746
-0.0579741
-0.0125312
-0.0314240
0.0803103
0.0238402
0.0398523
-0.0580572
-0.0220140
-0.0248154
-0.0624598
-0.0279386
-0.0029284
-0.0835237
-0.0856414
0.0541967
0.0652399
0.1136787
0.1590297
0.1406439
0.1876706
0.0455477
0.0977329
-0.0248871
-0.0444051
-0.1266468
-0.3058694
-0.4186763
-0.4538175
-0.1895433
0.2245658
0.6544190
0.7650564
0.5525039
0.0234208
-0.4381512
-0.3851362
-0.3837329
-0.2517345
-0.0759718
-0.0760087
0.0669734
0.1048865
0.1535833
0.1116263
0.0771113
0.0647568
0.1175003
0.0732246
-0.0549186
-0.0128660
-0.0280028
-0.0977394
0.0058602
-0.0439432
-0.0559843
-0.0240033
-0.0604638
-0.0245906
-0.0062242
0.0118628
0.0388889
-0.0299901
-0.0403473
-0.0562786
-0.0850089
-0.0377548
-0.0702166
-0.0319804
0.0038344
-0.0349179
0.0058192
0.0765841
0.0437477
0.0862669
-0.0054440
-0.0439238
0.0199002
0.0338587
0.0305443
-0.0288062
-0.0778947
-0.1071589
-0.0009944
-0.0092545
0.0485278
0.0540141
0.0586006
0.0250414
0.0516007
0.1655448
0.0354074
0.1143481
0.0549551
-0.0553762
-0.1822614
-0.2847727
-0.3937314
-0.4976969
-0.1996749
0.2117464
0.6640796
0.8065976
0.4319164
0.0073250
-0.3524234
-0.4614790
-0.2898160
-0.2329390
-0.1113370
0.0093528
0.0468666
0.0255508
0.0838031
0.1734030
0.1177024
0.1571991
-0.0211019
0.0563627
0.0231682
-0.0894438
-0.1197250
-0.0590316
-0.0825209
0.0302778
-0.0412939
-0.0707965
-0.0277078
0.0748220
0.0283010
-0.0162095
0.0331590
0.0602374
-0.0386643
0.0428282
0.0504674
-0.0918238
-0.0443929
0.0399337
0.0414975
0.0123562
-0.0033438
-0.0484839
0.0703125
0.0972360
-0.0218709
-0.0292685
-0.0159905
0.0385301
0.0032384
