0.0055859
-0.0250439
-0.1089489
-0.0324167
-0.0131974
-0.0636121
-0.0778017
-0.0007204
-0.0112773
0.0888958
0.0227434
0.0592200
0.0559338
0.0927684
0.0552914
-0.0157181
-0.0291163
-0.0566823
-0.1026785
-0.0922854
-0.0990497
-0.0514058
-0.0688112
-0.0181096
0.0281539
0.0450778
0.0076840
0.1503083
0.0892638
0.1428214
0.0679871
-0.0057221
-0.0674752
-0.1070010
-0.0815300
-0.3556751
-0.5611291
-0.4857064
-0.2792877
0.3420718
0.7768895
0.8357354
0.5703023
-0.0977474
-0.4546630
-0.4616394
-0.3484464
-0.2674429
-0.0849263
-0.1098623
0.0623578
0.0582393
0.1454695
0.0995223
0.1309986
0.0463571
0.0174891
-0.0090451
-0.0818424
-0.1146668
-0.1340892
-0.0301651
-0.0188402
0.0099398
-0.0792231
-0.0767032
0.0696930
-0.0070627
-0.0231580
0.0570151
0.0997003
0.0686168
0.0394632
0.0310085
-0.0012312
0.0512623
0.0510749
-0.0722667
0.0440412
-0.0476664
0.0283407
0.0609121
0.0399829
0.0597863
0.0907118
0.1076185
0.0111287
-0.0266156
-0.0359055
0.0754092
0.0347164
-0.0984228
-0.1073671
-0.0127085
-0.0527836
-0.0420468
-0.0284600
-0.0519765
0.0504566
0.0841650
0.0859719
0.0978624
0.1527103
0.1489908
0.0696438
-0.0100434
-0.0871209
-0.0289559
-0.1820695
-0.2632482
-0.4940653
-0.5506624
-0.0967812
0.4641611
0.9872120
0.7878766
0.3245388
-0.3176287
-0.4330580
-0.4484031
-0.1851236
-0.1143347
-0.1233164
-0.0838289
0.0638968
0.1882500
0.1482006
0.1848040
0.0452118
0.1138773
-0.0226405
-0.0614518
-0.0580901
-0.0998579
-0.0571890
-0.1381204
-0.1353527
-0.0666891
-0.0879516
-0.0396074
0.0391051
0.0425739
0.0424839
0.0608475
0.0136733
0.0030274
0.0131031
0.0836277
0.0754439
-0.0420522
-0.0436094
-0.0675148
-0.0597039
-0.0143246
-0.0416510
-0.0226338
-0.0505449
0.0616829
0.0255963
0.1142103
0.0962207
0.0098115
0.0303759
0.0873684
0.0654657
0.0557399
-0.0752584
-0.0848224
-0.0087945
-0.0187393
-0.0681455
-0.0992492
-0.0683112
0.0295152
0.0349930
0.1015854
0.1750025
0.1723886
0.1997014
0.1105963
0.0061834
-0.0947477
-0.1551391
-0.2186999
-0.3754100
-0.5568997
-0.3610902
0.1528559
0.5560260
0.8000394
0.6476645
0.2143566
-0.3523373
-0.5539884
-0.3846465
-0.2958168
-0.1343513
-0.0097249
0.0027551
0.1216289
0.1164454
0.0879216
0.1858956
0.0404440
0.1303581
0.0345094
-0.0066918
-0.0633559
-0.0162143
0.0089973
-0.0382005
-0.1107566
-0.0302898
-0.0475257
-0.0075318
0.0365943
0.0778246
0.0255905
-0.0116739
0.0262299
-0.0347269
0.0839198
-0.0525107
-0.0586529
-0.0500068
-0.0032868
-0.0830429
-0.0475162
-0.0556570
-0.0798747
-0.0695883
0.0308860
0.0783259
0.1017773
0.0666239
0.0416972
-0.0098877
0.0115073
0.0764378
-0.0462059
-0.0015369
-0.0375678
-0.0053640
0.0033475
-0.0716229
0.0023451
-0.0517076
0.0585119
0.1174922
0.0505841
0.1461742
0.0584335
0.1170616
0.0761896
0.0555049
0.0707998
-0.1000633
-0.1331335
-0.3537063
-0.3968176
-0.4951014
-0.3081497
0.2602873
0.7610150
0.8026120
0.5621197
0.0234194
-0.3952150
-0.4278154
-0.3755576
-0.1930662
-0.0975055
-0.0351022
-0.0182404
0.1501534
0.1407335
0.1282244
0.1554865
0.0929664
0.0669081
0.0835515
0.0378251
0.0231270
-0.0662242
-0.1393711
-0.0591576
-0.0515347
-0.0841731
-0.0507428
0.0715722
0.0955646
0.0698806
0.0896613
-0.0014080
-0.0291859
-0.0347088
-0.0462227
-0.0155015
0.0434774
-0.0082983
-0.0760017
-0.0178175
0.0336706
-0.0704316
0.0136715
-0.0828048
0.0371228
-0.0392934
0.0019193
0.0017491
0.0910760
0.0181178
0.0422541
0.0169979
0.0375200
-0.0967897
-0.0540222
-0.0792665
0.0025071
-0.0094014
-0.0291768
0.0066810
-0.0269295
0.1179724
0.0723667
0.1002157
0.1080724
0.1591485
0.1716040
-0.0087762
-0.0595237
-0.1234387
-0.1777844
-0.4266915
-0.4664598
-0.5048893
-0.0894492
0.4469669
0.8868369
0.7942620
0.2681537
-0.2126615
-0.4907561
-0.3958197
-0.2767479
-0.1582371
-0.0971482
-0.0487539
0.0172968
0.1135078
0.1345169
0.1630048
0.0475567
0.0373874
0.0017641
0.0556432
-0.0707057
-0.0246768
-0.1291231
-0.0532527
-0.0915524
0.0156511
0.0122245
-0.0408048
-0.0519856
0.0619208
0.0697526
0.0396510
0.0343603
-0.0152620
0.0729072
0.0777312
0.0487630
-0.0704719
-0.0737909
0.0001154
-0.0738757
0.0262258
-0.0279631
-0.0061040
-0.0656846
0.0705686
0.0349514
0.0985469
0.0643907
-0.0104489
0.0104372
0.0754167
0.0527068
-0.0806899
-0.1030718
-0.1038645
-0.0954092
-0.1360872
-0.0028873
-0.0640751
0.0444653
0.0237686
0.0310078
0.1115268
0.1474099
0.1490278
0.1231619
0.1482471
-0.0551051
-0.0157981
-0.1878885
-0.2969060
-0.4037878
-0.5409488
-0.3441261
0.1388374
0.7552594
0.9401734
0.6738699
0.1224059
-0.3827223
-0.5268577
-0.4179494
-0.2964213
-0.1458810
-0.0007740
0.0174411
0.1151043
0.1061417
0.2167093
0.1532737
0.0650905
0.0142426
0.0603114
-0.0735727
0.0296170
-0.0093075
-0.0728460
-0.1403563
-0.1097596
-0.0043380
-0.0313445
-0.0704475
0.0561054
0.0901065
0.0170536
0.0182109
0.0848577
0.0873795
0.0712112
0.0044043
0.0545221
-0.0064082
0.0479518
-0.0179742
0.0015025
-0.0857908
-0.0635967
0.0241660
0.0353572
0.0841364
0.0098265
0.1059362
0.0513296
0.0544224
0.0810167
-0.0379886
-0.0767808
-0.0653658
-0.0040390
-0.1360711
-0.0300682
-0.0719556
-0.1128923
-0.0249561
0.0736815
0.0710199
0.1176133
0.0817512
0.0563816
0.2077679
0.0473124
-0.0064230
-0.0466402
-0.1554568
-0.1825691
-0.2888527
-0.4726606
-0.4727968
-0.1610013
0.4432612
0.9076399
0.8176225
0.3662582
-0.2338158
-0.4588812
-0.5445538
-0.2762757
-0.1706410
-0.1188002
-0.0890418
0.0130726
0.1083327
0.1514508
0.1543089
0.0625621
0.0409147
0.0737926
0.0659622
-0.0264172
0.0073676
-0.0519784
-0.0798958
-0.0982836
-0.1049509
-0.0917540
-0.0109808
0.0280327
-0.0392856
0.0235264
0.0409443
0.0424339
-0.0242709
0.0645597
-0.0510461
0.0338984
-0.0085969
-0.0828854
-0.0319119
-0.0609591
-0.0522702
0.0406648
-0.0825340
0.0388370
-0.0132659
0.0825959
0.0823478
-0.0047391
0.0960954
0.1072298
-0.0457101
0.0387667
-0.0400817
-0.0625240
-0.0285996
-0.0986829
-0.0921373
-0.0964486
0.0144902
-0.0134454
0.0600106
0.1470969
0.0579434
0.1972239
0.0810821
0.1885715
0.0778282
0.0031993
-0.0613186
-0.2269105
-0.3454814
-0.4647795
-0.4476199
-0.2661390
0.2954223
0.8638000
0.8871121
0.4380405
-0.0603210
-0.3939647
-0.5053897
-0.3335825
-0.1607588
-0.1393047
-0.0051363
-0.0293289
0.0647204
0.1022991
0.1147629
0.1995498
0.0410634
0.0361630
-0.0162936
0.0354563
-0.0568520
-0.0604956
-0.1149892
-0.0502527
0.0035345
-0.0806577
0.0006443
0.0787447
0.0815414
0.0861257
0.1198733
0.0310507
0.0121593
-0.0252702
-0.0586544
0.0178354
-0.0264996
-0.0192065
-0.0760719
-0.0360858
-0.0259875
-0.0582850
-0.0531822
-0.0026110
-0.0211646
0.0908124
0.0962657
0.0608321
0.0070069
-0.0409367
0.0167719
0.0392683
-0.0424888
0.0067698
0.0100781
-0.0286510
-0.0599696
-0.0197959
-0.0754130
0.0347178
0.0314154
0.0019627
0.1245015
0.1753001
0.1008309
0.1441366
0.1305209
-0.0234808
-0.0768082
-0.0757836
-0.2547839
-0.4951404
-0.5345026
-0.2889702
0.2154861
0.8082735
0.9429462
0.4901558
-0.0591661
-0.4113102
-0.4767475
-0.3469339
-0.2733033
-0.1347871
-0.1071079
0.0657308
0.1684331
0.2133389
0.1226655
0.1640702
0.0719526
0.0890031
-0.0496990
-0.0517731
-0.0005514
-0.1138217
-0.1365166
-0.1182569
-0.0401768
-0.1002155
0.0400867
0.0318708
0.0316632
0.0647295
-0.0056399
0.1220368
0.0687860
0.0358108
0.0676836
-0.0747477
-0.0228094
0.0297539
-0.1035856
-0.0482687
-0.0105423
-0.0503000
0.0610972
0.0054025
0.0553562
0.0280019
-0.0032180
-0.0286011
0.0722893
0.0989509
-0.0057112
0.0626320
0.0286175
-0.0848816
-0.0121677
-0.0196006
-0.1116065
-0.0667237
-0.0349571
-0.0197542
0.0526374
0.0888509
0.1354545
0.0894717
0.1976286
0.1254768
0.1210553
0.0376192
-0.0491507
-0.0803037
-0.1895239
-0.3691418
-0.5398199
-0.3521070
0.0940013
0.6988951
0.8641941
0.6424217
0.1440667
-0.4266229
-0.4701344
-0.4133685
-0.2979841
-0.1825906
-0.1260489
0.0572318
0.0275321
0.1018821
0.0950713
0.1516243
0.1326528
0.0725393
0.0232370
-0.0121981
-0.0079012
-0.0611622
0.0017215
-0.1403237
-0.0280248
-0.1021130
-0.0189183
0.0252616
0.0125522
0.0631288
0.0181975
0.0901630
0.0749233
0.0491867
0.0176318
-0.0233639
0.0477726
0.0017478
0.0304489
-0.0459014
-0.0410872
-0.0411141
-0.0267166
-0.0427035
0.0721222
0.0616184
0.0754895
0.1048513
-0.0254010
0.0452209
0.0297868
-0.0491195
-0.0520485
-0.0337429
0.0170882
-0.0253249
-0.1323727
-0.0227055
-0.0826863
0.0586743
-0.0307890
0.0219455
0.1430796
0.1009542
0.1758010
0.0682719
0.1667600
0.0690873
0.0470207
-0.1232100
-0.1221939
-0.2970505
-0.5520538
-0.4121545
-0.0312290
0.4560533
0.8414003
0.7999410
0.3923872
-0.1242154
-0.5101988
-0.5132748
-0.3002243
-0.2216863
-0.1311468
0.0025433
-0.0093606
0.1186151
0.1328790
0.0749609
0.0500434
0.0333156
0.0484014
0.0238418
-0.0348137
-0.0690295
-0.0325833
0.0080893
-0.1089256
0.0200167
-0.0117103
-0.0503796
0.0590951
0.0335720
0.0664369
0.0698284
0.0250494
-0.0019783
0.0945643
0.0004427
-0.0335636
0.0042731
0.0139481
0.0151547
-0.0717751
0.0089436
0.0212488
0.0489527
-0.0591896
0.0710954
0.0300232
0.0388917
0.0901340
0.0848633
0.0091722
0.0608886
-0.0661305
0.0155859
-0.0442942
0.0086031
-0.0211017
-0.1137593
-0.0780279
-0.0723646
0.0336229
0.0866889
0.0094780
0.0436251
0.0906657
0.1377499
0.0622511
0.0799390
0.0830501
0.0193705
-0.1480972
-0.2152141
-0.4081231
-0.4697453
-0.3089795
0.0425633
0.7323653
0.8742137
0.7360207
0.0867663
-0.3167409
-0.5794415
-0.3457287
-0.2162445
-0.1808010
-0.0051164
-0.0128549
0.1325289
0.0852076
0.1948354
0.1976199
0.1078811
0.1188851
-0.0282087
0.0096823
-0.0291626
-0.0889146
-0.0194163
-0.0715010
-0.0312330
-0.0569922
0.0353385
-0.0616779
0.0896519
-0.0177877
0.0433257
-0.0383718
0.0343289
0.0584851
0.0575116
0.0896008
0.0750530
-0.0436282
0.0050832
-0.0755846
-0.0601944
0.0370733
-0.0657860
-0.0047783
0.0057304
0.0356071
-0.0201249
-0.0217333
0.0374797
0.0158515
0.1025025
0.0121299
-0.0018263
-0.0672705
-0.0336746
-0.1042984
-0.0369672
-0.1105982
-0.1063130
0.0408058
-0.0686488
0.0209983
0.0942859
0.1459981
0.0894186
0.1306386
0.1634447
0.0739493
0.0349310
-0.0992396
-0.1856639
-0.2384767
-0.4157888
-0.4726667
-0.2283451
0.1979566
0.6724093
0.8813291
0.5980761
0.0225979
-0.3895735
-0.4126621
-0.3164364
-0.1461933
-0.1808951
-0.0973070
0.1021449
0.1240502
0.0648422
0.0708699
0.1741472
0.1508278
0.0514755
-0.0478088
-0.0644945
0.0096103
-0.1253593
-0.0927043
-0.0717630
-0.0084166
0.0292901
-0.0767912
0.0669813
0.0764857
0.0155153
0.0132586
-0.0196100
0.0796492
0.0665663
-0.0636551
-0.0095507
-0.0387796
-0.0321677
-0.0231891
-0.0848961
-0.0038335
-0.0430611
-0.0088536
0.0663866
-0.0605720
0.0598202
0.0992009
0.0748920
0.0901406
0.0915976
-0.0100556
-0.0404700
-0.0302352
-0.0957664
0.0049525
-0.0516364
-0.1229570
-0.0902246
0.0089960
-0.0077147
-0.0152631
-0.0069322
0.0932097
0.1451971
0.2023507
0.1486778
0.1614238
-0.0197828
0.0426515
-0.0568843
-0.2209994
-0.2851390
-0.4730841
-0.4193830
-0.0914117
0.5352154
0.8622992
0.8825641
0.3354852
-0.1815432
-0.4802281
-0.5448300
-0.3464758
-0.1600791
-0.0710922
-0.0924862
0.0985418
0.1377930
0.1492312
0.1987975
0.1857299
0.0391295
0.0561870
0.0140540
0.0250810
-0.0484853
-0.0118456
-0.0375313
-0.0209184
-0.0138794
-0.0581731
0.0441581
0.0308133
0.0789814
0.0671805
0.1018584
0.0064707
0.0320270
-0.0330945
-0.0262200
0.0613472
-0.0819806
-0.0201657
-0.0224071
-0.0583573
-0.0330522
0.0132572
0.0447711
-0.0719425
0.0113873
-0.0355183
-0.0320681
0.0799162
0.0247466
0.0547933
0.0825688
-0.0498818
-0.0156157
-0.0638111
-0.0864999
-0.1012924
-0.0293599
-0.0729141
-0.0723840
0.0111796
0.0120927
0.0178543
0.0344080
0.0867076
0.1825173
0.1522120
0.1069827
0.0188401
-0.0633242
-0.1495961
-0.2635890
-0.4645261
-0.4555185
-0.3938302
0.1913808
0.6037297
0.9639550
0.5889512
0.0807709
-0.2693796
-0.4908260
-0.3498731
-0.2024225
-0.0802491
-0.0657294
0.0779899
0.1505541
0.1069632
0.1535453
0.1299960
0.1293310
0.1371322
-0.0228559
0.0509375
-0.0082382
0.0072709
0.0038555
-0.0364633
-0.1213176
-0.0400101
0.0190148
-0.0216261
0.0971680
0.1006995
0.0855623
0.0588280
0.0741041
0.1003348
0.0649467
-0.0521793
-0.0472524
-0.0493274
0.0370406
0.0083772
0.0103984
0.0033648
-0.0631373
0.0512150
-0.0668985
0.0076160
-0.0007237
-0.0308324
-0.0091971
0.0293632
0.0753551
0.0236190
-0.0684542
-0.0423931
-0.1022287
-0.1329896
-0.1082987
-0.1129763
-0.0147519
-0.0145302
-0.0007855
0.0728779
0.0944505
0.1516850
0.1499293
0.0856866
0.0802286
-0.0180492
-0.0463835
-0.1286552
-0.2422967
-0.3409330
-0.4603661
-0.5263994
-0.1054111
0.5104045
0.8993965
0.9184150
0.3369950
-0.0985697
-0.4073555
-0.5365449
-0.2592989
-0.2303092
-0.1506103
-0.0210267
0.0826004
0.0762483
0.1862881
0.1861868
0.0639719
0.0905805
0.0158746
0.0176519
-0.0410044
-0.0601390
-0.0544448
-0.0557073
-0.0843100
-0.0912498
0.0220487
0.0408365
-0.0191168
0.0008306
0.0275602
-0.0157743
0.0410171
-0.0404529
-0.0483969
0.0659759
-0.0716101
-0.0322207
0.0440563
-0.0269816
-0.0652752
-0.0296878
0.0560793
-0.0456280
-0.0181835
-0.0333825
0.0537485
-0.0037403
0.0946280
0.0856469
0.0156024
0.0283910
0.0500034
-0.0554931
0.0302519
-0.0313665
-0.1332389
-0.0540713
0.0203365
-0.0336096
-0.0518828
0.0305033
0.1390349
0.1529160
0.1713043
0.1656799
0.1299541
0.0243890
0.0683624
-0.0254341
-0.2098656
-0.2405110
-0.4282113
-0.5594315
-0.2166138
0.2947454
0.8008512
0.9053311
0.4997879
-0.0096940
-0.4368640
-0.5471364
-0.3521603
-0.2401137
-0.0856634
-0.0156026
-0.0277682
0.0557572
0.0759033
0.2041309
0.1694585
0.0342497
0.0382219
-0.0218505
-0.0565436
