0.0894301
0.0937859
0.0435121
0.0071073
-0.0109543
-0.0364031
-0.0294007
-0.0337635
-0.0308409
-0.0642402
-0.0654498
-0.0021805
0.0104317
0.0352945
0.0760034
0.0778499
0.0760123
0.0431439
0.0158075
0.0079775
-0.0045839
-0.0102282
-0.0661172
-0.0454460
-0.0964907
-0.0991422
-0.0525788
-0.0697418
0.0055798
0.0875672
0.1844405
0.1911401
0.1251133
-0.0010555
-0.0980674
-0.0984027
-0.1014334
-0.0899594
-0.0691171
-0.0585429
-0.0058095
0.0132679
0.0110609
0.0325899
0.0137646
0.0251788
0.0435041
0.0511440
0.0343174
0.0284670
-0.0046860
-0.0130605
-0.0605629
-0.0452575
-0.0430323
-0.0540213
-0.0121192
0.0015006
-0.0038875
0.0438823
0.0348255
0.0977615
0.1022067
0.1292732
0.0821500
-0.0067203
-0.0795164
-0.1187284
-0.1502335
-0.1236690
-0.1183312
-0.0323990
0.0249814
0.1195832
0.1102589
0.1246784
0.0994035
0.0415589
-0.0228553
-0.0849594
-0.1165147
-0.1119854
-0.0862186
-0.0567626
0.0035484
0.0292194
0.0314306
0.0766211
0.0798976
0.0648492
0.0658737
0.0484498
0.0045557
-0.0497362
-0.0824823
-0.0522748
-0.0652512
-0.0294448
-0.0119533
0.0091809
0.0558359
0.1003941
0.1422891
0.0511563
-0.0051560
-0.0593750
-0.0583635
-0.0358990
-0.0469660
-0.0317533
-0.0532664
-0.0593422
-0.0757258
0.0231724
0.0803193
0.0851289
0.1128758
0.0765729
0.0959877
0.0464831
-0.0421217
-0.1038809
-0.1122061
-0.0972321
-0.1014980
-0.0172913
-0.0120987
0.0528091
0.0296742
0.0662343
0.0591127
0.0625406
0.0504307
0.0014986
0.0001029
0.0039475
-0.0718765
-0.0417208
-0.0985666
-0.0669977
-0.0364245
-0.0130167
0.0027217
0.0835934
0.1136922
0.1049585
0.1135922
0.0675547
0.0079541
-0.1178631
-0.1140346
-0.1502842
-0.1413485
-0.0700053
-0.0093175
0.0749795
0.1082906
0.1526475
0.0867111
0.0413529
0.0144125
-0.0403784
-0.0355211
-0.0233906
-0.0411087
-0.0550755
-0.0399935
-0.0298913
0.0172437
-0.0227206
-0.0332545
0.0126378
-0.0084740
0.0191368
0.0193275
0.0380440
-0.0129173
0.0193158
-0.0253347
0.0014677
0.0206703
0.0149106
0.0359684
0.0003494
-0.0534336
-0.0437112
-0.0009199
-0.0083433
-0.0069806
0.0081579
-0.0268755
-0.0149879
0.0284305
0.0888850
0.0521649
0.0111412
-0.0227115
-0.0561424
-0.0172460
-0.0174964
-0.0541621
-0.0336001
-0.0040117
0.0433506
-0.0035575
-0.0004766
-0.0132164
0.0048354
-0.0123243
-0.0031731
-0.0286527
-0.0235845
-0.0063371
-0.0190475
-0.0053007
0.0104668
0.0076196
-0.0182782
-0.0035889
0.0570076
0.0087237
0.0126914
0.0278682
-0.0439138
-0.0781417
-0.0973338
-0.0756403
0.0071030
0.0901281
0.1173112
0.1122055
0.0490228
0.0317604
-0.0422246
-0.0816360
-0.0549958
-0.0924280
-0.0949300
-0.0263345
-0.0167352
0.0108341
0.0302081
0.0426921
0.0683880
0.0240531
0.0355156
0.0103531
0.0214138
-0.0145125
-0.0174328
-0.0552810
-0.0962382
-0.0737847
-0.0554612
-0.0123967
-0.0198254
0.0248345
0.0281852
0.0537294
0.0918323
0.1231472
0.1293201
0.0311432
-0.0719028
-0.0925851
-0.1161394
-0.1710793
-0.1523010
-0.0675095
0.0058458
0.1086466
0.1316588
0.1760292
0.0877756
0.0469440
-0.0025823
-0.0296372
-0.0534069
-0.0440334
-0.0768845
-0.0207495
-0.0401289
0.0172568
0.0176641
0.0334783
0.0541277
0.0344803
0.0127665
-0.0060546
0.0216188
-0.0182850
-0.0050274
0.0034040
-0.0495599
-0.0111982
0.0175647
0.0142404
0.0363824
0.0296106
0.0359960
0.0054464
-0.0713943
-0.1015354
-0.1062832
-0.0351928
0.0667674
0.0596104
0.0522039
0.0279282
-0.0169582
-0.0247596
-0.0024368
0.0042226
0.0042925
-0.0168363
-0.0568495
-0.0204513
0.0088946
-0.0106408
-0.0014497
0.0288147
0.0074366
0.0495808
0.0155298
0.0057994
-0.0006108
-0.0035041
-0.0303337
-0.0436483
-0.0122617
0.0011773
-0.0208900
0.0255948
0.0554825
0.0568964
0.0435447
-0.0006503
-0.0350695
-0.1077691
-0.0910500
-0.0456234
-0.0192367
0.0505358
0.1163358
0.1066356
0.0279379
-0.0817348
-0.1230001
-0.1016361
-0.0336878
0.1042476
0.1101374
0.0870353
0.0286205
-0.0815152
-0.0907757
-0.0558664
-0.0377793
-0.0036208
0.0002451
-0.0025546
0.0277995
0.0037648
0.0286712
-0.0167155
-0.0175224
0.0244690
0.0243684
0.0137507
-0.0148092
0.0233768
0.0614627
0.0591562
0.0297155
-0.0462399
-0.1016556
-0.1484591
-0.0801274
0.0596488
0.0982359
0.1444572
0.1006160
0.0147296
-0.0559751
-0.0851867
-0.1092320
-0.1275135
-0.0692220
0.0151958
0.0883184
0.1177458
0.0338906
-0.0012768
-0.0596051
-0.0281858
0.0021786
0.0388982
0.0346463
-0.0168986
-0.0246831
-0.0144313
-0.0276741
-0.0278155
-0.0117009
0.0150965
0.0012723
-0.0042459
0.0128436
0.0030333
0.0172684
0.0031998
0.0099572
-0.0020459
0.0462006
0.0046776
-0.0237013
-0.0577448
-0.0722486
-0.0500628
-0.0115543
0.0583098
0.0170296
-0.0117994
-0.0043884
0.0218679
0.0875899
0.0599020
-0.0408289
-0.0867953
-0.0851251
-0.1209115
-0.0194048
0.0262748
0.0844745
0.0972356
0.0987633
0.0670287
0.0137845
-0.0612356
-0.0758835
-0.0856151
-0.0235979
0.0037103
0.0038888
0.0039220
0.0038054
0.0310718
0.0124878
-0.0023158
-0.0089172
0.0015317
-0.0156397
-0.0004169
-0.0177668
-0.0095930
0.0156155
-0.0280997
-0.0315900
0.0087030
-0.0455552
0.0151860
0.0559730
0.0684534
0.0214157
0.0263875
-0.0228966
0.0022940
0.0247030
0.0347582
0.0164825
-0.0155034
-0.0287389
-0.0166191
0.0051061
-0.0284180
0.0369342
0.0377458
-0.0038079
0.0258712
0.0460065
0.0059055
0.0058691
0.0176554
-0.0010130
0.0116348
0.0080058
-0.0473054
-0.0610296
-0.0172644
-0.0245695
0.0191227
-0.0009775
0.0545850
0.0291420
0.0424820
0.0038698
0.0319905
0.0059654
0.0221848
0.0086818
-0.0611986
-0.1215388
-0.1475683
0.0119656
0.1162122
0.1642803
0.0962337
0.0546253
0.0058041
-0.0477669
-0.0472736
-0.0523898
-0.0191178
-0.0476953
-0.0133655
0.0090169
0.0346884
0.0388393
0.0481879
0.0141998
0.0437193
0.0217956
0.0098652
0.0281786
-0.0214902
-0.0487184
-0.0545101
-0.0628002
-0.0768543
-0.0464550
0.0251945
0.0960876
0.0978383
0.1075867
0.0371396
0.0044560
-0.0498399
-0.1136311
-0.0789612
-0.0170811
-0.0434323
0.0182929
-0.0033678
-0.0087628
0.0039063
0.0502499
0.0531396
0.0495360
0.0206675
-0.0400059
-0.0112780
-0.0201324
-0.0700526
-0.0760922
-0.0500171
-0.0467143
0.0114596
0.0455567
0.0761559
0.0568515
0.0688769
0.0395779
0.0190090
-0.0279466
-0.0204071
-0.0162466
-0.0561133
-0.0280402
-0.1064292
-0.0944477
-0.0774755
0.0320875
0.1489537
0.2464038
0.2168513
0.0700230
-0.0685970
-0.1781850
-0.2068173
-0.1382281
-0.0407348
0.0266545
0.0787131
0.0810254
0.0765946
0.0639791
-0.0079820
0.0163436
0.0096386
0.0012831
-0.0230176
-0.0202652
-0.0230916
-0.0092223
-0.0381851
-0.0370850
-0.0418472
-0.0460698
-0.0194051
0.0146411
0.0383355
0.0192147
-0.0132802
-0.0057883
0.0164524
0.0562700
0.0636608
0.0087806
0.0461861
0.0021774
-0.0271758
-0.0885179
-0.1287283
-0.1503308
-0.0869068
0.0323592
0.0957271
0.1931959
0.1672436
0.0991423
-0.0230743
-0.1366601
-0.0983119
-0.0619085
-0.0470899
0.0063311
-0.0050072
0.0199267
0.0475723
0.0338322
0.0232785
0.0367924
0.0080328
0.0145914
-0.0123347
-0.0164669
-0.0525387
-0.0585132
-0.0217349
-0.0207285
0.0117923
0.0263784
0.0288832
0.0242001
0.0120783
0.0411978
0.0325624
-0.0600341
-0.0489309
-0.0749466
-0.0372462
0.0191153
0.0355470
0.0670536
-0.0177524
-0.0414945
-0.0050804
-0.0411420
-0.0907848
-0.0243583
0.0435290
0.1219016
0.1323632
0.0707136
-0.0240727
-0.0823581
-0.0933342
-0.0636667
-0.0433958
-0.0262450
-0.0257395
-0.0185956
0.0176254
0.0025024
0.0444236
0.0022383
0.0469487
0.0593036
0.0139008
-0.0087959
-0.0074826
0.0103118
0.0047858
0.0108213
-0.0442273
-0.0293262
-0.0518806
-0.0361864
-0.0368115
-0.0164543
0.0466697
0.0557263
0.0862119
0.0704241
0.0141776
-0.0148943
0.0131693
0.0150048
-0.0282416
-0.0844853
-0.1184103
-0.0467001
0.0050319
0.0387499
0.0773098
0.0411006
-0.0248295
-0.0305888
-0.0106224
0.0208356
0.0020216
-0.0014876
0.0200692
-0.0219856
0.0123791
-0.0180950
0.0297912
-0.0169594
-0.0181732
-0.0641920
-0.0631959
-0.0479530
0.0109934
0.0470876
0.0151931
0.0516270
0.0546912
0.0474779
0.0179059
0.0291631
-0.0012282
-0.0732337
-0.0565257
-0.0585980
-0.0230047
0.0496085
0.0310146
0.0531853
-0.0003997
-0.0470790
-0.0203603
0.0175037
0.0470256
0.0405432
-0.0040887
-0.0360424
-0.0629701
-0.0560291
-0.0214614
-0.0170443
0.0371386
0.0111615
0.0462487
-0.0011888
0.0245506
-0.0273328
-0.0116562
0.0187761
0.0315012
-0.0113403
0.0236545
-0.0105991
-0.0016548
-0.0553975
-0.0501525
-0.0158329
0.0361615
0.0587291
0.0291470
0.0455050
-0.0034188
0.0106417
-0.0159751
-0.0119546
-0.0445825
-0.0716447
-0.0587299
-0.0019003
0.0511471
0.0446460
-0.0125653
-0.0167434
-0.0492572
-0.0291438
-0.0181437
-0.0207066
-0.0216082
0.0363288
0.0462433
0.0161853
0.0159063
-0.0149247
-0.0383924
-0.0440463
-0.0416056
-0.0279085
-0.0283793
0.0023722
0.0495745
0.0402060
-0.0099491
0.0090436
-0.0530380
0.0013944
0.0021922
0.0066561
-0.0069669
0.0674003
0.0776785
0.1068691
0.0321744
-0.0314439
-0.1508442
-0.2068394
-0.1914035
-0.0456900
0.1258577
0.2132013
0.2319047
0.1024387
-0.0125898
-0.0520763
-0.0997729
-0.0222765
-0.0556739
-0.0445320
-0.0728181
-0.0435999
-0.0132410
-0.0225035
0.0433434
0.0718057
0.0685175
0.0788493
0.0075666
0.0252240
-0.0200980
0.0048580
-0.0174343
-0.0216477
-0.0433638
-0.0451253
-0.0501219
-0.0075226
0.0269937
0.0845051
0.0519020
0.0098215
0.0344613
0.0035750
0.0046451
-0.0237652
-0.0670342
0.0088183
0.0521145
0.0442481
-0.0186333
-0.0891545
-0.1281548
-0.0629874
0.0864886
0.1159069
0.0903064
0.0559806
-0.0160198
0.0108341
-0.0123730
0.0199201
-0.0588272
-0.0371601
-0.0345138
-0.0661152
0.0006908
0.0075789
-0.0003387
0.0389918
0.0757908
0.0756650
0.0286351
-0.0007754
0.0181092
-0.0287849
-0.0327979
-0.0063364
-0.0710222
-0.0392672
-0.0768982
-0.0570560
-0.0346648
-0.0366535
0.0551076
0.0800525
0.0957224
0.1161727
0.1195395
0.0482371
-0.0229805
-0.0864618
-0.1294555
-0.1719395
-0.1642397
-0.1438161
-0.0388879
0.0698116
0.1503311
0.2130617
0.1855253
0.0467282
-0.0514895
-0.0522336
-0.0880032
-0.0770403
-0.0392377
-0.0594330
-0.0426629
-0.0538090
-0.0101018
-0.0199646
0.0363562
0.0357058
0.0506413
0.0337040
-0.0076826
-0.0223289
-0.0724954
-0.0549051
0.0028499
0.0348019
0.0784984
0.1176656
0.0482246
0.0268585
-0.0284096
-0.0106494
-0.0381098
-0.0468423
-0.0472893
-0.0721330
-0.0533638
0.0269093
0.1171001
0.1078489
0.0886295
0.0055107
-0.0315404
-0.0573295
-0.0154000
0.0278017
0.0198477
0.0117077
-0.0508241
-0.0337416
-0.0578440
0.0052602
0.0215016
0.0372933
0.0455335
0.0229302
0.0076344
-0.0312687
0.0133387
-0.0095826
-0.0076679
0.0355456
-0.0179026
-0.0109650
-0.0184361
-0.0248770
-0.0236673
-0.0104902
-0.0000304
0.0099593
0.0242135
0.0261460
0.0490409
0.0035871
-0.0391065
-0.0364361
-0.0106204
0.0237121
0.0370187
0.0321165
0.0311925
0.0438126
0.0183696
-0.0037632
0.0084656
-0.0429767
-0.0504488
-0.0100706
-0.0038811
-0.0015462
-0.0149149
-0.0217213
0.0019721
0.0633125
0.0471184
0.0311461
-0.0017950
-0.0067588
-0.0305252
0.0016169
-0.0569210
-0.0234350
-0.0448587
-0.0628655
-0.0106458
-0.0175144
0.0428568
0.0476519
0.0387228
0.0459350
0.0787582
0.0322481
0.0312073
-0.0315790
-0.0471682
-0.0287211
-0.0340410
-0.0164458
0.0020886
-0.0329158
0.0032953
-0.0056862
0.0235371
0.0565272
0.0336931
-0.0094206
0.0005579
-0.0094628
-0.0306111
0.0063022
0.0264528
-0.0192260
0.0059141
-0.0094677
0.0001314
0.0262804
0.0352421
0.0111787
0.0115786
-0.0201473
-0.0122347
0.0031446
0.0108335
0.0172139
-0.0016996
-0.0083312
0.0195587
0.0077633
-0.0067207
0.0441058
-0.0064519
0.0105562
-0.0284620
-0.0628303
-0.0392837
-0.0084782
-0.0080959
0.0334977
0.0195145
0.0261216
-0.0104525
-0.0138860
-0.0350353
-0.0027660
-0.0099235
0.0844004
0.0729637
0.0125283
-0.0677623
-0.0900340
-0.1114045
0.0160416
0.0842352
0.0688073
0.0423392
-0.0149011
-0.0038010
0.0285832
0.0667776
0.0578447
0.0299582
-0.0248765
-0.0285260
-0.0606944
-0.0868066
-0.0668921
0.0205197
0.0471373
0.0347153
0.0689693
0.0701909
0.0679051
0.0351111
-0.0184003
-0.0082591
-0.0413602
-0.0362661
-0.0352475
-0.0832084
-0.0303027
-0.0154611
0.0217785
0.0191224
0.0411042
0.0517205
0.0753335
0.0523705
0.0649602
-0.0392008
-0.0822693
-0.1110195
-0.1229116
-0.0331545
0.0211275
0.1013637
0.0562992
0.0191152
0.0317261
0.0252160
-0.0144671
-0.0344461
-0.0331410
-0.0389608
0.0013058
0.0111327
0.0249769
0.0227211
0.0140557
0.0163999
0.0033182
0.0173399
-0.0099720
-0.0101937
-0.0086303
-0.0273420
-0.0019147
0.0030030
-0.0190726
-0.0228453
-0.0825052
-0.0461613
-0.0347649
-0.0090638
0.0743154
0.1147213
0.0867591
0.1056029
0.0523220
0.0042750
-0.0347779
-0.1306031
-0.1721473
-0.1507358
-0.0652708
0.0683201
0.1526098
0.1870941
0.1162306
0.0206205
-0.0294585
-0.0056899
-0.0537783
-0.0529795
-0.0850919
-0.0361338
-0.0354017
0.0134821
0.0387106
0.0609850
-0.0030173
0.0019203
0.0263724
-0.0116493
-0.0158742
-0.0037805
-0.0485630
-0.0317461
-0.0591584
-0.0235287
-0.0498893
0.0232513
0.0390405
0.0461269
0.1317390
0.1111999
0.0568377
-0.0294948
-0.1389617
-0.1737039
-0.1519865
-0.1074704
-0.0415226
0.0453269
0.0446427
0.0662428
0.0948407
0.1249484
0.1006550
0.0319621
-0.0208903
-0.0840143
-0.0912058
-0.1201160
-0.0763984
-0.0076408
0.0424495
0.0468621
0.0922036
0.0764583
0.0579048
0.0308383
0.0426246
-0.0140536
-0.0148441
-0.0239489
-0.0355760
-0.0563122
-0.0339368
0.0177005
-0.0005596
0.0579259
0.0680751
0.0849252
0.0979131
-0.0017846
-0.0460843
-0.1378771
-0.1387927
-0.0421722
0.0171910
0.0551140
0.0482799
0.0436822
0.0884987
0.0817774
0.0718539
-0.0051075
-0.0197986
-0.0302152
-0.0800908
-0.0460391
-0.0715572
-0.0156255
0.0005325
0.0623297
0.0158663
-0.0099748
-0.0252860
