-0.0198763
0.0008726
0.0002148
0.0028868
0.0073285
-0.0065115
-0.0248022
-0.0037460
0.0067122
0.0048850
0.0138499
0.0519536
0.0317197
0.0342929
0.0231647
-0.0290897
-0.0281496
-0.0413720
-0.0613529
-0.0752410
-0.0385442
-0.0249873
-0.0185991
-0.0157723
0.0460589
0.1441558
0.1537298
0.1411106
0.0517758
-0.0459687
-0.1812099
-0.1661587
-0.1631781
-0.0551151
0.0155939
0.0826168
0.0770057
0.1044040
0.0738653
0.0250449
0.0335755
-0.0077807
-0.0235266
-0.0232986
-0.0490533
-0.0236196
-0.0588891
-0.0368572
-0.0351627
-0.0130989
0.0028372
-0.0058361
0.0248522
0.0421771
0.0323122
0.0380513
0.0252469
0.0059654
-0.0166903
0.0161948
-0.0205071
-0.0147401
0.0148409
-0.0111117
0.0193418
-0.0207666
-0.0263472
-0.0136897
0.0177639
0.0180447
-0.0083740
-0.0114383
0.0001740
0.0096411
-0.0084310
0.0066352
0.0218960
0.0050989
0.0051027
-0.0032545
-0.0081511
0.0279748
-0.0078324
-0.0004063
0.0204168
0.0023571
0.0019672
0.0105975
0.0203487
0.0047030
-0.0314099
-0.0125170
0.0178848
-0.0217116
-0.0079692
-0.0216483
0.0159617
-0.0068102
-0.0069618
0.0027304
0.0357309
0.0243109
-0.0195258
-0.0033661
0.0257668
0.0069370
-0.0051282
-0.0060930
-0.0271994
-0.0255501
-0.0296286
0.0162464
0.0201353
0.0280962
0.0229523
0.0104698
-0.0066474
0.0450566
0.0233606
0.0278739
0.0086653
-0.0209245
-0.0383818
-0.0376006
-0.0291531
-0.0214573
-0.0433016
-0.0241955
0.0604769
0.0986431
0.1051481
0.0643042
0.0661680
-0.0085220
-0.0433742
-0.0971529
-0.0784198
-0.0777761
-0.0667323
-0.0044243
0.0461461
0.0430236
0.0627638
0.0790060
0.0209910
0.0021809
0.0155020
-0.0050862
-0.0077672
-0.0486250
-0.0382895
-0.0117808
-0.0311558
0.0207818
0.0084818
0.0229355
0.0258923
0.0370423
0.0372500
0.0245732
0.0317742
0.0331570
-0.0101469
0.0261266
0.0021535
0.0177269
-0.0230456
0.0050438
-0.0058870
-0.0089243
0.0059371
-0.0112729
0.0139392
-0.0036824
0.0257291
-0.0020969
0.0276042
0.0158133
-0.0265652
0.0017331
0.0086529
0.0008090
0.0091825
-0.0090467
0.0089798
0.0165360
-0.0187836
-0.0268414
-0.0199254
-0.0158185
0.0230270
0.0206598
0.0155711
0.0016023
-0.0041446
-0.0061418
-0.0127755
0.0087624
0.0246343
0.0006173
0.0068609
0.0139360
-0.0259932
0.0006331
0.0258169
-0.0040783
-0.0068984
-0.0204184
-0.0007685
0.0211398
0.0118554
-0.0022739
0.0016330
0.0251518
0.0250304
0.0266165
-0.0117215
-0.0288654
-0.0036843
-0.0084380
-0.0042586
0.0169459
-0.0019236
0.0238246
0.0172514
-0.0060474
0.0106003
0.0129255
-0.0088878
0.0280037
0.0264550
0.0151945
-0.0042043
0.0246985
-0.0106819
0.0091344
-0.0074432
0.0069997
0.0295537
0.0120853
0.0297370
0.0008137
0.0155231
-0.0009971
0.0117813
0.0150509
-0.0069055
-0.0175882
-0.0168495
-0.0038990
-0.0014426
-0.0094102
-0.0224938
-0.0225420
0.0156648
0.0018005
-0.0097342
0.0139473
0.0202633
0.0266614
-0.0063424
0.0251606
0.0020505
0.0046490
0.0025297
-0.0404285
-0.0118737
-0.0001938
-0.0202417
0.0282511
-0.0134995
0.0271113
0.0301725
0.0240519
0.0527006
0.0050438
0.0315879
0.0139327
0.0130279
-0.0257173
-0.0360135
-0.0752814
-0.0362292
-0.0207187
-0.0199694
-0.0208492
0.0473323
0.0974651
0.1459937
0.1381646
0.0392009
-0.0324986
-0.1580944
-0.1969698
-0.1223818
-0.0316342
-0.0053719
0.0549742
0.0572638
0.0915898
0.0897152
0.0397775
0.0015173
-0.0142258
-0.0010747
-0.0195804
-0.0090288
-0.0363712
-0.0499759
-0.0044248
-0.0033699
0.0265714
0.0195850
0.0278865
0.0143894
0.0077427
0.0263240
-0.0065508
-0.0174031
0.0222084
-0.0251404
-0.0087756
0.0041993
0.0116719
-0.0343835
-0.0244107
0.0042549
-0.0203161
-0.0174381
-0.0077125
-0.0141203
0.0093138
-0.0092033
0.0270305
-0.0079428
0.0187388
0.0198099
0.0156174
0.0016525
-0.0208927
-0.0098002
-0.0209011
0.0049431
-0.0050616
-0.0151224
-0.0026996
-0.0068334
0.0011393
-0.0155501
0.0332044
0.0248549
0.0263668
-0.0077578
-0.0149126
-0.0035014
-0.0211169
-0.0110733
0.0044225
0.0113302
-0.0054732
-0.0199609
0.0106946
0.0224518
0.0153412
-0.0074070
-0.0018202
0.0171630
-0.0101197
0.0026036
0.0269979
0.0164160
-0.0082213
0.0052882
-0.0284018
0.0207614
0.0182180
0.0136905
-0.0155466
0.0058928
0.0133850
-0.0177795
-0.0042991
0.0266392
0.0133652
-0.0050833
0.0039147
-0.0130233
0.0008552
0.0045520
0.0225684
0.0040038
-0.0079116
-0.0126860
0.0276949
0.0216841
-0.0051152
-0.0073203
0.0236350
-0.0084025
0.0266238
0.0067136
0.0144527
-0.0271522
0.0135555
-0.0221306
-0.0202849
0.0223538
0.0081613
0.0219935
-0.0205662
-0.0122486
0.0019023
-0.0186654
0.0021218
0.0212676
0.0218319
0.0184530
-0.0196791
0.0174389
-0.0100094
-0.0020618
0.0117567
-0.0248995
-0.0216901
0.0059778
-0.0071375
0.0001915
-0.0044315
0.0454606
0.0313497
0.0139447
0.0457847
0.0414429
-0.0205847
0.0180646
0.0112481
-0.0184693
-0.0641531
-0.0551094
-0.0317282
-0.0627251
-0.0237635
0.0131809
0.0490533
0.0948962
0.1374991
0.1247640
0.0216983
-0.0842921
-0.1629099
-0.1736700
-0.1234895
-0.0472010
0.0280210
0.0654601
0.0762738
0.0445235
0.0344198
0.0095692
0.0361772
0.0063865
-0.0181178
-0.0125849
-0.0290075
-0.0497340
-0.0066733
-0.0341263
0.0114112
-0.0228895
-0.0195828
0.0063521
0.0350833
0.0447519
0.0036513
-0.0095449
0.0226371
0.0233258
0.0249103
0.0141091
-0.0065683
0.0155386
0.0031818
-0.0108127
-0.0234767
0.0033461
0.0255674
0.0271613
0.0036566
-0.0187336
-0.0136197
-0.0053341
0.0061339
0.0287549
-0.0261692
-0.0112110
-0.0290593
0.0158531
-0.0113206
0.0062929
0.0234550
-0.0166254
0.0207495
0.0120317
-0.0254103
0.0149052
0.0154924
0.0203427
-0.0013476
0.0168123
0.0144089
-0.0058164
-0.0299549
0.0150246
0.0142200
-0.0248804
0.0092198
-0.0126893
0.0049179
-0.0214017
0.0195266
0.0274883
0.0273378
-0.0140570
0.0028427
0.0110698
0.0106010
-0.0111146
-0.0246948
0.0279747
-0.0240394
-0.0239090
0.0162432
0.0182046
0.0060679
0.0159372
-0.0182340
0.0059419
0.0112183
-0.0239074
-0.0297154
-0.0202868
-0.0270344
0.0180158
-0.0060362
0.0043242
0.0020230
-0.0249054
0.0215849
0.0014715
0.0007639
0.0039965
-0.0235643
0.0017218
-0.0056610
0.0288071
0.0242899
-0.0096131
0.0271045
0.0216229
0.0094461
-0.0153153
-0.0003756
0.0085705
-0.0136468
0.0247488
0.0222434
0.0214500
-0.0145817
0.0323043
0.0144702
0.0104138
-0.0090558
0.0118630
-0.0280079
0.0202778
-0.0014445
-0.0395127
-0.0135972
-0.0308601
-0.0141893
-0.0168210
0.0283889
-0.0176104
0.0266068
0.0029117
0.0456691
0.0195150
0.0486196
0.0009024
0.0178870
-0.0241597
-0.0214516
-0.0635387
-0.0666035
-0.0622241
-0.0489224
-0.0146908
-0.0069974
0.0719360
0.1502733
0.1916610
0.1618075
0.0317267
-0.1082900
-0.1788561
-0.1820418
-0.1620590
-0.0258712
0.0249232
0.0743625
0.0921758
0.0965576
0.0956990
0.0285413
-0.0038895
-0.0147243
-0.0030003
-0.0053516
-0.0537948
-0.0222416
-0.0489995
-0.0269077
-0.0273445
-0.0279024
0.0256730
-0.0101825
0.0089481
0.0079765
0.0385002
0.0035859
-0.0175546
0.0189445
-0.0245674
-0.0205506
0.0088539
-0.0194658
-0.0215179
-0.0216807
-0.0272107
-0.0119562
-0.0159189
0.0146761
0.0327724
-0.0061396
-0.0071919
0.0152094
0.0326891
-0.0189008
-0.0143710
-0.0178131
0.0189693
-0.0133861
-0.0152113
0.0033377
0.0098200
0.0049928
0.0006595
0.0259367
0.0047019
0.0159505
-0.0058607
0.0013986
-0.0173756
-0.0146222
0.0207825
0.0230360
-0.0038189
0.0151107
0.0262843
0.0227050
-0.0196134
-0.0249254
-0.0164169
-0.0187104
0.0259992
0.0027646
-0.0036403
0.0023737
-0.0170103
0.0005279
-0.0227965
-0.0138597
-0.0034205
0.0102051
0.0293431
0.0217843
-0.0256161
-0.0105940
0.0192288
-0.0400851
0.0136252
-0.0450619
-0.0254153
-0.0384724
-0.0335951
-0.0241864
0.0347946
0.0190585
0.0387852
0.0282037
0.0509763
0.0250984
0.0036675
-0.0016524
-0.0422205
-0.0620110
-0.0462684
-0.0620245
-0.0859277
-0.0651863
-0.0274459
0.0068494
0.0632736
0.1766321
0.2603340
0.2427536
0.1438279
-0.0850217
-0.2627262
-0.3298348
-0.2216834
-0.0490412
0.0740040
0.1005275
0.1073885
0.1122267
0.0894009
0.0465061
0.0110508
0.0081647
-0.0222203
-0.0651149
-0.0337021
-0.0347994
-0.0143029
-0.0303669
-0.0265080
0.0231567
-0.0079155
0.0218872
0.0330846
0.0183284
0.0400223
-0.0030503
-0.0036864
0.0146896
-0.0105773
0.0126604
-0.0065678
-0.0124504
-0.0044414
-0.0161145
-0.0360488
0.0241154
0.0144753
0.0081978
-0.0053474
0.0330465
-0.0004163
-0.0088005
0.0126924
0.0113349
-0.0244318
0.0048836
-0.0139738
-0.0150332
-0.0196083
0.0099593
-0.0140751
-0.0044483
-0.0042000
0.0204992
0.0135819
0.0256459
-0.0146912
0.0066479
-0.0002371
0.0078094
0.0035652
-0.0031037
-0.0212364
0.0085990
-0.0256731
-0.0196095
0.0046489
-0.0227971
-0.0125497
-0.0173979
-0.0078360
-0.0109752
-0.0042555
-0.0098614
-0.0228350
-0.0140423
-0.0282461
-0.0245423
0.0285896
-0.0110379
-0.0020344
0.0217774
-0.0050540
0.0243572
-0.0236231
0.0054490
-0.0043078
0.0052098
-0.0013086
0.0284373
0.0156283
-0.0181056
-0.0131940
-0.0222230
0.0149884
0.0133928
0.0107310
-0.0302322
-0.0199272
-0.0218305
0.0034148
-0.0075240
-0.0264618
-0.0304171
0.0253458
0.0129718
0.0155813
0.0099277
0.0139950
0.0109145
-0.0186776
0.0341316
-0.0175647
-0.0098076
-0.0184352
-0.0258357
0.0108551
-0.0133585
-0.0315530
-0.0392756
0.0111191
0.0278064
0.0187504
-0.0000942
0.0179524
0.0349031
0.0383334
0.0213686
0.0054953
-0.0149310
-0.0128380
-0.0131859
-0.0405692
-0.0748159
-0.0577757
-0.0474243
-0.0499465
0.0128574
0.0641635
0.1434163
0.1860171
0.1627365
0.0815409
-0.0289312
-0.1818641
-0.2107326
-0.1726314
-0.0494157
0.0039470
0.0857745
0.1178924
0.0666433
0.0788887
0.0809876
0.0242272
-0.0011890
-0.0263452
-0.0176376
-0.0345127
-0.0601800
-0.0227710
-0.0528179
-0.0323916
-0.0077177
-0.0124905
0.0040369
0.0043564
0.0076715
0.0306873
0.0158164
0.0180010
0.0007696
-0.0268407
-0.0090834
-0.0017458
-0.0171916
-0.0017946
-0.0195197
0.0072511
0.0095021
0.0173503
0.0212271
0.0264760
-0.0207617
0.0219210
0.0091656
0.0206205
0.0086983
-0.0211481
-0.0183032
0.0204923
0.0129858
0.0180870
-0.0082363
0.0052186
0.0004173
-0.0035559
0.0190808
-0.0165321
-0.0097587
-0.0073873
0.0062771
-0.0223464
0.0056979
0.0231588
0.0187964
-0.0200288
0.0078662
-0.0151541
0.0239302
-0.0282467
-0.0078497
0.0295045
0.0084413
-0.0253760
0.0254388
-0.0275946
0.0209788
-0.0158251
-0.0272562
0.0241650
-0.0177418
-0.0091209
0.0197276
-0.0080284
-0.0034494
-0.0144926
-0.0141019
0.0243233
-0.0041995
0.0259127
0.0049087
-0.0040880
0.0221446
-0.0187700
0.0079509
-0.0101102
0.0108870
-0.0056631
-0.0200351
-0.0218526
0.0212601
-0.0260395
0.0157152
-0.0195010
-0.0100866
0.0093911
0.0054194
0.0019257
-0.0262525
0.0166584
-0.0277390
-0.0314075
-0.0133089
-0.0207279
-0.0000974
-0.0314815
0.0101115
0.0162766
0.0043329
-0.0065855
0.0162799
0.0275704
-0.0108096
0.0071796
-0.0069222
-0.0225623
-0.0089380
-0.0124315
-0.0325615
-0.0183271
-0.0231244
-0.0157322
-0.0413434
-0.0321229
-0.0258830
-0.0119757
0.0298152
0.0033312
-0.0028299
0.0476588
0.0402139
0.0000656
0.0006918
-0.0249915
-0.0124681
-0.0090724
-0.0518721
-0.0392328
-0.0253097
-0.0392194
-0.0371329
0.0256591
0.0509556
0.1663242
0.1813467
0.1323924
0.0100874
-0.1068382
-0.1731138
-0.1543443
-0.0966625
-0.0486861
0.0643626
0.1013767
0.0659259
0.0719368
0.0838005
0.0670849
0.0247136
-0.0220695
-0.0293977
-0.0029650
-0.0305047
-0.0334638
-0.0418884
-0.0213402
0.0201181
-0.0183638
-0.0017876
0.0162477
0.0080041
0.0268643
0.0369905
0.0052406
-0.0025782
-0.0157370
0.0105147
-0.0188026
0.0019869
0.0100670
-0.0336612
-0.0349557
-0.0076531
0.0124871
-0.0192967
0.0054726
0.0051825
-0.0020460
0.0243042
-0.0075338
0.0187058
-0.0085955
0.0250578
0.0106249
0.0136655
-0.0182875
0.0087875
0.0125984
0.0123347
-0.0195868
-0.0237403
0.0003362
0.0200699
-0.0159201
0.0184788
-0.0270798
-0.0050163
0.0181822
0.0053435
0.0191113
0.0151079
-0.0174956
-0.0287616
-0.0206932
0.0278899
0.0036609
-0.0271222
0.0198234
-0.0011880
0.0139066
-0.0126309
0.0096154
-0.0141937
0.0172598
-0.0240999
-0.0182586
0.0082984
0.0227317
0.0256740
-0.0069878
-0.0044389
-0.0110356
-0.0071244
0.0267002
0.0057930
0.0269932
-0.0004536
-0.0044446
-0.0106463
0.0071890
-0.0121512
0.0032375
-0.0103437
-0.0034104
0.0102488
0.0015688
-0.0117224
0.0176774
-0.0067661
0.0265681
-0.0214505
-0.0176089
-0.0231046
0.0232394
0.0088437
0.0058411
0.0059915
0.0079476
0.0317707
0.0278457
0.0072592
-0.0087543
0.0255838
-0.0133013
0.0075421
-0.0232409
-0.0140949
-0.0059478
0.0016072
-0.0152221
-0.0335782
-0.0147000
0.0191074
0.0193345
0.0009334
-0.0161837
0.0144203
0.0176638
0.0288801
0.0486564
0.0187464
0.0278789
-0.0206101
0.0119915
-0.0480047
-0.0199831
-0.0344892
-0.0744068
-0.0338449
-0.0463911
0.0067301
0.0329132
0.0807084
0.1644686
0.1438206
0.0456899
-0.0271508
-0.1483851
-0.1603412
-0.1365616
-0.0380875
-0.0172285
0.0466743
0.0859651
0.0847600
0.0718368
0.0622404
0.0445879
0.0103540
0.0064735
-0.0065538
-0.0344674
-0.0544532
-0.0332935
0.0017787
-0.0125202
-0.0276089
0.0164781
0.0127400
0.0019403
0.0138007
0.0162010
0.0291179
0.0202861
0.0221491
0.0237828
0.0152172
-0.0108183
-0.0195367
-0.0299654
0.0109382
-0.0351452
0.0174225
0.0102028
0.0119862
0.0261265
-0.0058307
-0.0026607
0.0043726
-0.0226014
0.0277738
-0.0182624
0.0241895
-0.0100526
-0.0133566
0.0004232
-0.0081295
-0.0032964
-0.0039408
0.0178914
-0.0082744
-0.0141098
0.0003276
0.0112558
-0.0146348
-0.0189536
-0.0277889
-0.0015257
0.0009414
0.0005394
0.0200113
-0.0259151
-0.0049848
0.0275449
0.0230274
0.0013937
-0.0069431
0.0116444
0.0133510
0.0225747
0.0167281
0.0170093
0.0130865
-0.0077399
0.0217919
0.0082067
0.0059748
-0.0068834
-0.0080772
0.0106239
-0.0052370
