0.0581695
0.0143635
-0.0084913
0.0380165
-0.0148549
-0.0255077
-0.0165219
-0.0588491
-0.0490780
-0.0457527
-0.0684693
0.0028383
-0.0339764
0.0523289
0.1451073
0.2977740
0.2513917
0.0769570
-0.1335325
-0.2786563
-0.2268755
-0.1719327
-0.1070630
-0.0761620
0.0043001
0.0944800
0.1469160
0.2105835
0.1109111
0.0685365
-0.0128569
-0.0398414
-0.0264867
-0.0874315
-0.0827388
-0.0591290
-0.0599940
0.0072284
0.0195632
0.0251417
0.0085746
0.0114941
0.0185912
0.0330274
0.0235391
-0.0040447
-0.0077329
0.0016454
-0.0059511
-0.0107033
-0.0246929
-0.0440139
-0.0176082
0.0157483
0.0279830
0.0382590
0.0120725
0.0470597
-0.0212953
0.0413412
0.0159231
-0.0050897
-0.0106839
0.0248290
0.0066476
0.0103059
0.0079709
0.0010632
-0.0380389
-0.0031425
0.0011296
-0.0002396
0.0373281
0.0126524
0.0363936
-0.0044682
-0.0077412
0.0134805
-0.0244498
0.0308160
0.0337198
0.0350284
0.0180229
-0.0318727
-0.0305528
-0.0095556
0.0326272
0.0113451
-0.0341855
0.0019203
0.0047760
0.0251251
-0.0164759
0.0169815
0.0055707
-0.0344405
0.0229490
0.0237443
-0.0226114
-0.0182435
0.0006163
0.0031784
0.0276570
-0.0076560
0.0075007
-0.0148196
0.0065099
-0.0220879
-0.0090302
0.0173085
0.0019306
-0.0373678
-0.0053128
0.0060400
0.0302918
0.0383076
-0.0130119
0.0422592
-0.0196496
0.0194780
-0.0027685
0.0362840
0.0175040
-0.0021481
-0.0365477
-0.0084703
-0.0271609
0.0186068
0.0111829
-0.0375679
-0.0058436
0.0276401
0.0370978
0.0587193
-0.0017735
0.0065780
0.0394211
-0.0166784
0.0247529
-0.0318499
-0.0469572
-0.0675487
-0.0392179
-0.1092374
-0.0934602
-0.0205758
-0.0342714
0.0743284
0.1035442
0.2638546
0.2253247
0.1540026
-0.0581389
-0.1873562
-0.2562165
-0.1402575
-0.1065636
-0.0533869
-0.0615715
0.0523598
0.1216758
0.2300312
0.1660061
0.1093332
0.0300528
-0.0406824
-0.0708265
-0.0665914
-0.0488097
-0.0432033
-0.0435988
-0.0039573
0.0042662
0.0371231
0.0591680
0.0360957
0.0290700
0.0293311
0.0056225
0.0435154
0.0303630
0.0288195
-0.0053517
-0.0448326
-0.0534916
-0.0154798
-0.0045055
0.0234799
-0.0292815
-0.0265364
0.0391348
0.0188942
-0.0067961
0.0016245
-0.0122983
0.0126088
0.0329005
-0.0311764
-0.0351508
-0.0089821
0.0108103
-0.0050973
0.0289659
-0.0377796
-0.0392735
0.0152727
0.0380152
-0.0114600
-0.0063912
-0.0023593
0.0093688
-0.0002789
-0.0071715
0.0164269
-0.0262049
-0.0229336
0.0090882
-0.0309860
-0.0040788
-0.0047650
-0.0096836
-0.0004537
-0.0208783
-0.0327303
0.0043404
0.0318504
0.0225327
0.0129846
0.0197968
-0.0085585
0.0204991
0.0142965
-0.0177288
-0.0094502
-0.0251028
0.0007311
-0.0128406
0.0220438
-0.0266873
-0.0298725
-0.0114164
-0.0011596
0.0080783
-0.0262676
-0.0033862
0.0251696
-0.0212792
-0.0307970
-0.0213526
0.0394030
0.0118365
0.0242079
0.0434001
0.0128048
-0.0159768
-0.0010049
0.0240578
-0.0390423
-0.0461245
-0.0432314
-0.0072592
-0.0250064
-0.0103929
-0.0351254
0.0006508
-0.0050983
0.0219216
0.0329874
-0.0120810
0.0132982
0.0413173
0.0471109
-0.0241516
-0.0235085
0.0023617
0.0027651
-0.0221283
-0.0638714
-0.0758787
-0.0723201
-0.0530107
-0.0305951
0.0512554
0.1078811
0.1629809
0.1661214
0.0130315
-0.1056537
-0.1776933
-0.0931036
-0.0583331
-0.0799671
-0.0889157
-0.1127596
-0.0050242
0.1291879
0.1893411
0.1151350
0.0956555
0.0178233
-0.0120130
-0.0612382
-0.0910667
-0.0617798
-0.0296311
-0.0421341
-0.0153035
0.0300815
0.0407580
0.0548499
0.0310891
0.0270873
0.0043387
0.0299728
-0.0049681
-0.0294323
0.0328405
0.0167252
-0.0445888
0.0081709
-0.0120891
-0.0459443
-0.0041334
-0.0401012
-0.0248641
-0.0009481
0.0198986
0.0290790
0.0111453
-0.0178102
0.0031960
0.0300137
0.0121155
0.0130097
0.0096649
-0.0280613
0.0216891
0.0247640
-0.0355287
-0.0104537
-0.0347326
-0.0097650
-0.0282317
0.0234021
-0.0300322
-0.0087197
0.0287331
0.0169868
-0.0062261
0.0164403
-0.0297505
-0.0205549
-0.0079268
-0.0231478
-0.0103648
0.0097260
-0.0329739
-0.0115241
0.0068816
0.0250410
0.0181150
0.0176125
0.0083614
-0.0038644
-0.0252766
0.0080624
0.0260112
-0.0211970
-0.0307433
-0.0253264
0.0121677
-0.0021748
-0.0237359
0.0283130
0.0297565
0.0318185
0.0136459
0.0010769
0.0092526
0.0281815
0.0071668
-0.0372305
0.0370482
0.0390498
0.0082502
-0.0307073
0.0331813
0.0247575
0.0189420
-0.0114093
-0.0300776
-0.0261763
0.0306381
-0.0004780
0.0065201
-0.0181674
-0.0129086
-0.0217078
0.0072073
0.0131070
-0.0006526
-0.0225720
0.0475231
0.0244397
-0.0074673
0.0200151
0.0237816
0.0096305
-0.0375481
-0.0361330
-0.0153715
-0.0206964
-0.0869594
-0.0382484
0.0059878
-0.0246097
-0.0001709
0.0365811
0.1203625
0.1841211
0.1192008
-0.0525713
-0.1034565
-0.1491995
-0.0300402
-0.0606285
-0.0342929
-0.0696813
-0.0730765
0.0461224
0.1159860
0.1086904
0.0626763
0.0478050
0.0092719
0.0173509
-0.0348995
-0.0167192
-0.0483733
-0.0141464
-0.0347074
-0.0149924
0.0235740
0.0287493
0.0327030
0.0296359
-0.0115626
0.0276183
-0.0006238
-0.0122454
-0.0045851
-0.0264304
0.0221130
-0.0438649
0.0086273
-0.0112090
0.0158838
0.0108607
-0.0342887
0.0069552
-0.0266688
0.0119898
0.0352797
0.0102856
0.0132185
0.0189803
0.0028090
-0.0178802
-0.0049047
-0.0326545
-0.0270791
-0.0151774
-0.0361589
0.0348543
0.0160072
-0.0278919
-0.0133433
-0.0291793
0.0184383
-0.0300411
0.0119100
0.0361735
-0.0296252
0.0347521
0.0162133
0.0316900
-0.0028976
0.0266115
0.0039273
-0.0291908
-0.0348359
0.0200123
-0.0243716
0.0301546
0.0110042
-0.0138373
-0.0356253
0.0036051
0.0238604
-0.0163141
-0.0258004
0.0187571
-0.0307794
0.0276317
0.0003087
0.0075229
0.0370899
-0.0026433
0.0043418
0.0272213
-0.0006070
-0.0106893
0.0155184
0.0114751
0.0065484
-0.0051679
0.0296309
0.0364527
-0.0126300
-0.0179110
-0.0063615
0.0290395
-0.0262094
0.0224261
0.0295049
0.0322673
-0.0050924
-0.0343720
-0.0027645
0.0034434
-0.0230277
-0.0401701
-0.0171538
-0.0168056
0.0032189
-0.0041315
0.0051871
0.0442783
0.0431240
0.0268050
0.0130356
-0.0033917
-0.0222202
-0.0016101
-0.0519372
-0.0990320
-0.0814934
-0.0543777
-0.0472026
-0.0141345
-0.0057299
0.1307296
0.2078589
0.2317890
0.0809261
-0.1079915
-0.2221253
-0.1918831
-0.0731657
-0.0840840
-0.0951959
-0.1072712
-0.0195020
0.1055803
0.1919180
0.1402285
0.0737106
-0.0001302
-0.0374533
-0.0710991
-0.0457543
-0.0497738
-0.0350512
-0.0120799
0.0082362
0.0145040
0.0064933
0.0340470
0.0046995
0.0292568
0.0640884
0.0065880
-0.0173601
0.0417176
0.0283550
0.0108553
-0.0232766
-0.0049365
-0.0007616
0.0093952
-0.0156824
-0.0404744
0.0329910
0.0173000
0.0259627
0.0172565
-0.0044913
-0.0188109
0.0105382
-0.0126413
-0.0018195
-0.0393435
0.0316872
-0.0105042
-0.0323517
0.0115591
-0.0170696
-0.0017040
0.0002012
-0.0140407
-0.0138163
-0.0352795
0.0367429
-0.0163373
-0.0310882
-0.0329181
0.0378786
-0.0287750
-0.0115545
0.0230412
-0.0355007
-0.0120502
-0.0044438
-0.0241858
-0.0050416
0.0153154
-0.0021708
0.0231825
-0.0048105
0.0127118
-0.0029355
-0.0267845
0.0293230
0.0253447
-0.0112973
-0.0141780
-0.0170813
0.0003263
0.0047229
0.0327830
-0.0113358
-0.0077990
-0.0078465
-0.0142279
0.0259221
-0.0247487
0.0166828
0.0105088
0.0283838
0.0380869
0.0189213
0.0201558
0.0164457
0.0334141
0.0439460
-0.0087197
-0.0047441
-0.0077260
-0.0134347
-0.0074641
-0.0028189
-0.0270442
-0.0063574
-0.0385567
-0.0092370
-0.0207026
0.0197580
0.0106640
0.0585622
0.0290629
0.0303663
0.0180523
0.0590744
-0.0010584
-0.0347793
-0.0132605
-0.0355922
-0.0492688
-0.0888231
-0.0499850
-0.0296205
0.0024124
0.0100518
-0.0012808
0.0820964
0.2127095
0.1996315
0.1565920
-0.0540464
-0.2610573
-0.2609122
-0.1722821
-0.0179432
-0.0023938
0.0218874
0.0008460
0.0863380
0.1756004
0.1145315
0.1057760
-0.0216430
-0.0636163
-0.0658542
-0.0792818
-0.0725871
-0.0305354
-0.0140536
0.0154889
0.0300797
0.0086792
-0.0125917
0.0461498
0.0182534
0.0127238
0.0205856
-0.0223669
0.0166516
0.0215063
-0.0372600
-0.0024018
0.0149557
-0.0259692
-0.0216541
0.0182809
0.0019521
0.0201354
0.0286005
0.0018219
0.0261761
0.0134971
-0.0033770
-0.0121342
0.0252903
0.0131593
-0.0104831
-0.0058358
-0.0288803
0.0179447
-0.0370948
-0.0366950
0.0067037
0.0174140
0.0030866
0.0310248
0.0176699
-0.0040568
-0.0289148
-0.0138147
-0.0058146
-0.0213257
-0.0177231
-0.0281542
-0.0153639
-0.0149675
0.0181650
0.0342296
-0.0110704
0.0138468
-0.0179309
-0.0361745
-0.0253075
-0.0329358
-0.0251552
0.0266617
-0.0195420
-0.0375689
0.0317579
0.0072593
-0.0251661
0.0276735
0.0037887
0.0097535
-0.0201061
-0.0069272
-0.0023366
-0.0251288
-0.0259117
-0.0115886
-0.0330638
-0.0136171
0.0201252
0.0289119
0.0183539
0.0102208
-0.0153058
-0.0103209
-0.0149715
-0.0105693
0.0144880
-0.0271825
0.0002046
-0.0398080
-0.0229593
-0.0261946
-0.0220010
-0.0501856
-0.0420426
0.0048551
0.0263134
-0.0149584
0.0210395
0.0572939
0.0669156
0.0411408
0.0266501
-0.0048613
0.0374891
-0.0511617
-0.0464697
-0.0905609
-0.0558671
-0.1135599
-0.1029585
-0.0776227
0.0256972
-0.0096143
0.0828999
0.2171409
0.2764728
0.3156941
0.0719133
-0.1785946
-0.4245461
-0.3939387
-0.2046612
-0.0115260
0.0181969
0.0902092
0.1437539
0.1535315
0.2175329
0.1544319
0.0271544
-0.0265551
-0.0490870
-0.0476153
-0.1166291
-0.0524846
-0.0386299
-0.0098979
0.0220606
0.0404934
0.0117119
0.0431297
0.0389064
0.0122059
0.0294053
0.0109570
-0.0024315
0.0021589
-0.0290801
-0.0574398
0.0117091
-0.0248689
0.0129660
0.0096103
-0.0251394
-0.0190579
-0.0156251
0.0346051
0.0228497
-0.0046924
-0.0164165
0.0017568
0.0094635
0.0013077
0.0147263
-0.0465172
-0.0370438
-0.0276799
0.0262340
0.0141910
-0.0307133
0.0145926
0.0306044
-0.0070128
-0.0068542
0.0174675
0.0086343
-0.0060184
0.0209025
-0.0234660
0.0139154
-0.0377898
0.0015995
-0.0142071
0.0258578
-0.0067296
0.0225701
0.0212283
-0.0221907
-0.0282796
-0.0272451
0.0189507
-0.0194248
-0.0155903
0.0332048
0.0056843
-0.0213493
-0.0109115
-0.0279138
-0.0319499
-0.0331719
0.0233184
-0.0025742
-0.0317305
-0.0236701
-0.0122760
-0.0196601
-0.0175438
0.0066994
0.0019970
-0.0308793
-0.0283949
-0.0044306
0.0064342
-0.0012211
0.0261515
0.0210384
-0.0178695
0.0332772
-0.0074463
-0.0122371
-0.0021260
-0.0248476
0.0069925
-0.0356399
-0.0458512
-0.0233281
-0.0300011
0.0011135
-0.0488191
-0.0157096
0.0181416
0.0036252
0.0185822
0.0593150
0.0756015
0.0100937
0.0392831
0.0505296
0.0308957
-0.0315697
-0.0723669
-0.0664313
-0.0655079
-0.1034034
-0.0807441
-0.0267947
-0.0333912
0.0618992
0.1059939
0.2246629
0.3589068
0.2367945
0.0057643
-0.2638892
-0.3551709
-0.2726933
-0.1509251
0.0133822
0.0443467
0.0580560
0.1289368
0.1707201
0.1810352
0.1031937
0.0124997
-0.0127544
-0.0812052
-0.1115677
-0.0595031
-0.1139914
-0.0671706
-0.0120838
-0.0152334
-0.0157368
-0.0022310
0.0345789
0.0147677
0.0447956
0.0433549
0.0349648
-0.0154790
-0.0362331
-0.0129707
-0.0011274
-0.0153286
-0.0084362
-0.0368322
-0.0531636
-0.0169340
0.0374242
-0.0059539
-0.0175601
0.0061748
-0.0060920
-0.0000735
-0.0100143
-0.0237335
0.0097977
-0.0386089
-0.0223877
-0.0268969
0.0083783
0.0186353
-0.0247637
0.0102091
-0.0267290
0.0152604
0.0060420
-0.0267311
-0.0209800
-0.0313942
-0.0182823
-0.0334321
0.0314795
0.0280535
-0.0241792
0.0035794
-0.0047099
-0.0302999
0.0041496
0.0162141
-0.0091738
-0.0283230
-0.0216617
0.0296303
-0.0271751
-0.0065038
0.0219213
-0.0334095
-0.0415728
-0.0159736
0.0341535
0.0068686
0.0372337
0.0240764
0.0382921
-0.0073666
0.0342183
0.0050579
0.0307000
0.0264622
0.0099236
-0.0313236
-0.0373798
-0.0313370
-0.0074243
0.0026787
0.0303380
-0.0339418
0.0074985
0.0401047
0.0019538
0.0312059
0.0022679
0.0184417
-0.0080254
-0.0084352
-0.0107809
-0.0463999
0.0133110
-0.0177276
-0.0432056
-0.0575215
0.0068002
0.0271165
0.0221618
-0.0128400
0.0310113
0.0205757
0.0178386
0.0574659
0.0407941
0.0178135
-0.0155345
-0.0240604
-0.0832094
-0.0315560
-0.0650204
-0.1197477
-0.0337172
-0.0518175
-0.0171823
0.0017616
0.1472683
0.2456665
0.2744449
0.2213341
-0.0059266
-0.2599447
-0.3482357
-0.2290503
-0.1464666
-0.0060259
-0.0438937
0.0695787
0.1478036
0.2049210
0.2267893
0.0912815
0.0183901
-0.0023625
-0.0238756
-0.0459478
-0.1163777
-0.1020166
-0.0622432
-0.0621601
0.0084956
0.0082644
0.0083573
0.0438705
0.0729481
0.0786429
0.0185950
-0.0045320
0.0277958
-0.0352321
-0.0364754
0.0086350
-0.0430278
-0.0091591
-0.0484243
-0.0470870
0.0114926
0.0074158
-0.0174273
0.0494665
-0.0182202
-0.0151344
0.0409748
-0.0089275
0.0070319
-0.0063457
0.0002779
-0.0044685
0.0008025
-0.0103876
-0.0258189
-0.0089358
0.0260843
0.0275421
-0.0109556
-0.0057715
-0.0000207
0.0072473
0.0170584
-0.0248029
-0.0112439
0.0341767
-0.0340360
0.0183496
0.0028808
-0.0151314
-0.0192963
0.0131208
0.0191900
-0.0222373
-0.0264504
0.0283668
-0.0114693
0.0078486
-0.0207370
0.0257104
-0.0072574
0.0320592
0.0073005
-0.0014397
-0.0184965
-0.0045930
-0.0074618
-0.0288068
-0.0006235
0.0017391
-0.0353017
0.0062887
0.0145548
-0.0187947
0.0344378
0.0165854
0.0200240
0.0205962
0.0235312
0.0032486
-0.0196576
-0.0339212
0.0365225
-0.0011346
-0.0086485
0.0019142
0.0342304
0.0282445
0.0139476
-0.0103051
-0.0177113
0.0087638
-0.0210170
0.0096767
0.0121766
-0.0360983
-0.0143696
0.0060695
0.0192697
0.0334397
0.0549928
0.0576293
0.0194516
0.0412799
0.0183981
0.0261614
0.0011163
-0.0389495
-0.0681835
-0.0947894
-0.0677944
-0.0958509
-0.0321499
0.0095460
0.0510739
0.1350385
0.2520644
0.3376033
0.2251468
-0.0057706
-0.2409366
-0.3052690
-0.2229862
-0.1479168
-0.0453645
-0.0527251
0.0334077
0.1026517
0.2283417
0.1580902
0.1095461
0.0508166
-0.0418317
-0.0809773
-0.0983040
-0.0813598
-0.0732738
-0.0772493
-0.0672749
-0.0322903
-0.0141539
0.0501105
0.0275172
0.0106827
