0.0175043
-0.0216692
-0.0120800
-0.0191083
0.0205204
0.0322909
0.0010252
0.0051772
0.0241693
-0.0237388
0.0161634
-0.0177827
-0.0144161
-0.0117043
-0.0298342
-0.0302772
-0.0081774
-0.0263186
-0.0347023
-0.0111759
-0.0159393
0.0057466
-0.0252885
-0.0338593
0.0390434
-0.0102667
-0.0069327
0.0319017
0.0346743
0.0000283
-0.0085139
-0.0245680
-0.0204297
-0.0360532
-0.0278956
-0.0050576
-0.0026055
0.0015084
0.0230659
-0.0160718
-0.0306563
-0.0102782
-0.0313054
0.0416059
0.0410309
-0.0234918
-0.0133091
0.0192218
0.0223645
0.0067721
0.0210375
-0.0291480
0.0233659
-0.0535428
-0.0253928
-0.0321686
-0.0286913
0.0001231
-0.0261201
0.0155148
0.0379403
0.0198541
0.0674007
0.0478545
-0.0022037
-0.0207333
-0.0363920
0.0070532
-0.0417270
-0.0345709
-0.0461857
-0.0609548
-0.0634025
-0.0378800
-0.0129255
0.0359047
0.0781283
0.1502940
0.2406055
0.2045958
-0.0229820
-0.2061593
-0.3532295
-0.2542123
-0.0632020
-0.0039429
0.0224357
0.0651454
0.0436275
0.1394438
0.1853542
0.1090523
-0.0108008
-0.0191101
-0.0171345
-0.0679784
-0.0911999
-0.0889600
-0.0838171
-0.0601180
0.0262507
0.0177651
0.0447764
0.0707629
0.0085114
0.0595388
-0.0048027
0.0219723
-0.0088826
-0.0102626
-0.0252991
-0.0100073
-0.0378388
-0.0563131
-0.0171722
-0.0405067
-0.0066299
-0.0231787
-0.0292785
-0.0062793
-0.0000915
0.0036545
0.0441881
-0.0155535
0.0431052
0.0194752
-0.0406392
-0.0069391
-0.0179171
0.0277913
-0.0326811
-0.0365377
0.0321506
-0.0276079
0.0339744
0.0245851
-0.0314007
-0.0299096
0.0172084
0.0378381
-0.0299529
0.0273680
0.0109854
0.0123917
-0.0218626
-0.0142476
0.0217035
0.0197377
0.0250780
0.0321603
0.0296135
0.0314791
0.0181827
-0.0012589
-0.0199276
-0.0263354
-0.0184537
0.0227622
0.0340966
0.0156093
0.0115081
0.0139737
-0.0326410
-0.0109910
0.0088592
-0.0180692
-0.0181879
0.0135703
-0.0234101
-0.0188344
0.0057350
0.0031235
-0.0077233
0.0186263
0.0333544
0.0112342
0.0126570
0.0402067
0.0358975
0.0402550
-0.0126475
-0.0007877
-0.0254589
0.0118530
-0.0310331
-0.0077604
0.0132116
-0.0342584
0.0035740
0.0223124
-0.0029365
-0.0130046
0.0395909
0.0623940
0.0223656
0.0025496
0.0130351
0.0309899
0.0287060
-0.0521599
-0.0250619
-0.0761333
-0.1178254
-0.1134354
-0.1039750
-0.0576351
-0.0201749
0.0315433
0.0689999
0.2236072
0.3124176
0.2367184
0.0411703
-0.2565258
-0.3188817
-0.2535336
-0.0968322
-0.0014977
-0.0108269
0.0296510
0.1074291
0.1496349
0.2208589
0.0924561
0.0096076
-0.0445509
-0.0903160
-0.0879519
-0.0998510
-0.1061859
-0.0513722
-0.0008943
0.0081408
0.0146141
0.0144624
0.0725825
0.0396612
0.0406627
0.0426090
-0.0082764
0.0242898
-0.0318387
-0.0310326
-0.0032849
-0.0195174
-0.0349826
-0.0265774
0.0048363
0.0007993
0.0012990
-0.0112886
-0.0046018
0.0212470
-0.0115577
-0.0014268
-0.0098360
-0.0058636
-0.0267896
0.0083584
0.0255537
-0.0055307
-0.0428825
-0.0290548
-0.0216752
-0.0367342
-0.0023505
-0.0289161
0.0048160
0.0114974
-0.0158445
0.0234348
0.0025577
0.0088755
0.0152031
0.0003687
-0.0203112
0.0234924
0.0163429
-0.0137092
0.0083846
-0.0231583
-0.0284026
-0.0226472
-0.0298840
-0.0268449
0.0161004
-0.0320635
0.0017051
-0.0104975
-0.0219848
-0.0003428
-0.0171999
-0.0188757
-0.0144934
0.0304188
-0.0131486
0.0138373
0.0012850
0.0239945
0.0257888
-0.0343300
-0.0143604
-0.0222347
-0.0156995
0.0096644
-0.0138575
-0.0154289
0.0405600
-0.0219722
-0.0227389
0.0390355
0.0169508
0.0322638
-0.0095719
-0.0360431
0.0141280
-0.0156459
-0.0307620
0.0057269
0.0067933
0.0167832
-0.0451644
-0.0212711
0.0357147
-0.0146681
0.0491695
0.0236966
0.0355407
0.0529059
-0.0079976
-0.0030573
0.0024911
-0.0235502
-0.0623037
-0.0806843
-0.0709335
-0.0712324
-0.0960069
-0.0562887
-0.0181393
0.0647123
0.1575101
0.2318215
0.3017842
0.1444701
-0.0965660
-0.2817817
-0.3427769
-0.1925762
-0.1003846
-0.0644697
0.0196536
0.0299646
0.1728893
0.2495840
0.1418223
0.0852737
-0.0062011
-0.0691442
-0.0369719
-0.0884582
-0.1184856
-0.0691351
-0.0545637
-0.0297075
0.0105627
-0.0004196
0.0013100
0.0493220
0.0088127
0.0025294
0.0016569
-0.0079951
0.0297927
0.0221561
-0.0488843
-0.0092314
-0.0051947
0.0020486
-0.0495812
-0.0210715
-0.0211918
0.0019587
0.0365104
0.0018869
0.0290111
-0.0223624
0.0018089
-0.0065602
-0.0015276
0.0135694
0.0091390
0.0232125
0.0236229
-0.0377754
-0.0292944
-0.0239903
-0.0204602
-0.0015414
-0.0259609
-0.0249049
0.0154294
0.0362783
0.0163490
0.0074377
-0.0053814
0.0199608
0.0359619
0.0121980
0.0193282
-0.0376039
-0.0339096
-0.0160678
0.0189311
0.0144730
-0.0170578
0.0066796
-0.0002277
0.0122329
0.0174855
0.0300481
0.0130873
0.0187208
0.0309130
0.0369451
-0.0274224
-0.0252144
0.0035174
-0.0058751
0.0267712
0.0129757
-0.0115622
-0.0051637
-0.0297679
-0.0177493
-0.0368468
0.0214776
0.0201345
-0.0254486
0.0110170
0.0017101
-0.0218889
0.0287106
0.0502791
-0.0237066
0.0094282
0.0123519
-0.0308565
-0.0240175
-0.0166069
-0.0414252
-0.0131741
0.0152147
0.0171917
-0.0146664
0.0002291
0.0214529
0.0570951
0.0124842
-0.0010963
0.0245506
0.0625442
0.0234320
0.0262214
-0.0214363
-0.0008786
-0.0290411
-0.0840668
-0.0673558
-0.0912204
-0.0693646
0.0002204
0.0071319
0.1091206
0.1563544
0.2658457
0.2076789
0.0330650
-0.1539056
-0.2898897
-0.2556896
-0.1223123
-0.0903926
-0.0857005
-0.0440467
0.0903908
0.2071318
0.1709306
0.1077396
0.0352878
-0.0278738
-0.0392811
-0.0555032
-0.1089791
-0.0949490
-0.0951506
-0.0370818
-0.0208247
0.0157964
0.0144579
0.0071817
0.0786353
0.0651756
0.0613374
0.0549167
0.0002794
-0.0105519
0.0008076
-0.0369878
-0.0293673
-0.0565158
-0.0250958
-0.0031119
-0.0319190
0.0341050
0.0430913
0.0088461
0.0507372
0.0529405
0.0277353
0.0168749
0.0244753
-0.0275698
-0.0284049
0.0181267
-0.0236015
-0.0416349
-0.0441183
-0.0287783
0.0294103
-0.0200919
-0.0328299
-0.0238139
0.0397049
-0.0299185
0.0131382
0.0393434
-0.0282376
0.0088252
0.0317570
-0.0358248
0.0085304
0.0171267
-0.0100016
-0.0332285
0.0208376
-0.0093491
-0.0318594
0.0134659
-0.0092450
-0.0192873
-0.0211967
-0.0125727
0.0200877
-0.0067830
0.0063185
-0.0209929
-0.0182507
0.0279113
0.0286155
0.0378016
-0.0048680
-0.0353549
0.0250958
-0.0224926
-0.0085143
0.0152640
-0.0132841
0.0219235
-0.0412673
-0.0111231
-0.0034071
0.0289926
0.0034514
0.0412973
0.0244409
0.0387590
0.0173490
-0.0218381
0.0214298
-0.0068990
-0.0375429
-0.0465304
-0.0385313
-0.0046347
-0.0081177
-0.0068085
-0.0375144
-0.0127136
-0.0092095
0.0493959
0.0412525
-0.0022767
0.0111310
0.0158242
0.0303767
-0.0251199
0.0112621
-0.0056272
-0.0875330
-0.0760804
-0.1024239
-0.0865701
-0.0513204
0.0142968
-0.0001884
0.1209161
0.1628676
0.2434169
0.2124838
0.0293452
-0.2033168
-0.2425197
-0.1820248
-0.1059613
-0.1009016
-0.0540126
-0.0123431
0.1200201
0.1634425
0.1902316
0.1323488
0.0348945
0.0246785
-0.0592192
-0.0516702
-0.0740741
-0.0593435
-0.0387903
-0.0728569
-0.0419819
0.0010008
0.0007431
0.0350521
0.0415143
0.0763011
0.0418961
0.0442250
0.0179400
0.0180180
0.0264863
-0.0405046
-0.0506597
-0.0529631
0.0022202
-0.0469841
-0.0294699
0.0155298
0.0177562
-0.0268761
0.0431591
0.0301576
0.0425443
0.0376755
0.0433732
-0.0130541
-0.0297572
-0.0311034
-0.0123195
0.0151934
-0.0012713
-0.0096157
-0.0255534
-0.0165283
0.0148822
-0.0211577
-0.0243174
-0.0017756
0.0248020
0.0258750
0.0077438
0.0173670
-0.0289579
0.0107654
-0.0228696
0.0030299
0.0097797
-0.0131977
-0.0006879
-0.0211400
-0.0053164
-0.0239156
0.0234433
-0.0124118
-0.0248010
-0.0139419
0.0114677
0.0259836
-0.0041855
0.0294887
-0.0015552
0.0118299
0.0110110
-0.0329148
-0.0205043
-0.0067629
0.0272267
0.0117853
-0.0133650
0.0172418
-0.0084226
-0.0390701
0.0015427
-0.0162397
-0.0076241
0.0240268
0.0237514
-0.0112189
0.0297466
0.0104398
-0.0268287
-0.0090916
0.0369267
0.0409629
0.0311400
-0.0231506
-0.0035214
-0.0193979
0.0047848
-0.0331779
-0.0337658
0.0235326
0.0022496
-0.0196700
-0.0200692
0.0515619
0.0461474
-0.0064351
-0.0058445
0.0323219
-0.0010176
0.0000181
-0.0239236
-0.0649872
-0.0305383
-0.0950047
-0.0455214
-0.0628981
0.0092358
-0.0336335
0.0296595
0.1333755
0.1599550
0.1490032
0.0751382
-0.0676610
-0.1473859
-0.0812747
-0.0689539
-0.0488274
-0.1098540
-0.0589541
0.0076184
0.0913157
0.1809455
0.1711661
0.0962964
0.0413068
-0.0449137
-0.0675466
-0.0257666
-0.0572201
-0.0474267
-0.0744431
0.0108165
-0.0111269
0.0063823
0.0297286
0.0358404
0.0631332
0.0583990
0.0409799
-0.0021084
0.0374619
0.0278887
-0.0197852
-0.0383053
-0.0524204
-0.0056899
0.0023105
-0.0395670
-0.0117173
-0.0072830
-0.0171918
0.0243365
-0.0132527
-0.0136787
-0.0079276
0.0033964
0.0332276
-0.0108072
-0.0239131
-0.0049349
-0.0163189
0.0264817
-0.0045265
-0.0065544
-0.0207522
-0.0018660
0.0232431
0.0069386
0.0190422
-0.0347895
-0.0224795
-0.0191979
0.0225427
0.0210432
-0.0235366
-0.0253980
-0.0248887
-0.0328818
0.0357985
-0.0163313
-0.0301747
-0.0216330
0.0221644
0.0359015
-0.0182357
-0.0228168
0.0191011
-0.0221526
0.0173166
-0.0131870
0.0006424
-0.0071490
-0.0012291
-0.0330249
0.0115614
-0.0313295
0.0282647
-0.0339759
0.0253387
0.0349362
-0.0183323
-0.0224186
0.0055092
-0.0238291
0.0124159
0.0326664
-0.0284014
0.0205926
-0.0081880
-0.0031692
0.0148646
0.0343352
-0.0296146
0.0152847
-0.0063774
-0.0402499
-0.0282634
-0.0074051
0.0110024
-0.0165739
-0.0078124
-0.0296504
-0.0084923
0.0139118
0.0333206
-0.0000599
0.0645214
0.0547854
0.0270700
0.0533848
0.0429677
-0.0109835
-0.0151008
-0.0040617
-0.0839369
-0.0959355
-0.0874202
-0.0202817
-0.0226329
0.0072888
0.0028314
0.1239700
0.2661411
0.2461457
0.1270944
-0.1018329
-0.2108784
-0.2534744
-0.1505969
-0.0549608
-0.0309520
-0.0078743
0.0532608
0.1534141
0.1609760
0.2003733
0.0853897
0.0475043
-0.0087059
-0.0138756
-0.0567191
-0.0635628
-0.0490951
-0.0539310
-0.0405345
-0.0242431
0.0274100
0.0121147
0.0080993
0.0084704
0.0202674
0.0198311
0.0444470
0.0051864
-0.0306348
-0.0106028
-0.0435372
0.0101117
-0.0005923
-0.0539615
-0.0165697
0.0291486
0.0037680
0.0332589
-0.0106664
0.0369823
-0.0156056
0.0052595
0.0348469
-0.0287140
0.0026497
0.0312590
0.0177170
0.0250459
0.0046903
-0.0311706
0.0201305
0.0166385
0.0148729
-0.0359362
-0.0038634
0.0143637
-0.0160289
0.0374842
0.0094165
0.0090282
0.0261224
-0.0235588
0.0172082
-0.0088420
0.0234090
-0.0223276
-0.0001329
0.0299902
0.0159594
-0.0203393
-0.0338296
-0.0336224
0.0305234
-0.0013263
0.0131497
0.0299136
-0.0303833
-0.0044916
0.0110668
0.0241363
-0.0334496
-0.0312119
-0.0334977
-0.0348052
-0.0341454
0.0027904
0.0072060
-0.0088071
-0.0382575
-0.0324825
0.0011733
0.0130025
0.0059327
-0.0370918
-0.0146099
0.0343667
-0.0180235
0.0294173
0.0111216
-0.0264785
-0.0162153
-0.0267462
0.0175509
0.0145429
0.0060189
-0.0152854
0.0112101
-0.0116548
0.0081378
0.0228575
0.0039185
-0.0201709
0.0352249
-0.0020238
0.0005742
0.0062658
0.0417407
-0.0015781
0.0048239
-0.0271565
-0.0389417
-0.0401466
-0.1050898
-0.0370514
-0.0192024
-0.0384804
-0.0055787
0.0203743
0.1199925
0.2459861
0.2414245
0.1217483
-0.1180637
-0.2374760
-0.1907665
-0.1520425
-0.0376281
-0.0981570
-0.0957204
-0.0034034
0.1441254
0.1679125
0.1806260
0.0764888
0.0325620
-0.0101899
-0.0117179
-0.0342368
-0.0379333
-0.0472980
-0.0240980
-0.0105151
0.0226436
0.0084621
0.0152528
0.0449211
0.0438473
0.0113170
0.0619835
0.0394566
-0.0267501
0.0211620
0.0086018
-0.0304056
-0.0154336
-0.0254251
0.0083374
-0.0345775
-0.0079220
0.0214126
-0.0300826
-0.0051202
-0.0058362
0.0286485
0.0463976
0.0097115
-0.0009539
-0.0265602
0.0252988
-0.0139487
0.0037887
-0.0430485
0.0148706
-0.0285571
0.0263867
-0.0308511
0.0077912
-0.0017926
-0.0347852
-0.0196861
0.0026665
0.0157285
-0.0047362
0.0142966
0.0321433
-0.0291000
0.0342247
-0.0017682
-0.0171678
-0.0189567
-0.0139978
0.0287846
-0.0351723
0.0311269
0.0072277
0.0245280
-0.0119221
0.0176863
0.0011600
0.0066169
0.0355741
0.0173824
0.0236043
0.0131740
0.0173522
-0.0066826
0.0207607
0.0040287
-0.0064446
0.0228953
-0.0058384
-0.0431628
-0.0333750
0.0111159
-0.0268248
0.0040232
0.0226571
-0.0155285
-0.0141530
0.0483700
0.0288438
0.0427201
-0.0272200
-0.0097499
0.0046465
-0.0051005
-0.0423238
0.0068447
-0.0447933
-0.0335713
0.0155038
0.0120685
-0.0084450
0.0370385
0.0478820
0.0695693
0.0469945
0.0027527
-0.0104425
-0.0056652
-0.0386969
-0.0129207
-0.0475660
-0.0650647
-0.0996632
-0.0315547
-0.0788526
-0.0087441
0.0252380
0.0185840
0.1640396
0.2616884
0.2595260
0.0949999
-0.0924512
-0.3022795
-0.2755901
-0.1116744
-0.0412221
-0.0099372
-0.0324853
0.0141503
0.1324997
0.1606836
0.1082902
0.0381791
0.0257319
-0.0308404
-0.0886059
-0.0906262
-0.0579072
-0.0883404
-0.0341023
-0.0316553
-0.0205358
0.0326084
0.0372180
0.0166275
0.0690597
0.0222388
-0.0132906
-0.0033352
0.0368194
-0.0030901
0.0113649
-0.0368145
-0.0093896
-0.0432071
-0.0092720
0.0048743
0.0200739
-0.0301622
0.0085215
-0.0081688
0.0343835
0.0256500
0.0197948
0.0182335
-0.0004177
-0.0058443
-0.0303502
-0.0155086
-0.0199054
0.0125062
-0.0259301
-0.0308006
-0.0237214
0.0153122
0.0306641
0.0361132
-0.0282349
0.0090247
-0.0157405
0.0275162
0.0340108
0.0169217
-0.0010749
-0.0303109
0.0018415
-0.0044825
-0.0135599
-0.0297229
0.0053998
0.0279890
0.0040813
0.0003352
-0.0331420
-0.0275892
0.0304302
0.0339765
-0.0048482
-0.0128948
-0.0193305
0.0229752
0.0245380
0.0404873
-0.0201217
-0.0058492
-0.0123717
-0.0329701
0.0078497
-0.0018945
-0.0289178
-0.0344972
0.0104199
-0.0285149
-0.0337464
-0.0015346
0.0289413
0.0208292
0.0342798
0.0227523
0.0269660
0.0427039
-0.0005275
-0.0201253
-0.0116423
0.0256873
-0.0165705
-0.0137521
-0.0225983
