0.0290661
0.0845931
0.0012567
0.0693293
-0.0121316
0.0385038
0.0714322
-0.0723007
0.0312425
0.0437734
0.0770687
0.0282943
-0.0713870
-0.0751356
0.0459345
-0.0739415
-0.0039426
-0.0696241
-0.0062193
-0.0061893
0.0886672
0.0589679
-0.0484761
-0.0112421
0.0768238
-0.0501486
0.0455736
-0.0174593
0.0610262
-0.0090097
-0.0041771
0.0718992
-0.0418332
0.0008402
-0.0772510
-0.0838277
-0.0140031
0.0486962
0.0676419
-0.0568458
0.0240740
0.0191451
-0.0349392
-0.0465567
0.0478897
0.0426718
-0.0301477
-0.0124705
-0.0291133
0.0518781
0.0363783
-0.0390277
0.0219136
-0.0615288
0.0231406
-0.0168850
0.0052825
-0.0319839
0.0552866
0.0433752
-0.0580266
-0.0760273
0.0168449
0.0851942
-0.0535240
0.0305927
0.0495873
0.0053036
-0.0695927
-0.0320077
-0.0801139
0.0088811
-0.0620354
0.0330939
-0.0659556
-0.0068893
-0.0323068
0.0663461
-0.0566941
0.0596479
0.0683306
-0.0162461
0.1278881
0.0171679
0.0410219
0.0864678
0.0612809
-0.1021969
-0.0879558
-0.1979538
-0.1563062
-0.2705512
-0.1637802
0.0276552
0.1845983
0.5194427
0.3874907
0.2006268
-0.0483854
-0.3151937
-0.2054019
-0.2169732
-0.0624264
-0.0635974
0.0304606
0.0065853
0.1003026
0.0108142
0.0533766
0.0504176
0.0653299
0.0406596
0.0155336
0.0166011
-0.0957459
0.0458804
-0.0419275
-0.0882867
-0.0439000
-0.0690055
-0.0681151
-0.0814531
-0.0029998
-0.0185501
0.0036073
0.1024242
-0.0348302
-0.0752057
-0.0176429
0.0618571
-0.0721418
-0.0458547
-0.0420890
-0.0995172
0.0328788
-0.0374123
-0.0605990
-0.0642728
-0.0324532
-0.0659764
-0.0398807
0.0684877
0.0772201
0.0898887
0.0477809
0.0456426
-0.0731732
-0.0691642
-0.0545571
-0.0115436
0.0658674
0.0295485
-0.0262163
0.0551683
-0.0331489
0.0384445
0.0320492
-0.0616833
0.0485454
0.0047460
0.0433312
-0.0567222
0.0019970
-0.0012574
-0.0461491
0.0372956
-0.0502651
0.0415493
0.0174741
0.0740862
0.0002979
-0.0095629
-0.0374764
0.0562890
-0.0019379
0.0325696
-0.0348871
-0.0383975
-0.0490072
-0.0281459
0.0240591
-0.0389586
0.0808738
-0.0529576
0.0526138
0.0309925
-0.0634426
-0.0834560
-0.0189265
0.0336247
0.0333324
0.0324877
0.0279037
-0.0514976
0.0313143
-0.0084250
-0.0715082
0.0067954
0.0782259
0.0405701
-0.0532659
0.0121228
0.0518198
0.0762787
0.0143329
0.0637237
-0.0262714
0.0106396
-0.0752338
-0.0432230
-0.0096511
-0.0322208
0.0869652
0.0068519
0.0044846
-0.0298306
0.0022791
-0.0524977
-0.0902918
0.0271558
-0.0107603
-0.0206287
-0.0674863
-0.0782938
0.0739886
-0.0782695
-0.0819612
-0.0096530
0.0052868
0.0444076
0.0609042
-0.0231777
0.0578280
-0.0472994
0.0717199
-0.0889916
-0.0628332
-0.0799814
-0.0861140
0.0310418
-0.0289038
0.0244950
0.0078033
0.0198359
0.0230164
0.0540245
0.0422359
-0.0174168
0.0626862
0.0484030
-0.0413246
0.0304522
-0.0371844
0.0531799
-0.0494708
-0.0271473
-0.0139502
0.0155044
0.0969411
0.0616354
-0.0111768
0.0708216
0.0458532
-0.0658285
0.0101647
-0.0579191
-0.0414557
-0.0825614
-0.0749543
0.0149899
-0.0735262
0.0557509
0.0558091
0.1112676
0.0925858
0.1179147
0.0413922
0.1094761
-0.0527370
0.0372478
-0.1359843
-0.1571492
-0.2514335
-0.3426062
-0.1910521
-0.0268484
0.2454393
0.4639777
0.5703342
0.2228793
-0.0909736
-0.3793409
-0.2392322
-0.1446194
-0.1194757
-0.0460078
-0.0410847
0.0397997
0.0290033
0.0882687
0.1434674
0.0912794
0.0046624
-0.0530433
0.0706260
0.0410722
-0.0235954
-0.0108090
-0.0516672
-0.0148160
0.0188780
-0.0947929
-0.0553685
0.0243723
0.0438121
-0.0485923
-0.0456250
0.0995768
0.0165886
0.0217300
-0.0811588
-0.0706889
-0.0476100
0.0208649
-0.0016742
-0.0716445
-0.0991602
-0.0036200
-0.0120520
-0.0458882
-0.0069947
0.0772054
-0.0328028
0.0945188
0.0468790
0.0708465
-0.0632360
-0.0424696
-0.0165057
-0.0116246
-0.0522697
0.0430542
0.0800293
0.0551918
-0.0159044
0.0127719
-0.0391082
-0.0423545
-0.0607983
-0.0714605
0.0171559
-0.0108648
0.0446718
0.0580101
0.0810013
0.0237442
0.0263117
0.0782217
-0.0462920
0.0009569
0.0212907
0.0461815
0.0816221
-0.0692144
-0.0595079
0.0449430
-0.0088158
-0.0871034
-0.0475909
-0.0410146
0.0664612
-0.0100253
0.0299396
0.0553822
-0.0509818
-0.0414031
-0.0385423
0.0750866
-0.0062134
-0.0401058
0.0046251
-0.0509920
0.0884368
0.0414442
-0.0518237
-0.0798023
-0.0528172
-0.0024718
-0.0113391
0.0403879
0.0838125
-0.0364070
-0.0082339
-0.0307086
-0.0863879
-0.0745611
-0.0845407
-0.0384720
-0.0381612
-0.0390098
0.0465203
0.0535103
-0.0880133
0.0405076
-0.0803529
0.0467236
0.0377434
0.0496785
-0.0239226
0.0504403
0.0006345
0.0758329
-0.0095747
0.0018332
0.0118797
0.0427232
-0.0653215
-0.0439094
0.0188282
0.0038694
-0.0588052
0.0691771
-0.0051672
0.0506984
0.0258823
-0.0860670
0.0537472
0.0754234
-0.0781648
-0.0296935
-0.0064826
-0.0586589
0.0677602
-0.0651307
0.0659147
-0.0370823
-0.0795733
0.0716473
-0.0354782
0.0873855
-0.0167527
-0.0778667
0.0810953
0.0168089
-0.0660393
-0.0115564
-0.0578745
0.0106002
0.0592790
-0.0873779
0.0588774
-0.0123464
-0.0487468
0.0496815
0.0584004
0.0621836
0.0459780
0.0572792
0.0737924
0.0253209
-0.0769564
-0.0215572
-0.0660519
0.0032282
-0.1094196
-0.0077103
0.0376157
-0.0646010
-0.0053909
0.1191978
0.0184273
0.1642364
0.0151614
0.0310792
0.1287223
0.0319652
-0.0202746
-0.0640438
-0.1885121
-0.2944814
-0.3609352
-0.1841078
0.1426477
0.3289345
0.4561385
0.3141806
0.2214863
-0.0818140
-0.2922667
-0.2664511
-0.1110614
-0.1519009
-0.0297594
0.0607028
0.0636609
0.1102128
0.0777603
0.1273961
0.1010893
-0.0157428
-0.0428649
-0.0556674
-0.1059886
-0.0600552
-0.0709735
0.0012835
-0.0413760
-0.0694957
0.0272421
-0.0899920
-0.0327511
0.0507078
0.0626517
-0.0232835
0.0280431
0.0660508
0.0465843
0.0759389
0.0605537
-0.0810179
-0.0118653
0.0285954
0.0231444
-0.0564209
0.0126248
0.0609532
-0.0286607
0.0615016
0.0188886
0.0286545
0.0078141
-0.0701404
0.0807378
0.0334074
-0.0537576
-0.0774641
0.0390055
0.0824895
0.0713954
0.0594697
-0.0276560
0.0742126
0.0218276
0.0800054
-0.0073652
-0.0746002
-0.0028060
-0.0660896
-0.0007676
-0.0837971
0.0810193
0.0258271
-0.0323010
-0.0662860
-0.0020653
-0.0451789
0.0004158
0.0012641
0.0215340
0.0296347
-0.0648631
-0.0605631
-0.0515077
-0.0623433
0.0214274
0.0814359
0.0311725
-0.0032647
-0.0480255
0.0231830
0.0179948
-0.0455276
0.0285581
-0.0574511
-0.0360922
-0.0755652
-0.0364350
-0.0473411
-0.0837695
-0.0162286
-0.0706894
-0.0430063
-0.0366326
-0.0819961
-0.0217919
0.0541967
-0.0418629
0.0599418
-0.0201350
-0.0516450
0.0088489
0.0781500
0.0756984
-0.0331200
0.0058869
-0.0037199
-0.0322717
-0.0782728
-0.0742058
0.0556861
0.0774996
0.0338676
-0.0603808
-0.0502757
-0.0473843
0.0447791
0.0458311
0.0189142
0.0119406
0.0059000
-0.0574774
-0.0876629
0.0802824
-0.0831207
0.0325755
0.0797224
-0.0056899
-0.0723695
-0.0111188
-0.0123422
0.0734106
-0.0740302
0.0134030
-0.0253506
-0.0085804
-0.0734606
-0.0067248
0.0142562
-0.0305300
-0.0865723
-0.0861562
0.0722785
0.0581477
-0.0536888
-0.0203398
-0.0385483
0.0235939
0.0590282
-0.0615247
0.0371727
0.0752678
0.0884286
-0.0572245
-0.0819471
-0.0582649
0.0224618
-0.0225692
0.0639291
0.0212631
-0.0597571
-0.0909772
-0.0381236
-0.0791349
0.0431957
-0.0746056
0.0015981
0.0388758
0.0512429
-0.0007113
0.0657338
-0.0375878
0.0613068
0.0725297
-0.0906901
0.0359962
-0.0257252
-0.0200424
-0.0964929
-0.0555766
-0.0327956
-0.0420313
-0.0537896
0.0005654
0.0508033
-0.0003129
0.1564453
-0.0037297
0.1213530
0.0424794
0.0089500
-0.1535208
-0.2383445
-0.2737388
-0.1223072
-0.0874890
0.1459577
0.2994995
0.4799265
0.3014919
0.0208767
-0.1678832
-0.2726205
-0.1553465
-0.1377429
-0.0406351
-0.0595041
0.0463648
0.0738929
0.0770139
0.0930716
0.0285755
0.1258439
-0.0395802
0.0184206
0.0459803
-0.0500639
-0.0501069
0.0158839
0.0181830
-0.0769335
-0.0551643
0.0602906
0.0070019
-0.0720190
-0.0451259
-0.0423434
-0.0502267
0.0979387
0.0455593
0.0258029
0.0267580
0.0638325
0.0273264
-0.0666259
-0.0515560
-0.0021152
0.0248019
-0.0531978
-0.0869851
0.0570481
0.0411332
-0.0328169
-0.0245906
0.0703920
-0.0720721
0.0511249
0.0709274
-0.0346954
-0.0617675
0.0270793
0.0201431
-0.0104300
0.0013379
0.0704476
0.0420702
-0.0309183
-0.0395402
-0.0211833
-0.0061220
0.0136486
0.0027002
-0.0178144
-0.0814402
-0.0447130
0.0632129
0.0441995
0.0676022
-0.0633177
-0.0489159
-0.0050487
0.0549671
-0.0090988
0.0669618
-0.0105018
-0.0356532
-0.0680652
0.0165217
0.0481731
-0.0122028
0.0081640
0.0635287
0.0426355
-0.0870382
-0.0280956
-0.0167865
-0.0318572
-0.0337659
-0.0272755
0.0600594
-0.0369943
0.0621304
-0.0628234
-0.0208424
0.0115661
-0.0860594
0.0642687
0.0663989
-0.0208813
-0.0809036
0.0815403
0.0024447
0.0400539
0.0858566
-0.0881300
0.0656973
0.0493002
-0.0737020
0.0789287
0.0772883
0.0639206
-0.0199004
-0.0289010
0.0572571
-0.0669813
-0.0402149
-0.0471264
0.0226008
0.0606487
-0.0585598
-0.0084986
0.0541619
0.0586140
0.0890238
0.0611161
0.0166049
-0.0526317
-0.0239026
-0.0623847
-0.0152616
0.0352139
-0.0390718
-0.0071642
0.0632710
-0.0816854
0.0615818
0.0138365
0.0246102
0.0866206
0.0368344
-0.0572655
0.0526205
-0.0422656
-0.0762326
0.0659756
-0.0147920
-0.0040572
-0.0677252
-0.0212077
0.0911692
-0.0412410
0.0553659
0.0262412
0.0525561
0.0341056
-0.0974787
0.0027655
-0.0845719
-0.0240961
0.0738913
0.0827028
0.0311903
0.0467291
0.0047280
0.0149029
0.0578707
0.0237258
0.1008627
-0.0712527
-0.0097487
0.0500448
-0.0038657
-0.0821318
-0.0037821
0.0433762
-0.0375705
-0.0535665
-0.0574513
0.0039856
0.0748152
0.0710509
0.0880680
0.1108649
0.1123867
0.1223323
-0.0025602
-0.1235590
-0.1730596
-0.0992917
-0.1375876
-0.3547717
-0.1468683
-0.0087372
0.3002948
0.5198036
0.4513222
0.1197388
-0.1837443
-0.3375962
-0.3470079
-0.1290751
-0.1210325
-0.0782839
-0.0942162
-0.0289521
0.0908935
0.0330905
0.0352684
0.0187190
0.1138253
0.0125827
0.0646149
-0.0312257
0.0267232
-0.1316607
-0.1051901
-0.0487821
-0.1159613
0.0251617
-0.0307774
0.0898166
0.0347038
0.0790546
-0.0449911
-0.0159773
0.0756125
0.0773546
0.0574466
-0.0428181
-0.0917035
-0.0502184
-0.0123649
-0.0025295
-0.0834446
-0.0300702
0.0225603
0.0244172
0.0445801
0.0854738
0.0605737
0.0016483
-0.0166779
-0.0114449
-0.0498890
-0.0585723
0.0057526
-0.0247362
0.0072175
-0.0446171
0.0015021
0.0343240
0.0802552
0.0420919
-0.0813507
-0.0374278
0.0186032
0.0076228
-0.0233616
0.0464723
-0.0785264
0.0599317
-0.0601302
0.0186421
-0.0122021
-0.0787283
-0.0844880
0.0877194
-0.0124786
-0.0776740
0.0086141
-0.0359786
-0.0590541
-0.0697800
-0.0601340
-0.0355017
0.0421211
-0.0507365
-0.0202427
0.0304040
-0.0062358
0.0130554
0.0609056
0.0060328
-0.0540943
0.0310643
0.0487637
0.0313089
-0.0806975
-0.0026292
0.0168408
-0.0173113
-0.0332958
0.0521101
-0.0776382
0.0129559
0.0200845
0.0476834
0.0159943
-0.0193908
-0.0830303
-0.0820824
0.0788892
-0.0458945
-0.0754758
0.0406909
-0.0882482
0.0266114
0.0661667
-0.0297394
-0.0206565
0.0661814
-0.0622270
0.0888614
0.0451798
0.0453561
-0.0053040
-0.0070864
0.0767623
0.0013782
0.0854448
0.0603132
0.0111037
0.0625679
-0.0061994
-0.0409867
-0.0804446
0.0177114
-0.0166256
0.0230356
-0.0073373
-0.0338931
0.0114424
0.0822459
0.0603160
0.0065065
-0.0510547
-0.0814409
0.0292015
0.0794382
0.0390038
-0.0645066
0.0681336
0.0181598
0.0237695
-0.0726186
0.0635527
0.0542029
-0.0507929
-0.0148097
0.0711305
-0.0761709
0.0752436
-0.0923497
0.0444947
-0.0446966
-0.0558354
0.0427840
0.0246353
-0.0092872
0.0827838
0.0433993
-0.0372933
-0.0160077
0.0917034
0.0654207
-0.0707881
-0.0086785
-0.0488217
-0.0841833
-0.0958400
-0.0574059
-0.0338364
-0.0893347
0.0654747
0.0452862
-0.0445086
0.1190792
0.0556795
0.0386969
0.1582496
0.1519205
0.0007232
-0.1077123
-0.0219548
-0.1382268
-0.1861857
-0.3271153
-0.2113595
-0.0090574
0.1648074
0.5483015
0.4367170
0.2723326
0.0546481
-0.2769969
-0.2683905
-0.2458771
-0.2124602
-0.0535193
-0.0020358
0.0995020
0.1564247
0.0091431
0.0419801
0.1439491
0.1184791
0.1098238
0.0180213
0.0459960
-0.1025550
-0.0112700
0.0045238
-0.0447163
0.0285608
0.0635063
0.0788372
-0.0808771
0.0622063
-0.0092041
-0.0622408
0.1082096
0.0920215
-0.0679807
0.0517984
-0.0549486
0.0230181
0.0635557
0.0069701
0.0607156
0.0457863
0.0734151
-0.0035524
0.0851045
0.0070989
0.0830111
-0.0691881
0.0548088
0.0410992
-0.0346540
-0.0373442
0.0740907
0.0015280
0.0223175
-0.0581368
0.0179091
-0.0271896
-0.0299624
0.0815867
-0.0177621
0.0485658
-0.0232665
0.0529146
0.0423355
-0.0790747
0.0238085
0.0412943
0.0101281
-0.0289732
0.0103077
0.0265998
0.0655946
-0.0348844
-0.0740439
-0.0294582
0.0419839
0.0036476
-0.0767634
0.0128419
-0.0247076
0.0244707
0.0859594
-0.0381197
-0.0565566
0.0699334
-0.0161297
0.0504681
-0.0352837
-0.0895281
-0.0119610
0.0706812
0.0230776
-0.0617400
0.0860728
-0.0425240
0.0140861
0.0678259
-0.0684948
-0.0038662
0.0285636
-0.0014331
0.0537451
0.0139706
0.0700279
0.0874168
0.0049934
0.0095033
-0.0250510
-0.0032937
-0.0017517
-0.0394783
0.0751632
0.0723263
0.0596425
0.0242574
-0.0399126
-0.0759195
0.0072686
0.0573251
0.0792633
0.0126491
-0.0207052
-0.0035770
-0.0313637
-0.0665341
0.0298635
0.0088217
0.0181653
0.0150397
-0.0818661
0.0490611
-0.0341938
-0.0853017
-0.0170264
0.0159673
0.0081100
-0.0578970
0.0213717
-0.0877729
0.0153299
-0.0376258
-0.0162969
-0.0354801
-0.0589958
-0.0471762
-0.0483523
-0.0173795
0.0875255
-0.0250982
-0.0441897
-0.0383450
0.0775542
0.0831343
-0.0203513
-0.0165537
-0.0005446
-0.0816015
0.0351487
0.0640528
0.0895688
-0.0773717
0.0699152
0.0755792
0.0195005
0.0106305
0.0646779
0.0657147
-0.0311932
-0.0386571
0.0597808
-0.0729176
-0.0117482
