0.0276997
-0.0056010
0.0344767
0.0119378
0.0231342
-0.0360012
-0.0059646
0.0133775
-0.0394247
-0.0112092
0.0329865
-0.0313900
-0.0341042
-0.0366637
-0.0425974
-0.0211769
-0.0163541
-0.0178225
0.0182936
0.0438109
0.0440667
-0.0294003
0.0073234
0.0112261
-0.0075058
0.0234906
-0.0413093
-0.0234697
-0.0233945
-0.0087821
-0.0016347
-0.0015382
-0.0161823
0.0391502
-0.0126541
0.0181176
0.0382801
0.0213513
0.0337604
0.0045871
-0.0068452
0.0407248
-0.0162184
-0.0143059
-0.0293285
-0.0160920
-0.0286791
0.0216943
-0.0195710
-0.0302315
-0.0166436
0.0458978
-0.0138797
0.0195325
-0.0062365
0.0418622
0.0257778
-0.0038928
-0.0349306
-0.0404904
-0.0238725
-0.0558432
-0.0314756
-0.0552581
-0.0402055
0.0224470
0.0245330
0.0343926
0.0248870
0.0850840
0.1073406
0.0985866
0.0149807
0.0096620
-0.0483401
-0.0961440
-0.1446905
-0.1947675
-0.2131432
-0.1970020
0.0346477
0.3213331
0.4684640
0.3961240
0.1565537
-0.1403160
-0.2595321
-0.3065862
-0.1475042
-0.0970569
-0.0745310
-0.0121384
0.0690027
0.0592775
0.0774698
0.0864568
0.0939466
0.0168932
0.0501914
-0.0321565
-0.0119774
-0.0681340
-0.0810207
-0.0110241
-0.0231401
-0.0189926
-0.0386863
-0.0138930
-0.0028067
0.0363359
-0.0222950
-0.0090087
0.0575927
-0.0053178
0.0101263
0.0246477
0.0182905
0.0203843
0.0287576
-0.0034256
0.0005489
-0.0315339
0.0087192
0.0251864
0.0342707
0.0433397
-0.0039362
-0.0296183
0.0351809
0.0171354
0.0437660
0.0208466
-0.0100042
-0.0015595
0.0252381
0.0173093
-0.0469312
-0.0386371
-0.0185192
0.0132429
-0.0287081
-0.0088425
0.0048816
0.0269979
0.0026701
-0.0037540
0.0303124
-0.0406270
-0.0233515
0.0364656
-0.0268881
0.0213347
0.0420558
0.0206789
0.0429390
0.0158346
-0.0226648
0.0118066
-0.0144345
-0.0353586
0.0147578
-0.0430671
0.0167276
-0.0283868
-0.0288407
-0.0285462
0.0293002
-0.0058029
0.0386517
0.0412020
0.0017422
0.0195613
-0.0154577
0.0378629
-0.0009106
0.0267442
0.0108018
-0.0287331
0.0022580
0.0285650
0.0123912
-0.0308800
-0.0350788
-0.0275609
0.0435504
-0.0326429
0.0372802
0.0064255
0.0007411
0.0187452
0.0249948
0.0264535
-0.0045194
-0.0141147
-0.0236063
-0.0106133
0.0175964
0.0114394
0.0008196
-0.0295099
-0.0195781
0.0440368
0.0065234
0.0091698
0.0184377
0.0119639
0.0218579
0.0351826
-0.0005278
0.0306614
-0.0132323
0.0140628
-0.0410455
-0.0196652
0.0060608
-0.0167062
0.0303908
0.0218421
-0.0012542
-0.0066604
0.0408003
0.0411656
0.0513200
-0.0226496
0.0253996
-0.0002973
-0.0115950
-0.0111297
-0.0443113
-0.0173290
-0.0478445
-0.0088765
0.0111467
0.0199821
0.0230778
0.0624458
0.0834242
0.0831248
0.0569839
0.0570429
0.0899617
0.0278765
-0.0460364
-0.0501372
-0.0684439
-0.1513917
-0.2439216
-0.2074861
-0.1226729
0.1552373
0.4167124
0.4740249
0.3204417
0.0433000
-0.1909904
-0.2830537
-0.2398684
-0.1329971
-0.0767370
-0.0591411
0.0153647
0.0359727
0.0442710
0.1174035
0.0324245
0.0673482
0.0725020
-0.0300611
-0.0263886
0.0005170
-0.0329236
-0.0380566
-0.0013616
-0.0666336
-0.0244303
-0.0197462
0.0188299
0.0465036
0.0470260
0.0188962
0.0316910
0.0420573
-0.0311278
-0.0303301
-0.0139620
0.0118752
0.0298796
-0.0196294
0.0039294
0.0267381
0.0262206
-0.0415642
-0.0085010
0.0354833
-0.0242476
0.0062442
-0.0281897
0.0426768
-0.0171453
-0.0113663
0.0330939
0.0409902
0.0067136
0.0108769
0.0185667
-0.0146422
-0.0460917
0.0296271
-0.0149100
0.0074111
0.0302928
-0.0001946
0.0313108
-0.0301670
-0.0211549
0.0364750
-0.0297360
-0.0436809
-0.0083122
-0.0331398
0.0382284
-0.0038229
-0.0251090
0.0451609
-0.0275499
0.0349447
0.0090738
0.0067606
0.0259196
-0.0286636
-0.0265488
0.0329028
-0.0164477
-0.0199460
-0.0329443
-0.0082569
-0.0081547
-0.0115963
0.0421502
0.0146368
0.0362786
0.0294286
0.0223621
0.0160250
0.0256325
0.0116030
-0.0046656
0.0183381
-0.0346328
-0.0347312
0.0167980
0.0037505
0.0300638
-0.0373691
0.0191990
0.0285973
-0.0218870
0.0160297
-0.0417214
-0.0073855
-0.0310420
0.0426966
0.0263743
0.0082365
-0.0163241
0.0130888
-0.0180869
0.0315307
0.0058857
0.0247794
-0.0305701
-0.0451129
0.0098213
-0.0406049
0.0055928
0.0101833
0.0439139
-0.0197555
-0.0019697
0.0404151
-0.0220613
-0.0076494
0.0186538
-0.0063881
-0.0077955
-0.0142940
0.0318971
0.0261153
0.0363907
-0.0409028
-0.0283018
-0.0186508
0.0512887
0.0146380
0.0300282
0.0446056
0.0214908
0.0293661
-0.0254756
-0.0023115
-0.0570392
-0.0348871
-0.0622035
-0.0264953
0.0026916
0.0186255
0.0218329
0.0059991
0.0773835
0.0261678
0.0601967
0.0244367
0.0161560
0.0592213
0.0028988
-0.0672808
-0.0837355
-0.1708020
-0.2165389
-0.2145805
-0.1347249
0.0185356
0.3132118
0.4393509
0.3322946
0.0836085
-0.1105773
-0.2692753
-0.2245547
-0.1378266
-0.0871011
-0.0233103
0.0113725
0.0505008
0.0775921
0.0500346
0.0923444
0.0655514
0.0244618
-0.0120008
-0.0127794
-0.0437278
-0.0626677
-0.0470950
-0.0242578
-0.0012206
-0.0609014
-0.0115258
-0.0274740
0.0173613
0.0164061
0.0225262
0.0100457
-0.0105209
-0.0130568
-0.0057524
-0.0231342
-0.0292715
0.0228718
0.0134123
-0.0259008
0.0242085
-0.0204745
-0.0165378
-0.0273344
0.0043073
0.0117220
0.0348437
-0.0290235
0.0473030
0.0404428
0.0455728
0.0278432
-0.0349545
0.0247793
-0.0224612
0.0007030
-0.0399566
-0.0058244
-0.0049397
-0.0065879
0.0054039
0.0138123
-0.0350922
0.0447275
0.0342956
-0.0268732
0.0311578
-0.0206231
-0.0037466
-0.0262717
-0.0395934
-0.0419277
0.0138869
0.0449166
-0.0049410
-0.0064691
0.0347217
0.0343025
0.0392288
0.0319876
0.0314419
-0.0120552
0.0297306
0.0079640
-0.0189954
0.0289670
-0.0240281
-0.0179200
0.0089080
0.0063560
0.0178637
0.0024920
0.0206571
-0.0265019
0.0040673
0.0390391
-0.0170207
0.0384557
-0.0319304
-0.0255020
-0.0128244
-0.0416029
0.0211479
0.0249007
-0.0318744
-0.0274552
0.0294521
0.0419484
0.0443236
-0.0318440
0.0215440
0.0419368
0.0407099
-0.0248947
-0.0044829
-0.0275843
-0.0127727
0.0357515
0.0367986
-0.0315093
-0.0171552
0.0401128
0.0388321
-0.0404737
-0.0246731
-0.0138699
0.0385170
0.0266362
0.0074072
0.0419322
-0.0302628
0.0022849
-0.0059003
-0.0339810
-0.0370766
-0.0000470
-0.0433340
-0.0033318
-0.0203339
-0.0186493
0.0072712
0.0372868
-0.0207437
-0.0025463
0.0101193
0.0115173
0.0374697
-0.0287639
-0.0423820
-0.0169058
0.0017062
-0.0377384
-0.0298561
-0.0026065
-0.0622077
0.0204069
-0.0205802
0.0501862
0.0549136
0.0700079
0.1057696
0.0347964
0.0402558
0.0550288
-0.0284902
-0.0755077
-0.1258656
-0.1715687
-0.2529047
-0.2458668
-0.1335703
0.1729334
0.3856426
0.4870478
0.2597818
-0.0214224
-0.2678064
-0.2680616
-0.2068579
-0.1653161
-0.0789780
-0.0254556
0.0288577
0.0744101
0.0798902
0.1014209
0.1087435
0.0926618
0.0511281
0.0349115
0.0251919
-0.0315062
0.0015321
-0.0106830
-0.0625378
-0.0579615
-0.0370629
-0.0445457
0.0167353
-0.0058006
0.0286762
-0.0211125
0.0619089
0.0087205
0.0442360
-0.0007019
0.0080570
-0.0342093
-0.0482490
0.0085235
-0.0139965
-0.0243711
-0.0147626
-0.0341891
0.0256244
0.0033459
-0.0153736
0.0361003
-0.0110872
0.0046182
0.0157701
0.0277838
-0.0321517
0.0008602
-0.0378529
0.0086953
-0.0025026
-0.0082681
-0.0329931
-0.0363623
-0.0197271
0.0348961
-0.0009525
-0.0145035
-0.0108986
0.0202823
-0.0138417
-0.0253873
0.0176597
-0.0227280
0.0052766
-0.0289869
-0.0109157
-0.0285115
0.0086868
0.0078591
-0.0148878
-0.0257708
-0.0155560
0.0415678
0.0292622
-0.0100815
-0.0432728
0.0273995
-0.0215368
0.0261538
0.0028533
-0.0353055
-0.0328717
-0.0148430
0.0319255
-0.0325796
-0.0148035
0.0104812
0.0017581
0.0348696
0.0236413
-0.0434745
0.0167512
-0.0036787
0.0055114
0.0223194
0.0126132
0.0079482
-0.0157108
-0.0095342
-0.0321494
0.0333768
-0.0104745
0.0381924
0.0368602
0.0016534
-0.0222580
0.0063485
0.0273866
0.0094106
-0.0025109
-0.0308546
-0.0304883
-0.0264065
-0.0053337
-0.0369839
0.0305334
0.0335910
-0.0381463
-0.0350378
0.0034419
-0.0414487
-0.0239114
-0.0000319
-0.0129656
-0.0356423
0.0043947
0.0029408
-0.0270040
-0.0048149
-0.0027955
0.0086308
0.0179388
0.0144825
-0.0177988
0.0286086
0.0318500
0.0280035
0.0162160
0.0229806
0.0036083
-0.0536008
-0.0685286
-0.0054412
-0.0682130
-0.0382891
0.0100228
-0.0373450
-0.0049424
0.0542466
0.0179963
0.0386379
0.0703999
0.0311860
0.0618720
0.0174600
-0.0604746
-0.1268199
-0.1190580
-0.2029666
-0.2719796
-0.1319904
0.0078846
0.3061308
0.4959344
0.3971272
0.1175460
-0.1721340
-0.2818553
-0.2889539
-0.1568091
-0.0972151
-0.0017207
-0.0398887
0.0434063
0.0548203
0.0855126
0.0664570
0.0793164
0.0651847
0.0249859
-0.0094435
-0.0472137
0.0011936
-0.0419868
-0.0594162
-0.0784757
-0.0537780
-0.0027802
-0.0175672
0.0084903
0.0078408
0.0355106
0.0285756
-0.0123801
0.0487057
0.0314834
0.0215031
0.0250090
-0.0220636
-0.0068528
-0.0131988
-0.0513062
-0.0243968
-0.0155888
0.0019430
0.0390753
0.0144339
0.0490973
-0.0354825
0.0341021
-0.0344249
0.0121661
0.0096782
-0.0433565
0.0141923
-0.0239430
0.0314565
0.0065812
-0.0075048
-0.0457189
-0.0030227
-0.0196622
0.0223994
-0.0034131
0.0480144
0.0268830
0.0077174
-0.0026703
0.0098083
-0.0108982
0.0379381
-0.0299321
-0.0378565
0.0331827
-0.0272335
0.0250468
0.0086968
0.0152266
-0.0271720
0.0079688
-0.0289184
0.0353278
-0.0305106
0.0046511
-0.0293777
-0.0104027
-0.0301257
0.0227881
-0.0175371
-0.0345977
-0.0130842
0.0362809
0.0157555
0.0300400
0.0142441
0.0255288
-0.0321358
-0.0375484
0.0089221
-0.0293949
0.0411615
0.0080112
-0.0382193
-0.0262463
0.0294892
0.0019272
0.0143265
-0.0060447
-0.0089734
-0.0034028
-0.0354319
0.0373933
-0.0222340
-0.0036209
0.0119501
0.0344201
0.0340736
0.0354208
-0.0249267
-0.0063608
0.0049732
-0.0292869
0.0062142
0.0254720
0.0328003
-0.0188848
-0.0154622
0.0173249
0.0131909
0.0293184
0.0179278
0.0186559
-0.0245823
-0.0408452
0.0158384
0.0282172
-0.0305598
-0.0275641
-0.0119771
-0.0238712
0.0119922
0.0034103
0.0326721
-0.0233004
-0.0256727
-0.0149534
-0.0427479
-0.0316704
-0.0668045
-0.0635426
-0.0512608
-0.0690094
-0.0517010
-0.0524448
0.0406214
0.0162661
0.0580237
0.0621762
0.0317432
0.1043572
0.0194445
-0.0078938
-0.0112992
-0.0767429
-0.1191113
-0.1843355
-0.2234229
-0.2438565
-0.0775435
0.1305480
0.3570352
0.4061524
0.3329746
0.0080715
-0.1632782
-0.2936717
-0.2080176
-0.1621374
-0.0947736
-0.0739172
0.0306458
0.0501942
0.0511881
0.0842491
0.0605825
0.0105697
0.0668735
0.0396441
0.0373102
0.0177045
-0.0539445
-0.0621278
-0.0111473
-0.0491218
0.0053722
-0.0221629
0.0409459
-0.0110781
0.0024233
-0.0123115
-0.0178405
0.0053932
0.0224512
0.0458308
0.0414086
-0.0024104
-0.0226513
-0.0344345
0.0051668
-0.0163729
-0.0272540
-0.0335541
-0.0188882
0.0150274
-0.0208980
0.0420760
0.0416040
0.0222597
-0.0336947
0.0130847
-0.0125231
-0.0435769
-0.0412971
-0.0431266
-0.0415625
-0.0307043
-0.0354362
-0.0160865
0.0169118
-0.0111428
0.0299479
0.0251796
0.0072497
0.0339000
-0.0286164
-0.0200151
0.0003813
-0.0098166
0.0410927
0.0211089
-0.0379029
0.0182291
-0.0179247
0.0180724
0.0098193
-0.0027064
0.0304496
-0.0038040
-0.0123111
0.0142284
0.0369155
0.0379925
-0.0072073
-0.0079429
-0.0257157
-0.0327045
-0.0008493
-0.0019642
-0.0355706
-0.0086862
-0.0421399
-0.0076940
0.0106347
0.0116275
0.0348619
0.0226238
0.0074685
-0.0171398
-0.0396053
0.0239084
-0.0006450
0.0353659
0.0193055
0.0155213
-0.0115168
0.0243905
0.0325112
-0.0387505
0.0024597
0.0081606
0.0398960
-0.0102602
-0.0360416
0.0126304
0.0137845
-0.0065234
0.0130471
-0.0417655
-0.0382846
0.0338514
-0.0462019
0.0030645
0.0097899
0.0035168
-0.0045112
0.0135653
0.0023145
-0.0022104
0.0064207
-0.0188686
-0.0334577
-0.0043686
0.0022837
-0.0389898
0.0011441
-0.0083543
-0.0145112
-0.0346435
-0.0062255
-0.0101261
0.0315030
0.0078791
0.0219869
0.0249931
0.0032613
0.0530318
0.0330298
-0.0272204
-0.0251328
-0.0211963
-0.0425484
-0.0299278
-0.0184279
-0.0582492
-0.0272773
-0.0179790
-0.0179107
0.0397775
0.0640238
0.0075877
0.0615926
0.0736375
0.0837116
0.0310125
-0.0036593
0.0231444
-0.0576623
-0.1235585
-0.0891511
-0.1657609
-0.1770605
-0.1190977
0.0580576
0.2454814
0.4165279
0.3226060
0.1076824
-0.1312973
-0.2613562
-0.2451880
-0.1778136
-0.0698257
-0.0118378
0.0369751
0.0601389
0.0291902
0.0501218
0.0854254
0.0675804
-0.0058659
0.0164581
-0.0205704
-0.0394640
-0.0225845
-0.0684629
-0.0609909
-0.0657708
-0.0519177
-0.0114808
-0.0422227
0.0458892
-0.0227628
0.0326522
-0.0002487
-0.0240066
-0.0226279
0.0047992
-0.0299657
0.0371488
-0.0146157
-0.0398975
-0.0231683
0.0080844
-0.0109225
-0.0252930
0.0276960
-0.0149659
0.0069652
0.0239660
0.0487744
-0.0246241
0.0131801
-0.0171206
0.0402595
-0.0225322
0.0361513
-0.0099454
0.0278436
0.0237860
0.0148185
-0.0325327
0.0361995
0.0315536
-0.0070907
0.0084374
-0.0381533
0.0084086
-0.0032641
0.0028651
-0.0391476
0.0041222
-0.0154823
-0.0206419
0.0297180
0.0184446
0.0248522
0.0420515
-0.0247780
-0.0243339
0.0093524
0.0085128
0.0106902
0.0345040
0.0010922
0.0177105
0.0216287
0.0012178
0.0178932
0.0139056
-0.0047734
-0.0088701
-0.0011893
0.0311212
0.0378613
0.0318413
-0.0105376
-0.0161101
-0.0207722
0.0401256
-0.0127465
-0.0055182
0.0239538
0.0129729
-0.0298347
-0.0070531
0.0024995
0.0398663
-0.0071138
0.0096901
-0.0186588
-0.0220171
0.0195411
-0.0280147
0.0324777
0.0383699
0.0057137
0.0307363
-0.0419064
0.0081108
-0.0400023
-0.0272971
-0.0082292
-0.0368465
0.0215359
-0.0175359
0.0389170
-0.0359826
-0.0192398
-0.0307735
-0.0245715
-0.0336808
-0.0250787
-0.0310458
-0.0194934
-0.0528031
-0.0301566
-0.0060637
-0.0338640
-0.0321535
0.0206181
-0.0116355
-0.0273262
0.0330990
0.0293796
0.0192638
0.0401238
-0.0196417
-0.0402253
-0.0515964
-0.0692427
-0.0054440
-0.0406518
