0.0292450
-0.0451299
-0.0772818
0.0694994
-0.0843928
0.0761930
0.0198111
0.0222834
-0.0406536
0.0048481
-0.0762682
0.0284535
0.0735387
-0.0586602
0.0388606
0.0627404
-0.0186812
0.0226550
-0.0834240
-0.0233887
-0.0683188
-0.0472686
0.0223952
0.0010774
0.0598412
-0.0834169
-0.0624860
-0.0047847
0.0121200
-0.0089664
-0.0606303
0.0024468
0.0818109
-0.0084668
0.0911593
-0.0888597
0.0150973
0.0406654
0.0724955
-0.0628643
0.0453620
-0.0262986
-0.0890110
0.0094613
-0.0638885
0.0004368
-0.0550898
0.0994836
0.0484946
0.0822743
0.0312910
0.0147228
0.0340567
-0.0496941
-0.1104424
-0.0927333
0.0203333
-0.0120705
0.0089424
0.0245663
-0.0284988
0.0589563
0.0132509
0.0206928
0.0440152
0.0703529
0.1554973
0.0120464
0.0338001
-0.0690892
-0.1282993
-0.1031616
-0.2025367
-0.2590631
-0.1773276
0.1036610
0.2600060
0.4495986
0.4807506
0.1379919
-0.0850760
-0.3245614
-0.1891395
-0.2601150
-0.0552326
-0.0511101
-0.0085623
0.1094047
0.0326416
0.1774641
0.0695819
0.0065124
-0.0380247
0.0731729
0.0036968
-0.0493813
-0.0439123
-0.0153657
-0.0424831
-0.1098407
-0.0171717
-0.0208941
0.0499284
-0.0768994
0.0916905
0.0150417
-0.0603794
-0.0409490
0.0836423
0.0855399
-0.0430485
0.0570218
0.0097000
0.0139020
0.0758738
-0.0424132
-0.0671907
-0.0446932
-0.0244069
0.0425613
-0.0430371
0.0293560
0.0443550
0.0380542
-0.0438425
-0.0297077
0.0133919
-0.0792731
0.0487556
0.0607121
0.0069960
-0.0566243
-0.0268302
-0.0125232
-0.0119452
0.0451178
-0.0415297
-0.0052217
0.0484471
-0.0778775
-0.0809284
-0.0641132
-0.0846393
-0.0544977
0.0304338
0.0405253
-0.0686147
0.0322463
0.0031397
0.0602182
0.0840024
-0.0002408
-0.0825371
0.0832080
0.0233693
0.0444431
0.0630584
-0.0376039
-0.0383254
0.0556152
-0.0258437
-0.0859032
-0.0840878
-0.0813475
-0.0814024
0.0458282
0.0335037
0.0596963
0.0605747
-0.0565543
-0.0585645
-0.0515998
-0.0103198
-0.0665819
-0.0198749
-0.0207961
-0.0312390
0.0047329
0.0086363
-0.0804125
-0.0295687
-0.0520756
0.0032052
0.0667269
-0.0574774
-0.0592126
0.0328764
-0.0616016
0.0607849
0.0266171
0.0612216
0.0258537
0.0575995
0.0481093
0.0652409
-0.0703116
-0.0639882
0.0490679
-0.0022449
-0.0134506
-0.0821975
0.0255959
-0.0609326
0.0520816
0.0602900
0.0163154
0.0217689
-0.0797570
-0.0238695
0.0151930
-0.0177283
0.0581007
0.0472703
0.0675207
-0.0644552
0.0841505
0.0248608
-0.0314330
-0.0659329
-0.0748309
-0.0165907
0.0127155
-0.0742233
-0.0674207
0.0427638
-0.0494789
0.0541830
-0.0403507
-0.0152890
0.0280611
-0.0724136
0.0626367
-0.0792076
-0.0792310
-0.0108182
0.0055644
0.0512927
-0.0119942
-0.0532125
-0.0463532
0.0021745
-0.0176289
-0.0320236
-0.0018830
0.0514550
-0.0294780
0.0317485
0.0624297
0.0142341
0.0474426
0.0645923
-0.0032023
-0.0315168
-0.0294190
-0.0652476
-0.0166971
-0.0359574
-0.0365051
-0.0582262
0.0908891
0.1065764
0.0941292
0.0663981
0.0586106
0.0412340
0.0752618
-0.0389928
-0.0117865
-0.1337667
-0.1017629
-0.2433911
-0.1650752
-0.1046612
0.1554737
0.4662742
0.4564572
0.3412870
-0.0875652
-0.1425052
-0.2378799
-0.2767657
-0.0849399
-0.1591055
-0.1007351
0.0086386
0.0993239
0.1074309
0.0246961
0.0468771
0.0536726
-0.0276810
-0.0421677
-0.0446613
-0.0428470
-0.1248770
-0.1254009
0.0166838
-0.0202320
-0.0316592
-0.0226005
0.0463417
0.0338343
0.0478224
0.0242377
0.0615177
0.0299482
0.0438846
-0.0451986
-0.0499927
-0.0435283
-0.0753415
0.0090674
0.0507191
-0.0356480
0.0527032
-0.0599516
0.0556696
0.0556285
0.0268700
0.0533728
-0.0386585
0.0500789
-0.0580789
-0.0187986
0.0309022
0.0383235
0.0626238
-0.0773135
-0.0531240
-0.0002665
0.0742164
-0.0321580
0.0732450
0.0615358
0.0702403
-0.0646286
0.0814280
0.0501951
-0.0460308
0.0356990
-0.0485906
0.0020251
0.0099480
0.0019806
-0.0183901
-0.0128383
-0.0635679
-0.0297803
-0.0191872
-0.0790977
0.0483358
0.0692692
-0.0001378
0.0349325
0.0184950
0.0858459
-0.0159523
-0.0263623
-0.0699424
0.0535973
-0.0871977
0.0782636
-0.0344069
-0.0512558
0.0093332
-0.0138665
-0.0383760
-0.0377345
-0.0512737
0.0415991
0.0021718
-0.0609656
0.0888969
0.0586528
0.0727108
0.0767971
0.0530792
-0.0884162
-0.0467151
-0.0421430
0.0586850
0.0402981
0.0532640
0.0010485
0.0188217
0.0744386
-0.0142578
-0.0752799
-0.0019684
0.0281965
0.0756107
0.0708521
0.0213283
-0.0676618
0.0646656
-0.0622686
0.0049662
0.0017934
0.0468939
0.0839201
0.0666348
-0.0301701
0.0558315
0.0382392
-0.0263787
-0.0201360
0.0259290
-0.0806891
-0.0734792
-0.0537388
0.0836165
0.0429333
0.0670188
-0.0511659
0.0582118
-0.0244311
-0.0789746
-0.0312472
0.0424323
0.0619231
-0.0536272
0.0616298
0.0845148
-0.0626633
-0.0106815
-0.0511623
0.0690021
0.0136026
0.0572964
-0.0643099
-0.0405364
-0.0371548
-0.0103084
0.0146236
0.0279330
-0.0546322
-0.0118323
0.0303692
0.0391387
0.0672154
0.0392843
-0.0569347
-0.0296068
-0.0701118
0.0832357
0.0842834
-0.0203536
-0.0549072
0.0149626
0.0680938
0.0528310
0.0093281
0.0047530
-0.0097776
-0.0401223
-0.0887791
-0.1120212
-0.1081622
-0.0236062
-0.0687499
-0.0847604
-0.0158026
-0.0608839
-0.0035827
0.0533266
0.0165168
0.0603129
0.0256820
0.0284626
-0.0209230
-0.0464245
-0.1605824
-0.0832813
-0.1074284
-0.1978596
-0.1233580
-0.0625774
0.1715471
0.4594305
0.2819063
0.2578444
-0.0413096
-0.1766280
-0.3022908
-0.2227632
-0.0904899
-0.0429031
0.0342687
-0.0230337
0.0539064
0.0632811
0.0508422
0.1207845
0.0289773
-0.0104620
0.0906923
0.0614542
0.0293705
-0.0726230
0.0165107
-0.0814644
0.0605440
-0.0942615
-0.0005645
-0.0597820
-0.0777415
-0.0491169
0.0649247
-0.0151301
-0.0616277
0.0495292
0.0913738
0.0129912
0.0544391
-0.0549362
-0.0846734
0.0139770
0.0091371
0.0070554
0.0758109
-0.0784815
0.0323626
0.0367035
0.0188794
-0.0097413
-0.0405783
0.0674059
-0.0505647
-0.0030964
-0.0732173
-0.0318271
0.0703403
-0.0642396
-0.0851513
0.0323373
0.0192943
-0.0198566
0.0639797
0.0309060
0.0247610
0.0331845
0.0382407
0.0082386
0.0751362
-0.0231634
0.0870653
0.0325458
-0.0157707
-0.0258636
-0.0851404
-0.0085422
0.0772079
0.0576786
-0.0250630
-0.0121430
0.0666832
-0.0595621
-0.0108931
0.0172046
0.0350788
0.0710888
-0.0260701
0.0098151
-0.0488320
-0.0264883
-0.0684306
0.0216478
-0.0178838
0.0000779
0.0061335
0.0730173
0.0150409
-0.0800155
0.0199069
0.0453774
-0.0355490
0.0548780
0.0611995
-0.0044206
-0.0818542
0.0569125
0.0489973
0.0121420
0.0633741
0.0117185
-0.0271396
-0.0466100
0.0513014
0.0834683
-0.0077588
0.0169489
-0.0028131
0.0580420
0.0671145
-0.0214804
-0.0473729
0.0377062
0.0886801
-0.0535983
0.0183619
0.0347208
-0.0826886
0.0177698
-0.0197677
0.0843599
-0.0303556
-0.0105183
-0.0352778
0.0849897
-0.0076382
0.0285419
0.0812167
0.0708813
0.0559583
-0.0082205
0.0783675
-0.0439070
0.0761697
0.0182524
-0.0849413
0.0454203
-0.0040750
0.0563807
-0.0179147
-0.0296763
0.0333515
0.0085063
0.0491101
0.0545230
-0.0436319
-0.0415647
-0.0130355
0.0790034
0.0854904
0.0837714
0.0780544
0.0874536
-0.0471917
-0.0383847
-0.0434290
-0.0139372
0.0134914
0.0835897
-0.0576145
-0.0615147
-0.0220188
0.0603153
0.0340578
-0.0081416
0.0720133
0.0924691
0.0550182
0.0294924
0.1035282
0.0144260
0.0432108
0.0889999
-0.0390974
-0.0687257
0.0578413
-0.0162744
-0.0015437
0.0477503
-0.0984849
-0.1082667
-0.0875372
0.0818054
-0.0055312
0.0799581
-0.0166517
-0.0119722
-0.0264776
0.0225942
0.1229518
-0.0514375
-0.0474346
-0.0182487
-0.0376455
-0.2474306
-0.2710481
-0.1692769
0.1124463
0.3359433
0.4346757
0.3633483
0.1477093
-0.1284196
-0.2491716
-0.1848376
-0.2184281
-0.0247591
0.0435053
0.0269974
0.0218043
0.0417224
0.0818481
0.0063342
0.1079180
-0.0415798
0.0987802
0.0612473
-0.0292172
0.0167253
-0.0474863
0.0115556
-0.0376853
-0.0658100
-0.0917390
-0.0310620
-0.0613801
-0.0130596
-0.0252645
0.0672491
-0.0515620
0.0488129
-0.0450947
0.0578798
-0.0040706
-0.0268551
0.0290226
0.0741606
-0.0976025
0.0447265
0.0784080
-0.0290940
-0.0270618
0.0472381
0.0930403
-0.0752713
0.0753429
-0.0621554
-0.0304350
-0.0641223
0.0344973
-0.0282196
0.0312516
0.0790089
0.0180157
0.0289188
-0.0632603
-0.0480039
-0.0473056
-0.0388422
0.0568877
-0.0361877
0.0599041
0.0573340
0.0271028
0.0187025
-0.0584686
-0.0136034
-0.0462266
0.0795609
0.0547459
0.0217500
-0.0820077
0.0050160
-0.0069964
-0.0222144
0.0318754
0.0042822
-0.0808577
0.0742819
0.0058518
-0.0304927
-0.0214108
0.0123345
-0.0649267
-0.0348419
0.0244331
-0.0439658
-0.0085403
0.0550337
0.0558679
-0.0149949
0.0724367
0.0215421
0.0488276
-0.0736856
0.0259630
0.0323718
-0.0751659
0.0816535
0.0401922
0.0762500
0.0013551
0.0749942
0.0254714
0.0635992
-0.0549166
0.0834486
0.0096274
0.0788823
0.0004871
-0.0355299
0.0155641
-0.0564729
-0.0456756
0.0839551
-0.0257192
-0.0629682
-0.0391656
0.0877061
-0.0668357
0.0886529
0.0524699
-0.0153460
0.0680393
0.0380297
-0.0082108
-0.0816169
0.0186416
-0.0724513
0.0862994
-0.0194023
-0.0670187
-0.0309971
0.0716282
-0.0624094
-0.0426489
-0.0617452
0.0118153
-0.0451926
0.0487310
0.0459544
-0.0513782
-0.0134451
0.0208013
0.0506737
0.0400499
-0.0478443
-0.0504128
-0.0394113
0.0712611
-0.0018800
0.0256853
-0.0859082
-0.0718241
0.0055562
-0.0830357
0.0197147
0.0550808
0.0165910
0.0744153
0.0521064
0.0409516
-0.0399706
-0.0281492
0.1093773
-0.0584384
0.0926287
0.0527947
-0.0320033
-0.0465812
0.0420361
0.0455654
-0.0447593
0.0351932
-0.0319784
0.0020950
-0.0045219
0.1003352
0.0636712
0.1462438
0.0474542
0.0769879
0.0525694
0.0636412
0.0694519
-0.0317834
-0.1067649
-0.0819680
-0.2038797
-0.2481250
-0.3055010
-0.1082053
0.2604080
0.4421555
0.5503401
0.2629019
-0.0481820
-0.1995953
-0.2734175
-0.1657297
-0.1746018
-0.0537722
-0.0082342
0.0596876
0.0014157
0.0285216
0.1504736
0.0600871
0.1136785
0.0725181
-0.0692084
-0.0411016
-0.0873688
-0.1061911
0.0149273
0.0330296
-0.0356923
-0.0115366
-0.0593571
-0.0572576
0.0423453
-0.0448267
-0.0072386
0.0145776
-0.0595559
0.0341875
-0.0598528
-0.0805636
0.0229699
-0.0041231
-0.0180264
-0.0826308
-0.0349611
0.0610980
-0.0649549
-0.0027950
0.0173690
-0.0471421
0.0719875
0.0352671
0.0116395
-0.0180139
0.0876402
0.0314824
-0.0888136
-0.0221300
0.0759001
0.0738826
0.0674044
0.0090830
0.0396065
0.0743808
-0.0328319
-0.0714047
0.0443666
0.0703624
0.0723144
-0.0097951
0.0359394
-0.0209610
0.0634164
0.0417861
-0.0410511
-0.0766676
-0.0171219
-0.0817993
0.0668716
-0.0331166
-0.0451207
0.0503755
0.0441628
-0.0213218
0.0776058
-0.0794408
-0.0121835
0.0297394
-0.0272675
-0.0145299
-0.0834649
0.0590070
0.0387967
0.0338828
-0.0809772
0.0236508
-0.0190082
0.0593907
-0.0518149
-0.0066648
-0.0090649
-0.0490219
0.0561948
-0.0689106
-0.0747147
-0.0533549
-0.0054544
0.0449501
-0.0190415
-0.0286466
-0.0111379
-0.0853562
0.0249434
0.0888741
0.0242592
-0.0858221
-0.0632965
0.0479950
-0.0675773
0.0770140
0.0674324
-0.0553882
0.0371248
0.0000270
0.0067862
-0.0605343
-0.0196946
-0.0573502
-0.0413859
0.0350280
0.0458664
-0.0582031
-0.0039135
-0.0216479
-0.0660831
-0.0037298
-0.0112138
0.0756666
-0.0553228
0.0187878
-0.0768993
-0.0285147
0.0022601
0.0146322
-0.0378388
-0.0883355
0.0459793
-0.0136812
0.0577908
-0.0088339
0.0733591
-0.0408708
-0.0369902
-0.0587751
-0.0356798
0.0143927
0.0823363
0.0925680
0.0875204
-0.0558382
0.0852748
0.0763385
-0.0059924
0.0366277
0.0558073
0.0006491
0.0296108
0.0320209
0.0819565
0.0010932
-0.0052043
-0.0380380
0.0938459
-0.0575074
-0.0052029
0.0205863
0.0429607
0.0127941
-0.0297583
-0.0455490
-0.0991651
-0.1163064
-0.1122410
-0.0085415
0.0277290
0.0301332
-0.0177359
0.1115890
0.0713597
0.0217441
0.0139484
0.1264981
0.0046433
-0.0022716
0.0809670
-0.0332321
-0.1899369
-0.1131007
-0.2679357
-0.2651995
-0.0838775
0.1636294
0.4187181
0.4718341
0.3508237
0.0195512
-0.1518567
-0.3271352
-0.2496500
-0.0956796
-0.0901811
0.0259069
0.0905365
0.0583045
0.0454879
0.1710512
0.0718770
0.0295930
-0.0113431
0.0334991
-0.0469653
-0.0010718
0.0036622
-0.0880712
0.0009804
-0.1077369
-0.0809118
0.0227835
0.0086897
0.0444560
0.0396292
0.0328975
-0.0355978
0.0796724
-0.0282918
0.0879468
0.0521606
-0.0758087
0.0315637
-0.0219828
-0.0411659
-0.0747044
0.0294244
0.0039324
0.0053176
-0.0289706
-0.0233638
0.0884099
0.0167301
0.0900252
0.0842289
0.0759451
0.0848130
-0.0830349
0.0372646
-0.0086715
0.0275375
-0.0552136
-0.0803772
-0.0704447
0.0856453
0.0458126
-0.0445447
0.0187090
0.0285828
-0.0005597
-0.0308499
-0.0137243
-0.0558675
0.0812545
0.0290452
-0.0413071
-0.0149423
-0.0101613
0.0397475
0.0485991
-0.0468916
-0.0023604
-0.0467364
-0.0382888
-0.0639908
-0.0390838
0.0792009
0.0202186
-0.0145452
-0.0102139
0.0714515
0.0155715
-0.0614368
-0.0264323
-0.0898140
-0.0854958
0.0057346
0.0199654
0.0893194
-0.0798534
0.0364030
0.0435255
-0.0710354
0.0624346
0.0484949
-0.0413526
0.0307379
-0.0213592
0.0200704
0.0158334
0.0338308
0.0455599
0.0449528
0.0389125
-0.0622520
-0.0109819
0.0045953
-0.0147228
0.0892732
0.0589374
-0.0171589
-0.0023012
-0.0015147
0.0740952
-0.0446357
-0.0406637
0.0455000
-0.0777382
0.0483221
-0.0278383
-0.0348563
0.0714896
-0.0332669
0.0664528
-0.0119151
-0.0165806
0.0535130
-0.0734225
-0.0416077
-0.0903866
0.0230845
-0.0649119
-0.0830379
-0.0596330
-0.0807120
-0.0683755
0.0340348
0.0529967
-0.0094699
-0.0249940
-0.0659947
-0.0403445
-0.0862910
-0.0796427
-0.0614408
0.0478432
-0.0386036
0.0641147
0.0221690
-0.0257681
-0.0698556
-0.0530097
0.0881985
-0.0186262
0.0124997
-0.0607767
0.0102947
-0.0014595
0.0315116
-0.0075786
0.0554540
0.0199499
-0.0525029
0.0050023
-0.0933117
-0.0561892
-0.0683020
-0.0353858
-0.0534293
-0.0630979
0.0758755
0.0798190
