0.0073415
0.0025275
0.0239066
0.0085814
-0.0420352
-0.0241918
0.0356185
0.0190478
0.0640835
0.0403219
0.0397948
0.0087521
0.0136038
0.0624601
-0.0822020
0.0519603
0.0333128
0.0560179
0.0277037
0.0572359
-0.0554461
-0.0439386
0.0060916
0.0088546
0.0514287
-0.0148657
0.0118526
-0.0496837
-0.0546174
0.0358587
0.0268591
-0.0008795
-0.0197530
0.0426591
-0.0756089
-0.0339244
-0.0150332
-0.0676819
0.0481403
-0.0000593
-0.0282116
-0.0567737
-0.0276969
-0.0863842
0.0794012
0.0138478
-0.0665470
0.0352287
-0.0527469
0.0039120
-0.0371553
0.0152856
0.0511752
-0.0608282
-0.0631953
-0.0020933
-0.0733036
-0.0730770
0.0199134
-0.0529788
0.0487716
-0.0508422
0.0717851
0.0197701
-0.0060486
0.0750486
-0.0689140
-0.0307622
0.0918714
0.0622940
-0.0268277
-0.0332642
0.0371389
-0.0088907
-0.0816839
0.0078016
-0.0189746
0.0056552
0.0127284
-0.1157855
0.0435585
0.0447024
-0.0092304
0.0175336
-0.0295773
0.0813236
0.1639082
0.1587701
0.0925463
0.0347002
0.0390187
0.0241052
-0.1875880
-0.1798364
-0.1578608
-0.2078028
-0.1221075
0.0814560
0.3880156
0.3425200
0.2575156
0.0976919
-0.2240727
-0.2259826
-0.1851537
-0.1338458
-0.1101699
-0.0042664
-0.0037525
0.0764429
0.0776463
0.1261531
0.1355751
0.0954683
-0.0566154
0.0687867
0.0707540
0.0514059
0.0444655
0.0047573
-0.0383767
-0.0095734
0.0577546
0.0326761
-0.0004262
0.0141603
-0.0364457
-0.0555712
0.1026851
-0.0404711
0.0620884
-0.0761085
0.0889572
0.0561756
-0.0795698
0.0110149
-0.0110302
-0.0567986
-0.0585923
-0.0914430
0.0370278
-0.0084745
-0.0808343
-0.0750174
0.0230161
0.0224675
-0.0090337
0.0794658
0.0222485
-0.0319027
0.0699828
-0.0562341
0.0004687
-0.0743113
-0.0534035
0.0000224
-0.0353430
-0.0016577
0.0511084
0.0741332
-0.0236461
0.0729745
-0.0596766
-0.0091683
0.0569053
0.0266285
-0.0424313
-0.0767893
-0.0511264
0.0716962
-0.0706281
0.0247736
-0.0865589
-0.0283292
0.0279842
-0.0245140
-0.0701255
-0.0108332
0.0448057
0.0091422
-0.0371823
0.0631343
-0.0568627
0.0879966
0.0491225
0.0168865
0.0023336
-0.0469456
0.0698334
-0.0821122
0.0098664
-0.0107135
0.0592739
0.0672911
0.0175217
0.0732997
-0.0792562
0.0860728
-0.0217623
-0.0354909
-0.0582669
0.0019190
-0.0841180
0.0140181
0.0436389
-0.0022347
0.0646282
0.0141701
-0.0671978
0.0540421
0.0578054
0.0118527
0.0169737
-0.0531877
-0.0036933
0.0733272
-0.0386146
0.0573790
0.0212862
-0.0277454
-0.0721921
-0.0836660
0.0706571
0.0122605
-0.0693751
-0.0038849
-0.0494367
-0.0306380
0.0269692
0.0590885
-0.0643566
0.0627838
-0.0360961
0.0698196
-0.0600547
-0.0644490
-0.0865204
0.0546172
-0.0499001
-0.0729787
-0.0318879
0.0291447
-0.0596428
-0.0313866
-0.0823097
-0.0617767
-0.0270934
0.0079622
0.0180218
0.0781414
0.0243488
-0.0428412
-0.0079331
0.0003792
-0.0471349
-0.0498366
-0.0384809
0.0751199
0.0578387
0.0770646
0.0129616
-0.0213848
-0.0472814
-0.0343570
0.0837432
-0.0247301
0.0258070
-0.0758682
-0.0021194
0.0648515
-0.0348341
0.0500103
0.0599990
0.0373687
-0.0330961
0.0645469
-0.0226123
0.0489066
0.0346411
-0.0024435
-0.0872203
0.0245566
0.0443064
-0.0848600
-0.0795127
-0.0941671
-0.0179995
-0.0131088
-0.0410326
-0.0484102
0.0301181
0.0845991
0.0945388
-0.0173967
-0.0107551
0.1104613
-0.0609617
-0.0508067
-0.1108852
-0.0892587
-0.2369394
-0.2344861
-0.0489191
0.1364532
0.3891966
0.4685210
0.3426543
-0.0145021
-0.0833567
-0.1819006
-0.2430094
-0.0305705
-0.0495153
0.0588803
0.0868232
0.0702181
0.0946724
-0.0098319
0.0641335
0.1301300
0.0974097
-0.0144356
-0.0195168
-0.0181189
-0.0434611
-0.0056517
-0.0696987
-0.0400699
-0.0531778
-0.0416064
-0.0595222
0.0273896
0.0408017
0.0991812
-0.0501329
-0.0592420
-0.0560814
-0.0184528
-0.0818487
0.0222374
-0.0572777
-0.0667561
0.0330106
-0.0600368
0.0351069
-0.0464012
-0.0199725
-0.0715934
0.0519001
0.0088047
-0.0285749
-0.0249380
-0.0511280
0.0725001
-0.0205726
0.0544026
0.0790734
0.0024759
0.0719645
-0.0143195
-0.0193781
-0.0557918
0.0883086
-0.0247350
0.0426256
0.0063838
0.0358989
0.0850751
0.0358455
-0.0701344
0.0131445
0.0807423
-0.0730797
0.0754152
0.0573301
-0.0138305
-0.0658856
-0.0575174
0.0364221
-0.0741853
0.0715980
0.0417668
-0.0819712
0.0662239
0.0240293
-0.0725379
-0.0299713
-0.0494625
-0.0507301
0.0473516
0.0483190
0.0145793
0.0854600
0.0267784
-0.0819812
-0.0859926
-0.0772516
-0.0341779
0.0544171
-0.0488484
0.0831268
0.0250540
0.0847807
0.0017649
0.0228362
0.0804236
0.0488097
0.0096561
0.0172190
0.0170548
0.0608872
0.0564652
-0.0230088
-0.0017275
0.0036158
-0.0776537
0.0681053
-0.0863031
0.0057389
0.0033920
0.0490512
0.0207393
0.0600160
-0.0795262
0.0558324
-0.0265777
0.0842072
-0.0222910
-0.0043426
0.0395570
0.0433891
-0.0263007
0.0227477
0.0520222
0.0579035
-0.0061649
-0.0608925
-0.0128422
0.0384624
0.0695559
0.0172973
-0.0455983
-0.0186725
-0.0111644
-0.0095324
-0.0841599
0.0090303
-0.0315840
0.0191846
0.0583780
-0.0791409
0.0703300
-0.0456757
-0.0305711
0.0643407
0.0049897
0.0081252
-0.0274047
0.0521966
-0.0477543
-0.0790165
-0.0725963
0.0839766
0.0682977
-0.0239643
-0.0138533
0.0557532
-0.0577244
-0.0319545
0.0513033
0.0323844
0.0754079
-0.0714616
0.0078561
-0.0054452
0.0432908
-0.0193102
-0.0635602
-0.0729386
0.0223687
-0.0302493
-0.0571830
-0.0652176
-0.0016701
0.0147936
-0.0794933
-0.0382567
-0.0983409
0.0092850
-0.0158929
0.1213160
0.1089887
0.0458641
0.0942381
0.1038230
-0.0213902
-0.0342590
-0.1168079
-0.1179357
-0.1667325
-0.1497545
-0.2359530
-0.1764097
-0.0663268
0.3764919
0.5191783
0.3803352
0.1731730
-0.2152986
-0.3650264
-0.2561810
-0.1745461
-0.0413104
-0.1130058
0.0148200
0.0737670
0.0368911
0.0706007
0.0889190
0.0134163
0.0869631
0.0316886
-0.0475074
0.0064465
0.0137991
-0.0377479
0.0031136
0.0082161
0.0125537
0.0286010
-0.0744500
-0.0458606
0.0630438
-0.0344112
0.0063799
-0.0164735
0.0815027
-0.0460044
-0.0170327
-0.0865598
-0.0628815
0.0025063
-0.0235429
-0.0666529
0.0734076
0.0090161
0.0380979
-0.0858599
-0.0141472
0.0028597
0.0236702
0.0759059
0.0233368
0.0516858
0.0254876
0.0578236
-0.0370069
0.0799949
-0.0728567
0.0231057
-0.0895600
-0.0628002
-0.0403039
0.0202581
-0.0712779
0.0302902
-0.0040189
-0.0385822
0.0789806
0.0648692
0.0135644
0.0847446
-0.0694092
-0.0849973
-0.0642115
0.0417027
-0.0619722
-0.0400655
0.0474223
-0.0866554
-0.0125290
-0.0155549
0.0530612
0.0360799
0.0689963
-0.0756866
-0.0463839
0.0561682
-0.0428088
0.0035430
-0.0223241
-0.0305054
0.0799864
0.0360519
0.0679444
-0.0586357
-0.0729664
-0.0689083
0.0494368
0.0066380
0.0736733
-0.0635179
-0.0491308
0.0592360
0.0335137
-0.0087461
0.0674442
0.0431958
-0.0491008
0.0417617
-0.0553763
-0.0491666
0.0182259
-0.0526457
0.0714523
-0.0204909
0.0323731
-0.0462888
-0.0028392
0.0372215
-0.0124838
-0.0642705
0.0659517
0.0044385
0.0285429
-0.0111114
0.0714040
-0.0032179
0.0857599
-0.0555662
-0.0023654
-0.0536340
-0.0474649
0.0173342
-0.0437788
0.0688554
-0.0698850
-0.0709228
0.0606774
0.0836197
-0.0078739
0.0466852
-0.0045024
0.0056610
-0.0759063
-0.0135160
-0.0750558
0.0836400
0.0718898
0.0411396
0.0600997
-0.0088876
-0.0754272
-0.0345285
0.0159599
-0.0430615
0.0570285
-0.0290787
-0.0193442
-0.0328874
-0.0775640
0.0163107
-0.0604156
-0.0031100
-0.0399747
-0.0603783
-0.0187161
-0.0631413
0.0173888
-0.0850132
-0.0082193
0.0531495
-0.0104637
0.0986968
0.0576285
-0.0658105
0.0912602
0.0086905
0.0549143
-0.0185549
0.0197378
0.0192008
-0.0456458
-0.0083519
0.0267020
0.0142291
0.0805243
-0.0597139
0.1148154
0.1437471
0.0030324
0.1136780
0.0093645
-0.0026987
0.0694440
0.0078140
-0.1440948
-0.2056212
-0.2061567
-0.2524881
-0.1638566
0.1854319
0.3613349
0.6004638
0.3763587
0.0520778
-0.1704222
-0.3627665
-0.1767733
-0.0815285
-0.0808294
-0.0196795
0.0539050
0.0866404
0.0981802
0.0595550
0.0141083
0.0063693
0.0108650
-0.0014580
0.0603693
-0.0350701
-0.0706704
-0.0612329
0.0271905
0.0112325
0.0644477
-0.0723936
-0.0662089
0.0117401
-0.0638184
0.0002326
-0.0295993
0.0598407
0.0599647
0.0251431
0.0464507
-0.0880419
-0.0003295
-0.0952012
-0.0485417
-0.0425694
-0.0649058
0.0083461
0.0139361
0.0660737
0.0203106
-0.0665549
-0.0209316
-0.0281505
0.0794587
0.0540064
-0.0866621
0.0558667
0.0210906
-0.0468676
0.0745971
-0.0042233
0.0751606
0.0331289
0.0573680
0.0847247
0.0333711
0.0417744
-0.0595132
-0.0004678
-0.0030568
-0.0380919
-0.0643586
-0.0176070
0.0484930
0.0831807
-0.0366806
-0.0736830
0.0081382
-0.0162065
0.0112405
0.0475068
0.0674566
0.0660694
0.0612696
-0.0082125
-0.0180404
-0.0138542
0.0703424
-0.0827361
0.0291158
-0.0631080
0.0132331
-0.0672056
0.0229197
-0.0050101
0.0438121
0.0453788
-0.0735484
-0.0588008
0.0478393
-0.0850769
-0.0405584
0.0700316
0.0033914
-0.0395557
-0.0853403
0.0375442
0.0257080
0.0336462
0.0042130
-0.0402423
-0.0686369
0.0480405
-0.0064179
-0.0335743
0.0839221
0.0084143
0.0665947
-0.0706845
0.0215926
-0.0456127
0.0348886
-0.0863504
0.0709458
0.0138522
0.0400342
0.0044747
0.0668258
0.0431748
0.0322291
0.0872761
-0.0542651
0.0075940
0.0118276
0.0660542
0.0003516
0.0321709
-0.0168359
-0.0217355
-0.0288459
0.0298880
-0.0383393
-0.0777360
-0.0294893
-0.0681984
-0.0536890
-0.0169442
0.0871531
-0.0769090
-0.0351184
0.0855837
0.0215433
-0.0167663
0.0384358
0.0460020
-0.0217629
-0.0074000
-0.0142328
-0.0628181
-0.0000890
-0.0131285
-0.0353816
0.0853509
0.0327730
0.0376111
0.0333948
0.0328732
0.0091552
0.0309783
0.0552828
0.0073862
0.0480392
0.0216428
0.0307078
0.0301877
0.0775033
-0.0267063
-0.0543172
0.0483299
-0.0046850
-0.0342277
0.0483652
0.0085191
0.0260542
-0.0780270
-0.0645019
0.0398809
0.0049231
-0.0248620
-0.1222095
-0.0819512
-0.0159940
-0.0268270
0.0338107
0.0162323
0.0950189
0.1073754
0.0890090
0.0059929
-0.0486488
-0.0263298
0.0026512
-0.0839859
-0.1366731
-0.2023376
-0.2220694
0.0292352
0.1224397
0.3211207
0.4083519
0.1902972
-0.0571385
-0.1538453
-0.1988105
-0.2223794
-0.1655512
-0.1194482
0.0538220
0.0100533
-0.0203068
0.1493532
0.0550424
0.1550737
-0.0191091
-0.0101611
0.0455380
0.0298033
-0.0858900
0.0098851
-0.0193216
-0.0102193
0.0344388
-0.1038616
-0.0551129
0.0892370
0.0962781
-0.0506475
-0.0100162
0.0765230
0.0628169
-0.0613332
0.0621470
-0.0716965
0.0759177
0.0162189
0.0478770
0.0589468
0.0509193
0.0360308
0.0234838
-0.0811494
-0.0467007
-0.0332151
-0.0488774
0.0154060
-0.0565336
-0.0439330
-0.0187028
-0.0336894
-0.0114489
0.0701834
-0.0664023
-0.0411902
0.0564035
0.0481741
-0.0557419
0.0845454
-0.0523522
0.0822889
-0.0516126
0.0749916
0.0617524
-0.0126029
-0.0530952
0.0457643
-0.0563020
-0.0604104
-0.0431528
0.0415579
0.0767360
-0.0746061
0.0062532
0.0851532
0.0098502
0.0773870
0.0251883
0.0016883
0.0748241
0.0767948
-0.0451821
-0.0877725
-0.0635505
0.0329877
-0.0399063
-0.0034300
-0.0761684
-0.0162389
0.0378079
0.0232058
-0.0740773
-0.0335217
-0.0869180
-0.0631159
-0.0765708
0.0772649
-0.0487349
0.0550830
-0.0808789
0.0808698
-0.0514930
-0.0257598
0.0154737
-0.0730379
0.0727152
-0.0353087
0.0217293
0.0666682
0.0266406
0.0100121
0.0028576
-0.0662787
-0.0055376
0.0449741
-0.0471068
0.0424754
0.0562998
0.0755391
0.0265334
-0.0039768
-0.0870137
-0.0621756
0.0547647
0.0885161
-0.0386098
-0.0361451
-0.0163996
-0.0761855
0.0812480
0.0301080
-0.0793992
-0.0147471
-0.0807225
0.0463903
-0.0322524
0.0194675
-0.0393572
0.0543884
0.0586330
-0.0378905
0.0646109
0.0325975
-0.0034878
-0.0805496
0.0222012
0.0033214
0.0482079
0.0015785
0.0001282
-0.0555779
0.0820210
-0.0889698
0.0091661
0.0310430
-0.0895873
0.0703728
-0.0376893
-0.0342796
-0.0652692
0.0125032
0.0358188
-0.0542957
0.0533844
-0.0879230
0.0010970
0.0628376
-0.0084092
-0.0767697
-0.0110715
-0.0697249
-0.0757592
-0.0879838
-0.0093947
-0.0371295
0.0445120
-0.0393500
-0.0608539
0.0070451
-0.0585507
-0.0457906
-0.0052219
-0.0040513
-0.0843149
-0.0195371
0.0056380
-0.1103717
-0.0099740
0.0029977
0.0478806
-0.0217606
0.0944092
-0.0112700
0.0949080
0.0596501
0.0162990
-0.0105311
-0.0323063
0.0505142
-0.0525850
-0.0506317
-0.1566411
-0.1185794
-0.1033669
-0.0671571
0.2477785
0.3335586
0.4155509
0.2706384
-0.0641275
-0.1748418
-0.1628518
-0.2261636
-0.1411044
-0.1324372
-0.0557685
0.0368226
0.0725371
0.0251632
0.0163486
0.0706566
0.0266047
0.0498457
0.0440078
-0.0439527
-0.1135359
-0.1010644
0.0432360
0.0124095
-0.0841391
0.0565464
-0.0916789
0.0608331
-0.0722443
0.0795820
0.0880028
0.0737716
-0.0521564
0.0253834
0.0097688
-0.0311627
0.0388085
0.0795790
0.0226454
-0.0553777
0.0179200
-0.0346407
0.0616168
0.0572767
-0.0408919
0.0052440
-0.0168911
-0.0025948
0.0133851
-0.0244666
0.0734104
-0.0832516
-0.0394837
-0.0744095
0.0858625
-0.0399047
-0.0653999
0.0322789
-0.0637878
0.0498585
-0.0199071
-0.0824504
-0.0333599
-0.0532439
-0.0793798
0.0877853
0.0354936
0.0330635
0.0443558
-0.0191919
-0.0616532
-0.0142302
0.0326006
-0.0492110
-0.0322158
0.0779803
0.0667262
-0.0683822
0.0610053
-0.0618067
0.0372403
-0.0019361
0.0082022
0.0203988
-0.0851331
-0.0206694
0.0150604
-0.0538178
-0.0256043
-0.0611695
-0.0232326
-0.0830530
-0.0276445
0.0436563
-0.0039375
0.0826931
0.0620781
-0.0308153
0.0531815
-0.0129322
-0.0509485
-0.0081503
-0.0091734
0.0411903
0.0254418
-0.0019540
-0.0522693
-0.0012503
0.0380274
-0.0332020
-0.0591140
0.0121024
0.0568345
0.0185009
0.0457079
0.0735627
0.0825927
-0.0221332
-0.0376592
-0.0359700
0.0656490
0.0610196
-0.0616398
0.0164104
-0.0360340
-0.0423246
0.0825820
-0.0808098
0.0668571
-0.0814243
0.0447839
-0.0617739
0.0184255
-0.0620526
0.0469644
0.0246128
-0.0558641
-0.0096997
-0.0603200
0.0186028
