0.0463857
0.0786227
-0.0059125
-0.0519784
0.0543490
-0.0093953
0.0323849
-0.0707862
-0.0729349
-0.0696298
0.0280487
0.0229987
-0.0122621
0.0170761
0.0314539
-0.0974340
-0.0672007
0.0451634
-0.0019989
0.1458858
0.0900769
0.0715462
-0.0093351
0.0521657
0.0572882
-0.0220174
-0.1153709
-0.1540523
-0.1774051
-0.1692268
-0.1628327
-0.1108747
0.2315827
0.5251344
0.5170672
0.2031647
-0.1613173
-0.2567771
-0.2733629
-0.2566155
-0.1771918
-0.0131604
-0.0674271
0.0238130
0.0289660
0.1320879
0.1423877
0.0962545
0.1332241
-0.0338283
-0.0060599
-0.0595610
0.0076920
0.0277119
-0.1041055
-0.0675955
-0.0452109
0.0650667
0.0421298
0.0066691
0.0956304
0.0435139
0.0516731
0.0964543
-0.0146378
-0.0233653
-0.0094564
0.0253280
-0.0651160
-0.0287314
-0.0771338
0.0086221
-0.0288508
-0.0245341
-0.0638273
-0.0729094
-0.0277337
-0.0812124
0.0736535
-0.0067294
0.0896244
0.0190432
0.0216536
0.0424215
0.0045149
0.0473058
-0.0372038
0.0389558
-0.0242295
-0.0380564
0.0632658
0.0590359
0.0842495
-0.0076168
-0.0781830
-0.0276571
-0.0723297
0.0097001
-0.0298243
0.0477224
-0.0678373
-0.0343819
-0.0823767
-0.0549737
-0.0596886
0.0609240
0.0796070
0.0060469
0.0170413
0.0400763
-0.0571489
0.0562412
0.0003214
-0.0587290
0.0408701
0.0809892
0.0611122
-0.0633239
-0.0482668
0.0551631
-0.0473490
0.0187307
-0.0510819
0.0064062
0.0064191
-0.0191969
-0.0427325
0.0108197
0.0380030
0.0202625
-0.0264750
0.0078524
0.0866199
-0.0506182
0.0057249
-0.0783457
-0.0664983
-0.0056994
0.0077089
0.0202660
0.0001478
-0.0810427
-0.0091190
0.0726901
0.0413382
0.0042010
0.0417378
0.0702052
0.0048246
0.0535116
-0.0648204
-0.0629338
-0.0240871
0.0037657
0.0296303
0.0704528
0.0588393
0.0059591
0.0624955
-0.0116216
0.0286347
0.0309017
0.0312251
-0.0221986
0.0846834
0.0681992
-0.0578060
-0.0683125
0.0141416
-0.0869090
-0.0409942
0.0143769
-0.0118911
-0.0409461
-0.0186727
-0.0285026
0.0156465
-0.0516148
0.0280090
-0.0138845
-0.0097284
0.0771226
0.0268077
0.0319186
-0.0093719
0.0538744
0.0137596
-0.0548735
0.0067165
-0.0493753
-0.0747984
0.0445462
-0.0634171
0.0028640
0.0355581
-0.0924838
0.0756365
-0.0705774
0.0597249
-0.0324681
-0.0563093
-0.0803905
-0.0171043
-0.0731978
-0.0778788
0.0394766
0.0684343
0.0254849
0.0737432
-0.0013762
-0.0225066
0.0673575
-0.0746867
-0.0920470
-0.0447802
-0.1146681
-0.1195593
-0.0820186
-0.0960573
0.0680740
0.0146241
0.0998609
0.1392708
0.0023615
0.1139405
0.1175920
0.0283314
-0.0333669
-0.0769574
-0.0436019
-0.2194444
-0.2575217
-0.1946814
-0.0113459
0.1672970
0.2998449
0.3480091
0.2766847
-0.0748699
-0.2368504
-0.3061610
-0.1617438
-0.0452738
-0.0404499
-0.1168073
0.0512016
0.0234633
0.0127271
0.1122219
0.0114363
-0.0328230
0.0610365
-0.0340365
0.0868038
-0.0967530
-0.0213397
0.0336259
-0.0225309
-0.0737847
-0.0288335
0.0436638
0.0682929
-0.0257515
-0.0295385
0.0261229
-0.0468195
-0.0255823
0.0313719
0.0117827
-0.0621296
0.0268153
-0.0904020
0.0150834
-0.0742821
-0.0108086
-0.0280170
-0.0286458
0.0725973
0.0617894
0.0645610
-0.0386301
0.0391679
0.0709172
0.0456962
-0.0558040
-0.0806600
0.0070483
-0.0445623
0.0299735
0.0432417
0.0414861
-0.0346085
0.0140714
-0.0569045
-0.0017524
0.0689342
0.0470589
-0.0560499
0.0526446
-0.0342918
0.0132582
0.0344933
-0.0573383
0.0396685
-0.0192185
0.0352708
0.0483964
0.0387823
0.0032117
-0.0715225
-0.0132395
-0.0392884
-0.0633035
0.0603039
-0.0523059
0.0254673
0.0541031
0.0640967
0.0771349
0.0343162
-0.0357192
0.0347676
0.0028480
-0.0177910
-0.0875840
-0.0763074
0.0498839
-0.0486304
-0.0868755
0.0110794
-0.0432255
-0.0690648
0.0187334
-0.0608232
0.0412489
-0.0395498
0.0243290
-0.0182532
0.0546636
0.0708437
-0.0453074
0.0491038
-0.0846240
-0.0129442
-0.0708389
-0.0554200
-0.0168424
-0.0183016
0.0053844
0.0738389
-0.0066963
0.0152150
0.0202911
0.0148717
0.0575107
0.0608833
-0.0679458
-0.0890572
-0.0592638
0.0185980
0.0739980
-0.0365397
-0.0509766
0.0838593
-0.0873491
0.0280325
-0.0813524
-0.0661438
-0.0834120
-0.0565127
-0.0224394
-0.0123050
0.0477792
-0.0875809
0.0266887
-0.0090983
0.0130312
0.0544510
-0.0433647
0.0884110
-0.0824247
-0.0859381
-0.0322054
0.0253096
-0.0825879
0.0267543
0.0704888
0.0218415
0.0285639
-0.0003239
-0.0375990
0.0792624
-0.0453317
0.0234104
0.0097251
0.0755983
-0.0003951
0.0494915
0.0179788
-0.0094056
0.0662797
-0.0639742
0.0562267
0.0048656
-0.0933133
0.0077901
-0.0479618
-0.0241821
0.0520457
-0.0858632
0.0672979
-0.0127495
0.0647759
-0.0654652
0.0827310
-0.0260146
0.0759289
-0.0183127
-0.0693744
-0.0462671
0.0272537
0.0309732
-0.0571343
-0.0507728
-0.0689531
-0.0901523
-0.0107845
0.0304057
0.0993292
0.0735560
0.1252779
0.0562213
-0.0103751
0.1095943
-0.0194141
-0.0459447
-0.0022615
-0.1768181
-0.1254724
-0.2874195
-0.1628314
-0.1492317
0.1245361
0.3742930
0.3612782
0.2980160
0.0941962
-0.1289772
-0.2248443
-0.1222475
-0.1849473
-0.1116267
-0.0214518
0.0570669
0.1080890
0.0307043
-0.0007783
-0.0199295
0.0106297
-0.0437656
-0.0585389
0.0560476
-0.0915101
-0.0989182
-0.0493708
0.0415467
0.0040535
0.0595462
-0.0854466
0.0049676
0.0400106
0.0027338
0.0187935
0.0543433
0.0652385
0.0484423
0.0871477
0.0178727
-0.0732203
-0.0311539
-0.0252875
0.0307355
-0.0024089
-0.0359570
-0.0770213
-0.0697081
-0.0444059
-0.0030110
-0.0349901
-0.0813154
-0.0319491
-0.0461980
-0.0641337
0.0446588
-0.0727068
0.0696551
0.0325631
-0.0107552
-0.0454144
0.0294427
0.0216658
-0.0366280
-0.0338939
0.0490760
0.0687014
0.0639957
-0.0283477
-0.0148158
0.0855616
0.0771084
-0.0871616
-0.0000791
0.0715150
-0.0787000
0.0665912
0.0233832
-0.0453464
-0.0752097
-0.0774228
-0.0206898
0.0260159
-0.0711131
0.0258631
0.0474279
0.0816047
0.0192169
-0.0433265
0.0006106
0.0530031
-0.0260227
0.0490637
-0.0671055
0.0463273
0.0346258
-0.0609763
-0.0781079
0.0814153
-0.0448827
0.0315516
-0.0238583
-0.0532885
-0.0305917
0.0129656
-0.0073604
-0.0660864
-0.0765804
-0.0403043
0.0824485
0.0598104
-0.0421844
-0.0256280
0.0679824
-0.0881526
0.0565460
0.0078775
0.0504711
0.0480986
-0.0295333
0.0829164
-0.0273625
-0.0504222
-0.0732979
0.0361461
-0.0512618
0.0453214
-0.0122512
-0.0609378
0.0160418
-0.0450460
-0.0157671
-0.0612794
-0.0139737
-0.0440121
-0.0887617
0.0354426
-0.0064779
0.0512751
-0.0343241
-0.0543576
0.0169465
-0.0612849
-0.0047433
0.0396445
-0.0227160
-0.0589869
0.0761543
0.0506671
-0.0187990
-0.0303062
0.0541367
-0.0837589
0.0555505
0.0308200
0.0614211
0.0073770
-0.0386279
-0.0092600
0.0059606
0.0590389
-0.0255817
0.0275040
0.0364362
-0.0185636
-0.0799686
0.0652206
-0.0261631
-0.0512737
-0.0395652
-0.0097159
-0.0200420
-0.0800514
-0.0060043
-0.0735655
0.0226365
-0.0539168
0.0628562
0.0547545
-0.0672042
0.0252985
-0.0785988
-0.0586723
-0.0603333
0.0017379
-0.0381919
-0.1089514
-0.1085516
-0.0409985
-0.0925400
0.0811260
0.0310142
-0.0150941
0.1264929
0.0154194
0.0791889
0.0576660
0.0104713
0.0240632
-0.0641003
-0.1641425
-0.1385450
-0.1859695
-0.3032572
-0.2317618
0.1989261
0.4158568
0.5870503
0.4151914
0.1168668
-0.2523900
-0.2513672
-0.3201557
-0.2272558
-0.0398578
-0.0109185
0.0210765
0.0334561
0.1593359
0.1211557
0.0999928
0.1510708
0.1283399
0.0601125
0.0584837
0.0089500
-0.1219270
-0.0769023
-0.0484103
0.0418487
-0.0314781
0.0347081
0.0664731
0.0210983
0.0351808
0.0349438
0.0202641
0.0564747
-0.0407846
-0.0780933
-0.0739842
-0.0399512
-0.0214657
-0.0809361
-0.0012099
-0.0718713
-0.0170394
-0.0872674
0.0546632
-0.0756680
-0.0036739
0.0406979
0.0479653
-0.0255494
-0.0701946
0.0718184
0.0681949
-0.0065537
0.0465621
-0.0071348
0.0518381
0.0674127
-0.0210040
-0.0248677
-0.0145827
0.0405485
0.0779737
0.0153087
-0.0789381
-0.0835620
-0.0055128
0.0353485
-0.0475401
0.0597844
-0.0019141
0.0292182
-0.0512320
0.0015351
-0.0046492
-0.0632017
0.0067352
0.0831662
-0.0515090
0.0423184
-0.0693395
0.0019749
-0.0459353
-0.0853002
0.0582812
0.0571949
0.0592692
-0.0626044
0.0216638
-0.0192051
-0.0352449
0.0334434
-0.0391851
0.0028346
0.0101874
0.0056349
0.0740567
0.0519071
-0.0248782
-0.0149311
-0.0457715
0.0158092
-0.0573747
-0.0423929
-0.0475580
-0.0278400
0.0742637
-0.0246802
0.0232288
-0.0150829
0.0229488
0.0148519
-0.0052434
-0.0690679
0.0646234
0.0205326
0.0283382
0.0219251
-0.0349159
-0.0234602
0.0582562
0.0058224
-0.0545696
0.0263121
0.0007423
0.0655978
-0.0006169
-0.0395707
-0.0334640
0.0372147
0.0749511
0.0144238
0.0155223
-0.0314984
-0.0588675
0.0477794
-0.0756957
0.0159166
-0.0447195
-0.0051810
-0.0777492
0.0291463
0.0343972
-0.0488777
-0.0224520
0.0631248
-0.0901424
-0.0749218
-0.0152178
0.0406459
0.0244863
0.0699603
-0.0575130
0.0079719
0.0894686
-0.0068593
0.0065152
-0.0112673
0.0889810
0.0912399
-0.0273850
-0.0105383
-0.0693104
-0.0009571
-0.0004992
-0.0269754
-0.0016763
-0.0460449
-0.0655222
-0.0414907
-0.0390917
-0.0513621
0.0331429
0.0623333
0.0803198
0.0577558
-0.0074354
0.0851873
0.0435036
0.0416208
-0.0016802
-0.0031373
-0.0999270
-0.0808873
-0.0820251
-0.0275223
0.0401597
-0.0267532
0.0567304
0.1160658
0.1298969
0.1112420
0.0657595
0.0793543
0.0079627
-0.0668893
-0.0689260
-0.2669653
-0.2705507
-0.2860110
-0.0119639
0.3481797
0.5564565
0.4806995
0.1459888
-0.1267719
-0.1741139
-0.3187040
-0.2104540
-0.0962750
-0.1514100
-0.0107967
0.0066560
0.0201168
0.0571546
0.0607845
-0.0152362
0.1111311
0.0547951
0.0075838
-0.1028672
-0.1004934
-0.0939676
-0.1228114
-0.0955118
-0.0009639
0.0049763
0.0769319
0.0841705
0.0168076
0.0011027
-0.0397662
-0.0620692
-0.0659680
-0.0272170
-0.0476406
-0.0853872
-0.0358646
0.0005881
0.0127805
-0.0219397
0.0494838
-0.0829224
-0.0170509
-0.0466980
0.0523391
0.0313166
-0.0078799
-0.0633961
0.0691897
0.0081508
-0.0141519
-0.0733103
-0.0655166
0.0314955
0.0108213
0.0379057
-0.0741800
0.0798795
0.0663269
0.0628248
-0.0810293
-0.0205508
0.0035290
0.0888217
0.0374162
-0.0617150
0.0314868
-0.0323342
0.0778712
-0.0491476
0.0326246
-0.0327672
0.0047050
0.0771526
0.0166695
0.0326904
-0.0110233
0.0669915
0.0775871
-0.0682135
0.0187652
-0.0114582
0.0251638
0.0783489
-0.0584549
-0.0772995
0.0127473
0.0807800
-0.0492332
-0.0045838
-0.0035566
0.0403921
0.0467571
-0.0359317
0.0352352
0.0717936
0.0519102
0.0104256
0.0437099
0.0178410
0.0166637
-0.0588634
0.0098549
-0.0082928
-0.0260117
-0.0508150
-0.0327044
0.0558405
0.0252513
-0.0693427
-0.0328335
0.0748304
-0.0263862
0.0397616
0.0104805
0.0618521
-0.0569018
-0.0731927
0.0161003
0.0284117
-0.0031884
0.0582235
-0.0807009
-0.0551237
0.0660415
0.0311024
0.0204820
-0.0493438
-0.0153424
-0.0769288
-0.0404855
0.0110934
-0.0065754
-0.0600910
-0.0017656
0.0510250
-0.0182378
-0.0315148
0.0234939
-0.0598418
0.0795512
0.0250201
-0.0178357
0.0416307
-0.0787860
0.0898861
0.0215343
0.0545881
-0.0458055
-0.0658363
-0.0654022
0.0447506
0.0412225
0.0089492
-0.0256921
-0.0123585
-0.0189785
0.0176128
-0.0016815
-0.0788521
0.0289196
0.0057279
0.0094488
-0.0808267
0.0784546
-0.0249200
0.0738366
0.0393709
-0.0036307
-0.0556268
0.0020296
0.0439790
0.0015367
-0.0158346
0.0525998
0.0682269
0.0309616
0.0310154
0.0095347
-0.0372566
-0.0412277
-0.0239094
0.0403446
0.0446074
-0.0192244
-0.0764459
0.0064136
-0.0573975
-0.0888059
-0.0831109
0.0356878
-0.0633928
-0.0522930
0.0302825
-0.0236475
0.0853639
0.0817677
0.0221947
0.0357184
0.1018923
-0.0208577
-0.1144239
-0.0931032
-0.1921480
-0.2321237
-0.1534370
-0.0395231
0.3036389
0.4182804
0.3221869
0.2480788
-0.0085054
-0.2432475
-0.1456018
-0.1331044
-0.0557360
-0.1004535
0.0288925
0.1034451
0.0754691
-0.0047340
0.0366071
0.0079124
0.0964109
-0.0271068
0.0124335
0.0672891
-0.1068514
-0.0833258
-0.0679812
0.0250691
0.0101440
-0.0696286
0.0165930
-0.0713766
0.0024904
0.0422857
-0.0352290
0.1022559
-0.0106935
0.0019263
-0.0681810
-0.0460277
-0.0534220
-0.0142228
0.0430340
0.0274396
0.0588620
-0.0668923
-0.0396747
-0.0904225
-0.0736395
-0.0757248
0.0195701
0.0216289
0.0922431
0.0018380
0.0436885
-0.0880968
-0.0568074
-0.0807377
-0.0615053
-0.0194526
-0.0401663
-0.0726817
-0.0328712
-0.0592173
0.0422964
-0.0766351
0.0010596
0.0583384
0.0702671
0.0871602
-0.0428548
-0.0563044
0.0467799
-0.0718413
-0.0653486
-0.0281008
-0.0424241
0.0474927
-0.0588693
-0.0091598
-0.0889240
-0.0396975
-0.0819568
0.0007119
-0.0482525
0.0514993
-0.0692830
0.0852817
0.0654308
-0.0742202
0.0813117
0.0255274
-0.0727718
-0.0434371
-0.0359561
0.0431560
-0.0853645
0.0371498
-0.0295979
-0.0055074
-0.0883451
-0.0428030
-0.0644739
0.0212018
0.0787288
0.0312160
-0.0420078
0.0490349
-0.0761477
0.0516121
-0.0517661
-0.0425150
-0.0684049
-0.0361842
-0.0787630
-0.0380439
0.0801822
-0.0452047
0.0831174
-0.0283394
0.0256962
0.0560281
0.0543093
-0.0273603
0.0291740
-0.0072820
-0.0471378
-0.0311366
-0.0021629
0.0427601
0.0314641
-0.0111092
-0.0425621
-0.0919684
-0.0635181
-0.0824202
-0.0403034
0.0670474
0.0788401
0.0317380
-0.0813196
-0.0434160
0.0661612
0.0344139
0.0564222
0.0325387
-0.0688159
0.0382398
0.0735208
0.0352547
0.0688256
0.0040975
-0.0496216
-0.0752195
-0.0524713
-0.0390586
0.0816623
-0.0050471
-0.0117176
0.0598149
-0.0423793
-0.0436025
0.0158756
0.0636568
0.0241113
0.0902819
0.0015225
0.0246533
0.0732726
0.0639362
0.0284287
0.0779873
0.0360645
0.0447318
0.0575003
0.0456659
0.0864372
0.0372494
0.0748432
0.0508262
0.0387971
0.0080840
-0.0460863
-0.0348996
-0.0217962
-0.0394288
0.0034610
-0.0374132
0.0190316
-0.0538980
-0.0206481
-0.0294933
-0.0067009
0.0656173
0.0866555
0.0283084
0.1363755
0.1252601
0.0051563
-0.0188746
0.0291287
-0.1199653
-0.0978216
-0.1569823
