0.0314264
-0.0437056
0.0390590
-0.0849195
0.0224656
0.0319530
0.0805196
-0.0043823
0.0540968
0.0025525
0.0312667
-0.0050676
-0.0326256
-0.0470481
0.0103369
0.0748984
-0.0875377
-0.0927116
0.0359224
-0.0772087
-0.0930492
-0.0541727
0.0207625
0.0134099
0.0763984
0.0361942
0.0768777
-0.0643036
-0.0085020
-0.0530064
0.0678681
0.0638417
-0.0099410
0.0494472
-0.0007109
0.0944131
-0.0918098
-0.0608358
0.0796986
-0.0869201
0.0180865
0.0447508
-0.0748718
-0.0886761
0.0823717
-0.0080988
-0.0951598
0.0543039
-0.0339054
0.0332036
-0.0354551
0.0055314
-0.0612878
-0.0548050
-0.0034827
-0.0666955
-0.0140752
0.0841519
0.0425623
-0.0884649
-0.0047729
-0.0755704
-0.0945806
0.0628013
0.0367274
-0.0833161
-0.0689765
0.0528819
0.0406060
0.0703093
-0.0308138
0.0393832
-0.0000021
-0.0966553
-0.0330582
-0.0546452
0.0079051
-0.0504091
-0.0134335
0.0594294
0.0914970
-0.0678498
-0.0839959
0.0455560
-0.0624382
-0.0468468
-0.0795179
-0.0027462
-0.0387201
-0.0479235
-0.0647017
-0.0424546
-0.0354722
0.0960918
0.0610997
0.0381269
-0.0243983
0.0583407
-0.0876195
0.0928508
0.0193116
0.0960123
0.0627085
-0.0378370
0.0272447
0.0151438
-0.0328967
-0.0433038
-0.0156627
-0.0030042
0.0159598
0.0059038
0.0304801
-0.0618823
0.0726135
-0.0054896
-0.0000949
0.0210762
-0.0283702
0.0793535
-0.0662111
0.0593785
-0.0827656
-0.0542655
-0.0140170
-0.0809342
0.0594206
-0.0813753
-0.0184204
-0.0636111
0.0353446
0.0889636
0.0269460
0.0364171
-0.0868755
-0.0134748
0.0023114
0.0709260
-0.0404796
0.0119599
-0.0912811
0.0082979
-0.0341409
0.0686174
-0.0921397
-0.0349887
-0.0420164
0.0478266
0.0439194
-0.0500086
0.0398859
0.0635967
0.0195991
0.0146088
-0.0528117
-0.0129438
-0.0359909
-0.0423866
-0.0695769
-0.0751992
0.0349038
0.0741821
-0.0930559
0.0782073
-0.0277544
0.0639590
0.0614118
0.0045535
-0.0260557
-0.0483469
-0.0107423
-0.0318333
0.0473726
-0.0440194
-0.0733314
-0.0089138
0.0606962
-0.0218971
0.0772718
0.0285256
0.0863808
-0.0547657
0.0540870
-0.0236276
0.0538657
-0.0458307
0.0975138
0.0978935
-0.0697686
-0.0266048
-0.0840046
-0.0944508
0.0553651
0.0729726
-0.0439772
0.0558062
-0.0440637
-0.0643264
-0.0822905
0.0921563
0.0957266
0.1131767
-0.0119931
-0.0269828
-0.0119148
-0.0008478
0.0683581
-0.0351551
0.0358612
-0.0742963
-0.1884953
-0.1110665
-0.1647593
-0.0558050
-0.0229830
0.0226128
0.1833999
0.3244768
0.4802241
0.3338034
0.1538831
-0.3098849
-0.6143384
-0.5989653
-0.2623846
0.0390144
0.1452371
0.2601889
0.2860581
0.1041215
0.1594025
-0.0172565
0.0149589
-0.0648333
0.0113138
-0.0497592
-0.1704463
-0.1221027
-0.0789484
-0.0568501
0.1025560
-0.0359274
-0.0194022
0.0762727
0.0809286
0.0122684
-0.0516830
0.0050708
0.0237903
-0.0720753
-0.0011540
-0.0934843
-0.0096598
-0.0581935
-0.0895376
-0.0247555
0.0550817
-0.0622053
0.0161438
0.0195681
-0.0656624
0.0331925
-0.0576306
-0.0602402
0.0139944
-0.0785220
-0.0777651
-0.0997770
-0.0905315
0.0075628
0.0277095
0.0635993
-0.0490757
-0.0451040
0.0560664
0.0074957
-0.0730573
-0.0060887
-0.0096193
0.0924415
0.1099486
0.0374715
-0.0791614
0.0123677
-0.0344613
-0.0894324
0.0375772
-0.0516016
-0.0776591
-0.0158812
-0.1137689
-0.0898821
0.0645818
-0.0564953
-0.0257490
-0.0142273
-0.0327714
0.0581499
0.1158190
-0.0000954
0.0964505
-0.0170779
0.0958854
-0.0880252
-0.1293266
-0.1206688
-0.1526257
-0.1182752
-0.0928883
0.0320041
0.0316870
0.1929888
0.2213226
0.3769197
0.4610459
0.2947890
-0.0867497
-0.2969989
-0.4349976
-0.2933287
-0.1382061
-0.1377839
-0.0569312
0.0836349
0.2528485
0.2379344
0.3937869
0.1709286
-0.0165405
0.0149317
-0.0373237
-0.1619004
-0.2150234
-0.1546638
-0.1444060
0.0205783
-0.0485972
-0.0699106
0.0355839
0.1304245
0.0678208
0.0510994
-0.0115745
-0.0304689
0.0733800
-0.0155705
-0.0038321
-0.0845060
-0.0690113
0.0198425
0.0223439
-0.0826713
-0.0136858
-0.0448276
-0.0274818
-0.0487146
0.0035852
0.0338259
0.0441011
-0.0161663
-0.0187347
-0.0431014
0.0398073
0.0892062
-0.0360564
-0.0471863
0.0388893
0.0752168
0.0312082
0.0758807
0.0615370
0.0534309
-0.0830107
-0.0105507
0.0027833
0.0756083
0.0412735
0.0978172
0.0889153
-0.0603144
-0.0405463
-0.0110686
-0.0994266
-0.0724343
0.0280519
-0.0118335
0.0468904
-0.0325184
0.0606447
0.0946520
0.0940260
-0.0131695
-0.0528090
0.0375119
0.0736102
-0.0222882
0.0371210
0.0028122
-0.0591998
-0.0703184
-0.0777158
-0.0617932
0.0797298
-0.0441189
0.0666510
0.0683087
-0.0033874
-0.0088183
0.0495942
-0.0840510
-0.0190792
-0.0124695
0.0175626
0.0839171
-0.0897729
0.0847653
0.0373867
-0.0858503
0.0526181
0.0777712
0.0291576
-0.0288825
0.0486501
0.0298512
-0.0843317
-0.0677973
0.0384923
0.0385445
-0.0080072
-0.0758186
-0.0476254
0.0862399
-0.0245733
0.0777603
0.0477892
-0.0717444
-0.0354628
0.0091824
0.0707576
-0.0219166
0.0857305
0.0586354
-0.0712077
-0.0280274
0.0360922
-0.0276026
0.0435301
-0.0635345
0.0645330
-0.0751869
0.0224913
-0.0622092
-0.0521307
0.0318352
0.0379319
-0.0042424
-0.0109872
0.0417761
-0.0574660
0.0484817
-0.0425594
0.0951879
0.0872938
0.0169517
0.0571153
-0.0972055
0.0411131
-0.0052417
0.0391613
-0.0774320
-0.0229127
-0.0492781
0.0911034
-0.0327937
0.0160840
-0.0412714
0.0215333
-0.0422961
-0.0013193
0.0380424
0.0408065
-0.0103857
0.0171578
-0.0672055
-0.0563151
-0.0699390
0.0552163
0.0036711
-0.0883375
0.0699146
-0.0849692
0.0174255
-0.0975219
-0.0876691
-0.0920455
-0.0417804
0.0317145
0.0339002
-0.0576572
-0.0432003
0.0040409
0.0008514
0.0448186
-0.0519025
-0.0612026
-0.0716970
-0.0672742
-0.0803914
-0.0660333
0.0659596
-0.0845686
-0.0265822
0.0787470
-0.0424031
-0.0167851
-0.0747897
0.0708420
-0.0687095
0.0468035
0.0285706
0.0200290
0.0643122
-0.0631930
0.0179683
0.0768675
0.0631534
0.0485542
-0.0604886
0.0817566
0.0407967
-0.0223391
0.0813651
-0.0062364
-0.0450946
0.0175569
-0.0526445
0.0415750
-0.0629056
-0.0721474
-0.0181061
0.0414077
0.0708762
0.0343890
-0.0196638
0.0234841
-0.0557955
-0.0817850
-0.0937245
0.0669329
-0.0504028
0.0076255
0.0394063
0.0374358
0.0390627
-0.0866526
0.0873722
-0.0719059
0.0714267
-0.0002146
0.0336279
-0.0882117
0.0463243
0.0728811
-0.0182329
-0.0531325
-0.0248687
0.0162976
-0.0916737
0.0531700
0.0720443
0.0639604
-0.0228877
-0.0196671
-0.0010230
0.0837206
-0.0444526
0.0731706
0.0941846
0.0562972
-0.0095599
-0.0912253
-0.0845254
-0.0564820
-0.1426430
-0.1066409
-0.0815443
0.0889068
0.0974652
0.3601083
0.3301045
0.3246758
0.1167526
-0.3237858
-0.4550049
-0.4948069
-0.3278844
-0.1215938
0.1157236
0.3008159
0.2455250
0.1595090
0.2162747
0.0342382
-0.0662708
-0.0428537
-0.1518476
0.0047162
-0.0714348
-0.0898531
-0.0201186
0.0272008
-0.0038407
0.0108545
0.1228775
0.0337697
-0.0128643
0.1264199
0.0031968
0.0230603
-0.0169818
0.0710794
-0.0023281
0.0161795
-0.1008252
-0.1219183
0.0454303
-0.0586354
-0.0022735
0.0760703
0.0063033
-0.0358096
-0.0596232
0.0236543
0.0460041
0.0056737
-0.0631205
0.0137088
-0.0561254
0.0130108
0.0111653
-0.0997676
0.0496685
-0.0363981
0.0232802
0.0900460
0.0135398
0.1011642
0.1022147
0.1514621
0.1130618
0.0671643
0.0918131
-0.1066951
-0.1289732
-0.0341685
-0.1467956
-0.0797507
-0.1581206
-0.1705981
0.0780298
0.1458145
0.1268753
0.1968931
0.0807836
0.0983086
0.1140638
0.1756420
0.0328935
-0.1769536
-0.5019364
-0.4603477
-0.1013796
0.1086516
0.1580652
0.2449625
0.1274072
0.0585661
0.1160355
0.0065433
-0.0288907
-0.0999370
-0.1174349
-0.1087901
-0.0695798
0.0014868
0.0213413
-0.0321993
-0.0887134
0.0600998
0.1235285
-0.0033546
-0.0382767
0.0133569
0.0834569
0.0337556
0.0384280
-0.1036030
-0.1000779
-0.0417297
0.0116158
-0.0210916
0.0115147
-0.0372557
-0.0692724
0.0662512
-0.0841840
0.0717339
0.0776223
-0.0102062
0.0886775
-0.0146226
-0.0970890
0.0143588
0.0578097
-0.0488705
0.0285593
0.0782548
-0.0686453
0.0597538
-0.0676853
0.0384387
0.0499205
0.0700888
0.0572607
-0.0401694
0.0304067
-0.0580506
0.0760756
0.0344765
0.0686446
0.0017984
-0.0865333
0.0470535
0.0703481
-0.0009899
-0.0541262
0.0614220
-0.0698896
0.0809843
-0.0314124
0.0846531
0.0643136
-0.0332498
0.0046248
-0.0057785
-0.0206667
-0.0782001
-0.0391550
0.0802802
0.0239647
-0.0986777
-0.0506234
-0.0291898
0.0750602
-0.0061146
0.0345283
0.0891505
0.0808250
0.0770458
-0.0193572
-0.0796549
0.0275391
0.0783265
0.0298523
0.0929504
0.0613698
0.0652431
0.0919289
0.0880967
-0.0294639
-0.0504591
0.0598533
0.0788700
-0.0780542
-0.0868237
-0.0364883
-0.0109737
0.0006045
-0.0642026
-0.0120456
-0.0505885
0.0910016
0.0126887
0.0383937
0.0621213
-0.0346352
-0.0357871
0.0214512
0.0673002
-0.0244440
-0.0442596
0.0354568
0.1042669
-0.0760501
0.0069731
0.0210776
-0.0972154
-0.0825364
-0.0245284
0.0792478
-0.0713837
-0.0722941
-0.0352655
-0.0839334
-0.0305273
0.0438597
-0.0874383
0.0055340
-0.0358092
-0.0785468
-0.0082561
-0.0603850
-0.0108393
-0.0242430
0.0375690
0.0660260
0.0778468
-0.0919494
-0.0428338
0.0422677
-0.0330382
0.0882927
0.0188178
0.0834461
0.0733139
0.0697111
0.0707404
-0.0274621
-0.0202154
-0.0807420
-0.0553765
-0.0209501
0.0188809
-0.0736345
0.0826220
0.0787310
0.0012185
0.0086024
-0.0918669
0.0596736
-0.0089531
0.0801065
0.0964831
0.0503785
0.0830822
-0.0807851
-0.0345087
0.0747319
0.0043815
-0.0275023
-0.0062801
-0.0835033
-0.0208340
-0.0165377
0.0901898
0.0897987
0.0096063
-0.0694924
0.0731591
0.0810773
0.0729422
-0.0332293
0.0835842
0.0860037
-0.0795019
-0.0901136
0.0772870
-0.0141299
-0.0094692
-0.0128823
-0.0816095
0.0033996
0.0110711
0.0752782
0.0393018
0.0888219
0.0724983
0.0374648
0.0056173
0.0797593
-0.0488828
0.0542585
-0.0775493
0.0845601
0.0456807
0.0451413
-0.0542673
-0.0730826
-0.0730222
0.0064979
0.0650651
-0.0599691
0.0541853
-0.0858303
0.0795240
0.0699367
-0.0507630
-0.0636226
0.0431932
-0.0214961
0.0540526
0.0639134
0.0856945
0.0012018
0.0491975
0.0729442
0.0482975
-0.0771460
0.0777710
-0.0535861
-0.0104913
0.0176677
-0.0432974
-0.0115603
-0.0302011
-0.0115106
0.0636813
-0.0886110
0.0450099
0.0358865
-0.0037632
0.0768536
0.0025718
0.0406612
-0.0177102
0.0464128
-0.0474886
-0.0351398
-0.0539053
0.0679329
-0.0365220
-0.0054586
-0.0170375
0.0437181
0.0068097
0.0741014
0.0683235
-0.0059289
0.0212933
-0.0294749
0.0971761
0.0942838
-0.0311524
0.0423839
-0.0306299
0.0188356
-0.0846234
-0.0951113
-0.0477440
-0.1710497
-0.0493901
0.0281474
0.0772128
0.1382031
0.3486872
0.4255187
0.2860623
-0.1071959
-0.3887081
-0.6130450
-0.4237999
-0.1521793
0.1711611
0.1845900
0.2485530
0.2248412
0.2023829
0.0932518
-0.0388754
0.0104892
-0.1128275
-0.0411352
-0.1461941
-0.1062609
-0.1397733
-0.0383791
-0.0680138
-0.0649696
0.1234615
-0.0425696
0.0341999
0.1230288
0.0445169
-0.0575734
-0.0250659
-0.0461536
-0.1086981
0.0061564
-0.0074701
-0.0234023
-0.0166596
0.0416777
0.0480564
-0.0324068
0.0263507
0.0478654
0.0273535
0.0195369
0.0200634
-0.0045787
0.0737101
-0.0141243
-0.0149355
-0.0466132
0.0185401
-0.0292494
0.0382649
-0.0459759
0.0117315
-0.0551531
-0.0681384
-0.0441254
0.0203332
-0.0770540
-0.0475756
-0.0785377
0.0294781
0.0222404
0.0734319
-0.0953548
-0.0010827
-0.0285771
-0.0907613
0.0269115
0.0372902
0.0852988
0.0526321
-0.0152909
0.0147814
-0.0339169
-0.0769867
0.0915564
-0.0481636
-0.0143595
0.0739650
-0.0222547
-0.0600579
-0.0687801
0.0459420
0.0940054
-0.0341064
0.0420262
-0.0489713
-0.0874012
0.0019693
-0.0089775
0.0493713
-0.0050140
-0.0699653
0.0005170
0.0769217
0.0613279
-0.0518670
-0.0752459
0.0460676
0.0578416
0.0066462
-0.0640360
-0.0033208
-0.0297912
0.0892187
-0.0155817
0.0308390
-0.0793686
-0.0034541
0.0536871
-0.0841320
-0.0699669
-0.0492559
-0.0175715
0.0023418
-0.0368094
-0.0731484
0.0854927
-0.0351706
-0.0540912
0.0415210
0.0584887
0.0432390
0.0780416
0.0009998
-0.0493147
0.0727311
-0.0485567
-0.0706333
0.0352439
0.0377398
0.0073092
0.0286724
-0.0633948
0.0853919
-0.0285355
-0.0540835
-0.0009070
-0.1066728
-0.0147049
-0.0636665
-0.0444735
0.0820396
0.1099088
0.1261265
-0.0277126
0.1137291
0.1028297
-0.0853041
0.0599245
-0.0856399
-0.0664635
0.0520925
-0.0620648
-0.1064033
-0.0085797
0.0636532
0.0766978
0.0407166
-0.0299999
0.0013474
-0.0248416
0.0728199
0.0769802
0.0463200
-0.0651504
0.0215487
-0.0834829
-0.1512393
-0.1493464
-0.1189012
-0.0957328
-0.1821636
-0.0905758
0.0964883
0.3127281
0.4966873
0.5540128
0.4375312
0.1194599
-0.4513797
-0.8567502
-0.7956425
-0.2913496
0.1143108
0.2285990
0.4438518
0.4012761
0.2801425
0.1157621
0.0807239
-0.0924878
-0.0832870
-0.2288022
-0.1021098
-0.1835669
-0.0591936
-0.0976447
-0.0581532
-0.0535220
-0.0071913
0.0497023
-0.0017847
0.0199760
0.0455281
0.0076543
-0.0266490
0.0098911
-0.0854598
0.0607486
0.0647289
-0.1194992
0.0521419
0.0178401
-0.0504774
0.0509613
-0.0314472
0.1070434
0.1047140
-0.0411400
-0.0638611
0.0899859
0.0451736
0.0209426
-0.0283329
-0.0443869
0.0360840
0.0392313
-0.0596425
0.0835541
-0.0031046
0.0582479
0.0535752
0.0210799
-0.0354755
-0.0119295
-0.0735812
-0.0465989
-0.0075459
0.0907128
0.0897775
0.0670784
-0.0234694
-0.0070187
0.0088991
-0.0936829
-0.0091832
0.0658579
-0.0915830
-0.0889330
0.0853593
0.0447830
-0.0498042
-0.0558983
0.0116076
0.0807851
-0.0149700
0.0761827
0.0340914
-0.0794732
-0.0184645
-0.0019005
0.0899822
-0.0761822
0.0417833
0.1020057
-0.0517940
-0.0826149
-0.0928044
-0.0682835
0.0437672
0.0283649
0.0815833
0.0178419
0.0006863
-0.0137887
-0.0182031
-0.0245303
0.0231986
-0.0898576
0.0482540
0.0592963
-0.0148951
-0.0614427
0.0642229
0.0847036
0.0055653
-0.0529807
0.0037428
-0.0445522
-0.0448573
-0.0280382
0.0224788
-0.0316244
