-0.1701793
-0.0533570
-0.0372300
0.1108895
0.3103638
0.5613283
0.5637509
0.2862047
-0.3513582
-0.8251546
-0.8459530
-0.4189201
-0.0525404
0.2678597
0.3306414
0.2913280
0.1520113
0.1565374
0.0876133
0.0323160
-0.0238784
-0.0372160
-0.0316590
-0.0890797
-0.0105812
-0.0901824
0.0607762
0.0940050
0.0717249
0.1092262
0.0986577
0.0946515
-0.0254714
0.0741965
-0.0251704
0.0049242
-0.0632218
0.0650072
-0.0892141
-0.0350623
-0.0695384
0.0601191
-0.1019802
-0.0554688
-0.0329254
-0.0699500
0.0219108
-0.0089130
0.0228511
0.0856890
0.0921398
-0.0782968
0.0288627
-0.0587809
-0.0353436
-0.0062410
-0.0472303
0.0397341
-0.0306685
0.0329523
0.0939323
0.0360795
0.0130430
-0.1025082
-0.0889144
-0.1647191
-0.0093697
0.0008416
-0.0468553
-0.0509978
0.0646440
0.1186401
0.0789273
0.0857654
0.1475089
-0.0168284
-0.0006447
0.0212974
-0.2223290
-0.2500187
-0.2388017
-0.2987794
-0.1943650
-0.2010670
-0.0590740
0.1470394
0.3846488
0.5795484
0.6925218
0.4293256
-0.0567139
-0.3847584
-0.6805078
-0.7444661
-0.6637806
-0.3959527
-0.1731588
0.1672267
0.3967340
0.5860957
0.5377529
0.2793758
0.1572638
-0.0237097
-0.1710438
-0.2658497
-0.1909124
-0.3241234
-0.0760559
-0.1561630
-0.0642842
0.0724121
0.0405746
0.0690383
0.0111723
0.1075912
0.0750562
0.1578986
-0.0317994
0.0249904
-0.0513754
-0.1064906
-0.0864787
-0.1379211
0.0436714
-0.0271248
-0.1194166
0.0182141
-0.0342732
0.0938027
0.0924215
-0.0490555
0.0649746
-0.0592902
0.0230590
-0.0122855
-0.0750346
-0.0848842
0.0604314
0.0126109
0.0472420
-0.1070652
-0.0872422
0.0298119
-0.0125658
-0.0365192
0.0086218
-0.0040776
-0.0497831
-0.0469215
0.1059561
0.0476576
-0.0726626
0.0235700
0.0865015
-0.0343009
-0.0393630
0.0680323
0.0791834
-0.0187860
0.0748772
0.0948779
-0.0662727
-0.0459596
0.0347191
0.0828582
-0.0141000
0.0991582
-0.0798175
0.0320144
0.0914629
0.0691886
0.0251596
-0.0238730
-0.0045179
0.0731259
-0.0497699
0.0865743
-0.0422035
-0.0500021
-0.0713678
-0.0548183
-0.0985356
0.0172699
-0.0098483
0.0531192
-0.0336421
0.0817829
0.0059471
-0.0530185
0.0608172
-0.0836653
0.0131640
-0.0195126
0.0282135
-0.0583151
-0.0197893
0.0955692
-0.0343713
0.0700582
0.0895399
0.0903915
-0.0514734
-0.0878043
-0.0073292
0.0400493
-0.0931182
0.0110915
-0.0015426
-0.0356627
0.0767712
-0.0003354
-0.0110718
-0.0621181
-0.0622733
-0.0032445
-0.0135155
0.0137775
0.0376773
0.0519694
-0.0793739
0.0571737
0.0803911
-0.0195613
0.0126898
0.0564834
-0.0626871
-0.0243242
0.0708835
0.0480833
-0.0096955
0.0138887
0.0043304
0.0482553
0.0897679
0.0558815
-0.0071458
-0.0524266
0.0269646
0.0623140
-0.0752780
-0.0612221
0.0692283
-0.0848420
0.0237466
0.0670011
0.0737047
0.0157190
-0.0949293
0.0551865
-0.0893643
-0.0697240
-0.0595851
-0.0445406
0.0443142
0.0201163
0.0250780
0.0622833
-0.0413071
-0.0754529
-0.0522600
-0.0589653
-0.0509560
0.0509765
0.0561138
0.0090382
-0.0617818
-0.0238048
0.0230457
0.0388579
-0.0431586
-0.0344165
0.0556874
0.0075840
0.0194881
-0.0866347
0.0169009
0.0344955
0.0560518
0.0029877
0.0906289
-0.0593639
0.0277976
-0.0389275
-0.0046450
0.0907196
0.0840839
-0.0840280
0.0033013
-0.0373896
0.0354204
0.0980681
-0.0777517
-0.0838963
0.0197097
-0.0741520
-0.0145328
0.0053970
-0.0781516
0.0344889
-0.0628569
-0.0107088
-0.0109121
0.0819980
-0.0056034
0.0799921
0.0935290
-0.0194215
-0.0662733
-0.0715795
0.0730392
0.0484610
-0.0009065
0.0228120
0.0546530
-0.0845731
-0.0892733
-0.0540409
0.0180381
0.0234322
-0.0106047
0.0196924
-0.0641799
0.0273550
0.0041262
-0.0836056
0.0690769
-0.0499443
0.0735357
0.0316527
-0.0410400
-0.0381919
0.0459519
-0.0692178
-0.0369326
0.0250861
-0.0556847
0.0070689
0.0352738
0.0163055
0.0108108
0.0366746
-0.0639193
-0.0556225
-0.0421300
0.0041535
-0.0238373
0.0194029
-0.0881468
0.0946811
-0.0928168
-0.0376751
-0.0392321
0.0444948
-0.0376505
0.0052717
0.0112707
0.0872180
0.0220946
0.0377839
0.0776139
0.0880008
0.0178473
0.1480974
0.0615571
0.0385385
-0.0772339
-0.1164112
-0.0194887
-0.1644985
-0.1250751
-0.1108801
-0.1086966
0.0856790
-0.0240181
0.2094899
0.2912697
0.4656935
0.2065296
-0.1121555
-0.3549946
-0.4478369
-0.3843814
0.0081953
0.1327795
0.2710340
0.2727755
0.1109413
0.1274410
-0.0154980
-0.0858666
0.0198064
-0.1285059
0.0221565
-0.0887977
-0.1485115
0.0018457
-0.0573725
-0.0377399
-0.0315924
0.0095360
0.1170014
0.0925631
0.0311120
-0.0318860
0.0718488
0.0762386
0.0694955
-0.0892810
-0.0786757
-0.0407055
-0.0289422
0.0342017
-0.0644691
0.0177101
-0.0718488
0.0076742
0.0058949
0.0060254
0.0189122
-0.0554139
-0.0183161
0.0764647
-0.0382046
-0.0948875
-0.0626687
0.0307947
0.0751673
-0.0731038
-0.0158500
0.0843140
-0.0152009
-0.0864026
0.0327154
0.0022703
-0.0705107
-0.0817654
0.0638189
-0.0207752
-0.0456722
-0.0093661
-0.0121436
-0.0303932
-0.0351848
-0.0764301
-0.0100874
0.0985305
-0.0449995
0.0640486
0.0578489
-0.0789537
-0.0592846
0.0243735
-0.0298892
-0.0221172
0.0111172
-0.0410389
0.0366910
0.0606414
0.0756210
0.0282932
-0.0689880
-0.0149729
0.0054615
0.0949922
0.0140438
-0.0459689
0.0421160
-0.0700357
-0.0377229
0.0149770
-0.0690959
0.0520206
0.0259674
-0.0307347
-0.0330519
-0.0354192
-0.0601721
-0.0872920
-0.0812060
0.0844664
-0.0528344
0.0637959
0.0401493
0.0491678
-0.0461060
-0.0913830
0.0236226
-0.0743607
-0.0186411
-0.0619741
0.0374240
-0.0797877
-0.0308818
-0.0441099
0.0880023
0.0057991
0.0761682
-0.0448666
0.0729186
-0.0887268
-0.0442731
-0.0174027
-0.0780577
0.0144983
0.0340519
-0.0541955
-0.0895626
0.0613171
-0.0738483
0.0816135
0.0224359
0.0407102
0.0560415
0.0246418
-0.0735446
0.0286698
0.1020320
-0.0745649
0.0669575
0.0772244
0.0995644
-0.0868449
-0.0308212
-0.0831355
-0.0061484
-0.0248929
0.0523179
-0.0453296
0.0459624
-0.0905889
0.0339518
0.0962620
0.0400797
0.0110815
0.0649230
-0.0246088
-0.0250759
0.0948848
0.0166743
0.0435396
0.0412771
-0.1227029
-0.1775717
-0.2145871
-0.2326258
-0.1228034
0.0416236
0.0052077
0.1465245
0.3170079
0.4832833
0.3992231
0.0935277
-0.3531550
-0.7419530
-0.6077875
-0.3332180
-0.0133695
0.2913736
0.3130189
0.1548167
0.0991305
0.1949497
0.0441690
0.0608756
-0.0544376
-0.0776108
-0.1268197
-0.1072270
0.0121784
-0.1047521
0.0230674
0.0284360
0.0263122
0.1301638
0.1066469
0.0295792
0.0171979
-0.0285872
-0.0176075
-0.0073513
-0.0342762
-0.0111563
-0.0858623
-0.0140433
-0.0120954
-0.1113866
-0.0919634
-0.0591949
-0.0109841
-0.0370232
0.0309987
0.0409053
-0.0067201
-0.0701671
0.0167175
-0.0672909
-0.0394599
0.0545437
-0.0669952
0.0120412
-0.0484143
0.0192794
0.0346687
-0.0699830
0.0971011
-0.0235999
-0.0426630
0.0631396
0.0785701
-0.0221494
0.0765934
0.0466144
-0.0009010
0.0105176
-0.0254405
0.0970283
-0.0712244
-0.0281237
0.0816364
-0.0773680
0.0308329
-0.0594017
0.0066752
0.0007126
-0.0384259
0.0551772
0.0729211
0.0818920
0.0699773
0.0292643
0.0357247
0.0601991
0.0494623
0.0539629
0.0281255
-0.0753497
-0.0276970
0.0449814
0.0327721
-0.0969365
0.0192698
-0.0449457
-0.0998431
0.0414177
0.0086225
-0.0942879
0.0306452
-0.0593292
0.0056876
0.0161050
-0.0429117
-0.0920467
-0.0898470
0.0118094
0.0524643
-0.0991898
0.0573620
-0.0983587
0.0084797
0.0285101
0.0653876
-0.0372991
-0.0366741
-0.0817881
-0.0929707
-0.0219568
0.0544154
0.0119833
-0.0910605
-0.0746853
0.0478464
0.0007367
-0.0293993
-0.0206456
0.0583206
-0.0068411
0.0847573
-0.0756598
-0.0368591
0.0220805
-0.0161878
0.0755125
0.0571366
-0.0254014
-0.0373118
0.0806499
0.0946722
-0.0729581
-0.0053438
0.0748788
0.0616450
-0.0836181
0.0095685
-0.0702181
-0.0250918
0.0534024
-0.0200598
-0.0614585
-0.0059724
-0.0567020
0.0560595
0.0772817
0.1068826
0.0608310
0.0903257
-0.0222248
-0.0468812
-0.1274888
-0.0767962
-0.1383245
-0.0847933
0.0281096
0.0087093
0.0403653
-0.0234545
0.0356366
0.1554226
0.0690615
0.1574441
0.0956995
-0.0166536
-0.0944422
0.0057351
-0.0728872
-0.1895975
-0.0952258
-0.2161219
0.0305466
0.0661055
0.2350940
0.2724357
0.4909442
0.4672110
0.1168609
-0.3347530
-0.8072246
-0.7981312
-0.3170652
0.1100874
0.3399252
0.3063160
0.2250293
0.1644023
0.1508214
0.0963063
-0.0751616
-0.0210777
-0.1372852
-0.1633368
-0.1486336
-0.0944588
-0.0823259
0.0585944
0.0068366
-0.0082698
-0.0046277
0.1244921
0.0055777
-0.0201123
0.0157852
-0.0280423
-0.0054618
0.0028641
-0.0931996
-0.1137506
0.0480139
-0.0396748
0.0515277
0.0701637
-0.0197125
0.0582492
0.0323601
-0.0386722
-0.0418285
-0.0801612
-0.0243405
-0.0319776
0.0234989
-0.0451044
0.0625807
0.0073935
-0.0027667
-0.0391369
-0.0245839
0.0410896
0.0794968
0.0070682
-0.0677691
0.0130905
-0.0876471
-0.0533469
0.0870324
0.0822516
0.0567225
-0.0991920
-0.0138041
0.0893487
-0.0341099
-0.0265164
0.0703557
-0.0114232
0.0204944
-0.0535091
-0.0977212
-0.0188796
-0.0328872
0.0571104
-0.0502264
-0.0915205
0.0050273
0.0626523
-0.0578492
-0.0570185
0.0705674
0.0066887
-0.0772796
0.0507301
-0.0887784
0.0403876
-0.0842962
-0.0414015
-0.0920011
-0.0763489
0.0293518
0.0556032
0.0144121
-0.0358113
-0.0285991
0.0246706
-0.0675735
0.0820891
-0.0306332
0.0855596
0.0626654
0.0363565
0.0913575
0.0760117
-0.0708908
0.0176053
0.0913485
-0.0506171
0.0040927
0.0355490
0.0592853
-0.0661355
0.0308091
0.0022391
0.0145118
0.0279529
0.0298340
0.0924428
0.0119319
-0.0140018
0.0759347
0.0251599
-0.0129858
-0.0622029
-0.0885106
-0.0257114
0.0079632
0.0203662
0.0635517
-0.0697688
0.0265673
-0.0207522
0.0240872
-0.0483463
-0.0598262
-0.0179431
0.0116324
0.0195533
0.0369699
0.0632144
-0.0760743
-0.0186866
-0.0314507
0.0838280
0.0656779
0.0767644
0.0493799
0.0140687
0.0690996
-0.0939546
-0.0310925
-0.0300822
-0.0952658
0.0104005
-0.0052399
-0.0906359
0.0328230
-0.0521083
-0.0677508
0.0625262
-0.0079011
0.1342597
0.0854845
0.1572264
0.0572890
-0.0357843
-0.0343276
-0.0188119
-0.0931640
-0.1969034
-0.1645303
-0.1170698
-0.0352308
-0.0671785
0.0944583
0.4387383
0.5470248
0.6364298
0.2108734
-0.2429896
-0.7603543
-0.8596125
-0.5583738
-0.0457072
0.2282633
0.3437768
0.3506221
0.1641007
0.1854009
-0.0153999
-0.0283331
-0.0188495
-0.0183696
-0.0834324
-0.1717232
-0.0473990
0.0118685
0.0296027
0.0991971
0.0272414
0.0893983
0.0425987
0.1342126
0.0569150
0.0683432
0.0415555
-0.0745419
-0.0659392
0.0037489
0.0293901
0.0472889
-0.0834858
-0.0063940
-0.0642137
-0.0246651
0.0375040
-0.0371917
0.0323194
0.0058574
0.0143115
0.0527566
-0.0095142
-0.0683426
-0.0633438
-0.0808454
-0.0291149
-0.0013778
-0.0007094
-0.0046762
0.0131328
0.0211007
0.0266360
0.0245482
-0.1414181
-0.1185281
-0.0328967
-0.1151489
-0.1298441
-0.0554958
0.0990917
0.0505005
0.0929468
0.1336647
0.0606746
0.0996510
0.0752134
-0.0128855
-0.0628778
-0.0895028
-0.1695114
-0.2675576
-0.1910067
-0.2109466
-0.2084653
-0.1302556
0.0080226
0.1679131
0.5155064
0.7574492
0.7417887
0.4202472
-0.0165793
-0.4794606
-0.5244065
-0.6823095
-0.6209322
-0.4163338
-0.0977816
0.3319620
0.6397900
0.6716731
0.3960649
0.3138133
0.0789473
-0.0163711
-0.1488976
-0.2471851
-0.2664694
-0.1911465
-0.2431171
-0.1040239
-0.0583855
0.0693254
0.1801955
0.1511327
0.1971867
0.1100269
0.1630568
0.1364434
-0.0533049
-0.0357499
-0.1172327
-0.1283448
0.0347831
-0.0440122
-0.0186355
0.0045106
-0.0319312
0.0916312
0.0791806
0.1031245
0.0724632
0.0441981
0.1026913
0.0425362
0.0800988
-0.0024377
-0.0840790
-0.0897026
-0.1074996
-0.0076014
-0.0020556
0.0358050
-0.0321430
0.0690927
0.0561006
0.0496733
0.0820143
0.1064818
0.0932753
0.0908172
-0.0124617
0.0003279
0.0142115
0.0397830
0.0302902
-0.0762871
0.0074597
0.0186806
0.0861713
0.0124643
0.0344515
-0.0733646
0.0771891
0.0170439
-0.0069007
0.0810425
-0.0560853
0.0625439
-0.0664720
0.0266614
0.0835520
0.0208481
0.0848109
0.0512370
-0.0401737
-0.0639790
0.0537457
0.0891000
-0.0056804
0.0651527
-0.0330370
-0.0805691
0.0447198
-0.0041583
0.0253222
-0.0369104
0.0115007
-0.0751769
-0.0373850
-0.0471147
0.0924517
-0.0025792
-0.0554591
-0.0205265
-0.0682615
0.0237154
0.0374657
-0.0081990
0.0766438
0.0709232
-0.0649958
0.0085609
0.0079974
0.0323948
0.0877509
0.0797975
-0.0228036
-0.0034895
0.0256555
-0.0085512
-0.0516815
-0.0981387
0.0524780
0.0226350
-0.0628725
0.0510385
-0.0731674
0.0607003
0.0547674
0.0046334
-0.0171977
0.0173241
-0.0166770
0.0312121
0.0389787
0.0886384
0.0394060
-0.0011388
0.0057359
-0.0798900
0.0747199
0.0389319
0.0893310
0.0759343
0.0398152
-0.0027526
-0.0954230
0.0254600
-0.0119558
-0.0601501
0.0383082
0.0593209
-0.0876229
0.0160340
-0.0285706
0.0036620
-0.0316017
0.0658195
0.0702895
-0.0397244
-0.0302967
0.0464660
0.0954538
0.0266419
-0.0118185
-0.0816600
-0.0254857
0.0366327
0.0293500
0.0501645
-0.0731131
0.0234359
0.0003377
-0.0603976
-0.0479270
-0.0423190
-0.0729238
0.0790125
-0.0236695
0.0648431
0.0254307
0.0247992
0.0925593
-0.0733789
0.0878249
0.0297012
-0.0401950
0.0665103
-0.0075075
-0.0350832
0.0069759
0.0803688
0.0750429
-0.0886931
0.0334659
0.0101503
-0.0850140
-0.0209537
0.0093626
-0.0936062
-0.0771695
0.0146794
0.0631912
-0.0420304
0.0108257
0.0319389
-0.0438236
-0.0190723
0.0711425
-0.0278326
-0.0397361
-0.0248961
-0.0483947
-0.0694465
0.0193282
-0.0221373
0.0370132
-0.0355580
-0.0265282
0.0463917
-0.0499608
0.0714575
-0.0428512
-0.0617182
0.0090713
-0.0201861
-0.0577819
0.0814304
-0.0759253
-0.0725829
0.0671932
0.0475349
-0.0111287
0.0926943
-0.0411475
-0.0199590
0.0137907
0.0928618
0.0228617
-0.0116605
0.0925401
-0.0510389
-0.0950439
-0.0673584
-0.0139276
0.0875886
-0.0249475
0.0503991
0.0154978
-0.0589319
0.0336102
0.0858595
-0.0521529
0.0609047
