0.0471391
-0.0772244
0.0863371
-0.0561900
-0.0618411
0.0593818
-0.0884218
0.0561229
-0.0168251
-0.0673173
0.0695625
0.0843583
0.0193398
0.0173950
0.0931951
0.0514210
-0.0643291
-0.0885321
-0.0119277
-0.0102948
0.0328910
-0.0296568
0.0279264
0.0644435
0.0507196
-0.0303832
0.0201559
0.0114503
0.0420001
-0.0375554
-0.0594377
0.0525562
0.0240976
0.0796850
0.0842993
-0.0312416
0.0057341
-0.0032628
0.0604517
-0.0089708
0.0074110
0.0183028
-0.0884719
0.0726705
0.0111405
-0.0856647
-0.0637893
0.0399127
-0.0368306
-0.0030927
-0.0757315
0.0923637
0.0818988
0.0704590
0.0365452
-0.0072258
-0.0417708
-0.0077342
-0.0360230
0.0275942
-0.0811465
0.0327097
0.0408301
0.0296196
-0.0705750
-0.0180442
0.0232047
-0.0507985
0.0766995
0.0363082
-0.0204972
-0.0057834
0.0547889
0.0375766
-0.0657168
0.0141706
0.0433328
0.0166754
-0.0112456
0.0642072
-0.0595173
-0.0410161
0.0079432
0.0172943
-0.0388157
-0.0835566
0.0931739
-0.0354805
0.0867358
-0.0454235
0.0118534
-0.0123085
0.0091134
0.0677339
0.0362987
-0.0026589
-0.0970715
0.0790905
-0.0529789
0.0652948
-0.0112565
0.0655985
0.0276733
0.0157099
0.0823102
-0.0406346
0.0234882
0.0679553
0.0158707
-0.0105974
-0.0681865
-0.0839079
0.0066124
0.0113173
-0.0583928
-0.0906361
-0.0289574
-0.0692910
0.0728770
0.0625359
-0.0842785
0.0952755
-0.0885483
0.0529262
0.0485670
-0.0255673
-0.0765125
-0.0936636
-0.0787642
-0.0096654
0.0924287
0.0038404
0.0036807
0.0910609
0.0844535
0.0944118
-0.0745415
-0.0459017
0.0798742
-0.0936339
-0.0236065
-0.0171855
0.0120004
-0.0728022
0.0026187
-0.0578005
0.0541880
0.0180263
-0.0388019
-0.0406407
0.0740639
0.0445623
-0.0812788
-0.0338397
-0.0337466
-0.0397776
-0.0016063
0.0824499
0.0427984
0.0678682
0.0691887
-0.0275344
0.0409094
0.0689919
-0.0199736
-0.0209284
0.0349340
-0.0777942
-0.0587606
0.0264033
0.0864859
0.0470207
0.0629831
0.0585449
-0.0920893
0.0537466
-0.0100429
0.0125781
-0.0343629
0.0074041
-0.0593662
0.0562923
0.0233349
0.0605491
-0.0079410
0.0821904
-0.1014441
0.0909503
0.0021128
-0.0196883
-0.0016881
0.0924540
0.0476783
-0.0745325
0.0666025
-0.0756064
0.0280757
-0.0021880
-0.0443318
0.0419421
-0.0916855
0.0432601
-0.0330167
-0.0416277
0.0234225
-0.0298085
0.0422746
0.0843149
0.0754228
-0.0211013
0.0347240
0.0669201
0.0428431
0.0426420
0.0054066
-0.1419709
-0.0090453
-0.1990358
-0.0450544
-0.0367225
-0.1174103
0.0414056
0.1567499
0.3397763
0.4795925
0.4460069
0.1558127
-0.3100216
-0.4471596
-0.5137111
-0.3824286
-0.0508855
0.1193204
0.2569793
0.3325624
0.2155048
0.0977816
0.0302637
-0.0469154
0.0396310
-0.0283870
-0.0858391
-0.1715995
0.0094712
-0.0079778
0.0096747
-0.0612831
-0.0410032
0.1242170
0.0369662
0.0445558
0.0279704
-0.0218172
0.0375342
0.0816197
0.0040592
-0.0124190
-0.0560403
-0.0253880
0.0093132
-0.0803342
0.0223303
-0.0840376
-0.0843641
-0.0636854
0.0690097
0.1010686
0.0674241
0.0581731
-0.0637560
-0.0091558
0.0570238
0.0060055
-0.0312856
0.0662326
0.0610138
-0.0540839
0.0683431
-0.0454675
0.0202064
0.0393713
-0.0575644
0.0224050
0.0669116
-0.0014877
-0.0320867
0.0900242
0.0411143
-0.0303065
-0.0886570
-0.0537443
-0.0156677
-0.0789568
-0.0823825
-0.0653594
0.0317629
-0.0288375
0.0550151
0.0624489
-0.0732372
-0.0703703
0.0174499
-0.0049760
-0.0767058
-0.0545874
0.0882458
0.0321171
-0.0198362
-0.0163328
0.1000633
-0.0497665
-0.0453773
0.0678049
-0.0104163
0.0002195
-0.0524176
-0.0465323
0.0357905
0.0084332
0.0139260
-0.1043553
0.0081631
-0.0373418
0.0320548
0.0719932
-0.0737347
-0.0789005
-0.0068584
0.0120566
-0.0866877
0.0222868
-0.0171587
0.0860412
-0.0505764
-0.0239499
0.0640346
0.0720412
-0.0678069
0.0089412
0.0943271
0.0784456
0.0357708
-0.0057859
0.0312565
-0.0913411
-0.0752232
-0.0092600
0.0442557
0.0158961
-0.0575368
-0.0335801
0.0457506
-0.0749536
0.0309477
0.0044980
0.0723554
0.0060693
-0.0515778
0.0808471
-0.0178876
-0.0603349
-0.0231503
0.0423757
-0.1017277
-0.0618213
-0.0558693
-0.0254117
0.0747080
-0.0166485
0.0454266
-0.0093187
0.1060619
0.1183194
-0.0485255
0.0502010
-0.0715982
0.0270510
0.0073480
-0.0734661
-0.1080586
-0.1043623
-0.0021082
0.0220164
-0.0375794
0.0715606
0.0842203
0.0079243
0.0562012
-0.0162535
-0.0241287
0.1050874
-0.0189219
0.0864901
-0.0675379
-0.0129688
-0.0248718
-0.1207527
-0.0832525
-0.1461489
-0.0442395
-0.0357086
0.0363510
0.2061748
0.5531123
0.5955467
0.4616751
-0.0095579
-0.5309253
-0.8687805
-0.6523718
-0.4230082
-0.0542694
0.2575439
0.3501848
0.3374815
0.3458170
0.1793432
0.1334649
-0.0631724
-0.0706475
-0.2136698
-0.1407221
-0.0892818
-0.1878432
-0.1191944
-0.1063332
0.0540910
0.0104431
0.1007786
0.0503910
0.0450175
0.1221996
-0.0453518
-0.0499372
0.0075667
-0.1097473
0.0473874
-0.0929686
-0.0053619
0.0398278
-0.0148259
-0.0447012
0.0616645
-0.0916697
-0.0601109
0.0175319
-0.0019267
-0.0305748
-0.0181646
-0.0743021
0.0118294
-0.0950340
0.0393632
-0.0920244
0.0072917
0.0270383
-0.0433092
0.0226375
0.0224313
-0.0567699
-0.0025741
-0.0934105
-0.0538640
0.0091517
-0.0161945
0.0189476
-0.0863522
-0.0055558
-0.0818999
-0.0423276
0.0519062
-0.0342435
0.0759256
-0.0295720
-0.0770118
0.0278203
-0.0852103
-0.0831041
0.0506420
0.0122761
-0.0035414
-0.0335498
0.0024071
0.0061333
-0.0646354
-0.0857348
0.0293570
0.0871285
0.0842198
-0.0539046
0.0718554
0.0158702
0.0076540
0.0024361
0.0421196
-0.0227632
0.0407884
0.0138730
-0.0990974
0.0315829
0.0646797
0.0757276
0.0308943
0.0515304
-0.0775985
-0.0123099
0.0983740
0.0684954
0.0409709
-0.0137840
-0.0378257
-0.0202087
-0.0709226
-0.0719872
0.0186418
-0.0880533
0.0179650
-0.0805822
0.0258818
-0.0274028
0.0884463
0.0875587
0.0049145
0.0585510
-0.0148804
0.0540732
0.0266640
0.0059690
-0.0213273
-0.0938177
-0.0012594
0.0169474
0.0573222
-0.0355026
-0.0274681
-0.0464722
0.0211147
0.0952799
-0.0351845
0.0028650
0.0145353
-0.0762428
-0.0360783
0.0385355
0.0411158
0.0660422
-0.0479163
0.0826221
-0.0325463
0.0589176
0.0183568
0.0147041
0.0251237
-0.0488718
-0.0887783
-0.0648052
-0.0681623
-0.0307836
-0.0118284
-0.0557796
0.0333618
-0.0648268
0.0990650
0.0124783
0.0217502
0.0256101
-0.0208543
0.0410931
-0.1197378
-0.0445643
0.0312154
-0.0903787
0.0732767
-0.0061602
0.0606769
0.1503575
0.1082337
0.0025758
-0.0245297
0.0597292
0.0050267
-0.1127926
-0.1093880
-0.0796161
-0.2477440
-0.1397502
-0.0987227
-0.0716532
0.0422207
0.2637952
0.4823491
0.5981240
0.5151919
0.0993743
-0.6274026
-0.9215273
-0.7430875
-0.4475255
0.0081360
0.3137295
0.4110876
0.4146300
0.3508585
0.2351417
-0.0187025
-0.0779424
-0.1259470
-0.1999454
-0.0580900
-0.0732688
-0.0900222
-0.1259045
0.0314032
-0.0330089
0.1270535
0.1467455
0.0411343
-0.0238804
0.0953604
0.0239017
-0.0449924
0.0094153
-0.0932478
0.0474578
-0.0465431
-0.1115935
-0.0004521
-0.0902951
-0.0562582
0.0061085
0.0890064
0.0067743
-0.0649505
0.0493233
0.0871180
0.0059714
0.0713185
0.0543743
-0.0712740
-0.0494119
0.0532451
-0.0519075
0.0366234
0.0529592
0.0150303
-0.0662394
-0.0841085
-0.0578284
-0.0117477
0.0067816
0.0382659
-0.0392571
0.0464343
-0.0044923
-0.0735683
0.0625954
0.0574106
0.0021018
-0.1104858
0.0103192
-0.1032917
-0.1186047
0.0210350
0.0124512
-0.0717007
0.0991902
-0.0130134
0.0671803
0.0980956
0.1314724
0.0660304
-0.0079161
0.0729343
0.0305971
-0.0500833
-0.1737935
-0.1264369
-0.1660394
-0.1288142
-0.0101315
0.0240907
0.1952669
0.3254392
0.4078840
0.1978678
0.0082762
-0.2347452
-0.2291496
-0.3139141
-0.2731798
-0.2587038
-0.2182534
0.0734153
0.3236388
0.3934707
0.3905995
0.2340818
0.0034114
0.0191367
0.0284200
-0.0652107
-0.2024974
-0.0965275
-0.1426808
-0.0206311
-0.0318196
0.0962619
0.0115536
-0.0383650
0.0471595
0.0334105
0.0163306
0.1016411
-0.0176475
-0.0223097
0.0724356
-0.1065600
-0.0863157
-0.0200703
-0.0784453
-0.0586480
-0.0102269
-0.0560911
-0.0126950
0.0583718
0.0912484
-0.0188451
0.0769402
-0.0367640
-0.0250586
0.0959956
0.0187137
-0.0693074
-0.0371973
0.0260253
-0.0078050
0.0012409
-0.0875339
-0.0397114
0.0816727
-0.0792994
0.0020268
0.0232244
-0.0424307
0.0696021
-0.0518946
0.1005465
0.0880791
-0.0404377
0.0693333
-0.0819315
0.0152842
-0.0289755
-0.0751495
-0.0675272
0.1003495
0.1045070
-0.0316393
-0.0042043
0.0164296
0.0108878
0.0935178
-0.0997120
0.0031557
0.0303706
0.0894212
-0.0597028
0.0655002
-0.0535564
-0.0201046
0.0907623
0.0786338
-0.0707690
0.0122756
0.0073657
0.0170779
0.0415671
0.0164700
0.0351677
0.0522338
-0.0102332
0.0681950
0.0195627
-0.0388083
-0.0956642
0.0565495
0.0218819
0.0786963
0.0010614
0.0024908
0.0043490
0.0335724
0.0252820
-0.0566620
0.0614486
-0.0086087
0.0033360
0.0064859
0.0145353
-0.0744631
0.0652495
0.0017655
-0.0005935
-0.0689206
-0.0025250
-0.0892684
0.0612531
-0.0529106
-0.0853276
0.0305683
0.0582584
-0.0865672
-0.0385808
0.0085299
-0.0730196
-0.0123056
-0.0970583
-0.0068303
0.0854570
-0.0099967
-0.0573710
0.0100553
-0.0227918
0.0350268
0.0911789
0.0764597
0.0239600
0.0057670
0.0100608
-0.0019915
-0.0737938
0.0257148
-0.0478776
0.0783128
0.0676420
-0.0472970
-0.0353587
-0.0232604
0.0895968
-0.0233946
-0.0641598
0.0169591
-0.0377728
0.0383560
0.0722826
0.0442836
0.0653168
0.0432126
-0.0533942
-0.0074644
-0.0557519
0.0065111
-0.0224921
0.0005597
0.0665275
0.0699421
0.0934103
0.0893259
0.0532688
0.0621689
-0.0131426
0.0329992
0.0001624
-0.0243326
0.0845964
0.0469351
0.0973546
0.0282741
-0.0353572
0.0098171
-0.0784621
0.0590876
0.0558373
0.0416909
-0.0293887
0.0592328
-0.0122992
0.0031698
-0.0735630
0.0713468
-0.0769560
-0.0482633
0.0603927
-0.0217164
-0.0527250
-0.0875523
0.0438175
-0.0503352
-0.0300237
0.0355274
-0.0851223
0.0343541
0.0843019
0.0154293
-0.0693086
0.0410451
-0.0489608
0.0376075
-0.0895969
-0.0122940
0.0523550
-0.0952257
-0.0488777
0.0644162
-0.0422357
-0.0167777
-0.0250532
-0.0865801
-0.0431970
0.0625240
0.0054754
-0.0526317
-0.0027201
-0.0076906
0.0036001
0.0207644
-0.0724102
-0.0072946
-0.0588397
-0.0201693
0.0935282
0.0737691
-0.0893928
0.0465958
0.0334024
-0.0478203
-0.0850669
-0.0162511
0.0169282
-0.0742151
0.0737082
0.0243210
-0.0018632
0.0067158
0.0430207
-0.0254843
0.0349105
-0.0355055
-0.0112908
0.0305308
-0.0646152
0.0679048
-0.0203664
-0.0285586
0.0553702
-0.0083232
-0.1033163
0.0448209
0.0120493
-0.0225417
-0.0475934
0.0403665
0.0184739
0.0800686
-0.0157930
0.1216780
0.1270079
0.1227613
0.0734424
0.0648124
0.0899318
-0.0038514
0.0097296
-0.0339273
-0.1653958
-0.1052065
-0.1318591
-0.1635814
-0.0813523
0.0168118
0.1214588
0.3755476
0.4094503
0.3527568
0.0517419
-0.2048149
-0.4278001
-0.3706016
-0.2171087
-0.0994144
0.1333907
0.2649715
0.2326409
0.2066255
0.0536159
0.1118199
-0.0330415
0.0264819
-0.1144240
-0.1581872
-0.0686466
-0.0965341
0.0281871
0.0726607
0.0837474
-0.0219371
0.1235552
0.0396248
0.1105540
0.0814246
-0.0472835
-0.0307337
0.0533130
-0.0276415
0.0684452
-0.0476626
0.0297397
-0.0489187
-0.0471955
-0.0043163
-0.0694141
-0.0328623
0.0067459
-0.0268277
0.0697580
0.0973464
0.1037890
-0.0742879
-0.0439816
-0.0364272
0.0649575
0.0454921
-0.0628081
0.0434898
-0.0487993
-0.0157663
-0.0397897
-0.0577044
0.0113083
-0.0073583
-0.0138139
-0.0728233
0.0759704
-0.0682689
0.0007084
0.0764480
0.0555112
-0.0149568
-0.0467353
-0.0974278
0.0458914
0.0496395
0.0104096
-0.0198821
0.0027605
-0.0205259
0.0040192
-0.0403976
0.0178400
0.0466507
0.0085136
0.0542525
-0.0048743
-0.0032922
-0.0870451
-0.0717706
-0.0264072
-0.0496096
-0.0618180
-0.0055271
0.1000857
0.0955081
-0.0679828
0.0507012
0.0193550
-0.0100621
0.0409419
-0.0781626
-0.0103628
0.0432525
0.0053477
0.0402023
-0.0319604
-0.0868654
-0.0545138
0.0375833
0.0690502
-0.0338839
-0.0576566
-0.0575140
0.0802261
0.0364063
-0.0143411
-0.0119575
-0.0513591
-0.0887864
0.0771697
-0.0419957
0.0978111
0.0527416
-0.0073604
0.0929093
-0.0890257
-0.0686028
0.0808148
-0.0538489
0.0716140
-0.0334958
-0.0703563
-0.0892504
-0.0867055
0.0370108
-0.0217492
-0.0129633
-0.0087082
0.0163833
0.0861204
0.0900182
-0.0045095
0.0774900
-0.0648950
0.0099658
0.0025551
-0.0919649
0.0606340
0.0199357
0.0119618
0.0165902
-0.0084968
-0.0627118
0.0377869
0.0006444
0.1130500
0.0885501
0.0215210
-0.0607756
-0.0311711
-0.1267968
-0.0245918
0.0347170
0.0528636
0.0460279
0.0584824
0.0286795
-0.0599110
0.0466735
-0.0438023
-0.0424804
0.0098827
-0.0514753
-0.0094768
-0.0456064
0.0210059
-0.0454969
-0.0785087
-0.0941451
-0.1165330
-0.2424953
-0.0766221
0.0435081
0.2962558
0.4057841
0.6923619
0.5233556
-0.0157432
-0.4805346
-0.8395161
-0.7138183
-0.4459572
0.0840379
0.2639561
0.4384296
0.3932446
0.1796101
0.0997217
0.0929144
-0.0880249
-0.1191137
-0.1485793
-0.0968232
-0.1133986
-0.0366361
-0.0751356
-0.1048777
0.0344580
0.0164076
0.0860262
0.0000379
0.1529389
-0.0176844
-0.0397529
0.0998715
-0.0431203
-0.0076845
-0.0404752
0.0532917
0.0231271
-0.0876282
0.0608565
-0.0368947
0.0280420
0.0478516
0.0034872
-0.0035379
-0.0240955
0.0664493
0.0399968
-0.0510372
-0.0567032
-0.0906109
-0.0735972
-0.0583327
0.0032606
-0.1003263
0.0671214
-0.0007396
-0.0403061
0.0665226
-0.0655101
0.0712290
0.0685848
0.0454247
0.0193086
-0.0207783
0.0187628
-0.0568512
-0.0595398
0.0400759
0.0745700
-0.0039418
0.0705096
-0.0409296
-0.0261887
0.0512530
0.0374146
0.0609296
0.0102397
-0.0429297
-0.0019549
-0.0003161
-0.0732884
-0.0371654
0.0970312
-0.0748101
-0.0339097
0.0009174
-0.0351938
0.0955042
0.0195845
0.0741970
-0.0835362
0.0221588
0.0466433
-0.0914639
-0.0005803
0.0434717
0.0653152
-0.0771699
0.0499957
0.0763195
