0.0356230
-0.0370949
0.0241146
0.0240282
-0.0354509
-0.0450784
0.0059087
0.0094803
0.0932318
0.0780739
0.0301179
0.1036873
0.0022934
-0.0768507
0.0639787
-0.1020010
-0.0441882
-0.0906081
0.0146666
0.0488055
-0.0066507
0.0981818
0.0169083
0.0226630
0.0617634
0.1674534
0.0920643
0.1123046
-0.0308681
0.0282855
-0.0111226
-0.0727950
-0.1549700
-0.2379048
-0.1759202
-0.2195704
-0.0594409
0.0124763
0.2079781
0.4551331
0.4954845
0.5575465
0.1279756
-0.0748695
-0.3496372
-0.3728757
-0.4548948
-0.3971063
-0.3777577
-0.0892430
0.0952904
0.4410914
0.4043920
0.3128882
0.1223198
0.0884877
0.0625092
-0.1348519
-0.2562211
-0.1765199
-0.0723510
-0.1956647
-0.0282578
0.0789434
0.0313550
0.0104092
0.0007622
-0.0087684
0.0836341
0.0738564
-0.0353792
-0.0210640
0.0569873
-0.1128490
-0.0557888
0.0286685
-0.0740965
0.0220118
0.0460138
-0.0176126
-0.0975638
-0.0712445
0.0133640
0.0408683
-0.0394822
0.0656352
0.1116591
-0.0398603
0.0645582
0.0443305
-0.0425122
-0.0413666
0.0528074
0.0233714
0.0774020
0.0795657
0.0490681
0.0097144
-0.0838733
-0.0760522
-0.0351354
0.0751566
-0.0395997
0.1019295
-0.0093106
0.0665947
-0.0922351
-0.0105449
-0.0180243
0.0135913
0.0294415
0.0340502
-0.0173850
-0.0506790
0.0754971
0.1037251
-0.0089078
0.0774764
-0.0519893
0.0707093
0.0879499
0.0645357
0.0077745
0.0297718
-0.0998740
-0.0361626
-0.0567823
0.0406647
-0.0895681
-0.0130533
-0.0433184
0.0218230
0.0845104
-0.0889395
0.0929612
0.0762917
0.0899529
0.0554744
-0.0645788
-0.0278937
0.0454685
0.0669070
0.0143973
0.0062539
0.0517857
-0.0504033
-0.0053021
-0.0443952
0.0336631
0.0161035
0.0735920
-0.0437126
-0.0071868
-0.0840643
-0.0141316
0.0150551
-0.0627208
0.0376741
-0.0018521
-0.0534208
0.0110564
-0.0387450
0.0898068
0.0869397
-0.0702702
0.0422751
-0.0261030
-0.0740186
0.0402159
0.0552166
0.0612825
-0.0876759
-0.0358693
0.0192981
0.0257288
0.0334321
-0.0031421
0.0365525
0.0526656
0.0480842
-0.0403401
-0.0961933
-0.0564724
-0.0080315
-0.0568467
0.0083192
-0.0902983
-0.0679402
-0.0035848
-0.0332817
0.0807011
-0.0111315
-0.0121299
0.0172981
0.0095747
0.0394084
-0.0164561
0.0713246
0.0399295
0.0459091
-0.0766123
-0.0096449
0.0151885
0.0909419
-0.0174323
-0.0821546
0.0683054
-0.0265632
0.0225396
-0.0107362
0.0599460
0.0620005
0.0079757
-0.0129819
0.0469383
-0.0197540
0.0240079
-0.0793990
-0.0664248
-0.0030844
0.0301396
0.0389381
-0.0381158
-0.0833694
-0.0287786
-0.0177041
-0.0451656
0.0013019
0.0337333
0.0580369
0.0173061
0.0043963
0.0905145
0.0859389
-0.0036960
0.0620199
-0.0328740
0.0716624
0.0196830
-0.0114060
0.0037048
0.0225949
-0.0442507
-0.0453499
-0.0150098
0.0498523
-0.0783997
-0.0408345
-0.0619448
-0.0906373
-0.0763322
0.0106783
0.0007258
0.0878151
0.0430887
-0.0603832
0.0716737
-0.0883742
0.0330291
0.0937894
-0.0706270
0.0251373
-0.0281578
0.0921737
0.0392828
-0.0563959
-0.0591200
0.0698523
0.0822003
0.0646320
-0.0604186
-0.0331453
-0.0415406
-0.0507653
0.0231220
-0.0108372
0.0978531
-0.0297545
0.0359239
0.0082858
0.0569015
0.0176420
-0.0774647
0.0864233
0.0732061
-0.0204204
0.0783796
0.0496102
-0.0697418
-0.0914917
0.0756691
0.0180622
-0.0350494
0.0817917
0.0305788
-0.0137909
0.0344180
0.0817857
-0.0664021
-0.0521156
0.0344329
-0.0818779
0.0747005
-0.0335737
-0.1031524
0.0319169
0.0321506
-0.0214073
-0.0640090
-0.0125687
-0.0304595
0.1269899
0.0739488
0.0884586
0.1035398
0.0313391
0.0621686
-0.1126178
-0.0046657
-0.0349957
-0.2138069
-0.0042626
-0.0924621
0.0702501
0.2336707
0.3251754
0.3480527
0.3151570
0.0026979
-0.2935218
-0.5367241
-0.5222085
-0.2863885
0.0113907
0.0866871
0.1775237
0.3001786
0.1909434
0.2073937
-0.0153984
-0.0134183
0.0310760
-0.0548187
-0.0595353
-0.0233739
-0.1676069
-0.1001403
-0.1170408
0.0499847
-0.0067853
-0.0278210
-0.0247132
-0.0463199
0.0261838
0.0340315
-0.0513366
0.0725660
-0.0849610
-0.0366568
0.0566636
-0.0464558
-0.0224442
-0.0220650
-0.0567662
0.0867754
-0.0762756
0.0635703
0.0044836
-0.0389601
0.0271226
0.0812174
0.0126521
-0.0016619
-0.0443808
-0.0127867
0.0445694
0.0146310
-0.0679740
0.0054312
-0.0755351
-0.0147919
0.0899953
0.0923310
-0.0872339
-0.0358889
0.0150067
-0.0296285
0.0589985
-0.0309779
-0.0566942
-0.0139478
0.0090716
-0.0389992
0.0825058
0.0903545
-0.0119535
-0.0040790
0.0675586
0.0049942
0.0095895
0.0793005
-0.0794733
0.0574264
-0.0515799
-0.0070068
0.0349916
-0.0323268
-0.0449719
-0.0909652
-0.0113247
0.0479210
-0.0126832
-0.0024932
0.0371243
0.0231892
-0.0484298
0.0130547
0.0095293
0.0003021
-0.0882229
-0.0976802
-0.0196482
0.0599467
0.0567768
0.0060830
-0.0759005
0.0055212
-0.0256384
0.0297615
0.0627123
-0.0465726
-0.0716373
0.0629956
0.0613338
0.0274926
0.0281003
-0.0496507
0.0183837
-0.0606389
0.0412955
-0.0512038
0.0200526
0.0361535
-0.0774233
-0.0352859
-0.0413905
-0.0245305
-0.0667385
0.0760309
-0.0961570
-0.0902294
0.0451084
0.0438958
0.0596454
-0.0150992
-0.0400567
0.0224210
-0.0884254
-0.0161408
0.0279523
-0.0456990
-0.0733581
-0.0458742
-0.0254428
-0.0357852
-0.0598822
0.0567720
-0.0116791
-0.0229483
-0.0517827
0.0905993
0.0595600
-0.0523307
0.0953097
0.0881880
0.0127161
-0.0983056
-0.0217115
-0.1114637
0.0154241
-0.0974382
-0.0015536
-0.0075595
0.0943457
0.0713343
-0.0299676
0.0539688
0.0454201
-0.0158139
0.0894854
0.0646264
0.0980930
0.0559537
-0.0209062
-0.0029009
-0.0274048
-0.2106858
-0.1746288
-0.1658417
-0.1155032
0.0460795
0.1414493
0.4497838
0.5862794
0.3593918
-0.0270739
-0.4884611
-0.6049443
-0.4106944
-0.2001923
0.0256894
0.2905684
0.2995705
0.1777583
0.2347992
0.0502246
0.1231476
-0.0229897
-0.0019759
-0.0935462
-0.1491614
-0.0181303
-0.0217844
-0.1292264
0.0535690
0.0883554
0.0307773
0.0279281
0.0504166
0.0888595
-0.0399759
0.0239281
-0.0456832
-0.0540747
-0.0560089
-0.1154572
-0.0968453
-0.0708040
0.0547909
-0.0868085
-0.0977533
-0.0175592
0.1004811
-0.0402172
-0.0488277
0.0644526
-0.0484042
-0.0272983
-0.0211311
-0.0279543
-0.0463745
-0.0726365
0.0664630
0.0427667
-0.0458952
-0.1014071
0.0313419
0.0452076
-0.0057961
0.0562681
-0.0369349
-0.0317632
-0.0597404
0.0831290
0.0791805
0.0916689
0.0390961
-0.0932395
0.0251626
0.0711604
0.0233542
-0.0199504
-0.0083422
0.0882362
0.0196348
0.0869790
0.0491689
-0.0805217
0.0431526
0.0350827
0.0391839
-0.0975533
-0.0352921
0.0467924
-0.0587613
0.0488241
0.0431582
0.0848188
0.0537649
0.0368831
-0.0529799
0.0772377
-0.0271173
0.0618087
0.0177832
0.0924422
0.0204847
-0.0345313
-0.0800801
-0.0259869
-0.0345515
0.0567698
-0.0186376
-0.0430457
-0.0053581
0.0344858
-0.0545656
-0.0876342
0.0654468
0.0738284
0.0562545
0.0588534
-0.0966618
-0.0458808
-0.0099398
0.0922368
-0.0526726
-0.0432642
-0.0329162
-0.0541063
-0.0777264
0.0722225
0.0386294
-0.0569485
-0.0641912
-0.0554641
0.0255348
-0.0685833
-0.0784165
-0.0496366
0.0671596
0.0411206
-0.0145148
0.0237815
-0.0116250
-0.0027608
0.0034248
0.1044969
-0.0619479
0.0432230
0.0401178
-0.0467591
0.0590799
-0.0594542
-0.0589677
-0.0707295
0.0732140
-0.0136580
0.0164809
0.0921379
-0.0092272
-0.0570336
0.0212721
0.0514408
0.1251644
-0.0613498
-0.0014767
0.0255669
-0.0598491
0.0589142
-0.0244564
-0.1190645
0.0429313
-0.1150852
0.0199306
0.0710473
0.0071147
0.0776280
0.0957131
0.1068650
0.0930567
0.0562386
0.1304056
0.1228700
-0.0481372
-0.0031706
-0.0056724
-0.1682497
-0.1382173
-0.2377956
-0.1917111
-0.0557823
0.0354088
0.0887290
0.4066604
0.6066726
0.5115261
0.3771834
-0.2132353
-0.6945483
-0.8252173
-0.6463365
-0.1844273
0.1725119
0.3855697
0.2620414
0.2412407
0.1768714
0.1532982
0.0416793
0.0249646
-0.1307779
-0.1935537
-0.0663627
-0.1766963
-0.1233888
-0.0418361
0.0047936
0.0683290
0.0057306
-0.0145617
0.0550225
0.0706022
0.0055531
0.0587943
0.0509587
-0.0145745
-0.0072038
-0.0912415
-0.1095062
-0.0795287
0.0008281
-0.0578141
-0.0104274
0.0190789
0.0099740
-0.0525626
-0.0701591
-0.0368867
0.0362658
0.0597846
-0.0284482
0.0249917
0.0492225
-0.0121756
0.0573442
0.0589990
0.0604984
0.0092962
0.0020295
0.0201355
0.0248456
-0.0086680
0.0249415
-0.0652359
-0.0032727
-0.0503453
-0.0908992
-0.0777926
0.0838887
0.0529691
0.0358593
-0.0092804
-0.0697140
0.0985342
0.0969219
-0.0892806
0.0531418
0.0730274
-0.0198577
0.0199008
-0.0137314
0.0432374
-0.0198764
-0.0406567
-0.0927691
0.0561955
-0.0795607
0.0884017
-0.0755417
0.0577159
0.0013027
0.0023768
0.0046898
-0.0211817
0.0489274
-0.0218151
0.0051473
0.0702205
0.0134167
0.0599704
0.0523951
0.0800107
-0.0293907
-0.0732992
-0.0298824
-0.0829733
-0.0729048
-0.0938456
-0.0873564
0.0216690
0.0516303
-0.0232195
0.0020429
0.0855797
0.0807814
-0.0974413
0.0002368
0.0926791
0.0777050
-0.0239539
-0.0751826
0.0583887
-0.0086545
0.0831993
-0.0884570
-0.0955400
0.0129380
0.0646027
0.0411539
0.0220329
0.0220157
-0.0582411
0.0181004
0.0884954
-0.0077897
-0.0520272
0.0257356
0.0845628
0.0697093
0.0824993
0.0192769
0.0437714
0.0535917
-0.0870819
-0.0983139
0.0740110
-0.0440852
-0.0423972
0.0058217
0.0346694
0.0573020
0.0512747
-0.0000743
0.0374776
0.0168941
0.0285683
-0.0829482
-0.0639640
-0.0456517
-0.0908049
0.0104270
-0.0988987
-0.0008122
0.0422379
-0.0693210
-0.0508022
0.1322272
0.0544451
0.0746994
0.0771203
0.0900859
0.1183355
-0.0749177
-0.0419985
-0.0833658
-0.1517704
-0.1666763
-0.0945880
-0.1562134
-0.0133137
0.0211638
0.2853226
0.6442038
0.7063481
0.4807679
-0.0783562
-0.7339164
-0.9066420
-0.8035279
-0.3288483
0.1157151
0.4315361
0.4472937
0.3298427
0.1996464
0.1637518
0.0181380
-0.1453485
-0.0923905
-0.0870560
-0.1543834
-0.2201511
-0.0474677
-0.0800303
-0.0851387
-0.0533337
0.1212643
0.0200363
0.0126002
-0.0223303
0.0143316
0.0674054
-0.0366556
0.0704652
-0.0204261
-0.1033770
0.0156459
-0.1106968
-0.0562737
0.0203305
0.0391822
0.0588549
-0.0322612
-0.0317799
0.0580723
0.0726765
-0.0695234
0.0234384
-0.0450817
0.0278684
-0.1010628
0.0863623
0.0194271
-0.0818139
0.0024183
-0.0686010
0.0451578
0.0864475
0.1168621
0.0139411
0.0411665
-0.0282976
-0.1227323
0.0315286
-0.0932484
-0.0397217
0.0248931
-0.0642412
-0.0740987
0.0900906
-0.0276866
-0.0055985
0.0905368
0.1210432
-0.0092990
0.0671464
-0.0177969
-0.0471125
-0.0792897
-0.1988243
-0.1969689
-0.1247175
-0.2434829
-0.0296554
-0.0158119
0.1390840
0.2033832
0.4678014
0.5264300
0.2830537
-0.0230518
-0.3524852
-0.4759589
-0.4121393
-0.3599283
-0.3071708
-0.1286270
0.0954471
0.2111694
0.3893796
0.3447495
0.1436142
0.1152601
-0.0024369
-0.0775279
-0.1062943
-0.1743680
-0.2073255
-0.1019918
-0.0043915
-0.1105140
-0.0639962
0.0002663
0.0264661
0.1131294
0.0150085
0.1233024
0.0419069
0.0874554
0.0398947
-0.0170208
0.0198295
0.0230135
0.0169734
0.0041880
0.0413297
0.0686846
0.0484067
-0.0417578
-0.0289379
0.0091216
0.0090440
0.0693423
0.0493163
-0.0097931
0.0170471
0.0860782
-0.0650294
0.0700701
-0.0376027
-0.0246168
-0.0204520
-0.0951875
-0.0421198
-0.0964446
-0.0423823
0.0098448
-0.0740652
-0.0095157
-0.0083876
0.0474369
0.0306925
0.0039977
-0.0414818
-0.0451419
-0.0542521
-0.0707384
0.0297411
-0.0746413
0.0658307
0.0429327
-0.0725745
0.0146259
-0.0267228
0.0581985
0.0267428
-0.0236262
-0.0020949
-0.0161458
-0.0995812
-0.0795503
-0.0804207
0.0805722
-0.0017168
-0.0810241
-0.0886660
-0.0748118
-0.0043644
0.0512989
-0.0515103
0.0649322
-0.0299383
-0.0476502
0.0514014
-0.0573586
0.0362384
0.0394600
0.0079342
-0.0351857
0.0726832
-0.0867850
-0.0042495
-0.0376801
-0.0693799
-0.0261914
-0.0142080
0.0867383
-0.0238504
0.0840328
0.0380780
0.0145262
-0.0209975
-0.0580713
-0.0148869
0.0721255
-0.0158511
-0.0622798
0.0013636
0.0582046
-0.0515253
0.0007304
0.0354378
-0.0186853
-0.0655933
-0.0538239
-0.0195094
-0.0049927
-0.0941616
0.0393933
-0.0014839
-0.0689153
-0.0726961
-0.0652465
-0.0745091
-0.0417260
0.0114966
-0.0812000
0.0605161
-0.0017481
-0.0831002
0.0357342
-0.0625172
0.0103861
-0.0385867
0.0454644
0.0891134
0.0026597
-0.0210512
-0.0577241
0.0428394
-0.0931305
-0.0171680
0.0731623
0.0723232
0.0821296
-0.0055402
-0.0415166
-0.0608156
-0.0477759
-0.0853738
0.0578965
0.0146234
-0.0458403
0.0913061
-0.0427435
-0.0254864
-0.0350187
0.0076991
0.0605936
-0.0077751
-0.0498517
-0.0874944
0.0102040
-0.0472960
-0.0299029
0.0947066
0.0929168
-0.0186793
-0.0389053
0.0668739
0.0044786
-0.0558489
-0.0843506
0.0110815
0.0611666
-0.0336993
-0.0631224
-0.0436576
-0.0030537
0.0506530
0.0149737
-0.0617015
0.0047579
0.0501024
-0.0000868
-0.0267878
0.0021679
-0.0927335
0.0573405
-0.0627411
0.0119035
0.0460156
-0.0636921
0.0594027
-0.0761342
-0.0437592
-0.0539268
0.0872493
0.0026649
-0.0573565
0.0356262
0.0712555
0.0347829
-0.0669601
0.0239128
0.0129709
0.0144623
0.0246762
0.0557554
0.0692436
-0.0755423
-0.0617148
-0.0192292
0.0901453
0.0839784
0.0318192
-0.0831270
0.0036895
0.0902971
0.0701576
0.0915149
0.0519566
-0.0589808
0.0025224
0.0812990
-0.0009165
-0.0578104
-0.0230104
-0.0454947
-0.0408284
0.0457067
-0.0446452
0.0868836
0.0919774
-0.0494673
0.0595347
0.0396171
-0.0844992
-0.0682384
0.0602051
0.0569217
-0.0362280
0.0161666
0.0487830
0.0668700
0.0875319
0.0278956
0.1131287
0.0424056
0.1027149
0.0693314
0.0341424
-0.0247427
0.0791963
-0.0331743
-0.1245696
-0.0396754
-0.1359848
-0.1562976
-0.0721719
-0.0236883
-0.0616872
-0.0238579
0.1020408
0.3603673
0.4612166
0.2267454
0.0335870
-0.2918074
-0.5296138
-0.4504423
-0.2652433
-0.0196195
0.2083156
0.1783331
0.1931046
0.1022816
0.1597218
0.1354908
0.0053020
-0.1352444
-0.0640746
-0.0397605
-0.0164861
-0.0270942
-0.0858697
0.0599887
-0.0134560
0.0306042
