-0.0372670
0.0385441
0.0702107
-0.0755926
0.0518401
0.0203387
-0.0812886
0.0279431
0.0163684
0.0919356
-0.0533105
0.0681001
-0.0866720
-0.0483140
0.0871109
0.0217464
0.0718084
0.0680403
0.0442636
0.0669705
0.0681078
0.0248703
-0.0130281
-0.0251669
0.0750754
0.0606640
-0.0262786
-0.0235485
-0.0273601
-0.0727999
-0.0976542
-0.0666392
-0.0241055
-0.0917965
0.0655257
-0.0527902
-0.0824720
0.0297287
-0.0856708
0.0770536
-0.0545242
0.0980697
0.0743362
0.0135247
0.0273189
-0.0922524
0.0013711
-0.0485616
-0.0310738
-0.0846899
-0.0039739
0.0350065
0.0093918
0.0733379
0.0496722
-0.0768427
-0.0157964
0.0307013
-0.0855822
-0.0041233
0.0168267
-0.0662397
0.0541100
0.0290746
0.0107932
-0.0277452
0.0602824
-0.0047207
-0.0000007
0.0354223
0.0282143
-0.0848413
0.0808465
-0.0347802
-0.0363803
-0.0581100
0.0701917
0.0142582
-0.1023013
-0.0075693
-0.0648391
-0.0637019
-0.0708728
-0.0361581
-0.0301537
0.0079632
0.0781924
0.0949204
-0.0636463
0.1328405
0.0696844
0.1005642
0.0450807
-0.0531213
-0.0310476
0.0134219
-0.1372921
-0.0132690
-0.0602805
-0.0381050
-0.0322305
0.0099839
0.0941542
0.2922502
0.3374169
0.1589829
0.0146198
-0.2260090
-0.2698081
-0.2371787
-0.0862631
0.1095972
0.2166955
0.1476442
0.0349579
0.1019512
0.0993955
-0.0527573
-0.0230541
-0.0898620
0.0013625
-0.0466941
0.0007958
-0.0888023
0.0197864
-0.0578612
-0.0679431
0.0406002
0.0856036
0.0244494
-0.0188325
-0.0276807
-0.0527170
0.0067634
-0.0019549
-0.0159163
-0.0639850
-0.0338580
-0.0214579
-0.0205762
-0.0865980
0.0520236
0.0684283
0.0415382
0.0870630
-0.0406089
-0.0335897
0.0089700
0.0461136
0.0168917
0.0889971
-0.0056121
-0.0941164
-0.0012063
0.0780670
-0.0685472
-0.0298532
0.0003524
0.0892831
-0.0725868
-0.0227208
-0.0727077
0.0157404
-0.0479331
0.0127431
0.0763120
-0.0480047
-0.0075744
0.0761363
-0.0689400
0.0540367
0.0552199
0.0391224
0.0404236
-0.0891409
-0.0117374
0.0782162
-0.0801700
0.0733298
0.0992189
0.0065732
0.0566909
-0.0162694
-0.0654764
-0.0623674
-0.0458239
-0.0182528
-0.0849711
0.0369396
-0.0189979
-0.0861484
0.0106507
-0.0493434
-0.0067028
-0.0716828
0.0384443
0.0790080
-0.0184216
-0.0376051
0.0698777
-0.0501548
-0.0838757
0.0491917
0.0677394
0.0868055
-0.0035162
0.0011233
-0.0191708
-0.0888266
-0.0546521
0.0676844
-0.0919227
-0.0185259
-0.0147247
0.0896250
0.0796312
-0.0392833
-0.0566572
0.0562009
-0.0137227
-0.0875578
-0.0925884
-0.0001035
0.0487648
-0.0132330
-0.1002342
0.0153027
0.0805643
-0.0128250
0.0256409
-0.0093888
0.0924831
0.0136230
-0.0846030
0.0128393
-0.0881832
0.0632589
-0.0225790
0.0610686
-0.0515247
-0.1007376
0.0301597
-0.0034151
-0.0909229
-0.0238454
0.0708901
0.0809794
-0.0904337
-0.0602152
-0.0409814
0.0856952
-0.0454659
-0.0019012
0.0935760
0.0306356
0.0010823
-0.0376573
-0.0638567
-0.0602160
0.0158045
0.0208534
-0.0731378
-0.0256681
-0.0390878
0.0739989
0.0630371
-0.0697977
0.0816452
-0.0374110
0.0173991
0.0224495
0.1262532
0.0436192
0.0304215
-0.0826830
-0.0477853
-0.0486838
-0.0512429
-0.0429616
-0.1860254
-0.1252037
0.0796668
0.1273128
0.1805133
0.2531895
0.3649960
0.2636387
-0.0398538
-0.4640816
-0.6660215
-0.5538385
-0.1760946
0.0906371
0.2420113
0.2259461
0.1286911
0.1767072
0.1028569
0.0631624
-0.1204733
-0.0258781
-0.0220637
-0.1049961
-0.0581113
-0.0116620
0.0344048
0.0328471
0.0227542
-0.0525156
0.0118771
0.0592656
-0.0274598
0.1228670
-0.0687077
-0.0307463
-0.0659782
-0.0133283
-0.0461212
0.0266981
-0.0838383
-0.0268346
0.0060112
-0.0312162
-0.0415216
-0.0287355
0.0309380
-0.0694018
0.0131521
-0.0331479
0.0240582
-0.0387071
-0.0022670
0.0084269
-0.0103356
0.0495542
-0.0834117
-0.0787732
0.0298221
0.0691507
0.0312509
0.0835349
0.0450614
0.0191212
-0.0090754
0.0680794
0.0473362
-0.0810739
0.0165758
0.0215095
-0.0358898
0.0963853
0.0784996
0.0646206
-0.0342124
-0.0271241
0.0323361
-0.0363225
0.0818622
-0.0176979
-0.0701389
0.0357807
-0.0152831
0.0056595
-0.0006369
-0.0644925
-0.0787619
-0.0164519
0.0077416
0.0889424
0.0515923
-0.0216052
-0.0431841
0.0039626
0.0838047
-0.0294972
0.0522315
-0.1011897
-0.0473458
-0.0573568
-0.0173126
-0.0259350
-0.0756502
0.0661010
-0.0098230
-0.0465594
-0.0932856
0.0070589
-0.0042236
-0.0375053
0.0231173
0.0782575
-0.0889620
-0.0656785
-0.0191436
-0.0170094
-0.0130120
-0.0147169
-0.0278773
0.0851383
0.0766668
0.0876896
-0.0841498
0.0869089
-0.0204197
-0.0109095
0.0691611
-0.0800937
0.0893051
-0.0589170
0.0925689
0.0145737
-0.0823404
-0.0315090
0.0627826
-0.0262018
-0.0294124
-0.0015549
0.0273639
-0.0224144
0.0248284
0.0386421
-0.0598087
0.0871091
0.1000420
0.0338967
0.0319002
0.0320385
-0.0221321
-0.0541932
0.0358510
-0.0906467
-0.0990924
-0.0602414
0.0823136
0.0259010
-0.0348425
0.0658035
-0.0125511
-0.0832262
0.0548264
-0.0836990
0.0883865
-0.0365255
0.0614722
0.0542100
-0.0240762
-0.0242482
0.0308084
0.0211816
-0.0037290
-0.0397126
0.0822133
-0.0948005
-0.0138030
0.1033576
-0.0023035
-0.0515069
0.1004972
0.1006655
0.0888920
-0.0729610
-0.1182821
-0.0961287
-0.1436151
-0.1710450
-0.2037876
-0.1634448
-0.1292905
-0.0166216
0.0635700
0.3015682
0.4799689
0.4909771
0.3164072
0.0112834
-0.5614874
-0.6056170
-0.4537476
-0.2109724
0.2050033
0.3486597
0.2129116
0.2469489
0.1054560
0.1546239
0.0155044
-0.0039667
-0.0096319
-0.0988076
-0.0371014
-0.0322615
-0.0934334
0.0271446
-0.0013458
0.1095561
-0.0601978
0.0196748
-0.0171668
-0.0271333
-0.0579935
0.0743031
0.0529296
-0.0617396
-0.0246943
0.0524289
0.0623307
0.0315159
-0.0677856
-0.0688351
-0.0093932
0.0306510
-0.0711856
0.0880272
-0.0522755
0.0265092
-0.0307845
-0.0443091
0.0491707
0.0093142
0.0038924
-0.0001255
0.0651829
0.0873760
0.0051145
-0.0977309
-0.0716126
0.0781339
0.0456917
-0.0485830
-0.0795918
0.0790821
-0.0393950
0.0205143
-0.0320934
-0.0465295
-0.0840656
-0.0616113
-0.0583703
0.0545575
0.0672598
0.0471303
-0.0368178
-0.0651728
-0.0776084
-0.0420403
-0.0904903
0.0568899
-0.0151498
-0.0211666
-0.0416165
0.0750754
0.0748118
0.0332767
0.0214362
-0.0513264
-0.0720790
0.0187372
0.0470027
0.0827227
-0.0955921
-0.0492334
-0.0397509
-0.0279517
-0.0381105
0.0616161
-0.0522482
-0.0226735
0.0897457
0.0173398
-0.0504310
-0.0204212
-0.0449462
0.0874585
0.0070596
0.0444538
0.0310059
-0.0943557
-0.1004819
0.0563892
0.0313625
-0.0713681
-0.0382594
0.0326810
0.0311903
0.0772199
-0.0069028
-0.0007818
0.0228713
0.0209678
0.0938869
0.0045145
0.0905101
-0.0420513
0.0588281
-0.0380532
-0.0564775
0.0301669
-0.0827365
0.0328113
0.0767554
-0.0113900
-0.0892786
0.0521845
-0.0353507
-0.0358604
0.0133858
-0.0916178
0.0050845
0.0341284
0.0002646
-0.0330696
-0.0557698
-0.0244701
-0.0416777
0.0462531
0.0072643
0.0331686
-0.0669369
0.0378418
-0.0776574
0.0706804
-0.0367702
0.0116408
0.0307434
0.0167008
0.0654261
-0.0462698
0.0632107
0.0529474
-0.0822456
-0.0038074
-0.0253794
0.0250415
0.0760751
-0.0137298
-0.0366342
0.0622948
-0.0420113
-0.0391964
0.0715895
0.0255329
-0.0235880
0.0321310
0.0570816
-0.0575458
-0.0379925
-0.0958439
-0.2358930
-0.2304790
-0.0682123
-0.0108688
0.1263772
0.1192233
0.4074688
0.4652467
0.3695677
0.0570258
-0.2856425
-0.7314930
-0.5015581
-0.3446428
-0.0231377
0.2658796
0.2028364
0.2739710
0.2046138
0.1507941
0.0015411
0.0342672
-0.0221591
-0.0786620
-0.0205463
-0.1212755
-0.0605284
-0.1327398
0.0424616
0.1004301
-0.0258446
0.0309124
0.0307970
0.0095981
0.0461044
0.0243928
0.0356122
0.0576470
0.0543571
0.0276158
-0.0587866
-0.0903638
-0.0324874
0.0288445
-0.0355435
-0.0373504
0.0230480
-0.0851938
-0.0439543
0.0912605
0.0431526
0.1044955
-0.0738258
0.0345430
-0.0608323
0.0206272
0.0367689
-0.0724419
0.0227159
0.0602003
-0.0917208
0.0470928
0.0453319
0.0786067
-0.0904274
0.0956663
-0.0425130
-0.0515290
0.0446534
-0.1015601
-0.0881412
-0.0526622
0.0260318
0.0377900
-0.0720357
-0.0343681
-0.0001077
0.0678396
0.0713586
0.0877998
0.0273185
-0.0334872
0.0288977
0.0045630
0.0426074
0.0735736
0.0802512
0.1025729
-0.0215200
-0.0748182
0.0684583
-0.0164117
0.0795671
-0.0912307
-0.0215652
0.0932711
-0.0352543
0.0839051
-0.0109429
-0.0018726
-0.0466066
0.0447212
0.0977276
0.0447090
0.0689534
-0.0890264
0.0135493
-0.0937529
-0.0153067
0.0226287
0.0166752
-0.0729763
-0.0095980
-0.0948789
0.0596725
-0.0528845
0.0320472
0.0955704
-0.0768504
0.0059396
-0.0477701
0.0932737
-0.0956003
-0.0649939
-0.0138494
0.0693215
0.0503731
0.0569244
-0.0822999
0.0476927
0.0761461
-0.0628850
0.0190227
-0.0550755
0.0217493
-0.0781266
0.0132607
0.0567218
0.0884046
0.0369029
-0.0770162
-0.0369226
-0.0872397
-0.0638349
-0.0133682
-0.0818843
0.0923603
-0.0791005
-0.0250007
-0.0106165
0.0647277
0.0874603
0.0635089
-0.0554918
-0.0396639
-0.0242494
-0.0936395
0.0586748
0.0256995
0.0111935
0.0397834
-0.0342137
-0.0409077
-0.0469805
-0.0877205
-0.0960885
0.0568460
0.0673376
-0.0964506
-0.0278061
0.0468113
-0.1061519
-0.1006205
-0.0684454
0.0378016
-0.0091928
-0.0169755
0.1051106
-0.0602172
0.0019515
0.1033595
0.0743823
0.0674755
-0.0738416
0.0574721
-0.1084921
-0.1083297
-0.0766061
-0.2521288
-0.1320724
-0.0096881
-0.0566021
0.1165057
0.3080364
0.5154003
0.6030245
0.2070741
-0.1532702
-0.5967163
-0.7393821
-0.5675078
-0.1796723
0.1926136
0.3735215
0.2484535
0.1724287
0.1349675
0.0681497
0.0051688
-0.0796106
-0.1558364
-0.1960873
-0.0795089
-0.1789743
-0.0379445
0.0034456
0.0091997
-0.0377110
-0.0332864
-0.0393018
0.1358012
0.0979934
0.0098909
0.0650065
0.0828736
0.0639628
0.0735726
-0.0989347
-0.0359288
0.0552602
-0.0321055
-0.0710854
0.0836283
0.0501947
0.0841991
-0.0251785
-0.0611298
-0.0678390
-0.0459793
0.0670237
0.0039806
-0.0587820
0.0036878
-0.0386322
-0.0541143
0.0917043
-0.0568642
-0.0965296
0.0028337
0.0935631
-0.0690256
0.0175311
0.0337161
-0.0918652
-0.0626989
0.0612567
0.0862286
0.0203739
0.0752698
-0.0841701
-0.0579753
0.0169053
0.0138846
0.0125549
-0.0811325
-0.0766895
-0.0936665
-0.0012423
-0.0083204
-0.0525085
-0.0242757
0.0380280
-0.0533160
0.0021012
0.0324657
0.0062585
-0.0052262
0.0158893
-0.0330428
0.0405041
-0.0529274
-0.0326933
-0.0405279
-0.0683195
0.0516328
0.0309438
0.0016289
-0.0066823
-0.0818307
-0.0765264
0.0503982
0.0622109
-0.0480310
0.0566661
-0.0711735
0.0147744
-0.0458599
-0.0813815
-0.0843262
0.0813612
-0.0084771
-0.0010763
-0.0448777
0.0689750
-0.0874342
-0.0236257
0.0874297
0.0641168
0.0428505
-0.0411464
-0.0948733
-0.0609827
-0.0418860
-0.0921291
-0.0369912
-0.0379542
-0.0429616
0.0147201
-0.0670141
0.0749206
0.0227650
0.0916736
0.0109437
0.0493168
0.0717769
-0.0426571
0.0145223
-0.0882529
0.0823331
0.0397368
-0.0893010
0.0479635
0.0064803
-0.0592352
-0.0847826
0.0876918
0.0260130
0.0984145
0.0228896
0.0896169
0.0087745
0.0659388
-0.0680683
-0.0483067
0.0350879
-0.1068281
-0.0109738
-0.0133007
-0.1285398
0.0242248
0.0551428
0.0985188
0.1219575
0.0715162
0.0803623
0.0215536
0.0868350
-0.0131273
-0.0311301
-0.0826889
-0.1105188
-0.2091353
-0.1407067
-0.2915160
-0.1791888
-0.1537215
0.0501699
0.2626573
0.5055885
0.2819013
-0.0110331
-0.1627393
-0.2002150
-0.0914838
-0.1709208
-0.1411768
-0.1876056
-0.1381321
-0.0473333
0.0943889
0.0914206
0.2130092
0.1459099
0.0910354
0.0782874
-0.0045522
-0.1062036
-0.0775025
-0.0097663
-0.1400900
-0.0933644
0.0285907
-0.0459651
-0.0969980
-0.0024601
0.0148788
0.0395750
-0.0257059
0.0238667
0.0216374
0.0057841
-0.0038531
-0.0117701
0.0560289
-0.1052859
-0.0201244
-0.0165887
-0.0790081
0.0260311
-0.0189120
0.0618184
0.0834573
-0.0669439
0.0293395
-0.0043446
-0.0521673
0.0073182
0.0799552
-0.0766445
0.0057762
-0.0021216
0.0522689
-0.0455051
-0.0452281
-0.0445412
0.0090037
0.0534692
0.0712101
0.0463159
0.0431010
0.0468869
0.0227174
0.0034899
0.1046854
-0.0088107
0.0701532
0.0475613
-0.1029255
0.0148923
-0.0046637
-0.1116147
0.0063125
-0.0903000
0.0007432
0.0202568
0.0264510
0.0515545
0.0961560
0.1185048
0.2092409
0.1742233
0.0868571
0.0416270
-0.0743194
-0.2454540
-0.2641366
-0.3622694
-0.3154104
-0.2723405
-0.1181394
0.0539212
0.2906634
0.6509584
0.8959910
0.7270442
0.3827339
-0.3569721
-0.8647466
-1.0542844
-0.8269840
-0.4548467
-0.0387326
0.3579056
0.4466589
0.5210003
0.4142339
0.3050325
0.2026435
-0.0495996
-0.2023818
-0.2943018
-0.3566127
-0.3196345
-0.1355715
-0.1636377
0.0166012
-0.0369532
0.0578327
0.0369980
0.0564038
0.1568788
0.0389161
0.1340954
-0.0246263
-0.0432455
-0.0741997
-0.0769789
0.0158460
-0.0458012
-0.0776468
-0.1207927
0.0377196
0.0001451
0.0607113
0.1027193
0.0277611
0.0007206
-0.0580159
0.0150071
0.0422411
0.0909535
0.0669447
-0.0560020
-0.0886773
0.0765858
-0.0274720
-0.0040310
-0.0648850
-0.0835144
-0.0702764
0.0423550
-0.0633843
-0.0135973
-0.0502345
0.0085379
0.0060337
0.0451248
-0.0607708
0.0417556
-0.0241082
0.0746856
0.0017152
0.0177087
-0.0245384
0.0864275
-0.0484796
0.0824845
0.0348693
-0.0410809
0.0789690
-0.0702337
-0.0012493
0.0734985
0.0114670
-0.0026846
0.0544130
0.0010525
0.0857983
-0.0129581
-0.0098909
0.0282230
0.0488963
0.0292086
-0.0213841
-0.0824985
-0.0173878
0.0915640
-0.0147445
-0.0498564
0.0009654
-0.0689926
0.0265069
0.0336121
0.0510352
0.0398819
0.0185481
0.0498392
0.0585420
-0.0864200
0.0644945
-0.0334651
0.0189400
-0.0740624
0.0324777
-0.0259134
-0.0830838
0.0590063
-0.0170965
0.0383724
0.0914543
0.0356474
-0.0440686
0.0136939
0.0948379
-0.0281246
-0.0194358
0.0552735
-0.0609676
-0.0844463
-0.0409116
-0.0556673
0.0127043
0.0578606
-0.0559545
0.0391206
-0.0849526
0.0224546
-0.0660725
0.0872008
0.0664785
0.0929851
0.0178096
0.0442935
