0.0272410
-0.1294686
0.0076881
-0.0420126
0.0147222
-0.0667272
-0.0801528
0.0329936
0.1125975
0.1445165
0.1739269
0.0189098
0.0891405
-0.0398157
-0.0899947
-0.0715117
-0.2538057
-0.2803814
-0.0980295
-0.1949383
0.0135228
0.0210808
0.1654884
0.2923955
0.2687838
0.3668625
0.1833223
-0.1019779
-0.3527753
-0.2521240
-0.2674129
-0.1494173
0.0060097
0.1224154
0.2035764
0.2006138
0.1696084
0.0892640
0.0458560
0.1566786
0.0596464
-0.0629245
-0.1206985
-0.1496666
-0.0745520
-0.0030141
-0.1429166
-0.0722681
-0.0955131
0.0497723
0.0078376
0.0705879
0.0143815
0.0231558
-0.0626376
-0.0488606
0.0347679
0.0545787
-0.0732370
0.0420861
-0.0580726
0.0544134
-0.0747862
-0.0080255
0.0125317
-0.0629503
0.0291904
0.0574665
0.0268718
-0.0156198
-0.0278447
-0.0059867
0.1406958
0.1089194
0.0310106
-0.0008082
0.0055921
0.0107565
-0.0148783
-0.0043164
-0.1275748
-0.1003689
-0.1226452
-0.2435122
-0.1849497
-0.0500090
-0.0262112
0.2507785
0.4155008
0.3854921
0.4225511
0.1509291
-0.1614149
-0.2692071
-0.3746388
-0.3737540
-0.2095384
-0.1708377
-0.0492802
0.0326279
0.2524110
0.3877103
0.2128153
0.2022001
0.1343388
0.0150901
-0.0797858
-0.2043061
-0.1370460
-0.0517124
-0.1734249
-0.1355114
0.0549208
0.0931738
0.1178127
0.0531576
0.0175216
0.0312313
0.1387987
0.0764910
0.0422501
0.0742021
0.0085051
0.0517653
-0.0801102
0.0188821
-0.0660088
-0.0054599
-0.0489011
0.0654512
0.0772043
0.0381820
-0.0233773
0.0915016
0.1027787
0.0395521
0.0235332
0.0239298
0.0410523
0.0930928
-0.0024829
-0.0596359
0.0299600
-0.0750790
-0.0418340
0.0343328
0.0411428
-0.0608044
-0.0845016
-0.0466397
0.0310219
0.0342273
-0.0827496
-0.0602118
-0.0419574
0.0630148
-0.0412238
0.0799225
0.0253367
-0.0396907
-0.0102310
0.0774204
0.0524466
-0.0019092
0.0549449
-0.0268313
-0.0571906
-0.0334142
-0.0315247
-0.0554464
0.0220270
0.0438613
0.0854244
0.0108333
-0.0374244
0.0137906
0.0616005
-0.0662971
-0.0205080
0.0035746
-0.0247602
0.0590578
0.0765061
-0.0434410
0.0439555
0.0346679
-0.0870029
-0.0509416
-0.0089193
-0.0752343
-0.0773737
-0.0674630
0.0084632
0.0197790
-0.0401076
0.0745732
-0.0586827
-0.0049653
0.0504353
0.0266491
0.0221622
0.0089917
0.0837628
-0.0868675
-0.0021990
0.0037682
-0.0835421
-0.0284857
-0.0324676
-0.0852564
-0.0478941
0.0634055
0.0624635
-0.0004740
-0.0101412
0.0929502
0.0389078
0.0799672
0.0646012
0.0226715
0.0191445
-0.0004764
0.0928547
-0.0880151
-0.0233773
-0.0368045
-0.0569296
-0.0060763
0.0272113
0.0478969
-0.0653487
0.0593851
-0.0385070
-0.0592950
0.0950009
0.0409561
-0.0942641
-0.0450266
-0.0462264
0.0434719
0.0244418
0.0187672
0.0819611
0.0936597
-0.0298606
-0.0111211
-0.0376002
-0.0955054
-0.0285335
-0.0140647
-0.0669744
-0.0735471
-0.0307984
0.0317650
0.0254224
0.0338279
0.0133498
-0.0374170
-0.0028184
0.0901107
-0.0187854
0.0252710
0.0164087
-0.0254542
0.0350136
-0.0306159
-0.0710768
-0.0423076
-0.0452895
0.0890774
0.0217517
0.0630897
-0.0887547
-0.0372213
0.0648749
0.0338936
0.0154118
0.0040902
0.0934813
-0.0548972
0.0574574
0.0066126
-0.0956786
-0.0645869
-0.0818553
-0.0300500
0.0489462
-0.0654099
0.0718789
0.0789822
0.0694185
-0.0100492
0.0397044
-0.0777317
0.0309722
-0.0499887
0.0741566
-0.0638652
0.0797695
-0.0271946
-0.0372670
0.0385441
0.0702107
-0.0755926
0.0518401
0.0203387
-0.0812886
0.0279431
0.0163684
0.0919356
-0.0533105
0.0681001
-0.0866720
-0.0483140
0.0871109
0.0217464
0.0718084
0.0680403
0.0442636
0.0669705
0.0681078
0.0248703
-0.0130281
-0.0251669
0.0750754
0.0606640
-0.0262786
-0.0235485
-0.0273601
-0.0727999
-0.0976542
-0.0666392
-0.0241055
-0.0917965
0.0655257
-0.0527902
-0.0824720
0.0297287
-0.0856708
0.0770536
-0.0545242
0.0980697
0.0743362
0.0135247
0.0273189
-0.0922524
0.0013711
-0.0485616
-0.0310738
-0.0846899
-0.0039739
0.0350065
0.0093918
0.0733379
0.0496722
-0.0768427
-0.0157964
0.0307013
-0.0855822
-0.0041233
0.0168267
-0.0662397
0.0541100
0.0290746
0.0107932
-0.0277452
0.0602824
-0.0047207
-0.0000007
0.0354223
0.0282143
-0.0848413
0.0808465
-0.0347802
-0.0363803
-0.0581100
0.0701917
0.0142582
-0.1023013
-0.0075693
-0.0648391
-0.0637019
-0.0708728
-0.0361581
-0.0301537
0.0079632
0.0781924
0.0949204
-0.0636463
0.1328405
0.0696844
0.1005642
0.0450807
-0.0531213
-0.0310476
0.0134219
-0.1372921
-0.0132690
-0.0602805
-0.0381050
-0.0322305
0.0099839
0.0941542
0.2922502
0.3374169
0.1589829
0.0146198
-0.2260090
-0.2698081
-0.2371787
-0.0862631
0.1095972
0.2166955
0.1476442
0.0349579
0.1019512
0.0993955
-0.0527573
-0.0230541
-0.0898620
0.0013625
-0.0466941
0.0007958
-0.0888023
0.0197864
-0.0578612
-0.0679431
0.0406002
0.0856036
0.0244494
-0.0188325
-0.0276807
-0.0527170
0.0067634
-0.0019549
-0.0159163
-0.0639850
-0.0338580
-0.0214579
-0.0205762
-0.0865980
0.0520236
0.0684283
0.0415382
0.0870630
-0.0406089
-0.0335897
0.0089700
0.0461136
0.0168917
0.0889971
-0.0056121
-0.0941164
-0.0012063
0.0780670
-0.0685472
-0.0298532
0.0003524
0.0892831
-0.0725868
-0.0227208
-0.0727077
0.0157404
-0.0479331
0.0127431
0.0763120
-0.0480047
-0.0075744
0.0761363
-0.0689400
0.0540367
0.0552199
0.0391224
0.0404236
-0.0891409
-0.0117374
0.0782162
-0.0801700
0.0733298
0.0992189
0.0065732
0.0566909
-0.0162694
-0.0654764
-0.0623674
-0.0458239
-0.0182528
-0.0849711
0.0369396
-0.0189979
-0.0861484
0.0106507
-0.0493434
-0.0067028
-0.0716828
0.0384443
0.0790080
-0.0184216
-0.0376051
0.0698777
-0.0501548
-0.0838757
0.0491917
0.0677394
0.0868055
-0.0035162
0.0011233
-0.0191708
-0.0888266
-0.0546521
0.0676844
-0.0919227
-0.0185259
-0.0147247
0.0896250
0.0796312
-0.0392833
-0.0566572
0.0562009
-0.0137227
-0.0875578
-0.0925884
-0.0001035
0.0487648
-0.0132330
-0.1002342
0.0153027
0.0805643
-0.0128250
0.0256409
-0.0093888
0.0924831
0.0136230
-0.0846030
0.0128393
-0.0881832
0.0632589
-0.0225790
0.0610686
-0.0515247
-0.1007376
0.0301597
-0.0034151
-0.0909229
-0.0238454
0.0708901
0.0809794
-0.0904337
-0.0602152
-0.0409814
0.0856952
-0.0454659
-0.0019012
0.0935760
0.0306356
0.0010823
-0.0376573
-0.0638567
-0.0602160
0.0158045
0.0208534
-0.0731378
-0.0256681
-0.0390878
0.0739989
0.0630371
-0.0697977
0.0816452
-0.0374110
0.0173991
0.0224495
0.1262532
0.0436192
0.0304215
-0.0826830
-0.0477853
-0.0486838
-0.0512429
-0.0429616
-0.1860254
-0.1252037
0.0796668
0.1273128
0.1805133
0.2531895
0.3649960
0.2636387
-0.0398538
-0.4640816
-0.6660215
-0.5538385
-0.1760946
0.0906371
0.2420113
0.2259461
0.1286911
0.1767072
0.1028569
0.0631624
-0.1204733
-0.0258781
-0.0220637
-0.1049961
-0.0581113
-0.0116620
0.0344048
0.0328471
0.0227542
-0.0525156
0.0118771
0.0592656
-0.0274598
0.1228670
-0.0687077
-0.0307463
-0.0659782
-0.0133283
-0.0461212
0.0266981
-0.0838383
-0.0268346
0.0060112
-0.0312162
-0.0415216
-0.0287355
0.0309380
-0.0694018
0.0131521
-0.0331479
0.0240582
-0.0387071
-0.0022670
0.0084269
-0.0103356
0.0495542
-0.0834117
-0.0787732
0.0298221
0.0691507
0.0312509
0.0835349
0.0450614
0.0191212
-0.0090754
0.0680794
0.0473362
-0.0810739
0.0165758
0.0215095
-0.0358898
0.0963853
0.0784996
0.0646206
-0.0342124
-0.0271241
0.0323361
-0.0363225
0.0818622
-0.0176979
-0.0701389
0.0357807
-0.0152831
0.0056595
-0.0006369
-0.0644925
-0.0787619
-0.0164519
0.0077416
0.0889424
0.0515923
-0.0216052
-0.0431841
0.0039626
0.0838047
-0.0294972
0.0522315
-0.1011897
-0.0473458
-0.0573568
-0.0173126
-0.0259350
-0.0756502
0.0661010
-0.0098230
-0.0465594
-0.0932856
0.0070589
-0.0042236
-0.0375053
0.0231173
0.0782575
-0.0889620
-0.0656785
-0.0191436
-0.0170094
-0.0130120
-0.0147169
-0.0278773
0.0851383
0.0766668
0.0876896
-0.0841498
0.0869089
-0.0204197
-0.0109095
0.0691611
-0.0800937
0.0893051
-0.0589170
0.0925689
0.0145737
-0.0823404
-0.0315090
0.0627826
-0.0262018
-0.0294124
-0.0015549
0.0273639
-0.0224144
0.0248284
0.0386421
-0.0598087
0.0871091
0.1000420
0.0338967
0.0319002
0.0320385
-0.0221321
-0.0541932
0.0358510
-0.0906467
-0.0990924
-0.0602414
0.0823136
0.0259010
-0.0348425
0.0658035
-0.0125511
-0.0832262
0.0548264
-0.0836990
0.0883865
-0.0365255
0.0614722
0.0542100
-0.0240762
-0.0242482
0.0308084
0.0211816
-0.0037290
-0.0397126
0.0822133
-0.0948005
-0.0138030
0.1033576
-0.0023035
-0.0515069
0.1004972
0.1006655
0.0888920
-0.0729610
-0.1182821
-0.0961287
-0.1436151
-0.1710450
-0.2037876
-0.1634448
-0.1292905
-0.0166216
0.0635700
0.3015682
0.4799689
0.4909771
0.3164072
0.0112834
-0.5614874
-0.6056170
-0.4537476
-0.2109724
0.2050033
0.3486597
0.2129116
0.2469489
0.1054560
0.1546239
0.0155044
-0.0039667
-0.0096319
-0.0988076
-0.0371014
-0.0322615
-0.0934334
0.0271446
-0.0013458
0.1095561
-0.0601978
0.0196748
-0.0171668
-0.0271333
-0.0579935
0.0743031
0.0529296
-0.0617396
-0.0246943
0.0524289
0.0623307
0.0315159
-0.0677856
-0.0688351
-0.0093932
0.0306510
-0.0711856
0.0880272
-0.0522755
0.0265092
-0.0307845
-0.0443091
0.0491707
0.0093142
0.0038924
-0.0001255
0.0651829
0.0873760
0.0051145
-0.0977309
-0.0716126
0.0781339
0.0456917
-0.0485830
-0.0795918
0.0790821
-0.0393950
0.0205143
-0.0320934
-0.0465295
-0.0840656
-0.0616113
-0.0583703
0.0545575
0.0672598
0.0471303
-0.0368178
-0.0651728
-0.0776084
-0.0420403
-0.0904903
0.0568899
-0.0151498
-0.0211666
-0.0416165
0.0750754
0.0748118
0.0332767
0.0214362
-0.0513264
-0.0720790
0.0187372
0.0470027
0.0827227
-0.0955921
-0.0492334
-0.0397509
-0.0279517
-0.0381105
0.0616161
-0.0522482
-0.0226735
0.0897457
0.0173398
-0.0504310
-0.0204212
-0.0449462
0.0874585
0.0070596
0.0444538
0.0310059
-0.0943557
-0.1004819
0.0563892
0.0313625
-0.0713681
-0.0382594
0.0326810
0.0311903
0.0772199
-0.0069028
-0.0007818
0.0228713
0.0209678
0.0938869
0.0045145
0.0905101
-0.0420513
0.0588281
-0.0380532
-0.0564775
0.0301669
-0.0827365
0.0328113
0.0767554
-0.0113900
-0.0892786
0.0521845
-0.0353507
-0.0358604
0.0133858
-0.0916178
0.0050845
0.0341284
0.0002646
-0.0330696
-0.0557698
-0.0244701
-0.0416777
0.0462531
0.0072643
0.0331686
-0.0669369
0.0378418
-0.0776574
0.0706804
-0.0367702
0.0116408
0.0307434
0.0167008
0.0654261
-0.0462698
0.0632107
0.0529474
-0.0822456
-0.0038074
-0.0253794
0.0250415
0.0760751
-0.0137298
-0.0366342
0.0622948
-0.0420113
-0.0391964
0.0715895
0.0255329
-0.0235880
0.0321310
0.0570816
-0.0575458
-0.0379925
-0.0958439
-0.2358930
-0.2304790
-0.0682123
-0.0108688
0.1263772
0.1192233
0.4074688
0.4652467
0.3695677
0.0570258
-0.2856425
-0.7314930
-0.5015581
-0.3446428
-0.0231377
0.2658796
0.2028364
0.2739710
0.2046138
0.1507941
0.0015411
0.0342672
-0.0221591
-0.0786620
-0.0205463
-0.1212755
-0.0605284
-0.1327398
0.0424616
0.1004301
-0.0258446
0.0309124
0.0307970
0.0095981
0.0461044
0.0243928
0.0356122
0.0576470
0.0543571
0.0276158
-0.0587866
-0.0903638
-0.0324874
0.0288445
-0.0355435
-0.0373504
0.0230480
-0.0851938
-0.0439543
0.0912605
0.0431526
0.1044955
-0.0738258
0.0345430
-0.0608323
0.0206272
0.0367689
-0.0724419
0.0227159
0.0602003
-0.0917208
0.0470928
0.0453319
0.0786067
-0.0904274
0.0956663
-0.0425130
-0.0515290
0.0446534
-0.1015601
-0.0881412
-0.0526622
0.0260318
0.0377900
-0.0720357
-0.0343681
-0.0001077
0.0678396
0.0713586
0.0877998
0.0273185
-0.0334872
0.0288977
0.0045630
0.0426074
0.0735736
0.0802512
0.1025729
-0.0215200
-0.0748182
0.0684583
-0.0164117
0.0795671
-0.0912307
-0.0215652
0.0932711
-0.0352543
0.0839051
-0.0109429
-0.0018726
-0.0466066
0.0447212
0.0977276
0.0447090
0.0689534
-0.0890264
0.0135493
-0.0937529
-0.0153067
0.0226287
0.0166752
-0.0729763
-0.0095980
-0.0948789
0.0596725
-0.0528845
0.0320472
0.0955704
-0.0768504
0.0059396
-0.0477701
0.0932737
-0.0956003
-0.0649939
-0.0138494
0.0693215
0.0503731
0.0569244
-0.0822999
0.0476927
0.0761461
-0.0628850
0.0190227
-0.0550755
0.0217493
-0.0781266
0.0132607
0.0567218
0.0884046
0.0369029
-0.0770162
-0.0369226
-0.0872397
-0.0638349
-0.0133682
-0.0818843
0.0923603
-0.0791005
-0.0250007
-0.0106165
0.0647277
0.0874603
0.0635089
-0.0554918
-0.0396639
-0.0242494
-0.0936395
0.0586748
0.0256995
0.0111935
0.0397834
-0.0342137
-0.0409077
-0.0469805
-0.0877205
-0.0960885
0.0568460
0.0673376
-0.0964506
-0.0278061
0.0468113
-0.1061519
-0.1006205
-0.0684454
0.0378016
-0.0091928
-0.0169755
0.1051106
-0.0602172
0.0019515
0.1033595
0.0743823
0.0674755
-0.0738416
0.0574721
-0.1084921
-0.1083297
-0.0766061
-0.2521288
-0.1320724
-0.0096881
-0.0566021
0.1165057
0.3080364
0.5154003
0.6030245
0.2070741
-0.1532702
-0.5967163
-0.7393821
-0.5675078
-0.1796723
0.1926136
0.3735215
0.2484535
0.1724287
0.1349675
0.0681497
0.0051688
-0.0796106
-0.1558364
-0.1960873
-0.0795089
-0.1789743
-0.0379445
0.0034456
0.0091997
-0.0377110
-0.0332864
-0.0393018
0.1358012
0.0979934
0.0098909
0.0650065
0.0828736
0.0639628
0.0735726
-0.0989347
-0.0359288
0.0552602
-0.0321055
-0.0710854
0.0836283
0.0501947
0.0841991
-0.0251785
-0.0611298
-0.0678390
-0.0459793
0.0670237
0.0039806
-0.0587820
0.0036878
-0.0386322
-0.0541143
0.0917043
-0.0568642
-0.0965296
0.0028337
0.0935631
-0.0690256
0.0175311
0.0337161
-0.0918652
-0.0626989
0.0612567
0.0862286
0.0203739
0.0752698
-0.0841701
-0.0579753
0.0169053
0.0138846
0.0125549
-0.0811325
-0.0766895
-0.0936665
-0.0012423
-0.0083204
-0.0525085
-0.0242757
0.0380280
-0.0533160
0.0021012
0.0324657
0.0062585
-0.0052262
0.0158893
-0.0330428
0.0405041
-0.0529274
-0.0326933
-0.0405279
-0.0683195
0.0516328
0.0309438
0.0016289
-0.0066823
-0.0818307
-0.0765264
0.0503982
0.0622109
-0.0480310
0.0566661
-0.0711735
0.0147744
-0.0458599
-0.0813815
-0.0843262
0.0813612
-0.0084771
-0.0010763
-0.0448777
