-0.0204236
0.0049775
0.0752540
-0.0527166
0.0335843
-0.0021802
-0.0573154
0.0420525
-0.0292864
-0.0832851
0.0190940
-0.0865554
-0.0875736
-0.0658475
-0.0441327
-0.0315591
0.0072335
0.0665136
-0.0499792
0.0730070
-0.0186407
0.1236247
-0.0195787
-0.0048556
0.0289508
0.1193878
0.0458449
-0.0215841
-0.0919435
-0.0737824
-0.0652165
-0.1037808
-0.0270079
-0.0608897
-0.0369851
-0.0452350
0.0911020
0.0647814
0.1937226
0.3843751
0.3256299
-0.0398622
-0.3108254
-0.3625528
-0.5124873
-0.2753003
-0.0520739
0.1352242
0.2336585
0.1673873
0.2970441
0.0875439
0.0909555
-0.0355638
-0.1460038
-0.1761711
-0.0250072
-0.1311052
-0.1828444
-0.0547745
-0.0383136
-0.0173364
0.0723169
0.0631348
0.0467923
0.0324064
0.1034622
0.0020831
-0.0674801
0.0930322
-0.0920724
0.0672096
-0.0717126
-0.0012986
-0.0787368
0.0716506
-0.0602876
-0.0745217
0.0571919
0.0602426
0.0655969
-0.0669536
-0.0184831
0.0300729
-0.0059660
0.0880181
-0.0024822
-0.0792475
0.0620335
-0.0759359
-0.0385336
-0.0490500
0.0970977
-0.0614913
-0.0142708
-0.0362900
0.0202830
0.0541129
0.0436270
0.0612693
0.0704059
-0.0033133
0.0012574
0.0962159
0.0829104
-0.0470018
-0.0676311
0.0423951
-0.0652557
-0.0737130
0.1054425
-0.0245823
0.0447608
-0.0533322
-0.0018580
0.0316476
-0.0394180
-0.0016052
0.0435819
-0.0749272
-0.0541290
0.0668519
-0.0541291
0.0168197
0.0343157
0.0809090
-0.0889484
-0.0278295
0.0397421
0.0201993
0.0478227
-0.0775718
0.0833430
0.0732535
-0.0044399
0.0770382
-0.0164413
0.0578696
-0.0276872
-0.0917390
0.0814623
-0.0622527
-0.0179842
-0.0895739
0.0147046
0.0495075
-0.0283216
0.0072354
0.0062934
-0.0745940
0.0154551
0.0686842
0.0705713
0.0725400
0.0904184
0.0395939
0.0385557
-0.0685664
0.0608119
0.0573854
0.0684158
0.0745553
0.0837886
0.0575896
0.0704331
0.0163564
-0.0205906
-0.0282155
-0.0233133
0.0219681
0.0624799
-0.0856244
-0.0017100
-0.0077741
0.0358034
-0.0020151
-0.0841543
-0.0369231
-0.0060042
-0.0332445
-0.0138326
-0.0886024
0.0058729
-0.0277134
-0.1043003
0.0377644
-0.0392492
0.0381558
0.0178574
-0.0571038
-0.0439248
0.0649074
-0.0312519
-0.0230104
-0.0919463
-0.0876931
0.0304830
-0.0168594
-0.0823659
-0.1063291
0.0472512
0.0395816
0.0120769
-0.0830867
0.0538389
-0.0187326
0.0372524
0.0541906
-0.0439033
-0.0257358
0.0972224
0.0160202
-0.0866212
-0.0388280
0.0310052
0.0041177
-0.0723987
-0.0372879
-0.0333178
0.0279735
0.0104069
0.1482143
0.1712435
0.0607257
0.1109702
0.0833026
0.1835193
-0.1324253
-0.1568301
-0.2366829
-0.2981926
-0.2793148
-0.0199348
0.0852725
0.1108076
0.2466382
0.1795309
0.1173550
0.0247376
-0.0206801
-0.0760773
-0.1237103
-0.0588378
-0.0370055
0.0161935
-0.0113589
-0.0476633
-0.0496212
0.0434803
0.0408352
0.0959333
-0.0232509
0.0466603
0.0743994
-0.0533804
-0.0178540
-0.1058542
0.0349415
-0.0085376
-0.0739012
0.0435702
0.0120109
-0.0144934
0.0749363
-0.0547916
0.0102457
-0.0581471
-0.0675918
-0.0009755
-0.0634241
0.0118301
-0.0637522
0.0535262
-0.0953887
-0.0906955
-0.0916996
0.0745041
-0.0177732
0.0267871
-0.0698527
0.0228163
0.0070554
-0.0261223
-0.0226479
-0.0702382
-0.0173608
-0.0530055
0.0893595
-0.0798844
0.0221546
-0.0373387
0.0127421
-0.0718301
-0.0415286
-0.0717037
0.0117341
0.0032959
0.1017084
0.0563169
0.0552709
0.0298661
-0.0881072
0.0275042
-0.0260577
-0.0462699
0.0357503
0.0941712
-0.0094597
-0.0811349
0.0930985
0.0043538
-0.0195286
-0.0806003
0.0636305
-0.0011092
-0.0756829
0.0316156
-0.0234984
0.0902766
0.0608233
0.0656360
-0.0424213
-0.0763759
-0.0869517
0.0190078
0.0155272
-0.0450726
-0.0833994
0.0064248
0.0694826
-0.0122668
0.0859315
-0.0899241
-0.0706720
0.0418882
-0.0041801
-0.0591203
0.0457391
0.0120062
0.0523323
-0.0013943
0.0373720
0.0757447
-0.0559165
-0.0195840
0.0489891
-0.0944951
0.0192755
0.0560046
-0.0493177
0.0659019
0.0027363
-0.0725821
-0.0518141
0.0858376
-0.0041892
-0.0646348
-0.0590798
-0.0573375
0.0880680
-0.0090836
-0.0266211
0.0141514
-0.0543248
0.0179526
-0.0494557
-0.0877107
-0.0064577
0.0958731
0.0895039
-0.0471063
-0.0313086
-0.0153393
-0.0748052
-0.0675295
-0.0524647
0.0032923
-0.0567463
0.0401203
0.0207235
-0.0075507
-0.0251738
-0.0275670
-0.0676274
0.0568775
0.0931213
0.0571627
0.0845992
0.0696628
0.0776879
0.0937732
-0.0589890
-0.0234975
-0.0552155
-0.0541059
0.0478484
0.0552430
0.0348723
0.0311049
-0.0712990
-0.0617147
0.0044382
0.0146042
0.0221614
-0.0742249
0.0583041
0.0060454
0.0004728
-0.0300873
-0.1042717
0.0303094
-0.0739543
-0.0353655
-0.0607902
-0.0993597
-0.0764744
0.0651856
0.1777557
0.1324411
0.0744633
0.0534282
0.1298447
0.0499639
0.0265750
-0.2194710
-0.2145806
-0.1340885
-0.1857275
0.0102913
0.1484311
0.1119229
0.2710265
0.2203024
0.0385028
-0.0197697
0.0198988
-0.0699516
-0.1607452
-0.1287387
-0.0633310
-0.0734379
0.0777716
-0.0470428
0.0283460
0.0247944
0.0375468
-0.0407889
0.0241483
-0.0477688
-0.0736075
-0.0970938
-0.0151009
-0.0836758
-0.0495347
-0.0499330
0.0268402
0.0050987
-0.0158836
0.0094529
0.0399305
-0.0085719
0.0597949
0.0525772
0.0721808
-0.0296377
-0.0728791
0.0128368
-0.0467630
-0.0396857
0.0359067
0.0809788
0.0160098
-0.0840779
-0.0270450
-0.0717910
0.0283056
-0.0257388
-0.0484545
0.0707522
0.0248406
-0.0860236
0.0106948
0.0963501
-0.0355662
0.0368826
-0.0589287
0.0738907
-0.0295622
0.0910525
-0.0647417
-0.0580748
-0.0380915
0.0436682
-0.0414510
0.0450327
-0.0717345
-0.0837077
-0.0534203
0.0525555
0.0657547
0.0718823
-0.0545937
0.0098679
-0.0347356
0.0560298
0.0718935
-0.0812032
0.0864409
0.0008156
0.0554347
0.0096693
-0.0802833
0.0832447
0.0033497
0.0917763
0.0619575
-0.0835982
0.0173534
-0.0364303
0.0067901
-0.0555173
-0.0110842
0.0138143
0.0415689
0.0832939
-0.0480669
-0.0515076
-0.0551089
0.0952023
-0.0166160
0.0362465
-0.0695387
0.0801929
0.0720833
0.0252532
0.0035427
0.0380280
0.0450080
0.0470216
0.0721843
-0.0603433
-0.0637283
0.0109506
0.0221389
0.0889238
-0.0956821
-0.0284101
0.0608068
0.0301498
0.0331899
0.0061639
-0.0003115
-0.0683562
0.0470722
-0.0837526
0.0403026
-0.0239564
0.0603477
0.0922384
0.0821251
0.0719391
-0.0467996
-0.0137020
-0.0924939
-0.0454688
0.0846757
0.0577693
0.0514478
0.0131013
0.0436662
0.0596191
-0.0715821
-0.0548291
0.0070839
-0.0764087
-0.0254245
0.0633042
0.0096816
0.0368402
0.0583092
-0.0063585
0.0824302
0.0308631
0.0489772
0.0274249
-0.0036470
-0.0491991
0.0588105
-0.0159324
-0.0662094
-0.0118577
0.0289121
0.0335356
0.0133534
0.0768944
0.0803547
0.0258264
-0.0752161
-0.1024977
0.0692862
-0.0303411
0.0228389
0.0053842
-0.0056876
0.0684628
0.0050050
0.0250651
-0.0160493
-0.0892179
0.0630632
-0.0893885
-0.0251609
0.0028650
-0.0112554
-0.0525978
-0.0806125
0.0366852
0.0164997
0.0770787
0.0206900
0.1292949
0.0449431
0.1077959
0.0103945
-0.0442788
-0.2283522
-0.3103569
-0.1985428
-0.0346169
-0.0641524
0.0923595
0.1196904
0.2630364
0.0374590
-0.0234344
0.0348768
-0.0875610
-0.0914708
0.0061801
-0.0461196
-0.1224390
0.0545589
0.0660875
-0.0303246
0.1002650
0.1289416
0.0795892
-0.0600257
-0.0651003
-0.0017580
0.0084019
0.0260187
-0.1001979
-0.0194424
-0.0289630
-0.0977536
-0.0950519
-0.0087031
0.0235486
0.0512315
0.0946924
0.0193718
-0.0520171
-0.0760169
0.0399510
0.0554327
0.0648553
0.0042289
0.0130561
0.0299706
-0.0455247
-0.0844809
-0.0536922
-0.0219696
0.0463713
-0.0791035
-0.0894062
0.0520556
-0.0056234
-0.0435593
-0.0622819
0.0052166
0.0307885
-0.0934558
-0.0403771
-0.0104743
0.0623095
0.0042731
0.0483870
-0.0400726
-0.0665898
-0.0863247
-0.0756320
-0.0141143
0.0568233
-0.0554410
0.0150033
0.0274817
0.0447545
0.0869538
-0.0601524
-0.0678740
0.0754649
0.0562951
0.0232714
0.0230377
0.0235472
-0.0269066
0.0287668
0.0587339
-0.0907304
-0.0403124
0.0531845
0.0955937
0.0435924
0.0039650
-0.0364029
-0.0512583
0.0414167
-0.0009574
0.0121481
-0.0696543
0.0880624
-0.0889271
0.0028876
-0.0122564
0.0640654
-0.0375950
-0.0439530
-0.0454761
0.0470356
0.0869694
-0.0270896
-0.0487183
-0.0471229
0.0228522
0.0968719
0.0389449
-0.0949238
-0.0924692
0.0335307
0.0676648
0.0915726
0.0475399
0.0867978
-0.0397822
0.0421335
-0.0137654
-0.0200201
-0.0377884
0.0483857
0.0549354
0.0131481
0.0291232
-0.0335424
0.0270329
-0.0893964
0.0088627
-0.0425643
0.0231872
0.0005920
0.0811100
0.0498049
0.0353107
-0.0306994
0.0065837
-0.0888443
-0.0474635
-0.0159137
0.0206586
-0.0342834
0.0410236
-0.0156079
0.0366295
0.0761345
0.0054951
0.0795154
0.0824599
0.0430954
-0.0476679
0.0317633
0.0082917
0.0075759
0.0266329
0.0908550
-0.0100219
-0.0121226
0.0578417
-0.0471044
-0.0301012
-0.0510853
0.0093005
-0.0737046
-0.0610064
0.0588454
0.0384533
-0.0601128
-0.0203415
0.0895326
-0.0343770
0.0912780
0.0909546
0.0117748
0.0626064
0.0827725
-0.0719721
0.0352179
0.0645105
0.0307554
-0.0797487
-0.1299270
-0.0806668
-0.0463026
-0.1144549
0.0509836
-0.0355888
-0.0222204
0.1918825
0.1309278
0.0755564
0.0842956
0.0504897
-0.1313224
-0.1874217
-0.1730885
-0.0952556
-0.0614560
0.0260594
0.1351945
0.0815975
0.1972243
0.1784149
0.0620167
0.0405989
-0.0805770
-0.0620824
-0.0512038
-0.0724540
0.0228110
-0.1222748
0.0165392
0.0909212
0.0516496
0.0180548
0.1223942
-0.0285945
0.1025004
0.0582103
0.0562109
-0.0892144
0.0436323
-0.0729626
0.0550915
0.0655817
-0.0807608
-0.0332612
-0.0136972
0.0232661
0.0880267
-0.0502836
0.0326424
-0.0543165
0.0088745
0.0643015
0.0408592
0.0620667
0.0775264
-0.0196181
-0.0837752
-0.0070419
0.0002736
0.0220532
-0.0430372
-0.0324904
-0.0741673
-0.0599227
0.0449540
0.0025688
0.0175185
-0.0590982
0.0595788
0.0540720
-0.0691511
-0.0462891
0.0032719
0.0692419
-0.0927147
-0.0015441
0.0843981
0.0920488
0.0936147
0.1086643
-0.0254091
-0.0468847
-0.0863878
-0.0170497
-0.0538910
0.0303247
-0.1123475
0.0235168
-0.0361656
-0.0541529
0.0445547
0.0458626
0.0037510
0.0530572
-0.0522055
-0.0623935
0.0686615
-0.0408571
0.0253329
0.0830669
-0.0362636
-0.0029287
0.0221851
0.0103772
-0.0899351
-0.0877925
-0.0934707
-0.0392867
0.0053187
0.0869235
-0.0103781
-0.0835487
-0.0012122
0.0049335
-0.0414560
-0.0453039
0.0912125
0.0073233
-0.0970980
-0.0984133
0.0338202
-0.0131726
-0.0585260
0.0703025
-0.0085912
-0.0498960
-0.0746398
0.0334996
0.0353999
0.0001418
-0.0459248
-0.0642697
-0.0772624
0.0336134
-0.0065636
0.0842635
-0.0857627
0.0627219
-0.0851982
0.0285340
0.0480144
0.0920809
0.0236642
0.0555202
-0.0277998
0.0738401
0.0388409
-0.0335843
-0.0582484
0.0373798
-0.0145567
0.0471623
-0.0807956
-0.0849587
0.0837212
-0.0127765
0.0700670
-0.0578286
0.0690499
0.0439617
0.0691412
-0.0529423
0.0099073
-0.0038154
-0.0305181
0.0577910
0.0352295
0.0808113
0.0643782
-0.0820656
-0.0029391
0.0634174
-0.0826753
0.0942051
0.0906663
-0.0679164
-0.0562418
0.0315338
0.0318606
-0.0677888
-0.0192047
-0.0121756
-0.0256653
-0.0330844
-0.0149326
-0.0597462
0.0628459
0.0910642
0.0609208
-0.0403306
-0.0874743
0.0070107
-0.0628096
0.0300809
-0.1004100
0.0318528
-0.0494734
-0.1586478
0.0334099
-0.0087754
0.0074729
0.0575801
0.2391442
0.1659752
0.2476666
0.0498883
-0.1012017
-0.2910428
-0.4461145
-0.1814583
-0.0308047
0.0904845
0.1915772
0.1430449
0.2905878
0.0992913
0.1609951
0.0081349
0.0070818
-0.0552031
-0.1783714
-0.0693955
-0.1593917
-0.0831605
0.0139305
-0.0216229
-0.0159087
0.0879441
0.0461962
0.0822515
-0.0526097
0.0524997
-0.0288465
-0.0163998
0.0283299
0.0711282
0.0357291
-0.0538607
0.0256156
-0.1087303
-0.0535754
0.0472244
-0.0550883
0.0713040
-0.0279454
-0.0123275
-0.0155295
0.0426811
0.0093306
-0.0626572
-0.0050138
-0.0184565
-0.0423159
0.0144178
0.0583344
0.0544659
-0.0940624
-0.0643861
-0.0657671
0.0061149
-0.0615689
-0.0499710
0.0619555
0.0819099
-0.0056989
-0.0156448
-0.0434904
-0.0585584
0.0721647
-0.0108471
0.0651257
0.0152911
-0.0280213
-0.0243412
0.0158233
0.0409552
0.0919519
-0.0452835
0.0413101
-0.0582087
0.0536901
-0.1049113
-0.0602676
0.0376485
0.0883155
-0.0153803
0.0638829
-0.0546640
0.0024282
0.0080139
-0.0886082
0.0620532
-0.0166427
-0.0176989
-0.0897032
-0.0177442
0.0036815
0.0202746
-0.0514655
0.0674370
-0.0976177
-0.0461974
-0.0308602
0.0246984
0.0662069
-0.0049289
0.0684109
0.0283559
0.0587654
-0.0163765
-0.0828709
0.0484160
-0.0836343
0.0313638
-0.0921975
0.0547794
-0.0662400
0.0712973
-0.0378638
0.0363927
-0.0082575
0.0251958
-0.0892130
0.0429107
-0.0866195
-0.0102977
0.0716047
0.0521833
-0.0089426
0.0400618
-0.0259756
0.0344863
-0.0059035
0.0002671
0.0281042
-0.0715923
0.0646183
0.0539154
0.0330069
0.0285894
0.0086844
0.0719203
0.0816930
0.0255372
0.0949649
0.0232154
0.0651806
0.0808133
-0.0556511
0.0364636
0.0519122
0.0900097
0.0133974
-0.0832161
0.0685488
0.0692644
-0.0915928
0.0361925
0.0563031
-0.0275219
0.0618378
-0.0265473
-0.0519305
-0.0369223
0.0645248
-0.0692074
-0.0829115
0.0885945
-0.0675914
0.0236623
-0.0377486
0.0356650
-0.0015514
-0.0930365
0.0426282
-0.0545187
0.0364551
-0.0781955
0.0788143
0.0059204
0.0510086
-0.0366555
0.0703782
0.0836901
-0.0107508
-0.0392679
0.1082708
-0.0340373
0.0861831
-0.0165169
0.0397438
-0.0673525
-0.1107695
-0.0163023
0.0372733
-0.0690088
0.0609322
0.0930558
0.0361076
0.0705913
0.2219685
0.1044590
-0.0449409
-0.2610771
-0.3060721
-0.2033110
-0.1760396
-0.0354433
0.1657792
0.2601035
0.1467945
0.2060885
0.0886785
-0.0875670
-0.1248705
-0.0723429
-0.1372865
-0.1182794
0.0010002
-0.0078192
-0.0429973
0.0977769
-0.0599356
-0.0466582
-0.0001978
0.0958659
0.0494041
0.0294645
-0.0029174
0.0350225
0.0805055
-0.0015477
-0.1160176
-0.0573796
0.0600999
0.0448854
0.0323674
-0.0196051
