-0.0096180
0.0172296
-0.0012628
-0.0125152
0.0382620
0.0130610
0.0275112
0.0265498
0.0077040
0.0081244
-0.0299778
-0.0162577
0.0301670
0.0381486
0.0375657
-0.0145706
-0.0016306
-0.0011603
0.0251455
0.0224121
0.0097470
-0.0402637
0.0086540
-0.0181545
-0.0085012
0.0032481
0.0164492
-0.0278176
-0.0326018
-0.0130427
0.0042900
0.0348539
0.0137401
0.0030538
0.0169304
-0.0281378
0.0089934
0.0325662
-0.0008051
0.0079178
0.0363940
0.0191690
0.0055422
-0.0402260
-0.0146994
0.0165333
-0.0077213
0.0067012
-0.0394515
0.0295635
-0.0156315
0.0312914
0.0180908
-0.0213973
0.0351499
-0.0278397
0.0152635
-0.0001190
-0.0311482
0.0028350
0.0278497
-0.0278032
0.0071092
-0.0380819
0.0104747
0.0007842
0.0095212
0.0177015
0.0152367
0.0044549
-0.0193473
-0.0058198
-0.0029584
-0.0379550
0.0341109
-0.0004364
0.0169292
-0.0349270
-0.0190958
0.0141718
0.0130005
-0.0399386
-0.0130565
0.0093363
-0.0263461
-0.0261111
-0.0346843
0.0459011
0.0236524
0.0292023
0.0065135
0.0074776
0.0055493
-0.0424550
0.0301197
0.0241055
-0.0009470
0.0218252
0.0373598
-0.0114429
-0.0182256
-0.0059668
0.0212403
0.0003073
-0.0007033
-0.0211185
0.0069357
-0.0187495
0.0122242
-0.0368783
-0.0484690
-0.0204372
-0.0319080
0.0120993
0.0284689
-0.0086828
0.0303558
0.0635373
0.0578360
0.0113364
-0.0080476
0.0150957
0.0094933
-0.0216613
0.0070154
-0.0723691
-0.0507115
-0.0653881
-0.0621333
-0.0658681
-0.0486841
-0.0128845
0.0591100
0.1487520
0.2982924
0.3304555
0.1608940
-0.1761716
-0.4143560
-0.4339447
-0.2306746
0.0383887
0.2065406
0.2491474
0.1386799
0.0819697
0.0701827
0.0787998
-0.0293380
-0.0760622
-0.0647142
-0.0929748
-0.0578545
-0.0783301
-0.0760390
-0.0107548
-0.0358707
0.0077645
0.0073401
0.0172426
0.0483407
-0.0041401
-0.0005151
0.0417661
0.0292679
-0.0250455
-0.0159903
-0.0388619
-0.0477650
-0.0265456
0.0145775
-0.0062279
0.0025841
0.0324410
0.0291189
-0.0012686
0.0499817
-0.0055098
-0.0162925
-0.0158199
0.0289481
-0.0269098
0.0307230
0.0193945
-0.0173920
-0.0052989
0.0076234
-0.0430589
0.0135128
-0.0181540
0.0208430
0.0359623
0.0333367
-0.0075070
0.0132263
0.0414005
-0.0278693
-0.0355357
0.0275115
-0.0260078
-0.0054579
0.0156185
0.0106657
0.0335540
-0.0299820
0.0030352
-0.0102114
-0.0416303
-0.0054292
-0.0109587
0.0272240
-0.0093056
0.0125208
0.0171613
-0.0078387
0.0272517
0.0288855
0.0249140
-0.0140544
-0.0211696
-0.0132179
-0.0348581
0.0153463
0.0244296
-0.0067470
0.0360404
0.0190123
0.0040654
-0.0405651
0.0046961
-0.0366462
-0.0124095
0.0194588
0.0393472
0.0051347
-0.0085173
-0.0041038
0.0244865
-0.0358689
0.0303579
0.0318256
-0.0063332
0.0299489
0.0296183
-0.0311004
0.0272722
-0.0333851
0.0166289
0.0051417
-0.0125660
-0.0173945
-0.0254059
0.0100864
-0.0337045
0.0111958
-0.0152292
0.0285215
0.0061793
0.0416049
-0.0184298
-0.0134173
-0.0408704
-0.0444240
-0.0070509
0.0111449
-0.0239924
-0.0048412
0.0115218
-0.0205180
-0.0143187
-0.0212403
0.0038108
0.0255141
0.0096081
-0.0169650
-0.0352621
-0.0168508
0.0268836
0.0263887
-0.0392008
-0.0241541
-0.0029662
0.0139601
-0.0280414
-0.0309324
-0.0024185
0.0489402
0.0166684
-0.0090442
0.0326491
-0.0269668
0.0222435
-0.0426243
0.0048522
0.0128550
-0.0230433
-0.0487821
-0.0147117
-0.0457700
0.0208756
0.0457410
0.0071838
-0.0044789
0.0363088
0.0380385
0.0693260
-0.0183337
0.0335788
-0.0615738
-0.0663447
-0.0438903
-0.0657247
-0.0525879
-0.0958443
-0.0371693
-0.0527712
-0.0161806
0.0293190
0.1667548
0.3101703
0.3474160
0.0689390
-0.1849364
-0.4404443
-0.4566321
-0.2453708
0.0175194
0.1654674
0.2148260
0.1866320
0.1495781
0.0942990
0.0667326
-0.0319153
-0.0874832
-0.0283556
-0.0539281
-0.0810381
-0.0193891
0.0015619
0.0229167
0.0265858
0.0024140
0.0414647
0.0530407
0.0091748
0.0014771
-0.0083658
-0.0242343
0.0192054
-0.0296937
-0.0271153
-0.0235339
0.0113108
-0.0512048
-0.0003154
-0.0188090
0.0387866
0.0377211
0.0015405
-0.0242780
0.0478688
0.0281481
0.0222162
-0.0277786
-0.0204783
-0.0338691
0.0358173
-0.0429982
0.0052073
0.0214868
-0.0467786
-0.0423470
-0.0324960
0.0023861
0.0083424
0.0273402
0.0014918
0.0050596
0.0253838
0.0022220
-0.0394551
-0.0048395
0.0345991
-0.0076042
0.0334905
-0.0042546
0.0239116
0.0414460
0.0048168
0.0160774
-0.0420018
-0.0120432
0.0273938
-0.0032936
0.0027630
0.0384930
-0.0179667
-0.0264170
-0.0342716
-0.0071373
-0.0165660
-0.0190328
0.0035233
0.0033551
-0.0034070
-0.0023156
0.0221857
0.0399977
-0.0265062
-0.0001341
-0.0288021
-0.0303700
0.0082133
0.0040613
0.0145351
0.0089119
-0.0350902
0.0001542
-0.0137341
-0.0142795
0.0008796
0.0356017
-0.0181192
-0.0297628
0.0158499
0.0002910
0.0184896
0.0278286
0.0392963
-0.0134964
0.0017459
-0.0173104
0.0046767
0.0262845
0.0299473
-0.0148037
0.0321445
0.0233635
0.0163226
0.0124087
0.0021965
-0.0345118
-0.0346421
0.0226944
0.0287924
0.0388086
-0.0287171
-0.0027190
0.0169656
0.0276311
-0.0207420
0.0149748
-0.0310295
0.0344414
-0.0061208
-0.0124678
0.0136268
0.0264139
0.0130873
-0.0359630
0.0097886
-0.0357333
-0.0118508
-0.0072932
0.0056710
0.0211747
0.0184011
-0.0159479
-0.0001388
0.0395581
0.0047616
-0.0081036
-0.0036783
0.0352699
-0.0248293
-0.0122581
0.0064062
-0.0269039
-0.0204364
0.0080134
-0.0379405
-0.0586063
0.0042805
0.0141594
-0.0386563
-0.0273234
0.0463490
0.0150816
0.0776443
0.0656375
0.0506570
-0.0214975
-0.0521115
-0.0471222
-0.0260012
-0.0455867
-0.0344097
-0.0845899
-0.1011448
-0.0178307
-0.0486134
0.0149186
0.0912044
0.2541185
0.3193706
0.2794702
0.0000145
-0.3376460
-0.4161750
-0.3199237
-0.0981069
0.0725921
0.1965009
0.1939459
0.1114310
0.1321855
0.0598583
-0.0002277
-0.0202192
-0.0521399
-0.0339230
-0.0737337
-0.0489124
-0.0552559
0.0143722
-0.0429137
0.0327566
0.0468525
0.0650706
0.0512292
0.0496903
0.0323686
0.0262538
-0.0162900
-0.0354515
-0.0294349
-0.0356031
-0.0099834
-0.0536838
-0.0054873
-0.0156835
-0.0411716
0.0126902
0.0415569
0.0307592
0.0332088
0.0419961
-0.0093188
0.0026611
-0.0064367
0.0216653
-0.0033173
0.0231793
-0.0052772
-0.0125766
-0.0035222
-0.0362069
-0.0216614
0.0317909
-0.0364592
0.0304050
0.0379171
0.0285114
0.0160230
0.0076384
0.0276978
0.0094307
0.0182910
0.0259479
-0.0113492
-0.0313614
-0.0383247
-0.0096361
0.0170907
-0.0117589
0.0348066
-0.0203538
0.0294662
0.0350841
0.0016515
-0.0149332
-0.0049611
-0.0408011
0.0292809
-0.0250716
0.0256951
-0.0127399
0.0429222
0.0020568
-0.0340806
-0.0032547
-0.0294681
0.0083165
-0.0406190
0.0010022
-0.0284545
-0.0313373
0.0146505
-0.0150039
0.0255305
-0.0019255
0.0293924
0.0010903
-0.0208195
-0.0175435
-0.0330179
-0.0358368
-0.0394090
-0.0255182
-0.0368195
0.0338795
-0.0274375
-0.0106090
-0.0245411
-0.0314579
-0.0010245
0.0296415
0.0377359
-0.0148130
-0.0272623
-0.0166643
-0.0174203
0.0170859
0.0172284
0.0300442
0.0191111
0.0368993
0.0348130
-0.0254619
-0.0303143
-0.0356829
0.0397922
0.0008755
0.0245070
0.0338936
-0.0130085
0.0343955
0.0200741
-0.0211393
0.0008269
-0.0157160
0.0401243
-0.0126965
0.0361307
0.0248180
0.0297081
0.0142092
-0.0326784
-0.0097945
0.0013074
0.0087319
-0.0299663
0.0091676
0.0183661
-0.0110467
0.0003591
-0.0187623
0.0345658
0.0056236
0.0161100
-0.0026736
0.0171579
0.0270003
0.0204306
0.0053108
-0.0498664
0.0198316
-0.0027706
0.0252859
0.0284133
-0.0197553
0.0514377
0.0112098
0.0677888
0.0077657
0.0600348
-0.0172880
-0.0244749
0.0110141
-0.0149836
-0.0565152
-0.0312548
-0.1005753
-0.0865066
-0.0568403
-0.0220542
-0.0076313
0.0882793
0.1654195
0.2625786
0.2183379
0.0147326
-0.2258824
-0.3522656
-0.3065282
-0.1855802
0.0293259
0.1066983
0.1939966
0.1677313
0.0635209
0.0809519
0.0287387
-0.0146993
-0.0455645
-0.0412116
-0.0335547
-0.0770906
-0.0109826
-0.0541162
-0.0381327
0.0307174
-0.0185383
-0.0147720
0.0366896
0.0420145
0.0405450
-0.0022916
-0.0043999
0.0190324
-0.0345869
0.0293531
-0.0104392
0.0058191
-0.0084522
0.0044269
0.0182179
0.0209360
0.0121503
0.0177209
0.0221860
-0.0090205
0.0168002
0.0188800
-0.0274096
0.0076932
0.0088492
0.0158411
-0.0241133
-0.0256211
-0.0410594
-0.0009248
0.0108983
0.0386654
0.0352512
0.0395537
-0.0029827
0.0201633
-0.0021085
0.0421519
0.0213866
-0.0352672
0.0318959
0.0224144
0.0266005
-0.0163087
0.0155031
0.0390375
0.0219906
0.0044006
-0.0285736
-0.0342794
-0.0136025
0.0374039
0.0405839
-0.0036121
0.0211872
0.0022575
0.0217893
0.0272144
0.0008675
-0.0161411
-0.0026164
0.0403618
0.0200365
0.0030342
-0.0064541
-0.0052368
0.0196164
-0.0288331
-0.0164488
0.0026301
0.0203362
0.0267376
-0.0099203
-0.0213196
0.0210274
0.0324834
0.0239057
-0.0082958
0.0141203
-0.0364018
0.0233186
-0.0330984
0.0140714
0.0106758
-0.0419644
0.0242377
-0.0153098
0.0032758
0.0340326
0.0102469
0.0228467
-0.0078941
0.0166786
-0.0161213
-0.0263485
0.0182379
0.0212374
0.0136267
-0.0224544
-0.0274726
0.0262200
0.0379722
-0.0420068
-0.0215536
-0.0079188
-0.0433336
-0.0244122
0.0404375
0.0338965
0.0106454
-0.0001517
-0.0220311
-0.0363096
0.0301110
0.0180626
-0.0120603
0.0063185
0.0248164
0.0256346
0.0079686
0.0330762
0.0285746
-0.0053794
-0.0223012
-0.0437608
0.0342989
-0.0371745
-0.0191753
-0.0243443
0.0414767
0.0519845
0.0078628
-0.0210624
0.0262262
-0.0190649
0.0098609
0.0131950
-0.0080528
0.0110917
-0.0242601
0.0148894
0.0101512
-0.0013560
0.0316896
-0.0121509
-0.0108133
0.0591865
0.0387544
0.0655760
-0.0115296
0.0267121
-0.0526578
-0.0442266
-0.0163630
-0.0726757
-0.0626893
-0.0357268
-0.0525954
-0.0704505
-0.0111431
0.0497651
0.0880098
0.2530099
0.3119168
0.2994095
0.0583096
-0.2586090
-0.4406433
-0.3814804
-0.1417281
0.1059198
0.2013186
0.2078050
0.1272841
0.1268589
0.1041827
0.0400579
0.0015029
-0.0798912
-0.0485628
-0.0959944
-0.0561422
-0.0389640
-0.0214854
-0.0477144
0.0154880
0.0121168
0.0084680
0.0347465
0.0308006
0.0281907
0.0023492
0.0448010
-0.0086338
-0.0034488
-0.0534494
0.0108262
0.0156846
0.0124718
-0.0235018
-0.0038577
0.0197254
-0.0089286
-0.0137194
-0.0098645
0.0213049
0.0289116
0.0025326
0.0437941
-0.0352638
0.0136194
-0.0330461
-0.0026927
-0.0227478
-0.0219015
-0.0348381
0.0343236
-0.0409058
-0.0163141
-0.0312456
-0.0298685
-0.0117717
0.0105416
0.0389141
-0.0026029
0.0037904
0.0158166
-0.0092131
0.0000682
-0.0033259
0.0042796
-0.0193335
-0.0349026
-0.0320416
-0.0116376
0.0376552
-0.0018236
0.0249330
-0.0409777
-0.0379652
0.0149221
-0.0005088
0.0359488
0.0019592
0.0093367
-0.0345709
-0.0185893
-0.0220024
0.0046941
0.0242159
-0.0323415
-0.0024150
-0.0070435
0.0089081
-0.0192252
0.0253421
-0.0038749
-0.0006101
0.0243047
0.0370318
-0.0185388
-0.0187598
-0.0336351
-0.0047889
-0.0103669
0.0311721
0.0163755
-0.0017497
0.0152176
-0.0356268
-0.0117785
-0.0070346
-0.0217207
-0.0415819
-0.0325020
0.0068824
0.0024617
-0.0419010
0.0185065
0.0148188
-0.0318117
-0.0183135
-0.0010689
0.0116463
0.0310340
-0.0019685
-0.0040589
0.0143356
0.0041351
0.0334653
0.0355515
-0.0087845
-0.0046440
-0.0029273
-0.0060938
-0.0317680
-0.0310269
0.0368361
-0.0141298
-0.0253384
0.0218991
-0.0322772
0.0174854
0.0348694
0.0291408
0.0301776
-0.0286037
0.0277385
0.0124526
-0.0267735
0.0321543
-0.0098429
0.0291155
-0.0209221
0.0112382
-0.0052548
0.0213397
0.0065327
-0.0284027
-0.0048689
0.0031299
0.0200874
-0.0010067
0.0064076
0.0065517
0.0068067
-0.0339789
-0.0197909
0.0116734
-0.0045373
-0.0266610
0.0450939
0.0430375
0.0175979
0.0682185
0.0584456
0.0561621
0.0261553
0.0071408
-0.0464124
-0.0485837
-0.0143733
-0.0539756
-0.1034650
-0.0752023
-0.0544081
0.0258144
0.0806802
0.2305235
0.2988013
0.3049334
0.1055298
-0.2346972
-0.4249620
-0.4360647
-0.2798118
0.0737113
0.2181629
0.1904010
0.1663220
0.1331522
0.1129739
0.0757821
0.0155104
-0.0624396
-0.0686868
-0.0324506
-0.0836317
-0.0405259
-0.0156535
-0.0216857
0.0347495
0.0344196
0.0227641
0.0094396
0.0014603
0.0220988
-0.0180623
0.0360960
0.0111603
-0.0076019
0.0011913
0.0181936
-0.0370242
0.0143043
-0.0370694
0.0208569
-0.0415168
0.0365941
-0.0327014
0.0116369
0.0498053
0.0174213
0.0212767
0.0483966
0.0364441
0.0274010
-0.0269116
-0.0221403
0.0210065
0.0012879
-0.0240072
-0.0279651
0.0196242
-0.0140822
-0.0150664
0.0066981
-0.0152898
0.0065477
0.0025621
0.0126533
0.0030264
0.0270030
-0.0111309
0.0176607
-0.0343756
-0.0196776
-0.0268379
0.0001772
0.0258547
-0.0409549
-0.0212445
0.0240950
-0.0079909
0.0087026
-0.0280273
-0.0321596
-0.0100464
-0.0050848
0.0412629
0.0205874
-0.0007669
0.0370641
-0.0251795
-0.0367714
0.0038064
-0.0185474
0.0218118
-0.0392648
0.0355319
0.0039379
0.0425957
0.0410631
-0.0024714
-0.0209569
-0.0008503
-0.0333497
0.0356198
-0.0312851
0.0319332
0.0059791
-0.0026641
-0.0076746
-0.0020064
0.0076832
-0.0001563
0.0311425
-0.0300753
0.0288581
-0.0063725
-0.0305544
0.0049487
-0.0358610
0.0404653
-0.0405937
-0.0063249
0.0316942
-0.0267524
0.0416507
0.0056263
0.0308454
0.0258582
-0.0098441
-0.0363511
-0.0029230
-0.0366610
0.0286656
-0.0102504
-0.0186601
0.0306058
0.0416336
0.0407961
0.0121817
-0.0131697
0.0297188
-0.0204113
0.0098444
-0.0227182
-0.0138527
-0.0232461
0.0004764
-0.0035967
-0.0052666
0.0121076
-0.0300176
-0.0271890
-0.0164984
-0.0065362
0.0433607
-0.0056471
-0.0054703
0.0511320
0.0516528
0.0467415
0.0014777
-0.0152079
0.0299819
-0.0287492
-0.0392902
-0.0244949
0.0143892
-0.0123577
-0.0252314
-0.0420781
0.0236764
-0.0110182
0.0058962
0.0588353
-0.0024993
0.0026604
0.0258153
0.0008201
-0.0156149
-0.0550829
-0.0201983
-0.0408991
-0.1001940
-0.0616646
-0.0403465
-0.0481966
0.0086287
0.0151180
0.1241935
0.1999866
0.3332816
0.3113840
0.0498686
