0.0606633
-0.0377643
0.0313684
0.0406540
-0.0075531
0.0135006
-0.0172621
0.0372434
-0.0579385
-0.0531823
-0.0067891
-0.0638853
0.0417403
0.0241591
-0.0460592
0.0379986
-0.0119523
0.0202337
-0.0262195
-0.0487462
0.0065180
-0.0362969
-0.0389601
0.0400495
-0.0576560
0.0129189
-0.0619006
-0.0103990
-0.0486095
-0.0327609
0.0318905
0.0008073
-0.0458146
-0.0313474
0.0029364
-0.0056651
0.0125328
0.0159942
-0.0251882
-0.0091622
0.0655387
0.0156560
0.0100063
0.0013674
0.0415079
0.0184023
-0.0317337
0.0631075
0.0174622
-0.0683590
0.0570717
0.0033773
0.0589237
0.0643918
0.0248920
0.0419320
0.0260015
-0.0509455
-0.0010487
-0.0164438
0.0443609
0.0527038
0.0424448
-0.0442733
-0.0248596
0.0362083
0.0416381
0.0536931
0.0363326
-0.0224637
-0.0008591
-0.0079425
0.0309050
-0.0477068
0.0229886
0.0198430
-0.0664696
-0.0436511
-0.0268561
-0.0580389
0.0154711
0.0677271
-0.0175096
0.0287896
0.0230501
0.0057172
-0.0526780
0.0660359
0.0265883
-0.0105785
0.0436681
0.0606098
0.0141003
-0.0662396
-0.0691707
-0.0115635
0.0062767
-0.0240277
-0.0288836
-0.0266985
0.0235529
0.0239390
-0.0199634
-0.0623209
0.0613540
0.0438743
-0.0161776
0.0330689
-0.0475615
-0.0385148
0.0340232
0.0613394
0.0126314
-0.0665133
-0.0046525
-0.0233939
0.0675003
0.0535590
0.0486334
0.0144588
-0.0243767
-0.0424428
0.0274734
0.0307199
-0.0404924
0.0573147
-0.0552364
0.0407567
-0.0514957
0.0539312
0.0441447
-0.0507693
-0.0109270
-0.0373008
0.0210743
0.0255682
0.0640667
-0.0454139
0.0230156
-0.0654830
-0.0059684
0.0302995
-0.0281957
-0.0632192
0.0344985
-0.0441134
-0.0405849
0.0418584
0.0316792
0.0657519
-0.0335853
-0.0647231
0.0248657
0.0380292
0.0064662
0.0305074
-0.0582861
0.0672001
-0.0476544
-0.0543545
0.0556540
0.0646951
-0.0608702
0.0450391
-0.0655612
0.0437202
0.0334337
-0.0497129
-0.0619946
-0.0613962
0.0296032
0.0154341
0.0091055
0.0627858
-0.0001494
-0.0276702
-0.0114603
-0.0524216
-0.0272343
0.0424689
0.0648502
0.0333701
-0.0598082
-0.0214373
-0.0058652
-0.0180055
-0.0329377
-0.0242223
0.0410522
-0.0152217
-0.0278260
-0.0029233
0.0416453
0.0589803
0.0137710
-0.0690902
-0.0196569
0.0484443
-0.0233582
0.0752265
-0.0490397
-0.0020412
0.0610969
-0.0383558
-0.0000539
-0.0721971
-0.0362527
-0.0295628
-0.0014961
-0.0226873
-0.0694044
-0.0413664
0.0034962
0.0132690
-0.0437955
0.0048851
0.0339809
-0.0015729
0.0787430
-0.0199846
0.0148784
-0.0568424
-0.0085919
-0.0212286
-0.1148635
-0.0079716
-0.0025965
-0.0965062
-0.0999301
-0.0541265
-0.0002241
0.0690905
0.1679621
0.3089274
0.1825674
-0.0966278
-0.2939451
-0.3435361
-0.2655355
-0.0842605
0.0148608
0.0751767
0.1519307
0.1860709
0.1587593
0.0696979
0.0497406
-0.0500290
-0.0870129
-0.0047442
-0.0961277
-0.1082182
0.0156868
-0.0537769
-0.0129821
-0.0353235
-0.0280152
0.0651605
-0.0215597
0.0007725
-0.0391762
0.0029923
-0.0442440
-0.0191543
0.0579197
-0.0179109
-0.0284753
-0.0629918
0.0415423
-0.0167591
-0.0611199
0.0563997
-0.0209497
0.0696439
0.0376008
-0.0401577
-0.0407134
-0.0214694
-0.0582072
-0.0519046
0.0511280
0.0145159
-0.0473384
-0.0237844
0.0418090
0.0365457
-0.0120297
-0.0107058
-0.0103180
0.0359818
-0.0481723
-0.0469905
0.0599870
0.0681765
-0.0212657
-0.0090029
-0.0372881
-0.0169755
0.0120375
0.0312399
-0.0153345
0.0672958
0.0049298
-0.0547954
0.0546156
-0.0614497
0.0415335
0.0172895
0.0055322
0.0416598
0.0304199
-0.0325133
0.0156003
0.0394466
-0.0611751
-0.0360957
0.0570439
-0.0392455
-0.0500072
-0.0563624
-0.0671998
0.0267347
-0.0430766
0.0083677
-0.0287270
0.0069010
-0.0582554
-0.0042648
-0.0187984
-0.0621653
-0.0607189
0.0496092
-0.0617699
-0.0118450
-0.0654716
0.0133575
-0.0047563
0.0132550
-0.0434918
0.0328023
0.0477442
-0.0388377
-0.0618374
0.0462477
-0.0161756
0.0241451
0.0582807
0.0199314
-0.0539165
-0.0322155
-0.0508764
0.0661163
-0.0094503
0.0039312
-0.0155147
-0.0129695
0.0296527
0.0644322
-0.0013942
0.0259042
0.0175839
0.0509863
-0.0175193
-0.0673190
0.0336107
-0.0054064
0.0045773
-0.0512513
0.0218872
0.0551038
0.0244974
0.0113874
0.0340968
0.0671691
-0.0314574
-0.0136312
-0.0506876
-0.0660748
-0.0690863
-0.0197479
-0.0656630
0.0363452
0.0239554
-0.0333980
-0.0475444
0.0667301
-0.0044873
-0.0662118
-0.0245012
0.0573380
0.0462329
0.0515846
0.0657972
0.0178031
-0.0420945
0.0026703
0.0609794
0.0317585
-0.0149126
0.0294830
0.0297649
0.0454435
0.0643415
-0.0031831
0.0253530
-0.0020132
-0.0347983
-0.0076898
0.0454996
-0.0163576
0.0082035
0.0046501
0.0144570
-0.0442699
0.0619835
-0.0051260
0.0117845
0.0264179
-0.0596331
-0.0525581
0.0303558
0.0071462
0.0067089
-0.0441279
-0.0617104
-0.0329361
-0.0052319
-0.0324122
-0.0259832
0.0006726
0.0087490
0.0194912
-0.0679509
-0.0126922
0.0560798
0.0293624
0.0098972
0.0932375
0.0676412
0.0553942
0.0158077
-0.0605575
-0.0072464
-0.0332152
0.0292439
-0.0498144
-0.0754820
-0.0425427
-0.0080859
-0.0685616
-0.0683483
0.0405593
0.0863939
0.3154487
0.2719062
0.1448355
-0.0540916
-0.3279633
-0.3649101
-0.2028782
-0.0437428
0.1247027
0.1058605
0.0999137
0.0864627
0.0758288
0.0566605
0.0405268
-0.0746088
-0.0095075
0.0055465
-0.0829221
-0.0317270
0.0116276
-0.0268635
0.0526840
0.0735956
0.0625858
0.0158243
-0.0270246
0.0711681
0.0241299
0.0608257
-0.0329273
0.0477008
0.0149160
-0.0639436
0.0388137
-0.0623591
0.0121665
0.0212820
0.0586042
0.0281132
-0.0507751
0.0148114
0.0062136
0.0428515
-0.0541924
-0.0197879
-0.0648880
-0.0019308
0.0062286
0.0203738
-0.0113381
0.0057138
-0.0641933
0.0429042
0.0479257
0.0351790
0.0157947
0.0240475
0.0269371
-0.0357161
0.0203437
0.0089785
-0.0489944
-0.0297952
-0.0234556
0.0004777
0.0146618
-0.0661413
-0.0385674
0.0057048
0.0516098
0.0669720
0.0439022
-0.0627517
-0.0224384
-0.0430633
-0.0174214
0.0229919
0.0070065
0.0650864
0.0060813
-0.0194882
-0.0168171
0.0125260
-0.0346392
-0.0347217
-0.0524902
-0.0280357
0.0487619
-0.0433156
0.0354399
-0.0590857
-0.0040681
0.0030113
0.0685211
-0.0679537
-0.0108149
-0.0523579
0.0258507
-0.0161820
0.0336001
-0.0056435
0.0017679
-0.0021262
-0.0049103
-0.0462358
-0.0661949
0.0038614
-0.0246658
0.0453372
-0.0599037
-0.0218375
0.0572447
-0.0110080
0.0652034
0.0398283
-0.0069313
-0.0628976
-0.0296807
-0.0327617
0.0092125
-0.0489923
-0.0009147
0.0514766
0.0502914
0.0309221
0.0502445
-0.0440873
-0.0176002
-0.0550460
-0.0609832
-0.0603849
-0.0639754
-0.0050129
0.0407940
0.0551662
-0.0254380
0.0285669
-0.0317069
0.0344845
0.0605699
-0.0145377
0.0423895
-0.0550933
0.0001199
0.0637696
-0.0275609
0.0424263
0.0480430
-0.0115958
-0.0313185
-0.0593624
0.0402234
-0.0136856
-0.0345589
0.0533777
-0.0027803
0.0276869
-0.0280579
-0.0157896
0.0464736
-0.0620458
0.0387661
-0.0390715
0.0206953
-0.0614472
-0.0158195
-0.0432856
0.0322705
-0.0327288
-0.0507676
-0.0009015
-0.0624536
-0.0467396
-0.0409635
0.0196637
-0.0673319
-0.0663090
0.0713716
0.0195769
0.0581310
0.0395311
-0.0151235
-0.0331730
-0.0180225
-0.0429843
0.0021888
0.0051743
-0.0323920
-0.0570240
0.0017952
0.0525238
0.0612914
0.0549098
0.0286045
0.0100779
0.0174659
0.0583853
-0.0431012
0.0204985
0.0304477
0.0531280
-0.0631277
0.0461456
-0.0150212
-0.0404654
-0.0763220
0.0099278
0.0570539
0.0302823
-0.0543074
0.0063237
0.0549888
-0.0102337
0.0844748
0.0237391
0.0183566
-0.0256098
-0.0293595
-0.0424069
0.0204808
-0.0303691
-0.0493136
-0.0865542
-0.0895937
-0.0568629
-0.0203909
0.0570649
0.1484862
0.2122097
0.2189771
0.0701156
-0.1605851
-0.3720276
-0.3833373
-0.1655775
-0.0265456
0.0998618
0.1211546
0.0904627
0.1598846
0.0682868
-0.0144829
-0.0250958
-0.0692517
-0.1077527
-0.0942874
-0.1096336
-0.0953069
-0.0497320
-0.0321690
-0.0691834
0.0698135
0.0385758
0.0535279
0.0402702
0.0804663
0.0543870
0.0061228
0.0573371
-0.0460182
0.0034363
0.0174188
-0.0021177
0.0278236
0.0514080
-0.0648442
0.0367056
-0.0532212
0.0354615
0.0246274
-0.0178648
0.0537673
0.0210210
0.0684162
0.0084445
-0.0189655
-0.0097577
0.0525574
-0.0644507
0.0055667
0.0096862
0.0418081
-0.0425608
-0.0176367
-0.0260561
-0.0576890
0.0695148
0.0171198
0.0686721
0.0535822
-0.0419556
-0.0638969
-0.0334742
-0.0020370
-0.0682133
0.0108917
-0.0229928
0.0607494
-0.0092465
0.0535209
-0.0515872
-0.0221994
0.0291306
-0.0354336
0.0373521
0.0059141
-0.0559700
0.0114409
0.0489464
0.0007061
0.0402863
0.0223417
0.0588457
-0.0659064
0.0242102
0.0162235
0.0450769
-0.0485278
-0.0399729
0.0357168
-0.0253824
0.0195893
-0.0166146
-0.0060961
-0.0197650
-0.0409767
0.0351223
0.0101694
-0.0148385
0.0273285
-0.0002469
-0.0644373
-0.0064165
0.0137310
-0.0368931
0.0139954
-0.0056914
0.0435454
-0.0519710
-0.0487426
-0.0664771
-0.0241738
-0.0402334
0.0382228
0.0467889
-0.0135030
-0.0343488
0.0004008
0.0344277
0.0154611
-0.0612682
0.0041375
-0.0667351
-0.0092645
0.0065761
0.0064467
-0.0397487
0.0233917
-0.0698339
-0.0665199
-0.0433103
-0.0291803
0.0287527
-0.0230643
-0.0126572
-0.0668044
-0.0488101
0.0300294
0.0553269
0.0684783
0.0140473
-0.0212365
0.0378540
-0.0440146
-0.0667912
-0.0477835
0.0654464
-0.0419395
-0.0343838
0.0627442
0.0630475
-0.0035923
-0.0140089
-0.0196649
0.0545309
0.0265574
-0.0557633
0.0107754
-0.0296047
-0.0328797
0.0640938
-0.0114683
0.0566170
-0.0134870
0.0028637
0.0213434
-0.0352772
0.0342354
-0.0355125
0.0676928
0.0068512
-0.0066111
0.0180115
0.0504834
-0.0136610
0.0166264
0.0378837
0.0419479
0.0032943
0.0576094
0.0321890
-0.0315332
-0.0278147
-0.0491154
-0.0493569
-0.0298270
-0.0274529
-0.0459889
-0.0369449
0.0038774
-0.0176263
0.0256987
-0.0541442
0.0117609
-0.0649912
-0.0804697
0.0533307
0.0236056
0.0371636
0.0321263
0.0146990
-0.0165886
0.0276931
0.0018248
0.0080579
0.0300841
0.0082175
-0.0497571
-0.0349040
-0.0335270
-0.0056244
-0.0460567
-0.0068177
0.0127514
0.0439429
0.0127195
0.2397112
0.3415783
0.2877280
0.1524653
-0.1882472
-0.5222141
-0.4588964
-0.1890205
-0.0251809
0.2389023
0.1815701
0.1453393
0.1652395
0.0403221
0.0031598
-0.0535547
-0.0516597
-0.1145277
-0.0636666
-0.0985136
-0.0152038
-0.0845909
-0.0103160
0.0602758
0.0815233
0.0799696
0.0075153
0.0287524
0.0603684
0.0384010
-0.0151574
0.0042601
0.0019094
-0.0188407
-0.0373947
-0.0000397
0.0055497
-0.0630076
0.0390623
-0.0651890
0.0483427
-0.0162485
0.0435112
0.0598237
0.0747866
0.0742542
0.0033614
-0.0112312
0.0403013
0.0591192
0.0120643
0.0094237
-0.0161489
-0.0207533
0.0021945
0.0633613
0.0070329
-0.0113579
0.0642491
0.0680262
-0.0600014
-0.0584226
-0.0564912
-0.0613258
0.0370631
0.0135218
-0.0114416
-0.0326128
-0.0309848
0.0385349
0.0248468
0.0255424
-0.0240160
-0.0131893
-0.0490320
0.0039209
0.0327291
0.0557326
0.0070798
-0.0113385
0.0595161
-0.0446274
0.0135645
-0.0457976
-0.0075496
0.0597776
0.0382356
0.0109293
-0.0236651
-0.0630897
0.0550734
-0.0033325
0.0644649
-0.0233311
0.0074590
-0.0663838
-0.0100076
-0.0271600
0.0118149
0.0098034
0.0529711
-0.0508698
-0.0191139
-0.0217153
0.0644951
-0.0007720
0.0352559
0.0347506
0.0200852
-0.0501742
-0.0271851
0.0608637
-0.0679785
0.0276859
-0.0478310
0.0328485
-0.0332825
-0.0258460
-0.0016849
0.0373893
0.0104902
-0.0507258
0.0228355
-0.0421442
0.0444221
-0.0267704
0.0691099
-0.0260939
-0.0078426
0.0368605
0.0404847
-0.0027739
-0.0151848
0.0182806
-0.0282340
0.0470581
-0.0197557
0.0139002
0.0099166
-0.0220183
-0.0446755
-0.0027080
-0.0498598
0.0194794
0.0423660
-0.0239600
0.0504118
-0.0483324
0.0382996
0.0122037
0.0426669
0.0044826
0.0151029
0.0179834
-0.0233408
-0.0502518
0.0134973
0.0484226
0.0344766
0.0460989
0.0698872
0.0354966
-0.0661938
0.0485403
-0.0338157
0.0669204
-0.0279733
-0.0524089
-0.0298685
-0.0439582
-0.0600714
-0.0350532
0.0212783
-0.0325943
-0.0008134
0.0482977
0.0216954
-0.0024963
-0.0419216
-0.0611020
-0.0680809
0.0138323
0.0002707
0.0293706
0.0510465
-0.0711641
-0.0577118
-0.0179012
-0.0276008
-0.0375277
0.0389956
-0.0159497
-0.0262729
0.0580453
0.0411464
0.0741075
-0.0254538
-0.0644479
-0.0474931
0.0074799
0.0074727
0.0147206
0.0304069
0.0057143
0.0447698
0.0362481
0.0069069
0.0086813
0.0364734
-0.0322160
0.0324430
-0.0202306
0.0914598
-0.0507510
0.0356926
-0.0750048
-0.0226404
0.0096747
0.0056238
-0.0292646
-0.0049321
-0.0876539
-0.0551375
0.0262408
0.1303869
0.2710082
0.3238028
0.2771283
-0.0229191
-0.2677362
-0.4089390
-0.3641075
-0.1938998
0.0217623
0.1721286
0.0968959
0.1864470
0.1737358
0.0639185
-0.0130748
-0.0658071
-0.0393352
-0.0559863
-0.1003757
-0.0246283
-0.0776439
-0.0323054
0.0330710
0.0362087
0.0246864
0.0457628
0.0678333
-0.0040730
0.0475522
0.0422984
0.0563488
-0.0451806
-0.0464369
0.0160129
-0.0612506
-0.0527852
0.0139884
0.0315761
-0.0026150
0.0220479
0.0077357
-0.0155699
-0.0330265
0.0730152
0.0474676
-0.0118079
0.0249796
-0.0128423
0.0021554
-0.0607294
0.0397120
0.0015477
-0.0573087
-0.0691360
0.0208662
-0.0656519
0.0342688
-0.0550885
-0.0309350
0.0143328
0.0648075
0.0339474
0.0582307
-0.0585697
0.0064742
-0.0338077
-0.0252657
-0.0351835
-0.0025808
0.0144956
0.0353811
-0.0186340
0.0143387
-0.0398018
0.0270941
-0.0311305
-0.0543416
0.0090281
0.0581518
0.0493829
-0.0239028
-0.0362410
0.0191906
0.0484047
0.0348339
-0.0432801
-0.0121254
0.0653833
0.0602928
-0.0215505
0.0013753
0.0603268
0.0355424
0.0349945
0.0665751
-0.0230823
-0.0542794
-0.0573418
-0.0568951
-0.0115579
0.0164287
0.0582518
0.0062722
0.0028315
-0.0089703
0.0100841
0.0266569
0.0526539
0.0384086
-0.0364696
-0.0636826
0.0507530
0.0024271
0.0467669
-0.0454756
-0.0115601
0.0548571
0.0302534
-0.0227552
0.0594196
-0.0303057
0.0652538
-0.0561819
0.0466082
-0.0184623
