-0.0148187
-0.0551693
-0.0584907
0.0548887
0.0240556
0.0459125
0.0527760
-0.0381668
0.0477495
-0.0327558
-0.0104983
0.0441834
0.0533164
0.0689206
-0.0232717
-0.0087877
-0.0183597
0.0308184
0.0443653
0.0489366
-0.0353043
-0.0477037
-0.0155425
-0.0103250
0.0342197
0.0492364
0.0365714
-0.0684826
-0.0378047
-0.0494532
-0.0358498
-0.0012284
0.0400028
0.0638642
0.0631647
-0.0500023
0.0336243
0.0397131
0.0287605
-0.0131910
0.0033389
-0.0635285
-0.0122630
-0.0447415
-0.0127897
-0.0336463
0.0096593
0.1521230
0.3447279
0.3494927
0.0829949
-0.3133386
-0.5045536
-0.4326100
-0.2322747
0.0632108
0.1965032
0.1397048
0.1375010
0.1784366
0.1310198
0.0043876
-0.0460807
-0.0618949
-0.0165007
-0.0500962
-0.0248753
-0.1018592
-0.0120869
-0.0418617
-0.0115117
0.0706812
0.0391494
0.0276263
-0.0055058
0.0591572
-0.0438309
0.0043040
0.0434624
-0.0527709
-0.0773507
-0.0286933
-0.0857088
0.0360525
0.0311511
-0.0377982
-0.0633975
0.0367762
0.0132073
0.0312564
-0.0514796
0.0333557
-0.0077363
0.0433906
-0.0485078
0.0361547
-0.0537476
0.0016643
-0.0153091
-0.0354167
0.0013824
-0.0283258
0.0385250
-0.0416451
0.0609023
0.0257652
0.0091246
0.0538204
0.0454973
-0.0402042
-0.0511556
0.0492866
0.0035282
-0.0630579
0.0492841
-0.0343943
-0.0230809
0.0432278
0.0292265
-0.0418176
0.0277671
0.0191568
-0.0121843
0.0189843
-0.0228698
0.0432727
0.0133634
-0.0238915
-0.0396877
0.0535783
-0.0681095
0.0327855
-0.0034072
0.0264421
-0.0368809
-0.0623402
0.0119816
0.0083214
0.0412535
0.0261277
0.0668674
0.0609411
-0.0613897
-0.0578983
0.0681802
-0.0499368
0.0108801
0.0385400
0.0363637
0.0271352
-0.0671589
0.0365680
-0.0141063
-0.0541211
0.0157681
-0.0339555
0.0557050
0.0482041
0.0545694
-0.0324059
-0.0244803
0.0044433
0.0457415
0.0325477
0.0016641
-0.0052184
0.0005738
-0.0587533
0.0493012
0.0503040
-0.0328080
-0.0396921
0.0048412
-0.0015831
0.0566393
-0.0657429
-0.0629036
-0.0211585
-0.0431562
0.0153549
0.0384668
-0.0059782
0.0448731
0.0104475
-0.0661763
-0.0311198
-0.0148535
0.0061594
-0.0134261
-0.0440990
0.0065884
0.0046216
0.0595108
0.0027143
0.0467393
-0.0483442
-0.0376716
-0.0476711
-0.0270911
0.0403401
-0.0603045
-0.0648136
0.0293895
0.0640431
-0.0618563
0.0689532
0.0535691
0.0689385
-0.0621268
0.0353430
-0.0662423
0.0202974
-0.0526576
0.0394087
-0.0637023
-0.0051929
0.0224461
0.0702732
-0.0557438
-0.0578438
-0.0462930
0.0595073
0.0160200
-0.0535760
-0.0162119
0.0506578
-0.0500169
-0.0005884
0.0462381
-0.0318461
0.0338769
-0.0210745
0.0361925
-0.0113238
-0.0616869
0.0695522
0.0346668
0.0544054
0.0383060
-0.0087358
0.0413846
0.0462854
-0.0455717
-0.0392785
-0.0068542
-0.0631716
-0.0091137
0.0083699
0.0007061
0.0168812
0.0252326
-0.0105960
-0.0026762
0.0604067
0.1020227
0.0344532
0.0203126
0.0587670
0.0129968
-0.0513296
-0.0713628
-0.0508216
-0.1214643
-0.0793166
-0.0766041
-0.1083599
-0.0794972
0.1308955
0.2318463
0.3989451
0.2517202
0.0015526
-0.3540850
-0.4465102
-0.4195720
-0.1580566
0.0422149
0.1263743
0.1997394
0.0992183
0.1602008
0.1006026
0.0986498
-0.0018803
0.0127747
-0.0733793
-0.1152819
-0.0364819
-0.0032260
-0.0831708
0.0190800
0.0447501
-0.0151458
0.0636437
0.0833285
0.0988304
0.0601021
-0.0306862
0.0154601
0.0075560
0.0106380
-0.0429683
0.0157100
-0.0504387
-0.0449485
0.0273481
-0.0248683
0.0290528
-0.0245752
-0.0315771
0.0433251
0.0037568
0.0715545
0.0620213
-0.0332612
-0.0209024
0.0651149
0.0105877
-0.0180768
-0.0719251
0.0615810
-0.0599879
0.0500769
-0.0232580
0.0019350
0.0370728
-0.0163150
0.0363262
-0.0459558
0.0429655
-0.0175159
0.0308969
-0.0372853
0.0448127
0.0142563
-0.0276879
-0.0357972
-0.0215696
-0.0440517
0.0616738
-0.0423520
0.0157414
0.0275927
-0.0469920
-0.0343265
-0.0648893
0.0128100
0.0035217
0.0534164
-0.0397067
-0.0468378
-0.0074529
0.0089726
-0.0170470
-0.0432055
-0.0578646
-0.0641660
-0.0240537
-0.0571095
0.0215800
-0.0354468
-0.0090604
0.0353906
0.0026964
-0.0533276
-0.0170838
-0.0428215
-0.0611559
-0.0490533
-0.0436059
-0.0167848
-0.0681122
-0.0247797
0.0196916
-0.0064457
-0.0680957
-0.0224614
-0.0483946
-0.0198613
0.0519670
-0.0282168
0.0629451
-0.0628512
-0.0268478
-0.0528331
0.0479402
-0.0538236
0.0325850
0.0378178
0.0467198
0.0228109
0.0483926
0.0236791
-0.0301968
0.0142295
-0.0612128
-0.0424393
-0.0161647
-0.0179798
0.0618299
0.0383004
0.0626359
0.0233572
-0.0650822
0.0171313
-0.0110447
-0.0623170
-0.0538486
-0.0157235
0.0312952
0.0169657
-0.0531985
0.0526517
-0.0503924
0.0475518
-0.0028794
0.0240272
0.0641227
0.0340535
0.0465261
-0.0215103
-0.0162678
-0.0077396
-0.0150032
0.0117780
-0.0218103
0.0240169
0.0042727
-0.0084993
0.0590695
0.0360654
-0.0469557
0.0190090
-0.0605041
0.0659715
0.0202254
-0.0518460
0.0207697
0.0398499
-0.0341051
-0.0380396
0.0477908
0.0143214
0.0509982
0.0507922
0.0226290
0.0148179
-0.0159267
-0.0074954
0.0376602
-0.0586337
0.0415145
0.0284401
-0.0266154
-0.0227403
0.0290281
0.0021240
-0.0445499
-0.0103899
-0.0182407
0.0049702
-0.0762772
-0.0720711
0.0182627
-0.0539818
-0.0259570
-0.0556849
-0.0031517
0.0309701
0.0455932
0.0293390
0.0494375
0.0800974
-0.0432030
0.0356843
-0.0376127
-0.0708641
-0.0302303
-0.0037683
0.0060630
-0.0737590
0.0208436
-0.0346423
0.0274159
-0.0341892
0.0907180
0.3489901
0.3375311
0.1431141
-0.1706375
-0.3448284
-0.3958721
-0.1398164
-0.0311422
0.1514697
0.1696703
0.1024083
0.0556836
0.1181619
0.0655930
-0.0216646
0.0223860
-0.1077164
-0.0234479
-0.0057104
-0.0193805
-0.0459396
-0.0426569
-0.0045268
-0.0350790
0.0605374
-0.0066842
-0.0277163
-0.0334789
-0.0300985
0.0188977
0.0188821
0.0344095
-0.0713409
0.0141119
-0.0163214
0.0357410
0.0225690
-0.0296560
0.0120500
0.0529044
-0.0600898
-0.0530940
0.0745622
0.0616779
0.0713799
0.0449201
-0.0197608
0.0523722
0.0610228
-0.0340546
0.0331986
0.0169276
-0.0423414
0.0060796
0.0139988
-0.0414604
-0.0496716
-0.0350124
0.0143264
-0.0363617
0.0400968
-0.0248625
0.0506722
-0.0452721
0.0564509
-0.0454548
-0.0337729
0.0307332
-0.0043325
0.0376927
0.0347674
0.0352824
-0.0500271
0.0409958
0.0095389
0.0324341
-0.0208970
-0.0450575
0.0311552
-0.0006764
-0.0158019
0.0351404
-0.0267968
-0.0048746
0.0206345
0.0547956
-0.0556035
-0.0085013
0.0648336
-0.0233126
0.0112913
0.0660062
0.0676328
0.0581810
-0.0413020
-0.0252102
0.0275698
0.0205675
0.0650416
-0.0502960
-0.0129138
0.0655215
0.0330879
-0.0467751
-0.0677351
0.0329700
0.0093453
0.0285361
0.0583397
-0.0494667
-0.0524181
0.0177887
0.0480141
-0.0315316
-0.0401979
-0.0511082
-0.0405359
-0.0097793
0.0586728
-0.0447700
0.0454034
-0.0121610
0.0226641
0.0652627
-0.0548023
-0.0080841
0.0325324
0.0045431
0.0033632
-0.0098990
0.0047412
0.0171133
-0.0249909
-0.0559286
-0.0682995
-0.0007939
-0.0554219
-0.0283888
0.0193047
-0.0216309
0.0072229
0.0479880
-0.0247137
0.0337977
0.0279298
-0.0037404
0.0321996
0.0509757
-0.0060344
-0.0032480
-0.0355542
0.0493119
-0.0487425
-0.0214518
0.0590082
0.0641599
0.0440487
-0.0288529
-0.0337741
0.0438938
-0.0063660
-0.0462286
0.0680000
-0.0264926
0.0668378
0.0584775
0.0361908
0.0568899
0.0299639
0.0506507
0.0439227
-0.0709694
0.0063407
0.0257106
0.0179306
0.0125302
-0.0035549
0.0706774
0.0613661
-0.0094664
0.0680865
0.0004098
-0.0194357
0.0236223
-0.0016463
-0.0177787
0.0462965
0.0226928
0.0010545
0.0116707
0.0262140
-0.0201246
-0.0386477
0.0138550
0.0574843
0.0718609
-0.0198934
0.0380919
0.0910521
-0.0274807
-0.0425924
0.0331300
0.0165015
-0.0241992
-0.0967701
-0.1299607
-0.1234150
-0.1172222
-0.0843062
-0.0439319
0.1072397
0.1971181
0.3578857
0.3543788
0.0217341
-0.2519464
-0.4620873
-0.3787118
-0.1378581
0.0177196
0.1338115
0.2208158
0.1525265
0.1251840
0.1196795
0.0909016
0.0383354
-0.0295544
-0.0325882
-0.0150998
-0.0770392
-0.0645064
-0.0686504
0.0491312
0.0487395
0.0723644
0.0760932
0.0522488
-0.0193977
-0.0083722
0.0355833
-0.0548595
0.0203720
-0.0088215
-0.0111187
0.0185902
0.0008029
-0.0588270
-0.0165270
-0.0204066
-0.0552622
0.0301740
-0.0589518
0.0283317
-0.0322782
-0.0300208
-0.0181800
0.0283144
0.0462880
-0.0146605
0.0373653
0.0248955
-0.0489307
-0.0243686
0.0482827
-0.0720984
0.0154760
0.0507462
-0.0504808
0.0544699
0.0651314
-0.0357081
0.0721349
0.0106166
-0.0275409
-0.0132085
0.0200489
-0.0344962
-0.0593552
0.0446829
0.0457692
-0.0693313
0.0530274
-0.0300055
-0.0071202
0.0000402
0.0073435
-0.0071998
0.0237850
-0.0400266
-0.0222787
-0.0462858
0.0195636
-0.0492616
0.0601979
0.0276808
-0.0155765
0.0662397
0.0453622
-0.0338894
-0.0594181
0.0404327
-0.0199497
-0.0531404
0.0380892
-0.0401810
-0.0416880
-0.0044175
0.0317374
-0.0409980
0.0277654
-0.0245812
-0.0051400
-0.0256935
0.0450489
-0.0455872
-0.0637155
0.0200081
0.0188987
-0.0665070
-0.0307470
-0.0577110
-0.0020548
0.0157813
-0.0246455
-0.0472975
0.0654463
0.0565100
-0.0355597
-0.0474999
-0.0545109
-0.0452552
0.0079983
-0.0245745
0.0439248
-0.0794286
-0.0721585
-0.0550905
-0.0872316
0.0302828
0.0025441
-0.0104427
0.0208074
0.0052190
-0.0002570
0.0817825
0.0287706
0.0169311
0.0967851
0.0500539
0.0146290
-0.0798094
-0.1432270
-0.1984321
-0.2173060
-0.2715506
-0.0661324
0.2428065
0.5497084
0.4131569
0.1228525
-0.2378690
-0.4361554
-0.3513413
-0.1599997
0.0573590
0.0839253
0.0915311
0.0915999
0.1190964
0.0894830
0.1212468
0.0611817
0.0325392
0.0014526
0.0587868
-0.0251066
-0.0211638
-0.0253997
-0.0758782
0.0460589
-0.0782189
-0.0714146
-0.0089738
0.0000461
-0.0379792
0.0641283
-0.0277491
-0.0300135
-0.0189071
-0.0319069
0.0162233
0.0208457
-0.0249152
0.0496315
0.0562000
-0.0050380
-0.0497392
0.0428689
-0.0109121
-0.0449690
-0.0478651
0.0495222
0.0609453
-0.0243765
-0.0446374
-0.0484450
0.0660325
-0.0626795
0.0401040
0.0410349
-0.0459330
-0.0618944
0.0467415
0.0056970
-0.0589754
0.0027588
-0.0518156
-0.0381639
0.0063282
-0.0119439
0.0366034
-0.0475253
-0.0471693
-0.0542959
-0.0032367
0.0433850
-0.0511454
0.0493020
0.0060204
-0.0258186
-0.0202830
-0.0174618
-0.0520027
-0.0016002
0.0604795
-0.0352954
-0.0654616
0.0342397
-0.0625792
-0.0128763
-0.0320114
-0.0547849
-0.0173580
-0.0591306
0.0219948
-0.0506737
-0.0181156
0.0428387
-0.0415115
0.0457462
0.0132376
0.0592435
0.0073871
-0.0439441
0.0152277
-0.0565291
0.0430811
-0.0098752
0.0649402
0.0405137
-0.0016014
0.0571441
-0.0071425
-0.0133900
-0.0099322
-0.0067142
-0.0009774
0.0587085
-0.0139296
0.0308932
-0.0242471
0.0272869
-0.0572885
-0.0130705
-0.0185798
-0.0575984
0.0376116
-0.0630002
-0.0245354
0.0241372
-0.0590352
0.0463809
-0.0170543
-0.0093785
0.0460371
-0.0309677
-0.0031728
-0.0526201
0.0421053
-0.0124234
-0.0415852
0.0054801
-0.0437760
-0.0056307
-0.0054243
-0.0103092
0.0095800
-0.0093948
-0.0008125
-0.0055889
0.0616852
-0.0528146
-0.0572866
-0.0193861
0.0027809
-0.0545652
0.0523299
0.0216024
0.0317209
0.0438999
-0.0510979
-0.0531205
0.0024148
0.0036021
-0.0598985
0.0256871
-0.0505386
-0.0492468
0.0087392
-0.0511072
-0.0308351
0.0624736
0.0052184
0.0681098
0.0182548
0.0623121
0.0456135
-0.0247784
-0.0448277
0.0438271
-0.0563270
-0.0649895
0.0380102
-0.0626734
-0.0391738
0.0400394
0.0387679
0.0333103
0.0477826
0.0329591
-0.0160152
0.0565828
-0.0191935
-0.0210139
-0.0498391
0.0476030
0.0041056
-0.0677453
-0.0130983
-0.0148867
0.0499680
0.0449582
-0.0631345
-0.0651526
-0.0403395
0.0587174
-0.0286215
-0.0628185
0.0375893
0.0556751
-0.0385561
-0.0671429
-0.0371169
-0.0295841
0.0579840
0.0638548
-0.0395907
-0.0170653
-0.0679349
0.0618642
-0.0060028
-0.0021936
-0.0461221
0.0533435
0.0149412
0.0325332
-0.0493841
0.0143737
0.0589660
-0.0120563
-0.0311662
-0.0465490
-0.0231213
-0.0450598
0.0707421
0.0205277
0.0676675
-0.0107300
0.0289866
-0.0549234
0.0277628
0.0046023
0.0174965
-0.0312054
0.0542287
0.0021257
0.0089331
-0.0237561
0.0025852
0.0108272
0.0370319
0.0188018
0.0618970
0.0633828
0.0626752
-0.0448487
-0.0710473
-0.0596245
-0.0653865
-0.0682853
0.0226671
-0.0398620
0.0642218
-0.0559604
-0.0515312
0.0765290
0.0510967
0.0378702
0.0086239
0.0082005
-0.0519802
0.0317253
0.0187173
-0.0813309
-0.0587070
-0.0353089
-0.0566347
-0.0445273
-0.0136546
-0.0112110
-0.0342676
0.0693711
0.2922534
0.2145700
0.1320379
-0.1270256
-0.2428975
-0.3062928
-0.2267346
0.0163086
0.1149083
0.1674887
0.0375563
0.0481013
0.0494049
0.0086036
0.0793951
-0.0403949
0.0089046
-0.0362866
0.0164385
-0.0256231
0.0100676
0.0323094
0.0384543
0.0339774
0.0423844
0.0703135
0.0149703
0.0916777
-0.0444917
0.0534318
0.0360803
0.0042033
0.0053325
-0.0119649
-0.0073179
-0.0600433
-0.0432694
0.0371205
0.0194125
0.0229019
0.0460233
0.0398402
0.0414610
0.0192419
-0.0162074
0.0253127
0.0553697
-0.0391838
0.0198609
0.0040071
0.0466889
0.0641263
-0.0066060
0.0211953
-0.0219357
0.0147134
0.0121452
-0.0102908
0.0068068
-0.0564882
-0.0181719
0.0546548
0.0241634
0.0105909
0.0648030
-0.0443394
-0.0381746
-0.0431272
-0.0244868
0.0014375
0.0598183
0.0068657
0.0266437
0.0665305
0.0372425
0.0398842
0.0667337
-0.0351309
-0.0016367
-0.0383164
0.0276890
-0.0058119
-0.0515099
0.0426892
-0.0470641
0.0213553
-0.0161783
-0.0384292
-0.0184989
-0.0062187
-0.0259575
0.0160488
-0.0174331
0.0366987
-0.0261601
-0.0553928
0.0467771
0.0159182
-0.0356099
0.0336879
-0.0271093
0.0366121
-0.0247868
0.0229316
0.0453781
0.0029416
-0.0119161
-0.0611179
0.0481859
0.0521219
0.0382413
-0.0293763
0.0567435
-0.0652291
0.0208486
-0.0203132
-0.0674167
0.0063111
0.0067190
0.0564526
-0.0395487
0.0054129
0.0601328
-0.0549520
-0.0458210
0.0141902
-0.0052527
-0.0521758
0.0088447
-0.0481305
-0.0062854
