0.0056182
0.0033212
-0.0027549
0.0052599
-0.0034169
-0.0072853
-0.0018741
0.0030662
-0.0016702
-0.0054675
0.0007269
0.0018774
0.0122796
0.0175441
0.0118169
0.0157924
-0.0014304
-0.0064171
-0.0217454
-0.0271696
-0.0266427
-0.0217685
-0.0031176
0.0389545
0.0744663
0.0524494
0.0117972
-0.0560121
-0.0657311
-0.0365255
0.0033762
0.0308888
0.0316530
0.0041711
-0.0079306
0.0006109
-0.0010795
0.0062042
-0.0051083
-0.0070224
-0.0040043
0.0023855
0.0063891
-0.0034183
-0.0092746
0.0027527
0.0063463
-0.0011218
-0.0033149
0.0078138
-0.0001372
0.0038405
0.0051937
-0.0053564
-0.0037271
-0.0000239
0.0024893
-0.0033058
0.0026742
-0.0050256
0.0069415
-0.0058135
-0.0097556
-0.0062961
-0.0068872
0.0029373
0.0049749
-0.0013980
0.0082482
0.0062822
0.0084485
-0.0026975
0.0076388
0.0080335
-0.0088047
0.0002997
0.0047724
0.0034711
-0.0009021
-0.0031454
0.0042953
0.0050298
0.0042015
0.0033572
0.0031220
0.0012319
-0.0040632
0.0073640
-0.0051403
0.0051558
-0.0036246
-0.0059001
-0.0097000
0.0057339
0.0047642
0.0066657
0.0068118
0.0009929
0.0079561
-0.0032154
-0.0002611
0.0042278
-0.0023514
-0.0013702
-0.0029515
0.0022998
-0.0006875
0.0069330
-0.0063741
-0.0079786
0.0032535
-0.0074371
0.0039927
0.0019547
-0.0026253
-0.0079218
0.0025477
0.0053405
0.0054618
-0.0075193
-0.0091586
-0.0078065
-0.0002494
-0.0057150
-0.0035021
-0.0027413
-0.0021307
0.0059456
0.0032728
-0.0068844
0.0030264
-0.0049657
-0.0042346
0.0073881
0.0058201
-0.0035134
0.0036529
0.0017637
0.0059300
-0.0025516
0.0089666
0.0004196
-0.0033760
-0.0034968
0.0053343
0.0031281
0.0074491
0.0065078
-0.0036898
0.0025234
0.0031315
-0.0033335
0.0060187
0.0077868
0.0041634
-0.0000875
0.0071086
0.0010736
0.0021245
0.0081510
-0.0052741
0.0070694
0.0006012
-0.0058220
0.0067289
-0.0053724
0.0006399
0.0052458
-0.0040181
-0.0125765
0.0031102
-0.0053896
-0.0073880
0.0114555
-0.0021431
0.0058037
0.0110810
0.0094818
0.0076645
0.0038598
0.0048113
0.0029258
-0.0074607
-0.0088922
-0.0070897
0.0053820
0.0014897
-0.0017775
0.0122320
0.0174494
0.0133237
0.0082040
-0.0057247
-0.0153680
-0.0194168
-0.0273869
-0.0129446
-0.0021842
0.0264605
0.0590034
0.0533814
0.0178935
-0.0451036
-0.0674273
-0.0524904
-0.0086817
0.0358630
0.0306041
0.0062798
-0.0000176
0.0029574
0.0129234
0.0032821
-0.0052628
-0.0081559
0.0021485
0.0045367
0.0027097
-0.0079353
-0.0017367
0.0004342
-0.0039355
0.0074129
-0.0065651
0.0067783
-0.0058332
0.0038654
0.0056948
0.0102066
-0.0069814
0.0038912
-0.0012820
0.0044634
-0.0029466
0.0055651
0.0072216
-0.0012295
0.0007865
-0.0036997
-0.0068213
-0.0054036
-0.0035924
0.0052081
0.0081435
0.0060176
0.0051000
-0.0064376
-0.0058262
-0.0057581
0.0078871
-0.0059722
-0.0057907
0.0074175
0.0060791
0.0022768
0.0005858
-0.0043334
-0.0021172
0.0031695
0.0043873
0.0086973
0.0018033
-0.0037450
-0.0029079
-0.0018161
0.0057974
0.0062497
0.0046809
-0.0039272
0.0018434
0.0030959
-0.0027278
-0.0053560
0.0048289
-0.0035830
0.0090667
-0.0058741
-0.0028856
0.0065935
-0.0011238
0.0101638
-0.0040283
0.0005842
-0.0017985
-0.0072855
-0.0040449
-0.0005028
0.0045684
-0.0042409
-0.0040462
-0.0052152
-0.0070041
0.0082421
-0.0048184
-0.0029279
0.0009956
-0.0000620
-0.0011934
-0.0001356
0.0049809
0.0026014
-0.0049948
0.0042905
0.0080290
0.0096478
0.0017791
0.0039904
0.0072896
0.0052755
0.0018301
-0.0017111
0.0047344
-0.0054836
0.0012644
0.0029034
-0.0011060
-0.0074369
0.0005785
-0.0071604
-0.0013282
-0.0065433
-0.0004311
-0.0053775
0.0018931
-0.0073840
-0.0043585
-0.0066207
0.0048850
-0.0022802
0.0071181
-0.0022256
-0.0080056
-0.0082934
-0.0010936
0.0033674
-0.0066682
0.0049599
-0.0013702
-0.0026046
-0.0054647
-0.0015626
-0.0048841
-0.0045143
-0.0015174
0.0016248
-0.0002975
0.0032129
0.0044659
-0.0026579
-0.0035594
0.0015477
-0.0029703
-0.0040773
-0.0044453
0.0016040
0.0064103
0.0060229
-0.0016144
-0.0020582
-0.0105493
-0.0099869
0.0047022
0.0037285
-0.0041380
0.0117202
0.0086265
0.0086571
-0.0001718
-0.0004884
-0.0100649
-0.0288675
-0.0325067
-0.0092180
0.0043560
0.0427561
0.0769200
0.0639189
0.0024134
-0.0575251
-0.0779484
-0.0499724
0.0087345
0.0358425
0.0210036
0.0118236
-0.0017953
0.0037531
0.0087187
-0.0012241
-0.0000656
-0.0072638
-0.0091431
-0.0056850
-0.0031732
0.0001459
-0.0038573
0.0027954
0.0072271
-0.0089547
-0.0020506
-0.0021375
0.0020476
0.0062578
0.0016334
-0.0051122
-0.0032778
-0.0017572
-0.0029135
0.0022841
-0.0049555
0.0042367
-0.0069831
0.0066561
0.0074888
0.0050658
0.0058175
0.0033581
-0.0074515
0.0018771
0.0018476
-0.0039373
0.0047207
-0.0058534
-0.0005022
0.0005173
0.0041822
-0.0083921
-0.0006829
0.0037477
-0.0071424
0.0035269
-0.0079720
0.0030636
0.0084373
-0.0043158
0.0066096
0.0070634
-0.0032510
0.0028424
-0.0094638
-0.0075701
-0.0055490
0.0069816
-0.0049689
-0.0057384
-0.0030390
-0.0021752
0.0038859
0.0004288
-0.0001159
-0.0078236
-0.0040581
-0.0086023
0.0016400
0.0039568
0.0057422
-0.0049069
-0.0003805
0.0037547
0.0076508
-0.0008016
-0.0039678
-0.0026922
-0.0036116
0.0014058
-0.0008984
-0.0066481
-0.0001661
0.0070504
0.0058615
0.0050695
-0.0033799
0.0073360
0.0048600
0.0018667
0.0000853
0.0053322
0.0050189
0.0019581
-0.0057829
-0.0022005
-0.0054713
-0.0039958
0.0044401
0.0073570
0.0032189
-0.0052497
-0.0011107
0.0086453
0.0051484
0.0011881
0.0046308
0.0048004
-0.0041539
0.0068420
0.0054032
0.0090650
0.0017166
0.0021691
-0.0007377
-0.0093338
0.0022413
-0.0058960
0.0040892
0.0044402
-0.0003643
-0.0065305
0.0048432
-0.0023470
-0.0044877
0.0086882
0.0033253
0.0045026
0.0032578
-0.0052782
0.0023003
0.0013462
-0.0101308
0.0021200
-0.0067485
-0.0038634
-0.0088920
-0.0006920
0.0093796
-0.0050663
0.0095259
0.0089870
0.0121033
0.0092950
-0.0078528
0.0020426
-0.0058951
-0.0043522
0.0045094
0.0002423
-0.0129431
0.0014833
0.0027436
0.0049802
0.0011823
0.0030652
-0.0083036
-0.0049820
-0.0149532
-0.0152254
-0.0198616
-0.0092541
0.0368444
0.0620920
0.0554071
-0.0087107
-0.0705980
-0.0781736
-0.0422197
0.0199739
0.0461622
0.0161406
0.0033453
-0.0019899
0.0010445
0.0107067
0.0038917
-0.0028061
-0.0100237
0.0047649
-0.0027783
-0.0087208
-0.0025109
-0.0072196
-0.0079685
-0.0054862
0.0002976
0.0057344
0.0092826
-0.0021805
-0.0041279
-0.0010399
0.0084205
0.0101272
0.0049434
-0.0034890
-0.0051894
0.0018081
-0.0030533
-0.0099688
0.0043258
0.0090417
-0.0028707
0.0075688
-0.0009619
0.0092576
0.0052894
0.0057480
-0.0035993
-0.0073194
0.0072274
-0.0040968
-0.0042605
0.0017997
0.0056963
0.0071499
0.0040796
-0.0044414
-0.0039364
-0.0096734
0.0050841
0.0040210
-0.0054673
0.0004066
0.0035412
0.0082850
0.0044626
-0.0023029
-0.0032306
0.0023407
-0.0027332
-0.0073803
0.0063893
0.0048800
-0.0043665
0.0078260
0.0027449
0.0029620
0.0023159
-0.0045995
-0.0117478
0.0050656
0.0088395
0.0002766
0.0106830
0.0049717
0.0010552
0.0085751
-0.0068600
0.0067944
-0.0090778
-0.0065440
-0.0069815
-0.0046879
0.0048057
-0.0019429
-0.0035562
0.0097595
-0.0024342
-0.0006217
-0.0059027
-0.0051779
-0.0068760
-0.0052609
-0.0002193
0.0015119
-0.0013225
0.0060020
-0.0002824
-0.0051332
-0.0027755
-0.0047815
-0.0002335
-0.0074014
0.0017510
0.0063788
0.0038446
-0.0074001
0.0066525
-0.0013720
-0.0044019
0.0084650
-0.0011508
-0.0042063
0.0063074
0.0077048
-0.0065995
-0.0009823
0.0013018
-0.0021662
-0.0016474
0.0005569
0.0026782
-0.0037252
0.0036045
-0.0068314
0.0081431
0.0058364
0.0068013
-0.0030363
-0.0023587
0.0057200
-0.0095477
0.0053097
-0.0093622
0.0043032
-0.0017083
0.0052210
0.0014797
0.0037107
0.0057631
-0.0031020
-0.0006705
0.0033550
0.0102567
0.0062339
0.0020687
0.0019436
-0.0101852
0.0012249
-0.0025297
0.0034489
0.0076027
-0.0004478
0.0108333
0.0074491
0.0194928
-0.0013187
-0.0032390
-0.0138771
-0.0229050
-0.0247195
-0.0153338
0.0139427
0.0385285
0.0690129
0.0468219
-0.0055371
-0.0706156
-0.0713207
-0.0299526
0.0128506
0.0374227
0.0231389
-0.0038121
0.0009331
0.0008701
0.0104578
0.0094306
0.0002818
0.0023729
0.0037144
0.0021906
0.0025490
-0.0005261
0.0030047
-0.0061245
-0.0035259
-0.0074077
0.0081405
-0.0011222
0.0027024
0.0084620
-0.0045109
0.0056834
0.0020973
0.0012272
-0.0012169
0.0015106
0.0037647
0.0041504
-0.0048572
-0.0039578
0.0062335
0.0034728
0.0000985
0.0010650
-0.0093744
-0.0068127
-0.0034110
-0.0035461
-0.0020324
0.0031201
-0.0079657
0.0016658
0.0083768
-0.0008058
-0.0006453
-0.0027535
-0.0071033
-0.0023010
-0.0010522
-0.0082035
0.0020075
0.0064290
-0.0040789
0.0018176
0.0002891
0.0064319
-0.0048184
-0.0060354
-0.0058482
-0.0019939
-0.0015933
-0.0087950
-0.0021950
-0.0100432
0.0022777
0.0045340
-0.0064928
0.0022126
-0.0068271
0.0076620
0.0062030
0.0049761
0.0003173
0.0063243
-0.0062057
0.0059069
0.0022937
0.0007145
-0.0004859
-0.0030204
-0.0020155
0.0052605
0.0003650
0.0047206
0.0078428
-0.0015820
-0.0015061
0.0073215
0.0052989
-0.0035678
0.0078233
-0.0062453
-0.0006530
0.0012719
0.0078925
0.0050945
0.0016046
0.0014217
-0.0079677
0.0047435
0.0001184
0.0062349
0.0086367
0.0049187
-0.0008292
0.0028883
0.0035344
-0.0058070
0.0094986
-0.0044761
-0.0065866
0.0030943
0.0006426
-0.0040900
0.0021077
0.0066749
0.0021966
0.0010140
-0.0059419
-0.0097196
-0.0016961
0.0043973
0.0066915
-0.0028660
0.0033667
0.0032508
-0.0040553
-0.0005911
0.0019876
0.0013664
0.0065117
-0.0082189
0.0025994
-0.0087631
-0.0034663
-0.0132253
-0.0072123
0.0037072
0.0054793
0.0031506
0.0115048
0.0118619
-0.0012824
0.0127125
0.0041506
0.0021663
0.0050339
-0.0031933
0.0036731
-0.0103789
-0.0124968
-0.0080877
-0.0105136
0.0074534
-0.0039654
0.0109041
0.0112390
0.0137310
0.0021306
-0.0032036
-0.0270357
-0.0298137
-0.0273005
-0.0179976
0.0033520
0.0393430
0.0577356
0.0372289
-0.0090197
-0.0518229
-0.0544161
-0.0318132
0.0180377
0.0347653
0.0192606
-0.0044586
-0.0020632
0.0048100
0.0088770
-0.0045222
-0.0051602
-0.0063616
-0.0005681
0.0021760
-0.0064320
-0.0087985
0.0029766
-0.0066230
-0.0060179
0.0085731
-0.0032187
-0.0013893
-0.0085084
0.0068241
-0.0035120
0.0012413
0.0025001
0.0049976
0.0071998
-0.0062993
0.0004108
-0.0041958
-0.0048430
0.0005795
0.0058144
-0.0035302
0.0033577
0.0028768
-0.0002657
-0.0051694
-0.0043779
-0.0072954
0.0039942
0.0093247
0.0084380
-0.0062743
-0.0068020
-0.0063677
-0.0063321
-0.0024566
-0.0073818
0.0016217
-0.0004678
-0.0003802
0.0051347
0.0051129
0.0076022
0.0007743
0.0069025
-0.0049220
-0.0062147
-0.0011772
-0.0054493
-0.0043415
-0.0028287
-0.0010634
-0.0071902
-0.0014626
-0.0074514
0.0034227
0.0031353
-0.0007585
-0.0055807
-0.0085447
-0.0055311
0.0066470
0.0076012
0.0077774
-0.0039005
-0.0059854
0.0069141
-0.0029602
-0.0003564
-0.0053797
-0.0079197
0.0065701
0.0045580
0.0034684
-0.0005381
-0.0038328
0.0041513
-0.0051317
0.0067525
-0.0071088
-0.0040596
0.0093756
-0.0004235
0.0067362
0.0058317
-0.0061463
-0.0048748
-0.0008212
0.0007920
-0.0092518
-0.0049279
0.0042587
-0.0058065
0.0013876
-0.0041190
-0.0039220
-0.0023398
0.0029320
-0.0013697
-0.0052420
-0.0019986
0.0067796
0.0048367
0.0007450
-0.0079140
0.0025103
0.0047765
-0.0039528
0.0040271
0.0002395
-0.0040919
0.0013687
-0.0036020
-0.0071135
-0.0008608
0.0013797
0.0021617
-0.0055272
0.0009556
0.0097878
0.0010449
0.0077718
0.0068658
-0.0033832
-0.0027810
-0.0052238
-0.0097900
-0.0008380
-0.0068137
-0.0042851
-0.0023246
0.0072086
0.0036862
-0.0051241
0.0088582
0.0020271
0.0009370
-0.0031506
-0.0072101
0.0065454
0.0031914
-0.0088796
-0.0028603
0.0027409
0.0070450
0.0009697
0.0026932
0.0167888
0.0088155
0.0039021
-0.0085931
-0.0238011
-0.0146746
-0.0223613
-0.0102160
0.0069723
0.0415975
0.0619779
0.0567034
-0.0051446
-0.0580829
-0.0659654
-0.0243703
0.0122953
0.0336993
0.0233521
0.0014026
0.0012139
-0.0038117
0.0101322
0.0044172
-0.0095559
-0.0095702
0.0002385
-0.0035266
-0.0074217
-0.0008767
-0.0010983
-0.0025305
-0.0037792
0.0002739
0.0040080
-0.0057062
-0.0011479
-0.0082892
0.0011398
0.0029146
0.0057081
-0.0004557
-0.0084614
0.0031576
-0.0066217
0.0005885
-0.0086062
0.0065867
0.0030207
0.0022033
0.0004959
-0.0042171
0.0004461
0.0048973
0.0042811
0.0044887
0.0018794
0.0038655
0.0053846
-0.0063819
0.0022304
0.0061226
0.0020885
-0.0079957
-0.0072556
-0.0033175
-0.0035063
-0.0053240
0.0010921
0.0063953
-0.0060303
-0.0054402
0.0003676
-0.0067452
0.0031504
-0.0056551
-0.0056820
0.0009519
-0.0023854
-0.0041022
0.0015006
-0.0052203
-0.0051084
0.0028890
-0.0057860
0.0018909
-0.0022237
-0.0060648
-0.0042426
-0.0057790
-0.0040629
-0.0029241
-0.0064840
0.0055174
0.0017985
0.0040505
-0.0035628
-0.0052929
0.0047712
0.0043552
0.0026433
-0.0000413
-0.0051037
0.0046607
-0.0021534
0.0007309
0.0057103
-0.0059622
-0.0038780
-0.0085007
-0.0033673
-0.0004257
0.0038210
-0.0029361
-0.0064081
0.0044778
-0.0001333
0.0054820
0.0030558
0.0041381
0.0023070
0.0054275
0.0062473
-0.0048510
-0.0051056
0.0078710
0.0078950
-0.0017574
0.0046653
-0.0012327
0.0050034
-0.0008462
0.0012469
0.0040628
-0.0023137
-0.0088937
0.0039688
-0.0027263
0.0064172
0.0071288
-0.0092441
-0.0042986
0.0017082
0.0010556
-0.0000081
-0.0011557
0.0067557
0.0100699
0.0007116
0.0079194
-0.0020821
0.0015224
0.0053426
-0.0110778
-0.0055461
-0.0103030
0.0057580
0.0018001
-0.0054154
0.0077911
-0.0007920
0.0096909
0.0011124
0.0062777
-0.0064966
-0.0059008
-0.0075912
-0.0035550
-0.0058747
-0.0075798
0.0000591
-0.0032047
0.0024513
0.0095092
0.0129123
0.0037474
0.0046073
0.0024885
-0.0233858
-0.0228304
-0.0193031
-0.0241452
0.0085529
0.0445899
0.0654245
0.0487116
-0.0036780
-0.0643314
-0.0790535
-0.0351784
0.0186792
