-0.0310550
-0.0035272
0.0065429
0.0169472
0.0165937
0.0260210
-0.0061178
-0.0216238
-0.0375043
0.0371463
0.0206921
-0.0113856
0.0202595
-0.0119616
-0.0092416
0.0364842
0.0036736
0.0314682
-0.0234364
-0.0380598
-0.0361986
-0.0499400
0.0044215
-0.0112632
-0.0522621
-0.0333009
-0.0519883
0.0353256
0.0497398
0.1212256
0.1351483
0.1052607
0.0019807
-0.0515192
-0.1486914
-0.1599568
-0.1101255
-0.0355686
0.0219846
0.1153235
0.0731811
0.0874109
0.0798558
0.0056137
0.0423836
-0.0371009
-0.0421910
-0.0558835
-0.0747914
-0.0636254
0.0131351
-0.0271686
0.0116201
-0.0253859
0.0402796
0.0544654
0.0469265
0.0364034
0.0192946
0.0281958
-0.0199970
-0.0171422
-0.0452951
0.0299027
0.0120345
-0.0132659
-0.0194331
-0.0355755
0.0101182
0.0361970
-0.0130592
-0.0223488
-0.0085056
0.0330481
0.0159870
-0.0020166
0.0302769
-0.0279721
-0.0124579
-0.0058689
-0.0320301
0.0376863
0.0115371
-0.0072080
-0.0363622
0.0001279
-0.0350431
0.0336576
0.0376685
-0.0048058
0.0317565
-0.0300964
0.0112016
0.0317309
-0.0318099
0.0007070
0.0059197
-0.0094681
-0.0273184
0.0162751
-0.0398427
-0.0219292
-0.0299422
-0.0339743
0.0192232
-0.0321633
-0.0189628
0.0167672
0.0283119
0.0052157
-0.0329421
-0.0275415
0.0194826
-0.0110226
0.0104399
-0.0041547
0.0359299
-0.0317672
0.0190244
0.0263229
0.0234552
-0.0141119
0.0399423
0.0293860
-0.0045593
-0.0282130
-0.0089646
0.0247580
0.0233754
-0.0383074
0.0380619
-0.0006134
-0.0090463
-0.0329521
0.0117576
-0.0209036
0.0339209
-0.0387916
-0.0081738
-0.0183929
-0.0316842
-0.0171372
-0.0136297
0.0064573
0.0282530
-0.0350219
-0.0391108
0.0134745
0.0101061
-0.0215600
-0.0328408
0.0372247
-0.0255213
-0.0399469
0.0383558
0.0165902
0.0281770
0.0366878
0.0405637
0.0366891
0.0120132
0.0438958
0.0314203
-0.0119700
0.0014459
0.0015306
0.0190946
-0.0312254
0.0201214
-0.0419461
-0.0137305
0.0092079
-0.0488505
-0.0363982
-0.0156921
0.0230565
-0.0055599
0.0047411
-0.0070497
-0.0069653
0.0525240
-0.0205365
-0.0175840
0.0102663
-0.0241079
-0.0398557
-0.0533704
-0.0516346
-0.0216533
-0.0668444
-0.0254464
-0.0359464
0.0042794
0.1301802
0.2220178
0.1804428
0.0728936
-0.0470811
-0.1967496
-0.2629359
-0.1964921
-0.0934226
0.0465455
0.1295372
0.1070756
0.0831885
0.0984350
0.0211823
0.0371439
0.0190148
-0.0080311
-0.0789299
-0.0409760
-0.0502935
-0.0488966
0.0059773
-0.0148544
0.0094996
-0.0108882
0.0032331
0.0212038
0.0212159
0.0043068
0.0323240
-0.0307148
-0.0231126
-0.0429937
-0.0345572
-0.0337443
-0.0272164
-0.0099022
0.0123101
-0.0279764
-0.0175717
0.0113106
-0.0212778
-0.0018884
-0.0158583
0.0032119
0.0067932
0.0373680
0.0044709
0.0106508
0.0231418
-0.0147767
-0.0000097
-0.0272176
-0.0057648
-0.0384738
-0.0251587
0.0084852
0.0352481
-0.0139078
-0.0055242
-0.0400904
0.0251858
-0.0330511
-0.0409978
-0.0112964
0.0223196
-0.0284859
-0.0302656
-0.0242151
-0.0403770
0.0374468
0.0138299
0.0241011
-0.0351505
0.0108591
0.0397083
-0.0169416
0.0069100
-0.0000643
-0.0329547
0.0045290
0.0035171
0.0122248
0.0389759
0.0226555
-0.0158528
-0.0049958
0.0275498
0.0375752
-0.0250582
0.0124148
-0.0164205
-0.0002488
0.0186506
0.0352525
-0.0380755
0.0068041
-0.0111622
-0.0005083
-0.0364813
0.0032906
0.0307141
0.0329793
-0.0242270
-0.0080753
-0.0005685
-0.0035592
-0.0172569
-0.0064786
0.0313480
-0.0244044
-0.0039418
-0.0103129
0.0362299
-0.0354094
-0.0227988
0.0242757
0.0254841
0.0325743
-0.0255557
-0.0091535
-0.0116210
0.0027540
0.0218371
0.0028647
-0.0343087
-0.0399632
-0.0176078
-0.0419481
-0.0279604
0.0245161
-0.0273160
0.0303109
-0.0245593
0.0208172
0.0060641
0.0045298
0.0210837
0.0123765
0.0260831
0.0299459
-0.0354038
0.0112321
0.0219548
0.0089356
-0.0355025
-0.0090376
-0.0456214
0.0060832
-0.0355560
0.0226454
0.0423208
-0.0060605
0.0241819
0.0432326
0.0580342
-0.0366522
-0.0331127
-0.0036984
-0.0184945
-0.0027141
0.0028251
-0.0009787
-0.0679022
0.0039991
-0.0510091
0.0253132
0.1418189
0.2124043
0.1469509
0.1059799
-0.1031581
-0.1917018
-0.2408857
-0.1848972
-0.0105956
0.0472493
0.0896300
0.1341590
0.0970740
0.0638501
0.0240730
-0.0256194
0.0284858
-0.0628881
-0.0144678
-0.0729042
-0.0234026
-0.0633339
-0.0267387
-0.0037645
0.0348953
-0.0022662
0.0436136
0.0456667
0.0524484
-0.0030582
0.0237099
0.0292754
-0.0104197
0.0301092
0.0301299
-0.0330269
-0.0054746
0.0194392
0.0188656
-0.0380702
0.0084495
-0.0205531
-0.0061653
0.0281748
-0.0132444
0.0003065
-0.0154868
0.0175798
-0.0082160
0.0226606
-0.0309205
0.0029054
-0.0277714
-0.0093892
-0.0249345
-0.0164550
-0.0223990
0.0183607
-0.0125241
-0.0213328
-0.0214113
0.0028857
-0.0205508
-0.0356418
0.0203053
0.0191828
-0.0270808
0.0189979
-0.0402866
-0.0144788
-0.0239477
-0.0281280
0.0328081
-0.0339825
0.0111095
0.0053730
0.0359649
0.0073964
-0.0039273
-0.0300345
0.0258382
-0.0043757
0.0110410
-0.0223082
-0.0157218
0.0385870
0.0271710
-0.0275897
-0.0135205
-0.0039054
0.0150322
0.0299846
0.0102101
-0.0181649
0.0408754
-0.0050728
0.0299146
-0.0076635
0.0208829
0.0344272
0.0162407
0.0072794
-0.0176781
-0.0108108
-0.0200016
-0.0338020
0.0025380
0.0012752
-0.0221890
-0.0104271
0.0263848
0.0324338
0.0040790
0.0270490
0.0333902
0.0255282
-0.0027897
0.0269924
-0.0302970
0.0266773
0.0318614
0.0342644
0.0218698
-0.0375695
0.0059864
0.0036275
0.0304127
-0.0384870
-0.0179413
-0.0450162
-0.0342500
-0.0297406
-0.0406976
-0.0163683
0.0270771
-0.0207889
-0.0188037
0.0254602
0.0221403
0.0328104
-0.0228213
0.0154671
0.0009917
-0.0176206
-0.0093591
0.0256890
0.0168739
0.0144744
-0.0060395
0.0029153
-0.0070275
0.0314881
0.0100382
-0.0066200
0.0540703
0.0068015
0.0496077
0.0347361
0.0299554
-0.0103090
0.0209044
-0.0103244
-0.0564802
-0.0643209
-0.0678188
-0.0475602
-0.0879492
0.0085240
-0.0202593
0.0691490
0.1337333
0.2209536
0.2945067
0.1572975
-0.0984785
-0.3077682
-0.3797677
-0.2645690
-0.0378518
0.1198913
0.1729597
0.1686816
0.1425608
0.0971721
0.0220576
-0.0170268
-0.0227883
-0.0372369
-0.0642888
-0.0393805
-0.0350346
-0.0593460
-0.0551353
0.0045411
-0.0059712
0.0304878
0.0390507
0.0310673
-0.0146303
-0.0209682
0.0039599
-0.0046669
-0.0320193
0.0036188
-0.0055955
-0.0564312
-0.0000293
0.0267684
0.0107983
0.0119364
0.0428864
0.0279938
0.0061068
0.0423553
-0.0227430
0.0235645
0.0012531
0.0418642
-0.0202751
-0.0100718
0.0036889
-0.0055731
-0.0089801
-0.0252450
-0.0171195
0.0250706
0.0255768
0.0181288
0.0237528
0.0074138
0.0220896
-0.0052797
-0.0227704
-0.0083647
0.0257998
0.0352237
-0.0342210
-0.0126345
-0.0236602
-0.0309649
0.0084347
-0.0150188
0.0198939
0.0253845
-0.0165319
0.0399598
-0.0336567
-0.0185315
0.0313371
-0.0090507
0.0214690
0.0231445
0.0290344
0.0377899
0.0188149
-0.0420195
-0.0391510
-0.0153209
0.0320792
-0.0279690
-0.0274200
-0.0113783
0.0187972
0.0177247
0.0205273
0.0126099
0.0376089
0.0114891
0.0197211
0.0058746
-0.0181476
-0.0289633
-0.0126667
0.0356460
0.0124243
-0.0274388
0.0012275
-0.0212003
0.0241822
-0.0092269
0.0317965
0.0221422
-0.0381069
-0.0402333
0.0257153
0.0022276
0.0283368
-0.0393686
0.0147453
0.0016775
-0.0181291
-0.0139646
-0.0156778
0.0236393
0.0186872
-0.0040924
-0.0100392
-0.0202004
0.0153652
-0.0160770
-0.0076897
-0.0444845
0.0039984
0.0101232
-0.0165745
-0.0100294
-0.0133361
-0.0057410
0.0274531
0.0271449
0.0243617
0.0092646
0.0046931
-0.0406255
0.0211939
-0.0577992
0.0063965
-0.0116709
-0.0422918
-0.0212825
0.0070238
0.0454172
0.0252220
0.0230343
0.0190270
0.0073879
0.0190916
0.0070921
-0.0032959
-0.0313945
-0.0552242
-0.0274952
-0.0742537
-0.0980905
-0.0463945
-0.0708953
-0.0216328
-0.0006389
0.1464365
0.1899571
0.3258989
0.1890275
-0.0074360
-0.3156653
-0.4135755
-0.3409399
-0.1298293
0.0998238
0.2421034
0.2112532
0.1169293
0.0705678
0.0547602
0.0492206
-0.0139837
-0.0538487
-0.0426100
-0.0863923
-0.0193704
-0.0501735
-0.0308487
-0.0226835
0.0123927
-0.0086724
0.0362449
0.0687897
0.0653121
0.0476632
0.0318547
-0.0037532
-0.0186202
-0.0146423
0.0137000
-0.0090188
0.0246729
-0.0525210
0.0243324
0.0237446
0.0428652
-0.0363041
0.0005403
0.0452907
0.0228381
-0.0300538
-0.0348820
-0.0325347
-0.0015157
0.0383132
-0.0256341
0.0177394
0.0033528
-0.0060326
-0.0205066
-0.0035452
0.0283440
-0.0175393
0.0336582
0.0107056
-0.0339769
-0.0049095
-0.0350866
-0.0347015
-0.0009863
-0.0222332
0.0074840
-0.0282690
-0.0321406
0.0015960
-0.0070574
-0.0015411
-0.0062480
-0.0280730
-0.0267755
-0.0122788
-0.0263722
0.0003437
0.0414440
0.0412759
-0.0194830
0.0363829
-0.0223619
-0.0089069
-0.0192962
0.0217366
0.0306758
0.0387473
0.0284722
-0.0090562
0.0017744
0.0194006
-0.0013877
-0.0310550
0.0161872
-0.0303864
-0.0019993
-0.0025020
-0.0228044
0.0074252
-0.0071327
-0.0200648
-0.0345607
0.0172941
-0.0036445
0.0221048
-0.0397376
-0.0132188
-0.0376133
-0.0371910
-0.0276318
0.0287216
0.0162514
-0.0035462
0.0304560
0.0402462
-0.0040213
0.0222740
-0.0130442
0.0034908
0.0273578
-0.0096555
0.0403495
0.0069736
0.0371173
-0.0097502
0.0342110
0.0085054
0.0203414
-0.0188852
-0.0257609
0.0068635
0.0245490
-0.0345036
0.0165072
-0.0146250
-0.0271984
-0.0321112
-0.0254268
-0.0040298
-0.0106408
-0.0157722
0.0465727
-0.0084090
-0.0122878
0.0013690
0.0158617
-0.0414624
-0.0313841
-0.0073816
-0.0169527
-0.0264697
-0.0134825
0.0312561
0.0248711
0.0534461
0.0581034
0.0600237
-0.0033138
-0.0039835
0.0001899
-0.0348296
-0.0192094
-0.0087439
-0.0632012
-0.0683437
-0.0987324
-0.0187946
-0.0171799
0.0056479
0.0179382
0.1117183
0.1730031
0.2649394
0.2403135
0.0891097
-0.2060106
-0.3741504
-0.3120521
-0.1438973
0.0105175
0.1678420
0.1622245
0.1084460
0.0627994
0.0393116
0.0332639
-0.0264901
-0.0320970
-0.0202051
-0.0711911
-0.0160270
-0.0191661
-0.0473150
-0.0377274
0.0105951
-0.0008432
-0.0102585
0.0206565
-0.0044149
-0.0127682
-0.0055991
-0.0093172
0.0102966
-0.0353607
-0.0368828
0.0267569
-0.0226713
-0.0167724
0.0128464
-0.0324739
-0.0306173
0.0223235
-0.0308892
0.0360178
0.0438922
0.0091586
0.0392078
0.0314884
-0.0240324
-0.0118109
-0.0280463
0.0347492
-0.0052292
-0.0236597
-0.0283731
0.0287391
-0.0170205
-0.0344723
0.0226336
0.0365613
0.0390487
0.0231110
-0.0110617
0.0092519
-0.0018460
-0.0044614
-0.0076054
0.0052613
0.0149886
0.0106129
0.0159390
0.0096214
0.0235299
-0.0360642
-0.0394185
0.0362841
0.0284978
0.0280983
0.0225263
-0.0381317
0.0309791
-0.0396403
-0.0342167
-0.0153700
-0.0038394
0.0385245
-0.0255185
-0.0204702
-0.0400835
0.0016171
0.0119006
0.0293539
-0.0401110
0.0090640
0.0386172
-0.0289901
-0.0051718
0.0100253
-0.0390524
-0.0253902
0.0343593
0.0190493
-0.0130896
0.0089689
0.0136289
0.0182328
0.0011329
0.0186672
0.0112532
0.0012653
0.0250970
-0.0245018
0.0075914
-0.0307926
0.0198058
0.0400772
-0.0147474
0.0042371
0.0264224
-0.0081293
-0.0299353
0.0014585
0.0281703
0.0172396
0.0100861
0.0240404
0.0118214
0.0098695
0.0333002
-0.0312345
0.0219250
-0.0397579
0.0135672
-0.0033401
0.0261853
0.0111096
-0.0238927
-0.0111866
0.0155339
-0.0059362
0.0184425
-0.0139055
0.0260064
0.0375301
0.0018426
0.0015562
0.0058449
-0.0021376
-0.0301733
0.0017856
0.0099966
0.0104995
0.0099094
-0.0277531
0.0220403
-0.0119517
0.0206965
0.0406742
0.0156632
-0.0152087
0.0433489
0.0069761
0.0441242
0.0143407
-0.0199981
0.0158584
0.0166886
-0.0242801
-0.0475629
-0.0095487
-0.0612805
-0.0241078
-0.0520883
-0.0431552
-0.0308281
0.0744093
0.2077920
0.2776633
0.2165304
0.0320126
-0.1304588
-0.3057544
-0.2810661
-0.1769925
0.0141383
0.1519852
0.1312738
0.0927226
0.0673281
0.0775294
-0.0010548
-0.0153647
-0.0098054
-0.0858760
-0.0540004
-0.0428383
-0.0292158
-0.0005109
0.0178621
-0.0258896
0.0496002
-0.0129022
0.0290790
0.0461455
0.0151660
0.0015266
0.0212234
0.0366278
0.0116316
0.0256388
-0.0176357
0.0074017
-0.0039814
-0.0018654
-0.0082362
0.0244670
-0.0203525
-0.0142086
0.0247411
0.0075185
0.0480465
-0.0157076
0.0311299
0.0362324
0.0145074
-0.0043628
-0.0452187
-0.0254970
0.0198833
-0.0273984
-0.0048542
0.0108408
-0.0060542
0.0036102
0.0228098
0.0236086
0.0265024
0.0329446
-0.0233310
-0.0295766
0.0076375
-0.0258305
-0.0127240
0.0377451
0.0067860
-0.0383758
-0.0117971
0.0012480
0.0211656
0.0349523
-0.0277342
-0.0068356
-0.0048666
-0.0098416
0.0284457
0.0253862
-0.0027703
0.0349064
-0.0317961
-0.0322084
0.0070169
-0.0329634
-0.0410127
0.0341653
-0.0334920
-0.0268761
0.0114330
0.0288217
0.0392913
-0.0220445
-0.0389767
0.0185166
0.0045265
-0.0027065
0.0229844
-0.0085336
0.0083484
-0.0106831
0.0245205
-0.0310767
0.0383973
0.0283222
0.0228662
-0.0398911
-0.0322570
0.0157415
0.0372045
0.0185581
0.0093459
-0.0063024
0.0002487
-0.0348417
0.0187093
-0.0093617
-0.0148997
0.0022833
-0.0171498
-0.0332228
0.0362929
-0.0317421
-0.0250680
-0.0425061
-0.0393196
-0.0118472
0.0019076
-0.0281683
0.0191593
0.0349046
-0.0173973
0.0174085
-0.0300536
-0.0156894
-0.0462676
-0.0032511
0.0345409
-0.0322726
0.0377582
-0.0198692
0.0069182
-0.0324319
-0.0336761
0.0090987
0.0321945
-0.0281984
0.0195981
0.0441584
-0.0182858
0.0121543
-0.0240343
0.0194725
-0.0339020
0.0202392
-0.0564861
-0.0533119
-0.0396835
-0.0348097
-0.0273020
-0.0136598
0.0398243
0.0557099
0.0208800
0.0143621
0.0614451
0.0303072
-0.0440761
-0.0169538
-0.0489974
-0.0656935
-0.1084155
-0.0461797
-0.0673959
-0.0690997
-0.0372272
0.0347981
0.1826518
0.3094686
0.2874814
0.1994618
-0.1250443
-0.4336065
-0.4714314
-0.3221842
-0.0670136
0.1847566
0.2688351
0.1684876
0.0961689
0.0942092
0.0526725
-0.0321688
-0.0555385
-0.0973199
-0.0893982
-0.1037376
-0.0803773
-0.0318138
-0.0517405
0.0294008
0.0401747
0.0589329
