0.0092354
-0.0031142
0.0061245
-0.0076143
-0.0034770
-0.0026941
0.0015888
-0.0031443
-0.0047793
0.0068223
0.0018940
0.0045156
-0.0069766
-0.0015416
-0.0066150
0.0059679
-0.0079009
-0.0081140
-0.0044337
-0.0063787
-0.0059241
0.0041308
0.0022284
0.0085027
0.0018962
-0.0018463
0.0005818
0.0046284
0.0080877
-0.0009742
-0.0011741
0.0064325
-0.0001642
-0.0034234
-0.0052757
-0.0010678
0.0038024
-0.0073131
-0.0059359
-0.0040121
-0.0070244
-0.0002939
0.0062904
-0.0034887
0.0079855
0.0017786
-0.0067137
0.0025721
-0.0062077
-0.0048449
0.0018137
0.0017861
0.0028327
0.0020470
-0.0045358
0.0018932
-0.0041476
-0.0030828
-0.0027930
0.0007972
-0.0037921
-0.0098640
-0.0017540
-0.0065043
0.0009641
-0.0087874
-0.0070065
-0.0040378
0.0084925
0.0058148
-0.0008720
-0.0039685
0.0034881
0.0056631
-0.0028145
-0.0062665
-0.0022724
-0.0090294
-0.0025246
-0.0092100
0.0046242
0.0029663
0.0140220
0.0063706
0.0129028
-0.0004842
-0.0085318
-0.0107076
-0.0204374
-0.0307064
-0.0193874
0.0055241
0.0308893
0.0587576
0.0499026
-0.0080946
-0.0596642
-0.0733922
-0.0268123
0.0171534
0.0386351
0.0106897
0.0018185
-0.0148705
-0.0016433
0.0083526
0.0014109
-0.0055081
-0.0006979
0.0003963
-0.0018479
0.0051469
-0.0067064
-0.0037916
-0.0083143
-0.0004556
-0.0000417
0.0070197
-0.0023549
-0.0054763
0.0066789
0.0015024
0.0036100
0.0006854
0.0081022
-0.0028270
-0.0069332
-0.0047619
0.0001984
-0.0082992
-0.0088943
-0.0042848
0.0061630
-0.0031027
-0.0061485
0.0036531
-0.0066682
0.0037323
0.0006494
0.0005174
0.0082358
0.0080040
0.0030274
-0.0084474
0.0022411
0.0049554
-0.0067642
0.0031766
-0.0028807
-0.0024164
-0.0014858
-0.0029127
-0.0028741
0.0056252
0.0072928
0.0032458
0.0011991
0.0046619
0.0072045
-0.0069496
0.0078959
0.0014669
-0.0073933
0.0078085
0.0006271
-0.0046618
0.0065176
0.0026487
-0.0019863
0.0068945
-0.0019987
0.0031355
-0.0001703
0.0059373
-0.0061349
0.0016821
0.0004194
0.0094540
0.0008712
0.0083872
-0.0093638
-0.0092955
0.0004519
0.0008783
-0.0019936
0.0027095
-0.0040267
-0.0033628
0.0007274
-0.0050589
0.0003949
-0.0080910
-0.0078485
-0.0030882
-0.0065773
-0.0037027
-0.0043407
0.0007335
0.0029680
0.0053251
0.0032207
0.0077499
-0.0062520
-0.0023140
-0.0075903
-0.0028734
0.0043347
-0.0011850
0.0052723
-0.0075008
-0.0067259
0.0010895
0.0005350
0.0037630
-0.0059381
0.0038865
-0.0007101
-0.0066317
0.0039359
-0.0010508
0.0024067
0.0074301
-0.0088966
-0.0044854
0.0053265
0.0004715
-0.0033190
-0.0022455
0.0077469
0.0101735
0.0041321
0.0070564
-0.0024240
-0.0048712
-0.0071931
-0.0030825
-0.0021919
-0.0027023
-0.0039633
-0.0100901
-0.0043301
-0.0059608
0.0050410
-0.0062564
-0.0004494
0.0131304
0.0010652
0.0061760
-0.0038688
0.0014648
-0.0085831
-0.0117176
0.0001754
-0.0075443
-0.0058950
-0.0047891
0.0047992
0.0010307
0.0103644
0.0144095
0.0082133
0.0115751
0.0107769
-0.0144910
-0.0263333
-0.0313337
-0.0328676
-0.0296471
0.0116878
0.0412759
0.0735893
0.0521986
-0.0167703
-0.0649744
-0.0667796
-0.0191378
0.0120355
0.0370767
0.0186073
-0.0009241
-0.0047125
0.0076591
0.0134532
-0.0036414
-0.0077168
-0.0065916
0.0088767
0.0075400
-0.0048786
-0.0052731
-0.0012699
-0.0090508
0.0004766
-0.0059963
-0.0018976
-0.0063193
0.0062258
0.0091232
0.0053191
-0.0011943
-0.0039424
-0.0056263
0.0018704
-0.0083215
0.0008177
-0.0028248
0.0045766
-0.0107162
0.0036395
-0.0085797
-0.0041010
-0.0049996
0.0014881
0.0024713
-0.0048478
-0.0067568
-0.0054767
-0.0034034
-0.0070416
-0.0055683
-0.0091725
-0.0008970
0.0033100
0.0012310
0.0037156
0.0039872
-0.0046352
0.0062489
-0.0023033
-0.0077876
0.0069226
-0.0055601
0.0055502
0.0102055
0.0064814
0.0070052
0.0017251
0.0006081
-0.0084104
0.0092664
-0.0043980
0.0013487
0.0073671
0.0007708
-0.0039772
-0.0000694
-0.0042437
0.0034263
-0.0029317
0.0054418
-0.0069178
0.0062511
0.0062558
0.0031793
-0.0055127
0.0109462
0.0021209
-0.0058776
0.0069996
0.0039873
-0.0008671
0.0006216
0.0073246
0.0024108
-0.0083664
0.0039203
-0.0029391
0.0061085
0.0016464
-0.0048792
-0.0056770
0.0079996
-0.0056716
-0.0038322
0.0017161
-0.0069519
0.0085774
-0.0073569
0.0064002
-0.0037015
-0.0015540
0.0009754
0.0047885
0.0003391
-0.0007473
-0.0101750
-0.0062577
0.0085921
-0.0057490
0.0028772
-0.0058571
0.0018234
0.0047301
-0.0030369
-0.0077624
-0.0058988
-0.0033552
-0.0078246
0.0055689
0.0001442
0.0082929
0.0078363
0.0029297
0.0067691
-0.0035383
0.0006495
0.0032852
0.0074052
0.0091880
-0.0053539
-0.0003473
0.0067258
0.0049509
0.0071593
0.0081930
-0.0085844
0.0014019
-0.0017928
-0.0103167
-0.0099381
-0.0096401
0.0072826
0.0091364
-0.0035420
0.0074593
-0.0012622
0.0066221
-0.0026653
-0.0035843
-0.0069776
-0.0106836
-0.0058380
-0.0120198
-0.0007092
-0.0075041
0.0017324
0.0036362
0.0085053
0.0175070
0.0112359
0.0064960
-0.0098255
-0.0249592
-0.0287871
-0.0256096
-0.0256900
-0.0056843
0.0286648
0.0583761
0.0538068
-0.0031185
-0.0416182
-0.0618784
-0.0402214
0.0048514
0.0398172
0.0200125
-0.0130179
-0.0178592
-0.0009081
0.0149010
0.0094017
-0.0056774
-0.0054625
0.0006049
-0.0056924
-0.0051348
0.0037192
0.0034449
0.0052964
0.0016126
0.0049353
0.0012493
-0.0078747
-0.0001262
-0.0028095
-0.0043983
0.0076574
0.0036285
0.0036407
0.0084317
-0.0072885
0.0010421
-0.0052766
-0.0080306
0.0019180
-0.0062541
-0.0073841
-0.0057460
-0.0068283
-0.0003384
-0.0052740
-0.0034392
-0.0026650
-0.0069064
-0.0003390
0.0051642
-0.0082517
0.0039066
0.0007665
0.0087570
0.0055972
-0.0059443
-0.0011320
0.0034452
0.0053944
0.0074429
-0.0070613
-0.0075315
-0.0058062
-0.0014715
0.0036168
0.0036766
0.0053453
0.0077145
0.0034103
-0.0060473
-0.0000691
0.0000238
0.0014709
0.0022087
0.0079981
0.0030946
0.0006779
0.0006515
-0.0085022
0.0054795
-0.0015777
0.0005836
0.0029347
0.0063223
0.0011321
0.0090414
-0.0032304
-0.0043629
-0.0050223
0.0077797
-0.0066468
0.0065278
0.0067394
-0.0061813
-0.0053071
0.0064384
-0.0087977
-0.0016057
-0.0035099
0.0054591
0.0068318
0.0062069
-0.0062909
-0.0034531
-0.0017350
0.0066614
0.0024808
0.0026305
-0.0011957
0.0030774
0.0016035
0.0055927
-0.0068762
-0.0012206
-0.0100609
-0.0025351
0.0019200
0.0048101
-0.0049070
-0.0030212
0.0054400
0.0092124
0.0038286
-0.0059145
-0.0065139
0.0057793
-0.0072734
-0.0057195
0.0083289
-0.0016754
0.0061241
0.0053825
-0.0068016
0.0051695
0.0065546
0.0011460
-0.0092626
-0.0043183
-0.0009272
0.0069240
-0.0048247
0.0024636
0.0057030
-0.0057676
0.0038333
0.0038525
-0.0004576
0.0050831
-0.0062215
0.0006825
-0.0058382
-0.0101730
0.0013974
-0.0098458
0.0046922
0.0070129
-0.0016912
0.0121730
-0.0033973
-0.0031741
0.0076330
-0.0071035
-0.0002440
-0.0014949
-0.0143027
-0.0123840
-0.0010685
-0.0095610
-0.0035166
0.0111074
0.0206211
0.0112904
0.0113373
-0.0004634
-0.0148553
-0.0232300
-0.0324776
-0.0313115
-0.0117804
0.0096260
0.0612871
0.0602768
0.0353218
-0.0251299
-0.0725780
-0.0543894
-0.0077784
0.0303981
0.0348827
0.0102115
-0.0024581
0.0027434
0.0015801
0.0034504
0.0010749
-0.0103236
-0.0061186
0.0086107
-0.0081958
-0.0024605
-0.0096838
-0.0012883
0.0018530
0.0046448
0.0054836
-0.0074938
0.0088827
0.0019151
-0.0022310
0.0013937
0.0009703
-0.0069733
-0.0036880
-0.0030619
-0.0014520
0.0043214
-0.0015643
0.0023548
0.0008215
-0.0000192
0.0085531
0.0001195
0.0013591
-0.0015872
-0.0063501
-0.0018327
-0.0093375
0.0074404
-0.0031494
0.0087442
0.0005693
-0.0001200
0.0044165
-0.0015033
-0.0057321
0.0057040
0.0014869
-0.0034651
-0.0014240
-0.0090544
-0.0028244
0.0060425
0.0071636
0.0056600
0.0056529
-0.0012881
0.0024434
-0.0035364
-0.0010048
-0.0044600
0.0069011
0.0015162
0.0054929
-0.0039606
0.0010701
0.0082181
0.0084644
-0.0021017
0.0076024
0.0055490
0.0081477
0.0023893
-0.0087193
-0.0061230
0.0017431
0.0071462
0.0048909
-0.0011170
-0.0081882
0.0081385
0.0046030
-0.0038457
-0.0101611
0.0007733
-0.0071881
0.0042757
0.0002177
0.0072394
0.0093163
0.0091327
0.0047409
-0.0035629
0.0066397
0.0003594
-0.0065889
-0.0087831
0.0082084
-0.0056406
-0.0024970
-0.0062315
-0.0054616
-0.0065972
-0.0048275
-0.0031238
0.0051894
0.0026387
-0.0028404
0.0031260
0.0034399
-0.0040419
0.0014864
0.0014956
0.0026700
-0.0080048
0.0083589
0.0072687
-0.0039898
0.0079944
-0.0042286
-0.0063432
-0.0017184
0.0059144
-0.0018020
-0.0101573
0.0005164
-0.0062006
0.0028801
-0.0078158
0.0029954
0.0079412
-0.0026637
0.0036789
0.0103682
-0.0009759
0.0093298
-0.0036750
0.0009399
-0.0077817
0.0045607
0.0029091
0.0014559
-0.0004754
-0.0007747
0.0037139
0.0064429
0.0086044
0.0025696
0.0002857
-0.0027947
-0.0027627
-0.0038717
-0.0038231
0.0051475
0.0029218
-0.0061135
-0.0094148
-0.0024619
-0.0056831
0.0033518
0.0001088
0.0029252
0.0056029
0.0125664
-0.0059344
-0.0259898
-0.0177528
-0.0197957
-0.0115866
0.0108418
0.0547233
0.0690967
0.0442974
-0.0200506
-0.0606283
-0.0690755
-0.0121359
0.0169022
0.0303630
0.0069645
-0.0021713
0.0028145
0.0126748
0.0140942
0.0034150
-0.0039863
0.0071231
-0.0005961
0.0008246
-0.0027653
0.0053164
-0.0111537
-0.0052810
0.0016258
-0.0045666
-0.0025617
0.0012981
0.0066811
0.0030879
-0.0049415
0.0065752
0.0051307
-0.0024468
-0.0067631
0.0015879
-0.0045411
0.0064394
0.0074308
-0.0011096
0.0001996
-0.0011534
-0.0029532
0.0040331
-0.0081852
-0.0013524
-0.0000575
0.0073931
-0.0048036
0.0054220
0.0080280
0.0071939
-0.0019666
0.0073233
-0.0046960
0.0000505
-0.0066592
0.0040853
-0.0031624
-0.0031893
0.0059764
0.0034503
-0.0070569
-0.0025034
0.0035035
-0.0089640
0.0005845
-0.0000033
-0.0043580
0.0015523
0.0060796
0.0061174
-0.0070626
0.0073754
0.0043490
0.0078483
-0.0056486
0.0072409
-0.0008037
0.0036929
0.0025184
-0.0061201
-0.0021304
-0.0050613
-0.0071644
-0.0078260
-0.0039178
-0.0053514
0.0006962
0.0061235
0.0027485
0.0022744
-0.0020017
-0.0014201
-0.0017731
-0.0041959
0.0090977
0.0022900
-0.0024412
-0.0013090
-0.0025161
0.0024621
0.0014767
0.0089834
0.0010444
0.0018378
-0.0027758
0.0004693
0.0077045
0.0015998
0.0079928
0.0026975
-0.0048197
0.0061917
-0.0022055
0.0065767
-0.0053510
-0.0064799
0.0011023
-0.0011526
0.0015285
0.0022905
-0.0042659
0.0022881
0.0073001
0.0035032
0.0024875
0.0080878
0.0025991
-0.0060554
0.0016066
-0.0072614
-0.0066767
0.0039283
-0.0036317
-0.0041108
0.0030141
0.0038628
-0.0029905
0.0055755
0.0037669
-0.0068453
-0.0015367
0.0035036
0.0037853
-0.0041234
0.0061669
0.0043924
-0.0095277
-0.0078283
-0.0121903
-0.0065571
-0.0059132
-0.0094447
0.0055998
0.0053714
-0.0035099
0.0099291
0.0016599
-0.0028276
0.0004210
0.0034689
-0.0112258
-0.0076288
-0.0096033
-0.0135804
-0.0114851
0.0056240
-0.0073588
0.0112318
0.0063750
0.0229813
0.0141091
0.0142327
-0.0153627
-0.0197018
-0.0202916
-0.0199412
-0.0210897
-0.0012805
0.0322112
0.0732331
0.0608842
0.0062642
-0.0489298
-0.0690507
-0.0341697
0.0080797
0.0365926
0.0144153
-0.0089393
-0.0083793
-0.0027746
0.0084606
-0.0002959
-0.0053650
-0.0021591
-0.0017041
0.0030220
0.0033404
-0.0004972
0.0024450
0.0008841
0.0078045
0.0003755
0.0033178
0.0080501
-0.0071605
0.0067649
-0.0028912
0.0073751
-0.0015542
0.0004756
-0.0017173
0.0057326
-0.0031449
-0.0057923
-0.0048089
0.0004187
-0.0060208
0.0021724
0.0065620
0.0063162
-0.0072981
-0.0083695
0.0091460
-0.0044062
0.0034339
0.0009228
0.0061690
0.0033269
0.0040503
-0.0003416
0.0059417
-0.0055902
0.0041724
-0.0082369
0.0080209
0.0065964
-0.0021705
-0.0037866
-0.0070772
-0.0006616
-0.0010969
0.0011735
0.0033128
-0.0028767
-0.0026798
0.0008620
-0.0033414
0.0072366
0.0054257
0.0039960
-0.0047768
-0.0057699
0.0020664
0.0043063
-0.0071560
0.0068800
0.0032213
-0.0020257
-0.0058165
0.0000514
-0.0058794
-0.0068608
-0.0016687
0.0001388
0.0010770
-0.0064905
-0.0069578
0.0012919
0.0025038
0.0011929
0.0058836
0.0026004
0.0035083
-0.0070744
-0.0069167
-0.0039641
0.0080577
-0.0060762
-0.0013341
-0.0004412
-0.0003317
-0.0005938
-0.0007379
-0.0080042
0.0067613
0.0077044
-0.0039185
-0.0056527
-0.0070373
0.0041971
-0.0049761
-0.0001662
0.0002132
0.0044532
0.0055553
-0.0034174
-0.0034597
-0.0008550
-0.0064859
0.0057633
0.0030363
-0.0011742
0.0079000
-0.0048072
0.0059651
-0.0065125
-0.0026804
0.0019625
-0.0028510
-0.0043492
0.0035595
-0.0000658
-0.0059756
-0.0022952
-0.0022915
-0.0073583
0.0058296
-0.0051912
-0.0054824
0.0004942
-0.0077165
-0.0061405
-0.0067693
-0.0002279
-0.0051392
-0.0011986
0.0057575
-0.0070976
0.0047621
0.0051336
0.0037353
0.0019891
0.0025890
-0.0000009
-0.0006478
0.0023783
0.0089847
0.0050679
-0.0032361
-0.0009982
-0.0063752
-0.0041747
-0.0072516
-0.0119848
-0.0067249
0.0002147
0.0050479
0.0102561
0.0074188
0.0212344
0.0096925
0.0137238
-0.0140190
-0.0116539
-0.0277874
-0.0288454
-0.0270454
-0.0039313
0.0295090
0.0661459
0.0553153
0.0039359
-0.0449949
-0.0682948
-0.0247787
0.0149978
0.0281635
0.0097645
-0.0138155
-0.0044248
0.0000660
0.0131873
-0.0001397
-0.0006021
-0.0040135
0.0079163
-0.0002720
0.0048998
-0.0029955
-0.0036352
0.0003598
0.0016073
0.0034494
-0.0074094
-0.0005844
-0.0027897
-0.0042013
-0.0061791
-0.0086452
-0.0000728
0.0079415
-0.0037848
0.0000931
-0.0026757
0.0036915
-0.0082779
-0.0035450
0.0045785
-0.0081631
-0.0074104
0.0087201
-0.0060984
-0.0064605
0.0071806
0.0077203
0.0044384
0.0092458
0.0076810
-0.0071324
-0.0080377
-0.0041230
-0.0048293
-0.0060100
-0.0007732
-0.0020729
0.0042833
-0.0028835
-0.0051738
-0.0036133
0.0013659
0.0072203
-0.0074117
0.0001084
-0.0022548
0.0011004
-0.0015941
0.0019800
-0.0077412
-0.0026170
0.0042021
-0.0028021
-0.0083472
-0.0074500
-0.0081380
0.0064260
0.0048222
-0.0061845
-0.0013956
0.0038148
0.0063607
-0.0068897
0.0000800
