0.0021864
0.0019800
0.0043023
0.0095607
-0.0003528
-0.0034864
0.0081393
-0.0042631
0.0069091
-0.0006322
-0.0041744
0.0059035
-0.0014075
0.0018058
-0.0006088
-0.0054237
-0.0039856
0.0045592
0.0127860
0.0188465
0.0091070
0.0044772
-0.0006599
-0.0092058
-0.0057681
-0.0009264
0.0053886
0.0337822
0.0449221
0.0105723
-0.0424270
-0.0755307
-0.0670482
-0.0003464
0.0705455
0.0680532
0.0302191
-0.0070192
-0.0301565
-0.0189416
-0.0117742
-0.0005050
-0.0132446
-0.0039202
0.0034779
-0.0057630
0.0042534
0.0040087
0.0081243
-0.0033110
-0.0038206
0.0018278
-0.0054065
-0.0068910
-0.0007828
-0.0072648
-0.0018233
-0.0111916
-0.0082993
-0.0032951
-0.0111185
-0.0045598
0.0068615
-0.0062241
-0.0021025
0.0094087
0.0004102
0.0022774
0.0075549
-0.0085404
0.0039235
-0.0072876
-0.0102624
-0.0095589
-0.0070185
-0.0021139
0.0025588
-0.0084755
-0.0013657
0.0044976
-0.0030289
-0.0022620
-0.0019746
-0.0032665
0.0030887
-0.0062150
-0.0072653
-0.0027811
-0.0012014
0.0091165
0.0029434
-0.0015065
-0.0104943
0.0014838
-0.0043642
-0.0012363
0.0068194
-0.0036903
-0.0061466
-0.0065181
0.0099184
0.0009548
0.0024439
-0.0015878
0.0012349
0.0009091
-0.0093574
0.0048754
0.0110297
-0.0035789
0.0037521
-0.0038225
0.0036403
0.0087076
-0.0053804
-0.0083248
-0.0030684
-0.0009853
-0.0021295
-0.0066221
-0.0025177
-0.0051530
0.0118902
-0.0049726
0.0086151
0.0063966
0.0092640
0.0034986
-0.0013912
-0.0084559
0.0042906
-0.0015651
-0.0039223
0.0032528
0.0039738
-0.0078904
0.0063061
0.0034741
-0.0023516
0.0050049
0.0059610
0.0075189
0.0043755
-0.0073544
0.0086507
-0.0041066
-0.0086308
0.0060954
-0.0102563
0.0070103
0.0080032
0.0015769
0.0032260
-0.0078844
-0.0094861
-0.0099417
-0.0090880
-0.0110795
0.0021077
-0.0031555
0.0064502
-0.0031861
-0.0023902
0.0006562
0.0083524
0.0023618
-0.0018950
0.0044768
-0.0003801
-0.0039483
-0.0035862
-0.0041743
-0.0080486
0.0086640
0.0126656
0.0111625
-0.0014928
0.0133710
0.0139795
0.0000466
-0.0010475
0.0057338
-0.0018223
0.0020975
-0.0138433
-0.0065041
0.0003228
-0.0059922
-0.0010801
0.0073523
0.0184363
0.0112571
0.0041111
0.0020774
-0.0063982
-0.0199450
-0.0223897
-0.0037228
0.0335008
0.0483724
0.0253751
-0.0364124
-0.0719363
-0.0812467
-0.0154610
0.0541644
0.0661242
0.0324616
0.0045072
-0.0256637
-0.0175199
0.0035673
-0.0045001
-0.0136175
0.0021719
-0.0099160
0.0001357
0.0035568
-0.0065966
0.0072308
0.0091413
0.0067968
0.0086499
0.0062493
0.0067637
0.0125187
-0.0011871
-0.0011785
-0.0024765
0.0055187
0.0045765
-0.0074212
0.0075083
-0.0058770
-0.0027792
-0.0098102
0.0048825
0.0094632
0.0026322
-0.0034161
0.0036266
-0.0017402
-0.0105777
0.0054064
-0.0086961
0.0047692
-0.0126441
-0.0013195
0.0002261
0.0082937
0.0041188
0.0038162
0.0095488
0.0058281
0.0005140
-0.0008995
-0.0054049
0.0095334
0.0004624
0.0061735
-0.0027544
-0.0048412
0.0071703
-0.0091065
-0.0070186
0.0078055
0.0005343
0.0016260
-0.0000719
0.0085525
-0.0071783
-0.0092782
0.0035389
-0.0001109
-0.0082159
-0.0090838
-0.0075961
-0.0025166
-0.0073669
0.0102066
-0.0066454
-0.0090965
0.0106976
-0.0066795
-0.0037361
0.0038086
-0.0012919
0.0013211
0.0099150
0.0000175
-0.0094860
0.0004654
-0.0012753
-0.0031206
0.0067226
-0.0011805
0.0039049
0.0004055
0.0017173
0.0064185
-0.0089273
0.0069669
0.0091720
0.0032317
-0.0039964
-0.0107976
-0.0023597
0.0096472
0.0043748
0.0069206
-0.0089437
0.0070838
-0.0083637
0.0078611
0.0105761
-0.0075403
0.0111900
-0.0009661
0.0083509
0.0015592
0.0081573
-0.0084165
0.0007994
0.0076269
-0.0037972
-0.0019713
0.0095744
-0.0074073
0.0018830
-0.0000818
-0.0009676
0.0012981
-0.0031729
0.0115125
0.0086355
0.0063305
-0.0116265
0.0033464
-0.0080630
-0.0104988
-0.0030888
0.0014105
0.0017811
-0.0076142
-0.0023560
0.0126997
-0.0050967
0.0027815
0.0071754
-0.0052471
0.0093028
0.0042472
0.0059243
-0.0036071
-0.0004315
-0.0142321
-0.0130617
-0.0013594
0.0078333
0.0121372
0.0120562
0.0212304
0.0101682
-0.0082366
-0.0022808
-0.0188626
-0.0106627
0.0085732
0.0259462
0.0455362
0.0268311
-0.0294113
-0.0734404
-0.0724335
-0.0098037
0.0688448
0.0700159
0.0286966
-0.0049769
-0.0192530
-0.0160870
0.0052696
-0.0083168
-0.0097189
-0.0126008
0.0048913
0.0010734
0.0096937
-0.0041660
-0.0006364
-0.0074878
-0.0011227
-0.0006329
-0.0064112
-0.0027674
-0.0085726
0.0093986
-0.0112954
-0.0052296
0.0026536
0.0041280
0.0023533
-0.0004877
-0.0071732
0.0042488
-0.0092844
0.0114999
0.0012958
0.0076278
-0.0089716
0.0051613
-0.0025446
0.0008799
0.0017981
0.0027999
0.0012703
-0.0086970
0.0078801
-0.0008487
-0.0064627
0.0065385
-0.0014560
0.0090629
-0.0043604
-0.0080044
-0.0085701
0.0058771
-0.0104123
-0.0106975
0.0058622
0.0102811
0.0067031
0.0023230
0.0066328
0.0095404
-0.0077924
-0.0003331
0.0107939
0.0105557
-0.0045196
-0.0051902
0.0057582
0.0064376
0.0034500
-0.0068555
-0.0053635
-0.0057509
-0.0089908
0.0040851
0.0051240
0.0121491
0.0007058
-0.0028688
0.0089281
-0.0046805
0.0048942
-0.0048983
0.0013384
-0.0065058
-0.0108586
0.0058697
-0.0000243
-0.0045981
-0.0037911
-0.0095913
-0.0079224
-0.0069427
0.0095941
-0.0080925
-0.0067429
-0.0118229
-0.0021536
-0.0012641
-0.0021568
-0.0044034
0.0050530
-0.0028078
-0.0078097
-0.0050980
0.0054811
-0.0020941
-0.0009579
-0.0073980
-0.0014061
-0.0049914
-0.0029971
0.0045053
0.0113767
-0.0015674
-0.0067245
0.0028915
0.0075049
0.0076582
0.0075884
-0.0062036
-0.0126113
-0.0033613
0.0068819
0.0029069
-0.0017497
-0.0005023
-0.0067397
0.0007563
0.0003162
0.0080937
0.0072861
-0.0024576
0.0091548
-0.0106055
0.0003820
0.0034293
-0.0024603
-0.0075746
0.0024397
0.0001706
0.0049437
0.0075799
-0.0020210
0.0030152
0.0015899
0.0127845
0.0002215
-0.0046700
-0.0091206
-0.0019801
-0.0036353
-0.0050237
-0.0038939
-0.0029523
-0.0088918
0.0052397
0.0126521
0.0105029
0.0204199
0.0141422
0.0088074
-0.0099498
-0.0063361
-0.0138743
-0.0218642
0.0131147
0.0342955
0.0517036
-0.0037663
-0.0595447
-0.0722790
-0.0505528
0.0308970
0.0772857
0.0697874
0.0136520
-0.0136758
-0.0249319
-0.0066862
0.0036585
-0.0184321
0.0000120
-0.0055958
0.0099650
0.0112723
0.0019559
0.0003639
0.0012840
0.0043226
-0.0066183
-0.0095779
-0.0002595
0.0013345
0.0085889
-0.0064079
-0.0069708
-0.0041782
-0.0053701
0.0094667
0.0079328
0.0017935
-0.0015982
-0.0058836
0.0016964
-0.0071371
0.0027551
0.0067312
0.0052595
-0.0107534
-0.0002417
0.0015523
0.0043517
-0.0069622
0.0105012
-0.0061973
-0.0015085
-0.0069371
-0.0000267
0.0032746
-0.0006419
0.0076545
0.0005094
0.0111675
-0.0032677
-0.0078532
0.0036819
-0.0046125
-0.0020057
-0.0039331
-0.0040454
-0.0046962
0.0098452
0.0053534
-0.0095728
-0.0100093
-0.0095892
0.0010343
-0.0098624
-0.0009583
-0.0060666
0.0069168
0.0069758
-0.0023244
-0.0045005
0.0014604
-0.0069255
0.0048695
-0.0083714
-0.0121313
-0.0040071
0.0055862
0.0080026
0.0018720
0.0010578
-0.0020474
-0.0012143
-0.0014186
0.0053203
0.0038314
-0.0041912
-0.0024490
0.0060909
-0.0087199
0.0010315
-0.0036587
0.0007584
0.0101158
0.0071516
0.0099236
0.0051491
-0.0015748
0.0081151
-0.0014070
0.0022787
-0.0084377
-0.0032080
0.0041922
-0.0080708
0.0013481
0.0012226
-0.0086669
-0.0089286
0.0061312
0.0064341
-0.0011227
0.0111844
-0.0007113
-0.0013830
0.0099840
0.0026393
0.0087354
0.0069866
-0.0054553
-0.0013624
0.0065298
-0.0068112
0.0087380
0.0065964
-0.0086494
-0.0011192
0.0006838
0.0126758
-0.0013094
0.0006261
0.0038099
0.0011493
0.0008811
-0.0002467
-0.0037688
-0.0037461
-0.0008439
-0.0062863
0.0005514
-0.0103008
0.0037863
0.0061185
-0.0056823
0.0067983
0.0069100
-0.0055347
0.0141273
0.0080105
0.0014822
-0.0047626
-0.0009287
-0.0008117
-0.0133630
-0.0122048
-0.0069521
0.0049981
0.0184456
0.0189212
0.0069256
-0.0103771
-0.0154113
-0.0120285
-0.0077416
-0.0100005
0.0057398
0.0369981
0.0595628
0.0146930
-0.0466445
-0.0895019
-0.0818421
-0.0051890
0.0687047
0.0853020
0.0336279
-0.0014771
-0.0194398
-0.0038058
0.0000831
-0.0002515
-0.0084106
-0.0126556
-0.0093882
-0.0017614
0.0076242
-0.0021304
0.0045379
0.0109456
0.0110616
-0.0042731
0.0002737
0.0038836
0.0010712
0.0044116
-0.0014147
0.0090735
0.0003239
0.0072757
-0.0036521
0.0007553
0.0053467
0.0015511
0.0019882
0.0040835
-0.0013944
-0.0032507
-0.0056343
0.0002340
0.0049926
0.0074849
0.0084291
-0.0067678
-0.0070968
0.0074639
-0.0111216
0.0025695
0.0085859
0.0027957
-0.0079713
-0.0032290
-0.0068623
-0.0070648
0.0107532
-0.0008880
0.0079809
0.0014513
-0.0081632
0.0066198
0.0089013
0.0013035
-0.0049800
0.0091782
0.0107667
-0.0038648
0.0034975
0.0069414
-0.0095558
0.0031395
-0.0100679
0.0006998
0.0045452
0.0104943
0.0032657
0.0024218
0.0097384
-0.0085568
-0.0035817
0.0086067
-0.0017851
0.0078811
-0.0047268
0.0096494
-0.0062779
-0.0008563
0.0031525
0.0082795
0.0075100
-0.0027746
-0.0040155
-0.0080452
-0.0006430
-0.0025727
0.0058252
-0.0008832
0.0089118
0.0062554
0.0025698
-0.0061121
-0.0014554
0.0016933
0.0015767
0.0065998
-0.0004845
-0.0027751
0.0007591
-0.0108482
-0.0092202
0.0002868
-0.0065772
0.0014279
-0.0017746
-0.0088797
0.0051288
-0.0057380
0.0020317
0.0077988
-0.0094305
0.0051841
-0.0068620
-0.0045405
0.0081606
-0.0085882
-0.0002074
0.0007092
-0.0084771
-0.0054827
-0.0054963
-0.0003280
-0.0064394
-0.0056517
0.0033231
0.0078704
0.0007020
-0.0009597
-0.0080866
0.0032417
0.0060732
-0.0092344
-0.0145480
-0.0075760
0.0037731
0.0078570
0.0044266
0.0031585
0.0110791
-0.0011313
0.0072157
0.0002974
0.0019403
-0.0082673
0.0081714
-0.0097178
-0.0129198
-0.0070800
-0.0045257
-0.0084215
0.0074724
0.0016996
0.0120951
0.0090949
0.0015739
0.0011784
-0.0034309
-0.0026974
-0.0090796
-0.0141553
0.0010872
0.0378407
0.0611092
0.0158768
-0.0535224
-0.0903298
-0.0781170
-0.0174250
0.0515541
0.0816961
0.0433388
-0.0039941
-0.0127254
-0.0014238
-0.0110440
-0.0149249
-0.0109457
-0.0071426
0.0080820
-0.0087466
0.0015157
-0.0054950
0.0005627
-0.0015672
-0.0049546
0.0013741
-0.0017381
-0.0015466
0.0082448
-0.0066510
0.0069844
0.0075230
0.0074422
-0.0010869
0.0080622
0.0048897
-0.0056325
-0.0104987
-0.0028705
0.0073814
0.0014170
0.0063699
0.0013751
0.0000139
0.0104855
0.0047643
-0.0066097
-0.0005682
0.0086362
-0.0078498
0.0020117
-0.0072581
0.0094520
-0.0037728
-0.0058690
0.0008259
0.0072310
-0.0064611
-0.0057639
-0.0102482
0.0093191
-0.0082813
0.0064778
0.0028544
-0.0005214
-0.0045567
-0.0031097
-0.0054535
-0.0011396
0.0061491
-0.0023820
0.0083877
0.0097964
-0.0007195
-0.0097170
-0.0093992
0.0010261
0.0046015
-0.0085531
-0.0030982
-0.0067049
0.0091287
0.0050265
-0.0028159
0.0005304
-0.0066774
0.0113168
0.0076021
0.0082683
0.0005083
-0.0097287
0.0020826
0.0045449
-0.0055611
-0.0056276
0.0049318
-0.0039829
-0.0009718
-0.0004763
-0.0001364
-0.0040653
0.0048805
-0.0069658
-0.0093886
0.0040392
0.0081841
-0.0095780
-0.0055110
0.0055559
-0.0089130
0.0088038
0.0007928
0.0058516
-0.0057675
0.0034838
0.0091557
-0.0006330
-0.0070647
-0.0012785
-0.0093181
0.0017981
0.0044268
0.0001054
0.0038031
0.0103441
-0.0081733
0.0080933
0.0001386
0.0076084
-0.0080793
0.0021261
-0.0107536
-0.0070020
0.0095454
-0.0054176
0.0100236
0.0009926
-0.0037334
-0.0018205
0.0058112
0.0040261
-0.0068373
0.0031649
0.0044516
0.0032789
-0.0156990
-0.0064698
0.0025119
0.0112496
-0.0010616
0.0020795
-0.0006964
-0.0016656
0.0123860
0.0020401
-0.0012958
0.0004033
0.0031141
-0.0041666
-0.0088418
-0.0099172
-0.0111861
0.0004986
0.0128102
0.0104422
0.0035543
0.0018905
0.0050789
-0.0095444
-0.0258011
-0.0084679
0.0208818
0.0557718
0.0561966
0.0157125
-0.0666228
-0.0886587
-0.0527180
0.0130305
0.0719954
0.0654137
0.0192751
-0.0149934
-0.0257858
-0.0065666
-0.0005768
-0.0080959
-0.0065986
-0.0112857
0.0025981
0.0050191
-0.0092280
0.0071508
-0.0055849
-0.0002936
0.0058227
0.0013148
-0.0022814
0.0082212
0.0027510
-0.0015000
0.0085115
-0.0078288
-0.0088644
0.0002234
0.0055805
0.0015445
-0.0076412
0.0079872
0.0062737
-0.0019703
0.0016117
-0.0028669
-0.0092450
-0.0051266
0.0099058
0.0116536
-0.0096877
-0.0012182
-0.0000073
0.0079460
-0.0075437
-0.0027347
0.0062870
0.0035094
-0.0065678
-0.0055963
0.0005651
-0.0039636
-0.0030949
-0.0066420
0.0083041
-0.0074684
-0.0026128
0.0038503
0.0067216
0.0074471
0.0089883
0.0076013
-0.0047958
-0.0027831
0.0111350
-0.0068227
-0.0094171
-0.0084346
0.0044116
0.0027422
0.0070874
-0.0110526
0.0077532
-0.0067885
0.0055940
-0.0058036
0.0045088
0.0020028
-0.0089703
-0.0062662
0.0008942
0.0092255
0.0058487
-0.0051720
0.0065217
-0.0103297
-0.0094712
0.0019963
0.0090574
-0.0044837
0.0038844
-0.0009139
0.0056427
-0.0102042
-0.0023834
0.0093277
0.0103405
-0.0094845
0.0046410
0.0079414
0.0047071
0.0065915
0.0000598
0.0026310
0.0004521
0.0120124
0.0020739
-0.0008185
-0.0027545
0.0016338
0.0023704
-0.0096151
-0.0072445
-0.0095026
-0.0026665
-0.0049647
-0.0046075
0.0058536
0.0075323
0.0028166
-0.0041012
-0.0096276
-0.0099775
0.0061945
-0.0090626
-0.0007813
-0.0086959
0.0083297
-0.0106079
-0.0039185
-0.0048141
0.0126237
0.0060893
-0.0072809
-0.0021018
-0.0039921
-0.0056743
0.0058643
-0.0093071
0.0011200
-0.0159695
0.0012005
-0.0104528
-0.0022657
-0.0033408
0.0117038
0.0040462
0.0158769
0.0019465
0.0026879
0.0032621
-0.0166430
-0.0066092
-0.0075630
-0.0122658
-0.0085307
-0.0111062
0.0031476
0.0174771
0.0245812
0.0155684
0.0069020
0.0004512
-0.0163256
-0.0196070
-0.0186823
-0.0087242
0.0080221
0.0500580
0.0491325
0.0069292
-0.0679350
-0.0878164
-0.0314258
0.0315111
0.0733381
0.0615838
0.0109736
-0.0247982
-0.0227964
-0.0132626
-0.0102648
-0.0168901
-0.0112485
-0.0029469
-0.0074094
-0.0009256
-0.0035973
