-0.0077345
0.0081737
0.0082219
-0.0024711
0.0000868
-0.0065655
-0.0025062
-0.0004431
0.0083322
0.0069439
-0.0078844
0.0087877
0.0044949
0.0086391
0.0096770
0.0103163
-0.0016348
-0.0020206
0.0034657
0.0071431
-0.0032446
0.0042172
-0.0047177
-0.0088225
-0.0017595
0.0058486
-0.0047747
-0.0041562
0.0005632
-0.0050162
-0.0001551
0.0074400
-0.0025577
-0.0084097
-0.0061460
0.0077239
-0.0047118
-0.0066581
-0.0017665
-0.0083031
-0.0104925
-0.0022888
0.0076555
0.0085064
0.0033493
-0.0053254
0.0077222
-0.0012333
0.0090140
0.0029680
-0.0027344
0.0001319
-0.0076640
-0.0114922
-0.0132922
-0.0006544
-0.0087407
0.0001569
0.0007019
0.0111307
0.0127326
0.0210331
0.0080438
0.0015739
0.0037063
-0.0073054
-0.0128227
-0.0098365
0.0024132
0.0299204
0.0509737
0.0186672
-0.0460160
-0.0853427
-0.0660819
0.0024288
0.0723451
0.0982027
0.0335361
-0.0192233
-0.0394433
-0.0176527
-0.0030431
0.0020563
-0.0106235
-0.0171575
-0.0048992
0.0111178
0.0152403
-0.0035053
-0.0024837
0.0058943
0.0012540
0.0083104
0.0060866
0.0094713
-0.0084626
-0.0096772
-0.0088966
-0.0070863
0.0034865
-0.0071365
-0.0014328
0.0023870
0.0042793
-0.0031634
0.0118387
-0.0033175
0.0059162
-0.0001233
-0.0072622
-0.0082355
0.0047878
0.0051238
0.0055936
0.0047906
-0.0023035
-0.0081024
0.0101761
0.0081103
-0.0002394
-0.0017280
0.0098617
-0.0043413
0.0000864
0.0078655
0.0010386
-0.0001885
0.0092125
0.0076387
0.0097067
0.0123676
0.0015373
-0.0012593
-0.0052155
-0.0019945
0.0022348
-0.0066300
-0.0032896
0.0090683
-0.0011738
-0.0025675
0.0025292
-0.0083851
-0.0007088
-0.0050983
0.0092196
-0.0036972
-0.0016155
0.0026225
0.0006475
-0.0110610
0.0010494
-0.0042380
0.0035530
-0.0079525
-0.0016081
-0.0041750
0.0005189
-0.0080637
-0.0089112
-0.0007005
-0.0053137
-0.0003699
0.0098425
-0.0079630
-0.0043223
0.0038542
-0.0044764
-0.0040755
-0.0099611
-0.0038500
-0.0083544
0.0000045
0.0017165
-0.0020772
0.0039860
-0.0016805
0.0095175
0.0039310
-0.0049219
-0.0017772
-0.0082552
0.0011820
-0.0055897
-0.0026688
-0.0040662
0.0033729
-0.0062555
-0.0081632
-0.0124885
-0.0092758
-0.0008067
-0.0066630
-0.0079487
0.0031351
-0.0038553
-0.0079899
-0.0051990
-0.0022476
0.0058062
0.0043660
-0.0097301
-0.0040047
-0.0082623
0.0010315
-0.0093187
0.0008697
-0.0042530
-0.0039599
0.0016234
-0.0001935
-0.0006309
0.0095535
0.0160708
0.0110037
0.0080308
-0.0072725
0.0056023
-0.0074707
-0.0085762
0.0008191
-0.0158591
-0.0008037
-0.0009687
0.0076784
0.0011276
0.0094705
0.0250178
0.0134136
0.0101381
0.0002127
-0.0105348
-0.0227176
-0.0144762
-0.0047153
0.0236696
0.0303451
0.0085632
-0.0486558
-0.0695493
-0.0398763
0.0404339
0.0822063
0.0732808
0.0286605
-0.0417783
-0.0343392
-0.0289873
-0.0019840
-0.0095189
-0.0021215
0.0049563
0.0085939
0.0136597
0.0113870
0.0080179
0.0005070
0.0073997
0.0060121
-0.0041233
-0.0039283
0.0058734
-0.0052132
-0.0077739
-0.0121953
0.0050076
0.0090306
-0.0067732
-0.0000618
-0.0015910
-0.0086253
-0.0058992
-0.0000027
-0.0069493
-0.0057965
-0.0025026
-0.0033944
0.0055167
-0.0004601
-0.0037718
-0.0015986
0.0061651
-0.0070627
0.0032001
-0.0069456
0.0048448
0.0078429
0.0078140
-0.0095856
0.0025719
0.0056021
0.0025533
0.0109911
0.0030540
0.0080116
-0.0006338
0.0024470
-0.0079009
0.0049187
0.0090000
-0.0023573
-0.0017881
0.0008059
-0.0114679
0.0004610
0.0075442
-0.0037886
0.0085404
0.0127077
-0.0066884
0.0098050
0.0074043
-0.0059067
-0.0086536
-0.0063547
0.0072982
-0.0081277
0.0020586
0.0079746
-0.0062380
0.0019539
-0.0017957
-0.0018492
-0.0077611
0.0050674
-0.0053218
-0.0055535
0.0068917
0.0102349
-0.0024119
-0.0028393
0.0041875
0.0045175
0.0025296
0.0003724
0.0050231
0.0038663
-0.0008508
0.0011672
-0.0004484
0.0021739
-0.0045379
-0.0044305
0.0069304
0.0023590
-0.0052049
0.0036233
0.0061551
0.0018520
-0.0111070
0.0090675
-0.0041884
-0.0035091
-0.0051795
-0.0009959
-0.0067289
0.0067164
-0.0043567
0.0036484
-0.0020466
0.0010637
-0.0057642
0.0061212
0.0020296
-0.0065891
-0.0024141
0.0069316
0.0112280
0.0115005
0.0034295
0.0071508
0.0092774
0.0096870
-0.0080623
-0.0039264
-0.0110636
-0.0055071
0.0038489
-0.0003293
-0.0100939
-0.0086549
-0.0064627
-0.0030283
0.0106004
-0.0000521
-0.0058763
0.0034511
0.0020634
-0.0076782
-0.0049947
-0.0122865
-0.0136412
-0.0006742
0.0044453
-0.0074546
-0.0024709
0.0031286
0.0038419
0.0028286
0.0129759
-0.0004213
0.0008816
-0.0003458
-0.0049647
-0.0177615
-0.0150129
-0.0012170
0.0212893
0.0457548
0.0170445
-0.0419982
-0.0853578
-0.0669262
-0.0046156
0.0685909
0.0850822
0.0436301
-0.0098864
-0.0338881
-0.0214223
-0.0054983
-0.0052331
-0.0176789
-0.0170043
-0.0107734
0.0116803
0.0124006
0.0099319
-0.0044703
0.0113100
-0.0028535
0.0007336
-0.0039023
0.0079445
0.0041225
-0.0017475
-0.0073823
0.0084442
-0.0056286
-0.0057094
0.0004907
-0.0046988
-0.0002324
-0.0054918
0.0081795
0.0027622
-0.0076524
0.0020358
-0.0069031
0.0077038
0.0088880
-0.0040921
-0.0061578
0.0019789
-0.0089000
0.0041358
-0.0041622
-0.0012532
0.0066975
-0.0001543
-0.0043901
0.0083180
-0.0098117
-0.0094159
0.0074362
0.0047614
-0.0037663
-0.0091453
-0.0006622
0.0091075
0.0050800
0.0078729
0.0092599
0.0033533
-0.0035045
0.0000462
0.0070318
0.0023701
-0.0006933
0.0039566
0.0030703
0.0004886
0.0001617
-0.0025473
-0.0041825
0.0073415
-0.0074284
0.0081509
-0.0059629
0.0011355
0.0053012
0.0113165
0.0002587
0.0043336
-0.0089183
-0.0103010
-0.0035709
0.0072620
0.0093690
0.0074755
0.0060220
0.0052262
0.0107013
-0.0075651
0.0002378
-0.0049532
-0.0082732
0.0046351
0.0106436
0.0100662
0.0091137
0.0100456
-0.0106196
0.0027428
-0.0017354
-0.0098981
0.0091454
-0.0097268
0.0072552
0.0002904
-0.0013400
-0.0022499
0.0076798
0.0003243
-0.0118363
-0.0015517
-0.0004779
-0.0075398
-0.0046431
-0.0045764
-0.0010983
-0.0098615
0.0014010
0.0074104
-0.0004637
-0.0038243
-0.0041115
0.0101186
0.0036531
-0.0011556
-0.0053523
0.0085422
0.0039802
-0.0045278
0.0069471
-0.0069824
-0.0059720
-0.0004762
-0.0068564
0.0009207
0.0101378
0.0037702
0.0138151
-0.0044353
0.0127920
0.0078322
-0.0039645
-0.0091108
0.0033898
-0.0156271
-0.0159176
-0.0074400
-0.0138211
0.0041587
0.0053175
-0.0063076
0.0074457
0.0013717
0.0193209
0.0072634
0.0003399
0.0017080
-0.0088198
-0.0080778
-0.0143253
0.0116191
0.0421504
0.0367092
-0.0239146
-0.0695489
-0.0702885
-0.0216195
0.0623100
0.0789241
0.0487658
0.0058348
-0.0262979
-0.0180105
-0.0041197
-0.0101749
-0.0131475
-0.0005492
-0.0096457
0.0103942
0.0134116
0.0081509
0.0054274
-0.0015230
0.0021483
0.0070122
0.0003095
0.0014445
-0.0030525
0.0025418
-0.0078567
-0.0129725
-0.0116859
-0.0009559
-0.0052941
-0.0036353
-0.0083578
0.0029396
0.0017284
0.0075480
0.0059969
-0.0043462
0.0014880
0.0025608
-0.0034499
-0.0096630
-0.0085169
0.0073471
-0.0061487
0.0074390
0.0025134
0.0076618
-0.0013733
0.0015017
-0.0046239
-0.0067648
-0.0000375
0.0052796
0.0096176
-0.0012315
-0.0023929
0.0004076
-0.0000164
-0.0029463
0.0033149
0.0025528
-0.0073873
-0.0098225
-0.0047047
-0.0081682
0.0024977
-0.0013919
-0.0078794
-0.0080820
-0.0075442
-0.0052141
-0.0096661
-0.0030671
-0.0004691
0.0037827
0.0049044
0.0058514
-0.0025079
-0.0111174
0.0047104
-0.0071954
0.0022690
0.0106122
0.0111986
0.0018797
0.0017597
-0.0010331
0.0008922
0.0029990
-0.0063947
-0.0068956
0.0083174
0.0006721
0.0096489
-0.0065183
0.0032648
0.0131651
0.0008491
-0.0023712
0.0030632
-0.0004640
0.0037069
-0.0088566
-0.0042912
0.0043163
-0.0001803
0.0025860
0.0007833
0.0074818
0.0070916
-0.0013203
0.0069004
-0.0058355
0.0013748
0.0064216
-0.0015379
-0.0059326
0.0114057
-0.0017708
-0.0011558
0.0009196
-0.0099047
-0.0056092
0.0071783
-0.0003652
-0.0019332
0.0079273
0.0082524
0.0057184
-0.0067295
0.0087995
0.0116360
0.0073696
0.0019528
0.0074063
-0.0128429
0.0039217
-0.0016419
0.0009433
-0.0024875
-0.0126782
-0.0113355
-0.0067379
-0.0001311
0.0057949
0.0004401
0.0070389
0.0033355
-0.0022291
0.0070950
-0.0094799
-0.0103198
-0.0178780
-0.0034546
-0.0112888
-0.0108812
-0.0086950
0.0155600
0.0087652
0.0151193
-0.0014181
0.0002705
-0.0092403
-0.0071589
-0.0201936
-0.0046566
0.0218915
0.0500605
0.0421239
-0.0172319
-0.0622705
-0.0703515
-0.0331383
0.0565281
0.0855418
0.0588432
0.0046455
-0.0375232
-0.0195907
-0.0145215
-0.0099153
-0.0097820
-0.0106760
-0.0009021
0.0106680
0.0067303
0.0123639
-0.0067303
-0.0037876
0.0075896
0.0012323
0.0085382
-0.0078487
-0.0059801
0.0035439
0.0029302
-0.0092128
0.0063944
0.0047557
-0.0020395
0.0092402
-0.0005332
0.0087065
-0.0073352
-0.0057491
0.0018246
-0.0059965
0.0079701
-0.0079029
0.0078799
0.0043163
0.0012287
-0.0001167
0.0039573
-0.0027049
-0.0118807
-0.0045371
0.0068718
-0.0041122
-0.0046919
0.0001627
0.0067057
0.0019012
-0.0047791
0.0010881
0.0011924
0.0079718
0.0051555
0.0018979
0.0106091
-0.0071266
0.0014722
-0.0093299
-0.0022526
-0.0011718
0.0081480
-0.0030272
0.0103977
-0.0028983
0.0052260
0.0002515
-0.0085733
-0.0013976
0.0045760
-0.0042139
-0.0068856
0.0023466
0.0090734
-0.0078250
-0.0031042
0.0054039
0.0113279
0.0090747
0.0025471
-0.0015464
-0.0042292
-0.0024533
-0.0032435
-0.0040623
-0.0080662
-0.0070181
0.0130701
0.0107035
0.0001630
0.0028060
0.0044016
0.0079650
0.0001662
-0.0021185
-0.0053304
-0.0083840
0.0055895
0.0089091
0.0071800
-0.0024240
-0.0024333
-0.0009482
0.0026986
-0.0037357
0.0015802
-0.0051304
0.0038647
0.0065960
-0.0048903
-0.0029579
-0.0067894
-0.0118332
0.0037687
0.0022469
-0.0085308
0.0068315
-0.0009747
0.0053015
0.0013892
-0.0054181
-0.0127026
-0.0069214
-0.0069959
-0.0051787
-0.0032774
0.0078046
0.0017311
0.0121766
0.0005093
-0.0087810
-0.0030626
0.0017046
-0.0080935
-0.0111337
0.0033176
-0.0085146
-0.0119820
-0.0069714
0.0011462
0.0018469
-0.0076328
0.0041479
0.0146814
0.0005708
-0.0000666
-0.0066603
-0.0005085
0.0037365
-0.0119220
-0.0049173
0.0003304
-0.0121125
0.0013459
-0.0033693
0.0119464
0.0063240
0.0250854
0.0146191
0.0101458
-0.0039470
-0.0120999
-0.0190742
-0.0266539
-0.0138005
0.0222519
0.0364352
0.0243477
-0.0393393
-0.0773746
-0.0517480
0.0248703
0.0740568
0.0820844
0.0303151
-0.0218513
-0.0378957
-0.0289904
-0.0205258
-0.0126425
-0.0170024
0.0029099
0.0073066
0.0149351
-0.0051878
0.0124190
0.0011576
-0.0003713
0.0074078
0.0021982
-0.0087109
-0.0091896
0.0067196
0.0084725
-0.0094393
0.0063977
-0.0058251
-0.0017872
0.0041057
-0.0059246
0.0042755
-0.0016004
0.0108431
0.0029431
-0.0084545
-0.0042105
0.0085533
-0.0102575
-0.0063470
-0.0081294
-0.0048259
0.0000680
0.0040510
-0.0011858
0.0009344
-0.0000422
0.0034620
0.0096776
0.0118617
0.0024835
-0.0084282
-0.0025978
0.0011300
-0.0020559
-0.0095585
0.0025238
0.0019928
-0.0000176
0.0067293
-0.0059989
-0.0010660
0.0000809
0.0076963
0.0072578
-0.0072774
-0.0081129
-0.0085934
0.0066289
0.0070802
-0.0035761
-0.0057433
0.0136216
0.0106619
-0.0021873
-0.0005974
0.0006344
0.0104826
0.0001018
-0.0082545
-0.0009509
-0.0097101
0.0079398
-0.0047749
-0.0069394
-0.0045355
0.0000394
0.0011963
-0.0099259
-0.0030001
0.0065522
-0.0016427
0.0005521
-0.0011530
-0.0018574
0.0046633
0.0084297
0.0084773
-0.0027374
-0.0028406
-0.0015440
0.0077437
0.0101336
0.0079620
-0.0063983
0.0063076
-0.0006668
-0.0027859
0.0040734
0.0074743
0.0099616
-0.0068791
0.0010971
0.0053712
0.0024251
0.0060837
-0.0102468
-0.0037311
0.0025977
-0.0067606
0.0099424
-0.0055067
-0.0099801
-0.0069445
0.0035833
0.0067835
0.0072358
0.0042879
0.0013938
-0.0047028
0.0131494
-0.0016066
0.0105691
-0.0083949
0.0054418
0.0079179
0.0050112
-0.0046881
-0.0142456
0.0045391
0.0009219
-0.0046840
0.0009777
-0.0065764
0.0040090
-0.0033465
0.0086406
0.0147207
0.0081419
-0.0054628
0.0020871
-0.0137007
-0.0041099
-0.0096027
-0.0066155
-0.0137274
-0.0057285
-0.0045884
-0.0006180
0.0042790
0.0055723
0.0018519
0.0097441
-0.0044921
-0.0167842
-0.0164163
-0.0082247
0.0178552
0.0517192
0.0337399
-0.0256118
-0.0746803
-0.0757683
-0.0025643
0.0629864
0.0885588
0.0361061
0.0000449
-0.0334058
-0.0178908
-0.0194628
-0.0171573
-0.0155890
-0.0064083
-0.0099971
0.0074511
0.0046519
0.0083942
0.0040633
-0.0036324
0.0112562
-0.0039459
-0.0076046
-0.0096311
-0.0017402
-0.0123571
0.0037943
-0.0071658
-0.0063937
0.0078979
0.0102024
0.0030554
0.0079029
0.0024972
0.0022277
-0.0063472
0.0013750
-0.0053026
0.0049333
-0.0014174
-0.0093599
-0.0071533
0.0050384
0.0067707
0.0012159
0.0070831
-0.0055474
-0.0044092
-0.0080604
-0.0015354
-0.0030185
0.0050381
0.0093035
0.0009364
0.0062159
0.0012953
0.0075658
0.0038602
-0.0047156
0.0081344
-0.0024345
-0.0059336
0.0084694
-0.0065635
0.0077643
-0.0036538
0.0042291
-0.0062455
0.0064979
-0.0044091
-0.0019642
-0.0042427
-0.0001972
-0.0051142
0.0039596
0.0016071
0.0040387
0.0088208
-0.0098664
-0.0090276
-0.0030923
0.0034652
0.0071770
0.0000612
0.0044607
-0.0086097
-0.0084717
-0.0080070
0.0051942
-0.0094649
0.0093109
0.0041613
0.0074141
-0.0082797
-0.0035917
0.0068426
-0.0040456
0.0057788
-0.0005323
0.0089278
-0.0027629
-0.0042609
-0.0008643
-0.0087438
-0.0106950
-0.0024679
-0.0087950
-0.0050633
-0.0012900
-0.0084897
0.0027962
0.0023146
0.0059294
0.0033370
0.0044316
-0.0034524
0.0076057
0.0080228
0.0041345
-0.0001591
0.0019070
-0.0129509
-0.0046727
0.0086500
-0.0049018
0.0104141
-0.0087148
0.0094367
-0.0006299
0.0041427
-0.0074308
-0.0020499
0.0054076
0.0086325
-0.0056701
-0.0066316
-0.0030368
-0.0043653
-0.0134987
-0.0114468
-0.0126400
-0.0020580
-0.0008030
0.0032731
0.0041035
-0.0024497
0.0004625
0.0076271
0.0048608
-0.0089611
-0.0090494
0.0006794
-0.0141116
-0.0086661
-0.0006256
-0.0023724
-0.0135387
