-0.0205478
0.0153863
0.0455436
0.0584851
0.0337746
-0.0172124
-0.0714472
-0.0629427
-0.0105363
0.0156926
0.0231216
0.0184855
-0.0042953
-0.0043334
0.0047332
0.0052798
0.0064585
0.0032364
-0.0079040
-0.0080380
-0.0083379
-0.0043429
0.0036797
0.0057307
0.0041867
0.0036638
0.0018615
0.0052491
-0.0047237
0.0070193
0.0062155
-0.0025093
0.0064350
-0.0080523
-0.0047354
0.0072585
-0.0067280
0.0045383
-0.0054399
0.0007612
-0.0031373
0.0068571
-0.0017295
-0.0095670
-0.0010346
0.0075986
0.0072475
-0.0024719
-0.0049808
0.0059134
0.0080189
0.0017698
-0.0035645
0.0023291
-0.0042627
0.0070405
0.0053427
0.0064300
0.0035886
0.0046871
0.0054183
0.0007331
0.0081374
-0.0003601
-0.0069420
-0.0048179
0.0015142
0.0055984
0.0032212
-0.0059182
0.0059435
-0.0040092
-0.0003279
0.0034819
0.0004018
-0.0021405
-0.0062010
0.0105112
-0.0055510
0.0064109
-0.0009913
0.0041801
0.0067627
-0.0020819
-0.0017639
-0.0036941
-0.0092461
0.0085371
0.0060159
0.0085028
0.0011100
-0.0002221
0.0049940
0.0071465
0.0007813
-0.0030887
0.0054002
-0.0079718
-0.0063482
0.0004426
0.0029318
-0.0012007
-0.0066375
0.0024904
0.0051225
-0.0050286
-0.0047518
-0.0044250
0.0026738
-0.0017352
0.0014310
-0.0012834
0.0066169
-0.0045563
-0.0076842
0.0059742
0.0049411
-0.0085804
-0.0082143
0.0038982
-0.0057648
-0.0037039
0.0065670
-0.0005631
-0.0021274
-0.0056976
-0.0041807
-0.0055750
-0.0041518
-0.0030706
-0.0073864
-0.0010198
-0.0085309
-0.0027212
-0.0010498
-0.0021355
0.0049997
0.0022869
-0.0081641
0.0002952
0.0011140
0.0027113
-0.0005157
0.0066368
0.0039605
-0.0003677
-0.0005218
-0.0034058
-0.0059718
-0.0060731
0.0043422
-0.0009739
-0.0117710
0.0033270
-0.0134737
-0.0002138
0.0060224
0.0038286
0.0085758
0.0068310
0.0012869
0.0086984
0.0041161
-0.0069247
-0.0096546
0.0008440
-0.0015734
0.0027088
-0.0019779
-0.0094915
-0.0035539
0.0059570
0.0148327
0.0120590
0.0152337
0.0014965
-0.0016622
-0.0096782
-0.0162942
-0.0330154
-0.0200944
-0.0008448
0.0267772
0.0671728
0.0492176
0.0120276
-0.0445661
-0.0730118
-0.0373707
0.0140567
0.0339063
0.0267960
0.0002266
-0.0043642
0.0001747
-0.0019173
-0.0028065
-0.0048834
-0.0093327
-0.0020091
-0.0052849
-0.0044259
0.0011056
-0.0100752
-0.0091392
-0.0093803
-0.0061772
0.0020736
-0.0038441
-0.0038054
-0.0013303
-0.0039443
0.0045538
-0.0080832
0.0030917
0.0027349
0.0090151
-0.0080617
-0.0012519
0.0025237
-0.0067090
0.0021940
0.0003601
0.0087451
0.0000605
-0.0018455
-0.0012233
0.0081486
-0.0090210
0.0072401
-0.0074703
-0.0043332
-0.0021437
0.0012593
-0.0067840
-0.0008311
0.0055602
-0.0009123
0.0076377
0.0039502
0.0090845
0.0002666
-0.0059081
-0.0007573
0.0004394
-0.0063805
-0.0078250
-0.0038715
-0.0054715
0.0053765
-0.0067570
-0.0067027
-0.0052783
0.0089944
-0.0017495
-0.0065340
-0.0071952
0.0015413
-0.0049481
-0.0071634
-0.0068244
-0.0013668
0.0083806
0.0030331
-0.0068748
0.0016507
-0.0081335
-0.0011633
-0.0063765
0.0002696
-0.0038598
-0.0040958
0.0029307
0.0041162
-0.0034621
-0.0053041
-0.0051796
0.0059396
-0.0038325
-0.0015079
0.0020688
-0.0089157
0.0027587
-0.0022431
-0.0045144
-0.0020392
0.0049854
0.0007363
0.0081954
-0.0022099
-0.0044598
-0.0077529
-0.0034818
0.0017842
-0.0023307
-0.0078322
0.0066190
0.0039008
0.0061455
-0.0030308
0.0074746
-0.0036214
-0.0042117
0.0008005
-0.0022017
-0.0078997
-0.0051716
0.0081022
-0.0057174
-0.0067255
0.0003708
-0.0082709
-0.0027371
-0.0055413
0.0068353
-0.0045847
0.0073031
0.0081801
-0.0045178
-0.0088027
0.0013526
-0.0065565
-0.0065218
0.0078444
0.0104200
-0.0066306
0.0037376
0.0068068
-0.0012874
0.0074445
-0.0038629
-0.0019036
-0.0073097
-0.0097310
-0.0032106
-0.0042818
0.0012480
0.0087131
0.0040218
-0.0044153
0.0032956
-0.0039001
0.0036307
0.0041019
-0.0066827
-0.0080933
-0.0053415
0.0004632
0.0024743
-0.0032513
-0.0082623
-0.0022177
0.0021937
0.0038601
0.0072339
0.0066326
-0.0014600
-0.0068025
-0.0282737
-0.0219082
-0.0187059
-0.0126650
0.0073777
0.0613871
0.0690248
0.0383972
-0.0278598
-0.0656326
-0.0574185
-0.0097716
0.0184557
0.0281069
0.0007249
-0.0025977
0.0002558
0.0096231
0.0139284
0.0006561
0.0055983
-0.0063972
-0.0008681
0.0073193
-0.0035621
-0.0116392
-0.0079017
0.0044221
-0.0092037
0.0057758
0.0044141
-0.0027454
-0.0071440
0.0033186
-0.0019178
0.0063683
0.0005818
-0.0032221
-0.0029308
0.0043233
-0.0041708
0.0043832
0.0042731
0.0054521
-0.0044045
0.0034947
-0.0065881
0.0027460
0.0021518
-0.0016056
-0.0019481
-0.0038302
0.0009767
0.0030198
0.0054737
-0.0009748
0.0097248
0.0050613
0.0014413
-0.0035791
0.0026693
0.0079669
0.0009253
0.0012912
-0.0037961
-0.0058014
-0.0064227
0.0041725
0.0080301
-0.0061984
-0.0082752
0.0046951
-0.0071738
0.0060443
0.0026474
0.0016941
-0.0040326
-0.0046857
-0.0085349
-0.0098776
-0.0089552
-0.0092023
-0.0013075
0.0036669
0.0083223
0.0084937
0.0083143
-0.0000327
0.0026303
0.0029747
-0.0076049
-0.0088910
-0.0009905
0.0023647
-0.0057382
0.0000034
0.0076914
-0.0041850
-0.0070952
-0.0049558
-0.0012053
-0.0035562
-0.0067044
0.0081851
-0.0021772
0.0048074
-0.0008456
-0.0074909
0.0051514
-0.0065030
0.0006815
-0.0003735
0.0045299
0.0031293
-0.0017273
-0.0071977
0.0045979
0.0013287
-0.0083872
0.0002132
-0.0021324
0.0083762
-0.0052421
-0.0042932
0.0044726
-0.0055041
-0.0008662
-0.0038661
-0.0088654
0.0071535
0.0028091
-0.0065340
-0.0002324
0.0093834
-0.0047463
0.0059591
-0.0042398
0.0055735
0.0014222
0.0041393
0.0080942
-0.0005987
0.0079275
0.0078468
0.0049325
0.0005908
-0.0020014
-0.0021793
0.0069741
0.0027571
0.0088272
-0.0058724
-0.0003015
-0.0069364
0.0056998
0.0076147
-0.0090865
-0.0070784
-0.0099084
0.0004992
-0.0012983
0.0094280
0.0078319
0.0103140
0.0085083
-0.0023826
0.0056974
0.0021093
0.0015229
-0.0006396
-0.0078935
-0.0010758
-0.0019196
-0.0074478
-0.0055936
0.0065511
0.0125205
0.0114988
0.0074472
0.0025232
-0.0110738
-0.0231608
-0.0247809
-0.0304857
-0.0235369
0.0054943
0.0355485
0.0613081
0.0525105
-0.0029867
-0.0531411
-0.0653241
-0.0286363
0.0164882
0.0380878
0.0193292
-0.0050712
-0.0066182
-0.0037302
0.0049934
0.0068258
-0.0073958
-0.0013260
0.0110070
0.0080635
0.0050483
-0.0086174
0.0010194
0.0014310
0.0047664
-0.0101224
0.0021368
0.0003857
0.0011444
-0.0042149
0.0085998
0.0042830
-0.0006677
0.0061774
0.0061470
-0.0041337
0.0048783
-0.0017259
0.0050519
0.0045892
0.0003329
0.0004321
0.0033427
0.0087338
0.0028911
0.0053741
-0.0021273
0.0062779
-0.0082324
-0.0062654
-0.0062018
0.0041842
0.0037095
-0.0047235
-0.0038554
-0.0076552
0.0037082
-0.0027250
-0.0083688
-0.0038318
0.0012053
0.0061982
0.0103419
-0.0005251
-0.0086962
-0.0045875
-0.0012088
0.0026177
0.0016012
-0.0061195
0.0084597
0.0085696
-0.0032815
0.0016790
-0.0083250
-0.0001275
-0.0090077
0.0023293
0.0066909
0.0044072
0.0086138
-0.0069144
-0.0006038
-0.0026905
0.0032643
-0.0026260
0.0051323
0.0065049
0.0077911
0.0073265
0.0042953
-0.0058893
-0.0000848
-0.0008963
0.0020145
-0.0073378
0.0034900
-0.0039733
-0.0008142
-0.0054175
-0.0060298
-0.0070057
-0.0052580
0.0061112
0.0038317
0.0013603
0.0052940
0.0057439
-0.0019201
-0.0074192
-0.0032248
-0.0031063
0.0008654
0.0084483
-0.0066709
-0.0064834
0.0077096
0.0038827
0.0068765
0.0045292
0.0064407
0.0044861
-0.0035995
0.0047941
-0.0069462
-0.0004018
0.0083943
0.0003791
0.0076137
0.0040456
-0.0048362
0.0082329
-0.0061390
0.0015083
0.0034488
-0.0072658
0.0016658
-0.0065620
-0.0055575
0.0043745
0.0003936
0.0040319
0.0045655
-0.0019140
0.0000041
0.0025727
0.0027638
0.0076788
0.0074569
0.0065870
0.0018195
0.0038049
-0.0084104
0.0061422
0.0064389
0.0022114
-0.0008473
-0.0052692
-0.0050753
0.0098104
-0.0000549
0.0092528
-0.0053951
0.0074065
-0.0026764
0.0044893
-0.0009001
-0.0035034
-0.0012040
-0.0077536
-0.0076283
-0.0071317
0.0027873
0.0147711
0.0077948
0.0193689
0.0025071
-0.0099917
-0.0230359
-0.0251185
-0.0158364
-0.0261514
0.0004823
0.0260509
0.0644637
0.0435992
0.0068956
-0.0601753
-0.0548743
-0.0327286
0.0122800
0.0366164
0.0165332
-0.0123211
-0.0001628
0.0070154
0.0093025
-0.0028568
-0.0016874
0.0063479
-0.0000048
0.0017299
-0.0106338
-0.0086790
-0.0059099
-0.0039150
-0.0022777
-0.0057077
0.0003678
-0.0028461
0.0053356
0.0045356
-0.0035841
-0.0009829
-0.0056381
0.0040585
-0.0052063
-0.0102308
-0.0022946
-0.0065729
0.0003567
-0.0020997
0.0075331
-0.0019963
0.0001023
-0.0000311
0.0047043
0.0056131
-0.0010062
0.0029484
-0.0042896
0.0038995
0.0071193
0.0075007
0.0030403
-0.0031684
0.0053479
0.0046493
0.0053482
-0.0026897
-0.0053205
0.0002548
0.0024982
-0.0016149
-0.0007875
-0.0047970
-0.0067564
-0.0035215
0.0018324
0.0070329
0.0038348
-0.0073470
0.0036110
0.0024505
0.0036034
-0.0015472
0.0093150
0.0068623
-0.0008725
-0.0024267
-0.0028847
-0.0018984
-0.0016512
0.0027750
0.0060736
-0.0050158
-0.0065259
-0.0029744
-0.0037212
-0.0022168
0.0024190
-0.0082676
0.0083579
0.0090237
0.0047983
0.0055110
-0.0062435
0.0061384
0.0060936
0.0025395
0.0050771
-0.0068415
-0.0076749
-0.0045478
0.0084416
-0.0041620
-0.0013219
-0.0043190
-0.0069363
-0.0067896
-0.0016118
-0.0060097
-0.0066871
-0.0073501
0.0042932
-0.0065962
0.0080189
-0.0029650
0.0000892
0.0048738
-0.0082947
-0.0082217
-0.0063225
-0.0047843
0.0004423
-0.0073923
0.0001060
0.0003522
0.0080558
-0.0070036
-0.0008453
-0.0041976
-0.0010338
-0.0011171
-0.0033427
-0.0079330
-0.0100095
-0.0056948
-0.0054778
-0.0067650
0.0068864
-0.0031613
-0.0002259
-0.0071963
-0.0009173
0.0009238
0.0085286
0.0013038
0.0089126
-0.0034360
-0.0073860
0.0004591
0.0044957
-0.0077932
0.0066241
0.0009975
0.0006553
-0.0089510
0.0011061
-0.0088267
0.0045151
0.0080213
0.0125394
0.0084912
0.0032060
-0.0035051
0.0066125
0.0035037
-0.0104853
-0.0071056
-0.0115309
-0.0099616
0.0019931
-0.0036361
0.0013712
0.0032172
0.0222339
0.0080238
0.0113089
-0.0128928
-0.0253448
-0.0316877
-0.0197088
-0.0168480
-0.0075096
0.0319147
0.0657608
0.0557109
0.0137884
-0.0444234
-0.0640887
-0.0487081
0.0032967
0.0300397
0.0266393
0.0064112
-0.0061597
-0.0058578
-0.0001281
0.0103058
-0.0035793
-0.0012529
-0.0033443
-0.0056503
0.0059897
0.0004539
-0.0080043
0.0003864
-0.0014839
0.0004044
0.0030765
0.0050636
-0.0000239
0.0028379
-0.0012774
-0.0039400
0.0082770
0.0024000
-0.0057687
-0.0044708
0.0031345
-0.0074978
0.0029210
-0.0066111
-0.0090872
0.0039634
-0.0076690
-0.0072158
0.0043292
-0.0037507
-0.0058792
-0.0018814
0.0012575
0.0016712
-0.0021689
0.0064924
0.0039235
0.0049761
-0.0032212
-0.0005743
0.0068606
0.0000498
-0.0003701
0.0101212
-0.0062082
0.0069636
0.0050385
0.0045044
0.0087784
-0.0065311
-0.0016413
0.0032832
-0.0060605
0.0072251
0.0016110
0.0024304
0.0045179
0.0062345
-0.0084426
-0.0083504
0.0088343
-0.0020717
0.0043405
-0.0058331
-0.0006369
-0.0017304
0.0021734
0.0059592
-0.0054067
-0.0059914
-0.0084951
-0.0091575
0.0011843
-0.0035034
0.0042736
-0.0055066
0.0068897
0.0054560
0.0041561
-0.0020240
-0.0042118
0.0038815
0.0079202
-0.0010525
-0.0023721
-0.0035385
0.0016234
-0.0062761
0.0048398
0.0061571
-0.0077007
0.0061682
0.0042470
-0.0041318
-0.0032725
-0.0041629
0.0074296
-0.0059274
-0.0041020
0.0090414
0.0076220
0.0072210
0.0032059
-0.0058513
0.0041983
0.0039418
-0.0044218
0.0040345
-0.0009021
0.0057333
0.0084995
-0.0032727
0.0083989
-0.0052675
0.0066093
-0.0088027
0.0062310
0.0058754
-0.0050737
-0.0041983
0.0009967
-0.0013787
-0.0082580
0.0034761
0.0051546
0.0082292
0.0058580
0.0071052
0.0030393
0.0054693
0.0022557
-0.0054814
0.0037741
0.0057693
-0.0053602
-0.0015305
0.0062705
-0.0087556
0.0008688
0.0016929
0.0078813
0.0088983
0.0027641
0.0081114
0.0065181
-0.0053559
0.0075806
-0.0022382
-0.0025864
-0.0100956
0.0038807
-0.0056561
-0.0106722
-0.0047769
-0.0009881
0.0002705
0.0129785
0.0214514
0.0066927
0.0082036
-0.0042674
-0.0171321
-0.0299201
-0.0205190
-0.0248721
0.0077153
0.0602989
0.0657551
0.0468921
-0.0251460
-0.0688348
-0.0688153
-0.0104328
0.0213659
0.0364451
0.0184269
0.0022130
-0.0107634
0.0096612
0.0111207
0.0014687
-0.0101853
0.0048916
0.0089873
-0.0029294
-0.0071290
-0.0090419
-0.0114467
-0.0096258
-0.0084604
0.0025430
-0.0021264
-0.0073805
-0.0057718
-0.0066054
0.0000556
0.0092359
-0.0062663
-0.0039326
-0.0087998
0.0069437
-0.0095351
0.0047350
0.0008985
-0.0031648
-0.0060452
-0.0029840
0.0070076
-0.0007768
-0.0056533
0.0017216
-0.0045205
0.0049445
-0.0067784
0.0074242
-0.0004253
0.0032401
0.0061747
0.0043363
0.0067783
-0.0027343
0.0019996
-0.0040413
0.0008260
-0.0054758
-0.0059762
-0.0024634
0.0013590
-0.0055020
-0.0046441
0.0018848
0.0054210
0.0049768
0.0049664
0.0054951
-0.0055763
0.0001821
0.0014743
0.0020839
0.0029586
0.0059405
0.0034697
-0.0009864
0.0008639
-0.0054069
-0.0081919
0.0052237
0.0073152
-0.0043072
0.0074820
-0.0017822
0.0042225
-0.0081345
0.0052559
0.0084082
-0.0063538
-0.0042063
-0.0004760
-0.0008237
-0.0004687
0.0008920
0.0022953
-0.0023642
0.0032353
-0.0001579
0.0098857
0.0064875
0.0026825
0.0068889
-0.0072015
-0.0076126
0.0066690
0.0040744
0.0013005
-0.0035263
0.0061277
-0.0033051
0.0038593
0.0076057
-0.0033197
0.0058364
-0.0050562
0.0020341
-0.0089311
0.0017008
0.0069655
0.0030883
-0.0082459
-0.0080194
-0.0052452
-0.0035264
0.0080547
-0.0076057
0.0027458
0.0041218
0.0044846
-0.0035431
-0.0031444
0.0085403
0.0007918
0.0034187
0.0067163
-0.0077525
-0.0079049
-0.0073026
-0.0018542
0.0031746
0.0010291
0.0005960
0.0031912
-0.0048094
0.0028672
0.0051698
-0.0073537
-0.0066797
-0.0000814
-0.0137872
-0.0015349
0.0009741
0.0005171
-0.0002994
0.0025170
0.0127910
-0.0021270
0.0118961
0.0029699
0.0026697
