0.0001136
-0.0035801
-0.0060456
0.0062552
-0.0018976
-0.0067423
0.0053951
-0.0061459
-0.0052683
-0.0066230
-0.0014566
-0.0094066
-0.0004835
-0.0067144
-0.0058379
0.0024279
0.0034895
0.0068817
0.0001373
-0.0038238
-0.0030086
-0.0036112
0.0104878
0.0029337
0.0043515
0.0072637
-0.0088738
-0.0120957
-0.0122387
-0.0020752
-0.0033585
-0.0098133
0.0059902
0.0029094
-0.0036678
0.0026872
0.0233922
0.0133577
0.0121195
-0.0053655
-0.0274198
-0.0232418
-0.0208667
-0.0242825
-0.0003461
0.0298110
0.0652262
0.0533620
0.0031852
-0.0461187
-0.0614069
-0.0335138
0.0082599
0.0244584
0.0067847
-0.0077335
-0.0118093
-0.0016945
0.0144982
-0.0018566
-0.0051469
-0.0096529
0.0011934
0.0051303
0.0090372
-0.0017456
0.0022288
0.0041083
0.0016459
-0.0082309
0.0053716
-0.0032316
-0.0071810
0.0060542
0.0050653
0.0040398
0.0046758
0.0031773
0.0013085
0.0042419
-0.0087986
-0.0071040
-0.0080550
0.0024937
-0.0015722
0.0005481
-0.0039671
0.0004978
-0.0037115
-0.0048659
-0.0062241
-0.0038731
-0.0000833
0.0025900
-0.0048804
0.0056187
-0.0088457
-0.0021683
-0.0078436
0.0009006
-0.0015912
0.0037820
-0.0089616
0.0070412
-0.0078043
0.0028001
-0.0046338
0.0030733
0.0001989
-0.0061897
-0.0016104
-0.0092913
0.0021815
0.0040131
-0.0073426
-0.0092972
-0.0072765
-0.0053342
-0.0029370
-0.0042679
-0.0014513
-0.0068740
-0.0056470
-0.0075509
0.0033483
0.0034790
0.0009943
-0.0071946
0.0062444
-0.0047740
-0.0020712
0.0014652
0.0012181
-0.0012594
0.0110992
-0.0027545
0.0040308
0.0006930
-0.0050390
-0.0010547
-0.0073651
-0.0072311
0.0054363
-0.0053074
0.0063825
-0.0065500
-0.0041254
0.0074517
-0.0020525
0.0051964
-0.0074581
0.0041843
-0.0001610
-0.0010540
-0.0079336
-0.0066335
-0.0074320
-0.0009491
0.0044761
-0.0031879
0.0026706
-0.0095629
-0.0005066
-0.0059969
0.0032607
-0.0059925
0.0030260
-0.0018327
-0.0000922
-0.0020522
0.0009141
0.0088839
-0.0023466
0.0000348
0.0081496
0.0015074
0.0001640
-0.0026532
0.0028055
0.0053057
-0.0020649
-0.0076629
0.0004724
-0.0006935
0.0024732
0.0021286
0.0007576
0.0039310
0.0014971
-0.0019401
-0.0038095
-0.0083364
0.0020681
0.0046850
0.0010110
0.0051112
0.0052274
-0.0036642
0.0001781
0.0046543
0.0081572
0.0090388
0.0056117
0.0064954
0.0038108
0.0022206
0.0014669
-0.0088957
-0.0072490
-0.0088292
0.0011866
-0.0104385
-0.0065444
0.0013899
-0.0033392
0.0180891
0.0214088
0.0252506
0.0069455
0.0031762
-0.0200518
-0.0276913
-0.0337115
-0.0285192
-0.0110623
0.0135636
0.0560743
0.0629761
0.0273416
-0.0295173
-0.0668645
-0.0397379
0.0008024
0.0281406
0.0190685
-0.0005711
-0.0093922
-0.0124080
-0.0019712
0.0026922
-0.0054764
-0.0008864
0.0035495
-0.0049232
-0.0035601
-0.0041554
-0.0084907
-0.0069268
-0.0052631
0.0055968
-0.0101183
0.0057777
-0.0057047
-0.0028154
-0.0057718
0.0056598
-0.0033470
0.0084415
-0.0068392
0.0099431
-0.0042698
0.0047352
0.0067143
0.0065254
-0.0025943
-0.0015271
-0.0024302
0.0028998
0.0003335
-0.0067077
0.0049942
0.0037940
-0.0033260
-0.0033951
-0.0045054
0.0033101
-0.0075981
-0.0061743
-0.0022503
-0.0005829
-0.0047001
0.0057138
-0.0038598
0.0034475
0.0022727
0.0036853
0.0011402
-0.0059134
0.0011563
0.0044215
0.0036657
0.0064141
0.0026981
0.0017851
-0.0013327
-0.0024044
-0.0090969
-0.0043671
-0.0001196
0.0078208
-0.0026727
0.0082008
0.0046153
0.0043846
-0.0010409
0.0025312
0.0065926
-0.0064591
0.0074494
0.0050512
0.0023276
-0.0072249
-0.0069323
-0.0001628
0.0029739
0.0114593
0.0031186
-0.0002433
-0.0053324
0.0052168
-0.0030583
0.0042143
-0.0009090
0.0058738
0.0064047
-0.0040677
-0.0057753
-0.0015945
0.0023495
0.0045171
-0.0055978
-0.0013279
-0.0013830
0.0015525
-0.0045069
0.0009474
-0.0031026
-0.0022196
-0.0025646
-0.0016497
0.0058601
-0.0060225
-0.0063417
-0.0018521
0.0021024
0.0002847
0.0004930
-0.0028193
-0.0051723
0.0011313
-0.0020251
-0.0043285
-0.0041510
-0.0017595
0.0071265
-0.0017247
-0.0053438
0.0068754
-0.0062061
-0.0064913
-0.0021740
-0.0058151
-0.0072552
-0.0078924
-0.0036883
-0.0003448
0.0050331
0.0096769
-0.0053490
-0.0006271
0.0092711
-0.0058498
0.0007457
-0.0078840
0.0075973
-0.0019951
-0.0085348
0.0033882
-0.0011047
-0.0027373
0.0040925
-0.0057096
-0.0023091
0.0037679
0.0032357
0.0037455
-0.0057434
0.0051084
0.0052890
-0.0031024
-0.0069541
-0.0115546
-0.0023150
-0.0079711
-0.0023546
0.0018696
0.0000258
0.0037412
0.0172323
0.0145707
0.0086388
-0.0126121
-0.0220580
-0.0169495
-0.0242454
-0.0193234
0.0089457
0.0463327
0.0541701
0.0235745
-0.0301328
-0.0659939
-0.0422970
-0.0077368
0.0357148
0.0343640
0.0116681
-0.0002143
0.0038600
-0.0020269
0.0059610
-0.0088157
0.0019461
-0.0002575
0.0017126
0.0029198
0.0060149
0.0008919
0.0014941
-0.0049758
-0.0023221
-0.0081481
0.0008041
0.0005247
0.0081888
0.0064687
-0.0048709
-0.0009860
0.0025827
-0.0084723
0.0066886
-0.0022372
0.0022623
0.0096031
0.0036444
-0.0073367
0.0035047
0.0053528
-0.0070868
0.0082299
-0.0040223
0.0079386
0.0049871
-0.0019905
-0.0036708
-0.0071568
0.0005952
-0.0058617
-0.0023401
0.0046410
-0.0067108
0.0052754
-0.0067093
-0.0087662
-0.0000939
-0.0039289
-0.0046088
0.0045765
-0.0000048
0.0074421
-0.0024444
-0.0009159
-0.0101019
0.0019843
-0.0056827
0.0051289
-0.0027479
0.0035475
0.0044726
0.0066862
-0.0049120
0.0071035
0.0072585
-0.0060124
0.0068766
0.0035361
-0.0000379
-0.0068540
0.0016710
-0.0069390
0.0055069
-0.0083328
0.0069353
0.0067250
-0.0019727
0.0090907
-0.0046200
-0.0030316
-0.0066332
0.0100161
0.0036969
0.0047908
-0.0001572
-0.0104845
-0.0029667
0.0017366
-0.0032392
0.0010178
0.0028000
0.0093628
-0.0005495
-0.0000029
0.0053276
0.0012581
-0.0003737
0.0066580
-0.0052341
0.0060324
0.0056949
-0.0066559
-0.0018677
0.0072163
-0.0075878
-0.0093036
-0.0014511
-0.0011067
-0.0032960
-0.0037852
-0.0074170
0.0014412
0.0030926
0.0040469
-0.0007692
-0.0006854
0.0014936
0.0020429
0.0050333
-0.0048238
0.0008617
-0.0062817
0.0041239
0.0071009
-0.0005706
0.0065485
-0.0004002
0.0067072
-0.0038786
-0.0048954
0.0030089
0.0061202
0.0053557
-0.0057452
0.0021148
-0.0026970
-0.0025013
-0.0041006
-0.0000484
-0.0035078
-0.0059664
0.0030553
-0.0111439
-0.0053954
-0.0035045
0.0023718
0.0098562
0.0005061
0.0104559
0.0009676
0.0092450
0.0025200
0.0025357
-0.0073915
-0.0032969
-0.0091065
-0.0101201
-0.0088871
-0.0043629
0.0060143
0.0098598
0.0057596
0.0163677
0.0080702
-0.0021738
-0.0137853
-0.0129123
-0.0221735
-0.0175668
0.0005855
0.0230406
0.0478966
0.0651369
0.0267010
-0.0322034
-0.0770559
-0.0553946
-0.0018652
0.0360764
0.0194771
0.0033678
-0.0035717
0.0027931
0.0040118
0.0137042
0.0083368
-0.0002099
0.0002042
-0.0044146
-0.0057784
0.0025700
-0.0113317
-0.0026375
-0.0053570
0.0047675
0.0064487
-0.0008926
0.0069513
-0.0001927
-0.0052189
0.0056089
-0.0070789
-0.0055341
-0.0028722
-0.0034027
0.0043392
0.0080057
0.0037642
-0.0009389
0.0073889
0.0034418
-0.0072623
-0.0012444
0.0029711
-0.0019756
0.0017864
0.0041689
-0.0034130
-0.0003784
-0.0083142
0.0057608
0.0059289
-0.0007461
0.0030076
0.0089756
0.0051864
0.0034026
-0.0069302
0.0069633
0.0046190
0.0032371
-0.0090045
-0.0081436
-0.0023117
0.0066578
-0.0005976
-0.0024049
0.0080625
0.0031026
0.0042966
-0.0012366
0.0040075
0.0027546
0.0064009
0.0015859
0.0073179
0.0066035
0.0052512
-0.0007423
0.0082979
0.0045998
0.0074190
-0.0053185
-0.0087353
-0.0073977
-0.0079014
-0.0060332
0.0003519
0.0004353
-0.0052141
0.0006321
-0.0028926
0.0079263
-0.0073160
-0.0038530
0.0045304
-0.0089559
0.0027404
0.0090525
0.0085701
-0.0062269
-0.0020243
-0.0011478
0.0030069
0.0105149
0.0007467
0.0082258
0.0001288
0.0063756
0.0035708
0.0051696
-0.0047112
0.0049604
0.0000604
-0.0079983
-0.0002230
-0.0056706
-0.0022296
0.0064999
-0.0050223
-0.0028328
0.0055331
-0.0027896
0.0040501
0.0085433
0.0051255
0.0083215
0.0050264
0.0075328
-0.0041108
0.0038384
0.0041691
0.0044871
-0.0068593
0.0002991
-0.0037654
-0.0002226
-0.0086263
-0.0092709
-0.0015541
-0.0087345
0.0085934
0.0021742
0.0063500
0.0061017
0.0037307
0.0009239
0.0054003
-0.0033592
-0.0098270
-0.0047704
-0.0089906
-0.0087067
-0.0057521
0.0073682
0.0078758
0.0086301
0.0115200
0.0101787
0.0069153
0.0088085
0.0007266
0.0070840
-0.0094283
-0.0088573
-0.0091806
-0.0079334
-0.0023913
-0.0067363
0.0062894
0.0087096
0.0135329
0.0156702
0.0065335
-0.0118809
-0.0096263
-0.0146505
-0.0247478
-0.0156034
-0.0007237
0.0476065
0.0661453
0.0523905
-0.0032465
-0.0499216
-0.0735369
-0.0328051
0.0205099
0.0242002
0.0149431
0.0048545
-0.0100620
-0.0046534
0.0096265
-0.0026161
-0.0067796
0.0000017
0.0065226
-0.0028402
-0.0063516
0.0063002
-0.0013605
-0.0036544
-0.0085015
0.0043575
-0.0076791
0.0049559
0.0065474
-0.0071847
0.0034059
0.0050745
0.0022312
0.0037628
0.0081650
0.0058288
0.0045673
-0.0061200
-0.0054403
0.0060430
-0.0086106
-0.0100485
0.0024019
-0.0061747
0.0029885
0.0031181
0.0079708
0.0018344
0.0037898
0.0074268
0.0040139
0.0058837
-0.0034534
0.0023806
0.0057012
-0.0053647
-0.0062641
-0.0052725
-0.0053542
0.0079576
0.0065772
-0.0059618
0.0074813
-0.0041254
-0.0062676
-0.0030363
0.0060638
0.0060461
-0.0057451
-0.0022947
-0.0008347
-0.0048919
0.0017468
0.0022968
-0.0066815
-0.0051146
0.0011405
0.0009061
-0.0022155
-0.0031093
-0.0016943
0.0029248
-0.0044137
0.0028908
-0.0005851
-0.0007725
-0.0027634
0.0097435
-0.0045263
-0.0039308
0.0025727
0.0029237
0.0076826
-0.0085401
-0.0078987
0.0058557
0.0038360
0.0059251
0.0006343
0.0070449
0.0036740
0.0034318
0.0053795
0.0038326
-0.0004823
0.0054795
-0.0032777
0.0028471
-0.0083792
0.0065535
0.0074241
0.0071281
-0.0023357
-0.0045878
-0.0055657
0.0033935
-0.0024824
0.0077716
-0.0084377
-0.0029525
0.0043335
-0.0002930
-0.0030412
0.0059176
0.0049817
-0.0033343
-0.0072673
0.0035557
-0.0012298
0.0026622
-0.0063425
-0.0056046
-0.0005932
-0.0068989
-0.0059097
-0.0112645
0.0015106
0.0011850
-0.0014706
-0.0000034
0.0062704
0.0004754
-0.0000147
-0.0041486
0.0029534
0.0076416
0.0061261
-0.0024926
0.0028900
-0.0040451
0.0014491
0.0028065
-0.0075778
0.0057850
0.0078259
-0.0006691
0.0034780
0.0108029
0.0097277
0.0105239
0.0068298
-0.0044304
0.0008205
-0.0060655
-0.0040854
-0.0124251
-0.0069405
-0.0037419
0.0054575
0.0054280
0.0169575
0.0183845
0.0047205
0.0023416
-0.0250333
-0.0303109
-0.0263521
-0.0172050
-0.0100864
0.0284493
0.0582216
0.0495771
0.0067319
-0.0533595
-0.0557829
-0.0266007
0.0193269
0.0416147
0.0251053
0.0049170
-0.0072161
-0.0078577
0.0071865
0.0018374
-0.0044720
-0.0051173
-0.0057662
-0.0007962
-0.0059682
-0.0023904
0.0047123
0.0036048
0.0008285
0.0040367
0.0062956
-0.0044776
0.0097651
-0.0042320
0.0065928
0.0054347
-0.0083683
-0.0087420
-0.0054204
-0.0067742
-0.0079145
0.0033084
0.0066757
0.0051451
-0.0010706
-0.0008813
-0.0063105
0.0030325
-0.0072948
-0.0035994
-0.0085776
0.0060190
0.0048702
-0.0065957
-0.0025316
-0.0056841
0.0073511
0.0021328
-0.0002473
0.0030466
-0.0056871
0.0022620
0.0057623
-0.0043798
0.0063852
0.0031569
0.0052438
-0.0005563
0.0068366
-0.0049748
0.0011342
0.0073735
-0.0057932
-0.0056074
0.0039460
0.0045391
-0.0041135
0.0027362
-0.0042410
0.0062810
0.0008156
0.0019525
0.0004936
-0.0033860
-0.0034059
0.0013851
-0.0021150
-0.0065922
0.0048585
-0.0039536
-0.0075631
-0.0068105
-0.0051562
0.0041626
0.0030660
-0.0060565
-0.0092362
0.0026014
-0.0033268
-0.0044844
-0.0078993
0.0066560
0.0052809
0.0044454
0.0046717
-0.0033913
-0.0013012
-0.0045869
0.0063157
-0.0053538
0.0079283
-0.0003230
-0.0043171
-0.0080131
0.0031115
-0.0062959
0.0037145
0.0093689
0.0013063
0.0030928
0.0038461
-0.0067412
-0.0072499
-0.0030746
-0.0027096
0.0023517
-0.0058487
-0.0062894
-0.0027161
-0.0029413
0.0077144
-0.0053887
0.0116737
-0.0040497
-0.0019271
-0.0009658
0.0063469
0.0082983
0.0031781
0.0041178
-0.0114638
0.0015553
0.0015333
0.0077962
-0.0024986
0.0027119
0.0016897
-0.0046833
-0.0031281
0.0060384
0.0092287
-0.0049524
0.0038325
-0.0098551
-0.0089785
0.0007699
-0.0099661
0.0012025
-0.0069418
-0.0022141
-0.0022962
0.0061282
0.0065505
0.0005753
0.0014125
0.0080312
-0.0030986
-0.0081612
0.0028022
-0.0027857
-0.0142223
-0.0029701
-0.0110672
-0.0044616
0.0123181
0.0090582
0.0083198
0.0100148
0.0115227
-0.0004780
-0.0139076
-0.0324515
-0.0322222
-0.0199993
-0.0033306
0.0269948
0.0539582
0.0422998
-0.0088912
-0.0572724
-0.0623434
-0.0360987
0.0118734
0.0421523
0.0153065
0.0080691
-0.0009351
-0.0083683
0.0053308
0.0058566
-0.0027313
-0.0059273
0.0041200
-0.0050599
-0.0052853
0.0037092
-0.0085280
-0.0093790
0.0068356
-0.0063455
-0.0002977
0.0008942
0.0057296
-0.0052901
-0.0037381
-0.0010213
-0.0006833
-0.0050279
0.0066252
0.0059567
-0.0062913
-0.0047648
0.0050074
-0.0048018
-0.0074176
0.0021830
-0.0012810
-0.0066614
-0.0078464
0.0085789
0.0036673
0.0058264
0.0041109
0.0098439
-0.0036394
0.0055280
-0.0026620
-0.0023592
0.0054084
-0.0026752
0.0080800
0.0016374
0.0064330
-0.0004419
0.0069324
-0.0069744
-0.0059873
-0.0030802
-0.0006871
-0.0080010
0.0021008
0.0024669
0.0074346
-0.0032250
0.0077570
0.0098172
0.0082121
0.0030643
-0.0033111
0.0035405
-0.0037681
-0.0024526
0.0041909
0.0061668
-0.0055051
0.0062765
-0.0054271
-0.0048706
-0.0002125
-0.0038040
0.0037473
0.0020810
-0.0027652
0.0013115
0.0003104
-0.0002501
-0.0077003
0.0033947
0.0030503
-0.0044079
-0.0001618
-0.0079755
-0.0021695
0.0058308
-0.0076913
-0.0072357
-0.0070197
0.0012820
-0.0010493
0.0024917
0.0060911
-0.0080007
-0.0023966
0.0039226
0.0046629
-0.0041884
0.0064969
-0.0036097
-0.0037085
0.0044942
-0.0054787
0.0052874
0.0073802
0.0061794
0.0048145
-0.0012990
0.0045928
-0.0007484
-0.0048288
