0.0430597
-0.0773340
-0.1470282
-0.1431186
-0.0451793
0.0181714
0.0836217
0.0553469
0.0463603
0.0165047
-0.0011277
0.0063261
0.0141708
0.0036006
-0.0127215
-0.0110196
-0.0251401
-0.0054737
-0.0190387
0.0085587
-0.0017426
0.0078516
0.0044380
0.0118734
-0.0026726
0.0192294
0.0217312
0.0111194
-0.0074697
-0.0048546
0.0038639
0.0037049
-0.0100882
0.0068481
-0.0040699
0.0010158
0.0087363
-0.0077106
0.0134242
0.0089993
0.0022123
0.0097789
-0.0123933
0.0161996
0.0023101
-0.0086072
0.0152141
0.0075078
-0.0098311
-0.0052704
-0.0107932
0.0115062
0.0108003
0.0091130
-0.0014549
-0.0028095
0.0002057
-0.0038901
0.0175544
0.0205537
0.0011366
0.0062959
0.0161953
0.0037360
0.0040723
0.0011747
0.0109672
-0.0164909
-0.0091599
-0.0000095
0.0012047
-0.0202848
0.0161858
0.0125819
0.0011260
-0.0073226
0.0119879
0.0069130
-0.0075666
-0.0061020
0.0121003
-0.0245308
-0.0129163
-0.0332107
-0.0401841
-0.0128945
-0.0107370
0.0164793
0.0032588
0.0039483
0.0526100
0.0636978
0.0688064
0.0246627
-0.0556782
-0.1098580
-0.1178774
-0.0591008
0.0395469
0.0672819
0.0607054
0.0346018
0.0011089
0.0060256
0.0047077
-0.0168489
-0.0038850
0.0034663
0.0035664
-0.0220149
0.0064679
-0.0033297
0.0112366
0.0121697
-0.0100820
0.0162994
0.0041626
0.0131504
-0.0099303
0.0058881
-0.0001135
0.0002640
-0.0189608
-0.0192568
-0.0162730
-0.0015530
-0.0010899
0.0076693
0.0055244
-0.0022906
-0.0162330
-0.0026100
0.0195349
-0.0094699
0.0014420
0.0169373
0.0170505
0.0065106
0.0011460
0.0120548
0.0150727
-0.0088495
0.0137356
-0.0071893
0.0059543
0.0166059
-0.0192363
-0.0074720
-0.0149298
0.0083598
0.0183621
0.0058461
0.0020950
0.0023918
-0.0106207
0.0013013
-0.0095494
-0.0004654
-0.0126509
0.0021041
-0.0089930
-0.0143448
-0.0038300
-0.0169390
0.0134919
-0.0055354
0.0074588
0.0113512
0.0171435
0.0251630
0.0169181
0.0246915
-0.0104333
-0.0079257
0.0113637
-0.0158243
-0.0263128
-0.0392508
-0.0330686
-0.0071516
-0.0092426
-0.0155058
0.0102374
0.0293617
0.0685814
0.0891307
0.0632516
-0.0312320
-0.1224471
-0.1322092
-0.0706853
0.0161428
0.0647382
0.0510321
0.0213453
0.0057797
0.0080833
0.0083737
0.0055215
-0.0152621
-0.0283659
-0.0119952
-0.0055493
-0.0058385
-0.0047551
0.0063853
-0.0006398
0.0031294
-0.0121360
0.0060256
0.0165371
0.0163501
0.0084490
0.0209211
-0.0007551
-0.0166779
0.0015666
-0.0031110
-0.0176721
0.0100358
0.0105641
-0.0156926
-0.0110725
0.0064368
0.0136459
0.0055312
-0.0170687
0.0063677
0.0046890
0.0076983
0.0036920
0.0007719
-0.0158372
0.0130168
0.0104707
0.0125294
0.0001815
-0.0026691
0.0127944
0.0127589
0.0042652
0.0090126
-0.0018788
0.0099194
0.0117045
-0.0028264
-0.0085539
0.0114422
0.0202804
-0.0146395
0.0026694
-0.0030773
-0.0134066
-0.0147685
-0.0153478
-0.0029272
-0.0112543
-0.0113409
0.0071190
0.0114680
-0.0112437
0.0085617
0.0012327
-0.0047291
0.0145477
-0.0034311
-0.0003962
-0.0020233
0.0092004
-0.0189247
0.0004085
-0.0189999
-0.0329829
0.0063824
0.0010586
-0.0165294
-0.0176030
0.0052277
0.0771902
0.0818345
0.0734451
-0.0387666
-0.0982306
-0.1216739
-0.0718683
0.0133419
0.0551052
0.0588493
0.0108287
-0.0031860
0.0264850
-0.0047789
0.0063440
-0.0055368
0.0019659
-0.0136089
-0.0080097
-0.0028249
-0.0156048
-0.0065913
0.0109902
0.0159100
-0.0026344
0.0019161
0.0016219
-0.0078493
0.0000955
0.0199276
-0.0122017
0.0102449
-0.0116987
0.0130048
-0.0004679
-0.0003821
-0.0112623
-0.0013976
0.0072914
-0.0165504
-0.0024049
-0.0129340
-0.0138467
-0.0040828
-0.0123408
-0.0055211
0.0053768
0.0111338
0.0193827
-0.0112978
0.0003187
-0.0084079
-0.0148331
-0.0042338
0.0103627
-0.0159035
0.0066120
0.0144032
0.0045694
0.0065668
-0.0084552
-0.0146350
-0.0040686
0.0160640
0.0059334
0.0173114
0.0150777
0.0109134
0.0032858
-0.0228587
-0.0152274
0.0062518
-0.0142288
-0.0038102
0.0159458
0.0033500
0.0065758
-0.0051445
0.0231242
0.0199735
-0.0032247
0.0213255
0.0150921
-0.0107628
-0.0083256
-0.0178983
-0.0181754
-0.0129834
-0.0306326
-0.0118735
0.0024481
0.0178002
0.0114413
0.0369880
0.1009586
0.0921375
0.0016482
-0.1029294
-0.1221349
-0.0821758
-0.0304004
0.0336310
0.0633262
0.0455095
0.0313810
0.0174085
0.0189850
0.0032732
0.0039445
-0.0186040
-0.0185884
-0.0102229
0.0009957
0.0020186
0.0005288
0.0152128
0.0164514
-0.0081074
-0.0027780
0.0231206
-0.0011665
0.0233335
0.0018496
0.0101262
0.0047214
0.0051753
-0.0134596
-0.0006806
0.0109619
0.0000287
-0.0062462
-0.0171937
0.0106075
0.0016566
-0.0150056
-0.0111501
-0.0087286
0.0159357
0.0076739
0.0179587
0.0145507
0.0066162
-0.0152866
-0.0182061
0.0143353
-0.0166639
0.0057650
-0.0051013
0.0142713
-0.0178760
0.0081079
0.0017027
0.0157078
0.0050077
0.0182437
0.0080655
0.0081648
0.0177630
0.0158078
0.0149862
-0.0064934
-0.0049116
-0.0088525
0.0004316
-0.0165134
-0.0107478
-0.0217114
0.0010587
-0.0069916
0.0105097
-0.0057055
-0.0100849
0.0145924
0.0223480
0.0267179
0.0048860
0.0197444
0.0107474
-0.0216673
-0.0182374
-0.0408774
-0.0400274
-0.0355236
-0.0151729
-0.0230331
-0.0152317
0.0155989
0.0595040
0.1013886
0.1057462
0.0421264
-0.0726590
-0.1386138
-0.1528810
-0.0525852
0.0302640
0.0502572
0.0723552
0.0353968
0.0138798
0.0097877
-0.0057472
0.0126704
0.0083342
-0.0224847
-0.0151521
-0.0167748
-0.0065329
0.0028703
-0.0200736
0.0114637
0.0040841
-0.0095806
0.0246981
0.0139637
0.0112191
-0.0030269
0.0074052
-0.0090679
-0.0021932
-0.0199073
-0.0156432
-0.0092750
-0.0117479
-0.0005691
-0.0131834
0.0077594
0.0027820
0.0026816
0.0173600
0.0113621
-0.0001714
0.0130178
0.0020794
-0.0155482
-0.0141043
0.0081327
0.0172485
0.0066980
0.0093178
0.0076355
-0.0061439
-0.0009264
-0.0188840
0.0084804
0.0150269
-0.0069700
-0.0011140
-0.0057037
-0.0117903
-0.0081118
0.0101036
0.0115506
-0.0078390
-0.0146077
0.0127377
-0.0083271
0.0006735
0.0030352
-0.0082226
0.0021756
-0.0116512
0.0118790
0.0070522
0.0215013
-0.0076604
-0.0059722
0.0259447
-0.0013530
0.0055394
0.0093004
-0.0106929
-0.0179767
-0.0292277
-0.0116919
-0.0250611
-0.0308652
-0.0259438
-0.0106113
0.0111946
0.0259389
0.0596587
0.0921509
0.0878075
0.0098017
-0.0925150
-0.1416208
-0.1381913
-0.0447164
0.0660806
0.0930244
0.0557714
0.0198785
0.0136431
0.0298327
-0.0020223
-0.0120686
-0.0171700
-0.0081304
-0.0087366
-0.0144100
-0.0015049
-0.0088042
0.0016390
-0.0015238
-0.0055112
0.0227975
-0.0046787
0.0060405
0.0137020
0.0172143
-0.0083557
-0.0022203
-0.0003471
-0.0035215
-0.0166772
-0.0016090
-0.0033010
-0.0073954
-0.0086194
-0.0126707
0.0068232
0.0183388
-0.0052828
0.0016658
0.0118487
0.0045038
-0.0159129
-0.0162858
-0.0136130
-0.0102484
-0.0154337
0.0178109
-0.0078163
-0.0063214
-0.0018359
0.0019607
0.0107767
-0.0137022
0.0149253
-0.0117285
0.0015966
0.0167622
0.0083207
-0.0139416
-0.0028245
0.0108000
0.0112624
0.0153138
-0.0041287
-0.0210832
-0.0176483
0.0082393
0.0099020
-0.0141445
-0.0105860
-0.0120932
0.0037115
0.0254668
0.0222123
0.0158116
0.0168988
0.0228706
0.0057929
-0.0191566
0.0054734
-0.0272379
-0.0103507
-0.0097306
-0.0068012
-0.0086128
0.0037921
0.0102480
0.0344774
0.0243955
0.0449880
0.0627175
0.0498807
-0.0320212
-0.0901376
-0.1047646
-0.0805251
-0.0269286
0.0486432
0.0539373
0.0547472
0.0128520
0.0230317
0.0122878
-0.0065614
-0.0063060
-0.0171940
-0.0246433
0.0053826
0.0058329
-0.0084667
-0.0126780
-0.0084913
-0.0042506
0.0154272
0.0140728
0.0134523
0.0086173
0.0148142
0.0083931
-0.0010408
0.0050433
-0.0134702
-0.0055699
-0.0046469
-0.0051554
-0.0181781
0.0010022
0.0106255
0.0067818
0.0127078
-0.0160021
-0.0054342
-0.0015363
0.0008438
-0.0115736
0.0108379
-0.0129139
-0.0015219
-0.0133226
-0.0040180
0.0023005
0.0064980
0.0121612
0.0014368
-0.0133441
-0.0112737
-0.0060410
0.0148822
-0.0118687
-0.0064043
-0.0117298
0.0134418
-0.0047285
0.0135658
-0.0036364
-0.0159325
-0.0082859
-0.0032669
0.0019402
-0.0042081
-0.0140814
-0.0138274
0.0050558
-0.0118064
-0.0096009
0.0205628
0.0021012
-0.0108508
-0.0012294
-0.0082377
0.0136827
-0.0096336
-0.0075151
-0.0208229
0.0025152
-0.0042633
-0.0116571
-0.0019047
-0.0087786
0.0108551
0.0164685
0.0228045
0.0278390
0.0285861
0.0510149
0.0286263
0.0134175
-0.0631128
-0.1131125
-0.0984546
-0.0335171
0.0559445
0.0648390
0.0403836
0.0227894
0.0158650
-0.0131506
-0.0176118
0.0047389
-0.0307570
-0.0115932
0.0016067
-0.0107231
-0.0022070
-0.0210001
-0.0088128
0.0191365
0.0016356
0.0145597
-0.0082998
0.0013938
-0.0016470
-0.0047752
0.0172313
-0.0083067
0.0008654
-0.0066387
-0.0037304
-0.0123562
0.0027427
-0.0073970
0.0155489
-0.0146516
0.0104199
0.0100370
0.0019766
-0.0122196
0.0077594
-0.0094778
0.0031464
0.0161062
0.0016851
-0.0089819
-0.0030553
0.0077479
-0.0057501
-0.0116457
0.0101054
-0.0008524
-0.0016147
-0.0116469
-0.0047096
-0.0102194
0.0151264
0.0034060
0.0104512
-0.0066321
-0.0059387
0.0073052
-0.0153534
-0.0139274
-0.0008504
-0.0093085
-0.0029180
-0.0074890
0.0087040
-0.0052965
0.0040772
-0.0099270
0.0000537
-0.0078715
-0.0077680
0.0056585
0.0241502
0.0169371
0.0136638
-0.0057647
-0.0072958
0.0013321
-0.0209973
-0.0280475
-0.0213940
0.0019523
0.0100167
0.0045937
0.0348570
0.0293934
0.0365247
0.0480108
0.0361285
0.0216953
0.0055383
-0.0556737
-0.0914299
-0.0538161
-0.0168598
0.0358369
0.0537308
0.0238246
0.0303485
0.0035509
0.0156010
-0.0127787
-0.0198005
-0.0101696
0.0016898
-0.0155728
-0.0108367
0.0078448
0.0159601
-0.0116400
0.0153017
-0.0113884
0.0027811
-0.0079641
0.0152875
0.0009610
0.0152566
0.0067509
0.0094556
-0.0076363
0.0056568
-0.0070718
-0.0115284
0.0071921
-0.0000051
-0.0167320
0.0012915
0.0092242
0.0015859
0.0157355
0.0147473
0.0001763
-0.0083794
0.0000633
-0.0002002
0.0101729
-0.0151987
0.0162984
0.0143255
-0.0127317
-0.0000464
-0.0005461
-0.0142678
0.0061564
0.0042614
-0.0048670
0.0043780
-0.0158250
-0.0000221
0.0148821
-0.0105985
-0.0004051
0.0127323
-0.0154550
-0.0140248
-0.0082579
0.0094831
0.0013868
-0.0065607
0.0001224
-0.0071349
-0.0099767
0.0176260
0.0070234
0.0104785
0.0089627
-0.0102120
0.0066867
0.0159261
0.0090380
-0.0141315
-0.0130252
-0.0230075
-0.0060226
-0.0285626
-0.0151096
0.0062551
-0.0115398
0.0094965
0.0018792
0.0163385
0.0333399
0.0149581
0.0525921
0.0316436
-0.0111878
-0.0713566
-0.0951114
-0.0481138
0.0112383
0.0503762
0.0581955
0.0453566
0.0267319
-0.0004739
-0.0024757
0.0083390
-0.0160505
-0.0227221
0.0009817
0.0010610
-0.0151526
-0.0025017
0.0084317
-0.0014026
0.0143799
0.0053471
0.0175095
0.0134821
0.0147179
-0.0053384
0.0085962
-0.0092213
0.0047498
-0.0028222
-0.0087357
-0.0160990
-0.0103491
-0.0070020
0.0014793
-0.0141066
-0.0041790
-0.0025446
-0.0027047
-0.0099317
0.0059313
0.0089947
0.0155063
-0.0031172
-0.0133388
0.0079402
-0.0132214
-0.0034168
-0.0027454
0.0052408
0.0143572
0.0070033
-0.0012995
-0.0020269
-0.0063782
0.0140655
-0.0083533
-0.0049741
0.0019414
0.0064147
0.0126396
0.0187519
0.0079183
-0.0093924
0.0076672
-0.0080954
-0.0075425
-0.0029469
-0.0206307
-0.0072744
0.0069582
0.0099861
0.0117959
-0.0005827
0.0079996
-0.0006803
0.0097922
-0.0067820
-0.0086365
-0.0035824
-0.0040781
-0.0114735
-0.0328866
-0.0270623
-0.0356486
-0.0128974
-0.0108806
-0.0019136
0.0352501
0.0203902
0.0347809
0.0386671
0.0369171
0.0383125
-0.0368273
-0.0803295
-0.0990037
-0.0705301
-0.0168089
0.0216605
0.0473282
0.0562606
0.0141692
0.0239124
-0.0022331
0.0028839
-0.0278586
-0.0137481
-0.0280718
-0.0278471
-0.0268069
0.0085570
0.0070502
0.0086853
0.0193990
0.0044870
0.0173262
0.0032742
-0.0095329
-0.0114413
-0.0080287
-0.0128434
0.0024096
0.0139433
-0.0075755
0.0085371
-0.0014082
-0.0056841
-0.0020128
0.0103573
-0.0109685
-0.0107176
0.0137849
-0.0085808
0.0115945
-0.0088160
-0.0005419
-0.0039262
0.0058855
-0.0066652
-0.0113479
0.0027876
0.0018962
0.0017375
0.0117611
0.0054298
0.0013570
-0.0171755
0.0047926
-0.0159500
-0.0175430
0.0123192
0.0089733
0.0100756
-0.0038841
0.0113383
0.0059189
-0.0094190
-0.0005119
-0.0160073
0.0137095
0.0042921
0.0054662
0.0070159
0.0099422
-0.0050390
-0.0115650
-0.0157534
0.0168263
0.0074856
0.0143622
0.0181089
0.0209742
0.0165684
0.0119136
-0.0121195
-0.0185903
-0.0052409
-0.0248986
-0.0370718
-0.0369917
-0.0168155
0.0018773
-0.0196844
0.0212825
0.0144676
0.0814244
0.1183671
0.1077188
0.0279495
-0.0825036
-0.1486105
-0.1241653
-0.0418696
0.0279616
0.0741919
0.0747138
0.0313647
0.0211937
0.0156814
0.0201481
0.0007698
-0.0228578
-0.0188312
-0.0178651
-0.0180010
-0.0160695
-0.0025827
-0.0028330
0.0176461
0.0024293
0.0082286
0.0084424
-0.0021030
-0.0034396
-0.0093552
0.0044315
0.0170019
-0.0146886
-0.0031311
-0.0209214
-0.0099891
-0.0171089
0.0045832
-0.0159859
-0.0067228
-0.0063318
0.0084202
0.0117104
0.0093360
-0.0063297
0.0057201
-0.0122306
-0.0133742
0.0019168
0.0095038
0.0170447
-0.0020914
0.0157347
-0.0006430
0.0104688
-0.0101434
-0.0092766
0.0109250
-0.0029441
0.0094896
0.0087295
-0.0102129
0.0049274
0.0153583
0.0066264
0.0089127
0.0046499
-0.0046318
-0.0035999
0.0121870
-0.0041376
0.0023517
-0.0207452
-0.0135777
0.0124759
-0.0148175
-0.0026265
-0.0061800
0.0232301
0.0145387
0.0040908
0.0206643
0.0276336
0.0153922
-0.0045193
0.0036129
-0.0264213
-0.0129330
-0.0184392
-0.0109336
-0.0029984
0.0140483
-0.0093811
0.0139348
0.0362740
0.0807304
0.0939356
0.0628243
-0.0070912
-0.1072609
-0.1471689
-0.0935914
-0.0255488
0.0456216
0.0654111
0.0587112
0.0306417
0.0261144
0.0069829
-0.0128139
0.0090839
-0.0008407
-0.0260277
-0.0070299
-0.0000535
-0.0042510
-0.0199191
0.0125685
-0.0014960
0.0038762
-0.0034786
0.0219772
0.0213872
0.0162676
