0.0266794
-0.0307635
0.0253051
-0.0203598
0.0145695
0.0283869
-0.0336712
0.0097186
-0.0029423
0.0119966
0.0148878
-0.0065409
0.0276501
0.0031082
-0.0289321
0.0063640
0.0318011
0.0202300
0.0017189
-0.0179848
0.0268029
-0.0295204
0.0259629
0.0243426
-0.0304059
-0.0009564
0.0195071
-0.0020421
-0.0233944
-0.0266864
0.0143245
0.0009295
-0.0072151
0.0346443
-0.0227666
0.0371769
0.0388386
0.0450633
0.0142978
0.0292400
0.0124246
0.0169367
-0.0037838
0.0032434
-0.0221087
-0.0280165
-0.0636403
-0.0459658
0.0128716
0.0222029
-0.0123244
-0.0095580
0.0023367
0.0203329
0.0813694
0.1364572
0.0995882
-0.0493330
-0.1829277
-0.2368789
-0.1728149
-0.0415371
0.0910684
0.1265176
0.1185628
0.0914699
-0.0026179
0.0344243
0.0247412
-0.0200805
-0.0613330
-0.0710096
-0.0275096
-0.0333053
-0.0119834
0.0025632
0.0088268
0.0240670
-0.0153393
0.0332100
-0.0086363
0.0165163
0.0020777
0.0083742
0.0273537
-0.0263148
0.0025266
-0.0117153
-0.0076614
0.0160437
-0.0167515
0.0270383
-0.0054512
-0.0118844
-0.0079364
-0.0272860
0.0266422
-0.0181936
0.0003255
0.0331891
-0.0061541
-0.0283496
0.0186648
-0.0372791
-0.0037379
-0.0233415
0.0119094
0.0066011
0.0076902
-0.0097129
-0.0080959
-0.0003786
0.0196765
-0.0238967
0.0106891
0.0001187
-0.0249654
-0.0316748
0.0065587
-0.0237524
0.0000422
-0.0225089
0.0209669
0.0096949
0.0008818
-0.0104513
0.0196150
-0.0196868
0.0277986
-0.0121754
0.0175483
0.0246516
-0.0070645
-0.0230562
-0.0336413
0.0137862
0.0026446
-0.0161688
-0.0290240
-0.0043093
-0.0003972
0.0229208
-0.0320957
0.0325724
0.0239227
-0.0218616
-0.0103333
-0.0194160
0.0333330
0.0193334
-0.0196026
0.0051306
-0.0187322
-0.0037009
-0.0279006
-0.0306504
0.0295690
0.0192987
-0.0290199
-0.0320477
-0.0003905
0.0103690
-0.0309035
-0.0002815
0.0230516
-0.0065750
-0.0109096
0.0207545
0.0261980
0.0234991
0.0202620
-0.0048784
-0.0119431
-0.0290024
-0.0069439
-0.0042711
0.0204826
-0.0346578
0.0038581
0.0183438
-0.0138168
0.0188203
0.0270698
-0.0146524
0.0175198
0.0321132
-0.0000522
0.0273030
-0.0332706
0.0336811
0.0333586
-0.0090106
-0.0168710
0.0255026
0.0135432
0.0254951
-0.0172343
-0.0152051
0.0337955
0.0257737
-0.0346567
-0.0012504
0.0326191
0.0270174
0.0277103
-0.0244634
0.0284571
0.0245971
-0.0002624
0.0344523
0.0214140
-0.0012394
-0.0190523
0.0094436
-0.0244446
-0.0027569
-0.0019785
0.0084590
0.0201734
-0.0067652
0.0254783
0.0351276
-0.0348846
-0.0334376
0.0252137
0.0286151
0.0193094
-0.0193502
-0.0323884
-0.0013859
-0.0137002
-0.0036018
0.0030184
0.0260028
-0.0058459
-0.0270682
0.0126868
-0.0284926
0.0086653
0.0313972
0.0155119
-0.0064597
0.0349236
0.0210290
0.0065856
-0.0185639
0.0201924
0.0313550
-0.0220590
0.0099428
-0.0152705
0.0330059
0.0013840
0.0175833
0.0128442
-0.0173466
-0.0027540
0.0322125
-0.0210811
0.0206632
-0.0133628
-0.0144163
0.0252671
0.0040467
-0.0193518
-0.0306983
-0.0359908
-0.0294784
0.0354611
-0.0142058
-0.0182690
0.0056761
0.0249655
-0.0066715
-0.0073637
-0.0003133
-0.0216492
-0.0133953
-0.0253534
0.0133274
0.0115179
0.0024367
0.0065438
-0.0127536
-0.0106616
0.0037142
0.0026439
0.0223511
0.0333950
0.0032162
0.0080656
-0.0029390
-0.0416526
-0.0316677
-0.0142328
-0.0106846
-0.0335524
-0.0221756
0.0024567
-0.0480596
-0.0573726
-0.0466404
0.0035414
0.0509418
0.2109182
0.3017655
0.1721437
-0.0535060
-0.3254596
-0.4268102
-0.2842814
-0.0239659
0.2043678
0.2335509
0.1735937
0.0548785
0.0569788
0.0024575
-0.0118593
-0.0508490
-0.0229489
-0.0865710
-0.0487154
-0.0640792
-0.0383922
0.0198342
-0.0074213
0.0330116
-0.0042520
0.0015668
0.0543473
0.0423993
-0.0070002
0.0351174
-0.0075467
-0.0171472
-0.0330094
0.0017007
-0.0233000
0.0112042
-0.0053819
-0.0192320
-0.0042982
0.0096317
0.0179671
0.0155190
0.0208918
-0.0255819
0.0247647
-0.0231814
-0.0192569
-0.0259792
0.0049940
0.0152245
0.0076480
-0.0355235
-0.0331720
0.0193160
-0.0332858
-0.0245200
0.0249829
0.0113389
0.0045726
0.0288506
-0.0090357
0.0090020
0.0298700
-0.0332140
-0.0092114
0.0115269
0.0307573
-0.0017947
0.0104352
0.0166589
0.0331767
0.0080667
0.0206375
0.0236836
-0.0291016
0.0024474
0.0002969
0.0338843
-0.0246318
0.0297451
-0.0344445
-0.0076675
0.0196593
0.0021774
0.0291915
0.0012657
-0.0104409
0.0209904
0.0283931
-0.0181605
0.0314093
0.0370412
-0.0111541
-0.0045328
-0.0287878
-0.0077498
-0.0183469
-0.0236994
-0.0343026
-0.0340641
0.0300554
-0.0264669
0.0176911
0.0297334
0.0293716
-0.0222677
-0.0261868
0.0111280
-0.0067509
0.0203681
-0.0206965
0.0028498
-0.0010676
0.0001919
-0.0290906
-0.0212642
-0.0323717
-0.0069975
-0.0327564
0.0150420
-0.0170553
-0.0103427
0.0017917
0.0178082
-0.0017776
-0.0141551
0.0041970
-0.0121474
-0.0161514
-0.0151599
-0.0176691
0.0196317
0.0031511
0.0032386
0.0176931
-0.0336749
-0.0133239
-0.0149860
0.0234212
0.0090050
-0.0129448
0.0344307
-0.0243350
-0.0042420
-0.0025768
-0.0186281
-0.0134920
0.0313703
-0.0184230
-0.0256264
0.0113818
-0.0128053
0.0173882
0.0256409
-0.0146053
-0.0118736
0.0261673
-0.0142073
-0.0045881
0.0112826
0.0341612
-0.0000768
-0.0017679
-0.0124380
-0.0355984
-0.0137049
0.0271990
-0.0355024
0.0188884
-0.0289145
-0.0032233
0.0037817
-0.0106432
0.0215499
0.0345454
0.0208800
0.0113614
-0.0250174
-0.0050703
-0.0079988
-0.0177504
0.0300277
0.0165465
-0.0279007
-0.0024198
0.0236900
0.0163225
0.0265959
-0.0015364
0.0355864
-0.0194561
0.0013389
-0.0077513
0.0105572
-0.0216774
-0.0188661
0.0328284
-0.0258284
0.0140211
-0.0284880
-0.0198561
0.0137920
0.0344229
-0.0231211
0.0087849
0.0252952
0.0354036
-0.0015342
-0.0132841
-0.0126545
0.0253735
-0.0392010
0.0294949
0.0060376
-0.0188212
0.0309517
-0.0261680
0.0223782
0.0044032
0.0084085
0.0039210
-0.0001119
0.0106143
0.0154255
0.0123898
-0.0172694
-0.0220004
0.0134092
-0.0096615
0.0062997
-0.0305212
0.0281268
-0.0025231
0.0270727
-0.0122556
0.0354555
0.0564084
0.0228340
0.0391535
-0.0116046
-0.0282687
-0.0443250
-0.0635789
-0.0229511
-0.0542411
-0.0010633
0.0225717
0.0299718
-0.0060768
-0.0027240
-0.0005851
0.0393366
0.1471823
0.2195754
0.1197066
-0.0745878
-0.2173005
-0.2860182
-0.2229333
-0.0150495
0.1485178
0.1709710
0.1545170
0.0452833
0.0274493
0.0306133
0.0284560
-0.0367775
-0.0223872
-0.0369395
-0.0529675
0.0017255
0.0066166
-0.0364450
-0.0119498
0.0214585
0.0309834
0.0422783
-0.0109687
0.0500514
0.0267336
-0.0143445
-0.0267671
0.0100747
-0.0097438
-0.0446162
-0.0075114
0.0042551
-0.0276694
-0.0043551
-0.0157539
0.0173800
0.0008163
0.0175767
-0.0224329
0.0090584
-0.0154463
-0.0200043
0.0055680
-0.0369042
0.0017454
-0.0062763
-0.0318020
-0.0206079
0.0229798
0.0156931
0.0232980
-0.0150145
-0.0077928
-0.0059370
0.0029814
-0.0099280
-0.0140586
-0.0193419
0.0148064
0.0067225
0.0181866
-0.0331025
0.0336255
-0.0211139
-0.0109422
-0.0331626
-0.0254349
0.0167224
-0.0335984
0.0280703
-0.0333886
0.0364109
-0.0034182
0.0326899
-0.0045639
-0.0088065
-0.0005323
-0.0338660
-0.0062227
0.0039851
0.0299276
-0.0142674
-0.0177447
0.0075666
0.0145650
-0.0068786
0.0189728
0.0064294
-0.0048828
0.0123295
-0.0303250
0.0229524
-0.0276089
-0.0013590
0.0050229
-0.0002174
-0.0118300
-0.0166044
-0.0074762
-0.0040522
-0.0110061
-0.0049855
0.0286431
0.0120544
0.0041326
-0.0300307
-0.0296138
0.0013984
0.0165634
0.0129938
0.0211163
0.0024845
-0.0199187
0.0177250
0.0201243
0.0231114
0.0052186
-0.0047076
0.0339145
0.0009933
-0.0300036
-0.0143848
-0.0230194
0.0105686
-0.0279677
0.0261437
-0.0158616
-0.0296697
-0.0288481
0.0307585
0.0126003
0.0022778
0.0070360
0.0256898
-0.0041036
-0.0338309
-0.0029607
-0.0317219
-0.0057419
-0.0025998
0.0111983
-0.0351054
-0.0187050
-0.0049685
0.0103506
-0.0095155
-0.0118594
-0.0197479
0.0176060
-0.0333701
0.0075502
0.0043462
-0.0198225
0.0076139
-0.0094081
0.0244575
0.0002176
0.0154214
-0.0137567
0.0310465
-0.0031025
-0.0289072
0.0099390
-0.0250771
0.0127573
-0.0310879
-0.0098200
-0.0283726
0.0037358
-0.0205826
-0.0220997
-0.0125293
0.0328993
0.0179354
-0.0003925
0.0008689
-0.0125277
-0.0354644
0.0159797
-0.0020152
-0.0297766
0.0192117
0.0128890
0.0225052
-0.0065434
-0.0183549
0.0219081
-0.0127592
-0.0161742
-0.0093868
-0.0033592
-0.0293693
-0.0024662
-0.0325769
0.0332088
0.0033741
0.0135645
0.0049842
-0.0204358
-0.0345669
0.0025350
-0.0224344
-0.0009834
-0.0051884
-0.0254178
0.0237162
0.0226465
-0.0046054
-0.0286964
-0.0068081
0.0329750
-0.0186442
0.0217332
-0.0239723
-0.0010714
-0.0301534
0.0356777
0.0262740
0.0251594
0.0227554
-0.0128928
-0.0160146
0.0178791
0.0241627
0.0260776
-0.0240162
-0.0278838
0.0275471
0.0444137
0.0437776
-0.0094311
0.0460258
-0.0170101
0.0204034
0.0096800
-0.0296731
-0.0379159
-0.0203229
-0.0530335
-0.0531872
0.0089177
0.0026223
0.0285489
-0.0172609
-0.0045056
0.0403822
0.1214644
0.1615129
0.1079002
-0.0382404
-0.1812621
-0.2080688
-0.1696314
-0.0127861
0.0638976
0.1570994
0.1343115
0.0765660
0.0143791
0.0442746
-0.0365583
-0.0444163
-0.0312225
-0.0430172
-0.0605166
-0.0213903
-0.0176463
-0.0160977
-0.0111175
0.0357205
-0.0134356
0.0294702
-0.0025956
0.0267566
0.0404760
0.0339342
-0.0361614
-0.0223994
0.0227270
-0.0007487
0.0263003
0.0244578
0.0151292
0.0257279
-0.0322313
-0.0080212
0.0329676
-0.0240069
0.0064820
-0.0251034
0.0346222
-0.0281347
-0.0346199
0.0239694
-0.0028877
-0.0343976
-0.0167011
0.0031367
0.0276994
-0.0090401
-0.0234373
0.0106269
0.0209253
-0.0012188
0.0195169
0.0032679
0.0044471
-0.0259345
-0.0250475
-0.0142306
0.0110892
0.0112856
-0.0003214
-0.0238351
0.0223265
0.0249473
-0.0004846
-0.0103398
0.0291817
0.0263148
-0.0339043
-0.0121793
0.0204171
0.0342837
-0.0177523
-0.0115787
-0.0029720
0.0323325
-0.0175357
0.0328602
0.0294958
-0.0172020
0.0121205
-0.0069495
0.0213490
0.0024619
0.0202399
0.0214141
0.0272555
-0.0105515
0.0029460
0.0218603
-0.0096391
-0.0283222
0.0303559
-0.0216883
-0.0243511
-0.0188153
-0.0337978
-0.0202678
0.0061705
0.0041901
0.0113748
0.0213170
-0.0296362
-0.0029855
-0.0031023
-0.0343923
-0.0297249
-0.0205103
0.0347349
0.0067092
0.0188029
0.0131058
-0.0300235
-0.0337050
-0.0306046
-0.0202823
0.0108746
0.0352279
-0.0007555
0.0031252
0.0108435
0.0187666
-0.0219706
0.0166092
-0.0249918
0.0021211
-0.0336930
0.0099037
0.0099871
0.0131955
-0.0059561
0.0043931
0.0113948
0.0092809
-0.0029421
0.0203830
-0.0334596
-0.0185913
-0.0343178
0.0302133
-0.0345034
0.0337744
-0.0184270
-0.0178937
0.0290462
0.0360480
-0.0198797
0.0199212
-0.0159593
-0.0107912
0.0034550
0.0048941
-0.0235427
0.0198240
0.0342130
0.0318169
-0.0295286
-0.0307668
0.0231127
-0.0285819
-0.0280386
0.0304081
0.0147265
-0.0216657
0.0142554
-0.0129575
-0.0128446
-0.0043722
-0.0195671
0.0303904
0.0184290
0.0087008
0.0309575
-0.0032409
0.0059484
0.0208643
-0.0343570
0.0309446
-0.0004684
-0.0114551
-0.0203800
-0.0349947
-0.0247165
0.0285749
-0.0115798
0.0101866
-0.0010570
-0.0353448
-0.0073281
-0.0012251
-0.0073308
-0.0040651
-0.0113618
0.0183960
0.0043589
0.0309045
0.0145648
0.0001030
0.0070275
-0.0186501
0.0267938
-0.0171305
0.0303030
0.0195789
0.0094023
-0.0049574
0.0252538
-0.0154310
0.0042412
0.0102608
-0.0147900
-0.0127097
0.0219411
0.0049011
0.0143347
0.0067387
0.0042704
-0.0243628
-0.0067365
0.0297725
0.0258443
-0.0352917
-0.0027936
-0.0451271
-0.0102698
0.0049878
0.0238709
-0.0116535
0.0182584
0.0045730
0.0453755
0.0495690
0.0137851
0.0165949
-0.0232234
-0.0425828
-0.0181863
-0.0172389
0.0020323
-0.0262814
-0.0124308
-0.0412977
-0.0169796
-0.0189811
-0.0594049
0.0319690
0.1664189
0.2406318
0.2472140
0.0627363
-0.2078533
-0.3839616
-0.3706378
-0.1363678
0.1183307
0.2062681
0.2070824
0.0838299
0.0181811
0.0520981
-0.0237893
-0.0363552
-0.0455757
-0.0283945
-0.0776369
-0.0693281
-0.0624864
-0.0255641
0.0128998
0.0288631
0.0215629
0.0194243
0.0464282
0.0239620
-0.0014886
-0.0187079
-0.0129961
-0.0372794
-0.0253915
-0.0120641
-0.0044123
-0.0230441
0.0239134
-0.0016694
-0.0372348
0.0344067
-0.0246150
-0.0076983
0.0411291
0.0116300
-0.0226348
0.0105249
-0.0195881
0.0255998
-0.0239949
0.0285932
-0.0084768
-0.0027739
-0.0325126
-0.0361618
0.0133749
-0.0195915
0.0275238
-0.0257147
-0.0163477
-0.0228260
-0.0248654
0.0082941
-0.0063261
-0.0238396
0.0020073
0.0158575
-0.0162035
0.0301217
0.0016703
0.0203520
0.0100813
-0.0082560
0.0169594
-0.0292817
-0.0158436
0.0240642
0.0291597
-0.0132580
0.0215390
0.0031862
-0.0348223
-0.0252684
0.0024911
-0.0129661
-0.0024196
0.0180112
0.0035395
0.0041649
0.0151876
0.0063117
0.0231841
0.0325949
0.0024724
0.0163961
-0.0357202
0.0143664
-0.0321614
-0.0154372
-0.0034155
0.0015438
0.0346167
0.0276807
-0.0086677
0.0002229
0.0111518
-0.0294766
-0.0238737
0.0112537
0.0126832
-0.0046452
-0.0129463
-0.0160294
-0.0072565
-0.0086743
0.0082146
0.0277649
0.0128636
-0.0212273
-0.0198382
0.0232425
-0.0302547
0.0011016
0.0072970
0.0241122
0.0263110
0.0242503
0.0074257
-0.0317082
0.0060745
0.0265373
0.0133115
0.0044066
-0.0161253
-0.0261141
-0.0291984
-0.0067226
0.0282672
0.0302966
0.0205140
0.0177906
-0.0215158
-0.0332720
0.0297663
-0.0223087
0.0348130
-0.0167556
0.0116844
0.0113087
-0.0098186
-0.0002108
-0.0102719
-0.0217476
0.0154812
-0.0050002
0.0295178
-0.0133306
0.0020307
0.0235659
-0.0314194
0.0331701
0.0219566
0.0134152
-0.0100866
-0.0138406
0.0001961
0.0156859
0.0236196
-0.0010838
-0.0024184
0.0339011
-0.0010844
0.0126617
0.0040998
0.0155370
-0.0246888
0.0049774
0.0214649
-0.0025165
-0.0080344
0.0012195
-0.0132232
-0.0022102
0.0058479
0.0085868
-0.0162679
-0.0233203
-0.0201558
-0.0341651
-0.0235580
0.0161804
-0.0227458
0.0128415
