-0.0145595
-0.0253939
0.0213019
0.0176500
0.0225422
0.0141073
0.0060669
-0.0203293
0.0160355
0.0351919
-0.0072873
0.0208457
-0.0324115
-0.0306745
0.0226174
-0.0252236
-0.0154601
-0.0258244
-0.0264036
0.0050461
0.0333493
-0.0010589
-0.0276499
-0.0194762
-0.0076964
-0.0094605
-0.0174734
-0.0131852
0.0099937
0.0136017
0.0292826
0.0131125
-0.0190905
0.0307701
-0.0110179
-0.0136001
-0.0153172
0.0291797
0.0018076
0.0076123
-0.0014166
0.0078204
0.0261941
-0.0352946
0.0283661
-0.0131030
-0.0118124
-0.0301218
-0.0142729
-0.0003561
-0.0283231
0.0183022
-0.0106994
-0.0059849
0.0321252
0.0146747
0.0192180
-0.0006880
0.0106036
0.0158976
-0.0363434
0.0172695
-0.0048079
-0.0062021
-0.0141805
0.0478281
0.0072057
-0.0005453
0.0260345
0.0198538
-0.0396975
-0.0012886
-0.0160767
-0.0463656
-0.0396359
-0.0296734
0.0081112
-0.0523291
-0.0258317
-0.0489431
0.0234163
0.0701476
0.1116341
0.1561877
0.1029342
-0.0092453
-0.2129074
-0.2309471
-0.1579040
-0.0296516
0.1057748
0.1301491
0.1106141
0.0586371
0.0235260
0.0159049
0.0213893
-0.0124640
-0.0002722
-0.0411315
-0.0123774
-0.0231538
-0.0203155
0.0051268
0.0144318
-0.0190264
0.0413307
-0.0113237
0.0293229
-0.0068308
-0.0113647
-0.0071755
0.0197593
-0.0354497
0.0021934
-0.0085569
-0.0334633
-0.0431232
0.0173304
-0.0018453
-0.0048895
-0.0275529
-0.0176856
0.0289582
0.0219740
-0.0200538
-0.0011155
0.0192323
0.0282184
-0.0318791
-0.0261746
-0.0258850
0.0080738
0.0131633
-0.0137429
-0.0216815
0.0149164
-0.0042711
-0.0023191
-0.0145472
-0.0248851
0.0193338
-0.0099502
0.0270784
0.0106886
-0.0077391
-0.0219583
0.0239618
0.0198893
-0.0040039
0.0148633
-0.0012861
-0.0259458
-0.0289686
0.0176858
0.0193633
0.0085760
-0.0164454
-0.0093887
0.0087367
0.0108550
-0.0105400
-0.0177595
0.0166312
-0.0332674
-0.0185704
-0.0342715
-0.0216341
-0.0261913
0.0159640
-0.0047300
0.0005195
-0.0263995
-0.0292681
0.0351172
-0.0247989
0.0093841
-0.0108147
-0.0352107
0.0021601
0.0044801
-0.0224577
0.0238002
0.0236270
-0.0243433
0.0119992
0.0068330
-0.0300710
-0.0153019
-0.0246990
0.0283640
-0.0024664
-0.0293832
0.0122629
-0.0008098
-0.0224102
-0.0075512
-0.0209515
-0.0186009
-0.0176581
0.0243286
0.0027168
0.0094330
0.0210238
0.0017272
0.0265109
-0.0308534
0.0069349
0.0323027
-0.0170986
0.0283842
0.0152156
-0.0001941
-0.0267329
0.0036328
0.0017977
0.0033419
-0.0027027
-0.0179846
0.0306426
-0.0026686
-0.0173301
0.0116732
-0.0085335
-0.0037812
-0.0022654
-0.0005972
-0.0026673
0.0031948
-0.0165161
-0.0187605
0.0344930
0.0285255
0.0351198
-0.0138904
0.0202019
-0.0067869
-0.0101745
-0.0153964
0.0110913
-0.0149814
0.0177855
-0.0179750
-0.0170435
0.0012252
0.0311827
0.0237259
0.0124656
0.0128877
0.0263307
0.0143406
-0.0018695
0.0199659
0.0165639
-0.0297980
0.0007234
0.0050735
0.0359132
0.0270843
0.0352915
0.0295478
-0.0247355
0.0239729
-0.0319308
-0.0198537
0.0310559
-0.0143965
0.0154956
0.0286043
-0.0169127
-0.0278034
-0.0355896
0.0194241
-0.0099992
-0.0138154
-0.0315232
-0.0314210
-0.0331723
-0.0012066
-0.0297928
-0.0091354
0.0255150
0.0024871
0.0174115
-0.0143387
-0.0269446
-0.0000134
0.0350370
-0.0268816
-0.0130591
0.0127293
0.0001334
0.0094380
0.0098263
-0.0293716
-0.0029005
0.0102049
-0.0269974
-0.0264452
0.0157630
-0.0117881
-0.0108572
0.0101920
0.0221067
0.0216873
0.0190547
0.0001710
-0.0067976
-0.0046238
-0.0326383
0.0038928
0.0045479
-0.0048336
0.0005862
0.0066631
-0.0191318
-0.0145100
-0.0201111
0.0075255
-0.0164642
-0.0254895
-0.0088849
0.0216453
-0.0206206
-0.0073420
-0.0364340
0.0232214
-0.0373378
0.0155456
-0.0255244
-0.0111946
0.0117723
0.0486780
0.0519654
0.0449059
-0.0247893
0.0101752
0.0032772
-0.0326326
-0.0350795
-0.0501407
0.0053308
-0.0410199
-0.0609245
-0.0702896
-0.0492421
0.0064847
0.0705045
0.2151006
0.2515638
0.1418197
-0.0872467
-0.2398801
-0.3211041
-0.2151377
-0.0304674
0.1551813
0.1740739
0.0998676
0.0361668
0.0076122
-0.0105556
-0.0314419
-0.0309023
-0.0441707
-0.0725523
-0.0360084
-0.0256449
0.0036244
0.0111608
-0.0088736
-0.0236564
-0.0148411
0.0234681
0.0052371
0.0504599
0.0478152
0.0187741
-0.0258544
-0.0181053
-0.0249325
0.0030346
0.0122325
-0.0199104
0.0059441
-0.0078289
-0.0301240
-0.0353024
0.0361860
-0.0225984
-0.0012094
0.0175203
-0.0070013
-0.0162561
0.0320655
0.0268283
-0.0290028
0.0235160
0.0191868
-0.0040823
-0.0228988
0.0018640
-0.0247328
0.0350385
-0.0286594
0.0074899
0.0297227
-0.0033223
0.0341732
0.0015608
0.0275413
-0.0189532
-0.0304982
0.0150349
-0.0238740
-0.0078328
0.0213136
-0.0025871
-0.0020896
0.0173493
-0.0181117
-0.0151528
0.0187564
-0.0077352
-0.0275689
-0.0126352
0.0128269
0.0230999
-0.0187679
0.0012659
-0.0290880
0.0280447
0.0183821
0.0013259
-0.0342331
-0.0182448
0.0317043
0.0293238
0.0037402
0.0179924
-0.0171117
0.0326116
0.0031931
-0.0199975
0.0139868
0.0148797
0.0152358
-0.0019993
0.0293895
-0.0075769
-0.0307139
0.0359455
0.0151129
-0.0017371
0.0180898
0.0220969
0.0154921
0.0276857
0.0265144
0.0228835
-0.0020795
-0.0161325
0.0076159
-0.0139969
0.0135326
-0.0067433
-0.0103226
0.0317618
0.0027444
-0.0141556
-0.0218857
-0.0218728
-0.0097012
-0.0335450
-0.0192245
-0.0125567
-0.0266829
0.0079302
0.0306391
-0.0274864
0.0038094
0.0185287
0.0132878
-0.0291629
-0.0347451
0.0304037
-0.0224534
-0.0307450
-0.0180896
0.0289850
0.0284482
0.0296886
0.0058818
0.0108463
-0.0018338
-0.0272047
-0.0095252
-0.0260246
-0.0071453
-0.0060169
-0.0004857
0.0173223
0.0040168
0.0275577
-0.0278020
0.0018485
-0.0100531
0.0214657
0.0034823
-0.0290732
-0.0077136
-0.0043853
-0.0114882
-0.0312144
-0.0126271
0.0078546
-0.0232757
-0.0072795
-0.0258063
-0.0165151
-0.0040326
-0.0314671
0.0272216
0.0168562
-0.0034858
-0.0245012
-0.0192908
0.0228035
-0.0072714
0.0051706
0.0208550
0.0045091
0.0183161
0.0003609
-0.0072948
-0.0141127
-0.0197421
-0.0127356
-0.0165661
-0.0293287
0.0314189
-0.0105897
-0.0313608
0.0145480
0.0196782
-0.0179842
-0.0292244
-0.0282180
-0.0097213
0.0248364
-0.0075201
-0.0233752
-0.0261040
0.0329196
-0.0062113
0.0202666
0.0075323
0.0161236
-0.0220895
0.0185647
0.0287319
-0.0310839
0.0036338
-0.0279722
-0.0146689
-0.0176112
-0.0298005
0.0119707
-0.0268821
-0.0250443
-0.0105911
-0.0340432
0.0295870
0.0183436
0.0144254
-0.0332289
-0.0332418
-0.0288525
0.0088499
-0.0099778
0.0062249
0.0344450
-0.0268541
-0.0222080
0.0280810
-0.0238668
0.0107115
-0.0102959
0.0224034
-0.0043819
-0.0112749
0.0009566
0.0112894
-0.0076606
-0.0165842
0.0039343
-0.0278716
-0.0049911
-0.0253498
-0.0059136
-0.0154002
0.0012566
0.0468676
0.0142160
0.0145494
0.0276728
0.0074831
0.0094868
-0.0062886
-0.0544544
-0.0444287
-0.0415676
-0.0157431
-0.0114046
0.0144684
-0.0377174
-0.0451657
0.0452523
0.1311906
0.1398999
0.1169524
-0.0129951
-0.1269308
-0.2030937
-0.1827219
-0.0572688
0.0436627
0.0957720
0.1240035
0.1031412
0.0217864
0.0444283
-0.0280982
-0.0165057
-0.0307707
-0.0108911
-0.0296009
-0.0008696
-0.0377195
-0.0199075
-0.0158911
0.0308586
0.0055015
0.0444077
0.0386947
0.0341376
-0.0174419
0.0281023
-0.0273458
-0.0249752
-0.0135536
0.0203672
-0.0313467
-0.0066759
-0.0228020
-0.0184953
-0.0118754
-0.0121824
-0.0303993
0.0004527
-0.0265920
0.0283564
0.0352777
-0.0118533
0.0045082
-0.0280635
0.0301598
-0.0282609
-0.0085490
-0.0151906
-0.0096170
0.0158090
-0.0182542
-0.0268213
0.0008530
-0.0188344
-0.0125182
-0.0283921
-0.0238986
-0.0136588
-0.0204450
0.0324942
0.0009264
0.0148993
0.0206251
0.0018016
0.0224055
-0.0022077
0.0138158
-0.0118590
0.0178678
0.0235131
0.0142603
-0.0343175
-0.0140577
0.0017081
0.0306648
-0.0012074
0.0081368
-0.0110038
0.0208646
-0.0171964
0.0135967
-0.0354161
0.0171923
-0.0206697
-0.0142151
0.0245180
0.0152563
0.0346320
-0.0333536
0.0026665
0.0147676
0.0305854
0.0225318
0.0244514
0.0130068
0.0288342
-0.0307801
-0.0247560
-0.0334891
0.0087212
0.0082853
0.0083719
0.0286691
-0.0127016
-0.0167965
-0.0211562
-0.0055903
-0.0060076
0.0107932
0.0045829
0.0339413
0.0214755
-0.0232754
0.0240266
-0.0033240
-0.0182197
-0.0171995
-0.0243586
-0.0017356
-0.0080684
-0.0231256
-0.0332213
0.0236981
-0.0087586
-0.0246421
-0.0148307
-0.0201636
-0.0285078
0.0280644
-0.0241694
0.0242920
0.0054831
-0.0321372
0.0196560
-0.0204660
0.0086462
-0.0336580
-0.0221676
0.0062980
0.0326787
-0.0122640
0.0028816
0.0196516
-0.0054078
-0.0201287
0.0101846
-0.0021954
0.0291209
-0.0239418
0.0338332
0.0240145
-0.0028781
0.0083630
-0.0113291
0.0189417
-0.0256022
0.0106492
-0.0037672
-0.0096440
0.0043619
0.0224752
-0.0294291
-0.0164943
-0.0089629
0.0132054
-0.0079384
-0.0140636
-0.0005987
-0.0022277
0.0241974
0.0124124
-0.0303849
0.0172416
0.0106999
-0.0213782
-0.0278486
-0.0039523
0.0117329
0.0254524
0.0304993
0.0337220
0.0226415
-0.0045081
-0.0317860
0.0177540
-0.0030923
-0.0258439
-0.0101505
-0.0229578
0.0320188
-0.0167635
-0.0267694
-0.0116624
0.0071252
-0.0116093
0.0300208
-0.0023671
-0.0304362
-0.0268365
0.0204788
0.0053338
-0.0153909
-0.0206707
0.0171769
0.0086762
-0.0297388
0.0145169
0.0135017
-0.0011895
0.0307015
0.0229516
-0.0230375
0.0126796
0.0175602
-0.0179586
0.0025798
0.0027484
-0.0045388
-0.0166181
0.0185170
0.0287274
-0.0160248
0.0355486
0.0125285
0.0023983
0.0108658
0.0285257
0.0131360
0.0110235
-0.0051165
-0.0094506
-0.0012282
0.0082851
0.0023814
-0.0433442
-0.0143837
-0.0193379
-0.0074809
-0.0053026
0.0144781
0.0349559
0.0450878
-0.0131761
-0.0197175
0.0159836
0.0051818
-0.0282487
-0.0334337
0.0077568
-0.0356186
-0.0541863
0.0064413
-0.0414099
-0.0300107
0.0077129
-0.0287702
-0.0401848
0.0307035
0.0638224
0.1152862
0.1345880
-0.0026858
-0.1071831
-0.2133520
-0.1279055
-0.1003568
0.0323525
0.0732783
0.0759088
0.0898100
0.0743291
-0.0064161
-0.0076922
0.0052890
-0.0252317
-0.0202313
-0.0279846
-0.0203272
-0.0365909
-0.0308645
-0.0001382
0.0386114
0.0026554
0.0153599
0.0025762
-0.0150638
0.0343600
0.0292288
0.0195629
0.0346344
-0.0023105
0.0224400
-0.0323832
-0.0362298
-0.0239396
-0.0325651
0.0280480
0.0264015
0.0323541
-0.0066275
-0.0234656
0.0231366
0.0014726
-0.0284780
-0.0244693
-0.0135321
0.0342790
-0.0159522
-0.0018018
0.0278592
-0.0041048
-0.0347232
0.0232004
0.0309640
0.0238578
-0.0334534
-0.0129404
0.0183391
0.0184430
0.0291443
-0.0340978
-0.0067617
-0.0317625
-0.0216085
-0.0046175
-0.0052657
0.0010005
-0.0072108
0.0032715
0.0098858
-0.0341886
0.0107289
-0.0046356
0.0198283
0.0029355
-0.0318064
0.0078428
0.0107948
-0.0307363
-0.0071452
0.0049809
-0.0171106
-0.0284690
-0.0330189
0.0314866
0.0007630
0.0098595
-0.0185320
0.0240088
0.0339980
-0.0009039
0.0027643
-0.0077837
-0.0301028
-0.0196000
0.0146834
-0.0007304
0.0244046
0.0070045
0.0329580
0.0254136
0.0326319
-0.0270622
0.0184410
-0.0144734
0.0146010
-0.0206899
0.0086567
-0.0212738
0.0087045
0.0288205
0.0042015
0.0002924
-0.0247364
-0.0215342
0.0300933
-0.0023957
0.0303998
0.0330090
-0.0167371
0.0020437
-0.0195499
0.0182858
0.0109481
-0.0009398
-0.0285665
-0.0309765
0.0152278
-0.0012191
0.0041340
-0.0232695
0.0200590
0.0164142
0.0267340
-0.0015908
-0.0283551
-0.0120730
0.0002283
-0.0329539
0.0113355
0.0077221
-0.0067124
0.0048589
0.0211452
0.0239310
-0.0127359
-0.0024235
0.0305507
0.0233058
-0.0280503
-0.0088618
0.0298919
0.0274350
0.0070672
-0.0258138
0.0334572
-0.0031103
-0.0235051
-0.0285491
0.0036836
0.0079602
0.0232573
-0.0017619
0.0052240
0.0301354
-0.0245851
0.0085069
-0.0272747
-0.0020045
-0.0297231
0.0211888
-0.0070476
-0.0191411
0.0132176
-0.0068583
0.0181550
0.0005615
-0.0075355
-0.0185410
-0.0041879
-0.0195640
0.0264108
-0.0147681
-0.0062194
-0.0207672
-0.0181858
0.0275918
0.0257753
0.0121910
0.0349368
0.0314793
-0.0105280
0.0025702
0.0325345
0.0224828
-0.0087280
-0.0054263
0.0059941
0.0354613
0.0047837
-0.0233758
0.0154109
-0.0273656
-0.0079262
0.0150026
-0.0258637
0.0018038
0.0188984
-0.0163621
0.0009193
0.0269192
-0.0197281
-0.0251228
0.0343456
0.0326908
-0.0236844
0.0021163
0.0088356
0.0115054
-0.0342146
-0.0103311
-0.0066431
0.0050126
0.0151503
-0.0102100
-0.0218862
-0.0099967
0.0079044
0.0304742
0.0284389
0.0132205
-0.0056947
-0.0151978
0.0171812
0.0027648
-0.0055380
-0.0020455
0.0095224
0.0165934
-0.0033721
0.0032264
-0.0038024
0.0461813
-0.0041256
0.0499182
0.0431161
-0.0123393
0.0072758
-0.0160324
-0.0047190
-0.0059955
0.0041787
-0.0162419
0.0066371
-0.0479877
-0.0228641
-0.0430384
-0.0584810
-0.0370540
0.0729085
0.2126510
0.2128453
0.1272425
-0.0724685
-0.2575175
-0.3462588
-0.1743233
0.0025384
0.1181351
0.1977187
0.1462763
0.0794688
0.0441943
0.0524484
-0.0220841
0.0002272
-0.0178609
-0.0144192
-0.0454686
0.0028484
-0.0383779
-0.0384494
0.0045948
0.0154523
-0.0055276
0.0368599
0.0421269
0.0000974
0.0038451
0.0299045
0.0345240
0.0014343
-0.0383882
-0.0335051
0.0195870
-0.0208588
-0.0044822
-0.0156612
-0.0168111
-0.0265983
0.0231525
0.0023054
0.0042934
-0.0012171
0.0069285
-0.0286349
-0.0271648
0.0151089
-0.0294564
-0.0004767
0.0178053
-0.0299057
-0.0073322
-0.0273793
-0.0241689
0.0200840
-0.0133264
0.0338822
-0.0060512
-0.0171862
-0.0094057
0.0096673
0.0208081
-0.0280561
-0.0066010
0.0034238
0.0041821
-0.0203228
-0.0188783
-0.0226582
-0.0062933
0.0119626
-0.0007123
0.0288913
-0.0219656
0.0208755
-0.0035606
-0.0340110
0.0342964
-0.0056289
-0.0054915
0.0001926
0.0342900
-0.0176485
0.0053267
0.0187242
0.0232132
0.0113545
0.0134868
-0.0325361
-0.0078859
0.0247154
0.0127697
0.0155343
0.0052599
-0.0022695
0.0239045
-0.0164367
0.0063333
0.0007396
-0.0314557
0.0146990
-0.0027346
-0.0255388
-0.0101970
-0.0178877
-0.0312870
-0.0134438
