-0.0852706
0.0390640
0.0004441
-0.0338954
0.0261021
0.1066290
0.0335893
-0.0270893
0.0540883
0.0547002
0.0506457
0.0047533
-0.0585113
-0.0479187
-0.1289979
-0.1245181
-0.0754990
-0.1080118
0.0078249
0.0790409
0.1723876
0.2620186
0.3275643
0.2532374
0.1844607
-0.0643302
-0.4107326
-0.4377823
-0.3607977
-0.1045498
0.1817284
0.1969793
0.1682424
0.1939801
0.0640579
0.0661943
-0.0110757
0.0087605
0.0043074
-0.0226545
-0.0481402
-0.0787466
-0.0967250
-0.0720049
0.0251975
-0.0386470
-0.0181133
0.0579179
0.0578687
0.0489675
-0.0413332
0.0814915
-0.0575953
0.0075525
-0.0688178
-0.0439855
-0.0010124
-0.0623380
0.0286253
-0.0118899
0.0010327
0.0098976
-0.0401762
0.0382104
0.0205272
0.0758109
-0.0171466
0.0484140
0.0417160
0.0317659
-0.0706073
-0.0539698
0.0466833
0.0482946
-0.0750651
0.0244773
0.0338283
0.0088220
0.0418283
0.0128588
-0.0511083
0.0091308
0.0344196
-0.0411048
-0.0212994
-0.0571973
0.0082219
0.0623287
-0.0167612
0.0506597
0.0538452
-0.0018438
-0.0128564
0.0509688
-0.0105450
0.0710438
0.0628884
0.0648211
-0.0693637
0.0198778
-0.0099559
0.0211651
0.0337870
-0.0093007
0.0383671
0.0239156
0.0424092
-0.0610440
-0.0132749
0.0111233
-0.0645299
-0.0412062
0.0512553
0.0386301
0.0340552
0.0053798
0.0126247
0.0447161
0.0114335
-0.0237758
-0.0096795
0.0427697
0.0010451
-0.0119968
0.0101127
0.0357323
0.0607667
-0.0412947
-0.0413167
0.0550987
-0.0217005
-0.0193464
-0.0643437
-0.0677952
0.0095619
-0.0269386
-0.0460514
-0.0630201
0.0339052
-0.0107179
-0.0400452
-0.0021387
0.0264541
-0.0179126
-0.0225133
-0.0451572
0.0381889
0.0273149
-0.0661475
0.0349368
-0.0092925
0.0130990
-0.0021634
-0.0531208
-0.0665605
0.0090965
-0.0092621
0.0427613
0.0376522
-0.0431953
-0.0417970
-0.0624262
0.0168698
0.0204010
-0.0141974
-0.0627365
0.0339368
-0.0463951
-0.0604917
-0.0415410
-0.0215172
0.0039435
0.0124900
-0.0631849
-0.0511848
0.0110832
-0.0310785
-0.0134637
-0.0377169
-0.0022985
0.0654130
0.0207333
-0.0170625
0.0102180
-0.0681603
-0.0346581
-0.0576669
0.0105690
-0.0358251
-0.0226517
0.0509248
0.0437843
-0.0703154
0.0169458
-0.0477491
0.0515680
0.0206809
0.0160245
-0.0533281
-0.0083071
0.0008287
-0.0245852
-0.0545164
-0.0229888
0.0424663
-0.0353320
0.0440433
0.0309925
-0.0045250
-0.0391149
0.0113811
0.0670728
0.0614681
0.0253276
-0.0252334
0.0108636
0.0640848
-0.0517523
-0.0037141
0.0574307
-0.0689989
0.0219519
0.0569044
-0.0282131
0.0055657
0.0307464
-0.0663014
-0.0343490
0.0401047
-0.0476255
-0.0001022
-0.0128178
0.0108762
0.0007973
0.0678445
-0.0367727
0.0683086
0.0307142
0.0450278
-0.0170183
-0.0450233
-0.0012891
-0.0076927
-0.0157095
-0.0214321
0.0597039
0.0399177
-0.0575334
-0.0690469
-0.0298701
0.0590002
0.0706493
0.0408173
0.0334232
0.0517168
0.0302977
0.0371119
0.0451355
-0.0413781
-0.0699964
-0.0009710
-0.0425194
-0.0642416
-0.0743671
-0.0116688
-0.0516633
0.0784433
0.0300424
0.0403733
0.0484664
0.0866473
-0.0260623
0.0315460
0.0104856
0.0194883
-0.0335525
0.0059387
-0.1416592
-0.1331480
-0.1122717
-0.0300196
-0.0306257
0.0810302
0.0975820
0.2281394
0.3377084
0.3238063
0.0265706
-0.2241752
-0.4719481
-0.4974166
-0.2292113
0.0512978
0.1697837
0.1957098
0.2369522
0.1317496
0.0492639
0.0803688
-0.0467006
-0.0194373
-0.1344654
-0.0671347
-0.0456349
-0.0554055
-0.0446353
0.0069585
0.0376913
-0.0207679
0.0132851
0.0516468
-0.0002262
0.0893755
0.0876577
0.0673624
-0.0208304
-0.0741130
-0.0594527
-0.0355827
0.0138040
0.0325510
-0.0623184
0.0378540
-0.0520070
-0.0049881
-0.0491516
0.0772287
0.0023900
-0.0126150
-0.0033057
-0.0438715
-0.0643554
-0.0636806
-0.0476025
-0.0107211
-0.0636481
0.0056881
0.0005113
0.0497694
0.0561217
0.0631898
0.0465072
0.0059741
0.0539128
-0.0389078
-0.0377328
-0.0646580
-0.0528726
-0.0207858
0.0553389
-0.0663653
-0.0082675
-0.0029135
0.0027341
-0.0204705
-0.0089990
-0.0680215
0.0646032
-0.0520675
-0.0267320
0.0192664
0.0496191
0.0386534
0.0074117
-0.0517365
-0.0455167
-0.0634941
0.0270254
-0.0376736
-0.0631178
-0.0671876
-0.0657901
-0.0154078
0.0302252
0.0256742
-0.0297892
0.0016763
0.0355907
-0.0620184
0.0077421
0.0085699
-0.0212243
-0.0481447
0.0674956
0.0260976
0.0107708
0.0353973
0.0695540
0.0275805
0.0198949
0.0658916
-0.0498694
0.0071263
0.0031649
0.0238000
0.0286826
-0.0418424
0.0029648
0.0392895
0.0640420
-0.0019498
-0.0608062
0.0411043
0.0071775
0.0532376
0.0128496
-0.0700401
0.0503202
-0.0504087
0.0338834
0.0685656
0.0590778
0.0506894
0.0438690
-0.0427398
-0.0103468
0.0613330
0.0174768
-0.0386191
0.0557381
0.0555363
0.0315613
-0.0151102
0.0282139
-0.0003754
0.0479021
0.0122693
-0.0074873
0.0465139
-0.0307575
0.0089815
0.0687190
-0.0478005
0.0500660
-0.0032253
0.0476623
-0.0668612
0.0569288
0.0231242
-0.0253796
0.0074329
-0.0419184
-0.0081468
0.0251798
-0.0411097
0.0092082
0.0645273
0.0443727
0.0031705
0.0474946
-0.0541696
0.0329303
-0.0070635
0.0304446
-0.0569034
0.0422028
0.0608320
-0.0215222
-0.0064657
0.0314146
-0.0013836
0.0040894
0.0120589
-0.0410297
-0.0522771
0.0160929
-0.0683943
-0.0325631
0.0540630
-0.0166810
-0.0592342
0.0206604
0.0496036
0.0166750
0.0354878
0.0357103
0.0460210
-0.0616793
-0.0421131
-0.0453825
-0.0087721
-0.0312517
0.0036508
0.0654898
0.0699526
0.0412132
-0.0323919
0.0628732
-0.0674403
-0.0183789
-0.0077667
0.0556809
0.0643326
-0.0245375
-0.0141348
-0.0226837
0.0683997
-0.0210738
0.0365012
-0.0079455
0.0171584
-0.0004829
0.0064380
0.0237632
0.0544465
-0.0146644
0.0193142
-0.0384220
0.0618681
-0.0278239
-0.0451193
0.0439999
-0.0568256
0.0508042
-0.0355895
-0.0147419
0.0602342
0.0518212
0.0198566
0.0317825
0.0089355
-0.0826474
-0.0814135
0.0168739
0.0170569
-0.0527380
-0.0300441
0.0412642
-0.0179638
0.1037033
0.0976478
0.0046667
0.0703243
-0.0695745
0.0369392
-0.0520038
-0.1031916
-0.0820898
-0.1437682
-0.0616538
0.0076915
-0.0472896
0.1104588
0.1135425
0.2814371
0.2940360
0.1896911
-0.0577056
-0.3473123
-0.4547397
-0.3674653
-0.1105139
0.0485366
0.1863817
0.2437723
0.2271137
0.1730561
0.0743655
0.0529970
-0.0565927
-0.1159648
-0.0227882
-0.0574879
-0.0943056
-0.0819032
-0.0562490
-0.0251834
0.0572219
0.0131429
-0.0043253
0.0408108
0.0982292
0.0130067
0.0365892
-0.0061551
0.0233463
-0.0153051
-0.0838791
-0.0722046
-0.0288042
-0.0275105
-0.0819922
-0.0341005
0.0000097
0.0184101
0.0036174
-0.0178164
0.0240712
0.0742680
-0.0384683
0.0279689
0.0226216
-0.0523046
0.0172402
0.0571641
-0.0245450
0.0058671
0.0649103
0.0482329
0.0412710
-0.0542740
0.0683328
0.0729097
-0.0033144
-0.0062954
0.0198848
-0.0463454
-0.0564006
-0.0323217
-0.0150464
0.0097005
0.0460445
0.0130154
-0.0348336
-0.0585940
-0.0298922
-0.0505140
0.0532221
-0.0543971
0.0022160
-0.0092665
0.0521713
0.0163350
0.0136967
0.0666074
-0.0574325
-0.0628151
-0.0056523
-0.0697192
-0.0572540
0.0098282
-0.0014547
-0.0213401
0.0128738
0.0474597
-0.0382035
-0.0253780
-0.0465830
-0.0247240
-0.0466479
0.0616623
0.0656986
0.0184603
-0.0679045
0.0239842
-0.0202950
-0.0157996
0.0587162
-0.0330417
-0.0298181
0.0559846
-0.0569402
0.0189158
-0.0055039
-0.0080424
-0.0489007
0.0503327
0.0029847
0.0687043
-0.0018472
-0.0176213
0.0298330
0.0172569
0.0169820
0.0279889
-0.0030432
-0.0072614
-0.0456055
0.0355669
0.0704326
0.0539916
-0.0191152
-0.0457560
0.0120045
0.0144035
0.0665326
0.0558592
0.0560225
0.0402848
-0.0580268
0.0129988
-0.0437986
-0.0633402
-0.0148824
0.0089369
-0.0311600
0.0084990
0.0260412
-0.0312242
0.0325743
-0.0344404
-0.0209989
-0.0209407
0.0345908
0.0310852
-0.0441959
-0.0090017
-0.0166568
0.0218812
0.0699100
-0.0551492
-0.0103301
0.0630354
-0.0338742
-0.0662782
-0.0027598
-0.0384397
0.0488457
0.0262196
0.0599961
0.0345502
0.0131118
-0.0298917
0.0086408
0.0125310
-0.0435771
-0.0221084
0.0168670
-0.0075366
-0.0577770
0.0143188
0.0665500
0.0113797
0.0657228
-0.0131714
0.0060482
-0.0001515
-0.0369906
-0.0322343
-0.0678818
0.0020317
-0.0511079
0.0081961
0.0684471
0.0214867
-0.0299116
-0.0622074
-0.0158493
0.0103421
0.0042881
-0.0575828
0.0464958
0.0142307
-0.0268594
0.0590399
0.0240667
0.0091935
0.0587793
0.0356067
0.0490898
0.0411428
-0.0656767
-0.0048630
0.0552440
0.0525284
0.0418544
0.0547036
-0.0082876
0.0117046
0.0239728
0.0199895
0.0414530
-0.0459488
0.0445689
0.0546760
0.0295853
-0.0265461
0.0438842
-0.0535384
0.0210263
0.0272073
0.0046023
0.0587235
-0.0083477
0.0582751
-0.0293435
0.0428510
-0.0032737
0.0120150
0.0387560
-0.0327699
-0.0211570
-0.0722382
-0.0515673
-0.0172251
0.0179282
0.0175353
-0.0000620
0.0137460
0.1123854
0.0547591
-0.0079669
0.0638073
-0.0409894
0.0095861
-0.0008007
-0.1271493
-0.1468566
-0.1114092
-0.0485460
-0.0212393
-0.0190373
0.0977555
0.2122093
0.2638519
0.3557790
0.2229291
-0.0593419
-0.3975824
-0.4312064
-0.3653549
-0.1178859
0.1041430
0.2816195
0.2836347
0.1975325
0.1763568
0.1106738
0.0662396
-0.0900555
-0.1056811
-0.1457078
-0.1192922
-0.1263957
-0.0957453
-0.0408124
0.0452265
-0.0253059
0.0719021
0.0261363
0.0770058
-0.0008987
0.0417189
0.0433378
-0.0475325
-0.0467059
0.0033487
-0.0511103
0.0137939
-0.0078012
-0.0533255
-0.0795618
-0.0490029
0.0475302
0.0323027
0.0344074
-0.0057905
-0.0013655
0.0637234
0.0293027
0.0685586
0.0541478
0.0637309
-0.0508540
-0.0534396
-0.0372967
-0.0351718
0.0086073
0.0390876
-0.0433226
-0.0508230
0.0247160
-0.0167986
-0.0130685
0.0615252
0.0690583
-0.0643312
0.0683690
0.0269529
-0.0035116
-0.0370752
-0.0168025
0.0105947
0.0137034
0.0429500
0.0340364
0.0137911
0.0707842
0.0622746
-0.0068253
0.0357620
-0.0129677
0.0400007
-0.0238545
0.0622341
0.0371881
-0.0362191
0.0292271
0.0606346
0.0092677
0.0205463
-0.0246282
-0.0147703
0.0111746
0.0082338
-0.0659188
-0.0011597
0.0654807
-0.0122075
0.0010950
-0.0477499
0.0409054
-0.0422207
0.0093295
-0.0489906
0.0486104
0.0480318
-0.0241886
-0.0462640
-0.0054990
-0.0336993
0.0229349
-0.0025188
0.0646916
0.0674759
-0.0541067
-0.0222298
0.0413994
0.0369123
0.0433829
0.0239668
0.0282401
-0.0533505
-0.0258319
-0.0500951
-0.0218629
-0.0182273
-0.0020483
0.0099180
-0.0466737
-0.0401117
0.0648804
0.0510805
0.0277460
0.0387305
-0.0222324
-0.0399019
0.0021275
0.0568261
-0.0058472
0.0615866
0.0106547
0.0077829
-0.0092879
0.0532973
0.0589268
0.0395512
0.0453468
-0.0081411
-0.0051114
-0.0641856
-0.0353047
-0.0521257
0.0317024
0.0390362
-0.0142750
0.0101693
-0.0456501
-0.0213067
0.0587982
-0.0032738
0.0275465
-0.0297245
0.0479113
0.0261421
0.0168043
-0.0052443
0.0345233
-0.0631837
0.0554645
-0.0445370
0.0653751
0.0255671
0.0231059
0.0325157
0.0440577
0.0140662
-0.0140139
0.0182038
0.0323806
-0.0131592
0.0256591
0.0679020
0.0370298
0.0118453
-0.0011558
-0.0062017
0.0330692
-0.0147325
0.0694994
0.0306677
-0.0657843
-0.0048983
0.0178975
-0.0452346
-0.0703258
-0.0036649
-0.0246070
0.0061406
-0.0002017
0.0407279
0.0614885
-0.0094352
0.0213083
0.0489240
-0.0126299
-0.0337653
-0.0537733
0.0091303
0.0075225
-0.0587404
-0.0615989
-0.0172604
0.0118008
-0.0352473
-0.0587984
-0.0466513
0.0331546
-0.0218042
0.0217961
-0.0503441
0.0603124
0.0006570
-0.0000464
-0.0048732
0.0161147
-0.0631991
-0.0229367
-0.0449658
0.0611122
-0.0144108
-0.0420422
0.0623542
0.0129447
0.0035976
0.0429442
-0.0140241
0.0280750
0.0156074
0.0216622
0.0694023
-0.0126961
0.0464189
-0.0434053
0.0139808
-0.0564642
0.0251797
0.0430878
-0.0192296
-0.0133155
0.0026580
0.0430907
0.0773204
0.0430377
0.0856920
0.0100255
0.0328537
0.0250861
-0.0254361
0.0197108
0.0243752
-0.0154905
-0.0260702
-0.0348627
-0.0837677
-0.0325070
-0.1126035
-0.0129727
0.1090204
0.1017695
0.2015953
0.2994550
0.2517113
-0.0122676
-0.3015266
-0.5000319
-0.4110569
-0.2826702
-0.0110041
0.2138275
0.3073336
0.1762588
0.1204308
0.0671081
0.0959912
-0.0147345
-0.0185338
-0.1368823
-0.0270345
-0.1204619
-0.0048033
-0.0173466
-0.0094235
-0.0317459
-0.0189581
-0.0259069
0.0086632
0.0467546
0.0566892
0.0596298
-0.0410746
0.0020488
-0.0369332
0.0042870
-0.0336185
0.0148376
0.0256620
-0.0565709
-0.0059680
0.0519654
0.0524216
0.0734374
-0.0551861
-0.0234903
0.0129716
-0.0185416
-0.0448694
-0.0282737
-0.0534809
0.0155587
0.0011036
-0.0526296
-0.0534474
0.0048508
-0.0677269
-0.0298117
0.0446670
-0.0347985
-0.0461967
-0.0495130
-0.0304415
-0.0308213
0.0394858
0.0641923
0.0417325
0.0649418
-0.0177713
0.0620273
0.0266175
-0.0028953
-0.0680091
0.0426380
0.0696577
0.0076603
-0.0351357
-0.0702177
0.0696114
0.0386773
0.0708582
0.0591438
0.0431510
0.0233928
0.0606960
0.0312269
-0.0138107
0.0348751
-0.0452135
0.0137192
0.0013112
0.0556318
-0.0536610
-0.0143152
-0.0073077
0.0633974
0.0300122
0.0515080
-0.0623462
0.0593834
0.0158700
-0.0617599
-0.0575845
0.0375207
0.0479663
-0.0153284
0.0304692
-0.0584825
0.0308708
-0.0325049
-0.0127355
0.0244381
-0.0662484
-0.0089106
0.0468287
0.0107325
0.0125151
0.0318761
-0.0393348
0.0688217
-0.0196116
0.0611439
-0.0391696
0.0001947
-0.0485054
-0.0068847
0.0291596
-0.0482618
0.0351757
0.0659188
-0.0692591
0.0665306
-0.0647325
0.0256599
0.0047430
-0.0479887
-0.0304980
0.0653850
-0.0187286
0.0633999
-0.0561573
0.0440418
-0.0635655
-0.0333382
0.0363893
-0.0237405
0.0655790
0.0267998
0.0526723
-0.0578395
0.0115793
-0.0445951
0.0447125
0.0261537
0.0098783
-0.0071449
-0.0570212
0.0044799
-0.0498002
-0.0096337
0.0537508
-0.0074335
-0.0655494
-0.0061547
-0.0674964
0.0051603
0.0037554
0.0648669
0.0134622
-0.0200198
-0.0228650
-0.0137980
0.0478939
-0.0238634
-0.0134206
0.0556450
-0.0453070
0.0659246
-0.0206021
0.0213493
0.0497892
0.0688061
