0.0563398
0.0262077
0.0509532
-0.0345233
-0.0379250
-0.0403080
-0.0778975
0.0311047
-0.1120041
-0.1206811
-0.0370970
-0.0572341
-0.0714191
-0.0522255
0.1095491
0.1030400
0.1897675
0.3390855
0.2096293
0.0468023
-0.2653929
-0.4348683
-0.4318164
-0.1159703
0.0954891
0.1534834
0.1884976
0.1335384
0.1567402
0.0403012
0.0956653
0.0379789
-0.0918448
-0.0733636
-0.0171977
-0.0530121
-0.0193047
-0.1031948
0.0171790
0.0586866
-0.0477872
-0.0209616
0.0589559
-0.0195634
-0.0323231
-0.0475501
-0.0088121
-0.0198411
0.0302344
0.0368137
0.0521344
0.0345378
-0.0488017
-0.0240515
-0.0017694
0.0332214
-0.0072542
0.0389288
0.0008031
0.0485101
0.0287585
0.0118281
0.0100251
-0.0614749
-0.0238969
-0.0152882
0.0515419
-0.0196223
-0.0015424
-0.0383753
-0.0107007
0.0247455
0.0478124
-0.0020849
0.0169441
0.0398982
0.0273438
0.0493177
-0.0395999
-0.0361476
0.0241354
0.0606273
-0.0166054
0.0008407
-0.0335745
0.0645768
-0.0125632
0.0548609
0.0373735
-0.0618455
0.0299353
0.0483463
0.0506473
0.0680631
-0.0492486
0.0297773
0.0042742
0.0159819
-0.0230206
0.0248938
-0.0508503
0.0384555
-0.0351547
0.0474415
0.0074735
-0.0092924
-0.0648815
0.0032819
-0.0174876
0.0319922
-0.0313357
0.0710130
-0.0219756
-0.0557490
0.0161187
0.0563448
-0.0499569
0.0566832
-0.0225373
0.0182082
0.0627424
-0.0453387
0.0161141
0.0122529
-0.0315950
-0.0423227
-0.0326477
-0.0629014
0.0366592
0.0706966
-0.0121757
0.0665533
0.0367514
0.0339848
0.0663931
0.0010031
-0.0339503
-0.0019611
0.0246248
-0.0012411
-0.0000610
0.0623845
0.0427167
-0.0351177
0.0190996
0.0619619
0.0695301
-0.0410851
0.0639013
-0.0026017
0.0036733
0.0262184
0.0654540
0.0027710
-0.0662098
-0.0447152
-0.0302950
-0.0237032
-0.0010428
-0.0530458
-0.0539976
-0.0227415
0.0129315
-0.0692637
0.0723866
-0.0176832
-0.0354993
0.0085711
0.0426320
0.0335933
-0.0363591
0.0260269
-0.0632904
-0.0666247
0.0350605
0.0127007
-0.0385552
0.0080573
-0.0033759
0.0123559
-0.0562191
-0.0266321
-0.0066718
0.0626507
-0.0552111
-0.0533522
0.0592365
0.0112893
-0.0145895
-0.0008645
-0.0421830
-0.0694664
0.0036027
0.0047690
-0.0119025
0.0610258
0.0728196
0.0594790
0.0325787
0.0160072
-0.0340998
-0.0068524
0.0563054
0.0236150
0.0124006
-0.0324753
-0.0312368
-0.0664824
0.0655388
0.0341395
0.0168345
0.0080932
-0.0097486
0.0260933
0.0807058
-0.0486197
-0.0462807
0.0282742
0.0140583
-0.0530214
-0.0511943
-0.0627194
-0.0612474
0.0308083
-0.0065992
0.0190439
-0.0152016
0.0838668
-0.0076965
0.0547668
0.0850914
0.0727368
0.0125940
0.0126347
-0.0213597
0.0052214
-0.0113193
-0.0205782
-0.1532701
-0.0878079
-0.0185080
-0.0572784
0.0305293
0.2492284
0.3600731
0.2294953
0.1124749
-0.0780394
-0.3233043
-0.4422068
-0.2266984
-0.0702863
0.0237018
0.1068531
0.1168275
0.1918627
0.1373310
0.0240448
0.0653719
0.0136639
-0.1099568
-0.0625133
-0.0415384
-0.0635531
-0.1116522
-0.0696487
-0.0588680
0.0311083
0.0697834
-0.0243447
0.0642595
0.0913224
-0.0081159
0.0073200
-0.0384043
0.0405702
-0.0563475
0.0113108
0.0112642
-0.0193609
0.0162101
-0.0541654
-0.0003564
0.0601180
0.0072888
-0.0491518
0.0622224
-0.0137546
-0.0461727
0.0118899
-0.0457246
0.0220449
-0.0015499
0.0100533
-0.0179194
0.0227999
0.0087220
-0.0749754
0.0076528
0.0568609
-0.0192935
-0.0387872
0.0598637
-0.0585162
-0.0550866
-0.0258588
-0.0027676
-0.0555719
0.0252712
0.0672329
0.0295066
-0.0664768
-0.0648985
-0.0186822
0.0681286
-0.0710301
0.0605512
-0.0651598
-0.0465810
-0.0201176
0.0724923
-0.0265572
-0.0650802
-0.0376402
0.0102518
0.0295369
-0.0645932
0.0112288
0.0054474
0.0534932
0.0539610
0.0298879
0.0685450
0.0612807
0.0544786
0.0281866
0.0155293
-0.0153606
-0.0336781
-0.0128584
-0.0417031
-0.0300675
-0.0108090
-0.0005423
-0.0239487
-0.0260150
-0.0175906
0.0127930
0.0278116
0.0387982
0.0562051
0.0346320
-0.0560015
0.0651589
-0.0077939
0.0671955
-0.0508998
0.0390827
0.0072027
0.0487614
0.0630852
0.0106379
0.0421875
-0.0441926
0.0426311
0.0633916
-0.0275086
-0.0169118
-0.0416369
0.0057361
0.0175500
-0.0373592
-0.0510408
0.0233153
0.0161322
0.0690006
-0.0409850
-0.0325627
0.0601380
-0.0415912
0.0254235
0.0253716
-0.0497657
0.0118244
0.0521757
0.0667945
0.0462068
-0.0697957
0.0439291
0.0689693
-0.0074745
-0.0308504
-0.0082686
0.0374757
-0.0143255
0.0591167
0.0516999
-0.0237899
0.0300050
0.0293747
0.0430063
-0.0471885
-0.0594918
-0.0104824
-0.0591390
0.0012679
0.0085137
0.0225374
-0.0282867
-0.0434297
0.0074345
0.0220955
0.0464882
0.0360708
0.0555106
0.0101348
0.0583282
-0.0675676
-0.0572210
-0.0386846
0.0640635
-0.0682373
-0.0222008
-0.0008318
0.0491087
-0.0595953
0.0446340
-0.0227741
0.0396591
-0.0359896
0.0623905
-0.0345334
0.0175709
-0.0590659
0.0305858
0.0437182
-0.0198094
0.0385031
-0.0384800
-0.0273644
0.0080928
0.0576122
-0.0295906
0.0754309
-0.0094636
0.0660786
0.0263089
-0.0686355
-0.0630608
-0.0819229
-0.0450004
-0.0002096
-0.0337177
-0.0612553
-0.0348656
-0.0271666
-0.0029475
0.0932516
-0.0035579
0.0158587
0.0086877
-0.0645692
0.0075975
-0.0269236
-0.1086462
-0.1111206
-0.0264953
-0.0730261
-0.1192033
-0.0677388
0.0194159
0.1579948
0.1591500
0.3142775
0.1771654
0.1352439
-0.1699224
-0.3255486
-0.3982771
-0.1946065
-0.0697788
0.1328169
0.2085241
0.1195162
0.1283955
0.0446106
0.0740713
-0.0438366
-0.1042382
-0.0567868
-0.1380152
-0.1249394
-0.0862653
-0.0601062
-0.0380419
0.0586243
-0.0012411
0.0879376
-0.0137546
-0.0067467
0.0665260
-0.0085869
-0.0000478
-0.0597800
0.0417404
0.0500548
0.0265364
-0.0888350
-0.0353100
-0.0758800
0.0308386
-0.0404367
-0.0127841
0.0702571
-0.0109932
-0.0463903
0.0235635
-0.0046253
0.0399889
-0.0532788
-0.0517400
-0.0101224
0.0077855
0.0085441
-0.0598627
-0.0451267
0.0322162
-0.0215666
0.0512103
0.0608179
-0.0502003
-0.0441874
-0.0373370
0.0086497
0.0323098
-0.0505448
0.0151356
-0.0438763
-0.0159915
-0.0705946
0.0662200
0.0439914
-0.0542540
0.0191852
0.0462455
-0.0631301
-0.0272393
-0.0600157
0.0300232
-0.0019231
0.0413823
0.0446689
0.0364895
0.0142642
-0.0643357
0.0319164
0.0614924
-0.0358004
0.0429826
0.0152641
0.0035465
-0.0474434
0.0094287
0.0244181
-0.0135896
-0.0181778
0.0455043
0.0256781
-0.0587678
-0.0319136
-0.0007074
-0.0622893
-0.0390351
0.0632257
-0.0441996
-0.0628181
-0.0137283
-0.0454410
0.0009119
-0.0363703
-0.0131217
0.0255220
-0.0496914
-0.0331816
-0.0479084
-0.0708502
-0.0572137
0.0624077
-0.0249477
0.0403245
-0.0328401
0.0337120
0.0215550
0.0141283
0.0300099
0.0081445
0.0707022
0.0684819
0.0291224
-0.0248727
-0.0037784
-0.0217847
0.0017038
0.0514274
0.0447585
-0.0591214
0.0298970
-0.0576766
0.0717700
0.0690443
0.0672384
-0.0105334
-0.0413775
-0.0235639
-0.0036831
-0.0059713
-0.0383679
0.0218560
0.0096859
0.0027974
-0.0132811
-0.0583730
0.0276741
-0.0504145
-0.0075607
-0.0562775
0.0346590
-0.0197346
-0.0225805
-0.0362428
-0.0476002
0.0241191
-0.0115000
-0.0526012
0.0420835
-0.0473524
-0.0372439
0.0035237
0.0547268
0.0087662
0.0191047
-0.0616125
-0.0571073
0.0297947
-0.0324380
-0.0449951
-0.0292702
0.0116336
-0.0124931
0.0399482
0.0157984
0.0309085
-0.0028363
0.0217371
-0.0658370
-0.0647850
0.0419356
0.0598927
-0.0270123
0.0773913
-0.0404065
0.0192623
0.0321779
-0.0649700
-0.0731458
-0.0289142
0.0124002
0.0129259
-0.0406171
0.0230889
0.0342857
0.0232456
-0.0380478
0.0724999
0.1100173
0.0081330
-0.0127337
0.0639827
0.0102063
0.0410441
-0.0749388
-0.0716021
-0.0502138
-0.0338143
-0.1475740
-0.1030303
-0.0182794
-0.0332141
0.0173900
0.1732993
0.1997414
0.2973869
0.2549356
0.0185951
-0.2182991
-0.3854754
-0.4055387
-0.2576246
-0.0407033
0.1717088
0.1832639
0.2112563
0.1613717
0.1689686
0.0649423
0.0372169
-0.1046859
-0.0995879
-0.0826640
-0.1070250
-0.1044544
-0.0500210
-0.0357710
0.0471299
0.0414257
-0.0143725
0.0030383
0.1053900
0.0069503
0.0475938
0.0766405
0.0284502
0.0312665
-0.0564536
0.0201310
0.0188535
-0.0871321
0.0489300
-0.0007123
-0.0214468
0.0676458
0.0517704
-0.0578192
0.0590619
-0.0238653
0.0291231
0.0150021
0.0393698
0.0520311
-0.0629811
0.0230869
-0.0670370
0.0079566
-0.0551034
0.0591087
0.0534728
0.0214684
0.0561394
-0.0655530
-0.0475993
0.0025145
-0.0562639
0.0333334
-0.0509223
-0.0236331
-0.0241888
-0.0079173
-0.0696096
-0.0381610
-0.0170850
-0.0421879
-0.0086707
0.0440625
0.0362321
-0.0550964
0.0028818
-0.0242165
-0.0205525
0.0608312
-0.0346587
0.0318627
-0.0503196
0.0615891
0.0333473
-0.0304113
0.0202910
-0.0009397
-0.0053181
0.0526052
0.0211237
-0.0697014
-0.0359918
-0.0225809
0.0240448
-0.0217709
0.0371884
-0.0594081
0.0670357
-0.0291184
0.0208449
0.0638956
0.0644925
-0.0146018
-0.0368383
-0.0642266
-0.0212093
0.0255246
0.0282092
-0.0466252
-0.0331563
0.0339397
-0.0559536
-0.0291890
0.0685426
0.0396802
0.0113750
0.0476325
0.0386092
-0.0276315
-0.0453855
-0.0555766
-0.0050946
0.0449309
-0.0178573
-0.0396242
0.0147564
0.0377141
0.0595336
-0.0294665
-0.0484505
0.0272880
0.0648614
-0.0336380
0.0202916
0.0077872
-0.0610311
-0.0618030
0.0674124
-0.0379493
-0.0502248
0.0318586
0.0557432
0.0532121
0.0443306
-0.0103041
-0.0687949
-0.0064204
0.0519146
0.0260346
-0.0348694
0.0360626
0.0689653
-0.0154072
0.0039331
-0.0698818
0.0365645
-0.0265405
-0.0250184
-0.0057492
-0.0650687
0.0053332
0.0421441
-0.0616736
-0.0469235
0.0033899
-0.0340165
0.0492144
-0.0655429
0.0022238
0.0197596
-0.0190299
-0.0145076
-0.0172848
-0.0229368
-0.0530687
0.0313706
0.0061176
0.0393083
0.0435953
-0.0366822
0.0535954
0.0055965
0.0244368
0.0258394
-0.0400733
0.0486646
-0.0206794
0.0424377
-0.0580257
0.0439170
-0.0469955
0.0414823
0.0024445
0.0588575
-0.0079185
0.0170892
0.0414429
0.0850542
0.0339924
-0.0238414
-0.0206977
0.0333185
-0.0234479
-0.0563018
-0.0299167
-0.0856602
-0.0827542
-0.0583025
0.0143215
0.0629357
-0.0417464
0.0079846
0.0974834
-0.0114053
0.1040001
0.0403018
-0.0072055
0.0285181
0.0159222
-0.0970015
-0.0442467
-0.1633192
-0.0406957
-0.0985727
-0.0634472
0.0069100
0.1144378
0.2652572
0.4537448
0.4826169
0.2045668
-0.1494184
-0.4323913
-0.5545596
-0.3137889
-0.0293163
0.0718439
0.2633645
0.2318505
0.1310063
0.1285510
0.1004450
0.0532398
-0.0170483
-0.1155242
-0.0553623
-0.1246868
-0.0541704
-0.1062212
-0.0905647
0.0478967
-0.0255597
0.0063621
-0.0168168
0.0706787
0.0296746
0.0547514
0.0371322
0.0701980
-0.0098789
-0.0041548
-0.0692955
-0.0746448
0.0146563
0.0084329
0.0460672
0.0483482
0.0578300
-0.0361963
0.0610131
0.0476197
0.0657409
0.0082383
0.0701983
0.0425269
-0.0556977
0.0414829
-0.0065627
0.0480542
0.0414160
0.0528305
0.0047812
-0.0645929
-0.0203763
0.0333350
-0.0561363
0.0311438
-0.0019396
-0.0597190
0.0094970
0.0379291
-0.0235639
0.0502283
0.0552388
-0.0049056
0.0092907
0.0593611
-0.0095763
-0.0145447
-0.0051976
-0.0290286
0.0084429
0.0566558
0.0065505
0.0395510
-0.0108610
0.0461258
0.0613224
-0.0428211
-0.0077271
0.0540418
-0.0139911
-0.0594129
0.0644213
-0.0351085
-0.0249306
-0.0531190
0.0004091
0.0627036
-0.0323584
-0.0371966
0.0569664
-0.0035916
-0.0466961
0.0607450
-0.0280533
0.0329209
-0.0679668
0.0453312
0.0655114
-0.0614733
0.0318959
-0.0341882
0.0696911
-0.0500815
0.0522732
-0.0373209
-0.0480971
0.0537745
-0.0208257
0.0213187
-0.0254216
0.0319291
-0.0644246
0.0046369
0.0362570
0.0451483
-0.0021987
-0.0196038
-0.0164803
-0.0567912
0.0113008
0.0419843
-0.0282820
0.0003851
-0.0375624
0.0439278
-0.0515200
-0.0612862
-0.0272962
-0.0138506
-0.0157882
0.0512860
-0.0347568
-0.0641915
0.0072076
0.0662788
0.0129202
-0.0221531
-0.0639783
-0.0274445
-0.0158431
-0.0162769
0.0669798
0.0162406
-0.0152901
0.0169661
0.0679413
0.0012708
0.0410235
0.0135588
0.0317916
-0.0190474
0.0287663
-0.0441003
0.0371426
0.0676806
-0.0024995
0.0268680
0.0047569
-0.0659964
-0.0319048
-0.0668631
-0.0176686
-0.0109507
-0.0381257
0.0176315
0.0037779
-0.0572323
-0.0102660
-0.0152594
0.0405838
0.0363765
-0.0310578
0.0111407
0.0567987
-0.0234786
-0.0343798
-0.0194904
0.0578127
-0.0689317
-0.0655983
0.0593298
0.0576088
-0.0051214
0.0170018
-0.0188802
-0.0507286
0.0625683
0.0099957
0.0353898
0.0602544
0.0492891
0.0526840
-0.0166301
0.0516919
-0.0441261
-0.0179321
-0.0562810
0.0511236
0.0325191
-0.0838270
-0.0857723
-0.0270596
-0.0092658
0.0345188
0.0163604
0.0576231
0.0881479
0.0555794
0.0133378
0.0789286
0.0390625
-0.0422150
-0.0729859
0.0362716
-0.0337013
-0.0275870
-0.0534239
-0.1233946
-0.0233163
-0.0142990
0.0179886
-0.0577266
0.1139602
0.2442962
0.2687769
0.2875711
0.0837997
-0.2243418
-0.4108401
-0.3570366
-0.1953759
0.0002907
0.0478446
0.1746685
0.2237790
0.2105786
0.0517273
-0.0098998
0.0516670
-0.0323221
-0.0312141
-0.0159807
-0.0549633
-0.0033226
-0.0954834
-0.0090210
-0.0376614
-0.0384928
0.0761620
-0.0021710
0.0999871
0.0389912
0.0161982
0.0440933
0.0542912
0.0328769
-0.0834442
-0.0785005
0.0497781
0.0448779
0.0030762
0.0409434
0.0509704
-0.0381190
-0.0184194
-0.0031330
0.0725751
0.0651521
-0.0197661
0.0583296
-0.0567483
-0.0381454
0.0122244
-0.0332711
-0.0249805
0.0154350
0.0143898
-0.0643062
-0.0271921
-0.0073896
-0.0023779
0.0030924
0.0195027
0.0153866
-0.0463175
0.0494628
-0.0322054
0.0362587
-0.0491541
-0.0191579
0.0129042
0.0153819
-0.0147938
0.0006448
-0.0467690
0.0589762
0.0018712
-0.0373955
0.0260520
0.0339790
0.0135375
0.0264093
-0.0355027
0.0380335
0.0365551
0.0163213
0.0688941
-0.0695352
-0.0322449
0.0550213
-0.0060815
0.0516370
-0.0322653
-0.0049269
-0.0344827
-0.0467354
-0.0128668
-0.0079491
0.0309235
-0.0381779
-0.0152823
-0.0240055
-0.0304084
-0.0093523
-0.0140766
-0.0029104
-0.0162352
-0.0293508
