-0.0243408
-0.0330403
-0.0066210
-0.0064172
0.0357544
0.0393487
0.0289655
-0.0386982
-0.0139883
-0.0084335
-0.0086362
0.0203817
-0.0049675
0.0262286
-0.0314856
0.0097986
0.0196253
-0.0189244
-0.0314737
0.0287495
-0.0315132
0.0187385
-0.0359375
-0.0346992
0.0021094
0.0048963
-0.0111086
0.0239646
-0.0120030
-0.0088513
-0.0223124
0.0012079
0.0051181
0.0086223
-0.0074483
-0.0388760
-0.0275656
-0.0290979
0.0017262
-0.0271189
0.0141103
-0.0405249
0.0141174
-0.0334775
-0.0188191
-0.0313643
0.0295969
0.0328766
0.0217687
-0.0277347
-0.0176059
-0.0064893
-0.0029482
-0.0167376
0.0244840
-0.0231215
0.0203436
-0.0391978
-0.0069723
0.0331407
-0.0239840
-0.0383607
0.0247543
0.0390721
-0.0351318
-0.0011084
0.0079511
0.0252508
-0.0158626
0.0170903
0.0300588
0.0362836
-0.0250252
-0.0019471
0.0062281
0.0407571
-0.0415323
-0.0192863
0.0328685
-0.0143461
0.0214792
-0.0229814
-0.0350362
-0.0250087
-0.0193726
-0.0370734
-0.0010597
0.0325014
-0.0318573
0.0274527
-0.0040250
0.0377240
-0.0185702
0.0068465
-0.0270938
0.0353827
-0.0052540
-0.0097433
0.0321160
-0.0107709
-0.0170812
0.0250693
0.0206984
-0.0221646
0.0183289
0.0382065
-0.0000516
-0.0195154
-0.0333915
0.0007778
0.0114554
-0.0276122
-0.0001803
-0.0147836
0.0005128
0.0084515
0.0274920
-0.0383508
-0.0117365
-0.0321101
-0.0253618
0.0144172
0.0076761
0.0280477
-0.0227323
0.0218243
0.0265501
-0.0039203
-0.0261652
-0.0105800
0.0409636
0.0401693
-0.0074688
0.0520573
0.0794972
-0.0023290
-0.0669747
-0.0965913
0.0268080
0.0611078
0.0458234
-0.1521087
-0.1831935
-0.1232093
0.1095923
0.2288714
0.1748904
0.0098698
-0.1471314
-0.0917677
-0.0617360
0.0039668
-0.0631238
-0.0533881
0.0076952
0.0170774
0.0682761
0.0352744
0.0235817
0.0226120
0.0141516
0.0304445
-0.0013816
-0.0448559
-0.0361220
-0.0479616
-0.0498642
0.0102064
-0.0147827
-0.0040812
0.0284180
0.0425646
0.0350009
0.0377196
0.0027581
0.0416074
0.0380628
0.0018804
0.0010521
0.0025206
-0.0187840
-0.0126192
0.0183978
0.0290845
-0.0078067
-0.0030302
-0.0385901
0.0045293
0.0375706
0.0212691
0.0005011
0.0080238
0.0147326
0.0399824
0.0071564
-0.0327521
0.0300405
-0.0212141
0.0060954
-0.0213823
-0.0346457
-0.0184686
-0.0387337
0.0369719
0.0129838
0.0189377
-0.0149984
-0.0064911
0.0130775
0.0203840
-0.0229187
0.0352057
0.0155177
-0.0172557
0.0298013
0.0268226
-0.0322920
-0.0275047
-0.0157749
-0.0182330
0.0323267
-0.0415669
0.0350539
-0.0420205
0.0032736
-0.0235529
-0.0086966
0.0131222
0.0390999
0.0358862
-0.0067176
-0.0376655
-0.0020186
-0.0150755
0.0041270
-0.0239900
-0.0068658
-0.0382528
-0.0028621
0.0186837
-0.0021065
-0.0250825
-0.0184374
-0.0303179
0.0095065
-0.0026292
-0.0043978
0.0136276
0.0119230
-0.0023090
-0.0292780
0.0027094
-0.0354051
-0.0066028
0.0215832
-0.0010418
-0.0264187
0.0421416
-0.0082921
-0.0092654
0.0348690
0.0126537
0.0311278
-0.0387430
0.0170357
0.0258202
-0.0123909
-0.0280632
0.0336862
-0.0338792
0.0229986
-0.0157302
-0.0013645
-0.0121241
-0.0364328
-0.0161094
-0.0268831
0.0324182
0.0060532
0.0292219
0.0230946
0.0295177
-0.0040790
-0.0273891
-0.0178920
-0.0347865
-0.0113646
0.0305718
-0.0004542
-0.0229701
0.0082550
0.0228745
0.0444566
-0.0313837
-0.0215932
0.0245273
-0.0060687
-0.0383243
-0.0162322
-0.0387884
-0.0032574
0.0134921
-0.0083435
0.0280398
-0.0241944
-0.0272267
-0.0252064
-0.0064570
-0.0153568
-0.0292005
-0.0043160
0.0229553
-0.0393068
0.0222373
-0.0166667
0.0152197
-0.0173803
0.0067927
0.0240271
-0.0166051
-0.0060200
0.0262735
0.0369116
0.0077668
0.0341539
-0.0284024
-0.0292472
0.0319947
-0.0287937
0.0142860
-0.0040316
-0.0096905
-0.0239643
0.0147434
0.0049424
-0.0104151
-0.0374112
-0.0353576
0.0031936
-0.0085814
0.0161105
0.0081804
-0.0254111
0.0007551
0.0019545
0.0175780
0.0341917
-0.0217137
-0.0057004
0.0383877
0.0271261
-0.0164892
-0.0053941
0.0290932
-0.0273756
0.0214971
-0.0442500
-0.0377321
-0.0387122
-0.0464820
-0.0236892
-0.0223443
-0.0087372
0.0266490
0.0484123
0.0189123
0.0505315
0.0475987
0.0584807
0.0752432
0.0239683
-0.1045552
-0.0282658
0.0318737
0.0052026
-0.0364761
-0.1440615
-0.1643619
0.0498019
0.2812711
0.2976991
0.1071962
-0.1233975
-0.2198953
-0.1597933
-0.0115378
-0.0317728
-0.0669136
-0.0459891
0.0354306
0.0001607
0.0479142
0.0215365
0.0324172
0.0524934
0.0231975
0.0030256
-0.0132767
-0.0184959
0.0255310
-0.0433257
-0.0434304
-0.0247149
-0.0147429
0.0354535
0.0111196
-0.0350198
-0.0171743
0.0322152
0.0251287
0.0305458
0.0045430
-0.0315728
0.0216349
-0.0300753
0.0111010
-0.0336682
0.0355002
0.0196207
-0.0291363
-0.0220212
0.0263421
-0.0372887
-0.0098349
-0.0015052
-0.0119181
0.0171621
0.0329015
-0.0230526
0.0043276
-0.0064497
-0.0085679
-0.0115978
0.0271051
0.0284010
-0.0348138
0.0114707
-0.0399026
0.0258265
0.0211076
0.0351289
-0.0012516
0.0149390
0.0308417
-0.0103487
-0.0306473
0.0209305
-0.0016491
0.0247936
-0.0281527
0.0058625
0.0119966
-0.0071527
-0.0087189
-0.0155611
-0.0370925
0.0328890
-0.0264372
0.0115102
0.0234180
-0.0319958
0.0201788
-0.0170177
0.0054647
0.0383266
0.0370651
-0.0150346
0.0091886
-0.0021454
-0.0073367
-0.0019759
-0.0216977
0.0006417
-0.0227039
-0.0058452
-0.0336729
0.0397446
-0.0124727
-0.0395559
-0.0253934
0.0205460
-0.0272724
-0.0040567
-0.0013716
0.0181275
-0.0195891
0.0053457
0.0297205
0.0280503
0.0242178
0.0373487
-0.0145177
0.0315848
0.0033309
0.0035585
-0.0179992
-0.0232699
0.0193504
-0.0317604
-0.0001504
-0.0063346
0.0258459
-0.0244216
-0.0147522
0.0188307
0.0053556
0.0403175
0.0040070
-0.0151859
0.0064913
-0.0210679
0.0182976
0.0171031
-0.0280599
0.0145300
-0.0323034
-0.0254762
-0.0108807
-0.0226014
0.0320332
0.0368336
-0.0008822
-0.0075860
0.0339727
0.0085716
0.0181561
-0.0331471
-0.0017514
0.0223408
-0.0296707
0.0066928
0.0345662
0.0275138
-0.0373590
-0.0168833
-0.0020288
0.0153834
0.0218086
-0.0376826
0.0125128
-0.0118517
-0.0183272
0.0088765
0.0078613
0.0002569
-0.0389510
0.0327347
0.0146200
0.0312138
-0.0130538
-0.0005111
0.0208781
-0.0097113
0.0253683
-0.0195433
0.0031020
-0.0391061
0.0055753
-0.0360457
-0.0292770
0.0104956
-0.0014522
0.0239329
-0.0217672
-0.0363813
0.0052546
-0.0272444
-0.0089040
0.0298005
0.0217530
-0.0148096
0.0193994
0.0053371
-0.0224802
-0.0207387
0.0109210
0.0221074
0.0039036
0.0219240
0.0374473
-0.0330844
0.0403465
-0.0324936
-0.0300977
0.0327283
-0.0005239
-0.0179445
-0.0387847
-0.0415700
0.0290277
-0.0106171
0.0266840
-0.0193101
-0.0152733
0.0421733
0.0201807
-0.0072789
0.0219002
-0.0350085
0.0309485
-0.0064743
-0.0319253
0.0032040
-0.0349674
0.0012859
0.0202750
-0.0125427
0.0376021
0.0012561
-0.0235428
0.0230508
0.0242705
-0.0204107
0.0348805
0.0384514
0.0042135
-0.0031460
0.0282121
-0.0114804
-0.0436189
0.0031665
-0.0577389
-0.0087094
0.0662382
0.0108173
-0.0592803
-0.0319830
0.1394876
0.2627695
0.0917601
-0.2293979
-0.4318570
-0.2273117
0.1365906
0.3683467
0.2564050
0.0600228
-0.0991946
-0.1196626
-0.0210669
-0.0010260
0.0186544
-0.0111826
-0.0118463
-0.0036866
0.0178353
-0.0234610
0.0138968
-0.0153574
0.0490172
0.0082421
-0.0031816
0.0011292
0.0164997
-0.0254706
-0.0333900
-0.0312895
0.0127344
-0.0008254
0.0208109
0.0153438
0.0313706
-0.0245009
0.0355191
-0.0365106
0.0191995
-0.0288559
-0.0308474
0.0081831
0.0085632
-0.0224095
-0.0225623
-0.0014254
-0.0340875
-0.0272990
-0.0313048
0.0015937
0.0169671
0.0389008
0.0334256
-0.0127637
0.0172019
0.0415211
0.0349050
0.0059954
-0.0279897
0.0095173
-0.0385012
0.0172167
0.0053631
0.0348205
0.0200748
0.0288684
-0.0378994
-0.0107399
-0.0236541
0.0077252
0.0238312
-0.0233104
-0.0314025
0.0353260
-0.0061615
-0.0327556
0.0374926
0.0237384
0.0400314
-0.0262390
-0.0370892
0.0076560
-0.0146322
0.0220028
0.0291778
-0.0113473
0.0260204
0.0307028
0.0199692
0.0209134
0.0081493
0.0115716
0.0143687
-0.0045087
0.0186088
0.0275293
0.0396148
-0.0404307
0.0300009
0.0241816
0.0230406
0.0048219
-0.0184679
-0.0161777
-0.0290500
-0.0151666
0.0327381
-0.0375204
-0.0081282
0.0184989
0.0012938
-0.0006739
0.0204527
-0.0238727
-0.0191328
-0.0048130
0.0368048
-0.0032261
0.0281218
0.0320117
-0.0050915
-0.0078730
0.0227490
-0.0352117
-0.0239034
-0.0052370
-0.0204401
-0.0172506
-0.0314008
0.0165759
0.0096585
0.0051386
-0.0205137
-0.0138371
0.0105676
0.0124534
0.0223793
-0.0260982
0.0064371
0.0273735
-0.0101331
-0.0082286
0.0350075
0.0235452
0.0380801
0.0160489
0.0066199
0.0176433
-0.0303796
0.0246106
0.0037981
0.0397028
-0.0250425
0.0113788
-0.0130075
0.0067097
-0.0048097
0.0281873
0.0360638
-0.0022985
0.0218713
0.0124566
0.0168236
-0.0002217
0.0341341
0.0087015
-0.0033835
-0.0015321
-0.0214456
-0.0397570
0.0305578
-0.0056865
-0.0227122
0.0086460
0.0254547
0.0230501
-0.0055286
-0.0176460
0.0210032
0.0215439
0.0330985
-0.0020592
-0.0209725
-0.0341109
0.0094529
-0.0050082
0.0288148
0.0398386
0.0292347
-0.0392074
0.0114796
0.0145018
0.0363560
-0.0100630
0.0265677
0.0362528
-0.0050587
-0.0096064
0.0003254
-0.0220726
0.0109492
-0.0071801
-0.0070219
0.0001438
-0.0288377
-0.0371332
-0.0070307
0.0267308
0.0018458
-0.0314069
-0.0122749
0.0126623
0.0273752
-0.0335377
0.0012894
0.0126704
0.0052437
-0.0360138
-0.0386147
-0.0144676
-0.0142025
-0.0192678
-0.0377481
-0.0356662
-0.0281472
0.0089854
0.0027695
-0.0035419
0.0189540
-0.0345368
0.0264280
0.0034543
0.0169171
-0.0271701
-0.0157386
0.0034175
0.0168016
0.0047116
-0.0157927
-0.0049136
0.0111182
-0.0104205
0.0387698
0.0188883
-0.0477849
0.0189446
-0.0162417
-0.0285334
-0.1223181
-0.0594391
0.1034897
0.2669153
0.1770232
-0.1905893
-0.4227405
-0.3023208
0.0574079
0.3677742
0.2799787
0.0728150
-0.1286026
-0.1181191
-0.0351160
0.0200895
-0.0475219
0.0066293
-0.0091175
0.0486862
0.0231147
0.0390141
0.0480062
0.0478577
0.0485675
0.0024589
-0.0056731
0.0032196
-0.0433760
-0.0474672
0.0189207
-0.0364056
0.0053632
0.0237926
-0.0189900
-0.0290706
0.0250822
-0.0303062
0.0177428
0.0424264
-0.0008257
-0.0129175
0.0210707
-0.0156767
0.0004843
0.0151334
0.0066911
-0.0304303
-0.0345527
-0.0108512
-0.0050730
0.0065367
0.0157478
-0.0193082
-0.0362554
0.0330886
0.0418971
0.0136626
-0.0121421
-0.0402280
0.0168150
-0.0327998
0.0117440
0.0276628
0.0338736
-0.0202830
-0.0242966
0.0360744
-0.0163157
0.0045346
-0.0355742
0.0171739
0.0048845
-0.0176474
-0.0225386
0.0182770
-0.0360684
0.0139928
0.0202123
0.0202348
-0.0123263
-0.0316026
0.0026061
0.0148608
0.0265466
-0.0349139
-0.0113074
-0.0423256
-0.0038197
-0.0276009
-0.0227481
0.0294110
0.0211271
0.0300838
-0.0264679
0.0206738
-0.0067778
-0.0058300
-0.0400329
-0.0211902
-0.0302974
0.0001021
0.0212149
0.0194054
0.0100007
0.0073599
0.0429710
0.0418772
-0.0093570
0.0357570
0.0134292
-0.0282711
0.0239085
0.0148674
0.0075747
0.0102305
0.0094785
0.0386768
0.0190321
-0.0371669
0.0228507
-0.0378182
-0.0233654
-0.0258117
-0.0098990
-0.0105094
0.0246158
-0.0014125
0.0315171
0.0022719
-0.0223383
-0.0373080
0.0078052
0.0026052
-0.0245176
0.0326886
-0.0156272
0.0228513
0.0019141
-0.0123392
-0.0009405
-0.0094997
0.0068858
0.0305968
-0.0366406
0.0006481
0.0050303
-0.0032736
-0.0241798
-0.0017019
0.0172522
-0.0389583
0.0288564
-0.0006267
0.0096313
0.0079302
0.0222972
0.0091050
-0.0407263
0.0093115
0.0312039
-0.0262900
-0.0103564
-0.0127995
0.0214360
0.0240649
-0.0282127
-0.0358865
-0.0297175
-0.0086109
-0.0376488
-0.0290499
-0.0161459
0.0320279
0.0102895
-0.0178412
-0.0203568
0.0394500
-0.0312491
0.0015511
-0.0043273
0.0351733
0.0270859
0.0382741
-0.0066633
-0.0401223
0.0237550
-0.0261268
-0.0239483
0.0136079
-0.0143652
0.0237672
-0.0213937
-0.0266692
-0.0257451
-0.0386364
-0.0201159
0.0170301
-0.0189314
-0.0096546
-0.0357714
0.0392524
0.0360970
-0.0229032
-0.0400690
0.0088299
-0.0063613
-0.0383415
-0.0060657
0.0037570
-0.0251555
-0.0159768
0.0217343
-0.0090290
0.0348469
-0.0084244
0.0090100
-0.0182386
0.0265508
-0.0370088
-0.0161457
-0.0290421
-0.0268751
0.0091130
-0.0022157
-0.0167273
0.0000617
0.0067066
0.0347891
0.0474922
0.0121707
0.0056325
0.0563258
0.0716309
-0.0034903
-0.1035327
-0.1231467
-0.0785511
0.0287952
-0.0690242
-0.1067021
-0.0566645
0.0445950
0.1655215
0.2258180
0.0979821
-0.1108405
-0.1737121
-0.1071823
-0.0636793
-0.0608453
0.0132396
-0.0203229
0.0452839
0.0689185
0.0697908
0.0200033
0.0000575
-0.0089337
0.0461100
0.0232812
0.0207803
0.0138532
-0.0497023
-0.0324611
-0.0063230
-0.0201195
-0.0105805
-0.0161869
0.0314770
-0.0156265
-0.0332879
0.0025497
0.0414863
0.0262677
0.0156267
0.0121916
-0.0262125
0.0070578
0.0243808
-0.0331445
-0.0261684
-0.0297519
-0.0322813
0.0283788
-0.0056827
0.0398910
0.0417338
-0.0395186
-0.0152163
-0.0294901
-0.0003573
0.0076306
-0.0312380
0.0374362
-0.0069126
-0.0070738
-0.0083784
-0.0406460
0.0111372
-0.0177190
-0.0064170
0.0127641
-0.0276703
0.0284558
-0.0208844
-0.0176415
-0.0223696
-0.0100872
-0.0361783
-0.0044773
-0.0321352
0.0101041
-0.0006666
-0.0085531
0.0261779
0.0372232
-0.0069960
0.0292741
-0.0004228
-0.0099193
-0.0308308
0.0084141
0.0287461
0.0027653
0.0130422
0.0417439
0.0169167
0.0009667
-0.0062679
-0.0191759
0.0394712
-0.0392600
0.0189670
-0.0406578
-0.0253583
0.0291328
-0.0020367
0.0266833
-0.0017984
0.0289547
0.0290057
0.0028228
0.0179127
-0.0117067
-0.0385471
0.0140612
0.0001783
-0.0186892
0.0049629
0.0236720
-0.0351613
-0.0302912
0.0249906
0.0141180
-0.0205331
0.0389108
0.0201445
0.0256810
-0.0085645
-0.0267247
0.0408090
0.0241726
0.0222836
-0.0106155
0.0378649
-0.0100121
-0.0063591
-0.0132942
-0.0161109
0.0002107
-0.0071238
0.0188188
0.0372417
-0.0142159
