0.0179997
-0.1139724
-0.0564069
0.0797404
-0.0835046
-0.0328758
0.1111144
0.1024449
-0.0888197
-0.0068519
-0.0950099
0.0444055
0.0420988
-0.0688360
0.0921145
0.0067008
-0.1257817
-0.1118443
0.0208733
-0.0334745
-0.0144326
-0.0037555
0.1005106
-0.0046444
0.0223714
-0.0088732
0.0788987
-0.0226817
-0.0733980
-0.0616724
-0.0740872
0.0463111
0.0408207
-0.0973006
-0.1224000
0.0206694
0.0188361
0.0666349
0.1920628
0.1555191
0.1095268
0.1337190
0.0941065
0.0202819
-0.1293312
-0.1190019
-0.2342469
-0.1120229
-0.1866118
-0.3756086
-0.2879766
-0.2587264
-0.0702075
0.1242259
0.4154599
0.6555756
1.1156590
0.8472900
0.1945999
-0.6090378
-0.9286606
-0.9813221
-0.9321575
-0.4702040
0.1692181
0.6006299
0.7737791
0.7556283
0.5442626
0.1845908
0.0344595
-0.1901833
-0.1462147
-0.2405350
-0.3346443
-0.2489388
-0.2789558
-0.0472276
0.0877707
-0.0310149
0.1650532
0.0389184
0.0697819
0.0230895
0.0774669
-0.0019239
-0.0135249
0.0125897
-0.0017322
-0.0357035
-0.0674868
-0.0473632
0.0445462
-0.0627655
-0.0330351
-0.1244143
-0.0287558
0.0000667
0.0722367
0.1474880
0.0775063
0.1081558
0.0198319
-0.0838779
-0.1224889
-0.1435614
-0.1219119
0.0442609
-0.0634172
-0.1267075
0.0052517
-0.0124273
0.1140580
-0.0202666
0.0372625
0.0160752
-0.0419547
0.0357596
0.1182597
-0.1111459
-0.1404660
0.0257708
-0.0436479
0.0848204
-0.0242384
-0.0609846
0.1157630
0.1158253
-0.0747570
0.0385889
0.1434374
0.0231950
-0.0094311
-0.0936283
0.0757925
-0.1360694
-0.1385804
-0.0135415
-0.0577545
-0.0217501
0.1295594
-0.0544710
-0.0092473
0.1084489
0.0733224
0.1326169
0.1252941
0.1062100
-0.0550145
-0.0688020
-0.0765379
-0.1423783
-0.0432667
-0.1654317
-0.1852422
-0.1563044
-0.1038642
0.0929550
0.1992572
0.1654925
0.1075394
0.1764593
0.1228420
0.1001287
0.0109540
-0.1842181
-0.2855325
-0.3010781
-0.3741678
-0.3845935
-0.1937208
-0.1976289
-0.0581822
0.1864056
0.3661546
0.7859663
1.2113700
0.7421641
0.1546594
-0.5566657
-1.1184508
-0.9605734
-0.9402089
-0.6282499
-0.0777388
0.5069178
0.7622753
0.9452321
0.6123885
0.4053651
0.0896569
-0.1869155
-0.2157864
-0.3082749
-0.3915802
-0.3182276
-0.2565286
-0.1688632
-0.1009570
0.0807154
0.1606668
0.1436313
0.0992139
0.0789341
0.0101945
0.1767138
0.0705408
0.0843423
0.0336813
-0.1625593
-0.0332827
-0.2050947
0.0463741
-0.0116304
0.0020240
0.0347937
0.0675364
0.1153725
0.1573295
-0.0425379
0.0559592
0.1628256
0.1230281
0.0109179
0.0009440
0.0745361
0.0213108
-0.0867006
0.0092079
-0.0601762
-0.0503987
0.0103859
0.0351011
-0.0739716
0.1471976
-0.0009505
-0.0171691
0.0555904
-0.0810340
0.0552837
0.0436846
0.0976787
-0.0644783
0.0727034
-0.0285344
-0.0470359
0.1102515
0.0430001
0.0853901
-0.0741413
0.0520933
0.1124912
0.0436687
-0.1468938
0.0256216
-0.0163828
0.0140347
-0.0115645
0.0603041
0.1038043
0.0993253
0.1674636
0.0450489
0.1296841
0.1466553
0.0772927
0.0752410
0.1035292
-0.0635161
-0.1185455
0.0266577
-0.1033342
-0.0749834
-0.0771940
0.0125409
0.1268729
0.0875975
0.0336450
0.0545413
0.1389521
0.1483727
-0.0131949
-0.0424284
0.0260666
-0.0330425
-0.1599099
-0.1707354
-0.2268675
-0.2260515
-0.2436086
-0.1479037
-0.0122155
0.2401269
0.5791175
0.9477483
1.0818572
0.6388981
-0.0175218
-0.9342786
-1.1255896
-1.2535441
-0.9255931
-0.2294262
0.4262386
0.6737770
0.7596390
0.7895367
0.3486924
0.0296413
-0.0272715
-0.1899561
-0.3795105
-0.2831178
-0.2960163
-0.1771694
-0.0634910
-0.0395711
0.0436366
0.1558180
0.2311989
0.1274602
0.0391024
0.0719737
0.0950236
0.1466728
0.1265136
-0.1444763
-0.1643805
0.0390777
0.0362731
-0.0484392
-0.0541098
0.0331713
-0.0560015
0.0092693
0.0266127
0.0877963
0.0349171
-0.0013702
-0.0343209
0.1321943
-0.0078269
-0.0889488
0.0345062
-0.0059322
0.0514499
-0.1014150
-0.1249131
0.0192304
-0.0237754
-0.0837563
0.1334804
-0.0214922
0.0971884
0.1224254
-0.0528395
0.1033602
-0.0465258
0.0284440
-0.0370379
0.0541728
-0.0432746
-0.0159752
0.0356699
-0.0455488
0.0099487
0.0924925
0.0831151
-0.0556938
0.0085315
0.0145135
0.0046726
-0.1032548
-0.0845757
-0.1442460
0.0534254
-0.1034153
0.0532616
0.0496196
-0.0267788
0.0444322
0.1269609
-0.0459573
0.1599345
0.0088836
0.1022087
-0.0762167
-0.0567613
-0.0818100
0.0276387
-0.1179363
0.0085337
-0.0891972
-0.0572253
-0.1191870
-0.0872547
0.0361040
0.1532097
0.1220189
0.1515493
0.1433819
0.1342825
0.0059254
0.1494079
0.0295887
-0.1751772
-0.2338969
-0.1938962
-0.2432546
-0.2287975
-0.2491035
-0.1529335
-0.0118923
0.2204177
0.3364893
0.7952478
1.0492965
0.7751380
0.1880886
-0.7218449
-1.1560034
-1.1793889
-1.0028861
-0.2919091
0.1321226
0.5749134
0.8967670
0.6184319
0.5495575
0.1408894
-0.0736076
-0.2233934
-0.2377286
-0.2073370
-0.2356293
-0.1516893
-0.1228777
-0.0292177
0.0397143
0.1777556
0.1350355
0.2515789
0.0754413
0.1850605
0.0915381
0.1582250
-0.0439411
-0.1089118
-0.0066741
0.0353957
-0.1755335
-0.1351440
-0.0215471
-0.1460221
-0.1140364
0.1034967
0.0549857
0.0524031
0.1590602
0.0352048
0.1612848
-0.0106526
0.0281520
-0.0210826
-0.1318169
0.0477849
-0.1363890
0.0245320
-0.0016097
-0.1013896
0.0245509
0.0501125
0.0136340
0.0359674
0.0535156
0.0341255
0.1283508
-0.0163582
0.0108137
-0.0543091
0.0841416
-0.0484928
-0.0298430
-0.0808448
0.0198199
-0.1237497
0.0320611
0.0904791
0.0237233
0.0909698
-0.0039805
0.1291179
-0.0837229
-0.0611597
-0.1081979
-0.1527628
0.0249517
-0.0992601
-0.0013400
0.0158748
-0.1091271
0.0741767
0.0873727
0.1187235
-0.0864546
-0.0242238
-0.0875452
-0.0363266
0.1163735
0.0493207
-0.0413283
-0.1352773
-0.0446526
-0.0980165
-0.0148523
0.0387438
0.0813427
0.0471088
0.1237042
0.1545125
0.0690554
0.2693974
0.0583236
0.0371437
0.1195660
-0.0626800
-0.0731716
-0.2382621
-0.2136175
-0.3293561
-0.1870433
-0.2330231
-0.0660629
0.1002685
0.1659626
0.6564415
0.8411356
0.8718336
0.5644763
-0.2717342
-0.9983789
-1.2174932
-1.1502905
-0.5628553
-0.0203832
0.5660175
0.6299410
0.6735856
0.5503538
0.3933148
0.0330404
0.0042548
-0.2835042
-0.2348871
-0.2465083
-0.2350144
-0.2897547
-0.0419721
-0.1119572
0.0312797
0.0764471
0.0153270
0.0829217
0.2082397
0.0380846
0.0124273
0.1071780
-0.0946991
0.0018605
-0.1622200
-0.1718150
-0.1575108
-0.0271466
-0.1500908
-0.1150785
0.0183681
0.0493420
0.0057000
0.0321448
0.1594103
-0.0344369
0.1150570
-0.0846189
-0.0406465
0.0405905
0.0207532
-0.1342707
0.0718853
0.0676233
0.0319299
0.0244721
0.0392696
-0.0876276
0.0367133
-0.0710165
-0.0057263
-0.0942551
0.0696726
0.0206840
-0.1292625
-0.0881154
0.0625682
0.0416236
-0.0338512
0.0144227
0.0799286
0.0725270
0.0832229
-0.0047946
-0.0596602
-0.0740785
0.1553773
0.0096512
-0.0798866
0.1196756
0.0255629
-0.1055553
0.0344026
0.0857832
0.0888064
-0.1385536
0.0615233
-0.0618070
-0.0219024
0.0041546
-0.0202683
0.1272064
0.0997754
0.1463222
0.0705058
-0.0711491
0.0208978
0.0558697
-0.1861011
-0.1315919
-0.0202998
-0.0419227
-0.0788868
-0.0841048
0.0354109
0.0183059
0.2053996
0.1082311
0.1488413
0.0750710
0.2392571
0.0419333
0.0720664
-0.1848108
-0.2274374
-0.3132642
-0.4087954
-0.3011646
-0.2011810
-0.1599599
-0.0131010
0.0101004
0.3613428
0.9128850
1.0151814
0.9375271
-0.0047538
-0.7329243
-1.1485432
-1.1485953
-0.9771610
-0.6458079
-0.1830558
0.4228453
0.8952866
0.8141950
0.6817418
0.3133982
0.0714110
-0.2159650
-0.2679791
-0.1767056
-0.3125732
-0.3441476
-0.2836405
-0.0977613
-0.0418059
0.0999505
0.1427647
0.0906042
0.1171115
0.1901284
0.2389853
-0.0346030
0.0422729
-0.1028204
0.0478685
-0.0471497
-0.1607125
-0.1354214
-0.0994017
0.0359606
-0.0936886
0.0136377
-0.0620638
0.1132638
-0.0472353
0.0347325
0.0909219
-0.0556906
-0.0821797
0.0575507
0.0102286
-0.0582307
-0.0395019
0.0158976
-0.1316047
-0.0258110
0.0448598
0.1323929
-0.0509523
0.0157949
-0.0359999
0.0695754
0.0022555
-0.0326915
0.0930481
-0.0707863
-0.0378381
-0.0293382
0.0934499
-0.1075130
-0.1350657
-0.0058573
0.0819679
-0.0759518
-0.0686152
-0.0674079
-0.0699635
-0.1057668
0.0968846
-0.0646778
0.0308385
-0.0055255
0.0664504
-0.0247766
0.0591573
0.0941059
-0.0467034
0.0557094
0.0107038
-0.0079083
0.0168488
-0.0215290
0.1438029
0.1130752
-0.1211259
0.0076135
0.0356993
-0.1299848
0.0010847
-0.0842017
-0.0113626
-0.1029241
-0.0920176
0.1607205
0.1622541
0.1542420
0.1394801
0.0683473
0.1141946
0.2124971
-0.0936735
-0.1557899
-0.0639640
-0.2823394
-0.3850012
-0.3867070
-0.1879458
-0.2178417
-0.0296958
-0.1125542
0.3587958
0.6330417
0.9978877
1.0546833
0.4973114
-0.5209232
-1.0341426
-1.2101314
-0.9588756
-0.7135920
-0.3737775
0.3059494
0.8253320
0.7992148
0.7917013
0.2800081
0.0456525
0.0086966
-0.2185741
-0.2062063
-0.2485690
-0.3828207
-0.2282720
-0.1144416
-0.0990620
-0.0771099
0.1341609
0.1563387
0.0932389
0.2479520
0.1259674
0.0846108
-0.0339583
0.0125177
-0.1391296
-0.1821887
-0.1303648
0.0078027
-0.1386401
-0.0690012
-0.1423143
-0.0194874
0.1410873
0.1172625
-0.0149419
0.1532805
-0.0037329
0.1476181
-0.1007891
-0.0062535
0.0780047
-0.1470653
0.0669560
-0.1214684
-0.0845523
-0.0090083
0.0245887
-0.0794659
0.0075162
-0.0364634
-0.0618166
-0.0668289
-0.0290371
-0.0664615
-0.0421874
0.0250975
0.0019380
0.0676468
-0.0128070
-0.0624637
-0.0810365
-0.0438196
0.0201732
0.1259070
-0.0487069
0.0819810
-0.0458113
0.0679520
0.0894656
-0.0957221
0.1136219
0.0196692
-0.0839712
-0.1056498
-0.0001981
0.0665054
0.0909170
-0.1322896
0.0825762
-0.0170849
0.0496407
-0.0164817
-0.0056060
-0.0470554
-0.0231536
-0.0568565
0.0449691
0.0231177
-0.1305000
-0.1210901
-0.0359557
0.0111763
-0.0249677
-0.0401411
-0.0680345
0.0807194
-0.0656260
0.1084317
0.1441547
0.2165085
0.2182724
0.1254741
0.1868568
-0.0606573
-0.0552263
-0.1955053
-0.1831884
-0.2072314
-0.4169829
-0.4071585
-0.2858349
-0.1089286
-0.0867952
0.3761843
0.6756271
1.2901427
1.0245623
0.3046322
-0.4041958
-0.9086935
-0.8647034
-0.9598914
-0.8858199
-0.6347272
-0.0704390
0.7458816
1.0875422
1.0228312
0.6320174
0.1146045
-0.1376168
-0.1805672
-0.2505965
-0.2514008
-0.3212333
-0.2426074
-0.1850843
-0.0098534
0.1037322
0.0793354
0.2425235
0.2231401
0.2076608
0.2770393
-0.0018499
-0.0223081
-0.0294681
-0.0075376
-0.0793802
-0.0600414
-0.0228365
0.0088192
-0.0949801
-0.0549289
-0.0222193
-0.0996466
-0.0265471
-0.0334245
-0.0268092
0.1312582
0.0379771
0.1130290
0.0245189
0.0809978
-0.0978081
-0.0658193
0.0215399
-0.1375326
-0.0396364
0.0999127
0.0449043
0.0077706
-0.0104611
0.0488237
-0.0363474
-0.0049084
0.0145072
0.1282411
0.0489455
0.0427543
-0.1312936
-0.1095015
-0.0453870
0.0234879
0.0864466
-0.0351611
-0.0129813
0.0874459
0.0415464
0.0749685
0.0612709
-0.0232591
0.0997519
-0.1371831
0.0260789
-0.0639193
0.0034177
-0.1230129
-0.0997182
-0.0141664
0.0534511
-0.0031347
0.0634679
-0.0010105
0.1392815
0.0148735
-0.0404624
-0.0837249
0.0508739
-0.1387148
-0.0734919
-0.1820647
-0.1685331
-0.0300947
0.0054677
-0.0628655
-0.0021185
0.0013025
0.2047080
0.0729179
0.2511867
0.1855174
0.0155893
-0.1363756
-0.0943209
-0.0925084
-0.2881540
-0.2716312
-0.3239037
-0.2090026
-0.0025772
-0.1219186
0.1764727
0.6367901
0.9542425
1.0532039
0.6446604
-0.2653396
-0.9393214
-1.2415299
-0.9881376
-0.7538684
-0.3957572
0.2502749
0.7975510
0.8469616
0.7455244
0.5356001
0.1911865
-0.0934578
-0.1445128
-0.3660204
-0.2040577
-0.2704655
-0.2507970
-0.0988945
-0.0630045
0.0946833
0.0709532
0.1244149
0.1916399
0.1877900
0.1216579
0.1538331
0.1702953
0.0628078
-0.1201499
-0.0779266
0.0336603
-0.1446724
-0.1726079
-0.0607030
-0.0417216
-0.1176465
0.0948115
-0.0677754
-0.0005825
0.1051506
0.1279214
0.1038561
-0.0894572
0.0676819
0.0770880
-0.0388588
0.0585561
0.0349615
-0.0677758
-0.0963446
-0.0148666
0.0045736
0.0259370
-0.0244558
-0.0241015
-0.0365588
-0.0403853
0.0197839
-0.0856280
-0.0386124
0.0869029
0.0176798
-0.0343480
0.0358576
-0.0352602
0.0550905
-0.0146144
0.1055373
-0.0674087
0.0136119
0.0693444
0.0242855
-0.0632069
0.0699601
0.0633957
-0.0112081
0.0016969
-0.0167720
0.0318047
-0.1448206
0.0857770
0.1050291
0.0446763
-0.0515886
0.0493748
0.1200875
0.1665961
0.0980739
0.0696803
0.1006421
0.0863339
0.0805858
0.0766148
-0.1126192
-0.0698861
-0.0313482
-0.1272034
0.0417925
-0.0770195
0.0462186
0.0594304
0.1784868
0.1693846
0.0528333
0.2176047
0.0319928
0.1182636
0.0500551
-0.0576067
-0.1039249
-0.3048123
-0.2593484
-0.2084564
-0.2302986
-0.0957035
-0.2003624
0.0475993
0.2451853
0.6818243
1.0134244
1.0413512
0.4774715
-0.2469812
-0.9569798
-1.0453128
-1.1725740
-0.7808025
-0.2393817
0.3842392
0.6440191
0.8766349
0.6161113
0.3403629
0.0303346
0.0290019
-0.2341450
-0.2192985
-0.2271870
-0.2853783
-0.2868265
-0.0447185
-0.0694813
0.1280527
0.0801297
0.0000653
0.1995546
0.0994793
0.0803878
0.1196431
-0.0065441
-0.0657824
0.0883355
-0.1221986
-0.0238062
-0.0687379
-0.1347397
-0.1165330
-0.1412576
0.0448079
-0.0380253
-0.0626963
0.0904794
0.1545232
0.0585534
0.0361260
-0.0074459
0.0696704
0.1092663
-0.1047175
0.0813185
-0.0614215
-0.1181952
-0.1001490
-0.0031072
0.0909683
-0.0617119
0.0400492
-0.0997135
0.0881932
-0.0270755
0.1372361
-0.0404560
-0.0693426
-0.0042610
-0.0535375
-0.1324534
0.0206026
-0.0022260
0.0020036
0.0434161
0.0789554
0.1350880
-0.0739680
-0.0031941
0.0886523
0.1189965
-0.0005046
-0.1196009
-0.0996308
-0.0747453
-0.0664783
-0.0651532
-0.0134743
0.0600367
0.0726198
-0.0351809
-0.0827634
0.0751906
0.0331440
0.0692146
0.0669801
0.1758740
0.1398225
0.1250582
0.0546940
-0.1076358
-0.1100304
-0.2056230
-0.1192992
-0.0978347
-0.0532831
0.0395224
0.1210756
0.0595466
0.2177711
