0.0311560
-0.0311559
0.0365288
0.0127370
-0.0023537
0.0094745
0.0251201
-0.0370296
0.0233331
0.0110868
-0.0174587
0.0050856
-0.0293261
-0.0279108
0.0077350
-0.0305816
-0.0348691
0.0046813
-0.0365593
-0.0037558
-0.0353445
0.0361269
0.0004983
-0.0354455
0.0000616
-0.0298556
0.0063472
0.0125594
0.0156345
0.0380642
-0.0352586
0.0277795
-0.0054110
-0.0309995
0.0172129
0.0129219
-0.0385082
0.0384079
0.0279275
0.0278858
-0.0009097
-0.0132862
0.0185560
-0.0261290
0.0248690
-0.0241962
0.0333206
-0.0124151
0.0017793
-0.0120773
0.0280955
-0.0357690
-0.0082578
0.0266577
-0.0012311
-0.0138509
0.0390973
0.0398717
0.0401032
-0.0021753
0.0241489
0.0020629
-0.0410295
0.0261139
-0.0111241
-0.0106332
-0.0276905
0.0388060
-0.0085423
-0.0340706
-0.0339672
0.0187909
-0.0075928
0.0318164
-0.0015995
0.0268229
0.0000476
-0.0187017
0.0383343
0.0207759
0.0151957
-0.0160659
0.0219267
-0.0073697
0.0107866
0.0112675
0.0140827
0.0048103
-0.0421001
-0.0384492
0.0108155
0.0327211
0.0307123
-0.0328500
0.0238487
-0.0285780
0.0047090
0.0392078
-0.0361487
0.0295568
-0.0107625
-0.0162263
0.0347868
-0.0416799
0.0244426
0.0154958
0.0278585
0.0036827
0.0374676
0.0345403
-0.0337447
-0.0273849
0.0176399
0.0137285
-0.0053492
-0.0200508
-0.0423777
-0.0267804
0.0314854
0.0317894
-0.0160081
0.0321783
0.0332792
-0.0222653
0.0185842
-0.0017984
-0.0223729
0.0406633
-0.0151658
-0.0115145
-0.0317732
0.0003175
0.0029448
0.0040967
0.0211506
0.0006211
-0.0206339
0.0039561
-0.0269125
-0.0394068
0.0039123
-0.0167696
-0.0073963
-0.0366125
-0.0159821
-0.0173598
0.0022942
0.0227539
0.0174069
-0.0133964
-0.0107361
-0.0002598
0.0024340
0.0369110
0.0285897
0.0042889
-0.0115525
0.0015704
-0.0302641
0.0150163
-0.0302680
-0.0285486
0.0080622
-0.0269150
-0.0291160
0.0154978
-0.0175300
-0.0119535
-0.0029114
0.0345289
0.0158118
-0.0349523
-0.0231730
0.0354675
0.0067126
0.0172490
0.0016093
-0.0189295
0.0364152
-0.0099982
-0.0286543
0.0107819
-0.0003543
-0.0137858
-0.0210014
0.0206193
-0.0208370
-0.0045487
-0.0354157
-0.0086796
0.0353292
-0.0108811
-0.0076299
0.0229776
0.0455841
0.0285265
-0.0052830
0.0363178
-0.0405342
-0.0270146
-0.0378974
0.0207106
0.0429242
0.0194854
0.0003272
-0.0463353
0.0017544
0.1842583
0.1940063
0.0220134
-0.2355935
-0.3778912
-0.1991829
0.1675525
0.3739794
0.2620662
-0.0339099
-0.1061871
-0.0752534
-0.0444573
0.0015806
-0.0028086
-0.0009886
-0.0107833
0.0614262
0.0635115
0.0476177
0.0023558
-0.0230224
-0.0039704
-0.0114204
-0.0317692
-0.0033229
0.0225598
-0.0298491
-0.0008444
-0.0420520
-0.0263651
-0.0273143
-0.0123883
0.0047396
-0.0042836
0.0412580
0.0096853
-0.0270915
0.0445388
0.0101731
-0.0019820
0.0141471
0.0086873
-0.0376832
-0.0235350
0.0243347
0.0104430
-0.0167389
-0.0253679
-0.0185988
0.0257368
-0.0199838
0.0092891
-0.0376322
0.0082764
0.0372597
0.0083964
0.0147476
0.0311108
0.0098053
0.0232909
-0.0212444
-0.0283027
-0.0395899
0.0084145
-0.0020701
-0.0120270
-0.0076381
-0.0162350
0.0061586
-0.0210666
0.0046042
-0.0340009
-0.0228216
-0.0148857
0.0060380
0.0342155
-0.0097382
0.0315724
0.0012979
0.0076375
-0.0241715
0.0020427
0.0305176
-0.0178260
0.0232351
-0.0369542
-0.0243925
0.0051936
-0.0265962
-0.0017829
0.0268182
-0.0224201
0.0080642
-0.0108329
0.0276671
0.0149500
-0.0100600
-0.0118043
0.0263428
-0.0167230
0.0191003
0.0339539
-0.0236984
0.0147078
-0.0161316
0.0380969
0.0253269
0.0261224
-0.0093765
0.0314709
0.0272819
0.0000405
-0.0035302
-0.0104826
0.0259544
0.0288662
-0.0217959
-0.0155542
-0.0107168
0.0412931
0.0127360
-0.0024871
-0.0078967
0.0158933
0.0299549
-0.0156632
-0.0359959
0.0162618
0.0380314
0.0138590
-0.0288342
0.0357655
0.0099837
-0.0067116
0.0376550
0.0385752
0.0313244
-0.0298765
-0.0282297
-0.0096218
-0.0260343
0.0107174
-0.0172215
-0.0335423
-0.0037970
-0.0399292
0.0259928
0.0140071
-0.0162525
0.0346229
0.0045728
-0.0385086
0.0396038
-0.0088267
-0.0351670
0.0280817
-0.0365511
-0.0412409
-0.0232757
0.0030193
0.0176117
0.0200864
-0.0122805
0.0369699
0.0084830
-0.0306392
-0.0026468
-0.0009195
0.0215195
0.0222766
0.0307810
-0.0145664
0.0025663
0.0395134
-0.0381326
0.0207610
-0.0013254
0.0039477
0.0368635
-0.0270948
0.0368346
0.0401476
0.0037210
-0.0119395
0.0095473
0.0295464
-0.0041225
0.0140946
0.0395200
-0.0366667
0.0353365
-0.0112722
-0.0080672
0.0435188
0.0256139
-0.0094160
-0.0279434
0.0263445
-0.0297925
-0.0222438
-0.0097342
-0.0260329
0.0352402
-0.0347876
-0.0077487
-0.0282517
-0.0107086
-0.0104184
0.0097254
-0.0199918
-0.0235331
0.0020361
0.0256762
-0.0266925
0.0171350
0.0142709
0.0149640
-0.0403238
-0.0408240
0.0183577
-0.0333728
-0.0172483
0.0329765
0.0182694
0.0325896
-0.0315580
-0.0394239
0.0156089
0.0327204
0.0062607
-0.0085478
-0.0430349
-0.0033772
-0.0404134
0.0028997
-0.0101336
-0.0381854
0.0310648
0.0613161
0.0159663
0.0382153
-0.0715458
-0.0872950
0.0663618
0.1247126
0.0547979
-0.1427625
-0.2360669
-0.1276764
0.1532677
0.2224176
0.1760865
0.0155706
-0.1074378
-0.0813309
-0.0764133
0.0120069
-0.0313871
0.0093961
-0.0149119
0.0083231
0.0184490
0.0559993
0.0260016
0.0391752
-0.0203018
-0.0116886
-0.0171006
0.0147031
-0.0181512
0.0115200
0.0224049
-0.0164412
-0.0174229
-0.0161143
-0.0238860
0.0254254
-0.0056408
0.0057597
-0.0264956
0.0273077
-0.0302821
0.0352359
-0.0069377
0.0345692
0.0021559
-0.0043662
0.0143310
-0.0429863
0.0011711
0.0189641
-0.0116736
-0.0287585
-0.0255039
0.0387792
0.0388026
0.0070200
-0.0171002
0.0007045
-0.0207109
-0.0320425
0.0274910
-0.0068368
0.0288916
0.0208650
-0.0384645
0.0208211
-0.0157372
-0.0164141
-0.0006377
0.0166729
-0.0068846
0.0294414
-0.0304874
0.0195855
0.0394964
0.0305651
0.0201816
-0.0148069
-0.0262647
0.0243158
-0.0252536
-0.0205079
0.0177328
-0.0118492
-0.0203457
0.0042075
0.0340932
0.0331003
0.0347172
0.0250256
0.0177780
0.0212287
-0.0162459
-0.0305266
-0.0242885
-0.0035163
0.0127083
-0.0342711
0.0144929
0.0132650
-0.0101552
-0.0162016
0.0083371
0.0357924
-0.0147995
0.0022564
-0.0182320
0.0236165
0.0358246
-0.0310464
0.0169670
0.0170644
0.0183582
0.0102178
0.0180807
0.0411875
0.0247585
0.0070140
-0.0161166
0.0072597
0.0118089
-0.0017665
-0.0050885
-0.0067922
0.0329317
-0.0099487
-0.0351295
-0.0144201
0.0261937
-0.0123545
0.0247107
-0.0133275
-0.0109007
-0.0259472
-0.0086610
-0.0156219
-0.0438325
-0.0289257
-0.0254200
0.0389452
-0.0332769
-0.0046687
0.0446025
-0.0231824
0.0403670
-0.0179825
-0.0460727
-0.0118698
-0.0188933
-0.0072310
-0.0204635
-0.0000230
-0.0165973
-0.0198130
0.0366505
-0.0333606
0.0082458
-0.0216291
0.0288264
0.0055754
-0.0359073
-0.0066420
0.0029955
-0.0155108
-0.0049785
-0.0212202
0.0222641
-0.0039382
0.0304303
-0.0184434
0.0143465
-0.0270306
0.0106128
0.0180982
-0.0368262
0.0086307
-0.0236648
-0.0032202
0.0004376
-0.0190227
0.0263053
-0.0262537
-0.0355781
-0.0186627
-0.0390000
-0.0063323
0.0067476
-0.0010831
0.0392731
0.0050151
-0.0097876
0.0055438
0.0364251
0.0398362
-0.0354301
-0.0313420
0.0093866
-0.0012942
0.0188365
0.0324835
-0.0195359
-0.0348140
0.0200106
0.0270370
0.0277554
-0.0360144
-0.0383665
0.0193841
-0.0082178
-0.0067854
-0.0324807
-0.0130508
-0.0019298
0.0455821
-0.0057878
0.0188023
0.0364051
0.0250423
0.0019573
-0.0293920
-0.0209126
-0.0247000
-0.0110626
0.0052386
-0.0277925
-0.0272219
-0.0086399
0.0356924
-0.0101863
-0.0179678
0.0050869
0.0482862
0.0331060
-0.0578693
-0.0578071
-0.0012655
0.0413305
0.0425353
-0.1257228
-0.1885602
-0.1303062
0.0974644
0.3505282
0.3087019
0.1284512
-0.1339066
-0.1868416
-0.1178881
-0.0548940
-0.0168289
-0.0402592
-0.0332959
-0.0147387
0.0160503
0.0675480
0.0225830
-0.0161020
0.0064035
0.0457278
-0.0224092
-0.0221496
0.0217830
-0.0489397
-0.0466034
-0.0215625
-0.0254701
-0.0401388
0.0379555
-0.0095846
0.0432183
-0.0168334
-0.0057476
0.0247028
0.0051427
0.0256080
0.0022538
-0.0361931
-0.0284774
0.0009512
-0.0013597
-0.0311071
-0.0190761
0.0028041
0.0225506
0.0298580
0.0372837
-0.0200145
0.0435713
-0.0168187
-0.0206733
0.0356770
-0.0051927
0.0005378
-0.0386471
-0.0333733
-0.0365363
0.0055083
-0.0204120
-0.0046038
-0.0329158
-0.0087369
0.0350317
-0.0192838
0.0085842
-0.0268731
0.0317141
-0.0392806
0.0253505
0.0407082
0.0270748
-0.0158061
0.0327776
0.0280454
-0.0239630
0.0360385
-0.0375092
-0.0198210
-0.0213259
0.0390624
-0.0159468
-0.0375315
-0.0364410
0.0216604
0.0229794
-0.0330447
0.0041854
0.0024282
0.0015085
0.0253209
0.0360940
-0.0103927
0.0226173
-0.0231129
-0.0309503
0.0301373
-0.0053021
-0.0386288
0.0021414
-0.0043709
-0.0117252
-0.0277402
0.0367771
-0.0315985
0.0178393
-0.0254417
-0.0186845
0.0236148
0.0007258
0.0206577
0.0034869
0.0198570
-0.0383070
-0.0310045
0.0045296
0.0220310
-0.0165947
-0.0220392
0.0234197
0.0293945
0.0050095
0.0165323
-0.0405199
-0.0160379
0.0317099
0.0134586
-0.0182771
-0.0249043
0.0361746
-0.0178986
0.0010596
0.0247483
-0.0022903
0.0004029
0.0225705
0.0321993
-0.0080831
-0.0157683
0.0139060
0.0199551
-0.0036902
-0.0043400
0.0076124
-0.0334509
-0.0252726
-0.0162082
-0.0160203
0.0234941
-0.0032259
-0.0163801
-0.0345106
0.0007053
0.0104042
0.0130829
-0.0222847
0.0148384
-0.0140322
-0.0346874
-0.0118233
0.0208120
0.0395018
0.0368749
0.0328592
-0.0161672
-0.0296841
-0.0034051
-0.0066797
-0.0374064
-0.0075165
-0.0290190
-0.0015840
-0.0095639
-0.0346535
-0.0050018
0.0368558
0.0324134
0.0269021
-0.0181479
-0.0237207
0.0161225
-0.0373058
-0.0028472
-0.0159957
0.0243541
0.0361605
0.0350556
0.0041987
-0.0186817
0.0006916
0.0317679
-0.0035041
-0.0175471
-0.0319382
-0.0235917
0.0355418
-0.0289181
-0.0225106
-0.0259809
0.0287006
-0.0015538
-0.0285743
0.0117549
0.0370444
-0.0160391
-0.0136406
0.0350531
-0.0314861
0.0366846
-0.0356454
0.0221781
0.0354171
0.0026312
0.0321124
0.0172996
-0.0207022
0.0371368
0.0058274
-0.0209641
0.0322749
0.0324393
0.0277418
-0.0219291
-0.0229478
0.0093336
0.0131341
-0.0427980
-0.0062910
-0.0080017
-0.0389285
-0.0044708
-0.0250467
-0.0139743
0.0218668
-0.0258561
0.0153838
0.0356740
0.0143027
0.0268621
0.0117787
-0.0429788
-0.0142469
-0.0440828
-0.0080074
-0.0077690
-0.0527393
0.0152169
0.0089734
-0.0075255
0.0039462
-0.0179446
0.0646414
0.2004505
0.2801039
0.0236938
-0.3362491
-0.4741586
-0.2132640
0.1378926
0.3700796
0.2985282
-0.0173924
-0.0906993
-0.1253609
-0.0310418
-0.0111455
-0.0390760
-0.0007977
-0.0454181
0.0371745
0.0501176
0.0038940
0.0413502
0.0264547
-0.0164036
0.0349893
-0.0080011
-0.0269418
0.0189173
-0.0289051
-0.0242549
0.0055076
-0.0440018
0.0347077
-0.0373759
-0.0093568
-0.0086959
-0.0202612
-0.0056188
0.0355507
-0.0115839
-0.0205611
-0.0234648
-0.0384948
-0.0035874
0.0289625
0.0173058
0.0134746
-0.0030413
-0.0015746
-0.0390184
-0.0125879
0.0181932
0.0314775
-0.0341707
0.0363451
0.0311408
0.0148211
-0.0232777
-0.0303057
0.0344517
-0.0079536
0.0017801
-0.0119299
0.0317034
-0.0000346
-0.0186464
0.0262624
0.0322164
0.0093542
-0.0298419
0.0301519
-0.0109745
0.0286089
-0.0259984
-0.0351854
-0.0228981
-0.0366177
-0.0085784
-0.0059146
-0.0331096
0.0035144
-0.0149212
0.0374397
-0.0260177
-0.0413038
0.0291875
0.0029480
-0.0088548
0.0380443
-0.0045210
-0.0387103
0.0049586
-0.0013082
-0.0149243
0.0407312
-0.0183468
0.0158386
0.0209233
0.0352139
-0.0340426
0.0118944
-0.0388701
0.0147515
-0.0165965
0.0403732
-0.0063927
-0.0027877
-0.0375061
-0.0287240
0.0145643
0.0197771
0.0224820
-0.0243408
-0.0330403
-0.0066210
-0.0064172
0.0357544
0.0393487
0.0289655
-0.0386982
-0.0139883
-0.0084335
-0.0086362
0.0203817
-0.0049675
0.0262286
-0.0314856
0.0097986
0.0196253
-0.0189244
-0.0314737
0.0287495
-0.0315132
0.0187385
-0.0359375
-0.0346992
0.0021094
0.0048963
-0.0111086
0.0239646
-0.0120030
-0.0088513
-0.0223124
0.0012079
0.0051181
0.0086223
-0.0074483
-0.0388760
-0.0275656
-0.0290979
0.0017262
-0.0271189
0.0141103
-0.0405249
0.0141174
-0.0334775
-0.0188191
-0.0313643
0.0295969
0.0328766
0.0217687
-0.0277347
-0.0176059
-0.0064893
-0.0029482
-0.0167376
0.0244840
-0.0231215
0.0203436
-0.0391978
-0.0069723
0.0331407
-0.0239840
-0.0383607
0.0247543
0.0390721
-0.0351318
-0.0011084
0.0079511
0.0252508
-0.0158626
0.0170903
0.0300588
0.0362836
-0.0250252
-0.0019471
0.0062281
0.0407571
-0.0415323
-0.0192863
0.0328685
-0.0143461
0.0214792
-0.0229814
-0.0350362
-0.0250087
-0.0193726
-0.0370734
-0.0010597
0.0325014
-0.0318573
0.0274527
-0.0040250
0.0377240
-0.0185702
0.0068465
-0.0270938
0.0353827
-0.0052540
-0.0097433
0.0321160
-0.0107709
-0.0170812
0.0250693
0.0206984
-0.0221646
0.0183289
0.0382065
-0.0000516
-0.0195154
-0.0333915
0.0007778
0.0114554
-0.0276122
-0.0001803
-0.0147836
0.0005128
0.0084515
0.0274920
-0.0383508
-0.0117365
-0.0321101
-0.0253618
0.0144172
0.0076761
0.0280477
-0.0227323
0.0218243
0.0265501
-0.0039203
-0.0261652
-0.0105800
0.0409636
0.0401693
-0.0074688
0.0520573
0.0794972
-0.0023290
-0.0669747
-0.0965913
0.0268080
0.0611078
0.0458234
-0.1521087
-0.1831935
-0.1232093
0.1095923
0.2288714
0.1748904
0.0098698
-0.1471314
-0.0917677
-0.0617360
0.0039668
-0.0631238
-0.0533881
0.0076952
0.0170774
0.0682761
0.0352744
0.0235817
0.0226120
0.0141516
0.0304445
-0.0013816
-0.0448559
-0.0361220
-0.0479616
-0.0498642
0.0102064
-0.0147827
-0.0040812
0.0284180
0.0425646
0.0350009
0.0377196
0.0027581
0.0416074
0.0380628
0.0018804
0.0010521
0.0025206
-0.0187840
-0.0126192
0.0183978
0.0290845
-0.0078067
-0.0030302
-0.0385901
0.0045293
0.0375706
0.0212691
0.0005011
0.0080238
0.0147326
0.0399824
0.0071564
-0.0327521
0.0300405
-0.0212141
0.0060954
-0.0213823
