0.1264151
0.0911875
0.1238167
0.1013323
0.0290584
0.0717163
0.0878215
0.1039194
-0.0993966
0.0380322
-0.0419633
-0.1243684
0.0609158
-0.1204833
-0.0903423
-0.0281557
0.0295695
0.1300978
-0.0464542
0.0719116
-0.0080389
-0.0294581
-0.0991231
-0.0859487
-0.0298026
-0.0608931
0.0482310
-0.1057038
-0.1263842
0.0997793
0.0374867
0.0604225
-0.0744524
-0.0267039
0.0766101
-0.0866808
0.1057413
0.0240671
-0.0416440
-0.0366278
0.0121889
0.0531962
-0.0356717
-0.0402009
-0.0025576
-0.0578502
-0.0631711
-0.0226361
-0.0335800
0.0174546
0.0065727
0.0041147
-0.0483796
0.0662637
-0.1318939
-0.0959861
-0.0741867
-0.0591823
-0.1947764
-0.0437234
-0.1152240
0.0413965
0.0543623
0.0571021
0.1095265
0.2635518
0.1557426
0.2409631
0.1554930
0.0104404
-0.0924114
-0.0970102
-0.3147289
-0.2040597
-0.4260418
-0.1850707
-0.1747519
-0.1340854
0.1775006
0.4195917
0.6631956
0.8557906
0.7773979
0.3089269
-0.0719161
-0.6880234
-1.0736200
-1.0295944
-0.7371301
-0.2344499
0.2491671
0.7217027
0.7476805
0.5969318
0.4186600
0.2697304
-0.0205679
-0.1011218
-0.3277562
-0.2986325
-0.3791982
-0.3263073
-0.1390006
0.0089083
-0.0949225
0.0844087
0.0842155
0.2125985
0.1256105
0.1289933
0.1019284
0.1469059
0.0497876
0.0676768
-0.0730346
-0.1619151
-0.0039993
-0.1530785
-0.1097071
0.0654561
0.0312578
0.0064981
0.0040493
0.1018522
-0.0513613
0.0082039
-0.0632937
-0.0529384
-0.0851053
-0.1192788
-0.1184428
-0.0808508
0.0280198
-0.0275910
-0.0537171
0.0339627
-0.0629496
-0.0396633
0.0225431
-0.0831287
0.0198008
-0.0572463
-0.0479403
-0.0504982
0.1073693
-0.0383557
-0.0601321
0.0494670
-0.0186563
0.0612531
0.0738399
-0.0844136
-0.0554441
0.0622350
-0.0005635
0.1029113
0.0855894
-0.0967602
0.0214880
-0.0791711
-0.1254633
-0.0537375
0.0538676
-0.0978879
0.0385125
-0.0285982
-0.0492361
0.0874062
-0.0530093
0.0279868
0.0741552
-0.0146696
-0.0122850
0.0148011
-0.0977870
-0.1488097
-0.0744657
-0.1276821
-0.1583974
-0.1371405
0.0446050
-0.0678502
0.0044683
0.0887676
0.0765172
0.1304163
0.0650953
0.0437536
0.1743809
0.0480744
-0.0662490
-0.1300443
-0.3344070
-0.3236408
-0.3354623
-0.3491531
-0.1904856
0.0270571
0.0870175
0.3605919
0.6845145
0.8246609
0.7028384
0.3971711
-0.1582193
-0.8425105
-1.0732840
-1.1274528
-0.6185433
-0.0847254
0.3271886
0.7664248
0.7976534
0.4878551
0.3084809
0.2113741
0.0290411
-0.1620437
-0.3690489
-0.3749383
-0.3699813
-0.1391118
-0.0645826
-0.1415823
-0.0233672
0.0307811
0.0697335
0.0859778
0.2471565
0.0201513
0.0470490
0.0720261
-0.0353629
0.0241005
0.0424613
-0.0892406
0.0146125
-0.1194181
-0.0394356
0.0116194
0.0939782
-0.0838854
0.0461210
0.0848819
-0.0194959
-0.0544489
0.0913344
0.0474945
-0.0838485
0.0983542
0.0003785
-0.1191320
0.0269258
-0.0075803
0.0513300
0.0136841
0.0919482
-0.0338108
0.1196061
-0.0878222
0.0549739
0.0580146
0.0978078
-0.0223101
0.0924739
0.0286953
0.0026062
-0.0565251
-0.0603236
-0.1268829
0.0811301
-0.0403586
-0.0566376
-0.0023285
-0.0399435
-0.0132547
0.1323287
0.0960730
0.0305105
0.0905909
0.0793986
-0.0400386
-0.0482088
0.0019985
-0.0398014
-0.1187449
0.0167103
0.0114600
0.0064015
-0.0226919
-0.0647031
0.0765874
0.1273466
0.0135829
0.0181124
-0.0226429
-0.0732699
-0.0697561
-0.0092190
-0.0361594
0.0164712
-0.1554257
-0.0285554
-0.0072776
-0.0062206
0.0923312
0.0946682
0.1662010
0.1349989
0.1906542
0.2756860
0.2531988
0.0511716
0.1435771
-0.0771986
-0.0464262
-0.3257859
-0.3684619
-0.3810637
-0.4143499
-0.2074914
-0.0943598
0.1151880
0.2058369
0.5428474
0.8141018
0.8064853
0.7052212
0.0424265
-0.5176340
-1.0893875
-1.1996986
-0.9928761
-0.4321481
0.0225112
0.7726972
0.9313074
0.8811454
0.5607391
0.2513950
-0.0367025
-0.1241886
-0.1791877
-0.4221341
-0.3901132
-0.2313019
-0.2817993
-0.1025209
-0.1056837
0.0927734
0.1936448
0.1117845
0.2088719
0.1321933
0.0626149
0.0736587
-0.0574468
0.0235543
-0.0206781
-0.1887024
-0.0413038
-0.1358545
-0.1723783
0.0386262
0.0882722
-0.0432247
0.0441469
0.0745671
-0.0116982
0.0137278
-0.0077766
0.0247533
-0.0381281
0.0461368
-0.0246951
-0.0624104
0.0783410
0.0448796
-0.1226259
-0.0509458
-0.0962249
0.0225987
-0.1031890
-0.0367117
-0.0125126
-0.0404233
-0.0568291
-0.0465185
-0.0391486
-0.0839932
-0.0024636
0.0696536
-0.1079138
0.0590514
0.0436726
0.0969113
-0.0343849
0.0912794
-0.0198919
0.0152894
-0.1120625
0.0463202
0.0623203
0.0023172
0.0288826
0.0774410
0.0929990
-0.0805423
-0.0024598
0.0923911
0.0973210
-0.0512503
0.1235294
0.1088075
-0.0251937
-0.0457701
-0.1515641
-0.1871055
-0.1412900
-0.1756981
-0.1890733
-0.1315797
-0.0114959
0.1184022
0.0236992
0.2005989
0.0672291
0.2000085
0.1151569
0.2171246
-0.0662812
0.0009384
-0.2154878
-0.2342525
-0.3001939
-0.3759014
-0.2508734
-0.2066642
0.0155799
0.0747834
0.3220732
0.6577974
0.9482972
0.9397061
0.4951374
-0.1178200
-0.8211063
-1.0533735
-1.2608747
-0.8625040
-0.3802300
0.3366753
0.7875590
1.0335808
0.7393013
0.4631107
0.2649792
-0.0195650
-0.2640480
-0.2902919
-0.4152667
-0.4095373
-0.3578322
-0.1179657
-0.1311047
-0.1011042
0.0707016
0.1659283
0.1828052
0.2076246
0.1904653
0.1537061
0.1072912
0.0880905
-0.1314223
-0.1526261
-0.1646466
-0.0866077
-0.1015957
-0.1522668
-0.0425197
-0.1004098
-0.0152888
-0.0602793
0.0568232
0.0910407
-0.0487667
0.1173679
0.1154318
0.0275355
-0.0904831
-0.0434921
-0.1189714
0.0745417
0.0506289
-0.0178668
-0.0765426
0.1031698
-0.0566390
-0.0353172
-0.0854587
0.0707672
-0.0813166
0.0041705
-0.0910562
0.0782064
0.0001442
-0.0853349
0.0106347
0.0689120
-0.0608888
-0.0104794
0.0602631
0.0744130
-0.0627685
-0.0295416
-0.0216430
-0.0000991
0.1048733
0.1153785
0.0888948
0.0193838
-0.0061028
0.0941732
-0.0206384
-0.0059326
-0.0777841
0.0849646
-0.0745177
-0.0166607
0.0597956
0.0895867
-0.0891216
0.0585538
0.0671613
0.0251630
0.0840589
-0.0247989
0.0656233
-0.0863611
0.0152817
0.0617994
-0.0937651
-0.0117364
-0.0546037
0.0092708
-0.1328815
0.0113880
-0.0404066
-0.0274757
0.0372029
0.1939806
0.1820869
0.1792288
0.1034569
0.1334432
-0.0608858
-0.2263521
-0.2512494
-0.3096028
-0.2677210
-0.3491906
-0.3074561
-0.1234188
0.1438324
0.2087459
0.3761432
0.5965002
0.7541990
0.5911477
0.2506068
-0.3911134
-1.0769278
-1.1150621
-1.0673640
-0.5111672
0.2309658
0.6781375
0.7249049
0.7042173
0.6265702
0.1624204
0.0930223
-0.2445831
-0.2756058
-0.3604314
-0.2689548
-0.3090662
-0.2607371
-0.1672508
-0.0300120
0.1469700
0.1792001
0.1757257
0.2411325
0.1671288
0.1395228
0.1246842
-0.0044574
0.0668699
-0.1445999
-0.0722978
-0.0357935
-0.0469161
-0.1406251
-0.1490680
0.0034796
-0.0228613
0.1078490
-0.0020018
0.0089470
0.0999927
0.0589726
0.0740718
0.1224502
0.0829279
0.0378778
0.0032832
-0.0677846
-0.0623451
0.0100610
-0.0034985
-0.1037598
0.0501049
-0.1007473
-0.0200901
-0.0385444
-0.0015275
0.0772870
-0.0478302
0.0533979
-0.0646253
-0.0811365
-0.0515060
0.0930793
0.0765466
0.1084233
0.1189873
0.0209868
0.1231924
-0.0735425
-0.0426722
-0.0619772
-0.0926482
-0.0082545
-0.0833945
0.0520791
-0.0380980
-0.0297341
0.0782830
-0.1026853
0.0970249
-0.0724633
0.1236432
-0.0059969
0.1079671
0.0290593
-0.0436393
0.0200694
-0.0415367
-0.0413503
-0.0323810
-0.1915188
-0.1238737
-0.1200241
-0.0659759
0.0773387
0.1607742
0.0881526
0.2477846
0.2704923
0.1146059
0.2272317
0.0378488
0.0512293
-0.1001102
-0.1672240
-0.2182315
-0.3697701
-0.3778314
-0.3775631
-0.1811406
-0.0541817
0.1435633
0.3719376
0.6124619
0.9901310
0.8550563
0.4896880
-0.1723762
-0.9806808
-1.3361624
-1.1425807
-0.9041415
-0.2706895
0.4891347
1.0046644
0.9629878
0.7033359
0.3194794
0.1800409
-0.0126149
-0.1983339
-0.4179316
-0.4170904
-0.4204417
-0.2731946
-0.0585816
-0.0025630
0.1597465
0.0975227
0.0604396
0.0823404
0.1631243
0.1370226
0.0269481
0.1265568
0.0350062
0.0073894
-0.0516569
-0.0086547
-0.0739571
-0.0743593
0.0043307
-0.0508391
0.0313519
0.0075715
-0.0066229
0.1161462
0.0313065
-0.0501726
0.0837104
0.0100111
-0.0330291
0.0896025
-0.0205735
-0.0390197
0.0731500
-0.0852643
0.0182641
0.0403421
0.0894924
-0.0511915
0.0515035
0.1057316
-0.0140694
0.1119536
-0.0686401
0.0657170
-0.0445719
0.0569531
0.0138307
-0.0469635
-0.1030199
-0.0022268
-0.0930040
0.0542893
-0.0793190
0.0005571
0.1087388
0.0237061
-0.0893714
-0.0921248
-0.0701030
-0.0990113
0.0479858
0.0533326
-0.0442652
0.1010909
-0.0067888
-0.0994355
-0.0663054
-0.0014400
0.0097484
0.0849402
0.0736701
-0.0317245
0.0136904
0.0277068
0.0013838
-0.0017058
0.0161109
0.0119861
-0.0214903
0.0150539
-0.0542891
0.0008848
0.0955155
-0.0645125
0.0585321
-0.1071023
-0.0069242
-0.1421111
-0.1422750
-0.0938555
0.0051777
-0.1541756
0.0893272
0.0005877
0.0557651
0.0042728
0.0906907
0.0538703
0.1502802
0.0773985
-0.0153053
-0.1277886
-0.2243022
-0.1496492
-0.3441255
-0.3283544
-0.1391302
-0.1662880
-0.0443407
0.0042570
0.2137526
0.4055561
0.4859259
0.5583939
0.4477595
0.0608380
-0.4519978
-0.9971110
-0.9254992
-0.8420222
-0.2999488
0.2068158
0.4981693
0.6326330
0.6267630
0.4949980
0.2451732
-0.0041131
-0.0559822
-0.2885238
-0.2331382
-0.3334927
-0.1340248
-0.0820441
0.0020036
-0.0708988
-0.0369721
0.0307751
0.2360938
0.0993669
0.0979891
0.0944112
0.0301285
0.0877808
-0.0239631
-0.1253007
0.0386031
-0.1478117
-0.0577557
0.0515467
-0.0393649
-0.0147588
-0.0207361
0.1273792
0.0964462
0.0017644
-0.0696736
-0.0356578
0.0337799
-0.0284116
0.0917768
-0.0928794
-0.1124778
-0.0503940
0.0744289
-0.0334057
0.0464433
-0.0337406
-0.0942784
-0.0312932
-0.1183218
-0.0415449
0.0639625
-0.0520384
0.0083817
-0.0605519
-0.0569930
-0.0523601
0.0417760
-0.0396386
-0.0230738
0.0268745
-0.0559300
0.0655087
-0.0694432
-0.0567874
-0.1162585
0.0220150
-0.1233313
-0.1354320
-0.0825728
0.0423856
-0.0541446
0.0136448
0.1105780
0.1457011
0.2398279
0.2361682
0.2442407
0.1481643
0.1727906
0.0851367
0.0003535
-0.1556108
-0.1797482
-0.3322203
-0.2621576
-0.1595447
-0.0486340
-0.0816597
0.1765313
0.5682572
0.9134137
0.8442153
0.6441857
0.0581477
-0.5397089
-1.0228345
-1.1863020
-0.9819012
-0.5463326
0.1003542
0.6897402
0.8891407
0.8434735
0.4822815
0.3337464
0.2359190
-0.1308191
-0.2676763
-0.2804528
-0.3470226
-0.1957537
-0.2646816
-0.0349057
0.0488062
-0.0280049
0.0364318
0.1031853
0.2104824
0.0645563
0.0760362
-0.0090730
-0.0663655
0.0144415
-0.0615593
-0.0634255
-0.0544262
-0.1243375
0.0076235
-0.1495868
0.0716045
0.0725885
0.0957659
-0.0583284
0.1166265
0.0353069
0.1402523
0.0484104
0.0807039
0.0988264
-0.0781624
0.0347962
-0.0728612
-0.0298353
-0.1079876
-0.1257779
0.0608701
-0.0445908
0.0569072
0.0443260
0.0017876
-0.0455917
-0.0850251
0.1024512
0.1194752
0.0438089
0.0291759
0.0009251
-0.0492371
0.0335219
0.0504225
-0.0767102
-0.0964179
-0.1012258
-0.0268320
0.0281792
0.0864165
0.0991377
0.1012719
0.1013732
-0.0794137
-0.0013469
0.0998901
0.1097309
0.0898715
-0.0535204
-0.0298143
-0.0459294
-0.1443780
0.0271362
-0.0454998
-0.0470660
-0.0920706
-0.0932013
0.0471141
0.1056370
0.1468431
0.1184320
0.2213536
0.2191113
0.2199758
0.1173264
-0.1085141
-0.0967961
-0.1274248
-0.2550549
-0.3288041
-0.2135679
-0.2499253
-0.0438621
0.0826938
0.2081834
0.2787138
0.5550474
0.8340703
0.7128341
0.3203570
-0.1338681
-0.6527377
-1.0383614
-1.0830413
-0.8454073
-0.2904975
0.3310088
0.6866662
0.8733146
0.7358013
0.3891042
0.1839365
-0.0221291
-0.1170512
-0.2309080
-0.4093217
-0.2614392
-0.2826275
-0.2043987
0.0157880
-0.0636734
0.0117464
0.2329844
0.2274063
0.1888711
0.0671599
0.0146203
-0.0726707
0.0531637
-0.1185808
-0.0578988
-0.0729586
-0.0703725
-0.0580304
-0.0434102
-0.0865232
-0.0232792
-0.0210416
-0.0232769
0.1085832
-0.0376231
-0.0017341
-0.0388465
-0.0912143
0.0415531
0.0225416
-0.1333787
-0.0408468
-0.1130406
-0.1050783
0.0315504
0.0374256
0.0659991
0.0710918
0.1148454
0.0028967
-0.0016355
-0.0371917
0.0721602
0.0886051
-0.0110607
0.0058895
-0.0472639
-0.1008712
-0.0879059
-0.0886049
0.0297885
0.0513108
0.0848417
0.1031092
0.0187238
0.0095245
0.0298103
-0.0521503
-0.0554054
0.0345130
0.0149875
0.0838017
0.0153859
0.0285265
-0.0805730
-0.1117835
0.0269961
-0.0325919
0.0150944
0.0188693
0.1546299
-0.0234440
0.0886059
-0.0002654
-0.0527220
0.0177101
-0.1015337
0.0346980
-0.0591646
0.0102969
-0.1676891
-0.0433446
-0.0179340
0.0026928
0.0466888
0.1181587
0.2546287
0.1498035
0.1839271
0.1046970
0.1658860
-0.0799953
-0.0815089
-0.1846210
-0.2447331
-0.3857501
-0.3193004
-0.3092308
-0.1425918
0.0144890
0.2755678
0.3929713
0.6121762
0.9451207
0.8046767
0.2459596
-0.2340136
-0.8653976
-1.1176169
-1.2300937
-0.7563322
-0.2181965
0.4742462
0.7931922
0.9602382
0.7908058
0.3754876
0.1725314
-0.0581925
-0.1447110
-0.3762703
-0.3794838
-0.2540822
-0.2989475
-0.1560245
-0.1328307
0.0479632
0.0751496
0.1880537
0.1951929
0.1056027
0.1288018
0.0291902
-0.0454675
0.0498988
-0.0551384
-0.1410872
-0.1035777
0.0039458
0.0221185
-0.0430080
0.0069102
-0.0674833
-0.0559368
0.1385367
0.0298179
0.0725706
0.0897047
0.0012985
0.0833295
0.0924275
0.0643221
0.0130337
-0.1039707
-0.0164926
0.0620656
0.0884471
0.0014246
-0.0588651
0.0034057
-0.0453594
0.0292674
-0.0654052
0.0069170
-0.0547565
-0.0685804
0.0220143
-0.0272042
-0.0041508
0.0409072
-0.0097498
-0.0500057
-0.0110938
0.1052434
0.0806128
-0.0964328
-0.1027290
-0.0241204
-0.0987461
0.1083113
-0.0526792
-0.0885764
-0.0723000
0.1084619
0.0857354
-0.0684518
-0.0780552
-0.0686191
-0.0901836
-0.0123585
0.1070873
-0.1061567
-0.0156644
-0.0671612
0.0311651
-0.0931194
-0.0635621
0.1048533
0.0369305
-0.0712862
-0.0730891
