-0.3312114
-0.2695638
-0.0727777
0.2657058
0.4444051
0.3105413
-0.0288377
-0.1796058
-0.2239669
-0.1034324
-0.0196254
0.0206703
-0.0624318
0.0555074
0.0540063
0.0243091
-0.0068943
0.0243154
-0.0437933
-0.0131894
-0.0296168
-0.0178041
0.0434187
0.0183239
-0.0643990
-0.0690561
0.0386781
0.0244702
-0.0577066
-0.0244477
-0.0121804
-0.0485058
-0.0521692
0.0442411
0.0306740
-0.0084151
-0.0059983
-0.0286694
-0.0414236
0.0208308
0.0456158
-0.0401191
-0.0634867
-0.0434230
0.0503382
-0.0257969
-0.0332326
0.0468194
-0.0391614
0.0031657
-0.0159048
-0.0279287
-0.0343831
-0.0450183
0.0147462
-0.0331253
-0.0195464
0.0292602
-0.0585306
0.0000413
-0.0427478
-0.0449595
0.0188050
0.0259690
-0.0477369
0.0363468
0.0408384
-0.0500042
-0.0337885
-0.0057938
0.0061528
-0.0027526
-0.0593963
-0.0233297
0.0394356
0.0346236
0.0125428
0.0438494
0.0323893
-0.0448389
0.0222890
-0.0437799
0.0119115
-0.0217461
-0.0177333
0.0059421
0.0253811
-0.0014059
0.0034690
-0.0426333
-0.0099712
0.0240052
0.0486696
-0.0467545
-0.0431453
-0.0236044
-0.0047092
-0.0415672
-0.0175273
0.0171421
0.0432600
-0.0119797
-0.0320139
-0.0515267
-0.0303940
-0.0348687
-0.0202865
0.0024134
-0.0383620
-0.0178061
-0.0058727
0.0542172
-0.0255417
-0.1338271
-0.2693494
-0.2334307
0.0690000
0.3031113
0.3895433
0.1526958
-0.0431512
-0.2023517
-0.1579382
-0.0342524
-0.0049877
-0.0043553
-0.0077155
0.0416132
0.0703887
0.0289651
-0.0138762
-0.0210562
0.0154817
0.0637032
0.0257434
0.0100573
-0.0482913
0.0410520
0.0016515
-0.0224058
-0.0639460
-0.0339308
0.0004458
0.0469426
-0.0418434
-0.0377410
0.0506728
-0.0408486
0.0167062
0.0581086
-0.0495457
0.0297069
-0.0071065
0.0473512
-0.0335654
0.0318445
0.0529460
0.0072639
-0.0108227
0.0134164
0.0212308
0.0436274
-0.0316081
0.0424390
0.0189440
-0.0337596
0.0041560
-0.0581525
0.0134819
0.0470489
-0.0173738
-0.0290421
0.0401586
0.0599739
-0.0379073
0.0183685
-0.0093242
-0.0457582
-0.0006178
-0.0084607
0.0543685
-0.0248757
0.0276173
0.0201223
-0.0270273
-0.0283268
-0.0056742
0.0210631
0.0446556
-0.0025994
-0.0122697
0.0173649
0.0227682
-0.0572667
0.0322498
-0.0022568
-0.0270110
-0.0330389
-0.0333667
-0.0276908
0.0111444
0.0411303
-0.0053790
-0.0276332
0.0584321
0.0295540
-0.0257784
-0.0188159
-0.0019679
-0.0630387
0.0335076
-0.0535553
-0.0212685
-0.0282364
-0.0419832
-0.0107601
-0.0109261
-0.0382833
0.0323461
-0.0228562
-0.0226630
-0.0081232
0.0430124
0.0207191
0.1090758
-0.0998395
-0.2295591
-0.3074244
-0.1431693
0.1797909
0.4237177
0.3662239
0.1527472
-0.1344899
-0.2171230
-0.1588486
-0.0751482
-0.0024322
0.0434351
-0.0081997
0.0401163
0.0795670
0.0057629
0.0472068
0.0503568
-0.0301171
-0.0500367
0.0239815
-0.0432578
0.0044278
0.0282973
0.0166339
-0.0297634
-0.0071055
0.0421657
-0.0057447
0.0194601
0.0142457
0.0630073
-0.0367693
0.0253522
-0.0009445
-0.0249509
-0.0064901
-0.0501389
0.0040634
-0.0609964
0.0108304
-0.0186801
0.0372464
0.0279349
-0.0570262
0.0381300
0.0115399
-0.0044668
0.0439495
-0.0388167
-0.0537502
-0.0018201
0.0224165
0.0017115
0.0002642
0.0559845
0.0357220
-0.0582616
0.0168862
0.0300318
-0.0479325
-0.0340471
-0.0269483
-0.0489461
-0.0336193
-0.0268400
0.0003502
0.0049885
-0.0410187
0.0172204
-0.0054329
-0.0162795
-0.0492197
0.0063607
-0.0039578
0.0330793
-0.0522870
0.0136340
0.0070710
-0.0102397
0.0372211
0.0228120
-0.0108566
-0.0045100
0.0301185
-0.0056717
-0.0271723
-0.0425644
0.0457301
0.0284206
0.0492577
-0.0187676
0.0138788
-0.0054216
-0.0627580
-0.0675040
-0.0481156
-0.0315252
0.0343877
-0.0619271
0.0222495
0.0499108
-0.0299496
-0.0334016
0.0245833
-0.0207600
-0.0169790
0.0454143
0.0234761
0.0190808
0.0435116
0.0963333
-0.1019351
-0.2269512
-0.3115514
-0.1736920
0.2431498
0.4130849
0.4091962
0.1159687
-0.1715837
-0.2426692
-0.1749398
-0.0066610
-0.0557434
-0.0601106
-0.0357105
0.0296414
0.0733076
0.0223868
0.0008555
0.0449605
-0.0278551
0.0416129
-0.0255083
0.0354005
0.0388387
-0.0134021
0.0467270
0.0128637
0.0069008
-0.0492136
0.0031798
0.0513295
-0.0030872
-0.0052237
0.0197069
-0.0238122
0.0426793
0.0333548
-0.0061507
-0.0059257
0.0047329
0.0237648
-0.0156668
-0.0403961
-0.0419464
-0.0114708
-0.0248473
-0.0156892
0.0342179
-0.0085619
-0.0109081
-0.0086734
0.0328436
0.0005794
0.0305390
-0.0525937
0.0301649
0.0122489
0.0232659
0.0468850
-0.0475572
0.0301860
0.0049881
-0.0383031
-0.0464350
-0.0363500
0.0496714
-0.0512980
-0.0258316
0.0435549
0.0417797
0.0101301
0.0267082
-0.0458278
0.0036350
-0.0434052
-0.0535223
-0.0614614
0.0344317
-0.0268800
0.0183790
-0.0389137
0.0353588
-0.0251707
0.0432801
0.0104626
0.0072975
-0.0398018
0.0137267
0.0256995
-0.0256740
0.0499614
-0.0541496
0.0153997
0.0049193
0.0091672
-0.0238111
-0.0035127
-0.0233049
0.0150654
-0.0259131
0.0325535
-0.0248688
0.0336685
0.0280358
0.0135480
0.0341479
-0.0310250
0.0350407
0.0296824
0.0886681
0.0197792
-0.0348586
-0.2780102
-0.3590971
-0.0745483
0.2198236
0.4595170
0.3141167
0.0150930
-0.1842823
-0.2041166
-0.0791217
-0.0075985
0.0236718
-0.0644966
-0.0310015
0.0651594
-0.0145358
-0.0131723
0.0333151
0.0198082
0.0505505
0.0586484
-0.0381405
0.0352740
-0.0063429
-0.0117207
-0.0096477
-0.0690572
-0.0010377
0.0344979
-0.0149761
-0.0063583
0.0352254
-0.0424566
0.0491858
-0.0337164
0.0207987
0.0466707
-0.0325122
-0.0274261
-0.0326929
0.0492320
0.0464038
-0.0635097
0.0394513
0.0409244
-0.0243732
0.0258197
-0.0548296
0.0050514
0.0413828
0.0510730
0.0488513
-0.0158499
0.0309846
-0.0074020
-0.0294541
0.0071821
0.0207228
-0.0415573
-0.0382693
0.0213216
-0.0508666
-0.0172323
-0.0572002
0.0017215
-0.0574067
-0.0061924
0.0002775
0.0053900
-0.0548504
0.0357879
0.0469625
0.0432125
0.0185320
0.0144328
0.0524240
0.0485102
-0.0504073
-0.0240533
0.0388191
0.0420061
0.0262549
-0.0461437
0.0028168
-0.0339707
-0.0150913
-0.0442322
0.0008822
0.0221630
-0.0393503
-0.0091511
-0.0290559
-0.0283013
0.0086280
0.0385628
-0.0050167
-0.0605842
0.0381634
-0.0075636
0.0000175
0.0134074
0.0474449
-0.0130849
-0.0225909
0.0268559
0.0783802
0.0501552
0.0546387
0.0101210
-0.0099449
0.0054236
0.0096705
0.0133489
-0.2041881
-0.2650438
-0.1948966
0.1339458
0.4532861
0.3748445
0.1747406
-0.1827376
-0.1796215
-0.0991981
0.0071796
-0.0202007
-0.0184671
0.0390628
0.0626870
0.0124545
0.0901651
0.0531065
0.0384257
0.0219807
0.0369183
0.0078679
-0.0418837
0.0052287
0.0123992
-0.0352786
-0.0585557
-0.0704717
0.0418342
0.0368420
0.0378682
-0.0349003
-0.0184966
0.0075209
-0.0447938
0.0304702
-0.0512204
0.0577930
-0.0483608
-0.0310420
0.0221379
-0.0378458
0.0018009
-0.0592596
0.0247388
-0.0395507
-0.0321141
-0.0174016
0.0579195
0.0503102
0.0350290
0.0322335
0.0320700
0.0280753
-0.0055669
0.0294455
0.0217223
0.0456312
0.0394865
0.0367382
0.0296799
-0.0117306
-0.0471114
0.0389309
0.0540418
0.0263993
0.0175995
-0.0057320
0.0257159
-0.0471707
0.0212999
-0.0475729
-0.0200194
-0.0233258
-0.0199477
0.0198644
-0.0089725
-0.0434524
-0.0164855
0.0508500
0.0331659
0.0066559
0.0295232
-0.0378313
0.0601241
0.0395907
0.0203037
-0.0509083
-0.0349807
0.0188313
0.0258589
-0.0275533
0.0394565
-0.0597079
0.0191228
0.0025592
-0.0611395
0.0265867
0.0462126
0.0533042
-0.0338665
-0.0333561
0.0569630
0.0767613
-0.0027780
-0.0068467
-0.0622120
0.0354311
0.0457634
0.0980571
-0.1202420
-0.3105102
-0.2646600
-0.1276548
0.2696180
0.3824082
0.3188262
-0.0748813
-0.2253195
-0.2658515
-0.1055470
0.0254051
0.0438171
0.0122973
-0.0029336
0.0679921
0.0877861
-0.0341928
-0.0036852
-0.0421395
0.0324459
-0.0056466
-0.0301537
0.0297172
-0.0157986
0.0238239
0.0427419
-0.0592449
0.0202110
-0.0125516
-0.0041821
0.0214286
0.0213503
0.0389395
0.0384178
-0.0511015
0.0601164
-0.0144104
0.0090741
-0.0076055
0.0403816
0.0347993
-0.0082422
0.0163439
-0.0092428
0.0231845
0.0496062
0.0262738
-0.0374872
-0.0108970
0.0157110
-0.0458004
0.0607565
-0.0399639
0.0033708
0.0140424
0.0478489
-0.0506945
0.0170995
-0.0495954
-0.0600407
-0.0362741
0.0264327
0.0030207
-0.0216905
0.0055989
-0.0541714
-0.0222577
0.0491753
0.0121621
0.0408330
0.0432917
0.0401151
-0.0396886
-0.0273180
0.0184442
-0.0316573
-0.0547261
0.0296948
-0.0016943
-0.0029335
-0.0153090
-0.0412810
-0.0023470
0.0003420
0.0504010
0.0243234
0.0001510
-0.0024962
-0.0443285
0.0164310
0.0243818
-0.0507933
-0.0017107
-0.0389028
0.0231340
-0.0162753
0.0126064
-0.0025441
0.0185701
-0.0022165
-0.0189496
-0.0040068
0.0396625
0.0325947
-0.0424297
0.0627521
-0.0295425
0.0220748
0.0464510
0.0772581
0.0247850
0.0339476
0.0739476
0.0628196
0.0162625
-0.1638049
-0.3122637
-0.1974119
0.0399367
0.3918598
0.3811322
0.1858076
-0.0725058
-0.2555072
-0.1291858
-0.1021752
0.0411213
0.0403177
0.0481133
0.0157493
0.0442299
0.0150697
-0.0061120
0.0730376
0.0010956
-0.0293116
0.0017588
-0.0577887
0.0403369
-0.0586443
-0.0434516
0.0390388
0.0377433
0.0425513
-0.0339580
0.0400572
-0.0157811
0.0378988
0.0290428
-0.0166358
-0.0333365
0.0506424
0.0537338
0.0546047
-0.0306848
0.0249557
0.0235722
0.0507998
-0.0209742
0.0258493
-0.0452678
-0.0064458
0.0431502
0.0037572
0.0296748
-0.0558495
0.0469217
-0.0157706
0.0317699
-0.0506368
-0.0188889
-0.0548897
-0.0418370
-0.0211795
-0.0546181
0.0274828
-0.0576015
-0.0349562
0.0326650
0.0392081
0.0201825
-0.0322458
-0.0085907
0.0422174
0.0323054
-0.0359515
-0.0436479
0.0044444
0.0071026
-0.0172550
-0.0467494
0.0583244
-0.0147111
-0.0424661
0.0172834
-0.0386176
0.0313796
-0.0454520
0.0251428
0.0339989
0.0216448
0.0083519
-0.0548656
-0.0063263
0.0337271
-0.0184946
0.0081027
-0.0000056
0.0591151
-0.0341008
0.0346289
-0.0457607
-0.0091169
-0.0032822
0.0230031
0.0342738
-0.0437073
0.0045608
-0.0212900
0.0143501
0.0028091
0.0340834
0.0001599
0.0532302
0.0427389
0.0151932
0.0278747
0.0569185
-0.1151551
-0.3542826
-0.3205683
-0.0156485
0.3445464
0.3446338
0.2533483
0.0175841
-0.2528102
-0.2011976
-0.1338093
0.0333259
-0.0083036
-0.0612915
0.0154174
-0.0279974
0.0632897
0.0415900
0.0126346
0.0498257
0.0456585
0.0071502
-0.0473548
0.0475078
-0.0013447
-0.0550759
-0.0646912
-0.0137704
0.0339337
-0.0520452
-0.0097183
-0.0021952
0.0209050
0.0458840
-0.0080806
-0.0506620
-0.0319387
0.0376134
0.0415424
-0.0331330
0.0253184
0.0298080
-0.0442322
-0.0542657
-0.0395969
-0.0561815
0.0463044
0.0035965
0.0170736
0.0319575
-0.0515635
0.0249611
0.0528103
0.0293806
-0.0427445
-0.0419158
-0.0410533
-0.0142861
-0.0473057
0.0441711
-0.0581316
0.0082439
0.0174122
0.0468025
-0.0538411
-0.0170424
0.0327507
0.0436831
-0.0066028
-0.0381922
-0.0417121
-0.0044859
0.0570734
-0.0449874
-0.0102998
-0.0211563
0.0175764
0.0346133
-0.0288788
-0.0199232
-0.0541175
0.0048185
0.0062427
0.0192547
-0.0145835
-0.0474452
-0.0490957
0.0324619
0.0270995
0.0326009
0.0579246
0.0542966
-0.0375531
-0.0398616
-0.0528812
0.0157209
-0.0391801
-0.0287189
-0.0426953
-0.0106044
-0.0460340
0.0419759
0.0332034
0.0341151
0.0253187
0.1215264
0.1023687
0.1005632
0.0417414
0.0489270
0.0651109
0.0469673
-0.0691679
-0.3997942
-0.5009356
-0.3364759
0.0834001
0.5844691
0.6448889
0.3994441
-0.0642008
-0.3491892
-0.3161164
-0.2092180
-0.0536871
-0.0530389
-0.0317302
0.0046128
0.1023885
0.0370709
0.0230710
0.0620579
0.0781169
0.0442944
0.0347501
-0.0157876
-0.0571771
-0.0296959
0.0066154
-0.0897051
0.0244074
-0.0408099
0.0109884
0.0240335
-0.0515050
-0.0081506
0.0563692
-0.0354314
0.0574886
0.0674160
-0.0220465
-0.0296388
-0.0011583
0.0482811
-0.0266854
-0.0354368
-0.0614151
-0.0534645
0.0412879
-0.0092272
0.0060277
-0.0430757
0.0523604
-0.0088466
0.0479876
0.0057784
0.0233744
-0.0180938
0.0116553
0.0450970
0.0182088
-0.0566063
-0.0444807
0.0102432
-0.0151884
0.0476021
0.0076811
0.0409588
0.0450265
-0.0404559
0.0347093
-0.0171224
0.0416548
-0.0087228
-0.0349889
-0.0518063
-0.0178445
-0.0487511
-0.0093317
0.0082692
-0.0132286
-0.0581707
-0.0446377
-0.0450893
-0.0471076
-0.0409980
-0.0092160
0.0438333
0.0375131
0.0417766
0.0297372
-0.0022612
-0.0146806
-0.0325396
-0.0130350
0.0551075
0.0084701
-0.0374036
-0.0381577
0.0469752
0.0429960
-0.0185349
0.0115460
0.0409290
0.0031222
-0.0331462
-0.0538681
-0.0192240
-0.0091956
0.0544396
0.0731443
0.0701702
-0.0153966
0.0297137
-0.0063345
0.0643300
0.0820264
-0.1145419
-0.3465289
-0.2737233
-0.0588572
0.2779574
0.4833684
0.3413273
0.0692569
-0.2083285
-0.2204618
-0.1554899
-0.0827371
-0.0212883
0.0416005
-0.0322070
0.0117210
0.0226331
0.0575317
0.0452012
0.0516172
0.0421000
0.0466364
-0.0563902
0.0413855
0.0138255
0.0066084
0.0326309
0.0401136
-0.0006908
0.0025646
-0.0353855
0.0420220
0.0275476
0.0472915
0.0273798
0.0562467
-0.0405985
-0.0261778
-0.0294811
-0.0528352
-0.0414214
0.0125083
0.0027312
-0.0317792
-0.0148981
-0.0292603
0.0060559
-0.0491952
0.0049361
0.0220239
-0.0455701
-0.0299461
0.0040103
-0.0481601
0.0510406
0.0477839
0.0381845
0.0038000
0.0262126
-0.0205852
0.0293079
0.0553931
-0.0265834
-0.0336572
0.0545886
-0.0000422
-0.0496660
-0.0199364
0.0460322
0.0408403
0.0166019
0.0081266
-0.0315553
0.0035243
0.0586901
-0.0068654
0.0336267
0.0266272
0.0476356
-0.0106542
-0.0472363
-0.0494777
-0.0509041
0.0183105
-0.0123644
0.0391510
-0.0526686
-0.0372858
-0.0156986
0.0176906
-0.0330379
0.0381040
0.0424403
-0.0448061
-0.0273670
0.0314164
0.0183601
-0.0610548
0.0027833
-0.0177533
-0.0486919
0.0342540
0.0275262
-0.0254521
0.0465215
-0.0192877
0.0035192
-0.0096759
0.0573919
0.0516500
0.0854631
0.0577392
0.0175338
-0.1305639
-0.2681933
-0.2234151
-0.0766627
0.3030055
0.4460806
