-0.0404998
-0.0059135
-0.0172376
0.0244560
-0.0126847
0.0459117
0.0323983
-0.0404950
0.0389095
-0.0402431
-0.0262901
0.0145573
0.0068639
0.0112506
0.0187865
0.0238437
0.0052768
0.0455644
-0.0015423
0.0133612
-0.0035117
-0.0382787
-0.0324538
-0.0141566
0.0315839
-0.0080636
-0.0218607
-0.0342328
-0.0085194
-0.0268651
0.0180572
-0.0327733
-0.0327731
0.0384448
-0.0107456
0.0145367
-0.0370027
0.0175518
0.0376970
-0.0234924
0.0339909
-0.0388445
0.0116519
0.0188180
0.0482720
0.0234499
0.0375494
-0.0305962
0.0413504
-0.0025133
-0.0238127
0.0262371
0.0108976
-0.0013701
0.0160045
0.0386620
-0.0026547
-0.0332470
-0.0187301
-0.0081767
-0.0353652
-0.0123075
-0.0232586
-0.0290560
-0.0263659
0.0460572
-0.0052824
0.0308411
-0.0081062
-0.0414730
0.0052637
-0.0107873
0.0219431
0.0216571
-0.0267824
-0.0409425
-0.0069983
-0.0134359
-0.0178453
0.0154888
0.0494762
0.0269355
0.0663037
-0.0146171
-0.0105359
0.0031707
-0.0141007
0.0017112
-0.0728876
-0.0910013
-0.0716486
-0.0396168
-0.0074502
0.0677794
0.0811693
0.2018026
0.2776640
0.1627449
-0.1028976
-0.3563030
-0.3385122
-0.0549080
0.2680624
0.2862456
0.0351674
-0.2527497
-0.2474255
-0.0879393
0.1435728
0.1906326
0.1381996
0.0059072
-0.0230043
-0.0083447
-0.0766455
-0.0897474
-0.0142966
-0.0165983
0.0186116
-0.0298615
-0.0380634
-0.0070616
0.0709277
0.0274089
0.0613431
-0.0101436
0.0437983
-0.0153200
-0.0332556
0.0104838
0.0130430
0.0028086
-0.0115139
0.0235052
0.0071486
-0.0227501
-0.0040836
0.0372097
0.0056868
0.0425338
-0.0233932
0.0181781
0.0346001
0.0079642
0.0376116
0.0429495
-0.0037394
0.0078532
0.0396311
0.0292658
-0.0181739
0.0366857
-0.0460869
0.0275891
0.0237678
0.0356399
-0.0063698
0.0419299
0.0064511
-0.0111946
0.0116298
-0.0446097
0.0331989
-0.0376009
-0.0500862
-0.0135001
-0.0125443
0.0170499
0.0420695
0.0014166
-0.0431938
0.0227241
-0.0119769
0.0163436
0.0130179
0.0010045
-0.0158743
-0.0115973
-0.0136657
-0.0222168
-0.0013707
-0.0141217
-0.0121114
-0.0393372
-0.0034333
0.0462311
-0.0284405
0.0088645
-0.0419490
-0.0121223
-0.0257325
0.0066860
0.0448553
0.0009280
-0.0080581
-0.0160184
0.0112098
-0.0055854
0.0185549
-0.0045575
0.0060239
-0.0180856
-0.0080775
-0.0228795
-0.0332491
0.0178484
0.0122155
-0.0075570
0.0270455
0.0124579
0.0247421
-0.0187072
-0.0096434
0.0103818
-0.0452761
-0.0430505
0.0254321
0.0329907
0.0379993
-0.0027085
-0.0177593
0.0418266
-0.0454598
-0.0246354
0.0280929
-0.0353685
0.0072966
0.0093928
0.0022173
-0.0452932
0.0133034
-0.0148541
0.0379525
0.0185930
0.0218557
0.0130586
0.0143957
0.0399688
0.0286799
0.0143114
-0.0373822
-0.0021529
0.0068077
-0.0352322
0.0045462
0.0076746
0.0088544
0.0285767
-0.0152488
-0.0247471
-0.0110385
-0.0144502
0.0395396
0.0437961
0.0519618
0.0336905
0.0265189
-0.0099488
-0.0128272
0.0407195
-0.0374606
0.0007681
-0.0266200
-0.0369686
-0.0479755
-0.0038171
0.0193294
0.0106047
0.0289006
-0.0236412
0.0259862
0.0622235
0.0315098
0.0473072
0.0325898
-0.0332186
-0.0237528
-0.0493393
-0.0280986
-0.1097056
-0.1142567
-0.0876159
-0.0783132
0.0251493
-0.0037521
0.0410593
0.1579196
0.3204114
0.2942430
0.0833295
-0.2904864
-0.4411148
-0.2584308
0.0751413
0.2079401
0.1288419
-0.1740987
-0.2387982
-0.0456121
0.1855538
0.1954633
0.1329255
0.0709257
-0.0601416
-0.0778136
-0.0124006
-0.0978138
-0.1002059
-0.0486265
-0.0399951
-0.0583779
0.0340771
-0.0039428
0.0606934
0.0138617
0.0229128
0.0573708
0.0314039
0.0036335
0.0136699
-0.0357686
-0.0111979
0.0115194
-0.0057051
-0.0428207
-0.0329861
-0.0118154
-0.0082154
-0.0226399
0.0232724
0.0289707
0.0082884
0.0546686
0.0036063
-0.0063765
0.0447233
-0.0034128
0.0322204
-0.0168852
0.0078526
-0.0505292
-0.0398799
0.0273952
-0.0377181
0.0218745
0.0144539
0.0449760
-0.0404308
0.0315801
-0.0220744
0.0504763
0.0448591
-0.0212958
0.0263882
0.0064995
0.0360705
0.0149345
-0.0340007
0.0025358
0.0101523
0.0092130
0.0319370
-0.0230718
-0.0051115
0.0149328
0.0191740
-0.0023620
0.0360279
0.0334632
0.0375661
0.0120014
-0.0187378
-0.0300747
0.0316926
-0.0451394
0.0105845
-0.0195262
-0.0338568
-0.0265256
0.0219369
0.0035616
0.0098296
0.0134607
-0.0054156
-0.0421071
-0.0229101
-0.0131092
0.0350181
-0.0231867
0.0209626
0.0395612
0.0076865
0.0395723
0.0431433
0.0104139
0.0415094
0.0244905
0.0450317
0.0100877
0.0052453
0.0086180
-0.0007065
-0.0367311
0.0415705
-0.0204274
-0.0082663
-0.0211830
0.0135528
-0.0278832
0.0056049
0.0052596
-0.0304161
-0.0289512
-0.0206749
0.0120832
0.0355277
-0.0151177
-0.0406716
0.0071104
-0.0131401
0.0379251
-0.0206339
-0.0121914
-0.0477694
0.0390992
-0.0436358
0.0035481
-0.0289767
0.0175110
0.0277493
0.0243919
0.0489777
-0.0033326
-0.0318704
-0.0387895
-0.0104158
0.0225197
-0.0066173
-0.0484024
-0.0266309
-0.0226678
0.0217182
-0.0422202
-0.0251958
0.0430508
-0.0200987
0.0459313
0.0071695
0.0442871
-0.0331953
0.0412857
-0.0048933
0.0324871
-0.0339597
-0.0180118
-0.0383192
0.0024991
0.0091356
-0.0339232
0.0077690
0.0152722
-0.0152838
-0.0043799
-0.0019043
-0.0131996
-0.0141144
-0.0004170
-0.0217200
-0.0238181
-0.0444738
-0.0690575
-0.0243620
-0.0996145
-0.0291536
-0.0443580
0.0199905
0.0279219
0.0285011
0.1594717
0.2916571
0.2640132
-0.0063256
-0.3225443
-0.4259682
-0.2480117
0.1402839
0.2442732
0.1252393
-0.1329599
-0.2011386
-0.0366523
0.0970001
0.2158546
0.0933629
0.0406917
-0.0724908
-0.0154937
-0.0192763
-0.0097708
-0.0487512
-0.0836835
-0.0176485
-0.0252038
0.0034941
0.0342325
0.0436541
0.0426627
0.0060177
0.0618960
0.0282668
-0.0141518
-0.0281027
-0.0522766
-0.0251978
-0.0389587
-0.0593512
-0.0366185
0.0001115
-0.0537079
-0.0027694
-0.0176427
-0.0015770
-0.0114600
0.0426180
-0.0120531
0.0270650
-0.0237785
-0.0119434
-0.0029157
-0.0333029
-0.0398704
-0.0403048
-0.0040848
0.0136816
0.0177898
-0.0291641
0.0435538
0.0281949
-0.0260200
-0.0222738
0.0013062
0.0180520
-0.0045588
-0.0270860
-0.0038372
-0.0150082
-0.0171128
0.0346373
0.0271934
-0.0374130
0.0086122
-0.0420827
0.0342774
-0.0330429
-0.0391478
-0.0075233
-0.0081757
0.0287873
0.0425559
-0.0360015
0.0180484
0.0331426
0.0064064
0.0145755
-0.0037205
0.0112107
0.0148730
0.0011224
-0.0424972
0.0358269
0.0239559
0.0036629
-0.0312753
0.0308918
-0.0190760
-0.0199026
-0.0097018
0.0444445
0.0060079
0.0025172
0.0232197
0.0081503
-0.0040558
-0.0252235
-0.0211405
0.0274184
0.0313817
-0.0249599
-0.0368372
0.0206556
-0.0344329
-0.0149384
0.0427066
0.0396692
0.0044359
-0.0055432
-0.0080897
-0.0332963
-0.0405627
0.0019197
-0.0011111
0.0158374
0.0218152
-0.0314573
-0.0219757
-0.0241155
-0.0399659
0.0296758
0.0115097
0.0077111
0.0379374
0.0209163
0.0149374
0.0079321
-0.0132948
0.0349034
-0.0078129
0.0127224
-0.0249104
0.0000566
-0.0212337
-0.0079795
0.0249990
-0.0099589
0.0306758
-0.0108086
0.0303673
0.0263213
0.0371142
0.0274017
-0.0103423
-0.0045433
-0.0259798
0.0216150
0.0310286
0.0318921
-0.0118695
-0.0257191
0.0043486
0.0103738
0.0218259
0.0002534
0.0353566
0.0258538
0.0203847
-0.0463842
-0.0560157
-0.0564124
0.0144175
0.0066407
-0.0432016
-0.0126608
0.0557756
0.0558448
-0.0162609
-0.0149995
0.0607525
0.0627299
-0.0235636
-0.0352946
-0.0280580
-0.0572203
-0.0348594
-0.0643911
-0.0497037
-0.0870022
-0.0254827
0.0554204
0.0242502
0.0982748
0.2281304
0.2328787
0.1090774
-0.1273642
-0.3808422
-0.3850234
-0.0523691
0.2105215
0.2172860
-0.0400410
-0.2020402
-0.2411892
0.0572719
0.1994725
0.1809707
0.1304373
-0.0377564
-0.0456785
-0.0374650
-0.0150028
-0.0336916
-0.0425149
-0.0320422
-0.0067139
-0.0226532
-0.0102463
0.0482885
0.0587200
0.0766661
0.0301127
0.0063090
0.0588690
0.0038710
-0.0234647
-0.0165233
-0.0458368
-0.0037973
-0.0574081
0.0169402
-0.0268759
0.0401198
-0.0092385
-0.0105108
0.0186040
-0.0154187
0.0566640
0.0532687
-0.0228225
0.0155571
0.0034363
-0.0122352
-0.0318265
0.0055085
0.0237718
-0.0181367
-0.0030598
-0.0133355
-0.0299518
0.0223096
-0.0393578
-0.0306631
0.0463946
-0.0126961
-0.0057390
0.0199934
-0.0391114
0.0343626
0.0370495
-0.0227499
0.0159873
-0.0259245
0.0472178
-0.0159361
0.0036960
-0.0105510
0.0239516
0.0346831
-0.0036638
0.0026849
-0.0341625
0.0339245
-0.0299458
0.0052900
0.0116645
0.0056304
-0.0462040
0.0294518
-0.0089130
0.0235314
0.0286435
0.0320720
0.0428228
-0.0025950
0.0349144
0.0253075
-0.0129028
-0.0151784
-0.0231135
0.0252466
0.0064570
-0.0014392
0.0323258
-0.0441943
-0.0164159
-0.0237644
-0.0177847
0.0455209
0.0428779
0.0351237
0.0222346
0.0243927
-0.0154966
0.0185854
0.0201200
-0.0189939
-0.0343630
-0.0357232
-0.0347258
-0.0297057
0.0387205
0.0426411
0.0334392
-0.0171584
0.0360087
-0.0383346
0.0437686
0.0275130
0.0207377
0.0010866
-0.0230901
-0.0277762
0.0092857
0.0166949
-0.0363815
0.0315869
-0.0338466
-0.0387097
0.0046187
0.0135285
0.0311518
-0.0157087
-0.0299860
-0.0413915
0.0473901
-0.0179103
-0.0188453
0.0383066
0.0397907
0.0243606
0.0357495
-0.0231681
-0.0265249
-0.0158828
0.0146720
0.0250230
0.0197286
-0.0364084
-0.0289247
-0.0260847
0.0400016
0.0190159
0.0518559
-0.0051665
0.0372193
-0.0163699
-0.0142923
-0.0052805
0.0271717
-0.0274744
0.0203953
0.0004670
-0.0044948
-0.0087341
0.0028251
0.0554905
0.0627751
0.0743330
0.0366885
0.0360582
0.0609171
-0.0466778
-0.0144584
-0.0080362
-0.0665739
-0.0730787
-0.1225843
-0.0997972
-0.0079809
-0.0045927
0.0420352
0.1051515
0.1883202
0.3425332
0.1548485
-0.1396518
-0.3714207
-0.3035294
-0.0571333
0.1644695
0.1635474
-0.0153959
-0.2256149
-0.1982589
0.0367809
0.2212569
0.2297110
0.1297570
-0.0242368
-0.0643419
-0.0640967
-0.0313715
-0.0431201
-0.0988257
-0.0164568
0.0125997
0.0110007
0.0123596
0.0649521
0.0024115
-0.0020638
0.0674809
0.0070177
0.0340344
0.0381838
-0.0226681
-0.0105140
0.0124509
-0.0628259
0.0201944
-0.0095464
-0.0550487
0.0390611
0.0373005
-0.0060656
-0.0258125
-0.0031618
0.0592086
0.0191726
0.0265456
-0.0036412
0.0238734
-0.0058400
-0.0015473
0.0279908
0.0334872
-0.0387323
-0.0289696
0.0337812
0.0330829
0.0347691
-0.0268906
-0.0250980
-0.0085739
0.0305933
-0.0397619
-0.0282321
-0.0352620
0.0375772
-0.0295253
-0.0244960
-0.0333696
-0.0214825
-0.0362082
-0.0041790
-0.0279305
0.0156698
-0.0066479
0.0488308
-0.0273271
0.0484067
0.0455422
-0.0357737
-0.0081850
0.0130081
-0.0170808
0.0045382
0.0126909
0.0214406
-0.0225225
-0.0319735
0.0141965
0.0460695
0.0168666
-0.0346992
-0.0319318
-0.0033611
0.0032505
-0.0385717
0.0406472
-0.0032424
0.0111793
0.0352657
-0.0101147
0.0285751
-0.0027359
0.0247109
0.0121990
-0.0356236
0.0276575
0.0110542
-0.0138906
-0.0318921
-0.0076266
-0.0053381
-0.0454434
0.0291572
-0.0062052
-0.0239082
0.0136096
0.0245378
-0.0444756
0.0357558
0.0187437
0.0064803
0.0203541
0.0270838
-0.0045753
-0.0392714
-0.0293750
-0.0339550
-0.0386519
0.0099692
0.0040942
-0.0079825
0.0083976
-0.0398995
0.0446757
-0.0145522
-0.0067056
0.0009662
0.0177106
-0.0278867
0.0322085
0.0506105
-0.0020647
-0.0023263
-0.0031317
-0.0127782
-0.0141702
-0.0122334
0.0414657
-0.0165864
-0.0420339
-0.0274808
-0.0423826
-0.0023471
0.0118997
0.0338649
0.0261512
0.0160421
0.0431594
-0.0197136
-0.0109818
-0.0062795
-0.0287224
0.0126753
0.0081295
0.0029109
-0.0226382
-0.0161503
-0.0184406
0.0215696
-0.0078956
0.0015448
-0.0256958
0.0106259
0.0169144
-0.0047275
0.0496724
0.0327554
0.0344044
0.0633627
-0.0060741
-0.0356386
-0.0308599
-0.0535350
-0.0593109
-0.1184257
-0.0875169
-0.0539661
-0.0158298
0.0469502
0.1087656
0.1681099
0.3037149
0.1947468
-0.0286903
-0.3334167
-0.4192486
-0.2179155
0.1336182
0.2684519
0.1198345
-0.0920319
-0.1635932
-0.0857067
0.1482904
0.2453218
0.1036944
0.0203517
-0.0031531
-0.0444095
-0.0423350
-0.0459458
-0.0537308
-0.0302824
-0.0156240
-0.0425869
0.0029032
0.0053617
0.0679038
0.0101697
0.0252172
-0.0033764
-0.0251789
0.0175311
0.0307656
-0.0099355
-0.0079914
0.0006293
-0.0118839
0.0195860
0.0177046
0.0212519
-0.0061737
-0.0335983
0.0505820
-0.0143807
-0.0169966
-0.0266057
0.0275742
0.0358878
0.0286193
-0.0304134
-0.0412290
-0.0254142
-0.0289080
-0.0394252
-0.0265755
-0.0446023
-0.0070130
-0.0136711
0.0088201
0.0038295
-0.0170217
-0.0286862
0.0346681
0.0393815
-0.0314717
-0.0284183
0.0198277
0.0085603
-0.0405030
0.0039176
0.0235571
-0.0248543
0.0415595
-0.0301042
0.0430759
-0.0124330
-0.0066763
-0.0038400
-0.0211632
0.0351697
-0.0103955
-0.0004948
0.0399042
0.0319217
0.0091328
0.0320057
-0.0274663
-0.0267840
-0.0276732
-0.0186765
-0.0090834
-0.0106697
-0.0151016
0.0308124
-0.0210998
0.0179270
0.0148910
-0.0160749
-0.0102491
0.0043265
-0.0212644
0.0382986
-0.0357974
-0.0163726
0.0244787
-0.0311958
0.0021870
-0.0304821
0.0311203
-0.0337216
-0.0245527
-0.0427599
-0.0297840
-0.0113541
0.0257714
0.0239165
-0.0437625
0.0037574
0.0134179
-0.0102251
-0.0025466
0.0331751
0.0091616
0.0059684
0.0158260
-0.0009875
-0.0388628
-0.0367023
-0.0206183
0.0374968
-0.0411333
0.0224164
0.0422615
-0.0327781
-0.0198095
0.0420860
0.0407924
0.0282435
-0.0347071
-0.0324796
-0.0191682
0.0418963
0.0168875
-0.0084380
0.0132778
-0.0432568
-0.0119686
0.0121301
0.0068417
-0.0309108
0.0427939
-0.0336034
0.0071166
-0.0404920
0.0377448
0.0359388
-0.0381143
-0.0148816
0.0267969
0.0178551
-0.0214958
0.0392289
0.0258318
-0.0157902
-0.0420767
-0.0120424
-0.0054865
-0.0546590
0.0148564
-0.0003741
-0.0551742
0.0163662
-0.0250261
-0.0138825
-0.0000156
-0.0229352
0.0424646
0.0547535
-0.0097727
0.0338539
-0.0336310
-0.0233680
-0.0559181
-0.0180381
-0.0218196
-0.0724858
-0.0261338
-0.0415366
0.0229650
-0.0221792
0.0010567
0.0643779
0.2053901
0.2496131
0.0750784
-0.2605434
