0.0692670
0.0595057
-0.0502530
0.0162067
-0.0543214
0.0232468
-0.0077834
0.0008021
0.0471454
-0.0269954
0.0523819
-0.0616762
-0.0556366
-0.0347905
0.0655920
0.0399141
-0.0545670
0.0492482
-0.0194395
-0.0237264
0.0403954
-0.0463583
0.0263374
-0.0253100
-0.0741507
0.0304679
-0.0253230
-0.0338327
-0.0067198
-0.0048528
0.0365290
-0.0496089
0.0463613
0.0390121
0.0657753
0.0183156
0.0909716
-0.0153572
0.0550841
-0.0556274
-0.0721301
-0.1243270
-0.1723736
-0.1737259
-0.2142465
-0.1652427
-0.0187771
0.0182929
0.1299944
0.2680015
0.4759735
0.5484998
0.2456490
-0.1972708
-0.5456096
-0.6672636
-0.5274164
-0.1617600
0.0911151
0.1663862
0.2675471
0.2159938
0.2707417
0.2640136
0.1895350
0.0614007
-0.0809850
-0.2053007
-0.1180322
-0.1526098
-0.1840161
-0.0877776
0.0012075
-0.0419030
0.0438337
0.1108829
0.0664163
0.1170729
0.0277422
0.0173752
0.0703338
0.0593938
-0.0745853
-0.0189333
0.0117240
-0.0243156
0.0202402
-0.0281141
0.0091484
0.0057267
0.0055321
-0.0072055
-0.0286206
0.0952934
0.0778386
0.0263605
-0.0263576
-0.0559149
0.0108647
0.0187523
-0.0556976
-0.0074532
-0.0279362
0.0262131
0.0584374
0.0640442
0.0443448
0.0441860
0.0489976
-0.0140603
0.0410745
0.0659253
-0.0173944
0.0351639
-0.0063720
0.0153149
0.0471576
-0.0033798
-0.0034027
-0.0491797
0.0095894
-0.0699193
0.0473938
0.0129979
-0.0678655
0.0224128
-0.0415688
0.0611925
0.0115352
-0.0338308
0.0652009
0.0003192
0.0496294
-0.0129516
-0.0270322
0.0573072
0.0086260
-0.0665586
-0.0243331
-0.0364702
0.0458791
0.0575215
0.0239126
-0.0448438
0.0427306
-0.0467300
0.0264779
-0.0222500
0.0587069
0.0635704
0.0114523
-0.0309583
-0.0225008
0.0543429
-0.0430727
-0.0375362
-0.0467392
0.0527365
-0.0149345
-0.0482562
0.0181427
0.0647310
-0.0243945
-0.0258527
0.0403160
0.0058718
0.0324074
0.0025002
0.0662212
0.0570883
-0.0225637
-0.0193993
-0.0416756
0.0146892
-0.0384822
-0.0694411
-0.0031904
0.0277958
-0.0401252
0.0516564
-0.0037015
0.0517870
0.0484745
-0.0639492
-0.0044876
0.0483792
-0.0344576
-0.0650327
0.0394964
0.0373024
0.0513596
0.0119625
0.0658196
0.0333534
0.0391598
-0.0055716
0.0498997
0.0051886
-0.0609860
0.0707822
0.0481346
-0.0532063
0.0518454
-0.0095644
-0.0279113
0.0063774
-0.0641118
0.0499700
-0.0458115
0.0508197
0.0748799
0.0331659
0.0546481
0.0796299
-0.0390379
0.0654203
0.0534059
-0.0499413
-0.0631178
-0.0201222
-0.0058575
-0.0983613
0.0021970
-0.0104660
0.0430918
-0.0538634
-0.0299398
0.0862848
0.0412200
0.0455205
0.0111918
0.0542480
0.0420336
-0.0418215
-0.0699455
-0.1460748
-0.1731753
-0.1843555
-0.1238348
-0.0938773
-0.0246980
-0.0123140
0.1249853
0.2844250
0.4628125
0.6082727
0.3384072
-0.0878461
-0.5045344
-0.7291645
-0.5592276
-0.2455573
0.0028548
0.1399639
0.3053137
0.3105752
0.2479886
0.1943720
0.2118369
0.1114006
0.0061160
-0.1687134
-0.1283342
-0.0985415
-0.0668643
-0.0284193
-0.0109209
-0.0037044
0.0840859
0.0729617
0.0185284
0.0785176
0.0432970
0.0237552
0.0583897
0.0175190
0.0320336
-0.0771208
-0.0749742
-0.0239318
-0.0567156
0.0292888
0.0064654
-0.0033847
-0.0010489
-0.0010961
0.0069948
-0.0089588
0.0832836
0.0410392
-0.0170947
0.0497315
-0.0095076
0.0082730
-0.0292478
-0.0714963
0.0336155
0.0464349
-0.0185596
-0.0608352
-0.0441986
0.0384307
0.0242604
-0.0025050
-0.0267944
-0.0457635
-0.0125269
-0.0447642
0.0511928
-0.0510537
-0.0376633
-0.0307549
-0.0268212
0.0510587
-0.0229532
-0.0653255
-0.0655552
-0.0092036
0.0301556
0.0201866
-0.0435474
-0.0128253
0.0019617
0.0375940
0.0073986
0.0035588
0.0288228
0.0416875
-0.0612684
0.0581707
0.0561079
-0.0571532
0.0498307
-0.0126157
-0.0526111
0.0284129
0.0068613
-0.0331515
-0.0194493
0.0012549
-0.0067610
-0.0652356
0.0354433
0.0445537
0.0105146
-0.0632063
0.0507807
-0.0550326
-0.0461934
0.0195691
-0.0185954
0.0031649
-0.0279507
0.0023073
0.0148652
0.0426863
-0.0104091
-0.0264807
-0.0180784
-0.0239545
0.0012177
-0.0376007
-0.0003736
-0.0365641
-0.0403805
0.0495031
-0.0257190
-0.0588941
-0.0095336
-0.0587078
0.0406599
0.0481922
0.0156945
0.0584582
0.0221351
-0.0196985
-0.0066830
-0.0358684
0.0362400
-0.0505446
0.0285137
-0.0700645
-0.0559345
-0.0285713
0.0141806
-0.0499592
0.0351490
-0.0516571
0.0527478
0.0085691
-0.0540449
-0.0075974
-0.0465399
-0.0575331
-0.0115332
-0.0098708
0.0665685
0.0108277
-0.0642261
0.0566822
0.0566855
-0.0740671
0.0110126
0.0217773
0.0527905
-0.0386783
0.0253155
0.0481679
-0.0190076
-0.0145383
-0.0156942
-0.0384076
0.0387728
0.0455757
0.0132300
-0.0173896
-0.0191906
-0.0094773
-0.0301332
-0.0703107
0.0424516
0.0434649
-0.0039422
0.0460468
0.1206724
0.1323089
0.0809705
0.0552497
0.0239937
-0.0512662
-0.0676421
-0.1524285
-0.0896268
-0.1415754
-0.1587217
-0.0456720
0.0222910
0.0831093
0.1478602
0.3012154
0.4561822
0.4335532
0.2271199
-0.0651702
-0.5479409
-0.6032183
-0.5442869
-0.1620483
0.0727693
0.2017040
0.2436309
0.2086743
0.2554412
0.2369622
0.1029406
0.0560298
-0.1073774
-0.0975204
-0.2110520
-0.2059682
-0.1526817
-0.0241577
0.0090497
-0.0536513
0.0117370
0.0748344
0.0751873
0.0304746
0.0494423
0.1046535
0.0512968
0.0444070
0.0094244
-0.0299355
-0.0088623
-0.0332111
-0.0097921
0.0147999
-0.0406612
-0.0412123
-0.0052353
0.0720150
0.0613936
0.0208786
0.0129765
-0.0487456
-0.0419888
0.0154136
0.0628938
0.0214838
0.0385986
0.0570662
0.0126083
0.0073343
-0.0626048
-0.0514466
-0.0189579
-0.0332213
0.0671304
0.0720340
0.0311860
-0.0039245
0.0172651
0.0123162
-0.0188258
0.0499722
-0.0625460
0.0277346
-0.0167122
0.0391145
-0.0148763
-0.0156492
-0.0325287
0.0655769
-0.0652424
-0.0164663
0.0100533
0.0232656
0.0680879
0.0661887
-0.0562587
-0.0474840
-0.0051396
-0.0028235
-0.0132750
0.0070615
-0.0356302
-0.0010505
0.0132969
0.0423999
0.0109617
-0.0154209
0.0578609
0.0560692
-0.0292250
0.0476419
-0.0201669
-0.0396043
0.0620878
0.0234510
0.0263468
0.0333125
0.0214786
0.0351379
-0.0337341
-0.0039074
0.0119307
-0.0051886
0.0469851
0.0377843
0.0389229
0.0004501
0.0183266
0.0550355
0.0568302
0.0158943
-0.0568948
-0.0037835
0.0281780
-0.0455486
0.0029287
-0.0586127
-0.0085756
0.0096866
-0.0613495
0.0062927
-0.0237384
0.0240766
0.0108345
0.0637150
-0.0064732
-0.0615941
0.0352610
-0.0117302
0.0376985
0.0437313
-0.0563938
-0.0537482
-0.0552896
-0.0588677
-0.0530033
-0.0353679
0.0379164
-0.0543902
0.0392825
-0.0390942
0.0065958
-0.0190060
-0.0108922
-0.0594305
0.0126200
-0.0163811
0.0418945
-0.0839748
-0.0739646
0.0262081
-0.0219978
0.0358955
-0.0516763
-0.0531232
0.0764229
0.0047093
-0.0443179
-0.0372112
0.0225932
0.0215786
0.0508981
0.0189321
-0.0420485
0.0152732
-0.0762317
-0.0379160
-0.1115735
-0.0041478
0.0422774
0.0133131
0.0419305
-0.0181964
0.0898910
0.0286826
0.1042201
0.0500926
0.1004518
0.0111502
-0.0537528
-0.0310382
-0.1811676
-0.0999165
-0.1671583
-0.2084908
-0.0995430
0.0347565
0.1158437
0.2490943
0.3208220
0.5126300
0.5364875
0.1894791
-0.2495065
-0.6444358
-0.6958321
-0.3868969
-0.1834040
0.0315363
0.1922722
0.3053187
0.3362742
0.2377749
0.1732719
0.1136086
-0.0101091
-0.1049216
-0.1770542
-0.1392886
-0.1010441
-0.1487338
-0.1362703
0.0020278
0.0509293
0.0113039
0.0993158
0.0168689
0.1101560
0.0350379
-0.0079547
0.0813037
-0.0650532
-0.0059927
0.0067981
-0.0198984
0.0093823
-0.0018023
0.0156167
0.0432079
0.0078861
0.0509573
-0.0180590
0.0314454
-0.0274734
-0.0168451
0.0618037
-0.0538620
-0.0314159
-0.0649796
-0.0458601
0.0382415
0.0510038
-0.0156789
-0.0177576
-0.0678429
0.0018016
-0.0524293
-0.0563740
-0.0315428
-0.0170010
0.0334218
-0.0033400
0.0092989
0.0204549
-0.0167083
-0.0266847
0.0614848
-0.0455149
-0.0474860
0.0487782
-0.0628366
-0.0123444
0.0304265
-0.0450214
-0.0079591
0.0168117
-0.0339585
0.0118625
0.0601388
0.0480085
0.0333082
0.0192363
0.0227756
-0.0275958
-0.0248243
-0.0681702
-0.0675310
0.0285245
-0.0078427
-0.0034522
0.0154007
-0.0450081
-0.0193103
0.0051790
-0.0111404
0.0130257
0.0128569
0.0187821
0.0125901
0.0031958
0.0511473
0.0068932
0.0003698
0.0683461
-0.0358316
0.0125875
0.0341496
-0.0235354
-0.0121386
-0.0151729
-0.0474573
-0.0117480
0.0420128
0.0051276
0.0147490
-0.0625143
0.0108912
-0.0195316
0.0246647
0.0058007
-0.0683047
-0.0690270
-0.0582297
0.0083181
0.0277111
0.0349703
-0.0359364
-0.0122734
-0.0062612
0.0558503
-0.0266800
0.0514662
0.0477840
-0.0465128
-0.0361794
-0.0342328
0.0578614
-0.0235023
-0.0379665
-0.0022887
0.0322849
-0.0344593
-0.0038572
-0.0330856
0.0336432
0.0570458
-0.0520028
0.0413586
0.0370927
0.0251888
0.0415814
-0.0069980
-0.0774889
-0.0001557
-0.0355634
0.0459603
-0.0282689
-0.0631808
-0.0498322
-0.0616011
-0.0025261
0.0426159
0.0301648
-0.0098263
0.0869331
0.0090859
0.0576747
-0.0354070
-0.0124942
-0.0706228
-0.0996259
-0.0442617
0.0060844
0.0022749
-0.0864018
-0.0019904
0.0331125
0.0668219
-0.0003258
0.1374467
0.0568421
0.0044942
0.0685218
0.0234240
0.0302224
-0.0186308
-0.1522332
-0.0888249
-0.1577210
-0.1983903
-0.0979185
-0.0824790
0.0365670
0.2056569
0.3173058
0.5589123
0.4231441
0.1075174
-0.3001710
-0.5662917
-0.6453470
-0.4972709
-0.1328571
0.0740625
0.1623492
0.2167524
0.3227560
0.2612439
0.2845078
0.1028662
-0.0660124
-0.0953410
-0.1233283
-0.1478357
-0.1258769
-0.1694234
-0.0465758
-0.0210396
0.0565068
-0.0184612
0.0601689
0.0853897
0.0611775
0.0168178
-0.0212706
-0.0347334
-0.0459708
-0.0153493
-0.0417918
0.0229790
-0.0962549
-0.0980038
-0.0466434
-0.0627119
-0.0518395
-0.0033598
-0.0144230
-0.0269630
0.0619907
-0.0448138
-0.0295539
-0.0377795
-0.0305235
0.0453856
-0.0166740
-0.0715370
0.0382187
-0.0743937
0.0473314
-0.0415267
0.0401801
0.0232041
0.0056486
0.0242132
-0.0389370
-0.0018878
0.0333149
0.0539884
-0.0074023
-0.0051596
0.0663324
-0.0526567
-0.0082522
-0.0058525
0.0553334
0.0108786
0.0384165
0.0230072
0.0291643
0.0703339
-0.0642884
0.0422518
0.0297523
-0.0453308
0.0301622
-0.0245396
-0.0081337
-0.0064504
0.0415187
-0.0262944
-0.0208135
-0.0437200
0.0559265
0.0447075
-0.0678027
-0.0569571
-0.0166052
-0.0616687
-0.0530351
0.0505745
0.0611338
-0.0623297
0.0418192
-0.0041960
0.0129265
-0.0255642
-0.0508510
0.0517217
0.0094537
0.0020223
-0.0048265
-0.0237724
0.0473210
0.0161122
-0.0632640
-0.0491981
-0.0137715
0.0228291
0.0093697
-0.0580259
-0.0288325
-0.0561706
0.0080272
0.0536713
-0.0122816
-0.0044163
0.0406436
0.0003815
0.0288202
0.0613275
0.0196709
-0.0278689
0.0723579
-0.0369875
-0.0045166
-0.0099454
-0.0367056
0.0165398
0.0372455
0.0142376
0.0298656
-0.0016756
-0.0123173
-0.0428743
0.0264596
-0.0211382
-0.0038482
-0.0403268
-0.0073317
-0.0263548
0.0060588
0.0217056
0.0668213
0.0124331
0.0404786
0.0585652
0.0192166
-0.0371627
-0.0722004
0.0339871
-0.0247072
0.0490218
0.0042809
-0.0111028
-0.0645640
0.0246638
-0.0234794
0.0758312
0.0899974
-0.0317155
0.0065473
0.0666683
0.0234793
0.0211660
0.0173612
-0.0288440
-0.0413865
-0.0777112
-0.0708635
-0.0839811
-0.0579966
-0.0269818
-0.0107736
0.0135520
0.0926870
0.0959952
0.0919009
0.0510746
0.0474687
-0.0866163
-0.0917182
-0.0696318
-0.1821766
-0.1228626
-0.1042293
-0.1423156
0.0216654
0.0270346
0.2530326
0.3598383
0.5242724
0.4465789
0.1957372
-0.3162436
-0.5969177
-0.6522802
-0.4248572
-0.1868744
0.0836013
0.1381025
0.2303270
0.3212699
0.2376995
0.2900523
0.0668004
0.0281936
-0.1677307
-0.1425329
-0.1632181
-0.1070603
-0.0781035
-0.0881487
-0.0614076
0.0223526
-0.0114945
0.1302553
0.1495037
0.0613859
0.0593632
0.1014896
-0.0034183
0.0105797
-0.0789864
0.0134375
-0.0901743
-0.0667491
-0.0371050
0.0192896
-0.0560800
-0.0577049
-0.0217928
0.0912410
-0.0093323
-0.0380567
-0.0417947
-0.0246708
-0.0552483
0.0647278
0.0492889
-0.0792692
-0.0840491
0.0214357
-0.0003982
-0.0805020
0.0238484
-0.0540553
-0.0528006
-0.0314650
0.0175772
-0.0020367
0.0057146
-0.0009503
0.0326813
0.0033352
0.0661045
-0.0471535
-0.0523493
0.0505950
-0.0437580
0.0666970
-0.0537116
0.0166186
0.0657046
0.0272779
-0.0189479
-0.0647168
-0.0432217
0.0400952
-0.0106772
-0.0392157
0.0700440
-0.0120941
0.0049201
-0.0105598
-0.0204144
-0.0160773
0.0612218
0.0207271
0.0587802
-0.0404641
-0.0256518
-0.0675733
-0.0531202
0.0561175
0.0591629
-0.0048268
0.0228781
-0.0581778
-0.0652883
-0.0438061
0.0449338
0.0457740
-0.0542775
0.0191761
0.0096316
-0.0034566
-0.0149091
0.0377946
0.0427481
0.0590594
0.0617789
0.0711584
-0.0390247
-0.0526914
-0.0293601
0.0246504
-0.0347491
-0.0675672
-0.0523901
-0.0131382
0.0494014
-0.0355654
-0.0267391
-0.0594240
-0.0307011
-0.0079877
0.0226240
0.0677095
0.0311289
0.0581724
0.0546342
0.0248104
0.0419855
-0.0145629
0.0647170
0.0118203
-0.0069466
0.0065825
-0.0337443
-0.0712910
-0.0095552
-0.0269400
0.0128285
-0.0232992
-0.0407017
0.0058926
0.0072997
0.0154904
0.0201064
-0.0088017
-0.0027579
-0.0008425
0.0041704
-0.0215043
-0.0108185
-0.0799554
-0.0190860
0.0570589
-0.0294708
0.0205737
0.0264381
-0.0322293
0.0164486
-0.0180513
0.0324429
-0.0361103
0.0577740
-0.0199350
-0.0549331
-0.0318213
-0.0424723
-0.0762894
-0.0418369
-0.0235785
-0.0274543
0.0245223
0.0442543
-0.0013074
0.0062563
0.0506032
0.0448620
0.0242557
-0.0214813
-0.0179895
-0.0096503
-0.0699869
-0.1753390
-0.1304277
-0.2398890
-0.0962087
-0.0289477
0.0328600
0.1008806
0.3030748
0.3639846
0.5532866
0.4250377
0.1170090
-0.4179560
-0.6493441
-0.5703181
-0.3319652
-0.0565318
0.1019628
0.1397694
0.2450948
0.3741382
0.3471719
0.2064387
0.0660159
0.0115931
-0.0756821
-0.1203402
-0.1499438
-0.0992124
-0.1774265
-0.1141101
-0.0142617
0.0766056
0.0277505
0.0428532
0.0596503
0.0316105
0.0501465
0.0935025
