0.0437886
0.0069368
-0.0367970
0.0072448
-0.0187314
0.0187577
-0.0430447
-0.0019668
-0.0349722
0.0103129
0.0021579
0.0009545
-0.0444918
-0.0045655
0.0412161
0.0338059
-0.0042575
-0.0114257
-0.0185342
-0.0192075
0.0323970
0.0042324
0.0292551
-0.0432359
0.0321448
-0.0252654
0.0230859
-0.0168784
0.0258157
-0.0213071
-0.0278363
-0.0249892
0.0044191
-0.0427608
0.0426408
0.0307294
-0.0237862
0.0047513
0.0274493
-0.0189384
0.0136788
-0.0455945
-0.0068554
0.0080006
0.0072427
0.0025876
0.0159816
0.0091840
-0.0214120
-0.0489552
0.0113780
0.0312505
-0.0155420
-0.0314082
-0.0118696
0.0373743
0.0108876
0.0123479
-0.0338131
0.0211108
0.0400201
-0.0366568
-0.0149815
0.0173202
-0.0292468
-0.0138876
-0.0474712
-0.0027410
-0.0120042
0.0469215
0.0415620
0.0365876
-0.0003587
-0.0408346
0.0158510
-0.0294552
0.0264282
0.0093750
0.0044307
0.0239630
-0.0331648
0.0292376
0.0106852
-0.0351842
0.0126319
-0.0032764
-0.0320123
0.0066720
0.0302414
-0.0135597
0.0157658
0.0220654
-0.0380891
0.0444807
0.0173603
-0.0327300
-0.0226663
-0.0490621
-0.0207756
-0.0446787
0.0344186
0.0160199
-0.0069686
-0.0293178
-0.0061160
0.0291008
0.0144238
0.0189604
-0.0259522
-0.0165706
-0.0381218
-0.0275002
-0.0667134
-0.0419532
-0.1011960
-0.0369087
-0.0192174
0.0146620
-0.0035619
-0.0032186
0.0805738
0.1983316
0.2383327
0.0345112
-0.2173480
-0.4027169
-0.2580533
0.1233821
0.3044741
0.2438318
-0.0836483
-0.3191176
-0.2697523
-0.0178470
0.1834665
0.2010772
0.0883984
-0.0150803
-0.0257852
-0.0484774
0.0040535
-0.0580593
-0.0171760
-0.0341389
-0.0049239
0.0323065
-0.0261592
0.0070856
0.0112655
0.0118672
0.0510159
0.0410532
0.0195537
-0.0404126
-0.0060887
0.0246703
-0.0586668
-0.0207895
0.0278931
-0.0489677
-0.0116644
-0.0238681
0.0257933
-0.0213416
0.0045011
0.0174755
-0.0227903
0.0415661
0.0397341
0.0309865
-0.0245305
0.0154230
0.0147881
-0.0263906
-0.0423193
-0.0383462
0.0008972
-0.0054684
-0.0454104
0.0333580
0.0467775
-0.0220175
-0.0095451
-0.0161763
-0.0068597
0.0396031
0.0400512
-0.0068836
0.0073324
-0.0296984
-0.0084041
0.0080633
-0.0044397
0.0219818
0.0334853
-0.0348709
0.0005488
-0.0393179
-0.0356508
-0.0379545
0.0322313
0.0132045
0.0417973
0.0069604
-0.0372298
0.0210564
0.0006292
0.0269190
-0.0327025
0.0241383
-0.0006810
-0.0160683
0.0018952
-0.0195985
0.0307479
-0.0285847
0.0321350
-0.0243814
0.0022918
0.0279625
0.0319094
0.0121295
0.0247462
0.0066029
-0.0457781
0.0187101
-0.0368332
0.0087364
-0.0328707
-0.0119465
-0.0362664
-0.0217470
-0.0090557
-0.0159064
0.0032851
0.0076396
-0.0245700
-0.0205506
-0.0463103
-0.0114211
0.0122370
-0.0353427
0.0065769
-0.0253144
-0.0271918
0.0120663
0.0160155
0.0261309
0.0079034
-0.0239682
-0.0293237
-0.0391491
-0.0028091
0.0071734
-0.0264789
-0.0221891
0.0313663
0.0234298
-0.0260849
-0.0041260
0.0089166
0.0025188
0.0001089
0.0249449
0.0464828
0.0234428
0.0078443
-0.0300020
-0.0399853
-0.0413864
-0.0173327
-0.0161801
0.0318885
-0.0165118
0.0054094
0.0189318
-0.0031843
0.0156916
0.0010736
0.0465488
0.0232212
0.0252016
0.0436646
0.0485278
0.0450079
0.0100543
-0.0411330
0.0201304
-0.0009696
-0.0487766
-0.0610958
-0.0059467
0.0204262
0.0428200
0.0421062
0.0380792
0.0732786
0.0338911
0.0197443
0.0581599
0.0605992
0.0202690
0.0026056
-0.0187707
-0.0448719
-0.0815416
-0.1034203
-0.0457588
-0.0476688
0.0435914
0.0207130
0.0935531
0.2029842
0.3437544
0.1224139
-0.1312717
-0.3617716
-0.3077933
0.0110674
0.1991793
0.1474151
-0.0784951
-0.2522497
-0.1979416
0.1142828
0.2502225
0.1765365
0.0715412
0.0359821
-0.0413560
-0.0657756
-0.0369254
-0.0280460
-0.0470630
-0.0191211
0.0176549
-0.0055994
-0.0059954
0.0028459
0.0638825
0.0074415
0.0567690
0.0630411
0.0190350
0.0482582
-0.0414145
-0.0566510
-0.0487716
0.0010081
0.0132116
-0.0028044
-0.0511990
-0.0209998
0.0025745
-0.0291027
0.0058194
0.0514954
-0.0299496
0.0389882
0.0308605
0.0335558
-0.0444264
0.0310924
-0.0178214
-0.0011332
-0.0231886
0.0369840
0.0054152
0.0163063
0.0214496
0.0088310
0.0439873
-0.0272171
-0.0120914
0.0409212
-0.0168359
-0.0292816
-0.0467936
-0.0242288
-0.0104803
0.0140554
0.0338862
-0.0020341
0.0134229
-0.0401552
-0.0018670
-0.0040891
-0.0283463
0.0312713
0.0378038
-0.0152502
-0.0451117
-0.0352101
0.0385280
-0.0300329
0.0247462
-0.0303231
0.0378164
-0.0238192
-0.0259276
-0.0373379
-0.0038969
0.0165175
-0.0322072
0.0001777
0.0129987
-0.0452678
-0.0197899
-0.0238802
-0.0108435
0.0238545
0.0170496
-0.0425298
-0.0097129
-0.0293496
0.0093092
-0.0100874
0.0131515
0.0322443
-0.0032079
0.0029036
0.0332469
-0.0395432
-0.0068072
-0.0053399
-0.0369856
0.0279899
0.0262624
0.0264542
-0.0463884
0.0300781
-0.0221079
-0.0413231
0.0135637
-0.0356892
-0.0134749
-0.0337531
-0.0141666
-0.0053269
0.0242276
-0.0419586
-0.0068170
-0.0180541
0.0406200
0.0447074
0.0152845
-0.0243896
0.0411876
0.0183676
0.0329117
-0.0107616
0.0220755
-0.0031286
0.0240230
0.0489139
0.0019490
0.0184686
0.0106404
0.0240674
0.0298851
-0.0302147
0.0158143
0.0319733
0.0223013
-0.0495985
0.0186353
-0.0100996
0.0233262
0.0232942
0.0351625
-0.0314692
0.0059939
0.0281021
0.0285284
-0.0298886
0.0287775
0.0056896
-0.0003717
-0.0049635
0.0316496
-0.0280721
-0.0479092
-0.0469635
0.0210046
0.0011199
0.0311111
0.0170398
0.0003359
0.0535040
0.0738021
-0.0100819
-0.0094459
0.0460489
-0.0410828
-0.0237465
-0.0178196
-0.0178095
-0.0380936
-0.0314900
-0.0301601
-0.0163377
0.0078230
0.0541495
0.1000604
0.2917126
0.2905856
0.0385925
-0.2955704
-0.4304890
-0.2574063
0.0883997
0.2866162
0.1153878
-0.1364232
-0.2203396
-0.0640394
0.1623036
0.2284376
0.1219734
-0.0115789
-0.0330113
-0.0725769
-0.0810389
-0.0840193
-0.0886189
-0.0592857
-0.0046494
0.0190463
-0.0259821
0.0325019
0.0577293
0.0536161
0.0357571
0.0429250
-0.0097259
-0.0120850
-0.0046838
-0.0156816
-0.0302237
-0.0013731
-0.0131587
-0.0268743
-0.0116294
-0.0255198
0.0127463
-0.0305608
0.0525801
0.0508907
0.0510946
-0.0143959
0.0028737
-0.0000527
-0.0159923
-0.0282685
-0.0223862
0.0339937
0.0329676
0.0299318
0.0332804
0.0078799
0.0348149
-0.0250296
-0.0402554
0.0370994
0.0266178
-0.0205826
0.0395649
0.0444884
-0.0195581
-0.0273196
-0.0105386
-0.0400381
-0.0419267
-0.0193484
-0.0337876
0.0096421
-0.0415674
0.0327354
0.0440129
-0.0172480
0.0154939
-0.0008415
-0.0053234
0.0467996
-0.0197458
-0.0328044
-0.0174251
0.0362006
0.0329476
-0.0202141
-0.0246464
0.0190691
-0.0376257
0.0050485
0.0002574
-0.0056827
0.0137847
0.0414288
0.0070726
0.0140073
-0.0404998
-0.0059135
-0.0172376
0.0244560
-0.0126847
0.0459117
0.0323983
-0.0404950
0.0389095
-0.0402431
-0.0262901
0.0145573
0.0068639
0.0112506
0.0187865
0.0238437
0.0052768
0.0455644
-0.0015423
0.0133612
-0.0035117
-0.0382787
-0.0324538
-0.0141566
0.0315839
-0.0080636
-0.0218607
-0.0342328
-0.0085194
-0.0268651
0.0180572
-0.0327733
-0.0327731
0.0384448
-0.0107456
0.0145367
-0.0370027
0.0175518
0.0376970
-0.0234924
0.0339909
-0.0388445
0.0116519
0.0188180
0.0482720
0.0234499
0.0375494
-0.0305962
0.0413504
-0.0025133
-0.0238127
0.0262371
0.0108976
-0.0013701
0.0160045
0.0386620
-0.0026547
-0.0332470
-0.0187301
-0.0081767
-0.0353652
-0.0123075
-0.0232586
-0.0290560
-0.0263659
0.0460572
-0.0052824
0.0308411
-0.0081062
-0.0414730
0.0052637
-0.0107873
0.0219431
0.0216571
-0.0267824
-0.0409425
-0.0069983
-0.0134359
-0.0178453
0.0154888
0.0494762
0.0269355
0.0663037
-0.0146171
-0.0105359
0.0031707
-0.0141007
0.0017112
-0.0728876
-0.0910013
-0.0716486
-0.0396168
-0.0074502
0.0677794
0.0811693
0.2018026
0.2776640
0.1627449
-0.1028976
-0.3563030
-0.3385122
-0.0549080
0.2680624
0.2862456
0.0351674
-0.2527497
-0.2474255
-0.0879393
0.1435728
0.1906326
0.1381996
0.0059072
-0.0230043
-0.0083447
-0.0766455
-0.0897474
-0.0142966
-0.0165983
0.0186116
-0.0298615
-0.0380634
-0.0070616
0.0709277
0.0274089
0.0613431
-0.0101436
0.0437983
-0.0153200
-0.0332556
0.0104838
0.0130430
0.0028086
-0.0115139
0.0235052
0.0071486
-0.0227501
-0.0040836
0.0372097
0.0056868
0.0425338
-0.0233932
0.0181781
0.0346001
0.0079642
0.0376116
0.0429495
-0.0037394
0.0078532
0.0396311
0.0292658
-0.0181739
0.0366857
-0.0460869
0.0275891
0.0237678
0.0356399
-0.0063698
0.0419299
0.0064511
-0.0111946
0.0116298
-0.0446097
0.0331989
-0.0376009
-0.0500862
-0.0135001
-0.0125443
0.0170499
0.0420695
0.0014166
-0.0431938
0.0227241
-0.0119769
0.0163436
0.0130179
0.0010045
-0.0158743
-0.0115973
-0.0136657
-0.0222168
-0.0013707
-0.0141217
-0.0121114
-0.0393372
-0.0034333
0.0462311
-0.0284405
0.0088645
-0.0419490
-0.0121223
-0.0257325
0.0066860
0.0448553
0.0009280
-0.0080581
-0.0160184
0.0112098
-0.0055854
0.0185549
-0.0045575
0.0060239
-0.0180856
-0.0080775
-0.0228795
-0.0332491
0.0178484
0.0122155
-0.0075570
0.0270455
0.0124579
0.0247421
-0.0187072
-0.0096434
0.0103818
-0.0452761
-0.0430505
0.0254321
0.0329907
0.0379993
-0.0027085
-0.0177593
0.0418266
-0.0454598
-0.0246354
0.0280929
-0.0353685
0.0072966
0.0093928
0.0022173
-0.0452932
0.0133034
-0.0148541
0.0379525
0.0185930
0.0218557
0.0130586
0.0143957
0.0399688
0.0286799
0.0143114
-0.0373822
-0.0021529
0.0068077
-0.0352322
0.0045462
0.0076746
0.0088544
0.0285767
-0.0152488
-0.0247471
-0.0110385
-0.0144502
0.0395396
0.0437961
0.0519618
0.0336905
0.0265189
-0.0099488
-0.0128272
0.0407195
-0.0374606
0.0007681
-0.0266200
-0.0369686
-0.0479755
-0.0038171
0.0193294
0.0106047
0.0289006
-0.0236412
0.0259862
0.0622235
0.0315098
0.0473072
0.0325898
-0.0332186
-0.0237528
-0.0493393
-0.0280986
-0.1097056
-0.1142567
-0.0876159
-0.0783132
0.0251493
-0.0037521
0.0410593
0.1579196
0.3204114
0.2942430
0.0833295
-0.2904864
-0.4411148
-0.2584308
0.0751413
0.2079401
0.1288419
-0.1740987
-0.2387982
-0.0456121
0.1855538
0.1954633
0.1329255
0.0709257
-0.0601416
-0.0778136
-0.0124006
-0.0978138
-0.1002059
-0.0486265
-0.0399951
-0.0583779
0.0340771
-0.0039428
0.0606934
0.0138617
0.0229128
0.0573708
0.0314039
0.0036335
0.0136699
-0.0357686
-0.0111979
0.0115194
-0.0057051
-0.0428207
-0.0329861
-0.0118154
-0.0082154
-0.0226399
0.0232724
0.0289707
0.0082884
0.0546686
0.0036063
-0.0063765
0.0447233
-0.0034128
0.0322204
-0.0168852
0.0078526
-0.0505292
-0.0398799
0.0273952
-0.0377181
0.0218745
0.0144539
0.0449760
-0.0404308
0.0315801
-0.0220744
0.0504763
0.0448591
-0.0212958
0.0263882
0.0064995
0.0360705
0.0149345
-0.0340007
0.0025358
0.0101523
0.0092130
0.0319370
-0.0230718
-0.0051115
0.0149328
0.0191740
-0.0023620
0.0360279
0.0334632
0.0375661
0.0120014
-0.0187378
-0.0300747
0.0316926
-0.0451394
0.0105845
-0.0195262
-0.0338568
-0.0265256
0.0219369
0.0035616
0.0098296
0.0134607
-0.0054156
-0.0421071
-0.0229101
-0.0131092
0.0350181
-0.0231867
0.0209626
0.0395612
0.0076865
0.0395723
0.0431433
0.0104139
0.0415094
0.0244905
0.0450317
0.0100877
0.0052453
0.0086180
-0.0007065
-0.0367311
0.0415705
-0.0204274
-0.0082663
-0.0211830
0.0135528
-0.0278832
0.0056049
0.0052596
-0.0304161
-0.0289512
-0.0206749
0.0120832
0.0355277
-0.0151177
-0.0406716
0.0071104
-0.0131401
0.0379251
-0.0206339
-0.0121914
-0.0477694
0.0390992
-0.0436358
0.0035481
-0.0289767
0.0175110
0.0277493
0.0243919
0.0489777
-0.0033326
-0.0318704
-0.0387895
-0.0104158
0.0225197
-0.0066173
-0.0484024
-0.0266309
-0.0226678
0.0217182
-0.0422202
-0.0251958
0.0430508
-0.0200987
0.0459313
0.0071695
0.0442871
-0.0331953
0.0412857
-0.0048933
0.0324871
-0.0339597
-0.0180118
-0.0383192
0.0024991
0.0091356
-0.0339232
0.0077690
0.0152722
-0.0152838
-0.0043799
-0.0019043
-0.0131996
-0.0141144
-0.0004170
-0.0217200
-0.0238181
-0.0444738
-0.0690575
-0.0243620
-0.0996145
-0.0291536
-0.0443580
0.0199905
0.0279219
0.0285011
0.1594717
0.2916571
0.2640132
-0.0063256
-0.3225443
-0.4259682
-0.2480117
0.1402839
0.2442732
0.1252393
-0.1329599
-0.2011386
-0.0366523
0.0970001
0.2158546
0.0933629
0.0406917
-0.0724908
-0.0154937
-0.0192763
-0.0097708
-0.0487512
-0.0836835
-0.0176485
-0.0252038
0.0034941
0.0342325
0.0436541
0.0426627
0.0060177
0.0618960
0.0282668
-0.0141518
-0.0281027
-0.0522766
-0.0251978
-0.0389587
-0.0593512
-0.0366185
0.0001115
-0.0537079
-0.0027694
-0.0176427
-0.0015770
-0.0114600
0.0426180
-0.0120531
0.0270650
-0.0237785
-0.0119434
-0.0029157
-0.0333029
-0.0398704
-0.0403048
-0.0040848
0.0136816
0.0177898
-0.0291641
0.0435538
0.0281949
-0.0260200
-0.0222738
0.0013062
0.0180520
-0.0045588
-0.0270860
-0.0038372
-0.0150082
-0.0171128
0.0346373
0.0271934
-0.0374130
0.0086122
-0.0420827
0.0342774
-0.0330429
-0.0391478
-0.0075233
-0.0081757
0.0287873
0.0425559
-0.0360015
0.0180484
0.0331426
0.0064064
0.0145755
-0.0037205
0.0112107
0.0148730
0.0011224
-0.0424972
0.0358269
0.0239559
0.0036629
-0.0312753
0.0308918
-0.0190760
-0.0199026
-0.0097018
0.0444445
0.0060079
0.0025172
0.0232197
0.0081503
-0.0040558
-0.0252235
-0.0211405
0.0274184
0.0313817
-0.0249599
-0.0368372
0.0206556
-0.0344329
-0.0149384
0.0427066
0.0396692
0.0044359
-0.0055432
-0.0080897
-0.0332963
-0.0405627
0.0019197
-0.0011111
0.0158374
0.0218152
-0.0314573
-0.0219757
-0.0241155
-0.0399659
0.0296758
0.0115097
0.0077111
0.0379374
0.0209163
0.0149374
0.0079321
-0.0132948
0.0349034
-0.0078129
0.0127224
-0.0249104
0.0000566
-0.0212337
-0.0079795
0.0249990
-0.0099589
0.0306758
-0.0108086
0.0303673
0.0263213
0.0371142
0.0274017
-0.0103423
-0.0045433
-0.0259798
0.0216150
0.0310286
0.0318921
-0.0118695
-0.0257191
0.0043486
0.0103738
0.0218259
0.0002534
0.0353566
0.0258538
0.0203847
-0.0463842
-0.0560157
-0.0564124
0.0144175
0.0066407
