-0.0215287
-0.0159553
-0.0371853
0.0365478
0.0308806
-0.0605353
-0.0478126
-0.0154606
-0.0467658
0.0653939
0.0633200
-0.0040284
0.0501702
0.0091225
-0.0196330
0.0065427
0.0101446
0.0318693
-0.0342741
0.0645283
-0.0697604
-0.0455602
0.0046070
0.0172887
0.0484842
0.0381879
0.0409213
0.0443802
0.0073125
-0.0033853
-0.0307658
0.0384927
0.0137022
-0.0364441
0.0145244
-0.0411668
-0.0214829
-0.0396168
-0.0598544
-0.0334795
0.0375396
-0.0655467
0.0157470
0.0164491
0.0514470
-0.0432278
-0.0191968
0.0341056
0.0450677
-0.0701607
0.0197276
0.0195399
0.0405162
0.0236377
0.0124098
0.0657033
-0.0225706
0.0326964
0.0257493
0.0447568
0.0525829
0.0213289
-0.0472991
-0.0118840
0.0498795
0.0280803
-0.0617356
-0.0537051
-0.0445907
0.0696886
-0.0091684
-0.0056024
-0.0629112
-0.0661122
0.0159252
-0.0020344
0.0342602
0.0152618
0.0528650
-0.0652977
0.0115292
0.0554583
0.0457017
0.0031525
0.0538306
0.0626810
-0.0251309
-0.0154639
-0.0064974
-0.0354114
0.0500431
0.0572357
-0.0295200
0.0420623
0.0659762
-0.0140133
0.0595692
0.0399385
-0.0508679
0.0010176
0.0677514
0.0555466
0.0606505
0.0427281
-0.0424020
0.0533383
-0.0653669
0.0205191
-0.0287056
-0.0361219
-0.0719588
-0.0192691
0.0619720
-0.0395533
0.0815070
0.0157088
-0.0101501
0.0926522
0.0832409
-0.0503071
-0.0412799
0.0225335
-0.0102493
-0.0413094
-0.0926551
-0.0049347
-0.1005646
-0.0121282
-0.0579999
-0.0557253
-0.0034637
0.1246484
0.0767956
0.1022019
0.0389835
0.1233785
0.0020749
0.0211433
-0.1071598
-0.0404705
-0.1038072
-0.1166213
-0.1870531
-0.0995635
-0.0611712
-0.0016221
0.1578703
0.2242875
0.4929722
0.5886445
0.3293604
-0.0319806
-0.4951881
-0.6665574
-0.6576299
-0.3768313
-0.0534162
0.0499277
0.2598986
0.3071556
0.4284297
0.2542442
0.2638722
0.0557218
-0.0458705
-0.0840440
-0.1851230
-0.2204015
-0.1532621
-0.0575155
-0.0700599
-0.0551879
0.0086291
0.0885328
0.0757997
0.1035589
0.0769574
0.1253628
0.0080363
0.0127689
-0.0734916
0.0059816
-0.0467645
-0.1029504
-0.0090130
-0.0063474
-0.0552654
0.0022824
-0.0381809
0.0368622
-0.0348892
0.0518951
-0.0267248
0.0169336
-0.0078884
-0.0547933
-0.0513431
-0.0381209
-0.0307569
-0.0434347
0.0278602
-0.0220946
-0.0132432
0.0024712
0.0361031
-0.0071794
0.0367357
-0.0147721
0.0304138
-0.0400281
-0.0510159
0.0723097
0.0243855
-0.0537606
0.0408439
-0.0731524
-0.0406765
0.0185698
0.0367358
-0.0077466
0.0202414
0.0255068
-0.0147380
0.0034484
0.0025779
0.0106444
-0.0078457
0.0388142
-0.0612213
0.0223300
-0.0461411
-0.0004849
-0.0088005
-0.0111257
0.0246608
-0.0110972
-0.0133163
0.0383635
-0.0279010
0.0399036
-0.0260484
0.0021478
-0.0544724
0.0472614
0.0705905
0.0342036
0.0198251
0.0666603
-0.0143773
-0.0123205
0.0066977
-0.0669122
0.0569576
-0.0710713
0.0201961
0.0573998
0.0653783
-0.0348671
0.0684837
0.0528562
0.0360576
-0.0541453
-0.0013296
0.0003737
-0.0000355
-0.0438356
-0.0558457
-0.0461280
-0.0611433
-0.0058173
-0.0641231
-0.0551383
0.0086092
0.0588801
-0.0322560
-0.0557925
-0.0696056
-0.0211933
-0.0119626
-0.0531960
0.0343668
0.0324308
-0.0540092
0.0238808
0.0681585
-0.0111525
0.0465148
0.0159330
0.0354469
0.0550232
0.0549847
-0.0606153
-0.0119844
0.0432124
0.0570785
-0.0510760
-0.0025951
-0.0039773
-0.0550210
0.0496185
-0.0030432
-0.0466070
0.0095380
0.0556884
-0.0206244
-0.0440717
0.0327961
-0.0121807
-0.0657657
-0.0491679
-0.0969748
0.0184599
-0.0063786
0.0811845
0.0689274
0.0917377
0.0179076
0.0211605
0.0448996
0.0840909
0.0268062
0.0147963
-0.0171616
-0.1135961
-0.0771415
-0.1192122
-0.2131317
-0.0689479
-0.0599371
-0.0278960
0.1887802
0.2480612
0.5313471
0.5824758
0.3132369
-0.1729091
-0.5694803
-0.6819878
-0.4726198
-0.2201012
0.0630495
0.0694196
0.2043654
0.2287421
0.3183808
0.3123175
0.1869691
0.0250299
-0.1228657
-0.1022577
-0.1239439
-0.1664443
-0.1069703
-0.1503813
-0.0820457
-0.0427075
-0.0081935
0.0239320
0.1192292
0.0942365
0.1461268
0.0372511
0.0513139
-0.0565416
-0.0524803
-0.0112871
0.0243206
-0.0088821
0.0158553
-0.0232075
0.0245473
-0.0597889
-0.0567415
0.0700477
0.0579051
0.0818294
-0.0151244
0.0703877
0.0830809
-0.0098114
-0.0071450
0.0314839
-0.0207921
-0.0769947
-0.0767147
0.0055119
-0.0543778
-0.0243760
0.0671817
-0.0212160
0.0626999
0.0152513
0.0531216
-0.0295029
-0.0423880
-0.0216029
-0.0352826
-0.0300534
0.0566158
-0.0602146
-0.0171739
-0.0349382
0.0606014
0.0600481
0.0334034
-0.0590386
0.0006001
-0.0118785
0.0107337
0.0701264
-0.0298205
0.0058327
0.0575895
0.0526030
-0.0208455
-0.0319091
-0.0281451
-0.0510065
0.0364925
0.0263277
0.0026624
-0.0696702
0.0463458
-0.0473148
-0.0459047
0.0410961
0.0351154
-0.0518999
0.0085637
-0.0691957
-0.0455708
-0.0213511
-0.0027332
0.0517310
-0.0174798
-0.0123739
0.0401003
0.0431946
-0.0180112
-0.0197377
-0.0058911
-0.0213536
0.0418421
0.0193011
0.0107194
0.0141237
0.0015438
0.0167295
-0.0300304
0.0476271
-0.0184205
-0.0689587
0.0406542
-0.0284178
-0.0356821
-0.0675745
-0.0013703
0.0165476
0.0194088
-0.0022583
0.0305749
-0.0437448
-0.0517342
0.0541392
0.0574753
0.0544690
0.0164120
0.0378516
-0.0574127
-0.0250277
-0.0435692
0.0518262
0.0551247
0.0360657
-0.0120150
0.0284561
-0.0193855
0.0078445
-0.0621627
0.0173930
0.0129878
0.0575046
0.0253029
0.0692514
0.0597969
-0.0046528
0.0025469
0.0097550
0.0257745
-0.0190091
0.0231769
0.0004248
-0.0079397
-0.0001090
-0.0704435
0.0020925
0.0214087
-0.0345443
0.0431564
0.0040419
-0.0454545
-0.0293877
-0.0209134
-0.0487267
-0.0272583
0.0566545
-0.0510978
-0.0274417
-0.1042438
0.0134172
-0.0548117
-0.0738622
0.0311629
0.0036629
0.0217332
0.0530478
-0.0056215
0.1059129
0.0218861
-0.0073950
0.0792269
-0.0190802
-0.0831498
-0.0946556
-0.1105492
-0.2178145
-0.2128020
-0.1088664
-0.1015368
-0.0491210
0.0475938
0.1499661
0.4098701
0.5603117
0.3729864
-0.0020047
-0.3857985
-0.6144997
-0.5056778
-0.2423248
-0.0490086
0.0809971
0.0725387
0.2073405
0.2843400
0.3279418
0.2884893
0.0822598
-0.0920161
-0.1037739
-0.1303556
-0.1558810
-0.0797435
-0.1107506
-0.0102961
-0.0287739
0.0614767
0.0625596
0.0603197
0.0616017
0.1299616
0.0342013
0.0688494
-0.0019116
-0.0315996
-0.0491400
-0.0227685
0.0193782
-0.0655758
-0.0926383
-0.0672121
0.0268945
-0.0581919
0.0035076
0.0279980
-0.0448403
0.0262063
0.0082973
0.0672517
-0.0012239
-0.0514812
-0.0470375
-0.0443245
-0.0768552
0.0468672
-0.0724276
0.0401614
-0.0718874
0.0350402
-0.0290611
-0.0008825
0.0581652
0.0008933
0.0625540
0.0630480
-0.0262617
0.0320703
-0.0177136
0.0594764
-0.0428211
-0.0159547
0.0073167
-0.0340989
0.0238501
-0.0305853
0.0293284
-0.0227062
0.0041121
-0.0377174
0.0572906
0.0506733
0.0499313
-0.0364573
-0.0304226
0.0481974
-0.0680552
-0.0038689
-0.0388026
0.0609471
-0.0303818
0.0400059
0.0130661
-0.0091535
-0.0312450
-0.0321782
0.0631898
0.0618786
-0.0542463
0.0204895
0.0206305
-0.0331548
-0.0354835
-0.0385683
0.0178399
-0.0102425
-0.0374951
-0.0694925
-0.0081496
-0.0216124
0.0282880
0.0179763
-0.0139624
0.0665872
-0.0470097
0.0640861
-0.0471980
0.0116085
0.0429750
0.0330463
0.0235413
0.0568727
0.0379897
0.0353136
0.0037458
0.0443903
0.0458820
0.0289275
-0.0020063
-0.0200103
0.0481791
-0.0203763
-0.0722711
-0.0211629
0.0312243
0.0558214
0.0492844
0.0390827
0.0172492
0.0454820
0.0147516
-0.0193629
0.0431638
-0.0506140
0.0119859
0.0105387
-0.0671710
0.0339187
-0.0796516
-0.0239634
0.0389868
0.0284579
0.0498447
-0.0250143
-0.0452703
-0.0143128
-0.0020409
0.0662804
-0.0083024
-0.0322239
0.0197393
-0.0483209
-0.0406434
-0.0467921
-0.1069569
0.0191562
0.0016087
0.0482942
-0.0367798
-0.0168113
0.0794083
0.1094083
0.0119305
0.1099391
-0.0019495
0.0092690
-0.0797864
-0.0693545
-0.0511696
-0.1730373
-0.0938630
-0.1847157
-0.1142752
-0.0416870
0.0339407
0.2344618
0.4032793
0.5248914
0.3873605
0.0425773
-0.4100911
-0.6353004
-0.5202569
-0.2005859
-0.0437695
-0.0008483
0.0933805
0.1787289
0.3062704
0.3085578
0.2304851
0.0935223
-0.0523803
-0.1635873
-0.1182098
-0.1542155
-0.1085511
-0.0762068
-0.1262204
-0.0603572
-0.0515306
0.0326363
0.0532506
0.1443523
0.0185473
0.0471918
0.0281777
0.0839306
0.0015870
-0.0870551
-0.0961287
0.0123543
-0.0085289
-0.0978963
0.0208823
0.0141469
-0.0146113
0.0310608
0.0757352
0.0486789
0.0390583
0.0912294
-0.0355537
0.0491043
0.0007701
-0.0218835
0.0465325
-0.0506663
0.0292195
-0.0455590
-0.0057888
0.0148914
0.0195898
-0.0387418
-0.0200559
-0.0410403
0.0063664
0.0783904
-0.0300056
-0.0628444
0.0182486
-0.0087430
0.0141816
-0.0699834
-0.0353493
0.0359197
-0.0215761
0.0369554
-0.0573254
-0.0148952
-0.0176130
0.0398390
-0.0102480
-0.0610058
-0.0349344
0.0193246
-0.0550915
-0.0137376
0.0434743
-0.0556012
0.0437474
0.0035233
0.0111415
-0.0618556
-0.0096247
-0.0293615
0.0416910
-0.0018032
-0.0369623
-0.0249964
0.0635852
-0.0366080
-0.0376356
0.0407365
0.0287984
-0.0376219
0.0389762
-0.0463128
0.0315713
0.0488347
-0.0316986
-0.0005556
-0.0134752
-0.0548791
-0.0253742
0.0628159
-0.0457260
0.0509124
0.0422362
-0.0403092
-0.0472045
0.0246357
-0.0271430
-0.0189514
0.0329791
0.0472166
0.0125130
0.0183112
-0.0198262
-0.0262705
-0.0035391
-0.0422873
0.0275901
0.0625951
-0.0543335
-0.0592347
0.0599938
0.0080659
0.0202579
-0.0072379
0.0547570
-0.0534105
0.0297178
0.0185338
-0.0265031
-0.0194700
-0.0394054
-0.0122433
-0.0396055
-0.0088820
-0.0240751
0.0029315
0.0485580
-0.0046335
-0.0025902
-0.0165485
0.0077029
0.0490467
0.0272172
0.0042230
-0.0419862
0.0290596
0.0219741
-0.0212877
-0.0493209
0.0172428
0.0045828
-0.0025989
-0.0273784
-0.0051293
-0.0264136
-0.0251889
0.0863069
0.0528868
0.0204514
-0.0491904
0.0460971
0.0203706
-0.0931391
-0.0047835
-0.1082459
-0.0359811
0.0199242
0.0338489
-0.0392637
0.0742336
0.0299270
0.0941750
0.0826149
0.0358402
0.1488374
0.0479997
0.0634538
-0.0453164
-0.1105139
-0.1213022
-0.1035995
-0.1287803
-0.1341627
-0.1779260
-0.0708338
-0.0744099
0.0545344
0.2890431
0.4465898
0.5838646
0.4599886
0.1183139
-0.4241856
-0.7520427
-0.6404566
-0.3835137
-0.1393036
0.0052395
0.2847331
0.3720400
0.4560306
0.3204189
0.2670323
0.0065539
-0.1288111
-0.1170163
-0.1838909
-0.2194050
-0.1066445
-0.1631135
-0.0368068
-0.0761584
0.0918903
0.0413438
0.1256262
0.1263054
0.0527630
0.0771477
0.1105332
0.0810070
-0.0240853
-0.0373335
-0.0701481
-0.0198349
-0.0578371
-0.0254071
-0.0096152
0.0286322
-0.0073241
-0.0457694
0.0426125
0.0806223
0.0365850
-0.0397375
0.0532955
0.0777856
0.0304981
-0.0413351
0.0112059
0.0251759
0.0435865
0.0445687
-0.0213012
-0.0360618
0.0139413
0.0031866
0.0531769
-0.0355832
0.0040655
0.0417653
-0.0083292
0.0462299
-0.0240924
0.0135141
0.0341066
0.0482061
-0.0750035
-0.0270199
0.0563753
0.0406330
-0.0097891
-0.0482790
-0.0305012
0.0153036
-0.0531941
-0.0094936
0.0120726
0.0025057
-0.0243728
0.0521493
0.0380928
-0.0561773
0.0617362
0.0660012
-0.0638720
0.0098745
0.0560863
0.0244082
-0.0294737
0.0347777
-0.0258300
0.0574920
-0.0080422
0.0328392
0.0105862
0.0039738
-0.0380167
-0.0008682
-0.0325047
0.0415211
0.0100568
-0.0290376
0.0351061
-0.0187077
-0.0307941
-0.0240914
-0.0237491
-0.0674688
-0.0400170
-0.0691430
-0.0644422
-0.0086703
-0.0102573
-0.0148081
0.0143459
0.0158095
0.0310961
0.0606915
-0.0422806
0.0097993
-0.0353535
0.0006865
0.0341618
0.0419463
-0.0318681
0.0337370
-0.0515837
-0.0726652
-0.0678351
0.0294834
0.0515254
0.0465483
-0.0277950
-0.0351451
0.0782431
0.0160525
-0.0665047
0.0601905
-0.0509840
-0.0713941
-0.0164246
0.0000018
-0.0778405
-0.0358778
-0.0139494
0.0160452
-0.0083990
0.0507882
-0.0004317
0.0864061
-0.0146000
-0.0150623
0.0702456
-0.0614462
0.0301993
-0.0598554
-0.0823404
-0.0729156
0.0203254
0.0252794
-0.0066879
0.0030101
0.0553239
0.1036535
0.0028457
0.0774013
0.0294792
0.0865993
0.1141965
-0.0230531
-0.0183661
-0.0536797
-0.1671798
-0.2001322
-0.2003612
-0.2402651
-0.1871229
-0.0475780
0.0376086
0.1548980
0.2904849
0.5500331
0.4839095
0.3566075
-0.0709755
-0.5297136
-0.6553072
-0.5934884
-0.2172688
0.0261608
0.0869804
0.2651340
0.2408860
0.3804125
0.2950492
0.1452028
0.0581757
-0.1192077
-0.1751777
-0.1780601
-0.2173088
-0.1520690
-0.1059517
-0.1068434
0.0257277
0.0987138
0.0401581
0.0973224
0.1072420
0.0765253
0.0034854
0.0645142
0.0024576
0.0415737
-0.0457257
-0.0039694
-0.1028477
-0.0832575
-0.0337099
0.0262617
-0.0104175
-0.0224597
0.0293623
-0.0424755
0.0153532
0.0927222
0.0780716
0.0268035
-0.0480275
0.0567908
0.0037723
-0.0349897
-0.0127771
0.0086335
0.0176826
-0.0376143
-0.0064802
0.0643611
-0.0534363
0.0217832
-0.0026806
-0.0386864
-0.0378460
-0.0494921
-0.0277940
0.0360188
0.0422849
0.0188569
0.0449388
0.0308313
0.0621855
0.0326632
0.0567292
-0.0281404
0.0121796
-0.0504942
-0.0036559
0.0612614
-0.0304331
-0.0180778
-0.0376142
0.0621280
-0.0328955
0.0579858
0.0643212
0.0618010
0.0508239
0.0520722
-0.0446196
0.0500203
0.0395407
-0.0260752
0.0580697
0.0389348
-0.0224921
0.0694834
-0.0665438
0.0695737
-0.0143109
0.0328557
0.0415741
0.0513314
-0.0507785
-0.0519768
-0.0295665
0.0575073
0.0649604
0.0511284
0.0665984
-0.0214650
0.0509301
0.0286726
0.0129507
0.0672197
0.0122348
-0.0079412
-0.0112175
0.0647344
0.0651895
0.0054336
0.0045261
-0.0606558
-0.0205729
0.0561547
-0.0344851
0.0181339
0.0399094
0.0273613
-0.0068930
0.0625089
0.0527305
0.0596599
0.0650482
0.0390598
0.0415017
-0.0140608
-0.0371361
-0.0135644
-0.0394830
-0.0416057
-0.0163034
0.0362306
0.0431757
0.0450681
0.0628587
-0.0102050
0.0176930
0.0052042
-0.0519668
-0.0703491
-0.0262146
-0.0091236
-0.0443623
0.0038824
0.0379306
