-0.0771234
0.0559317
0.0655065
-0.0263013
-0.2285536
-0.1517616
0.1068283
-0.0219538
0.0738799
0.0892186
0.2002849
0.0395709
0.2857157
0.3155106
0.2249002
-0.1009820
-0.2358107
-0.2503475
-0.4560316
-0.4196878
-0.4250412
-0.3157943
0.0808330
0.3493297
1.0956147
1.4757076
1.0034270
0.0729127
-0.6647968
-1.2726473
-1.0591210
-0.5192137
-0.2002346
0.2508405
0.3355065
0.2782141
0.4115778
0.1260132
0.2618247
0.0834536
0.1236775
0.1009299
-0.0248979
-0.1925783
-0.1975202
-0.3301246
-0.3228674
-0.2382522
-0.0904103
-0.0660650
0.2150847
0.2701645
0.1746582
0.2099672
0.1850510
0.0741597
-0.1646356
0.1427981
-0.0393276
0.0471653
-0.0155411
0.0050026
-0.0394078
-0.0492960
-0.1031159
0.1814008
0.0727166
0.1503651
0.0862194
0.0417894
-0.1423117
0.0021422
0.0414047
0.0900735
0.1642446
-0.0057548
0.1545832
-0.0413480
0.1540555
-0.0783763
-0.0723957
-0.0492988
0.1332524
-0.1018261
0.0371949
0.1753924
-0.0305863
-0.1757839
0.0757822
0.0114448
-0.2096445
0.1629605
-0.1673539
0.1548154
0.1271876
0.0007077
-0.0814261
-0.0047531
0.1225183
0.0805698
-0.0694858
-0.1173124
-0.1808803
0.0494014
0.1050762
-0.0247703
0.0561254
-0.2144550
0.0499826
0.0137159
0.0565917
0.1983585
0.0786096
0.2267096
0.2843415
0.1874940
0.2862181
0.0547245
0.1848687
-0.0372794
-0.1174904
-0.1241092
-0.2020102
-0.4364681
-0.3796695
-0.3320537
0.0447027
0.5023271
1.1803528
1.4393754
0.5835025
-0.0635550
-1.0908971
-1.0572094
-0.8283186
-0.5391734
-0.0589636
0.2689687
0.2342613
0.1355655
0.4681157
0.1679661
0.3214156
-0.0687632
-0.1355351
-0.2033205
-0.0604879
-0.2481893
-0.2857922
-0.0306665
-0.0332289
-0.1014542
0.0095811
0.0968403
0.2118310
0.0410444
0.1266044
-0.0440383
-0.0378481
-0.0945959
0.1530474
-0.0648386
-0.2252687
-0.2418283
-0.0346596
-0.0530625
-0.2117105
0.1416669
0.1842715
0.0849728
0.1954214
0.2123576
-0.0315090
0.0330453
-0.0739688
0.0556646
-0.1511305
0.1575533
-0.1175937
0.1617351
-0.0985802
-0.0519266
-0.1584938
-0.1256600
0.0875853
0.0624561
-0.1695263
0.1361358
0.1326982
0.0337287
0.0015920
0.1338971
0.1345974
-0.1132065
-0.1963707
-0.0479854
0.1106000
0.0965459
-0.1659426
0.2107979
0.0733529
0.1015460
0.0117643
0.2150813
-0.1560408
-0.1652680
0.1457665
-0.1490932
-0.0364567
-0.0794679
-0.1928932
-0.1123949
-0.0047421
0.0920463
-0.0332858
-0.1027299
0.0922966
0.1627295
-0.0024055
0.1066233
0.2814490
-0.0645936
0.1783067
-0.1991612
-0.1625127
-0.1798175
-0.4704173
-0.4135326
-0.3861455
-0.1552212
0.0298962
0.5518088
0.9532559
1.3112128
0.7053391
-0.3174978
-0.7344042
-1.0548058
-0.9031092
-0.5068112
0.0641339
0.0890951
0.4124721
0.4769851
0.2883499
0.1895743
0.2646896
0.2754506
0.0341856
0.0573076
-0.2852077
-0.2420665
0.0032885
-0.1257224
-0.2457476
-0.2587629
-0.1431815
0.1445689
0.1396839
-0.0878921
-0.0762706
0.0055556
-0.0567526
-0.0259968
-0.0894647
0.1835842
-0.0497017
-0.1292957
0.0445039
0.0491084
-0.0514903
-0.1407077
0.0350669
-0.1563646
-0.0607874
0.1676105
-0.1643573
-0.0351049
-0.1052533
-0.0027388
-0.1259833
-0.1225598
-0.1371824
-0.0395159
-0.0274939
0.1648483
0.0689544
-0.1116045
0.0163725
0.1983895
-0.0032446
0.0850148
-0.1184143
0.0623645
0.0437271
-0.1616595
0.1092175
0.0053844
0.1351158
0.1654128
0.1184952
0.0099988
-0.1048313
0.1439955
0.1737628
0.1051017
-0.0794731
0.0961895
0.1043028
-0.1723717
0.0573933
-0.0470358
-0.1231354
-0.1296702
-0.0547262
0.0929033
0.0348702
0.1354420
-0.0902099
-0.0246712
0.0189564
0.0759663
0.3104045
0.0009556
0.0454865
-0.0829644
-0.1695298
-0.0741171
-0.2898073
-0.2615694
-0.5596810
-0.3522914
-0.3981834
-0.1549376
0.5673840
0.8500870
1.0887201
0.9165519
0.2382220
-0.6465192
-1.0420148
-1.0743192
-0.5357910
-0.3181382
0.3142478
0.2506771
0.2269685
0.4223041
0.2265488
0.2157296
0.1678758
0.0593131
0.0222414
-0.0507401
0.0295483
-0.2354133
-0.0483302
-0.0684253
0.0319703
-0.1790541
0.0216760
0.1937342
-0.0112145
0.2022893
-0.0040340
0.1128625
-0.0135936
-0.0766845
0.1114193
-0.1343520
-0.0000985
0.0774921
-0.2231698
-0.2428209
0.1250803
0.0740051
0.1587003
-0.1599190
0.0735074
0.2047323
-0.0442670
-0.1525329
-0.1773479
-0.0694218
-0.0269804
-0.1263743
0.1030645
-0.2168451
-0.2008482
0.1677847
-0.0853419
-0.1927710
0.0198190
0.0976498
0.1657210
-0.0275446
0.0272146
-0.1244756
0.0701746
0.1659448
-0.1617595
-0.0206128
-0.1402597
0.0845895
-0.0194867
0.1075101
-0.0077247
0.1564180
-0.0710560
0.1833149
0.1899268
0.0343825
-0.0027732
-0.1080506
-0.0316842
0.0512603
0.1303510
-0.0076659
-0.0886575
-0.1580283
-0.0560245
-0.0243273
0.0491802
0.1026527
0.1659573
0.0297200
0.2751243
0.1598855
0.1795218
0.1132965
0.1217349
0.0983887
-0.3195681
-0.3301682
-0.4308841
-0.5690083
-0.6085426
-0.4239096
0.2312288
0.7936796
1.2596660
1.1015240
0.7411200
-0.1448118
-0.9165999
-1.1853910
-0.8592139
-0.3442394
0.0554866
0.3127330
0.3218294
0.5131332
0.2057858
0.3134787
0.3685059
0.2722751
-0.1459817
-0.2185706
-0.1277070
-0.2465859
-0.3170705
-0.1965512
-0.1455335
-0.2221339
0.0216332
-0.1316324
-0.0356235
0.1835043
0.1717630
0.1242883
0.1499304
-0.1033268
0.0358588
-0.1591544
-0.0133250
-0.1132471
-0.1601160
-0.1758028
-0.0777077
-0.1815197
0.1067136
-0.1530930
-0.1684508
-0.0371834
-0.1405719
-0.1527115
-0.1246329
0.1590597
0.0982265
-0.0165966
0.1090110
-0.0944569
-0.0447379
0.1576868
0.0690663
0.1194471
-0.0690285
0.1069016
-0.0580701
0.0824029
0.1221889
0.0798664
0.0502881
-0.1705993
-0.1643930
0.0015692
0.0064515
0.1616432
0.1174215
0.1022137
0.0237294
0.1494231
-0.1252070
-0.1435879
-0.1134532
0.1911417
0.0125185
-0.0280636
0.0699832
-0.0103928
-0.2066030
-0.0831256
-0.2135658
-0.2141005
0.0982906
0.0875869
0.1024931
-0.1684933
0.2668384
0.1244945
0.2857657
0.1176074
0.1766733
0.1796287
0.2736127
0.0497789
-0.1349262
-0.1890988
-0.2840575
-0.4580830
-0.6540508
-0.6187322
-0.2719741
0.4322697
1.1245724
1.1253622
0.8747376
0.4797830
-0.6149489
-0.9489399
-1.0682114
-0.7432541
-0.2014114
0.1307396
0.2745494
0.2913908
0.4707156
0.1506082
0.2525875
0.3043291
-0.1252260
0.1128698
-0.0416396
0.0355883
-0.3104185
-0.3742174
-0.2517997
-0.0998897
0.0628194
0.1091733
0.1708033
-0.0468120
0.0786498
0.1655438
0.0601895
-0.0274870
0.0049109
-0.1363327
-0.0170032
0.0943765
-0.2015190
-0.1984023
0.0665483
0.1045296
-0.1009741
0.1512958
-0.1519314
-0.1126758
0.2064518
0.0174447
0.1850047
0.2116555
0.0355441
0.1178701
-0.1066824
-0.1106475
0.0672283
0.0531752
-0.1084158
0.1140569
0.1875490
0.1939094
-0.0692672
-0.0309240
0.2013482
0.0695815
-0.0367144
-0.1916875
0.1254225
-0.1632404
0.1652327
-0.0633471
-0.2034048
-0.1021205
-0.1460354
-0.1240498
0.0477770
-0.0914150
0.1791702
-0.0096519
0.2173216
0.1165627
0.1079730
0.1529031
-0.1525735
0.1133092
0.0600779
-0.0311779
-0.1049888
-0.1051636
0.0548633
0.1917120
0.0050050
0.0319309
0.2421672
0.1957981
0.3549302
0.0169815
-0.0350451
0.2001297
-0.0363877
-0.1845842
-0.2100149
-0.5278423
-0.5879229
-0.2859247
-0.1145016
0.1457565
0.7476180
1.3167788
1.2418747
0.6152181
-0.1893685
-1.0591702
-1.1244850
-0.9597505
-0.2773843
0.1751099
0.2133807
0.4826579
0.3580558
0.2497984
0.2048539
0.1469051
-0.0123633
-0.1649522
-0.2361570
-0.1238122
-0.1359761
0.0015088
-0.2620419
-0.1682915
-0.1529018
-0.1736180
-0.0148519
-0.0720565
-0.0259418
0.1741312
0.1512731
0.0467479
0.2138595
0.1430097
-0.1116134
0.0741396
-0.1369634
-0.1324554
0.1228631
0.1385618
0.0386752
-0.0547700
-0.1325177
0.0262656
-0.1520219
0.2131062
0.0262073
0.1008200
-0.1794340
0.0279602
0.1706646
-0.0921044
0.1607896
-0.1439079
0.0801598
0.0970931
0.1810056
0.1680452
0.1301583
0.1017883
0.0783993
-0.1641549
-0.1855059
0.1133167
-0.0363298
-0.0402758
0.0569817
0.1062675
-0.2056055
-0.0918698
0.1897355
0.1147671
-0.0815434
-0.1622989
0.0291941
0.2339747
-0.1029211
0.1484738
-0.0641480
-0.1025523
0.0496024
-0.1073993
0.0090378
0.0030282
-0.2225497
0.0627000
0.0105134
-0.0249577
0.0107959
0.3060877
0.2011626
0.1428476
0.1935278
0.0421450
0.1209960
0.1645606
0.0566506
-0.1670209
-0.4802731
-0.4777063
-0.4391029
-0.5137014
-0.0075851
0.2408985
1.0451542
1.1723763
0.9533564
0.5076569
-0.2965394
-0.8318835
-1.1163803
-0.7777027
-0.1160805
0.1120244
0.1015408
0.3482650
0.3761248
0.4377062
0.2590182
0.1978061
0.0188394
0.1706868
-0.0408071
-0.1883216
-0.1487727
-0.2837688
-0.3431946
0.0155901
-0.1554840
0.0499134
-0.0903086
0.1239289
0.2643144
0.1308374
0.0190626
-0.0492478
0.2303934
-0.0033000
-0.1443093
0.1449424
-0.0911638
-0.0967410
0.0002090
0.0030249
0.0081566
-0.1828994
-0.0566867
-0.0262279
-0.1362708
0.0942727
0.1950567
-0.1237815
0.1568204
0.0747817
-0.0036560
-0.0509218
0.0167448
-0.0607538
-0.1158214
-0.0893230
0.1313259
0.0271024
0.1900363
0.2107243
-0.0928107
0.1880164
0.1770557
0.1665039
0.1684952
-0.0326366
0.1342133
0.0040614
-0.1355659
-0.0658556
-0.0609062
-0.2039761
0.0422427
-0.1286952
0.0369554
-0.1282690
-0.0053564
-0.1032903
-0.0062512
0.1037648
-0.1514663
-0.0776710
0.0613633
0.0344506
-0.1126882
0.0086259
-0.0266832
0.1336250
0.1055138
-0.0506701
0.0760500
0.0689548
0.0310898
0.1161713
0.2671741
-0.0658489
-0.1354113
-0.2187643
-0.0477391
-0.2664856
-0.2622843
-0.3213996
-0.5857192
-0.4297651
0.0010524
0.6128889
1.0825206
0.9908948
0.8717634
-0.2448402
-0.7617894
-1.1558713
-0.8556290
-0.3820728
-0.0555653
0.3185559
0.2611749
0.4271886
0.2380074
0.3782313
0.1306394
0.0426339
-0.1136175
-0.1798615
-0.2673207
-0.1656453
-0.2821783
-0.0288978
-0.1673015
0.0253333
0.0041841
-0.0616219
0.1433587
-0.0653668
0.2670937
-0.0297526
0.1635798
-0.0302812
0.0846613
-0.0135416
0.0339711
0.0400564
-0.2036367
-0.0930666
-0.1749743
0.0706725
-0.1495563
0.0278181
0.0620322
0.0066986
0.0423673
-0.0911250
-0.0693153
0.0257132
0.0312254
-0.0695176
-0.0606272
-0.1876808
0.1363419
-0.0584542
-0.0535202
0.0126441
0.1122809
-0.1251316
-0.0479287
-0.1040127
0.0116324
0.1347038
-0.0746463
-0.1116258
-0.1932734
-0.0770486
0.0950816
0.0966790
-0.0014614
0.1151845
0.0122022
-0.1077598
0.0478978
-0.1016291
-0.1036216
0.1543438
0.0971399
-0.0492577
0.0536719
-0.1458116
0.0817653
0.0188375
-0.0555016
-0.0059030
0.1060171
0.0215151
-0.0738411
-0.0817815
0.2763964
0.2687372
0.0788462
0.0931372
0.1021171
0.1087925
-0.0330868
-0.0571492
0.0254039
-0.3298887
-0.2830876
-0.6192544
-0.3601091
-0.4695669
0.0308832
0.5397949
1.0190878
1.3944179
0.9289687
-0.1532319
-0.9262603
-1.3261169
-1.1105083
-0.7069003
-0.2570723
0.1525487
0.3342801
0.4067589
0.2561551
0.4826974
0.4067539
0.1609376
0.0212299
-0.0799164
0.0048561
-0.1998943
-0.1862540
-0.1578517
-0.1137374
-0.2250094
-0.0229806
0.2086368
-0.0663048
0.0137631
0.0427412
0.0435928
0.0798586
0.0802716
-0.1068074
-0.1111335
-0.0472422
-0.2186107
-0.1906904
-0.0624107
-0.0374851
0.1398421
-0.1200226
0.0735841
-0.0373294
0.2237836
0.0819573
0.1153375
0.1957807
0.0788147
0.1276382
0.1353100
-0.1511208
0.0981577
-0.1548076
0.0063729
-0.1282905
0.1255673
-0.0179562
0.0886418
-0.0843415
0.1958972
0.0155313
-0.1501998
0.0264294
0.1050198
-0.0756579
-0.1714989
-0.1602943
-0.0100244
0.0755101
-0.0780749
-0.2096367
0.1144242
-0.0599821
-0.1179941
0.1349744
-0.1356029
0.1057448
0.0102319
0.0826811
0.1546771
-0.0303784
-0.1722480
-0.1726971
0.0310969
-0.0128942
-0.0744484
-0.1464226
0.0345732
0.0599735
-0.0481000
0.2683143
0.3370545
0.2810890
0.0777851
0.0323865
0.1257244
-0.1790896
-0.1028831
-0.3245346
-0.5075387
-0.4217130
-0.5737577
-0.6030949
-0.3379445
0.1765470
1.0429566
1.2362639
0.9040246
0.4849423
-0.3547059
-0.8646821
-1.2805410
-0.8083191
-0.4591462
-0.0112970
0.1358767
0.2477942
0.2850048
0.5050295
0.1005830
0.2049660
-0.0951775
-0.0169886
-0.0737135
-0.2125177
-0.2038310
-0.1416413
-0.0495594
-0.1708409
-0.1250878
-0.0861127
0.2268679
0.1576315
0.0349648
-0.0457393
0.2003223
-0.0552552
0.2301963
-0.0781899
0.0854385
-0.2326444
-0.0140009
-0.2356131
0.1354904
0.0281282
0.0601593
-0.0954012
0.1060633
0.1927880
0.1792120
0.1034606
0.0335463
-0.1067048
-0.1403286
0.0793639
0.1278316
0.0592105
-0.0159146
0.0157500
-0.0184347
-0.1047594
-0.1168834
0.1971706
-0.0061030
0.1347810
0.1470082
0.1406278
0.0986773
0.1009671
0.1120014
-0.1512033
-0.0534800
-0.2215383
-0.0260916
0.0274185
-0.0363822
-0.1328662
0.0862756
-0.1431246
0.0978870
-0.0982706
0.0879368
-0.1083695
0.1392017
-0.0241029
0.0870725
-0.0114993
0.0573896
-0.2063206
-0.1707496
-0.0968362
-0.0885402
-0.1216177
-0.1251335
-0.0943589
0.2900872
0.1302701
0.2147393
0.0314464
0.2896280
0.0117626
-0.1422692
-0.2744947
-0.1747296
-0.5038892
-0.4866318
-0.4722332
-0.2778707
-0.0106604
0.5470717
0.9066610
1.3635272
1.0221598
0.2414508
-0.3808256
-0.8944848
-1.3338055
-0.7781244
-0.4607140
0.0182638
0.4721122
0.4036085
0.5290973
0.1885176
0.1113516
0.2735867
0.1706640
-0.0156580
0.0726721
-0.2974974
-0.3648938
-0.2598324
-0.2681682
-0.1182787
-0.2585260
0.1024196
0.1025209
0.1074549
0.1617842
-0.0560470
0.1856751
-0.0429060
0.2346652
0.0683076
0.0053416
-0.1658727
-0.2484055
0.0735357
-0.1088220
-0.1043558
-0.1575382
-0.1050409
0.1286906
0.1275238
0.0469288
0.1204541
-0.0224911
0.0104421
-0.1033760
0.1263415
0.0027806
-0.1952646
-0.1837144
0.0814920
-0.1813741
0.1531419
0.1484463
0.1692667
-0.1800716
0.1303491
0.1517127
0.0306447
0.1904121
-0.1561704
-0.1211151
0.1442184
0.0913649
-0.0794765
0.1283899
-0.0212454
0.1360237
-0.0881383
-0.1133720
-0.0931372
0.0178506
-0.1347502
0.1810866
0.0076715
