-0.0190403
0.0240655
-0.0256500
-0.0184973
0.0293073
-0.0112559
-0.0018899
-0.0414548
-0.0062032
-0.0226977
-0.0143215
0.0238549
0.0147592
-0.0113402
0.0442947
0.0287550
0.0170068
0.0265206
0.0070773
0.0273631
0.0259931
0.0106048
-0.0301633
-0.0175085
-0.0659702
-0.0516710
-0.0155747
-0.0485203
0.0025252
0.0494559
0.0471456
0.0705532
0.0237237
0.0618560
0.0584246
0.0530433
-0.0198299
-0.0627480
-0.0933605
-0.1924505
-0.1928943
-0.1587212
-0.0231626
0.1119478
0.3254918
0.3031165
0.1919332
0.0009887
-0.1476042
-0.2277863
-0.1748139
-0.1152152
-0.0153629
-0.0275662
0.0413321
0.0720210
0.0845231
0.0442993
0.0789292
0.0386130
0.0144764
-0.0087833
-0.0019100
-0.0311405
-0.0433394
-0.0159103
0.0152504
-0.0080171
-0.0216294
0.0013972
0.0361366
-0.0023886
0.0071201
0.0017113
0.0148033
-0.0223936
0.0145559
-0.0236002
-0.0184707
-0.0354680
0.0318389
-0.0219193
0.0289464
0.0110305
0.0424860
-0.0273863
0.0326092
-0.0220962
-0.0169581
-0.0371749
-0.0212478
0.0173534
0.0178944
0.0064462
0.0289213
-0.0174062
0.0040898
-0.0217741
0.0200122
0.0067356
0.0232224
0.0072932
0.0289153
-0.0003084
0.0352117
0.0024129
0.0286606
-0.0208575
0.0079279
0.0246333
-0.0130037
0.0340969
0.0383294
0.0183613
-0.0131825
0.0372996
0.0302190
0.0129712
-0.0123692
0.0318718
-0.0322687
-0.0274035
0.0155523
0.0182579
0.0068231
-0.0137615
-0.0192008
0.0275610
0.0236633
0.0237344
0.0253216
0.0152532
-0.0380998
0.0277813
-0.0052153
-0.0084492
-0.0232442
0.0058258
-0.0244777
0.0314453
0.0100479
0.0298932
0.0042700
-0.0292823
-0.0190155
-0.0157308
0.0051306
-0.0077405
0.0233432
-0.0005864
-0.0168909
0.0021601
0.0190931
0.0252247
0.0207246
-0.0252293
0.0265646
0.0008937
0.0403633
0.0361147
0.0243471
-0.0080350
-0.0285686
-0.0302362
-0.0396825
-0.0065382
-0.0069579
-0.0252980
0.0280167
-0.0365990
-0.0287674
0.0374488
-0.0053721
0.0376487
0.0065822
0.0033456
0.0103352
0.0206116
-0.0295861
-0.0447476
-0.0498673
-0.0573033
-0.0585272
-0.0138184
-0.0214696
0.0148072
0.0123355
0.0492839
0.0630720
0.0889251
0.0924475
0.0912032
0.0877415
0.0171802
-0.0264847
-0.0957386
-0.1916084
-0.1751939
-0.2136484
-0.0725246
0.0308902
0.2288288
0.3243467
0.2860836
0.2030966
-0.0172147
-0.1882220
-0.2512451
-0.1651531
-0.0865888
-0.0246049
0.0089856
0.0084616
0.0468215
0.0991714
0.0518097
0.0351724
0.0548620
-0.0340197
0.0097793
-0.0543267
-0.0457485
-0.0537648
-0.0176610
-0.0065580
-0.0250303
-0.0488644
0.0150769
-0.0007960
0.0465316
0.0003225
0.0389681
0.0415248
-0.0237836
-0.0431938
-0.0541070
-0.0016412
-0.0235438
-0.0157724
0.0182723
0.0288962
0.0337111
0.0457544
-0.0195445
0.0221475
0.0343425
-0.0088604
0.0072677
-0.0386525
0.0061423
0.0149265
-0.0271376
0.0157086
-0.0234795
-0.0020315
-0.0266824
0.0195780
0.0016029
-0.0308112
0.0116239
-0.0038649
0.0395210
-0.0197377
0.0196471
0.0117221
0.0359248
-0.0257363
-0.0042841
-0.0102805
-0.0025239
0.0096810
-0.0199809
0.0086140
0.0083097
-0.0377262
-0.0217680
-0.0304166
-0.0328153
0.0140566
0.0166450
0.0212209
0.0252916
-0.0053324
0.0058183
-0.0455629
-0.0540805
-0.0293422
-0.0512021
0.0156125
0.0198413
0.0156366
0.0289619
0.0498543
0.0352197
0.0247338
-0.0442122
-0.0201018
-0.0220914
0.0118269
-0.0418647
0.0164049
0.0206006
-0.0259444
0.0076063
-0.0176311
-0.0006743
0.0382142
0.0247545
-0.0320844
0.0001265
-0.0259045
0.0135184
-0.0226433
0.0324109
-0.0090665
0.0386803
-0.0228756
-0.0083291
-0.0001042
-0.0247713
-0.0032389
-0.0300264
0.0159887
-0.0094810
-0.0250381
0.0128959
-0.0370170
-0.0072312
-0.0151945
0.0047769
-0.0097951
0.0064924
0.0516417
0.0521363
-0.0188928
0.0219724
-0.0401743
0.0139037
-0.0337673
-0.0036473
-0.0419004
-0.0371318
-0.0324368
0.0088046
-0.0107004
0.0635712
0.0413606
0.0674007
0.0983227
0.0601287
0.0636128
0.0570024
-0.0513932
-0.1144802
-0.1698428
-0.2155758
-0.1645579
-0.1171943
0.0026170
0.1914996
0.3305471
0.3568403
0.2385493
0.0158273
-0.2042174
-0.2364001
-0.1831028
-0.1303207
-0.0793871
-0.0160456
0.0304279
0.0273547
0.1069915
0.0554791
0.0951297
0.0247929
0.0469652
0.0171437
0.0104045
0.0113191
-0.0241175
-0.0727876
-0.0209563
-0.0341256
-0.0117500
0.0344642
-0.0183712
-0.0203495
-0.0120777
0.0182631
0.0581272
0.0523709
-0.0029862
0.0079335
-0.0372111
0.0106940
-0.0211080
0.0003973
0.0070624
0.0034026
0.0237626
-0.0263273
0.0122963
-0.0047008
-0.0335494
0.0262695
0.0240777
0.0170545
-0.0308884
0.0222534
0.0337227
0.0331751
0.0330853
0.0004264
0.0276589
-0.0060558
-0.0170177
0.0166719
-0.0281207
-0.0267837
0.0140040
-0.0105222
-0.0139805
-0.0168073
-0.0132690
-0.0063650
0.0282180
0.0426147
0.0073241
0.0219837
0.0220547
-0.0147990
-0.0426176
0.0053852
-0.0219091
-0.0511586
-0.0347506
0.0247371
-0.0273903
-0.0051118
-0.0102935
0.0386938
0.0312368
-0.0064976
0.0186121
-0.0003901
0.0319441
-0.0115030
-0.0381756
-0.0509794
-0.0507493
-0.0713974
0.0065607
0.0434814
0.0620251
0.0370111
0.0147919
0.0224424
-0.0260374
-0.0380257
-0.0245802
-0.0279252
-0.0296282
-0.0257956
-0.0254239
-0.0037080
0.0140441
0.0266240
0.0393571
-0.0016813
0.0120493
0.0166830
0.0335424
-0.0000895
0.0246494
-0.0174479
0.0189700
-0.0412238
0.0277467
0.0132968
-0.0275781
0.0049928
-0.0104163
-0.0080471
-0.0143711
-0.0343193
-0.0057055
0.0434586
0.0216241
-0.0072079
0.0202691
0.0092219
0.0365446
0.0024589
-0.0394398
-0.0229834
-0.0431326
-0.0634474
-0.0247732
-0.0598231
0.0116731
-0.0265243
0.0309385
0.0039126
0.0716912
0.0944309
0.0776957
0.0582331
0.0745376
0.0488383
-0.0644965
-0.1223581
-0.1425257
-0.2086492
-0.1190582
-0.0243049
0.0921387
0.2346752
0.2936938
0.2210396
0.1071153
-0.1106612
-0.1810209
-0.1583017
-0.1154833
-0.0478388
0.0021076
0.0159455
0.0629389
0.0622962
0.0474193
0.0565877
0.0459570
0.0441478
-0.0293735
-0.0305143
-0.0540675
-0.0198375
0.0215606
-0.0018782
0.0149458
-0.0452030
-0.0269772
0.0147395
0.0279538
0.0377480
0.0471165
0.0107719
0.0161911
-0.0195650
-0.0472715
-0.0104123
-0.0571032
-0.0353832
-0.0123062
0.0354795
0.0329854
0.0270045
-0.0246330
0.0069600
-0.0127515
-0.0066347
-0.0327413
-0.0037927
0.0218979
-0.0009669
0.0234412
0.0098626
0.0156885
-0.0185220
-0.0244978
0.0078112
0.0265580
-0.0047802
-0.0267428
-0.0177642
-0.0129772
0.0209550
-0.0220372
0.0239378
-0.0208359
0.0075445
-0.0142120
-0.0243210
-0.0328415
0.0308388
0.0008105
0.0204045
-0.0136775
0.0175830
-0.0074358
0.0256559
-0.0122644
-0.0298074
-0.0245935
-0.0057534
0.0031381
0.0209869
-0.0546927
0.0028084
-0.0201754
0.0075442
-0.0106196
0.0664503
0.0330837
0.0405907
0.0356963
0.0251191
-0.0067406
-0.0035686
-0.0453149
-0.0149258
-0.0292172
-0.0005183
0.0272518
0.0077481
-0.0114438
0.0347614
0.0185384
0.0061805
0.0274356
-0.0355267
-0.0038109
0.0004700
-0.0267259
-0.0057473
0.0061680
0.0012452
0.0313338
0.0175864
-0.0217511
-0.0117445
0.0412814
0.0367253
0.0394521
-0.0356640
-0.0199307
-0.0375872
-0.0271357
-0.0191006
0.0008934
-0.0126493
0.0114025
0.0186299
0.0220590
0.0312022
0.0487794
0.0446279
0.0006434
-0.0171479
-0.0052424
0.0262429
0.0219270
-0.0239645
-0.0165558
-0.0507787
-0.0036269
-0.0164201
-0.0111268
0.0295055
0.0082614
0.0429455
0.0636380
0.0323510
0.0560670
0.0860351
0.0170881
0.0094082
-0.0909618
-0.1467734
-0.1903591
-0.2034015
-0.0958298
0.0023082
0.1776441
0.3002686
0.2810634
0.1597433
-0.0230319
-0.1410685
-0.1672793
-0.1959174
-0.1300601
-0.0555760
0.0224250
0.0298536
0.0698369
0.0790644
0.1011305
0.0533022
0.0640659
0.0467136
0.0151909
-0.0605442
-0.0145966
-0.0304091
-0.0377320
-0.0364588
0.0325926
-0.0091234
0.0194180
0.0301258
-0.0107798
0.0051133
0.0304001
-0.0069190
0.0090208
-0.0164781
-0.0221788
-0.0552380
-0.0347370
0.0298132
-0.0162823
0.0231118
0.0221075
-0.0159155
0.0190499
0.0312240
-0.0295417
-0.0177719
-0.0195625
-0.0314779
0.0089477
-0.0395161
-0.0140628
-0.0342210
0.0226961
0.0375319
-0.0220651
0.0386431
-0.0102155
0.0204168
-0.0047030
0.0157091
0.0317546
0.0304089
-0.0280799
-0.0054961
0.0173198
0.0203760
0.0188379
-0.0025507
-0.0233458
-0.0352408
0.0014686
0.0289730
-0.0104752
0.0093265
-0.0163837
0.0003970
0.0238234
-0.0175614
-0.0208840
0.0239008
-0.0021887
-0.0172754
-0.0294450
-0.0152009
-0.0003365
-0.0192408
0.0001389
-0.0040231
-0.0083383
0.0263492
-0.0177358
0.0181916
0.0065195
0.0347664
0.0349582
0.0375190
-0.0337702
-0.0031150
-0.0024502
-0.0312057
0.0309885
-0.0252679
0.0148829
-0.0276518
-0.0283912
-0.0084342
-0.0355053
-0.0009446
0.0170437
0.0206006
0.0063714
0.0029527
-0.0270492
0.0405690
0.0004901
0.0059025
-0.0127075
0.0215268
0.0166679
0.0278366
-0.0001846
-0.0345829
-0.0288426
-0.0045079
-0.0051007
-0.0156864
-0.0080925
0.0113825
-0.0198960
0.0337276
0.0356485
0.0080785
0.0504613
0.0192956
-0.0009812
0.0271920
-0.0290633
-0.0181046
-0.0185555
-0.0103694
-0.0616498
-0.0444410
-0.0222676
-0.0234262
0.0373985
0.0134036
0.0335196
0.0866483
0.0985418
0.0671676
0.0302729
-0.0020643
-0.0969375
-0.1224273
-0.1612346
-0.2094036
-0.1402016
-0.0806418
0.0448065
0.2296931
0.3800653
0.3729622
0.1211331
-0.1130276
-0.2476024
-0.2803057
-0.1868172
-0.0408341
-0.0541002
0.0187491
0.0754127
0.0650123
0.1202780
0.0420360
0.0386513
-0.0117021
-0.0293580
-0.0100476
-0.0474035
-0.0154088
0.0121488
-0.0327409
0.0166510
-0.0076079
0.0009831
-0.0204343
-0.0019703
0.0057282
0.0170853
-0.0068485
-0.0265164
0.0018524
-0.0077603
-0.0363302
-0.0093745
-0.0133950
0.0247634
0.0277820
0.0326679
-0.0235594
0.0245812
0.0122919
0.0180170
0.0112662
-0.0323776
0.0166562
-0.0137570
0.0055821
0.0189598
-0.0020305
-0.0231998
-0.0141014
-0.0076467
0.0087835
-0.0074911
-0.0262312
-0.0379316
0.0341599
-0.0077698
-0.0319168
-0.0233016
-0.0266480
0.0091608
-0.0230782
-0.0241858
0.0149894
0.0003885
-0.0174640
0.0228367
0.0358494
-0.0098067
-0.0272948
0.0213527
-0.0292925
-0.0066423
-0.0014901
-0.0419904
0.0133951
-0.0248798
0.0435443
0.0029640
0.0140815
0.0527544
-0.0034980
-0.0081322
-0.0016087
-0.0266967
-0.0177731
-0.0135916
-0.0911895
-0.0377922
-0.0035617
-0.0189816
0.0543206
0.0947658
0.0929225
0.0389857
0.0012823
0.0098025
-0.0135210
-0.0410695
-0.0578925
0.0123640
0.0174292
0.0217048
0.0174964
-0.0155234
0.0315384
0.0034028
0.0090157
-0.0087254
-0.0181524
0.0234757
0.0248163
-0.0315561
-0.0283444
0.0196221
-0.0318813
0.0179071
0.0143071
-0.0339875
-0.0316184
-0.0193662
-0.0438215
0.0347974
-0.0076698
-0.0099954
0.0359691
0.0307609
0.0374766
-0.0163957
-0.0199172
-0.0248210
0.0365993
0.0263733
-0.0046563
-0.0012835
-0.0354208
-0.0622844
-0.0131215
0.0025470
-0.0367726
0.0201200
0.0342978
0.0192591
0.0759948
0.0675405
0.0834106
0.0969405
0.0317066
-0.0142799
-0.1051709
-0.1538705
-0.1617159
-0.1723728
-0.0646024
0.0231253
0.1690273
0.2786487
0.3369201
0.2064095
0.0004978
-0.1943108
-0.2295071
-0.1606482
-0.1175178
-0.0744222
0.0065830
0.0381727
0.0788721
0.0433418
0.0835788
0.0618250
0.0147919
-0.0119996
0.0067824
-0.0568108
-0.0467249
-0.0056681
-0.0102340
-0.0501471
-0.0456008
-0.0301499
-0.0089069
-0.0221883
-0.0090051
-0.0221270
0.0482915
0.0058266
0.0032312
-0.0092781
0.0225233
-0.0158667
0.0027870
-0.0321785
-0.0302534
-0.0151879
-0.0312909
0.0226066
0.0303969
0.0308440
0.0372804
0.0062863
0.0256586
-0.0137809
-0.0183957
-0.0133757
-0.0299315
-0.0242864
-0.0409389
0.0218177
0.0014507
0.0045566
-0.0137670
-0.0031636
0.0153646
-0.0256476
0.0226923
0.0100897
-0.0001755
0.0066273
-0.0059883
0.0434725
0.0171597
-0.0266190
0.0347800
0.0060199
-0.0222756
0.0110022
-0.0234117
-0.0269312
0.0164916
-0.0164924
-0.0476728
-0.0008355
0.0089234
0.0482044
0.0704000
0.0667595
-0.0012444
0.0152345
-0.0360716
-0.0272800
-0.0777939
-0.1072673
-0.0868018
-0.0092892
0.0391833
0.0526713
0.0801722
0.0063334
0.0420389
0.0110632
-0.0212438
-0.0253098
-0.0288523
-0.0543496
0.0087109
-0.0518299
-0.0100248
0.0023358
-0.0165536
0.0385754
-0.0168704
0.0189670
0.0094725
-0.0100308
-0.0001850
0.0308073
0.0333757
-0.0266834
-0.0077221
0.0312193
0.0069855
-0.0205310
-0.0117893
-0.0059289
0.0000548
0.0104504
0.0126708
0.0088178
0.0163521
0.0164231
0.0050206
-0.0284514
-0.0154558
0.0047604
-0.0031433
0.0144326
-0.0051105
0.0246051
0.0260984
-0.0388673
-0.0344287
-0.0210572
-0.0108295
-0.0244730
-0.0347958
-0.0134524
-0.0172767
-0.0046843
0.0507730
0.0759420
0.0447710
0.0637484
0.0778926
0.0819502
0.0159610
-0.0304735
-0.0954845
-0.1747779
-0.1868100
-0.1682757
-0.0427631
0.0909523
0.2367798
0.2624538
0.1925073
0.0875916
-0.1125842
-0.1532990
-0.1547468
-0.1169082
-0.0788770
0.0205537
0.0090991
0.0052290
0.0724017
0.0583564
0.0524801
0.0298751
0.0393681
-0.0389708
-0.0243787
-0.0159627
0.0197190
0.0103380
0.0129456
-0.0336226
0.0222555
-0.0182165
0.0344873
0.0096411
0.0026334
0.0379235
-0.0022212
0.0162092
-0.0191728
0.0085651
-0.0121898
-0.0096788
0.0335166
0.0014455
-0.0182918
0.0328744
0.0367295
-0.0180622
0.0026726
-0.0169078
0.0253260
-0.0325929
-0.0079209
0.0198673
-0.0322805
0.0248858
-0.0175879
0.0011227
-0.0025546
-0.0153051
-0.0016610
-0.0107608
0.0135204
0.0276867
0.0098176
0.0068276
0.0192202
0.0170973
-0.0093169
0.0260873
-0.0283496
0.0244905
0.0162115
-0.0183292
-0.0155393
0.0163904
0.0079212
0.0330253
-0.0088611
-0.0124425
0.0020940
-0.0332827
0.0291542
-0.0326341
0.0089150
0.0255689
0.0277078
0.0143369
0.0074026
0.0140788
0.0175985
0.0359826
0.0342554
0.0325151
0.0393603
-0.0009895
-0.0308996
0.0023661
-0.0002895
-0.0089671
-0.0016276
0.0262521
0.0084532
0.0255087
0.0193099
0.0310775
0.0252783
