0.0442511
0.0333082
0.0314905
-0.0011377
0.0533068
-0.0735285
-0.0468771
-0.0240035
0.0578429
0.0160965
0.0688472
0.0240371
-0.0772028
0.0608214
0.0189498
-0.0560036
0.0315426
0.0251753
-0.0497864
0.0244810
-0.0174985
0.0367823
0.0240407
0.0423129
-0.0177387
-0.0622440
0.0324844
-0.0436070
-0.0646175
0.0394201
0.0424181
-0.0714266
0.0500945
0.0465550
0.0292539
-0.0678058
-0.0627786
-0.0433495
0.0058938
0.0214534
-0.0722064
-0.0116279
0.0526100
-0.0019603
-0.0644929
0.0461375
0.0495266
0.0042257
-0.0045484
-0.0656420
-0.0646752
0.0131873
0.0731091
-0.0733582
-0.0472547
0.0056147
-0.0511696
0.0087287
-0.0773871
0.0352718
0.0346652
0.0873830
0.0448684
0.0109468
-0.0384167
0.0741959
0.0299397
0.0635793
-0.0191674
-0.0690690
0.0099395
-0.0034956
0.0706514
-0.0726126
-0.0435698
-0.0226083
0.0640732
0.0539044
-0.0044448
0.0712017
-0.0755025
0.0476482
-0.0376523
-0.0603781
-0.0150010
-0.0733648
-0.0921014
0.0045564
0.0569042
-0.0322907
0.0578812
0.0901451
0.0728911
-0.0149414
0.0770748
0.0324349
0.0236978
-0.0341910
0.0025438
-0.1484065
-0.0223341
-0.1112687
0.0538022
0.0906858
0.0862646
0.0133610
0.0025784
-0.0220248
0.0298696
-0.0343242
-0.0094070
-0.0292916
-0.0481135
-0.0012160
-0.0426020
0.0276990
0.0282904
-0.1520092
-0.2376279
-0.2363482
0.0724088
0.2264614
0.4461840
0.2347396
0.0204389
-0.2329730
-0.2384469
0.0113599
-0.0862935
-0.0965121
0.0408953
0.0497196
0.0437835
0.0019755
0.0631475
-0.0615048
0.0763510
-0.0405536
-0.0039077
-0.0375220
-0.0526412
0.0558434
-0.0571124
0.0661948
-0.0362680
0.0335635
-0.0084237
0.0263245
0.0156120
-0.0021697
0.0664961
0.0685967
-0.0115290
-0.0436349
0.0699211
0.0966195
-0.0562750
0.0208233
-0.0509213
0.0479277
0.0212984
-0.0829691
-0.0457965
0.0301623
0.0365162
0.0191608
-0.0301960
-0.0693173
0.0687643
0.0673389
0.0810865
-0.0450630
-0.0256687
-0.0096947
-0.0716173
-0.0396879
0.0546633
0.0359043
0.0265519
0.0741134
-0.0425118
-0.0466390
0.0232793
0.0352275
-0.0716271
0.0163672
0.0440572
-0.0046607
0.0749552
-0.0100734
0.0182354
-0.0751138
0.0381686
-0.0258498
-0.0312550
0.0164234
-0.0569812
0.0563506
0.0182952
-0.0321155
-0.0641321
0.0760678
0.0583271
-0.0281489
-0.0228053
0.0029554
0.0367822
0.0310746
0.0104322
0.0578795
0.0020007
-0.0411100
0.0215829
-0.0140898
-0.0115849
0.0146433
0.0599374
0.0407028
0.0182814
-0.0012365
0.0024834
0.0503652
-0.0241587
0.0602333
-0.0526585
-0.0099664
0.0290088
-0.0002600
-0.0472776
-0.0490945
0.0858361
0.0443558
0.0367442
0.0604039
-0.0439175
-0.0563378
-0.0248886
0.0056240
-0.0573061
0.0539583
-0.0127906
0.0388209
-0.0723078
-0.0389452
0.0361852
-0.0523174
-0.0309499
-0.0691202
-0.0746695
-0.0686012
0.0202018
0.0125697
0.0410030
0.0577715
-0.0155489
0.0653322
0.0482837
0.0797094
-0.0363446
0.0480849
0.0736116
0.0477610
-0.0042729
-0.0315202
0.0244022
0.0155695
0.0135878
-0.0218936
-0.0749553
0.0175350
0.0333027
0.0453983
-0.0022774
0.0491554
0.0572021
0.0312177
-0.0201692
-0.0161560
-0.0523515
0.0957376
-0.0625475
-0.1087164
-0.3415227
-0.2231264
0.1543322
0.3500285
0.4168035
0.1948862
-0.1355208
-0.1903523
-0.1045297
-0.0653991
-0.0324587
-0.1214560
-0.0800181
-0.0971987
-0.0149923
0.1235893
0.0468019
0.1275157
-0.0508973
-0.0677565
-0.0741151
-0.1057842
0.0613194
0.0648523
-0.0501117
0.0588801
0.0292691
0.0007118
0.0180738
-0.0076546
0.0626102
-0.0556736
0.0812512
0.0531933
0.0599514
0.0519708
0.0204683
-0.0722625
-0.0701517
-0.0626469
-0.0601958
0.0279504
-0.0580482
-0.0373869
0.0746093
-0.0561036
-0.0187714
-0.0268642
0.0766683
-0.0480689
0.0055098
-0.0249332
0.0120773
0.0412803
-0.0204018
-0.0155866
-0.0062717
-0.0777371
0.0706528
-0.0301888
0.0349091
0.0326881
0.0047799
-0.0010755
-0.0538149
0.0406064
0.0090774
0.0411462
-0.0525067
-0.0299897
0.0018380
0.0803785
0.0471614
0.0371127
-0.0194595
-0.0283562
0.0276010
-0.0592189
0.0476074
-0.0793616
0.0413050
0.0681053
0.0762672
0.0008940
0.0621504
0.0486137
0.0147962
0.0038723
-0.0209748
-0.0188839
-0.0001389
0.0593192
-0.0449495
-0.0554218
0.0702774
-0.0477112
0.0603102
-0.0273971
0.0347941
0.0283979
0.0724688
0.0749749
-0.0356295
0.0530745
-0.0510660
0.0012574
-0.0490168
-0.0724937
0.0509104
0.0889948
0.0695612
0.0731870
-0.0327655
-0.0354061
0.0739122
0.0766357
0.0618895
0.0637479
0.0467454
-0.0175810
-0.0482618
0.0151331
-0.0876835
-0.0431337
0.0229674
0.0557689
-0.0408365
0.0640147
0.0242177
0.0436607
-0.0556182
-0.0247101
0.0226356
0.0279450
-0.0654822
-0.1045460
-0.0335641
-0.1254011
-0.0707797
-0.1027298
0.0007484
0.0843566
-0.0053353
0.0777275
0.1377259
0.1057887
0.0362122
0.1375351
-0.0182189
-0.0273790
-0.1453369
-0.2572458
-0.4585525
-0.3447251
-0.1125418
0.2832480
0.4887254
0.3873097
0.2260064
0.0065389
-0.0319876
0.0523843
0.0365078
-0.0783812
-0.3250160
-0.2328335
-0.2273381
-0.0419576
0.0338326
0.0977377
0.1806555
0.1136242
0.0710389
0.0607381
-0.0355027
0.0574188
0.0196084
-0.0263517
-0.0809087
-0.0501209
-0.0915826
0.0092041
-0.0478932
0.0194532
0.0048026
0.0166845
0.0703175
-0.0032420
0.0776133
0.0688293
0.0234527
-0.0084609
0.0054691
-0.0544452
0.0350000
-0.0001645
-0.0846452
-0.0325473
0.0608283
-0.0714805
0.0284250
-0.0487185
-0.0394352
-0.0387902
0.0206250
0.0716856
-0.0651142
0.0772617
0.0405240
0.0585426
-0.0853465
0.0485368
-0.0488979
-0.0095187
0.0447250
-0.0735989
-0.0032515
-0.0287542
-0.0812099
-0.0130394
-0.0269106
0.0072816
-0.0152993
0.0446998
0.0559214
0.0411388
-0.0167646
0.0725907
0.0334198
-0.0688844
0.0390440
0.0571649
0.0106804
-0.0539395
-0.0137272
-0.0535646
0.0765693
0.0491966
0.0454660
-0.0725264
-0.0786369
0.0385046
-0.0046516
-0.0789158
-0.0549234
-0.0735949
-0.0134453
0.0618059
0.0615066
0.0287479
0.0577100
-0.0239321
-0.0478065
0.0090815
0.0338939
-0.0491861
0.0181092
0.0304645
-0.0149848
0.0736972
0.0008017
-0.0754242
-0.0300868
0.0776435
-0.0693305
0.0336512
-0.0553853
0.0375912
0.0162540
-0.0700788
0.0196874
-0.0033797
-0.0812996
0.0767201
-0.0553014
-0.0416585
0.0166102
-0.0102291
0.0136459
0.0393925
0.0345247
0.0197533
0.0098378
0.0146407
0.0139585
-0.0572175
0.0223920
0.0352710
-0.0305084
-0.0211608
-0.0762986
-0.0454315
-0.0378721
-0.0014281
0.0624036
-0.0792876
0.0373513
-0.0202946
0.0799786
-0.0054023
-0.0059980
-0.0226357
-0.0399568
0.0257035
-0.0028916
-0.0471924
-0.0301186
0.0469712
-0.0119673
-0.0136916
0.0556797
0.0566496
0.0004662
-0.0843891
-0.0665339
0.0040408
0.0369813
0.0041131
0.0289002
0.1176790
0.0030647
0.0423616
0.0584944
-0.0309639
0.1145376
0.0109366
-0.2217251
-0.4426984
-0.4540436
-0.1148037
0.3895471
0.6154860
0.3494973
-0.0614984
-0.1753331
-0.1724794
-0.0779691
-0.1016911
-0.1355066
-0.0773193
-0.0354415
0.0885670
0.0487566
0.1177129
0.0844779
0.0902409
0.0132426
-0.0258812
0.0020237
0.0196458
-0.0960864
-0.0195207
-0.0181118
-0.0972502
0.0082671
-0.0298610
-0.0138117
-0.0125714
0.0849738
0.0370205
0.0848532
-0.0618310
-0.0375499
0.0118188
-0.0655548
-0.0630436
-0.0371715
-0.0431875
-0.0856838
-0.0499328
-0.0359680
0.0468828
0.0205107
0.0054437
0.0344379
0.0036156
0.0232936
0.0690888
0.0084702
0.0117739
0.0157326
0.0006899
0.0227551
-0.0823797
0.0750643
0.0694607
-0.0220436
0.0739546
-0.0004622
-0.0331179
-0.0524057
0.0797269
0.0451953
-0.0661467
-0.0426143
0.0428962
0.0171751
0.0224451
-0.0037741
-0.0667964
-0.0071736
0.0726688
0.0529505
-0.0475922
0.0211882
0.0020044
0.0491505
-0.0090113
0.0767403
-0.0565401
-0.0596047
-0.0346146
-0.0004742
-0.0793138
0.0506763
-0.0550348
0.0182391
-0.0262988
-0.0029522
0.0810111
0.0235112
0.0753652
0.0312846
0.0410716
0.0001715
-0.0139288
0.0529292
-0.0507189
0.0207875
0.0155027
0.0834116
0.0538397
-0.0631660
0.0810353
0.0154301
-0.0586609
-0.0736241
-0.0408283
-0.0130081
-0.0557565
-0.0496225
0.0658752
-0.0379418
-0.0166065
-0.0009264
-0.0355146
0.0165582
0.0308232
-0.0204449
0.0783456
0.0573415
0.0807371
0.0074853
-0.0224747
0.0412448
-0.0432131
-0.0815705
-0.0719874
0.0356241
0.0011112
-0.0249862
0.0122344
-0.0012047
0.0201898
-0.0401242
0.0058858
0.0590304
-0.0385536
-0.0580449
-0.0758604
-0.0872778
-0.0906805
-0.1240442
-0.0150301
-0.0843685
0.0276558
-0.0634555
-0.0232452
0.0548522
0.0149662
0.1669909
0.1702049
0.0221818
0.0349271
0.0122653
-0.0199383
-0.0498026
-0.2549997
-0.2484241
-0.3362387
-0.1971484
0.1969377
0.5258802
0.5876667
0.4708495
0.1066256
-0.2951212
-0.3316571
-0.2888287
-0.2140590
-0.0599909
-0.0443676
0.0398629
0.0999109
0.0426227
0.1382076
0.0852415
0.0102963
0.0358871
0.0633898
-0.0689098
-0.0380621
0.0083320
0.0258173
-0.0760806
-0.0774687
0.0011796
0.0116566
-0.0378050
-0.0646937
0.0484005
0.0223764
0.0048741
0.0792751
-0.0592911
-0.0134173
-0.0138199
-0.0366959
0.0713934
-0.0276231
-0.0788399
-0.0710892
0.0464080
0.0632618
0.0530264
-0.0791419
0.0032545
0.0717501
-0.0433190
-0.0376495
-0.0032888
0.0838272
0.0288397
-0.0585657
0.0692744
0.0754033
0.0273887
-0.0503265
0.0521848
-0.0708207
-0.0564439
-0.0742791
0.0001041
0.0545246
0.0287263
0.0186102
-0.0200389
-0.0365078
0.0818634
-0.0582502
0.0751658
-0.0200013
0.0747159
-0.0068106
0.0449462
0.0309448
-0.0512507
-0.0781097
-0.0557529
0.0615647
-0.0230557
0.0758001
0.0385921
0.0441299
0.0560304
-0.0779543
-0.0344886
0.0172453
0.0558956
-0.0592622
-0.0144020
0.0586680
-0.0363825
-0.0677490
-0.0502471
0.0708755
-0.0183976
0.0067646
0.0024885
0.0120286
-0.0145975
-0.0192447
0.0367009
-0.0165809
-0.0193751
0.0810983
0.0405480
0.0743921
-0.0277220
-0.0554869
-0.0817940
0.0442960
-0.0650648
0.0748914
0.0333137
-0.0157765
-0.0355673
0.0699648
-0.0570536
0.0225198
-0.0228713
0.0216562
-0.0433106
0.0073752
-0.0622077
0.0506990
0.0221003
0.0625697
0.0285646
0.0510216
-0.0629935
0.0516787
-0.0040379
0.0383537
0.0534344
-0.0215793
0.0017868
-0.0208291
0.0764243
0.0384778
0.0246554
-0.0490257
0.0136078
-0.0728870
-0.1196521
0.0412026
-0.0436638
-0.0193370
-0.0218488
0.0478162
-0.0124222
0.1593324
0.1247658
0.0387322
0.1260564
-0.0446991
-0.0902553
-0.1283188
-0.0645834
-0.2062687
-0.2862302
-0.3349894
-0.0114984
0.3928830
0.7212281
0.6469280
0.2840435
-0.2500623
-0.3285920
-0.2563349
-0.2666903
-0.1035747
0.0163581
0.0321840
0.0069952
0.1360755
0.1006669
0.0700655
0.0465475
0.0033398
0.0961109
-0.0480609
-0.0716578
-0.0779356
-0.0452764
0.0095150
0.0143288
-0.0327595
-0.0014737
0.0321827
-0.0714147
0.0500839
-0.0181184
0.0131381
-0.0585672
0.0148430
0.0030946
0.0632464
0.0553608
-0.0449482
-0.0274041
0.0149178
0.0644339
0.0034569
0.0486806
0.0144617
0.0059248
-0.0710711
-0.0246173
0.0687570
0.0714989
0.0841556
-0.0383916
0.0386837
-0.0357613
0.0770209
-0.0524945
0.0489752
0.0352381
0.0555005
-0.0618781
-0.0810198
-0.0493390
0.0175792
0.0780667
-0.0539324
0.0411964
0.0465096
0.0706167
-0.0530217
0.0793472
0.0292973
0.0767739
-0.0611926
0.0751616
0.0365091
-0.0220149
0.0453353
0.0020537
-0.0415559
0.0628098
0.0270586
-0.0758455
-0.0394285
0.0778761
-0.0482484
0.0612778
-0.0154389
-0.0723751
-0.0283518
-0.0124017
0.0788508
0.0449728
0.0359884
-0.0017427
-0.0530740
0.0149820
0.0235311
-0.0405977
-0.0373699
0.0084196
0.0817724
0.0269631
0.0273103
-0.0557885
0.0213698
-0.0695601
-0.0461190
0.0154899
-0.0725986
-0.0861163
0.0371410
0.0748210
-0.0747067
-0.0141430
0.0759405
0.0362534
-0.0069356
0.0125710
0.0347657
0.0566599
0.0599222
-0.0270097
0.0525781
0.0421929
-0.0160419
0.0589782
-0.0793359
-0.0531790
-0.0206697
0.0452100
0.0633479
-0.0115416
0.0743848
-0.0455587
0.0738658
0.0767235
0.0379553
0.0603322
-0.0388077
0.0033198
-0.1047182
-0.0678407
-0.0397074
-0.0691618
-0.0248081
0.0608934
0.0958987
0.0316893
0.1697206
0.0359578
0.1294877
0.0598810
0.0594742
-0.0244922
-0.0444340
-0.1353020
-0.3274659
-0.3009491
-0.2451344
-0.0316711
0.4617619
0.7328124
0.6124314
0.1240619
-0.3047225
-0.4837564
-0.3460630
-0.1267517
-0.0473457
-0.1288347
-0.0491533
-0.0155974
0.1052096
0.0871540
0.0494324
0.0590503
0.0997940
0.0236729
0.0594617
-0.0869968
0.0233321
-0.0861104
-0.1131803
-0.0821848
-0.0447850
-0.0379827
0.0689393
0.0830097
-0.0539113
-0.0203249
0.0112232
0.0144748
-0.0536009
0.0769379
-0.0301642
-0.0826085
-0.0118071
0.0492896
-0.0459246
-0.0951462
0.0097298
-0.0873213
0.0611524
0.0061075
-0.0633227
0.0842114
-0.0178638
0.0111279
-0.0177938
-0.0627073
0.0664298
-0.0258720
-0.0461139
-0.0812153
-0.0063777
-0.0517927
0.0493930
0.0449220
0.0733276
-0.0290237
-0.0404988
0.0107402
0.0161912
0.0253978
0.0804208
0.0688841
-0.0744141
0.0556596
-0.0455266
-0.0388390
-0.0227747
-0.0492090
-0.0064289
0.0792628
-0.0169146
0.0321456
0.0298712
-0.0082593
-0.0768373
-0.0537188
0.0245935
0.0546188
-0.0379924
-0.0296973
0.0377181
0.0196910
-0.0777096
0.0387653
0.0317847
-0.0593886
-0.0688749
0.0550621
-0.0682424
-0.0011823
-0.0436892
-0.0188690
0.0582519
-0.0135924
0.0258094
0.0523093
-0.0250982
-0.0149242
-0.0824283
0.0034544
-0.0744852
0.0273055
0.0186242
-0.0630803
-0.0153367
-0.0711522
0.0867666
0.0733888
0.0143999
-0.0402064
0.0810000
0.0467123
0.0075686
0.0173347
-0.0846208
-0.0564148
0.0682777
0.0562362
-0.0264903
0.0610488
-0.0819820
-0.0115549
-0.0256068
0.0606034
0.0405076
0.0690441
0.0352203
-0.0078881
0.0290154
-0.0425741
-0.0536335
-0.0934811
-0.0415768
-0.1198317
-0.0782006
0.0086577
-0.0940755
-0.0196057
-0.0413924
0.1120167
0.1257144
0.0779885
0.0167756
0.1592528
0.1081798
-0.0563927
-0.1190218
-0.0417638
-0.1812195
-0.2292809
-0.2851897
-0.2253493
0.1256292
