-0.0392036
0.0449243
-0.0211419
0.0195211
-0.0778153
-0.0422855
-0.0099735
-0.0105087
-0.0108945
0.0640603
0.0803849
-0.0131275
0.0727163
0.0415557
0.0472797
0.0379450
0.0631976
0.0377133
-0.0683712
0.0612692
0.0542137
-0.0627007
-0.0384602
-0.0270565
0.0176175
0.0744887
-0.0717409
-0.0589404
-0.0124327
-0.0180394
0.0495399
-0.0552215
-0.0095137
0.0042101
0.0686740
-0.0088334
-0.0799056
0.0150428
-0.0240546
-0.0672815
-0.0326557
-0.0855232
-0.0782398
-0.0119931
0.0586877
0.0124894
0.0267738
0.0431744
-0.0180589
-0.0350007
-0.0735548
0.0687704
0.0460620
-0.0765297
-0.0186248
-0.0087091
-0.0609332
0.0204095
-0.0178665
0.0537220
-0.0177260
-0.0683317
0.0065979
-0.0072355
-0.0075523
-0.0609987
0.0318544
-0.0576762
0.0652379
0.0780847
0.0346281
0.0225076
0.0034346
-0.0194383
-0.0476137
-0.0171113
-0.0821731
-0.0606659
-0.0263766
-0.0410887
0.1082538
-0.0287255
-0.0062428
0.0206740
0.0251606
-0.0175234
-0.0082986
-0.0611403
-0.1223834
-0.1606516
-0.0974832
-0.0345153
-0.1151105
-0.0389460
-0.0741260
0.0402166
0.1438433
0.1961240
0.1382931
0.3482430
0.3663841
0.1622395
-0.3358554
-0.8613110
-0.8869262
-0.4661331
0.1932839
0.5253866
0.4287502
0.2103209
0.0262705
0.0044286
0.0709388
-0.0379617
-0.0973085
-0.1778162
-0.0796993
-0.0242944
-0.0137100
0.0126160
-0.0240136
0.0462017
0.0033325
0.0317284
0.0435856
0.1294202
0.0623556
0.0813539
-0.0502347
-0.0662494
-0.0816044
0.0412882
-0.0804807
-0.0004574
0.0342315
-0.0466338
-0.0626170
0.0051057
-0.0645444
-0.0195290
-0.0353450
0.0957317
0.0397197
-0.0499591
0.0272658
-0.0436145
0.0163982
0.0480653
0.0252354
0.0097644
0.0322188
-0.0799809
0.0144869
0.0264567
-0.0248889
0.0226419
-0.0419106
-0.0200317
-0.0543888
-0.0653523
-0.0318800
0.0135988
-0.0424224
0.0213185
0.0759080
0.0410225
0.0726681
-0.0543394
-0.0020369
0.0061738
0.0246523
0.0018516
0.0015061
-0.0188341
-0.0466070
-0.0417622
0.0011143
-0.0085655
-0.0601154
0.0619252
0.0736978
-0.0070537
0.0115063
-0.0452477
-0.0697126
-0.0274583
-0.0633227
0.0586922
-0.0059299
0.0097497
0.0278592
-0.0620307
0.0393654
0.0029962
0.0089068
0.0025059
0.0043310
-0.0259096
0.0567609
-0.0844341
0.0630475
0.0438259
-0.0428615
0.0010530
-0.0206400
-0.0256810
0.0056849
-0.0093585
0.0753478
-0.0633491
0.0070103
-0.0078239
0.0590436
0.0400204
0.0414797
-0.0590222
-0.0379106
-0.0682022
0.0767113
-0.0737329
0.0252856
0.0550104
-0.0705363
0.0541785
0.0200576
0.0226876
-0.0222926
-0.0440342
-0.0368965
-0.0416607
0.0076502
0.0403981
0.0632554
0.0602549
0.0055995
0.0384608
0.0062025
0.0347090
-0.0492745
-0.0135350
0.0713527
-0.0750758
0.0615945
-0.0166057
-0.0537054
-0.0010889
-0.0584521
-0.0269095
0.0458796
-0.0696405
-0.0097692
-0.0344508
-0.0494758
0.0176277
-0.0128549
-0.0767054
0.0435026
0.0549183
-0.0747890
0.0088383
0.0618419
-0.0381043
0.0665206
-0.0551190
0.0028531
0.0143053
-0.0852738
0.0581629
-0.0044752
0.0649121
-0.0094390
0.0111351
-0.0096485
0.0477006
0.0299220
0.0349596
-0.0493255
-0.0577648
0.0610761
-0.0036011
0.0089238
-0.0903629
0.0477644
-0.0059641
-0.0944723
0.0363823
0.0639390
-0.0182082
-0.0492403
0.0059264
-0.0208773
0.0632494
0.1116012
0.0598208
-0.0260613
0.0489089
-0.0782687
-0.0811131
-0.0376673
-0.0905239
-0.0705378
-0.0886899
0.0266117
0.0807903
0.0750078
0.0895137
0.2544776
0.3940835
0.3811464
0.0595927
-0.4842603
-0.9009084
-0.6321985
-0.2030615
0.4270291
0.5279229
0.3749090
0.1991927
0.0373248
-0.0042059
0.0492802
-0.0018032
-0.1261146
-0.1187810
-0.0542317
-0.0046863
-0.0994611
0.0200094
0.0585799
-0.0386404
0.0655325
-0.0158166
0.0911695
0.1196749
0.0129752
0.0158528
-0.0500098
0.0306156
-0.0134241
-0.0842806
0.0506884
-0.0473104
0.0114384
0.0687491
0.0133829
-0.0678316
-0.0013975
-0.0155433
-0.0158685
0.0233521
0.0417903
0.0281980
-0.0534566
-0.0033893
0.0013837
0.0711216
0.0323839
-0.0851862
-0.0695127
0.0051153
-0.0665158
-0.0797213
-0.0080283
0.0068461
0.0701498
0.0752531
0.0844381
-0.0621486
0.0024793
0.0474409
-0.0516082
-0.0348456
0.0320749
0.0219450
0.0758047
0.0767460
-0.0120996
-0.0808110
-0.0410265
0.0478866
-0.0371446
0.0056366
0.0541613
-0.0126645
0.0545947
-0.0813747
0.0336922
-0.0052359
-0.0532292
-0.0770032
-0.0440723
-0.0584036
-0.0343135
0.0040622
-0.0061706
0.0357960
-0.0179590
-0.0600624
-0.0236920
0.0173701
-0.0055650
-0.0475478
-0.0363207
0.0740199
0.0743462
0.0436889
-0.0237433
-0.0756068
-0.0247092
-0.0503912
0.0163052
0.0495172
0.0257345
-0.0184062
-0.0374819
0.0797986
0.0475091
-0.0033726
0.0594372
0.0249060
0.0644010
-0.0166256
-0.0199811
-0.0183482
-0.0116970
0.0268997
0.0815089
-0.0188870
0.0140035
0.0412083
-0.0732373
-0.0394209
-0.0635358
-0.0571230
0.0526635
0.0131936
-0.0515822
-0.0668792
-0.0350574
0.0480337
0.0630258
0.0734094
0.0497235
0.0062470
0.0029955
-0.0043644
-0.0709231
-0.0594947
-0.0042394
-0.0462832
-0.0222412
0.0219949
-0.0833240
-0.0427881
-0.0025401
-0.0711022
-0.0270638
-0.0126736
0.0094950
-0.0499215
-0.0746872
-0.0035604
0.0781537
0.0480399
0.0516768
0.0406209
0.0470275
0.0468937
-0.0250860
0.0645378
0.0550699
0.0340831
-0.0632091
-0.0399774
-0.0610935
0.0378286
-0.0690825
0.0412416
0.0915339
0.0927611
-0.0166996
0.0450108
0.0254254
0.0383837
-0.0331228
0.0122906
-0.0932166
-0.1256669
-0.0871879
-0.1218892
-0.0657770
-0.1493587
-0.0481306
0.0245174
0.1598926
0.1327044
0.2435623
0.4242983
0.4657326
0.1563550
-0.4907815
-0.9202121
-0.9146261
-0.3446351
0.2160139
0.5990472
0.5827373
0.3111058
0.0124366
0.0882425
-0.0712172
-0.0404037
-0.1315417
-0.0752002
-0.0331141
-0.0041724
-0.1238970
-0.0960279
0.0044270
0.0599302
0.1057339
0.0492524
0.0684732
0.0781937
0.0957726
0.0893680
-0.0415899
0.0332899
0.0579866
0.0436770
-0.0282082
-0.0987741
0.0224965
-0.0637626
-0.0229563
-0.0509021
0.0040846
0.0934222
0.0257718
0.0853533
0.0320903
-0.0200209
0.0169410
0.0817691
-0.0546530
-0.0013050
0.0500530
0.0124416
0.0646357
-0.0862268
0.0686527
0.0652610
-0.0474896
0.0707692
-0.0494981
-0.0432060
0.0679523
-0.0314867
0.0709102
-0.0673282
-0.0778333
0.0216635
0.0282667
0.0029674
0.0408586
-0.0792225
-0.0581010
0.0530484
-0.0025508
0.0333820
0.0182182
-0.0015131
-0.0497121
-0.0027735
0.0560488
0.0317473
-0.0559864
0.0764130
0.0308874
0.0613261
-0.0128658
-0.0208513
-0.0418818
0.0667220
0.0770968
-0.0011411
-0.0015016
0.0403521
-0.0176489
0.0167711
-0.0010213
-0.0531260
-0.0615448
0.0414696
-0.0623710
0.0539830
0.0130924
0.0811027
-0.0660034
-0.0472775
-0.0408220
0.0529954
-0.0393541
0.0064431
0.0520435
-0.0484976
0.0787621
-0.0714386
0.0371302
0.0049096
-0.0294109
0.0339641
0.0715711
-0.0157654
-0.0152401
0.0710928
0.0469210
-0.0235448
-0.0307987
0.0804236
0.0780853
-0.0109152
-0.0188046
-0.0283729
-0.0353665
-0.0594009
0.0283422
0.0039999
-0.0223206
0.0101428
0.0588792
-0.0601278
-0.0198828
0.0795612
0.0680904
-0.0401864
0.0563930
-0.0243283
-0.0197281
0.0577109
-0.0506322
0.0042430
-0.0769463
0.0742344
-0.0269997
0.0878784
0.0060632
0.0563580
-0.0345221
0.0441357
-0.0053959
-0.0579075
0.0603624
-0.0874226
-0.0045473
-0.0297873
-0.0620443
-0.0090091
-0.0171965
-0.0701251
0.0914691
0.0357356
0.0167316
0.0723953
-0.0012768
-0.0197203
0.0416576
0.0331352
-0.0642853
-0.0762429
-0.0773649
-0.1089224
-0.1059286
-0.0564744
-0.0820027
-0.0459565
0.1345896
0.1685865
0.1842320
0.2810903
0.5092091
0.4203794
0.1371186
-0.5020955
-0.9622458
-0.8727355
-0.3008130
0.3271960
0.5658338
0.3969295
0.2089642
0.0830259
0.0813507
0.0006605
-0.0315063
-0.0768422
-0.0696214
-0.0787742
-0.1036273
-0.1420188
0.0140251
0.0067759
0.0184898
0.0301821
0.0293580
0.1133757
0.0857622
0.0024360
0.0211700
-0.0259155
-0.0456146
-0.0168919
0.0122953
-0.0367361
-0.1030334
0.0099648
0.0140786
-0.0125032
-0.0146299
0.0018430
0.0027937
-0.0520306
-0.0603397
-0.0408158
-0.0393068
0.0587731
0.0679351
-0.0042411
0.0026107
-0.0750786
0.0274009
-0.0490436
0.0087876
-0.0181780
0.0184132
0.0808095
0.0631502
0.0658348
0.0355608
0.0175441
-0.0411281
-0.0765691
-0.0102372
-0.0239217
-0.0827218
0.0536136
0.0631201
-0.0240532
-0.0821364
0.0428342
0.0481213
-0.0409341
0.0468550
0.0104004
0.0355459
0.0110156
-0.0245664
-0.0046296
0.0489629
-0.0319915
0.0193642
0.0513202
0.0666322
-0.0424419
-0.0776564
0.0099512
0.0346986
-0.0802893
0.0067828
-0.0803670
0.0307266
-0.0785235
-0.0697600
-0.0377261
-0.0542870
-0.0372496
0.0248274
-0.0040819
-0.0548500
0.0624414
0.0244450
0.0726523
-0.0084311
-0.0583279
-0.0744548
-0.0429489
-0.0418094
0.0196707
-0.0253846
0.0191148
-0.0346857
-0.0181339
-0.0550981
-0.0458307
-0.0693967
-0.0690703
0.0737288
0.0477666
-0.0461500
0.0130052
-0.0065297
0.0566445
0.0609935
0.0006674
0.0336075
0.0119767
-0.0064009
-0.0288150
0.0825311
0.0768963
-0.0754421
0.0767349
0.0107795
0.0181679
-0.0295906
-0.0213713
-0.0414966
0.0537261
-0.0118213
-0.0729566
-0.0079487
-0.0595354
0.0755791
0.0633139
-0.0389607
-0.0155309
0.0533153
0.0414153
0.0188331
0.0288735
0.0637136
-0.0426936
-0.0058268
0.0165195
0.0332202
0.0218488
-0.0386167
-0.0609906
0.0409820
-0.0016355
-0.0760493
0.0108776
0.0308548
0.0105818
0.0222659
0.0708780
0.0396385
0.0982841
-0.0540614
0.0165790
-0.0470293
-0.1011019
-0.0829042
-0.1170365
-0.1801020
-0.1366233
0.0471553
0.0567915
0.0479546
0.1726846
0.2852933
0.4177133
0.4569196
0.0216824
-0.5929258
-0.8956530
-0.8267673
-0.2074689
0.3790623
0.6726400
0.4343513
0.1423067
-0.0048810
0.0483268
-0.0428700
-0.0018417
-0.1679730
-0.1327099
-0.0463919
-0.0330650
-0.0740997
-0.0219946
-0.0474467
-0.0386327
0.0943609
0.0056570
-0.0186209
0.0822986
0.0175346
-0.0370667
-0.0078596
0.0031156
-0.0708121
-0.0699730
-0.0284081
-0.0469262
-0.0046820
-0.0556236
0.0171033
0.0109602
-0.0086880
0.0051820
-0.0590563
-0.0522316
0.0071643
0.0862154
0.0121360
0.0013556
0.0166406
-0.0089845
0.0589190
0.0571296
-0.0081892
0.0411974
0.0212720
0.0137679
-0.0010488
-0.0176714
0.0452873
-0.0680181
0.0064537
0.0435531
-0.0557893
0.0345041
0.0216687
-0.0841486
-0.0813393
-0.0652669
-0.0427417
-0.0773089
-0.0270853
-0.0661501
-0.0532747
-0.0820538
0.0748935
-0.0811095
-0.0148557
0.0660813
-0.0809865
0.0748346
-0.0188809
-0.0478915
0.0251198
-0.0193032
-0.0662751
0.0264087
-0.0709260
-0.0056346
-0.0646105
-0.0504454
0.0755563
-0.0587710
0.0612740
0.0688447
0.0052706
0.0021969
-0.0542849
0.0749545
-0.0580972
-0.0348082
-0.0308792
0.0454010
0.0567959
0.0330932
0.0474069
-0.0371007
-0.0749540
-0.0498000
-0.0302845
-0.0495561
0.0292963
-0.0632365
-0.0020872
-0.0482880
0.0030356
-0.0011380
-0.0366540
0.0754281
-0.0659235
-0.0527847
-0.0032041
-0.0482185
-0.0150385
0.0093795
0.0239369
0.0680623
0.0583303
0.0758331
0.0049632
-0.0210499
-0.0317014
0.0543086
0.0696443
0.0611489
0.0294641
-0.0373665
-0.0505023
0.0608630
-0.0009938
-0.0669367
-0.0246460
0.0240553
0.0279430
-0.0266875
-0.0190475
0.0393225
-0.0724615
-0.0052451
-0.0666055
-0.0147899
-0.0339163
-0.0379387
0.0029936
0.0002882
0.0728845
-0.0732412
-0.0674586
0.0498672
0.0350888
0.0330384
0.0425556
-0.0548248
-0.0012063
-0.0963085
-0.0766793
-0.0361527
-0.0935314
0.0607719
-0.0294373
-0.0006270
0.0495476
0.0049941
0.0297585
0.0261410
0.0982591
-0.0195100
-0.0261837
0.0819020
0.1067213
-0.0209173
-0.1571292
-0.1885136
-0.1404387
0.1465322
0.3436704
0.3330595
0.1393863
-0.1172715
-0.1898511
-0.0584873
-0.0766012
-0.0832772
0.0103893
0.0194793
0.0365070
0.0397400
0.0385828
0.0996219
0.0873346
0.0577413
0.0878158
-0.0403946
-0.0691181
-0.0529014
-0.0657702
0.0461732
0.0075336
-0.1000151
-0.0016901
0.0590617
0.0069391
0.0779836
-0.0252415
-0.0262350
0.0581393
-0.0574694
-0.0293535
0.0500008
0.0405238
-0.0486326
-0.0130562
-0.0319497
-0.0471481
0.0704898
-0.0825217
-0.0758333
-0.0122546
-0.0681802
0.0115114
0.0704744
0.0541732
0.0327262
-0.0756230
0.0121872
-0.0014418
0.0486392
0.0667167
-0.0116494
-0.0340469
0.0662265
0.0733193
0.0189428
-0.0368076
-0.0043515
0.0347338
0.0131497
-0.0437365
0.0007807
0.0552517
-0.0811640
-0.0308363
0.0513131
-0.0430172
0.0544022
-0.0146152
-0.0222033
-0.0575060
0.0063848
0.0297813
-0.0526124
0.0639086
-0.0802343
-0.0036342
0.0352617
0.0085203
0.0323230
0.0201744
-0.0691299
0.0152172
0.0066466
0.0898545
0.0387543
-0.0738696
-0.0755675
-0.0540858
-0.0704793
-0.0404412
0.0722459
0.0335882
-0.0658023
-0.0566175
-0.0649832
0.0362679
0.0509423
-0.0797810
0.0726542
0.0611017
-0.0635584
-0.0376216
-0.0080306
-0.0360082
-0.0208474
-0.0414605
-0.0223137
-0.0200484
0.0458518
0.0564610
-0.0084468
0.0468677
-0.0059840
0.0075062
-0.0797303
-0.0211655
0.0257329
0.0402315
0.0194479
0.0413655
0.0377675
0.0693346
0.0092481
-0.0379009
-0.0088923
0.0597974
0.0410300
-0.0612217
-0.0361553
0.0854309
-0.0060742
-0.0152292
-0.0662684
-0.0218535
0.0237065
-0.0675331
-0.0356629
0.0457502
-0.0387284
-0.0175908
-0.0393394
0.0140784
0.0726051
0.0409325
-0.0474492
0.0292581
-0.0372100
-0.0411000
0.0037958
0.0455229
-0.0334128
0.0676424
-0.0934980
-0.0863482
0.0066351
0.0069287
-0.0673917
-0.0107973
0.0465491
0.0056818
0.1060035
0.0430780
0.0983995
-0.0630842
0.0990438
0.0931244
0.0907491
0.0003556
-0.1976597
-0.3623532
-0.0978648
0.2730219
0.4007245
0.3417922
-0.0358749
-0.1189595
-0.1819032
-0.1047678
-0.0497805
-0.0007856
0.0354742
0.0369569
0.0633776
-0.0159633
-0.0395492
0.0513818
0.0648567
-0.0143387
0.0615895
-0.0316312
-0.0734548
0.0135805
-0.0166422
-0.0525135
-0.0167821
-0.0794253
0.0414812
-0.0283005
0.0689131
-0.0332343
-0.0503489
0.0497606
-0.0686681
