-0.0340820
0.0016110
0.0072433
-0.0128576
-0.0192850
-0.0838078
-0.0339768
0.0004618
-0.0388195
0.0548510
-0.0235782
-0.0493490
-0.0381885
-0.0141960
0.0415643
0.0346577
0.0567378
-0.0265177
-0.0008297
-0.0700173
0.0558655
-0.0363327
-0.0749036
0.0224241
0.0165267
0.0240217
0.0219866
-0.0728948
0.0588510
0.0393806
0.0195375
-0.0498253
0.0643133
0.0581577
0.0228499
-0.0524544
-0.0382094
0.0330879
-0.0140410
0.0088834
0.0033943
-0.0147253
-0.0311614
-0.0474997
-0.0042078
-0.0709208
-0.0375179
-0.0249305
0.0252758
0.1231984
0.0866394
0.1228280
0.0834558
0.0877644
0.0314354
-0.0111516
-0.0925788
-0.1910875
-0.4221183
-0.3384554
-0.1600201
0.3113288
0.7235588
0.6510809
0.4045816
-0.1861221
-0.3459915
-0.4487039
-0.2470257
-0.1163217
-0.0178382
-0.0599510
-0.0104013
0.0794989
0.1251063
0.1658091
0.0783463
0.0233396
-0.0128204
-0.0676722
-0.0218610
-0.0270028
-0.0295028
-0.0995875
-0.0244840
0.0218885
-0.0777671
0.0618374
0.0305392
0.0702081
0.0696635
0.0966696
0.0972452
-0.0043199
0.0322384
0.0223505
0.0704722
0.0438664
-0.0871464
-0.0334381
-0.0649094
-0.0179808
-0.0680789
-0.0439494
0.0082112
-0.0222205
0.0238610
0.0861054
0.0645033
-0.0476130
0.0101137
-0.0144725
0.0337425
0.0188373
-0.0776004
0.0520380
0.0126696
0.0124705
0.0102858
0.0090514
0.0001348
0.0590808
0.0226911
-0.0651371
0.0735373
0.0165027
-0.0396294
-0.0203591
-0.0663608
0.0043992
0.0228405
-0.0598030
0.0164144
-0.0437902
-0.0174314
0.0218104
-0.0066268
0.0107966
-0.0356090
-0.0278508
-0.0377557
0.0573005
0.0612609
0.0150504
0.0507798
-0.0278041
0.0526313
-0.0077412
0.0302900
-0.0511852
0.0114026
-0.0875388
-0.0207601
-0.0512476
0.0145140
0.0687042
0.0698655
0.0606953
0.0583627
0.0933366
0.1282538
-0.0014529
0.0178421
-0.0493545
-0.1459716
-0.1799625
-0.4124404
-0.3666289
-0.1159714
0.2792392
0.6577480
0.6139160
0.2983116
-0.1796091
-0.4111935
-0.3738962
-0.1705573
-0.1059160
0.0100739
-0.0610455
0.0821845
0.1204964
0.1601425
0.1663063
0.0104998
0.1247229
0.0049549
0.0319958
-0.0621271
0.0201795
-0.1027360
0.0017097
0.0040495
-0.0995037
0.0164733
-0.0605146
0.0036489
0.0543268
0.0916167
0.0312418
-0.0193037
0.0900455
0.0591720
-0.0538270
0.0016154
0.0177811
0.0037770
-0.0696610
-0.0675264
-0.0866590
-0.0044754
0.0623136
0.0615576
-0.0333893
-0.0065596
-0.0020669
0.0540484
0.0891040
0.0277841
-0.0515573
-0.0037303
-0.0795757
-0.0842565
-0.0684522
-0.0803690
0.0564280
0.0568481
-0.0094687
0.0393002
0.0140373
0.0466702
-0.0195428
-0.0273512
-0.0589845
-0.0527209
-0.0358581
-0.0327704
-0.0692222
-0.0136850
-0.0651039
0.0617424
-0.0562886
0.0375189
-0.0738308
0.0537630
-0.0695519
-0.0101688
0.0161030
-0.0653468
-0.0450281
-0.0604216
0.0560249
-0.0143965
-0.0503354
-0.0439936
0.0518902
0.0526315
0.0676646
0.0406267
0.0300221
0.0459397
-0.0037067
-0.0854291
-0.0964380
-0.0368776
-0.0663487
0.0348756
0.0317920
-0.0113710
0.0320217
0.0111077
0.0901915
0.0092448
0.0430474
0.0059783
-0.0546966
-0.0785149
-0.1065064
-0.3179224
-0.3295719
-0.2745883
0.1510598
0.5084813
0.5750429
0.4371699
0.0287477
-0.3311355
-0.4165511
-0.3046462
-0.1921591
0.0038425
-0.1018340
0.0364884
0.0795091
0.0780751
0.1311018
0.0289484
0.0306490
0.0655028
-0.0268178
-0.0586309
0.0368355
-0.0868933
-0.1120431
-0.0306213
-0.0610097
-0.0341322
-0.0261600
-0.0368917
0.0017022
0.0772716
0.0884573
-0.0454901
-0.0319422
0.0585964
0.0076195
-0.0168956
0.0507379
-0.0813522
0.0513415
-0.0492430
0.0084225
0.0578458
0.0306278
-0.0487029
0.0564154
-0.0478330
-0.0546085
0.0584875
0.0709440
0.0298421
0.0155511
0.0332346
-0.0235250
-0.0165147
0.0566388
-0.0538720
-0.0046832
-0.0299283
-0.0007583
-0.0158442
-0.0046638
0.0289669
0.0397350
-0.0752818
-0.0010812
-0.0565981
-0.0414102
0.0657805
0.0227863
0.0747762
0.0667580
-0.0440552
-0.0069935
0.0541772
-0.0288125
0.0742566
0.0196374
-0.0443623
-0.0190725
-0.0879167
-0.1122680
0.0170140
-0.0505168
-0.0317055
0.0002928
-0.0371128
-0.0022843
0.0884900
0.0732876
0.1431752
0.1392182
-0.0071059
0.0257015
-0.0849645
-0.0551970
-0.1451569
-0.3414540
-0.4081795
-0.2333879
0.2332690
0.5254317
0.6907609
0.4427945
-0.0658144
-0.3841750
-0.3694668
-0.2539718
-0.0593571
-0.0337505
0.0425322
0.0812051
0.0155660
0.0758368
0.0814270
0.0036385
0.0549793
0.0545298
-0.0188293
0.0191827
-0.0853382
-0.0944402
0.0244713
0.0121126
-0.0184985
-0.0600398
-0.0564656
0.0212605
0.0686421
0.0230786
0.0570902
-0.0392217
-0.0507299
-0.0008073
0.0652536
0.0471444
0.0450157
-0.0329983
0.0422044
0.0550395
-0.0544123
-0.0038126
0.0175312
-0.0293843
-0.0384369
0.0759164
0.0342552
0.0569093
-0.0045545
0.0180482
-0.0482797
0.0120532
-0.0020026
0.0105630
0.0628459
-0.0458847
0.0325760
0.0710938
-0.0175566
0.0063144
-0.0777209
-0.0427078
-0.0406891
-0.0140685
0.0486542
-0.0339947
-0.0011445
0.0614186
0.0055478
-0.0198662
0.0058504
0.0758502
0.0221815
-0.0178737
-0.0305699
0.0277742
-0.0915494
-0.0014688
-0.0033566
-0.0475793
0.0394634
-0.0413822
0.1056025
0.0631707
0.0436185
0.1316317
0.0584459
0.0154609
0.0638203
-0.0695377
-0.0458661
-0.0709105
-0.3074374
-0.4130540
-0.3157966
-0.0398814
0.4159530
0.7478000
0.6692454
0.2922371
-0.1705100
-0.3840557
-0.3322920
-0.1857216
-0.0324097
-0.1059786
-0.0413744
0.0238911
0.0525121
0.0937389
0.1251951
0.0479923
0.0450270
-0.0203152
0.0287569
-0.0451225
-0.0990758
0.0190402
-0.0714370
-0.0275551
-0.0222819
-0.0194323
0.0637774
-0.0337956
0.0325949
0.0682569
-0.0155858
-0.0481494
-0.0048215
0.0806686
0.0002314
-0.0101332
0.0551371
-0.0111524
0.0136144
-0.0497977
-0.0316720
0.0480503
-0.0603814
-0.0345323
0.0468265
-0.0218991
-0.0370323
-0.0003097
0.0308219
-0.0613931
-0.0027360
0.0371225
0.0107282
-0.0471002
0.0406704
-0.0409364
-0.0246051
-0.0620824
0.0392178
-0.0499728
0.0011293
-0.0628842
-0.0112800
-0.0113918
0.0638025
0.0360104
0.0324294
0.0334107
0.0083409
0.0909853
0.0755489
0.0432678
0.0401456
-0.0106117
-0.0503967
-0.0814006
-0.0063554
-0.0080521
-0.0780342
-0.1007719
0.0247045
0.0418300
0.0485360
-0.0151212
0.0965452
0.0886424
0.0418155
0.0481857
0.1075770
0.1254669
0.0390242
-0.1004830
-0.0933251
-0.1915484
-0.2993872
-0.3760844
-0.2448711
0.0590575
0.5358917
0.6865186
0.5927660
0.1003906
-0.2687945
-0.4367845
-0.3132174
-0.2519469
-0.1061359
-0.0561007
0.0198793
0.1194707
0.1523299
0.1631185
0.0701018
0.0766657
-0.0149132
-0.0486430
-0.0387738
0.0025348
-0.0351577
-0.0289438
-0.0137057
-0.0592740
-0.0849160
-0.0415575
-0.0219202
-0.0319856
0.0894744
0.0858559
0.0994655
0.0204212
0.0166601
0.0823043
0.0629142
-0.0771686
0.0569649
0.0264981
0.0158234
0.0352942
-0.0121995
0.0537716
0.0608402
0.0700849
-0.0542512
-0.0225177
0.0390844
-0.0309804
0.0329008
-0.0554361
0.0509381
0.0085595
-0.0605856
-0.0429520
0.0293303
0.0273306
-0.0060642
0.0534916
0.0617362
-0.0452771
-0.0467229
-0.0138263
0.0457717
-0.0328618
0.0562021
-0.0645414
-0.0046565
0.0093254
0.0469751
-0.0004013
-0.0345216
0.0251865
-0.0357758
-0.0697874
0.0329004
0.0237417
-0.1089819
-0.0562360
-0.0963991
-0.0020884
-0.0061947
-0.0234541
0.0056029
0.0012970
0.0744159
0.0523133
0.1085170
0.0299726
0.0425722
-0.0234421
-0.0454290
-0.1874053
-0.2742502
-0.2993050
-0.4151988
-0.1817440
0.2897191
0.6225663
0.7250817
0.3470381
-0.1525337
-0.4483436
-0.3787524
-0.3472569
-0.1430270
-0.0799955
-0.0459956
0.0904963
0.0838164
0.1870695
0.0477633
0.0264738
0.0140562
0.0504683
0.0261335
-0.0510715
0.0304262
0.0128722
-0.1010423
-0.0966751
0.0240436
-0.0508140
-0.0636626
-0.0190077
0.0272787
0.0605035
-0.0341812
0.0780414
-0.0418930
-0.0070704
0.0306005
0.0354290
-0.0304104
0.0512516
0.0077792
-0.0602958
-0.0740014
0.0116758
-0.0219530
0.0567417
-0.0685892
-0.0113062
0.0369021
-0.0474292
0.0337283
0.0112074
0.0119883
-0.0269013
0.0702093
0.0622120
-0.0609209
-0.0535528
0.0482900
0.0644493
-0.0182128
-0.0430006
-0.0268752
-0.0622062
-0.0698678
-0.0777769
-0.0738730
-0.0453464
-0.0455658
0.0039225
0.0466125
0.1011188
0.0444208
0.1256424
0.0794316
0.0936871
0.1249855
0.0393704
0.0132477
-0.1446423
-0.1895248
-0.2289985
-0.4349398
-0.3846743
-0.2268125
0.2617502
0.7476515
0.7743808
0.3384075
-0.0858436
-0.5069392
-0.4367744
-0.2720372
-0.0772064
0.0180513
0.0342468
0.0193062
0.0562703
0.1088404
0.1282538
0.0493822
0.0581964
-0.0279100
0.0465035
-0.0378156
-0.0863719
-0.0575390
-0.0929017
-0.0870485
-0.0123023
-0.0424698
0.0452114
-0.0249789
-0.0246881
0.0476618
-0.0158685
-0.0396181
0.0869652
-0.0239921
-0.0664607
0.0238232
-0.0736771
0.0140486
0.0367719
-0.0170160
0.0306611
0.0104010
0.0248579
0.0091955
0.0477114
-0.0300573
-0.0507950
0.0305305
-0.0524341
-0.0058586
0.0459376
-0.0039116
0.0204484
0.0329000
0.0521748
0.0148544
0.0501088
0.0226466
0.0565353
0.0254758
0.0762085
-0.0444039
-0.0636862
0.0385711
-0.0296629
0.0155318
-0.0308146
0.0195601
0.0436144
-0.0671638
-0.0725180
-0.0519627
0.0595782
0.0289040
-0.0121883
0.0691698
0.0687441
-0.0518728
0.0109012
0.0040618
0.0236239
-0.0194567
0.0592834
0.0295067
-0.0332941
0.0162591
0.0409084
0.0317591
-0.0865804
-0.0118297
0.0200312
-0.0754882
0.0616876
0.0412657
0.0835821
-0.0131848
0.0864936
0.0781081
0.0296777
0.0989055
-0.0319297
-0.0595379
-0.0800561
-0.1600714
-0.2431945
-0.2409430
-0.1738187
-0.0097785
0.2608477
0.4892600
0.3462546
0.0464466
-0.1668614
-0.2494897
-0.2275803
-0.1409051
-0.1051450
-0.0725287
-0.0669652
-0.0368881
0.1174402
0.1047059
0.0302860
-0.0102915
-0.0254869
-0.0491667
-0.0201540
-0.0853343
0.0239373
-0.0796937
-0.0104432
0.0112447
-0.0104384
-0.0166134
0.0350628
0.0577707
0.0160470
-0.0323137
-0.0009696
0.0404469
0.0491178
-0.0473884
0.0508794
0.0036861
-0.0800324
-0.0240360
-0.0382256
-0.0521351
0.0264630
0.0065676
0.0303036
0.0034075
-0.0251073
0.0420692
-0.0094273
-0.0048561
-0.0122983
-0.0609056
0.0318621
0.0502108
-0.0095699
0.0459780
-0.0137703
0.0321967
0.0665298
0.0133281
-0.0625885
-0.0451251
-0.0585159
0.0613320
-0.0158352
0.0641842
0.0430211
0.0519016
-0.0182741
0.0374426
0.0176776
-0.0138420
0.0622605
-0.0568642
0.0448063
-0.0651481
-0.0524313
-0.0758244
0.0643205
-0.0640369
-0.0559436
-0.0466351
-0.0345667
-0.0666400
0.0404704
-0.0077574
0.0336613
0.0409355
0.0174959
0.0084388
0.0364845
-0.0695112
-0.0597245
-0.0649309
0.0292815
0.0079078
-0.0667468
0.0262144
0.0440264
-0.0725541
0.0900933
0.0827116
0.1140059
0.1248448
0.0299160
0.0637329
0.1202250
0.0033571
-0.0044679
-0.0661479
-0.1324755
-0.2666732
-0.3025279
-0.2282681
0.0800053
0.3191485
0.5715896
0.3857447
0.0230472
-0.2576170
-0.2753690
-0.2272509
-0.1301067
0.0119897
-0.0195617
-0.0663905
0.1056101
0.0750500
0.0075072
0.0348787
0.0937750
0.1043456
0.0892029
-0.0090511
0.0165083
-0.0514240
0.0061250
-0.1030744
-0.0838916
-0.0102837
-0.0602090
-0.0233523
0.0284281
0.0107136
0.0630502
0.0835231
0.0240685
0.0542268
0.0438518
0.0410414
-0.0522425
0.0427629
-0.0320919
-0.0631936
-0.0376800
0.0430755
0.0227488
0.0561073
-0.0121657
0.0034926
0.0652853
0.0825215
-0.0151406
-0.0486716
-0.0428557
0.0566700
-0.0344591
0.0172906
-0.0755133
0.0102541
-0.0217171
0.0254230
0.0569396
0.0300488
-0.0720077
-0.0254604
-0.0703806
-0.0507207
-0.0068619
0.0107848
0.0467975
-0.0575983
-0.0213662
-0.0252160
-0.0081445
0.0261199
-0.0445882
-0.0600892
0.0415283
-0.0024588
0.0210533
0.0151575
-0.0622580
-0.0452601
-0.0911265
0.0537888
0.0627059
0.0352708
-0.0152690
0.0191291
0.0282018
0.1038702
0.1429781
-0.0186078
0.0285835
-0.0771636
-0.1240055
-0.1096791
-0.2965625
-0.3513373
-0.3133750
0.0696424
0.4977994
0.7006054
0.4243152
0.0254691
-0.2939487
-0.3620980
-0.3442893
-0.0894969
-0.0891330
-0.0685717
-0.0343968
0.0915272
0.1641829
0.1345938
0.1199149
0.1195255
0.1090696
-0.0406944
0.0070106
-0.0076902
-0.0313672
-0.0432818
-0.0869150
-0.0214445
-0.0550782
0.0553982
-0.0468546
-0.0233327
0.0789079
0.0861991
0.0114638
-0.0059678
0.0884001
0.0014578
0.0599622
-0.0624303
-0.0763021
-0.0518986
-0.0203090
-0.0385745
-0.0370630
-0.0708242
-0.0411134
-0.0600021
0.0586457
0.0492894
-0.0189106
0.0107522
0.0552089
0.0570108
-0.0083628
-0.0367902
-0.0665606
0.0285166
0.0301053
-0.0155532
-0.0142406
0.0304811
-0.0318564
-0.0171549
-0.0303152
0.0208446
-0.0544105
0.0042326
0.0663271
-0.0252700
-0.0477050
-0.0498938
0.0416920
0.0243638
0.0599200
0.0630376
0.0097321
0.0010100
-0.0419572
-0.1116015
0.0234033
-0.0315690
-0.0964161
-0.0126047
-0.0288411
0.0319969
0.0559574
0.0543133
0.0290907
0.0388460
0.0465010
0.0027884
0.0616931
-0.0245496
-0.0725871
-0.1623038
-0.3590148
-0.3690446
-0.3454062
0.0376365
0.5719105
0.7696085
0.6233261
0.0673553
-0.3018790
-0.4479697
-0.3930426
-0.2122625
-0.0603413
-0.0829447
0.0769596
0.0938664
0.1099597
0.1291005
0.1001263
0.0988343
0.0629860
0.0066828
-0.0166315
-0.0161974
0.0022123
0.0049566
0.0200838
-0.0683665
0.0363737
-0.0076540
0.0449874
0.0644316
-0.0075365
-0.0427684
0.0625572
0.0777631
0.0031874
-0.0004588
-0.0385427
-0.0263595
-0.0317672
-0.0709846
-0.0240617
0.0322532
-0.0332829
-0.0049045
0.0028947
-0.0314042
0.0648038
-0.0229652
-0.0262174
-0.0536261
0.0189698
0.0592949
-0.0248410
0.0306517
0.0268510
0.0413733
-0.0457746
0.0527302
0.0207504
0.0323228
0.0433650
-0.0022294
-0.0009115
-0.0672061
-0.0513063
-0.0614487
-0.0019414
0.0722831
0.0241707
-0.0301054
-0.0240002
0.0495277
-0.0023358
-0.0565110
0.0578337
-0.0350137
0.0300973
-0.0601795
0.0422439
-0.0300718
0.0087155
0.0459550
0.0423746
0.0628694
0.0826744
