0.0151757
0.0368012
-0.0381097
-0.0170058
0.0283978
-0.0396356
0.0038531
-0.0494779
-0.0267771
0.0393885
0.0100425
-0.0091717
0.0166321
0.0470136
-0.0198938
0.0127660
-0.0253951
-0.0171737
0.0579191
-0.0143283
-0.0091882
0.0121011
-0.0100306
-0.0018681
0.0208285
-0.0295529
-0.0660082
0.0388474
0.0473600
0.0484913
0.0735597
0.0750252
0.0311749
0.0787490
0.0090225
-0.0110989
0.0284690
0.0137572
-0.0273132
-0.1303274
-0.1967428
-0.2256206
-0.2349060
0.0542157
0.4109728
0.4916033
0.3260323
0.0353801
-0.2546857
-0.3368902
-0.2234092
-0.0859673
0.0023643
0.0256893
0.0039165
0.1049839
0.0542796
0.0739722
0.1026252
0.0897255
0.0713119
0.0470767
-0.0694449
-0.0693496
-0.0082143
-0.0210828
-0.0728828
-0.0403227
-0.0535763
0.0168469
0.0016998
-0.0469150
0.0695081
-0.0024259
-0.0182576
0.0272253
-0.0043834
-0.0187869
-0.0367341
-0.0559270
-0.0597967
-0.0581062
0.0152432
0.0323754
0.0318299
0.0497146
0.0091093
0.0203857
0.0328423
0.0034734
0.0145995
-0.0475472
-0.0194230
0.0441398
0.0164382
-0.0237865
-0.0061382
0.0286846
-0.0270171
0.0049833
-0.0006787
0.0473883
0.0004212
0.0397432
-0.0129988
-0.0351643
-0.0572323
-0.0175302
-0.0388112
0.0118772
-0.0498125
-0.0098256
0.0576726
0.0599287
-0.0149716
0.0232854
0.0082917
0.0032716
0.0499652
0.0206415
0.0043664
-0.0130250
-0.0424887
-0.0463364
-0.0096701
0.0443142
-0.0402511
0.0349272
0.0380161
0.0176160
-0.0541516
-0.0410318
-0.0051492
-0.0271149
0.0464409
-0.0466358
0.0221764
0.0546948
0.0303180
-0.0486658
0.0357408
-0.0404586
0.0187851
-0.0216601
-0.0014862
0.0225858
-0.0687159
-0.0425052
-0.0503263
0.0207673
-0.0497280
0.0495859
0.0641154
0.0112350
0.0723387
0.0533942
0.0436423
-0.0314705
-0.0031355
0.0408931
0.0175513
-0.0565478
-0.0521193
-0.0610790
-0.0105623
-0.0774994
-0.0549247
-0.0243975
0.0771387
0.0732262
0.1132775
0.1076627
0.1188947
0.0818251
-0.0083541
-0.0317634
-0.0566015
-0.0663593
-0.1087710
-0.2879738
-0.3341067
-0.1872944
0.2218888
0.4976595
0.6567987
0.3349912
-0.1156202
-0.3256285
-0.4295737
-0.2085407
-0.1210238
-0.0050657
0.0311151
0.0276495
0.1040403
0.0603914
0.1150749
0.0197159
0.0186218
0.0260212
-0.0301619
-0.0503404
-0.0544067
-0.0652749
-0.0594044
0.0104953
-0.0688884
0.0038459
0.0141343
0.0525871
0.0163381
-0.0281693
0.0246317
-0.0203589
-0.0377563
0.0476163
-0.0316021
0.0131711
-0.0560511
-0.0484012
-0.0259528
-0.0512666
-0.0610232
-0.0539276
0.0148862
0.0380133
-0.0276293
-0.0335080
0.0507477
0.0086626
0.0594547
-0.0351036
0.0391288
0.0118860
0.0063428
-0.0244002
-0.0016053
0.0475227
-0.0317912
-0.0327842
-0.0578060
0.0468031
-0.0534576
0.0113499
-0.0018082
0.0374252
-0.0392138
-0.0433115
0.0480607
0.0535628
0.0364981
-0.0094121
-0.0298091
0.0324110
0.0003902
-0.0115303
0.0357635
0.0237257
-0.0255045
0.0391545
-0.0327008
0.0054537
-0.0445122
-0.0086503
-0.0306020
-0.0555859
-0.0260596
0.0441240
0.0461045
-0.0002890
0.0477554
-0.0277676
0.0509442
0.0065796
0.0517789
0.0316650
-0.0265984
0.0598034
0.0520640
-0.0503414
0.0360426
0.0315772
-0.0510913
-0.0280122
-0.0340671
0.0107106
0.0081930
-0.0142680
-0.0542081
0.0578766
-0.0386579
0.0392468
0.0554196
0.0182058
-0.0383001
0.0452350
0.0189297
0.0207730
0.0299118
-0.0461344
0.0173973
-0.0681605
0.0033179
-0.0390241
-0.0022590
0.0239236
-0.0313099
0.0875713
0.0378303
0.0074637
0.1067804
0.0780259
0.0105543
0.0486473
-0.0868128
-0.0453238
-0.0995333
-0.1728882
-0.2600550
-0.1650191
0.0233200
0.3865318
0.5693401
0.4081448
0.0966262
-0.2278146
-0.2945646
-0.3225274
-0.1573594
-0.0960646
0.0112877
-0.0079626
0.0251009
0.1223559
0.1265956
0.0586043
-0.0103750
0.0059326
0.0333206
-0.0620042
-0.0183028
-0.0561674
-0.0846124
-0.0186620
-0.0646072
-0.0271058
-0.0256733
-0.0065265
0.0431099
0.0240550
0.0058885
0.0090841
0.0495308
0.0657020
-0.0449862
-0.0172421
-0.0194527
-0.0235034
-0.0066999
-0.0194453
0.0256809
0.0300464
-0.0175866
-0.0101823
0.0571542
-0.0132672
-0.0216614
-0.0098460
-0.0242189
0.0294761
-0.0107686
-0.0359867
-0.0403134
-0.0396757
0.0524832
-0.0237268
0.0495852
0.0280638
-0.0539188
-0.0372303
-0.0376969
0.0359377
0.0328568
0.0509203
-0.0127843
-0.0491896
0.0175174
0.0617348
-0.0186482
-0.0053735
0.0110853
-0.0134604
0.0241991
0.0058950
-0.0198099
0.0483032
-0.0269448
0.0533889
0.0286742
-0.0099271
-0.0086063
0.0110868
0.0335333
0.0447261
0.0256164
-0.0257741
0.0429107
0.0297138
0.0416324
-0.0301273
-0.0327345
-0.0012563
-0.0356369
0.0451528
-0.0315291
0.0200059
-0.0329322
-0.0454158
-0.0389061
0.0494845
-0.0384111
0.0033710
0.0375204
-0.0530946
-0.0332892
0.0157847
-0.0142786
-0.0254255
0.0411124
0.0390446
-0.0077652
-0.0412535
0.0345238
-0.0428773
0.0337380
0.0162299
0.0013594
-0.0350454
-0.0421504
-0.0654806
-0.0720149
-0.0589167
-0.0211213
-0.0562888
-0.0396734
0.0502743
-0.0087013
0.0655756
0.0621311
0.0477951
0.0381478
0.0764735
-0.0167212
0.0378225
-0.0858929
-0.1006350
-0.1307614
-0.1782305
-0.2121626
-0.0684315
0.1968521
0.3646775
0.4526887
0.2620148
-0.0765137
-0.2624295
-0.3203962
-0.2367341
-0.1199744
-0.0912168
0.0351159
0.0172126
0.0328926
0.1070497
0.0683210
0.0077058
0.0531779
0.0194889
-0.0028789
-0.0575530
0.0181988
-0.0288987
-0.0312394
-0.0249707
-0.0215743
0.0336252
-0.0227458
0.0611752
-0.0055323
0.0215515
0.0073659
-0.0379160
0.0211498
-0.0216293
-0.0422299
0.0053167
-0.0298285
0.0024499
0.0150947
0.0147051
0.0395675
-0.0223583
0.0014648
-0.0388139
0.0238114
0.0604593
-0.0520611
-0.0434410
-0.0128172
-0.0055018
-0.0567019
0.0451193
0.0530275
0.0009975
0.0148663
0.0576505
0.0069439
0.0555447
-0.0356343
-0.0456604
0.0489570
0.0314480
-0.0180473
-0.0426984
-0.0152272
0.0152481
-0.0434690
-0.0198446
0.0065577
-0.0286600
-0.0422891
-0.0312690
0.0328745
0.0311965
0.0412458
-0.0225836
0.0391327
0.0407480
-0.0110049
-0.0067595
0.0510278
0.0134312
-0.0239628
-0.0428331
-0.0288851
0.0364199
0.0336622
0.0311051
-0.0032394
0.0336673
0.0260828
-0.0014469
0.0044733
0.0376472
0.0356520
0.0083407
-0.0441894
0.0096665
0.0523561
-0.0140978
0.0292155
0.0426387
-0.0143361
0.0052504
-0.0033044
0.0129532
-0.0430295
0.0300387
-0.0000187
0.0277595
-0.0371885
-0.0262298
0.0420908
0.0515030
0.0280087
0.0109605
0.0413371
-0.0046235
0.0122149
-0.0578997
-0.0604845
-0.0596149
0.0000118
-0.0343691
-0.0525499
0.0481040
0.0291995
0.0689535
0.0745578
0.0098917
0.1035892
0.1042595
-0.0068150
-0.0328923
-0.0057023
-0.0918023
-0.0682642
-0.1778318
-0.2704835
-0.1773590
0.1124130
0.3669470
0.4406187
0.3304004
0.0276460
-0.2021392
-0.3009927
-0.1476500
-0.1454477
-0.0511987
0.0093730
0.0262409
0.0587490
0.0769772
0.1246587
0.0868513
0.0763846
-0.0234125
0.0588314
0.0152268
-0.0332356
-0.0373796
-0.0595995
-0.0293690
-0.0601551
0.0158453
0.0376422
-0.0277268
0.0374429
0.0386732
0.0667432
0.0326199
-0.0011505
0.0398109
0.0279687
0.0219908
0.0496052
-0.0204267
0.0144009
-0.0606644
-0.0419744
0.0305474
-0.0050373
0.0358361
-0.0054874
0.0242150
0.0171030
-0.0161586
0.0211212
0.0558197
0.0373066
-0.0300826
0.0128653
-0.0289654
-0.0538594
-0.0562544
-0.0268063
-0.0509885
0.0548575
-0.0207944
-0.0133731
0.0507386
-0.0535147
0.0029195
-0.0310266
0.0008341
-0.0071002
-0.0278442
-0.0064129
-0.0314580
0.0206747
-0.0166068
0.0151376
0.0396782
-0.0164037
-0.0488602
0.0167342
-0.0427963
-0.0212037
0.0409530
-0.0096932
0.0466869
-0.0421893
-0.0533750
-0.0376394
-0.0076056
0.0295671
0.0308742
-0.0476960
-0.0351778
-0.0546503
-0.0415163
0.0075982
-0.0300616
-0.0249998
-0.0447845
0.0212050
-0.0326146
-0.0117178
-0.0000035
-0.0424543
-0.0567237
-0.0596466
-0.0672439
-0.0517576
-0.0395451
-0.0573823
0.0484639
-0.0296786
0.0399443
0.0523146
0.0474367
-0.0123174
-0.0063120
0.0413015
0.0199475
0.0193334
0.0224621
-0.0039197
-0.0020166
0.0091596
-0.0090101
0.0262886
-0.0460124
-0.0230772
-0.0084739
0.0526369
0.0222193
0.0232746
0.0875574
0.0388170
0.0039680
0.0416167
-0.0693992
-0.1147711
-0.1790516
-0.2628054
-0.2303296
-0.1007077
0.1552173
0.5319605
0.5062919
0.3087969
-0.1153127
-0.3578195
-0.2708309
-0.1609195
-0.0246603
-0.0318974
-0.0538613
0.0317443
0.0693909
0.1281518
0.0910769
0.0665765
-0.0055479
0.0193012
-0.0007660
-0.0215260
-0.0312732
-0.0081977
-0.0375249
-0.0527254
-0.0834000
-0.0524926
0.0304924
-0.0127582
-0.0192500
0.0224180
0.0543782
-0.0293929
-0.0128309
-0.0286575
0.0270505
-0.0396972
0.0409191
-0.0464866
-0.0495422
-0.0008888
0.0153196
-0.0627347
-0.0086340
0.0240228
0.0208704
0.0239661
0.0509287
0.0504831
0.0344404
-0.0194365
0.0065758
-0.0157755
0.0046443
-0.0144162
-0.0262335
0.0249157
0.0221146
-0.0479048
-0.0189018
-0.0044712
-0.0218998
0.0079189
-0.0172028
0.0096290
0.0007665
0.0165663
0.0246114
0.0051360
-0.0243501
0.0313791
-0.0310369
0.0266056
-0.0242781
-0.0217009
-0.0541035
0.0453322
0.0480996
-0.0203847
0.0272655
-0.0495206
-0.0274841
-0.0535253
-0.0166366
-0.0391847
-0.0073804
-0.0556379
-0.0151249
-0.0298301
0.0488556
-0.0254847
0.0239824
0.0497674
0.0262050
-0.0241224
0.0019615
-0.0386058
-0.0121874
0.0247116
-0.0191265
0.0270970
0.0025271
-0.0354320
-0.0718540
-0.0118550
0.0388629
-0.0180959
0.0116054
0.0473260
0.0201767
0.0038882
0.0570366
0.0177053
0.0523417
-0.0384316
-0.0048036
-0.0340127
-0.0253239
0.0080867
-0.0894849
0.0115948
-0.0499162
-0.0709168
-0.0659073
0.0004419
-0.0117900
0.0289971
-0.0003410
0.1041543
0.1286398
0.0419176
0.0388680
-0.0290192
-0.0571273
-0.0365220
-0.1253028
-0.2794793
-0.2992589
-0.2486255
0.1415914
0.4745190
0.6076706
0.4691434
-0.0010298
-0.3086612
-0.4107783
-0.2311672
-0.0922398
-0.0726232
0.0402297
0.0290775
0.0962611
0.1203569
0.0290376
0.0915792
0.0171583
0.0193430
0.0190046
-0.0238879
-0.0705179
-0.0896764
-0.0045580
0.0125855
-0.0458908
-0.0216180
-0.0332376
-0.0157895
0.0493738
-0.0099674
0.0164017
0.0055904
-0.0219197
-0.0214651
0.0533608
0.0188134
0.0305558
0.0311612
-0.0141967
0.0029102
0.0064981
-0.0437233
0.0485143
-0.0352510
0.0318753
-0.0487756
-0.0518228
-0.0425056
-0.0133903
-0.0175204
-0.0300844
0.0558990
0.0552428
0.0128506
-0.0194434
0.0329893
0.0321409
-0.0576883
0.0353181
-0.0446050
0.0263739
-0.0455234
-0.0578695
0.0347017
-0.0105153
0.0517569
-0.0184262
0.0180571
0.0205775
0.0265628
0.0446204
0.0094652
0.0086526
0.0424572
0.0126492
-0.0396534
-0.0478457
-0.0179742
0.0219484
0.0348148
-0.0147564
-0.0282780
0.0320759
0.0586701
0.0457465
0.0118094
0.0566038
0.0093080
0.0052710
0.0515456
0.0351071
-0.0077346
0.0263176
0.0370605
0.0343598
0.0082769
-0.0220956
-0.0077776
0.0012057
-0.0100467
-0.0188813
0.0123827
-0.0292345
0.0133381
-0.0648436
0.0331671
0.0025339
-0.0354788
-0.0504516
0.0287436
-0.0183169
0.0695063
0.0710735
-0.0313313
0.0475785
-0.0476486
-0.0134916
-0.0090585
0.0221862
0.0022312
-0.0663147
-0.0544918
0.0344173
0.0474746
-0.0211053
0.0831915
0.0714336
0.0386232
0.0348502
0.1123619
0.0416620
-0.0003427
-0.0476189
-0.0839388
-0.0564395
-0.2415135
-0.2319796
-0.2957355
-0.0542489
0.2558336
0.5024924
0.4905707
0.1770122
-0.1436649
-0.3064438
-0.3513025
-0.1813116
-0.1082534
0.0280277
0.0541095
0.0243872
0.1343376
0.1237692
0.0710043
0.1011177
0.0502288
-0.0110022
0.0142887
0.0237664
0.0226642
-0.0959544
-0.0268649
-0.0066352
0.0327533
0.0295083
0.0261637
-0.0321505
-0.0132015
0.0245697
-0.0222995
0.0013375
0.0542672
0.0237762
0.0323143
0.0180745
0.0289704
-0.0577911
-0.0385024
0.0397995
0.0119191
-0.0160359
0.0034998
0.0256997
0.0244000
0.0275221
0.0270938
-0.0512519
0.0360149
0.0322105
-0.0063666
-0.0522588
-0.0153905
-0.0238192
-0.0529959
0.0222928
0.0519826
0.0188182
0.0379845
0.0080418
0.0492537
-0.0143258
-0.0169208
0.0365264
-0.0484509
-0.0106106
0.0078734
0.0036974
0.0513042
-0.0243549
-0.0340109
-0.0503221
0.0287709
0.0042767
-0.0552100
0.0190500
0.0248317
-0.0532976
0.0291485
-0.0546622
0.0259214
-0.0434733
0.0395132
0.0501563
0.0129634
0.0342012
0.0346662
0.0346984
0.0045141
0.0000996
-0.0489869
-0.0257668
0.0416961
0.0621891
0.0105811
0.0309392
0.0363806
0.0263585
-0.0191515
-0.0434054
0.0173794
0.0445509
-0.0086803
0.0414674
-0.0386166
-0.0205077
-0.0563881
0.0414645
0.0464077
0.0157387
0.0689217
0.0277497
0.0083574
-0.0090407
0.0159100
-0.0190064
-0.0044229
-0.0398480
-0.0579811
-0.0255669
0.0220038
-0.0781910
-0.0223205
-0.0622569
-0.0379422
0.0693088
0.0459669
0.0086903
0.0362905
0.0031242
0.0206189
0.0535745
-0.0113450
0.0194944
-0.0224661
-0.1297559
-0.1191758
-0.2500814
-0.1782376
-0.0034938
0.2940290
0.5267039
0.4246785
0.1439045
-0.1723906
-0.2454930
-0.2924427
-0.1923183
-0.0553542
-0.0164078
-0.0125948
-0.0051475
0.1077368
0.0934627
0.0968957
0.1123598
0.0909857
0.0620682
0.0405502
-0.0489904
0.0141845
0.0110167
-0.0617841
0.0127856
-0.0322726
0.0047014
0.0009272
-0.0046435
-0.0021586
-0.0303725
0.0755521
0.0312410
-0.0157201
0.0000032
0.0044559
-0.0385937
0.0370235
-0.0223541
-0.0506067
0.0408191
0.0319371
-0.0230704
0.0421715
0.0425222
0.0099214
0.0051044
-0.0420666
-0.0380210
0.0375534
-0.0246630
0.0482790
0.0554404
-0.0535660
0.0541736
-0.0151458
-0.0432524
0.0593412
-0.0499015
0.0022563
-0.0238893
-0.0496417
-0.0511843
-0.0384818
-0.0151139
0.0031919
0.0407834
-0.0234015
-0.0390161
-0.0008081
0.0058520
0.0119518
-0.0524962
-0.0344196
-0.0563193
0.0152138
0.0196954
0.0428074
-0.0069223
0.0080325
-0.0422117
0.0610351
-0.0351392
-0.0384889
0.0182841
0.0571470
0.0161580
-0.0293209
-0.0560229
-0.0536593
-0.0505479
0.0037460
-0.0290270
0.0101689
0.0078908
