-0.0418509
-0.0171635
-0.0662296
-0.0169913
0.0139906
-0.0663169
-0.0389770
0.0061930
-0.0290752
-0.0350660
0.0639797
0.0520609
0.0945048
0.0972036
0.0207872
0.0670311
0.0218910
0.0296163
0.0296618
-0.0387551
-0.0463487
-0.1783259
-0.3372574
-0.4096736
-0.1102738
0.3728567
0.7138638
0.5843805
0.3057793
-0.2275315
-0.4208763
-0.4075528
-0.1964854
-0.0252704
0.0218846
0.0163356
0.1063863
0.1432642
0.0882411
0.0602702
0.0464198
0.0500305
-0.0240191
0.0135716
0.0046203
-0.0949839
-0.0201665
-0.0906659
-0.0279589
-0.0268073
0.0221135
0.0385869
0.0303369
0.0303288
0.0628076
0.0233908
0.0610378
-0.0408195
0.0590614
-0.0456964
-0.0443510
-0.0089166
0.0354473
-0.0104838
-0.0323961
0.0136818
-0.0383295
-0.0268174
-0.0137798
0.0473032
-0.0584384
0.0214232
-0.0219702
0.0069832
-0.0207773
-0.0235442
0.0175024
-0.0117080
-0.0286445
-0.0584018
-0.0370742
0.0222027
-0.0633102
0.0280601
-0.0517916
-0.0259782
0.0075182
-0.0269760
0.0111195
0.0490598
0.0016748
-0.0338893
0.0235074
-0.0324232
-0.0117541
0.0202460
-0.0370318
-0.0298537
-0.0409381
0.0079955
0.0509776
-0.0346306
0.0331000
0.0153279
0.0316788
-0.0286281
0.0526905
-0.0093098
0.0365561
0.0594575
-0.0038442
0.0435142
0.0263777
0.0128455
-0.0138180
0.0547989
0.0394111
-0.0176463
-0.0374398
0.0414350
-0.0340771
-0.0589063
0.0081061
-0.0063353
-0.0338529
0.0204959
-0.0304350
0.0073362
-0.0479005
0.0333313
-0.0414475
0.0619568
0.0002372
-0.0320915
-0.0365960
0.0047509
-0.0438081
0.0258477
-0.0985110
-0.0545627
-0.0865686
0.0107104
-0.0669276
0.0263041
0.0336123
0.0850436
0.0165513
0.1214315
0.0910508
0.1348531
0.0973872
-0.0017893
-0.1047000
-0.0510300
-0.1201373
-0.2896269
-0.3989815
-0.3146498
0.0595554
0.4585166
0.7038095
0.4390647
0.1136134
-0.3250753
-0.4388343
-0.3275739
-0.1068444
-0.0408877
-0.0860650
0.0090611
0.1161160
0.1016328
0.0969336
0.0563083
0.0271217
0.0881100
0.0110600
0.0079540
-0.0319307
-0.0575748
-0.0258599
0.0179948
-0.0300941
0.0043874
-0.0654159
-0.0164953
0.0134214
0.0656932
0.0866651
0.0349326
0.0482619
0.0590856
-0.0232097
0.0322165
0.0541837
-0.0385662
-0.0342550
0.0205991
0.0139645
-0.0522525
0.0255007
-0.0179821
-0.0164258
0.0242699
-0.0504889
0.0409781
0.0087829
-0.0479112
0.0526101
0.0459037
-0.0533875
-0.0597609
-0.0294801
-0.0162237
0.0401901
0.0161068
-0.0194970
-0.0474890
0.0522868
-0.0000849
-0.0386315
-0.0166185
0.0543222
-0.0072009
0.0548065
-0.0542670
0.0517325
0.0113442
-0.0510713
-0.0615436
0.0549906
0.0302848
-0.0223886
-0.0622287
-0.0329490
0.0390818
-0.0500582
-0.0369905
-0.0042040
-0.0274050
0.0308884
-0.0198709
-0.0211238
-0.0053450
0.0519502
-0.0547102
-0.0420147
-0.0061712
-0.0121368
-0.0354346
0.0212730
-0.0468051
0.0401709
-0.0390667
0.0029153
-0.0296806
0.0143994
-0.0692105
-0.0015441
0.0328037
-0.0131912
-0.0205838
-0.0487014
0.0159858
-0.0183765
-0.0221870
0.0748087
0.0021100
-0.0282276
-0.0392900
0.0431227
-0.0843807
-0.0717108
-0.0537703
-0.0382973
-0.0455830
0.0228847
0.0548581
0.0451937
0.0471905
0.0881242
0.0558987
0.0300142
0.1410500
0.0252544
0.0159141
-0.0474985
-0.0885600
-0.0876449
-0.2812761
-0.4114652
-0.3025440
-0.0153242
0.3749286
0.7342942
0.6092559
0.1340422
-0.2250172
-0.4030505
-0.3469212
-0.1161164
-0.1024324
-0.0011090
-0.0237942
0.0813279
0.1403088
0.0535552
0.0440147
0.0035527
0.0144862
0.0595531
0.0190222
-0.0255254
-0.0928751
-0.0863402
0.0092765
-0.0174035
0.0087685
-0.0202884
0.0644494
-0.0087216
0.0564614
-0.0350569
0.0275789
0.0698867
0.0378492
0.0277593
0.0204713
-0.0061074
-0.0332735
-0.0629442
0.0098614
0.0239827
0.0117326
-0.0274416
0.0223844
0.0450518
0.0344706
-0.0175263
0.0246782
-0.0425540
0.0242641
0.0032217
0.0418775
-0.0228567
-0.0576502
0.0542738
0.0072481
-0.0457065
0.0374086
-0.0146437
0.0393447
0.0016554
0.0501156
0.0116505
0.0383183
0.0609145
-0.0334443
-0.0215988
-0.0374252
-0.0047048
-0.0194308
0.0167744
0.0485060
-0.0411003
-0.0497632
0.0545538
0.0065735
0.0435253
0.0246886
0.0560349
0.0091196
-0.0275505
-0.0374144
-0.0306314
-0.0448915
0.0321270
0.0221112
0.0352230
0.0268884
0.0384637
-0.0210343
-0.0444193
-0.0049889
0.0500131
-0.0197569
0.0444196
0.0498276
-0.0089675
-0.0152709
-0.0188803
-0.0338038
-0.0575501
0.0411641
-0.0234742
-0.0668014
-0.0312840
0.0317263
0.0282650
-0.0366357
0.0404947
0.0471036
0.0009101
0.0148249
0.0608414
0.0290673
-0.0198315
-0.0601934
-0.0734265
-0.0822503
-0.0176740
-0.0299951
0.0067424
-0.0167459
-0.0392053
0.0690641
-0.0138567
0.0342348
0.0495803
0.0945247
0.0246578
0.0385539
-0.0531527
-0.0411494
-0.1320083
-0.1004139
-0.2036496
-0.2526959
-0.0627270
0.2212473
0.4154837
0.4370554
0.1616003
-0.1090064
-0.2387221
-0.2060489
-0.1870790
-0.0464819
-0.0342452
-0.0508830
0.0329400
0.0435285
0.0555045
0.0260526
0.0770894
0.0352108
0.0111586
-0.0291085
0.0006950
-0.0144334
-0.0517349
0.0255871
-0.0287397
0.0163973
-0.0105333
0.0508771
-0.0409544
0.0536420
0.0298580
0.0143539
-0.0148816
0.0323398
-0.0391814
0.0640660
-0.0184823
0.0353517
0.0448058
0.0211905
0.0343337
0.0065539
0.0073666
-0.0089698
-0.0586807
0.0246735
-0.0309376
-0.0046139
-0.0090025
0.0450113
-0.0290627
-0.0324115
-0.0520734
-0.0461289
-0.0034769
-0.0083071
-0.0423612
-0.0043285
-0.0076885
0.0087293
0.0123303
-0.0029235
-0.0604979
0.0489068
0.0202174
-0.0143167
0.0131554
0.0661153
0.0667391
0.0578131
-0.0467880
-0.0386871
-0.0004049
0.0209048
-0.0372604
-0.0455008
-0.0306239
-0.0487979
0.0519663
-0.0214341
0.0218046
0.0592675
0.0150390
0.0603975
0.0277325
-0.0043112
0.0363422
-0.0364956
0.0562631
-0.0320635
0.0163877
0.0454503
-0.0339029
-0.0170621
-0.0215077
-0.0488132
-0.0499812
0.0025190
-0.0363372
0.0085635
-0.0637675
-0.0077316
0.0354837
-0.0530122
-0.0321156
0.0569738
-0.0337939
-0.0512677
0.0452551
-0.0163143
-0.0005915
0.0002653
0.0340949
-0.0388853
0.0145431
0.0186748
-0.0262156
-0.0097750
0.0279249
-0.0544506
0.0176711
-0.0381595
0.0053552
0.0558147
0.0457531
0.0136136
0.0130915
0.0797824
0.0315420
0.0693338
0.0145820
-0.0913728
-0.0361684
-0.0619711
-0.2098324
-0.2617335
-0.1127310
0.1494346
0.4144614
0.3979942
0.2681265
-0.0309135
-0.1697081
-0.2051186
-0.2084265
-0.1158537
-0.0584988
-0.0394077
0.0129598
-0.0030619
0.0990710
0.0000289
0.0439947
0.0535311
0.0166369
0.0002318
0.0197358
-0.0398918
0.0204818
-0.0660218
-0.0639289
-0.0689978
-0.0361170
0.0297848
0.0302217
-0.0460330
0.0689555
0.0413345
0.0131363
-0.0455928
0.0065174
-0.0244370
-0.0362186
0.0439441
-0.0639655
0.0258150
-0.0465886
0.0501405
-0.0082382
-0.0518237
-0.0189489
0.0111096
0.0066972
-0.0556588
0.0452726
-0.0390240
0.0338510
-0.0442981
0.0054691
0.0451549
-0.0279455
0.0163920
-0.0503738
-0.0037565
0.0252380
-0.0333894
-0.0494113
0.0377204
0.0245678
0.0505478
0.0084049
-0.0592117
0.0293769
0.0647706
0.0503596
0.0597493
0.0429662
-0.0572407
-0.0586903
0.0084910
-0.0316698
-0.0576476
0.0153109
-0.0626108
0.0519218
-0.0105749
0.0499852
-0.0323138
0.0182416
-0.0050905
0.0234894
-0.0415662
0.0514748
0.0245189
0.0195922
0.0446473
-0.0095464
0.0025547
-0.0538350
0.0095402
-0.0366139
-0.0557875
0.0194994
0.0253742
0.0268662
-0.0301495
0.0542330
-0.0425088
0.0020547
0.0153237
-0.0569148
-0.0368234
-0.0096907
0.0560072
-0.0089394
-0.0122056
-0.0385835
0.0481028
-0.0340507
0.0512895
-0.0564755
0.0131003
0.0031983
-0.0837135
0.0275482
0.0151272
-0.0174262
0.0472486
-0.0412196
0.0730619
0.0589318
0.0613261
0.0697728
0.0618197
0.0767544
-0.0071916
-0.0307508
-0.0982953
-0.0971126
-0.1414607
-0.2848022
-0.3485452
-0.1965418
0.2015527
0.4348672
0.5980953
0.2539311
-0.1295094
-0.3181950
-0.3721551
-0.2411819
-0.1283286
-0.0666545
-0.0427980
0.0598413
0.0797578
0.0766594
0.0817748
0.0502858
0.0798642
0.0285040
0.0195926
0.0118793
-0.0390556
-0.0097277
-0.0625798
0.0155816
-0.0637031
-0.0722712
-0.0413740
-0.0147811
0.0059582
0.0343298
-0.0276214
-0.0292019
0.0273365
0.0709177
-0.0452604
0.0063218
-0.0192218
-0.0020837
-0.0500384
-0.0357028
0.0212787
0.0196168
-0.0339858
-0.0379818
-0.0039178
-0.0337872
-0.0474163
-0.0328019
-0.0259841
0.0203889
0.0008143
-0.0344860
-0.0403753
-0.0158225
0.0549200
-0.0099279
0.0237315
0.0386182
0.0454755
-0.0407553
-0.0542233
0.0211063
-0.0006287
-0.0462497
0.0063059
0.0029846
-0.0074813
0.0381316
0.0511211
-0.0005124
0.0507009
0.0566926
-0.0540754
-0.0526020
-0.0026776
-0.0494951
-0.0108041
0.0414082
-0.0281646
0.0232931
-0.0488623
0.0604488
-0.0291592
-0.0497770
-0.0514288
-0.0390597
-0.0400615
0.0341132
0.0009562
0.0381159
-0.0496496
0.0169574
0.0561889
0.0615651
0.0547169
-0.0057203
0.0346491
0.0295450
-0.0332711
-0.0228750
0.0320957
0.0496224
0.0114248
0.0120559
0.0627897
0.0709888
0.0717899
0.0181596
0.0517759
0.0759194
-0.0020685
-0.0100087
0.0145209
0.0092196
-0.0076842
-0.0471394
-0.0681042
-0.0208434
-0.0721250
0.0211196
0.0601826
0.1066443
0.1122284
0.0540811
0.1009561
0.0330228
0.0062548
0.0308857
-0.0487216
-0.1276848
-0.1143153
-0.1988982
-0.3762471
-0.3061986
-0.0191198
0.4345316
0.7471210
0.5433088
0.1529098
-0.3535448
-0.3570392
-0.2648072
-0.1565120
-0.0190868
0.0256680
0.0030900
0.1258609
0.1020832
0.0907708
0.0969529
0.0505257
-0.0006589
0.0060246
0.0105026
-0.0029531
-0.0577167
-0.0533817
-0.0381959
-0.0378757
-0.0165918
0.0435872
-0.0082149
0.0678799
0.0213208
-0.0146972
-0.0120142
-0.0130643
0.0044268
-0.0334677
0.0397036
0.0300905
-0.0690408
0.0079438
0.0350178
0.0229896
-0.0489637
-0.0106957
0.0233534
0.0022259
-0.0304389
-0.0227355
0.0450785
0.0313558
-0.0012572
-0.0450506
0.0135831
0.0465055
-0.0552829
-0.0580846
0.0426558
-0.0352168
0.0034849
-0.0431872
0.0390784
0.0322681
-0.0446684
0.0012887
0.0284195
-0.0185204
-0.0473788
0.0201646
0.0631962
-0.0574672
-0.0070200
-0.0084389
0.0124000
0.0434771
0.0367338
0.0319599
-0.0040195
0.0435881
0.0352297
0.0401135
0.0016242
0.0137410
0.0124759
-0.0232834
-0.0012177
0.0252150
0.0091692
0.0434492
0.0578196
-0.0157448
-0.0277692
-0.0420269
0.0123550
0.0328509
0.0222950
0.0177415
0.0078782
0.0586116
0.0438135
0.0164576
0.0237010
0.0470303
-0.0690945
-0.0430636
0.0087613
-0.0285584
0.0721595
-0.0002778
0.0475375
0.0037455
-0.0307244
0.0084824
0.0120436
-0.0044834
-0.0747288
-0.0427505
-0.0341164
-0.0216186
-0.0917890
-0.0416786
-0.0328967
-0.0171378
-0.0183730
0.0531827
0.0917854
0.0817908
0.0537694
0.0611994
0.0293601
0.0290064
0.0063440
-0.0796147
-0.2258724
-0.3616853
-0.3423886
-0.1268142
0.2596780
0.6562838
0.6440711
0.3627539
-0.1488602
-0.3942685
-0.3382605
-0.2562862
-0.0892522
-0.0083420
-0.0360333
-0.0094535
0.1179934
0.1157016
0.0761966
0.0773437
0.0663889
0.0289253
-0.0081065
-0.0759929
-0.0451184
-0.0676748
-0.0291127
-0.0408641
-0.0727080
0.0358987
0.0276865
-0.0108214
0.0260773
-0.0277098
0.0211289
-0.0309462
-0.0322440
0.0441601
0.0571387
0.0096574
-0.0329482
0.0387028
0.0334168
-0.0309720
-0.0169196
0.0233916
0.0332860
0.0396525
-0.0136423
0.0053647
-0.0202412
0.0444613
0.0422773
0.0259814
0.0143469
0.0052051
-0.0050518
0.0292852
0.0244903
-0.0352850
-0.0371669
0.0045548
0.0268620
-0.0042820
-0.0063420
-0.0210432
-0.0479538
0.0583308
0.0374087
-0.0113520
-0.0470019
0.0273993
-0.0285280
0.0084750
-0.0482573
-0.0216463
0.0219579
-0.0246087
-0.0021468
0.0046109
-0.0033395
-0.0345359
-0.0001504
0.0537692
0.0464063
0.0126307
0.0461613
-0.0473724
0.0073746
-0.0357424
0.0559454
-0.0024459
0.0260601
0.0529625
-0.0134841
-0.0389756
0.0469223
0.0658511
-0.0543729
0.0062734
-0.0105023
-0.0445301
0.0048786
0.0277950
-0.0561417
0.0168773
0.0499354
0.0404736
0.0369809
0.0539200
0.0620463
-0.0276459
0.0658480
0.0758318
0.0300583
-0.0454571
0.0412936
-0.0012030
-0.0747652
-0.0354344
-0.0379885
-0.0313895
-0.0046293
-0.0748142
-0.0375113
0.0282457
0.0406411
0.0605540
0.0308584
0.0445664
0.0825478
0.0356877
0.0175877
-0.0566009
-0.0756083
-0.1593238
-0.2850399
-0.3302511
-0.1815320
0.0753216
0.5637759
0.6162143
0.3876381
0.0353790
-0.3834956
-0.3887607
-0.3074960
-0.1381630
-0.1127120
-0.0526299
0.0301981
0.0517995
0.0869651
0.0561248
0.1009818
0.0125828
-0.0004402
-0.0510836
0.0203168
-0.0405063
-0.0489163
0.0118638
0.0206790
-0.0908375
-0.0511765
-0.0295534
0.0305028
0.0453174
0.0603091
0.0165977
0.0811707
-0.0018113
0.0663711
-0.0445387
0.0104705
0.0477808
0.0419672
0.0015451
0.0413971
0.0528072
-0.0411864
-0.0060126
0.0469634
-0.0496527
0.0425409
-0.0085919
-0.0106698
0.0153257
-0.0351709
0.0041739
-0.0154083
0.0511053
0.0530934
-0.0365150
-0.0416501
0.0560976
0.0446552
-0.0249934
-0.0477409
0.0522069
-0.0006025
0.0308513
0.0083741
-0.0577352
-0.0448670
-0.0470497
-0.0382252
-0.0474830
0.0462310
0.0634451
0.0074577
-0.0054956
0.0447463
-0.0111848
-0.0551431
-0.0001649
0.0311936
-0.0043858
0.0327530
-0.0428501
-0.0458886
0.0161967
-0.0502075
-0.0573067
-0.0223866
-0.0348434
0.0151872
-0.0132631
0.0002143
-0.0020061
-0.0034388
0.0060791
0.0024524
0.0506516
0.0430933
-0.0016950
0.0197708
0.0268678
0.0265927
0.0478430
-0.0475435
-0.0172665
-0.0218526
-0.0473874
0.0101646
-0.0220914
0.0560556
-0.0273021
0.0785855
0.0356473
-0.0155982
-0.0201457
0.0263584
-0.0221663
-0.0570291
-0.0644817
-0.0403998
-0.0872825
-0.0460005
-0.0537537
-0.0526842
-0.0431979
0.0432018
-0.0148447
0.0292167
0.0314872
0.1037717
0.0509505
0.0486279
-0.0424937
-0.0577138
-0.1097637
-0.1243664
-0.1931538
-0.2208380
-0.1592458
0.1704361
0.3846529
0.4661319
0.3399801
-0.0898652
-0.2549350
-0.2571423
-0.1978397
