0.0313834
0.0094889
-0.0227488
0.0172818
-0.0476436
-0.0021433
0.0380814
0.0187507
-0.0499518
-0.0333936
0.0161607
0.0351891
-0.0369433
-0.0721778
-0.0817030
-0.0450378
0.0198446
0.0615453
0.0294789
0.0503715
0.0068127
-0.0119144
-0.0562890
0.0030452
0.0372503
0.0345636
-0.0796101
0.0285628
0.0159177
0.0330763
-0.0351767
-0.0347058
-0.0287750
0.0805168
0.0344571
0.0071449
0.0388719
0.0315050
0.0844749
0.0728335
0.0267111
-0.0614602
0.0182057
-0.0674774
-0.0550110
-0.1093621
-0.0033225
0.0489423
0.0019666
0.0362005
0.0840956
0.0550843
0.0392321
0.0703898
0.0198905
-0.0073695
0.0283173
-0.0084923
-0.2106167
-0.1969570
-0.3324242
-0.3438699
-0.0175419
0.4670426
0.6475309
0.5860926
0.1622296
-0.1993588
-0.4759119
-0.2877592
-0.2460106
-0.0820917
-0.0725813
0.0598395
-0.0025545
0.1637148
0.0361534
0.0282512
0.0489711
0.0637284
-0.0206531
-0.0379824
0.0361751
-0.0106415
-0.0501520
-0.0611519
-0.0845626
0.0054801
0.0379520
-0.0645736
0.0107130
-0.0299928
-0.0377009
0.0003067
0.0156593
0.0563427
0.0748754
0.0181321
-0.0220338
-0.0133612
-0.0540567
-0.0127949
-0.0288458
-0.0081785
0.0391708
0.0493131
-0.0623773
0.0739380
0.0519261
-0.0038020
-0.0547625
0.0685872
0.0332662
0.0011923
-0.0117951
-0.0529340
-0.0193351
0.0629854
0.0346674
0.0265549
-0.0302025
0.0263599
0.0227486
-0.0254093
-0.0844128
-0.0465572
-0.0624515
-0.0658555
0.0428658
0.0294489
0.0207538
0.0048041
0.0206502
-0.0154714
0.0525366
0.0441033
0.0125783
-0.0555749
0.0030369
-0.0500586
-0.1002554
-0.0739803
-0.0765634
0.0150192
-0.0577794
0.0520782
0.0775362
0.0371392
0.1126017
0.0209086
0.1208323
-0.0127415
-0.0921338
-0.0971700
-0.0815649
-0.1714018
-0.3868125
-0.3369187
-0.1496458
0.3159320
0.6396623
0.7846309
0.3386637
-0.0969280
-0.4408126
-0.3804928
-0.2715617
-0.0707965
-0.1084846
-0.0184107
-0.0068258
0.0957212
0.1279705
0.1214103
0.1220260
-0.0068544
0.0962766
0.0111806
-0.0561895
-0.0097911
-0.0166613
0.0031897
0.0124631
-0.0518381
0.0392132
-0.0450776
0.0671201
-0.0134017
0.0142826
0.0755761
0.0153725
0.0068768
-0.0220268
-0.0633116
-0.0119889
-0.0433363
-0.0547580
-0.0491865
-0.0202446
-0.0752274
-0.0603507
-0.0605416
0.0203132
0.0450931
0.0311329
0.0300824
-0.0213319
0.0708313
-0.0115064
-0.0325086
-0.0010478
-0.0664341
0.0211603
-0.0013485
0.0348196
0.0520504
-0.0422373
0.0233587
0.0443324
-0.0388542
0.0203477
0.0325550
-0.0387597
0.0225698
-0.0410032
0.0508602
0.0543459
0.0288011
0.0086374
-0.0327710
0.0255397
-0.0623418
-0.0778789
-0.0812556
0.0512190
0.0279553
0.0378115
0.0213556
-0.0149050
0.0672959
0.0692278
-0.0509988
0.0723053
0.0528834
0.0435404
0.0445994
0.0126326
-0.0960458
-0.0354567
-0.0160608
-0.0915055
-0.0818305
0.0127154
-0.0194832
-0.0152296
0.0430602
0.1317683
0.0944204
0.0411826
0.0744855
0.0341844
0.0337084
-0.0259760
-0.0829889
-0.1529544
-0.3133436
-0.2631817
-0.1367559
0.2303819
0.5714064
0.6266935
0.3379710
-0.0377030
-0.3288707
-0.3962968
-0.2803573
-0.1641337
-0.0960268
-0.0008604
0.0361605
0.0903280
0.0580531
0.1314876
0.0046970
-0.0150948
0.0756162
0.0738247
-0.0889949
-0.0281412
0.0214182
-0.0338769
-0.0500423
-0.0585578
-0.0518516
-0.0037242
0.0139007
-0.0012354
0.0000344
0.0842256
-0.0142455
0.0261265
-0.0570530
-0.0442527
0.0603719
0.0485578
-0.0395624
-0.0471626
0.0216609
-0.0522032
-0.0363760
0.0527447
-0.0482805
0.0146395
-0.0305471
0.0520771
-0.0142776
-0.0455278
0.0811510
-0.0207231
-0.0715643
0.0265914
-0.0602388
-0.0818653
-0.0790221
-0.0340571
0.0601095
0.0715280
0.0007270
0.0208466
-0.0422840
-0.0291511
-0.0623799
0.0050093
-0.0522657
-0.0087531
0.0350938
-0.0299496
0.0363953
0.0590286
0.0213829
-0.0575194
0.0133693
-0.0531897
-0.0710145
0.0377264
0.0238815
-0.0209410
0.0642432
-0.0082025
0.0573764
0.0641816
-0.0386467
0.0113103
0.0724066
0.0446764
0.0575698
-0.0289342
0.0190199
-0.1028741
-0.1122877
-0.0627207
0.0057596
-0.0050971
-0.0299555
0.0135859
0.0973026
0.0959232
0.1165225
0.0316251
0.0378281
0.0723036
0.0677482
-0.0087969
0.0202236
-0.1595841
-0.1334992
-0.4072242
-0.4085891
-0.2771695
0.1521077
0.5724365
0.6592655
0.4466439
-0.0723486
-0.4345921
-0.4807354
-0.3219797
-0.2040027
-0.0303847
-0.0324325
0.0084683
0.1008463
0.1347345
0.1547940
0.0511310
0.1203433
-0.0195328
0.0462421
-0.0421206
-0.1085606
-0.0150935
0.0210262
0.0209793
-0.0247338
-0.0936798
-0.0091253
-0.0203250
0.0492746
0.0569017
0.0131974
-0.0113787
0.0703401
-0.0431011
-0.0113504
0.0519257
0.0268289
-0.0506316
-0.0175636
0.0490200
-0.0700878
-0.0401591
0.0391155
-0.0677572
-0.0279477
-0.0145272
0.0098988
0.0816844
0.0623998
0.0007018
-0.0369670
0.0520489
0.0093111
-0.0137944
0.0571478
0.0069506
-0.0263246
-0.0422346
-0.0208792
-0.0132152
-0.0477111
0.0074052
-0.0290866
-0.0141669
0.0604324
-0.0333784
0.0169317
-0.0549536
0.0070162
0.0240142
-0.0127395
0.0946374
0.0345074
-0.0463857
0.0829416
0.0582578
-0.0239618
-0.0691057
-0.0687745
-0.0025466
0.0240364
0.0275296
-0.0541599
0.0343640
0.0061683
0.1038227
0.1029993
0.0979190
0.1359162
0.0336097
0.0172505
-0.0157278
-0.0092357
-0.0635073
-0.0567322
-0.2391233
-0.2712253
-0.3690829
-0.1446506
0.2688150
0.6437467
0.6858326
0.4113905
-0.0751552
-0.2730612
-0.4062501
-0.2692000
-0.0724124
-0.0778712
-0.0669595
-0.0453147
0.0221747
0.1408690
0.1050449
0.0557972
0.0691897
0.0841392
0.0608261
-0.0519493
-0.0555376
-0.0175442
-0.0705967
-0.1066627
-0.0373973
0.0171289
0.0324678
-0.0185750
0.0843818
-0.0350286
-0.0426422
0.0723413
0.0657885
0.0595571
-0.0409895
-0.0550227
0.0280754
0.0147171
0.0256613
0.0103562
-0.0107160
-0.0168629
0.0079613
0.0359328
0.0034498
0.0762817
0.0157003
0.0063089
-0.0566122
-0.0610699
-0.0413647
0.0537718
-0.0546890
0.0472496
0.0637036
-0.0177523
-0.0485798
0.0501002
0.0606989
0.0385841
0.0358487
-0.0239331
-0.0073065
-0.0563832
-0.0804983
-0.0655454
0.0451277
0.0498746
-0.0564815
0.0310309
0.0273331
-0.0011843
-0.0521511
-0.0424178
-0.0354303
-0.0295099
0.0303923
-0.0844058
-0.0484768
-0.0975286
-0.0040207
0.0136073
-0.0136321
0.0421259
0.0421824
0.0049644
0.0874880
0.0974422
0.0345539
0.1018396
0.0511356
0.0177185
-0.0042546
-0.1856880
-0.1804480
-0.3933660
-0.3297499
0.0060184
0.3154587
0.6164207
0.5274480
0.2163908
-0.1278851
-0.3202839
-0.3386626
-0.2415719
-0.1518365
-0.0801385
-0.0441141
0.0554491
0.0590830
0.0821844
0.0350030
0.0029018
-0.0211311
0.0723392
-0.0439861
-0.0676418
-0.0576631
0.0161080
-0.0994355
-0.0011842
-0.0850426
0.0209535
-0.0343966
0.0261805
0.0374048
-0.0048160
0.0264244
0.0400038
-0.0157691
-0.0593358
0.0137921
-0.0080903
-0.0579760
-0.0840540
-0.0076678
0.0580315
0.0475103
-0.0827807
0.0496729
-0.0680571
-0.0532797
0.0608050
0.0117714
0.0404316
-0.0162899
0.0553594
-0.0425630
0.0623436
-0.0797537
-0.0010279
0.0153856
0.0642572
-0.0331938
0.0451154
-0.0018355
0.0381668
0.0336917
0.0212052
-0.0651849
0.0644731
-0.0548398
0.0280191
-0.0188490
-0.0232261
-0.0169455
0.0427256
-0.0429013
-0.0615465
-0.0741984
0.0088252
-0.0345789
-0.0706543
-0.0630448
0.0083479
0.0017912
0.0583397
-0.0522930
-0.0103319
0.0275901
-0.0478058
-0.0063258
-0.0218927
0.0884430
0.0281157
0.0552482
-0.0720858
0.0097031
-0.0581434
-0.0571242
0.0188588
-0.0500270
0.0476943
0.0264332
-0.0297421
0.0708110
0.0283401
0.0336950
0.0105387
0.1477880
0.1014464
-0.0347296
-0.0055353
-0.1298014
-0.1076625
-0.2922314
-0.2886996
-0.1955953
-0.0327749
0.3621913
0.5228475
0.4812529
0.0736644
-0.2743414
-0.3296751
-0.3276581
-0.1384206
-0.0737227
0.0243470
0.0431934
0.0458508
0.1432474
0.0462745
0.1366929
0.0176427
0.0914819
0.0618480
-0.0515234
0.0357542
0.0001285
-0.0787777
-0.0310325
-0.0268495
-0.0822003
-0.0785833
0.0541527
0.0339958
-0.0180438
-0.0339489
-0.0000134
0.0300583
0.0828103
0.0569850
0.0078777
-0.0070996
-0.0008206
-0.0849272
0.0206912
0.0182031
0.0095304
-0.0308034
-0.0682482
0.0379715
-0.0345400
-0.0255546
0.0200809
-0.0028404
0.0341047
0.0627550
0.0035639
-0.0668457
0.0163434
-0.0621076
0.0521198
0.0267840
0.0194348
0.0672600
-0.0213809
0.0463905
0.0017037
0.0211833
0.0569082
-0.0520571
-0.0350151
-0.0315482
-0.0538921
-0.0503572
-0.0529196
-0.0255010
0.0283751
-0.0737517
0.0271036
-0.0392286
-0.0448384
0.0220467
-0.0717434
-0.0317067
0.0168172
0.0247099
0.0404119
0.0853972
0.0726842
-0.0238068
0.0157063
-0.0136849
-0.0478396
0.0548705
-0.0179698
-0.0117988
-0.0948894
-0.0611303
-0.0206391
-0.0975736
-0.0167040
-0.0106192
0.0871745
0.0588090
0.0657513
0.1070260
0.0304761
0.0389607
0.0449442
0.0220204
-0.1282558
-0.1164253
-0.3132553
-0.3190277
-0.3814831
0.0341823
0.5019704
0.7146092
0.5367061
0.2293014
-0.3269326
-0.4090866
-0.3316552
-0.2407840
-0.0929362
-0.0383320
-0.0656857
0.0825639
0.1353434
0.0774970
0.1188601
0.0048846
-0.0108133
0.0631169
-0.0567905
-0.0468580
-0.0376823
-0.0620735
-0.0527219
-0.0299532
-0.0780794
-0.0673137
-0.0071975
0.0301446
-0.0153977
-0.0452278
0.0757557
0.0971466
0.0559852
-0.0482660
0.0115590
-0.0153140
-0.0127595
-0.0788820
-0.0397000
-0.0645556
-0.0456317
0.0295694
0.0006501
0.0519617
0.0625337
-0.0490675
-0.0594379
0.0602435
-0.0450880
0.0548968
0.0700792
-0.0541741
-0.0491540
0.0641901
-0.0184078
-0.0068175
0.0012387
-0.0381106
-0.0167529
-0.0234932
-0.0026098
-0.0798036
0.0369456
-0.0504356
-0.0612454
0.0595077
-0.0495380
-0.0390662
0.0641224
0.0434706
-0.0261698
0.0647541
-0.0569189
0.0097208
-0.0610973
-0.0327071
0.0215530
0.0067846
0.0140399
-0.0874706
0.0204536
0.0086265
-0.0035871
0.0234699
0.1457193
0.1494070
0.1380574
0.0286072
0.0171527
0.0516743
-0.0550662
-0.1125571
-0.1386722
-0.3045726
-0.4085644
-0.2895143
-0.0237099
0.5153044
0.8469057
0.5893123
0.1081424
-0.3635086
-0.4508101
-0.4357019
-0.2416222
-0.1666050
-0.1002491
-0.0235775
0.0858197
0.1845464
0.1106859
0.1463366
0.1240977
0.0712002
0.0901690
-0.0064281
-0.0432545
-0.0722758
-0.0644139
-0.0871543
-0.0251013
0.0289970
-0.0778333
0.0159409
-0.0043195
-0.0190191
0.0164754
0.0464913
-0.0135596
-0.0143721
0.0038255
-0.0106336
-0.0411446
0.0119210
-0.0597736
-0.0478764
-0.0554730
-0.0022353
-0.0457213
-0.0656036
-0.0452745
-0.0567217
0.0560061
0.0137041
0.0181158
-0.0263181
0.0427337
-0.0128888
0.0439837
0.0394041
0.0176432
0.0400297
-0.0611754
-0.0250917
0.0674005
-0.0214694
0.0173142
-0.0448459
-0.0139253
-0.0242570
-0.0111208
-0.0092717
0.0803162
-0.0513155
-0.0473936
0.0347266
0.0363966
0.0838992
0.0071071
-0.0673466
0.0072119
-0.0432717
0.0260242
-0.0986957
-0.1012206
-0.0930679
-0.0671180
-0.0274516
-0.0096631
0.0133938
0.0809324
0.0471906
0.0322582
0.0199286
0.0964133
0.0378210
-0.0482947
-0.1231666
-0.1599948
-0.2941955
-0.3463044
-0.2591841
-0.0588252
0.3565648
0.6020450
0.5830472
0.1822852
-0.2357675
-0.3442214
-0.3591003
-0.1705254
-0.0386181
-0.0217386
-0.0253622
0.1029620
0.0321929
0.1808664
0.0323655
0.0708041
0.0945235
-0.0133644
-0.0125172
-0.0090518
-0.0090463
-0.0860912
0.0200701
0.0056561
-0.0898742
-0.0510524
-0.0049632
0.0768216
0.0826737
-0.0034789
0.0321511
-0.0308667
-0.0121900
0.0160180
-0.0635090
-0.0557566
0.0239120
-0.0721468
0.0148229
0.0503218
0.0545435
0.0301086
-0.0707629
-0.0518928
-0.0079824
-0.0428925
-0.0453720
-0.0079941
0.0552145
-0.0624020
-0.0722819
-0.0484266
0.0417535
0.0541844
0.0392433
0.0377607
-0.0160836
-0.0271055
-0.0047203
-0.0593399
0.0759508
0.0504864
-0.0147070
0.0735447
0.0345365
0.0145565
-0.0428853
-0.0581322
-0.0094057
0.0656858
0.0510418
-0.0046834
-0.0641767
0.0154509
-0.0704246
-0.0536581
-0.0162369
-0.0228206
-0.0321126
-0.0477740
0.0666267
-0.0170296
0.0845151
-0.0077030
0.0739768
-0.0500375
-0.0586630
-0.0302053
-0.0269916
-0.0722378
-0.0746171
-0.0652612
0.0239411
-0.0860718
-0.0022667
0.0144683
0.0704048
0.0338892
-0.0032141
0.1113985
0.0452448
0.1308425
0.0173746
-0.0461482
-0.0068755
-0.0027673
-0.1660213
-0.1579913
-0.2564924
-0.2247756
-0.0060370
0.4164521
0.5067359
0.4438383
0.0751806
-0.2566829
-0.2895664
-0.2287192
-0.1703762
0.0059089
-0.0784618
0.0508381
0.1149647
0.1269293
0.0217637
0.0836814
0.1066281
0.0492258
0.0363579
-0.0580607
-0.0633233
-0.0750306
0.0010451
-0.0997634
0.0166206
0.0350764
-0.0799745
-0.0295356
0.0794495
0.0751358
0.0275215
0.0658996
0.0883522
0.0085425
-0.0281894
-0.0209701
-0.0495192
0.0469757
0.0581092
-0.0364905
0.0085435
0.0364068
0.0650520
-0.0081892
0.0032127
0.0273164
0.0417603
0.0683501
-0.0190234
-0.0035956
0.0728603
0.0674666
-0.0192021
0.0223495
-0.0459880
-0.0397024
-0.0349370
0.0612501
-0.0642390
0.0603964
-0.0648508
-0.0022076
0.0177261
0.0396386
0.0204456
0.0072805
0.0041813
0.0536156
-0.0106521
0.0162789
0.0425882
-0.0508206
0.0692798
0.0538590
0.0443268
0.0112546
-0.0144083
0.0261331
-0.0368123
-0.0102673
-0.0392766
-0.0357429
-0.0322032
-0.0160736
0.0473140
-0.0194528
0.0766821
0.0404092
-0.0526815
0.0291726
0.0446038
0.0254014
0.0297335
-0.0842213
-0.0610125
-0.0759254
-0.0019130
0.0496334
-0.0034548
0.0609462
0.1006534
0.0475092
0.1346103
0.1196634
0.0189208
0.0691511
-0.0590667
-0.1034043
-0.0182640
-0.1993173
-0.1632462
-0.3408304
-0.2265377
0.1237960
0.3709947
0.5402069
0.4154321
0.0519191
-0.2270473
-0.3754798
-0.1965347
-0.1514656
-0.0610250
-0.0748091
-0.0622982
0.1213610
0.0931146
0.0887026
0.0050520
0.0140142
-0.0291146
0.0698296
0.0364979
0.0177804
-0.0856693
-0.0443531
-0.0813555
-0.0663636
-0.0091769
0.0196606
0.0026350
0.0084812
-0.0075968
-0.0166408
-0.0038125
0.0247815
0.0456900
0.0629648
0.0607684
