0.0719795
0.0230927
-0.0365199
-0.0223869
-0.0452186
0.0287410
-0.0073371
-0.0362501
0.0168368
0.0101403
0.0202332
0.0319806
0.0589640
0.0250540
-0.0044279
-0.0108417
0.0260271
0.0312796
-0.0017699
-0.0171117
0.0067794
-0.0457972
0.0355601
-0.0566756
0.0395245
-0.0580862
0.0295678
0.0338521
0.0187088
0.0475608
0.0171193
-0.0341565
0.0166287
-0.0290180
-0.0502155
-0.0145861
-0.0498017
-0.0546630
-0.0239097
0.0276430
0.0408366
-0.0079498
-0.0101084
-0.0145208
0.0036514
-0.0470357
0.0484195
-0.0524664
-0.0284287
-0.0096635
0.0287394
-0.0355145
0.0198907
-0.0395502
-0.0468599
-0.0104288
0.0284007
-0.0250674
0.0150819
0.0250443
-0.0065405
0.0542469
0.0248500
0.0400217
-0.0558014
0.0566669
-0.0338614
0.0111825
-0.0537912
-0.0540496
0.0440975
-0.0370249
-0.0146022
0.0243127
-0.0378140
0.0530062
0.0367852
0.0372911
0.0212268
0.0400736
0.0249213
0.0550827
0.0292940
-0.0456536
0.0359746
-0.0322170
-0.0348385
-0.0392979
-0.0461661
-0.0593114
-0.0514299
-0.0177968
-0.0614439
0.0515319
-0.0355644
0.0296172
0.0729089
0.0081584
0.0278036
0.0044259
0.0127026
0.0215029
-0.0647561
-0.0250242
-0.1277425
-0.1506057
-0.2141575
-0.2254749
0.0571010
0.3076799
0.4764488
0.3983318
0.0345850
-0.1561186
-0.3084645
-0.2130811
-0.1352303
-0.0879654
-0.0768736
-0.0216242
0.0472320
0.0246869
0.0787821
0.1081215
0.0325106
0.0179421
0.0322587
-0.0298595
-0.0058117
-0.0691240
0.0213816
-0.0477115
-0.0697064
-0.0720256
-0.0618293
-0.0179354
-0.0049162
-0.0113254
0.0189134
-0.0205126
-0.0068217
0.0080641
0.0112529
-0.0187410
-0.0450996
-0.0498581
-0.0061034
-0.0177036
-0.0565320
-0.0538122
0.0021357
0.0084674
-0.0091190
0.0480523
-0.0345231
0.0398759
-0.0107450
-0.0299068
0.0462580
0.0438740
0.0355589
0.0354390
0.0354017
0.0062005
-0.0268436
-0.0479215
-0.0301933
0.0103951
0.0394871
-0.0200370
-0.0562197
0.0162797
-0.0525261
-0.0494786
-0.0404313
0.0120259
0.0228841
-0.0540254
0.0100625
-0.0205209
-0.0216771
0.0183506
-0.0594004
-0.0411465
0.0109302
-0.0362478
0.0324549
-0.0441973
0.0604928
0.0518608
0.0439475
-0.0175739
0.0461124
-0.0298807
0.0290545
0.0119914
0.0495342
-0.0530986
0.0138229
0.0167482
-0.0043376
-0.0047853
-0.0411551
0.0475004
-0.0310726
-0.0498350
0.0096911
-0.0186442
0.0115744
0.0227950
-0.0551064
-0.0421603
-0.0527340
-0.0518283
-0.0313758
-0.0071598
0.0383704
0.0182370
0.0169269
0.0441084
0.0440628
0.0000090
-0.0052897
0.0238630
-0.0380201
-0.0045320
0.0007168
0.0143418
0.0133521
-0.0292210
-0.0373277
0.0269179
0.0391942
-0.0037351
0.0628362
0.0341234
0.0241238
0.0466898
0.0312588
0.0229630
0.0484582
0.0300335
-0.0772750
-0.0919708
-0.0806082
-0.1468979
-0.2902885
-0.1841391
0.0214424
0.3529881
0.5190954
0.3073664
0.0019485
-0.2778983
-0.3772204
-0.1899980
-0.1047132
-0.0200249
-0.0213144
0.0189931
0.0507867
0.1127656
0.0215466
0.0236468
0.0650683
0.0330344
0.0595242
-0.0062198
0.0087527
-0.0762837
-0.0573728
-0.0905670
0.0283676
-0.0226582
-0.0179881
0.0470084
0.0009091
0.0516619
-0.0088917
0.0187800
0.0080082
0.0555005
-0.0352678
0.0041619
0.0255072
0.0120328
0.0340330
-0.0563470
-0.0443027
-0.0577411
0.0270822
-0.0401709
0.0278646
-0.0103769
-0.0194585
0.0503840
-0.0009883
-0.0115320
0.0470247
-0.0330642
0.0388770
0.0146773
0.0316460
0.0574006
-0.0518187
-0.0036743
0.0314517
0.0398664
-0.0224394
-0.0403487
0.0267196
0.0263153
-0.0230373
0.0085173
-0.0264114
-0.0032751
0.0291258
-0.0222283
0.0540168
0.0240909
0.0153916
0.0234013
-0.0428384
-0.0184447
0.0448663
-0.0233860
0.0112059
0.0061693
0.0113944
-0.0256735
0.0130115
-0.0203192
0.0044488
0.0113381
0.0221948
-0.0501882
0.0054158
-0.0209722
-0.0416747
-0.0304981
-0.0039923
0.0555289
0.0331244
-0.0383003
0.0031522
0.0088067
-0.0341531
-0.0053725
0.0108362
0.0457809
-0.0023233
-0.0194425
0.0281492
0.0032170
-0.0185059
-0.0463438
0.0184609
0.0170147
-0.0084180
0.0684474
-0.0149819
-0.0171734
0.0350825
0.0546722
0.0439323
-0.0533826
-0.0447793
-0.0268938
-0.0836933
-0.0030524
-0.0427965
-0.0244089
-0.0220690
0.0111204
0.0553073
0.0285287
0.1216101
0.0992413
0.0503983
0.0697622
-0.0298361
-0.0972876
-0.0931603
-0.1453701
-0.2704441
-0.2941035
-0.2267535
0.0426035
0.4084255
0.6403878
0.5116887
0.0046685
-0.2778673
-0.4361778
-0.3157623
-0.1104970
-0.0470449
0.0098900
0.0244886
0.0681591
0.0697771
0.0495091
0.0512717
0.0695092
0.0470371
-0.0013763
-0.0307855
0.0057610
-0.0910902
-0.0029706
0.0052998
-0.0167731
-0.0556774
-0.0292136
-0.0383061
-0.0093497
0.0630444
0.0307896
0.0283350
0.0085515
-0.0093325
0.0247726
-0.0061066
-0.0399714
-0.0032629
-0.0636339
-0.0015900
-0.0340202
-0.0205053
0.0031574
-0.0095764
0.0227073
0.0355212
0.0249690
0.0472361
-0.0114496
-0.0152452
-0.0007914
0.0128562
-0.0205219
0.0397961
-0.0321794
0.0500417
0.0207171
0.0098177
0.0005876
-0.0433439
0.0234515
-0.0663871
0.0122546
0.0475455
-0.0528333
-0.0346513
-0.0213945
-0.0402656
-0.0381336
0.0570254
0.0221386
-0.0142601
-0.0506592
0.0438917
-0.0327348
-0.0358446
0.0315263
0.0447539
0.0539001
-0.0522173
0.0026387
-0.0340215
0.0110231
0.0059237
0.0501140
-0.0244441
-0.0325147
0.0230614
0.0004418
-0.0549482
-0.0555020
-0.0185536
0.0495853
-0.0399666
-0.0094731
0.0008385
-0.0297787
0.0142013
0.0113851
0.0122103
0.0044342
0.0027304
-0.0028220
0.0016309
-0.0068011
0.0186134
-0.0154181
-0.0505007
0.0410475
-0.0358946
0.0405633
0.0547348
-0.0067184
-0.0071155
-0.0035450
-0.0264844
-0.0354372
0.0269583
0.0141469
-0.0731351
-0.0604235
-0.0761300
0.0247021
-0.0100426
0.0094619
-0.0346264
0.0399692
0.0371389
0.1053189
0.1021454
0.0997607
-0.0063526
0.0044932
-0.0664304
-0.0310521
-0.1133178
-0.1712929
-0.2440000
-0.2777967
0.0543701
0.4503636
0.6009581
0.4608611
0.0528442
-0.2027142
-0.4122788
-0.2303021
-0.1860133
-0.0889653
-0.0158474
0.0042606
0.0998857
0.0455911
0.1278516
0.1111349
0.0222080
-0.0139876
0.0734097
0.0227200
-0.0733068
-0.0797026
-0.0063605
-0.0866360
-0.0720317
0.0002294
-0.0329034
-0.0137636
0.0059516
0.0170979
0.0039948
-0.0336290
0.0169320
0.0122938
-0.0068927
-0.0454833
-0.0218618
-0.0352579
-0.0180925
-0.0538191
0.0350117
0.0278623
0.0239980
0.0254410
0.0438578
-0.0038408
-0.0265445
-0.0088357
-0.0009727
-0.0217005
0.0526327
0.0286162
0.0555591
0.0236049
0.0577748
0.0472048
-0.0009758
-0.0134842
-0.0436297
-0.0128513
-0.0528764
-0.0429637
-0.0182754
-0.0025497
0.0506203
-0.0229149
0.0310601
-0.0272449
0.0319836
0.0115769
0.0020505
-0.0486115
0.0001441
-0.0500737
-0.0269113
0.0424439
0.0235449
-0.0347981
0.0110219
0.0393684
-0.0518790
0.0623105
0.0590771
0.0495619
-0.0292576
0.0553146
0.0529633
-0.0507103
-0.0405387
-0.0434470
-0.0321416
0.0451281
0.0571359
-0.0294270
-0.0191959
0.0259328
-0.0432558
-0.0248321
-0.0295227
-0.0413106
-0.0070597
-0.0525641
-0.0190329
-0.0135376
0.0119179
-0.0639854
-0.0563929
0.0110582
0.0142064
-0.0063707
0.0437026
-0.0423285
0.0596062
-0.0358508
0.0519711
-0.0139065
-0.0301285
-0.0571442
-0.0161856
-0.0286194
-0.0315265
-0.0568176
-0.0081548
-0.0076649
0.0388468
0.0056358
0.0327084
-0.0092962
0.0175698
0.0852956
0.0805886
0.0204642
0.0767305
0.0147955
-0.0463186
-0.1010055
-0.0955104
-0.1589972
-0.2362308
-0.1302501
0.1602273
0.3904277
0.4177234
0.2940816
-0.0140430
-0.2566503
-0.3353648
-0.2070718
-0.1383784
-0.0917379
-0.0339089
-0.0137732
0.0765692
0.1048953
0.0397186
0.0978618
0.0645492
0.0494099
-0.0036364
0.0331592
0.0030143
0.0159518
0.0189016
-0.0528728
-0.0251742
-0.0534676
-0.0100208
0.0388539
-0.0427719
-0.0056902
-0.0244469
0.0098042
0.0307871
0.0267557
0.0459374
-0.0477587
-0.0614562
-0.0186543
-0.0488311
0.0239575
0.0207736
0.0212597
-0.0095998
0.0046024
-0.0462828
-0.0402117
0.0546711
0.0379530
-0.0445442
0.0406113
-0.0177000
-0.0179406
-0.0386331
-0.0331297
-0.0137316
0.0164100
0.0269761
-0.0233787
0.0421859
-0.0123399
0.0123444
0.0061024
0.0221939
0.0433742
-0.0371893
-0.0476447
0.0004424
-0.0103386
0.0136559
-0.0153210
-0.0057645
-0.0033933
0.0147523
-0.0350775
-0.0114047
-0.0045780
-0.0081650
0.0406801
-0.0665878
0.0268066
-0.0500408
-0.0030412
-0.0081195
-0.0034985
0.0348655
-0.0127606
-0.0337967
0.0317337
0.0054247
0.0035394
-0.0575933
-0.0511918
-0.0514492
-0.0630002
-0.0668087
-0.0321229
-0.0323712
-0.0740900
-0.0361351
0.0573625
0.0203886
0.0651194
0.0517464
0.0857728
0.1221695
0.0150531
0.0680863
0.0247636
-0.1164368
-0.1479374
-0.2114293
-0.2939030
-0.2547453
-0.0342672
0.2738316
0.5171792
0.4416384
0.1685319
-0.1659175
-0.2773716
-0.2924015
-0.1602317
-0.0448226
-0.0823847
0.0294020
-0.0324559
0.0564351
0.0090286
0.0753675
0.0593909
0.0693157
0.0672615
-0.0091037
-0.0092934
-0.0312479
-0.0544848
-0.0712804
-0.0845895
-0.0553806
-0.0351011
0.0378626
0.0361007
-0.0144555
0.0064015
-0.0254496
0.0472995
-0.0073748
0.0072600
-0.0425616
0.0143390
-0.0274729
0.0027100
-0.0279499
0.0220543
0.0076321
0.0225166
-0.0581507
0.0478432
0.0575941
-0.0328567
0.0630747
0.0572158
-0.0217457
-0.0229641
0.0363028
-0.0296137
-0.0413251
0.0344811
0.0389508
0.0228993
0.0362356
-0.0044684
0.0293012
-0.0489100
0.0452351
-0.0280721
-0.0192419
0.0100041
0.0588719
-0.0159750
-0.0329333
0.0524262
0.0163742
0.0267380
-0.0014392
-0.0424860
0.0490658
0.0302705
-0.0000229
0.0022876
0.0415420
-0.0001131
0.0168073
-0.0591457
-0.0549950
-0.0157302
0.0419786
-0.0087356
0.0002778
0.0292495
0.0084209
-0.0238645
0.0229432
0.0040121
-0.0490003
-0.0459215
-0.0084245
-0.0432955
0.0040091
-0.0526180
-0.0343660
-0.0328653
-0.0193751
-0.0097244
0.0417313
-0.0086553
-0.0535915
-0.0107198
0.0329153
-0.0441792
-0.0473616
-0.0254623
0.0169177
-0.0013797
0.0569019
-0.0005216
0.0172414
-0.0485810
-0.0174205
-0.0001294
0.0042822
0.0142492
-0.0074899
-0.0290395
0.0151757
0.0368012
-0.0381097
-0.0170058
0.0283978
-0.0396356
0.0038531
-0.0494779
-0.0267771
0.0393885
0.0100425
-0.0091717
0.0166321
0.0470136
-0.0198938
0.0127660
-0.0253951
-0.0171737
0.0579191
-0.0143283
-0.0091882
0.0121011
-0.0100306
-0.0018681
0.0208285
-0.0295529
-0.0660082
0.0388474
0.0473600
0.0484913
0.0735597
0.0750252
0.0311749
0.0787490
0.0090225
-0.0110989
0.0284690
0.0137572
-0.0273132
-0.1303274
-0.1967428
-0.2256206
-0.2349060
0.0542157
0.4109728
0.4916033
0.3260323
0.0353801
-0.2546857
-0.3368902
-0.2234092
-0.0859673
0.0023643
0.0256893
0.0039165
0.1049839
0.0542796
0.0739722
0.1026252
0.0897255
0.0713119
0.0470767
-0.0694449
-0.0693496
-0.0082143
-0.0210828
-0.0728828
-0.0403227
-0.0535763
0.0168469
0.0016998
-0.0469150
0.0695081
-0.0024259
-0.0182576
0.0272253
-0.0043834
-0.0187869
-0.0367341
-0.0559270
-0.0597967
-0.0581062
0.0152432
0.0323754
0.0318299
0.0497146
0.0091093
0.0203857
0.0328423
0.0034734
0.0145995
-0.0475472
-0.0194230
0.0441398
0.0164382
-0.0237865
-0.0061382
0.0286846
-0.0270171
0.0049833
-0.0006787
0.0473883
0.0004212
0.0397432
-0.0129988
-0.0351643
-0.0572323
-0.0175302
-0.0388112
0.0118772
-0.0498125
-0.0098256
0.0576726
0.0599287
-0.0149716
0.0232854
0.0082917
0.0032716
0.0499652
0.0206415
0.0043664
-0.0130250
-0.0424887
-0.0463364
-0.0096701
0.0443142
-0.0402511
0.0349272
0.0380161
0.0176160
-0.0541516
-0.0410318
-0.0051492
-0.0271149
0.0464409
-0.0466358
0.0221764
0.0546948
0.0303180
-0.0486658
0.0357408
-0.0404586
0.0187851
-0.0216601
-0.0014862
0.0225858
-0.0687159
-0.0425052
-0.0503263
0.0207673
-0.0497280
0.0495859
0.0641154
0.0112350
0.0723387
0.0533942
0.0436423
-0.0314705
-0.0031355
0.0408931
0.0175513
-0.0565478
-0.0521193
-0.0610790
-0.0105623
-0.0774994
-0.0549247
-0.0243975
0.0771387
0.0732262
0.1132775
0.1076627
0.1188947
0.0818251
-0.0083541
-0.0317634
-0.0566015
-0.0663593
-0.1087710
-0.2879738
-0.3341067
-0.1872944
0.2218888
0.4976595
0.6567987
0.3349912
-0.1156202
-0.3256285
-0.4295737
-0.2085407
-0.1210238
-0.0050657
0.0311151
0.0276495
0.1040403
0.0603914
0.1150749
0.0197159
0.0186218
0.0260212
-0.0301619
-0.0503404
-0.0544067
-0.0652749
-0.0594044
0.0104953
-0.0688884
0.0038459
0.0141343
0.0525871
0.0163381
-0.0281693
0.0246317
-0.0203589
-0.0377563
0.0476163
-0.0316021
0.0131711
-0.0560511
-0.0484012
-0.0259528
-0.0512666
-0.0610232
-0.0539276
0.0148862
0.0380133
-0.0276293
-0.0335080
0.0507477
0.0086626
0.0594547
-0.0351036
0.0391288
0.0118860
0.0063428
-0.0244002
-0.0016053
0.0475227
-0.0317912
-0.0327842
-0.0578060
0.0468031
-0.0534576
0.0113499
-0.0018082
0.0374252
-0.0392138
-0.0433115
0.0480607
0.0535628
0.0364981
-0.0094121
-0.0298091
0.0324110
0.0003902
-0.0115303
0.0357635
0.0237257
-0.0255045
0.0391545
-0.0327008
0.0054537
-0.0445122
-0.0086503
-0.0306020
-0.0555859
-0.0260596
0.0441240
0.0461045
-0.0002890
0.0477554
-0.0277676
0.0509442
0.0065796
0.0517789
0.0316650
-0.0265984
0.0598034
0.0520640
-0.0503414
0.0360426
0.0315772
-0.0510913
-0.0280122
-0.0340671
0.0107106
0.0081930
-0.0142680
-0.0542081
0.0578766
-0.0386579
0.0392468
0.0554196
0.0182058
-0.0383001
0.0452350
0.0189297
0.0207730
0.0299118
-0.0461344
0.0173973
-0.0681605
0.0033179
-0.0390241
-0.0022590
0.0239236
-0.0313099
0.0875713
0.0378303
0.0074637
0.1067804
0.0780259
0.0105543
0.0486473
-0.0868128
-0.0453238
-0.0995333
-0.1728882
-0.2600550
-0.1650191
0.0233200
0.3865318
0.5693401
0.4081448
0.0966262
-0.2278146
-0.2945646
-0.3225274
-0.1573594
-0.0960646
0.0112877
-0.0079626
0.0251009
0.1223559
0.1265956
0.0586043
-0.0103750
0.0059326
0.0333206
-0.0620042
-0.0183028
-0.0561674
-0.0846124
-0.0186620
-0.0646072
-0.0271058
-0.0256733
-0.0065265
0.0431099
0.0240550
