-0.0412157
-0.0568704
-0.0673530
-0.0195210
-0.0934763
-0.0457608
-0.0023343
-0.0716108
-0.0078831
-0.0072662
0.0361637
0.0679449
0.0675235
0.0753645
0.1236084
0.0820378
-0.0298238
-0.0701145
-0.1397647
-0.1184884
-0.2453509
-0.3622289
-0.2414498
0.0755781
0.3523287
0.5968905
0.4295010
0.1505198
-0.2138507
-0.3210070
-0.2572598
-0.1353646
-0.1150999
-0.0925926
-0.0624861
0.0456128
0.0696704
0.0913659
0.0703530
0.0651329
0.0710050
0.0222907
0.0175864
-0.0380689
-0.0843807
-0.0530208
-0.0198631
-0.0605035
0.0156137
0.0111187
-0.0138256
0.0119873
0.0310685
-0.0232589
0.0275194
0.0405007
-0.0209023
0.0160704
0.0410394
-0.0219575
0.0329115
-0.0278092
-0.0502035
0.0368515
0.0188409
-0.0127502
-0.0012043
0.0227681
0.0597973
-0.0065294
0.0188408
0.0191098
-0.0247875
0.0350113
0.0110237
-0.0577791
-0.0657875
-0.0899256
-0.0275274
-0.0294105
0.0182381
-0.0105546
0.0298656
0.0357653
0.1010210
0.0815656
0.1115996
0.0812158
0.0991803
0.0151090
-0.1155971
-0.1908051
-0.3175184
-0.3292583
-0.3008432
-0.0735144
0.3716472
0.6230243
0.6156390
0.1883591
-0.1366448
-0.3287240
-0.2889993
-0.2118033
-0.1584590
-0.0506304
0.0125967
0.0329726
0.0405759
0.1039366
0.0549945
0.0258851
0.0857650
0.0418490
0.0044394
-0.0633633
-0.0428103
-0.0917282
-0.0825871
-0.0187036
-0.0775631
-0.0264603
0.0215876
-0.0289438
-0.0345797
0.0436143
0.0149007
0.0690457
0.0375770
0.0045367
-0.0439488
0.0192306
-0.0153941
0.0173920
-0.0428309
-0.0646333
0.0130557
0.0242262
0.0109462
0.0212391
-0.0356092
-0.0030293
-0.0013268
0.0018593
0.0440606
-0.0000121
-0.0436568
0.0390645
-0.0629730
-0.0188198
-0.0469494
-0.0908231
-0.0370583
0.0240942
-0.0515781
0.0156564
0.0180363
0.1123296
0.1086272
0.1324624
0.0630828
0.0656027
0.0333736
-0.0323106
-0.1800825
-0.2496866
-0.2672410
-0.2829134
-0.0004789
0.3425846
0.5065888
0.5481526
0.1915375
-0.1479320
-0.3485460
-0.2634947
-0.1281683
-0.0791590
-0.0613548
-0.0359462
-0.0064420
0.1251127
0.0769572
0.0460726
0.0434118
0.0174742
0.0815348
0.0149512
0.0301957
-0.0594307
-0.0827568
-0.0277183
-0.0597149
0.0168097
-0.0295673
-0.0280162
0.0374320
-0.0370525
-0.0074056
-0.0275913
0.0363245
0.0633248
-0.0012893
-0.0241670
-0.0256648
-0.0684260
-0.0631789
-0.0388952
0.0221191
-0.0349458
-0.0080303
-0.0331290
0.0490925
0.0071081
0.0491852
0.0529099
0.0228191
-0.0313581
-0.0158708
-0.0548040
0.0383920
-0.0759145
-0.0835929
-0.0359997
-0.0542529
-0.0421914
0.0084864
0.0089021
0.0802577
0.0289357
0.1171692
0.0973773
0.1068139
0.0741104
-0.0266826
-0.0910532
-0.0831783
-0.2032409
-0.3201431
-0.3447086
-0.1954239
0.1702811
0.5724749
0.5347783
0.2634369
-0.0542626
-0.2349664
-0.2902213
-0.2571436
-0.0919772
-0.0092633
-0.0642227
0.0680480
0.1071426
0.0428617
0.0771357
0.0789017
0.0211983
-0.0072566
0.0170069
-0.0441638
-0.0111271
-0.0059328
-0.0560413
-0.0079361
-0.0035651
-0.0104264
0.0176507
0.0017890
-0.0059115
0.0686051
-0.0279133
0.0269028
0.0277377
0.0096997
0.0539448
0.0396902
-0.0204113
0.0208269
0.0014403
-0.0590526
-0.0366118
-0.0299701
-0.0457627
-0.0233589
0.0417824
0.0211489
-0.0188975
0.0217966
0.0143318
-0.0340836
-0.0490703
0.0261809
-0.0549033
-0.0021607
-0.0715270
-0.0734236
-0.0425739
-0.0089034
-0.0203344
-0.0231461
0.0886201
0.1292575
0.0743346
0.1490931
0.0435480
0.0248180
-0.0163911
-0.0988272
-0.1575266
-0.3100956
-0.3297889
-0.2696503
0.0628637
0.4305092
0.6473609
0.4096740
0.0809225
-0.3039270
-0.3526330
-0.2557691
-0.1188917
-0.0362243
-0.0884853
-0.0069595
0.0889038
0.0286706
0.0465298
0.0495724
0.0035579
0.0760310
-0.0358950
0.0416406
-0.0162924
0.0094967
-0.0947424
-0.0707348
-0.0331385
-0.0139343
-0.0456697
0.0552656
-0.0316421
0.0278764
-0.0286028
-0.0075730
-0.0070650
-0.0400391
0.0587228
0.0082107
0.0421631
-0.0014422
0.0074081
0.0150704
0.0103699
0.0299130
-0.0086723
-0.0026695
0.0088501
0.0521493
0.0558996
0.0228259
-0.0108453
-0.0078933
0.0091486
-0.0274004
-0.0490597
-0.0852733
-0.0702823
-0.0658614
-0.0136988
0.0219030
-0.0181316
0.0440088
0.0290982
0.1032983
0.1257012
0.0963532
0.0690790
-0.0002547
-0.0003166
-0.1076304
-0.1823186
-0.2251764
-0.3444892
-0.3091768
-0.0540658
0.3865987
0.6434858
0.6423471
0.1835848
-0.2266947
-0.3357986
-0.2753525
-0.2438665
-0.0486680
-0.0986386
-0.0278424
0.0507329
0.1084820
0.1310338
0.1066593
0.0227352
0.0991027
0.0842122
0.0538545
0.0038735
-0.0846613
0.0040393
-0.0436173
-0.0980193
-0.0531344
-0.0637105
-0.0097805
0.0185680
0.0675251
0.0139269
0.0351994
0.0266333
-0.0093146
-0.0437342
0.0326004
0.0436135
-0.0061118
-0.0175234
0.0140672
-0.0246942
0.0361055
-0.0099338
-0.0606529
0.0136346
0.0630720
-0.0137644
0.0270327
0.0727668
0.0335792
-0.0103459
-0.0330037
-0.0338452
-0.0812390
0.0048993
0.0021342
-0.0094047
-0.0784553
-0.0339794
0.0296459
0.0595484
-0.0013587
0.1226586
0.0658428
0.1079821
0.1050270
0.0782451
0.0163043
-0.0595064
-0.1673801
-0.2179431
-0.3422132
-0.1934447
-0.0019030
0.3280930
0.5712632
0.4087547
0.1023330
-0.2648211
-0.2810486
-0.2382056
-0.1054864
-0.0810172
0.0162947
-0.0385722
0.0723373
0.0144329
0.0811251
0.0661425
0.0101413
0.0852070
0.0299774
-0.0033497
0.0127390
-0.0381310
0.0000195
-0.0447345
-0.0274250
-0.0602199
0.0236437
-0.0554022
0.0004595
-0.0298229
0.0728134
0.0486857
0.0282542
0.0496528
0.0026726
-0.0378415
-0.0291589
0.0308906
-0.0507040
-0.0118218
0.0059497
-0.0227871
0.0411948
-0.0085829
0.0431556
0.0019683
0.0083346
0.0146117
0.0316160
0.0291775
0.0247698
0.0215821
0.0332489
-0.0710411
0.0194773
-0.0057422
-0.0514985
-0.0677102
0.0065111
-0.0082918
0.0092527
0.0108861
0.0565802
0.1355286
0.0550056
0.1118241
-0.0136976
-0.0347423
-0.0159704
-0.0802343
-0.1858643
-0.2921988
-0.2544451
0.1304499
0.4564840
0.5943919
0.3719710
0.0087400
-0.2269499
-0.3314349
-0.1502964
-0.0716965
-0.0044800
-0.0502603
0.0284975
0.0035511
0.0187530
0.0728600
0.0232718
0.0189665
0.0282190
-0.0295133
-0.0198280
-0.0447403
0.0168673
-0.0031281
-0.0698703
0.0187458
0.0039053
-0.0383106
-0.0052296
0.0044513
-0.0148587
0.0594402
-0.0331852
-0.0058073
-0.0016284
-0.0079876
0.0206508
0.0357756
-0.0552164
-0.0666387
0.0219355
-0.0635646
-0.0622591
0.0133419
0.0581839
0.0351983
0.0156479
0.0186361
-0.0296344
-0.0142853
-0.0207013
0.0367694
0.0314243
-0.0105817
-0.0297573
-0.0015873
-0.0952625
-0.0756765
0.0030563
-0.0288858
0.0280044
0.0156281
0.0706414
0.1210024
0.0714399
0.1440565
0.0740103
-0.0275976
-0.0519156
-0.1687111
-0.2784359
-0.3233269
-0.3565017
-0.1449191
0.2979440
0.5750392
0.5858066
0.2724162
-0.0781114
-0.2724542
-0.2677617
-0.1735308
-0.0455217
-0.1007135
0.0303737
0.0003202
0.0553724
0.1361107
0.1353480
0.0380880
0.0826453
0.0503048
0.0172129
-0.0357277
-0.0017656
-0.0333888
-0.0335578
-0.0519128
-0.0579002
-0.0162757
-0.0105567
0.0277579
0.0250421
0.0106589
-0.0116567
0.0476700
0.0302658
0.0051431
0.0505148
-0.0466413
-0.0385318
0.0361261
-0.0173820
0.0277492
0.0125156
0.0455131
-0.0058810
-0.0490295
-0.0058799
0.0691693
0.0289913
0.0559565
0.0288970
0.0278379
0.0348038
-0.0196777
-0.0811875
-0.0273303
-0.0823013
-0.0599182
0.0006275
-0.0351279
0.0229678
0.0648953
0.0473308
0.1086791
0.0968172
0.1391533
0.0965470
0.0465917
-0.0558976
-0.0541986
-0.1866783
-0.2339334
-0.3292247
-0.3201582
-0.0542441
0.4033979
0.6681677
0.5534255
0.1706718
-0.1996643
-0.3372586
-0.3515466
-0.2020822
-0.0662118
-0.0124836
-0.0014898
0.0866281
0.1156266
0.0961364
0.1289601
0.0648770
0.0763196
0.0612404
0.0454680
0.0192961
0.0044815
-0.0079953
-0.0773246
-0.0307079
-0.0023929
-0.0077362
-0.0084546
0.0096349
0.0192840
0.0755925
0.0505873
0.0085723
0.0476851
-0.0365766
-0.0326650
-0.0444930
-0.0558142
0.0387518
-0.0097721
-0.0437671
-0.0171138
0.0315864
-0.0399704
-0.0418159
-0.0268131
0.0562684
-0.0296308
0.0755581
0.0579067
0.0159751
-0.0257798
-0.0501952
0.0173954
0.0000428
-0.0882400
-0.0030782
-0.0142848
-0.0506192
-0.0000265
0.0067145
0.0486670
0.1239558
0.1210877
0.0429293
0.0783494
0.0080580
-0.0095515
-0.1050603
-0.1802255
-0.2761764
-0.2801835
-0.0861676
0.2674154
0.5014355
0.5135556
0.2234636
-0.2064821
-0.3627120
-0.2476754
-0.1335278
-0.0286363
-0.0218493
-0.0360785
0.0411150
0.0211964
0.0477339
0.0812969
0.0213807
0.0600928
0.0772958
0.0397511
-0.0653073
0.0094302
-0.0695436
-0.0065719
0.0072905
0.0249904
-0.0169036
0.0249329
-0.0503884
0.0431251
0.0108914
-0.0005125
0.0674774
0.0048276
-0.0060484
-0.0190608
-0.0038381
-0.0278371
-0.0590882
-0.0487506
0.0414239
0.0010657
0.0448104
0.0149533
0.0340931
-0.0045999
-0.0176816
0.0524584
-0.0244371
0.0519083
0.0318222
0.0564730
-0.0185769
0.0298452
-0.0673557
-0.0860994
-0.0114020
-0.0848309
-0.0764587
-0.0179129
0.0528493
-0.0098131
0.0676375
0.0986284
0.0936148
0.0904469
0.0689896
0.0028130
-0.0198008
-0.0800350
-0.1746201
-0.2180517
-0.2591234
0.0227908
0.3170277
0.5226893
0.4110514
0.1881394
-0.1791132
-0.2844581
-0.2101664
-0.1209520
0.0079144
-0.0250990
0.0163754
0.0018095
0.0109635
0.0194057
0.0837058
0.0350251
0.0047824
0.0526652
0.0121944
0.0190318
0.0072605
-0.0430400
0.0065057
-0.0515282
-0.0728885
0.0097275
0.0485501
-0.0280739
0.0576598
0.0693065
0.0456968
0.0427217
0.0645857
-0.0023984
0.0465553
-0.0160298
0.0248494
-0.0536573
-0.0354115
0.0364187
0.0334661
-0.0454823
0.0262912
-0.0079051
-0.0027173
-0.0358614
0.0431945
-0.0292727
-0.0072380
-0.0464099
-0.0673752
-0.0245966
0.0184645
-0.0409343
-0.0787409
-0.0381200
-0.0195037
0.0445626
0.0778689
0.0943904
0.0373228
0.0601539
0.0560339
0.0268642
0.0393343
-0.0095884
-0.1255973
-0.1831313
-0.2399294
-0.2796244
-0.2679176
0.0948009
0.4240489
0.5994792
0.4279568
0.0992459
-0.1751262
-0.2924704
-0.2687235
-0.1313207
-0.0662895
-0.0419534
-0.0170954
0.0844665
0.1113452
0.0344195
0.0328088
0.0988467
0.0361395
0.0564349
-0.0478288
0.0306638
0.0214543
-0.0486436
-0.0336486
-0.0278700
-0.0302409
-0.0536371
-0.0027275
0.0271043
-0.0295281
0.0322741
0.0301525
0.0500502
0.0668432
-0.0467308
0.0439424
-0.0260390
-0.0585701
0.0353512
0.0362569
-0.0593975
-0.0342623
-0.0280435
-0.0340248
-0.0416730
-0.0401708
0.0635951
0.0399104
0.0229352
0.0058158
0.0431898
-0.0215542
0.0313893
-0.0155962
-0.0318357
-0.0097505
0.0139242
-0.0746495
-0.0187905
0.0405919
0.0278888
0.0880195
0.1030483
0.0435107
0.1174247
0.0495565
-0.0160728
-0.0144824
-0.0488590
-0.1471814
-0.2186972
-0.3328148
-0.2097359
0.0794109
0.3548320
0.5438911
0.4168728
0.0619328
-0.2306484
-0.2905127
-0.2036315
-0.0943754
-0.1184162
-0.0614826
0.0370541
0.0248610
0.0378107
0.0846241
0.0178233
0.0343939
0.0478278
0.0288193
0.0088522
0.0299541
-0.0933272
-0.0535598
-0.0001380
-0.0128908
-0.0314373
-0.0463770
-0.0389835
0.0650869
0.0006587
0.0764608
0.0691515
-0.0104911
0.0630625
-0.0064513
-0.0015308
-0.0678217
-0.0686189
-0.0332988
-0.0587091
0.0301564
0.0124514
-0.0128974
-0.0062955
0.0284888
0.0048472
0.0729783
-0.0305039
0.0241508
0.0412941
-0.0365519
-0.0343757
-0.0419369
0.0103282
-0.0638610
0.0072317
-0.0692017
-0.0496761
-0.0231377
0.0205098
0.0970427
0.0323178
0.1387083
0.1435887
0.0809400
-0.0147429
-0.0673980
-0.1040112
-0.1926089
-0.2964088
-0.3651481
-0.2118261
0.0905974
0.4719620
0.6789775
0.5098951
0.0754054
-0.2584992
-0.3759373
-0.2700402
-0.1566065
-0.0441936
-0.0819468
0.0495042
0.0290074
0.0858901
0.0493324
0.0531094
0.0956742
0.0813215
0.0198142
-0.0306576
-0.0810885
-0.0436745
-0.0289471
0.0070814
-0.0137191
-0.0384495
0.0123338
-0.0199594
0.0318063
-0.0206564
-0.0213219
-0.0268189
0.0709108
0.0109198
0.0328698
-0.0320337
-0.0107691
-0.0138105
0.0367907
-0.0152982
0.0399834
-0.0018845
-0.0223389
-0.0592849
0.0449437
-0.0139935
-0.0308521
0.0219515
0.0315249
0.0339013
0.0013393
0.0246040
0.0178889
-0.0733959
-0.0731734
0.0138558
0.0013806
-0.0405169
0.0175080
-0.0684595
-0.0134478
-0.0144558
0.0886644
0.0900622
0.0931521
0.0873847
0.0032259
0.0192029
-0.0166733
-0.0829759
-0.1437895
-0.2326794
-0.3364564
-0.2133387
0.1078287
0.4541390
0.5569758
0.3028225
-0.0231199
-0.2745736
-0.3200840
-0.2414586
-0.1420176
-0.0200711
-0.0804989
-0.0364370
0.0772937
0.0567501
0.1194118
0.0625932
-0.0051200
-0.0139386
-0.0145626
-0.0352275
0.0213594
-0.0911941
0.0069829
-0.0646170
-0.0173832
-0.0704560
0.0192831
0.0210775
0.0524157
0.0328938
-0.0200129
0.0095655
-0.0168323
0.0285443
-0.0307122
0.0348570
0.0406892
-0.0473934
-0.0045050
0.0268708
0.0248520
-0.0197471
-0.0464017
0.0058846
0.0288928
0.0104564
0.0361792
-0.0318167
-0.0390260
0.0296728
0.0314621
0.0076229
-0.0163475
-0.0434605
-0.0416467
-0.0077190
-0.0294458
0.0051531
0.0287159
-0.0077474
0.0239326
0.0534833
0.1512890
0.0639790
0.0596685
0.0031364
-0.0740500
-0.1757051
-0.1771303
-0.3005187
-0.2785431
-0.0846151
0.3056095
0.5708427
0.5944247
0.2736263
-0.0547596
-0.3527079
-0.2899333
-0.1766632
-0.0411364
-0.0988896
0.0338466
-0.0280736
0.0495749
0.0499491
0.0485371
0.0961253
-0.0038401
0.0418947
0.0656700
0.0093619
-0.0354291
-0.0398335
-0.0076158
-0.0699178
0.0166333
-0.0441457
-0.0353823
0.0357278
-0.0294512
0.0759983
0.0705368
0.0164894
0.0488558
-0.0185849
-0.0084439
0.0457513
-0.0315642
-0.0662386
0.0175249
-0.0624567
0.0024231
-0.0059362
-0.0581666
-0.0496436
-0.0436194
0.0603832
0.0667466
-0.0091114
-0.0156566
0.0624411
0.0341135
0.0083921
0.0215955
-0.0119578
-0.0419627
-0.0800714
-0.0401458
-0.0154733
-0.0470816
0.0127537
0.0008714
0.0836876
0.0446349
0.0875185
0.1056841
-0.0030797
