0.0319706
0.0022796
-0.0344759
-0.0755809
-0.0553116
-0.0623915
-0.0409787
-0.0276139
0.0403225
-0.0446212
0.0507489
0.0280662
-0.0276617
-0.0230496
0.0605642
0.0469521
-0.0518928
-0.0466159
-0.0019170
0.0630048
-0.0044381
0.0337046
0.0333048
-0.0547182
0.0393653
-0.0720765
0.0409625
-0.0362059
-0.0215851
-0.0382740
0.0260785
-0.0374683
0.0567943
-0.0305803
-0.0216299
0.0282796
-0.0287574
0.0392014
-0.0595379
-0.0688568
0.0147557
-0.0767616
-0.0647209
-0.0284013
-0.0697782
-0.0873044
0.0422812
0.0407360
-0.0248841
0.0732904
0.0222445
0.0790670
0.0281575
0.0614319
0.0410717
0.0412242
-0.0278521
-0.0860720
-0.1849442
-0.3094254
-0.2966186
-0.1222863
0.2150610
0.4028930
0.5448500
0.3493760
-0.0188321
-0.2781178
-0.2733213
-0.2970419
-0.0763337
-0.0922586
-0.0779681
0.0490501
0.0262487
0.1475203
0.0302629
0.1283331
0.0564782
0.0628421
0.0495787
0.0367794
-0.0707417
-0.0834824
-0.0223540
0.0180709
0.0146397
-0.0438308
-0.0237968
0.0384337
0.0334573
-0.0396766
0.0603124
0.0007967
0.0608361
0.0283737
0.0576431
0.0355757
-0.0112678
0.0073445
-0.0242385
0.0436671
-0.0130210
0.0069728
0.0303246
0.0238118
-0.0637904
0.0369380
0.0570263
0.0751862
-0.0179887
0.0685629
-0.0032588
0.0247700
-0.0330862
0.0444550
-0.0367748
-0.0396116
-0.0101412
0.0025743
-0.0214874
-0.0358407
-0.0080101
0.0098087
0.0153255
0.0330831
0.0517986
-0.0527991
0.0466667
-0.0568494
-0.0129866
0.0258024
0.0377007
0.0316250
0.0517946
0.0462942
0.0555275
-0.0362945
0.0013825
-0.0354352
0.0314826
-0.0307374
0.0118727
-0.0835243
-0.0902533
0.0203016
-0.0357882
-0.0070278
-0.0229096
0.0148610
0.0900125
0.1119752
0.0080389
0.0336152
0.1190038
0.0167002
-0.0004047
-0.0853457
-0.0620991
-0.1788568
-0.2182723
-0.1888557
-0.0233184
0.2704104
0.5105327
0.4755658
0.3049713
-0.0940240
-0.2886023
-0.2471652
-0.1584910
-0.1674915
-0.0847591
-0.0770044
0.0240065
0.0084064
0.1621439
0.1434403
0.0837279
0.0309873
0.0192077
-0.0451135
-0.0690927
-0.0472131
-0.1062177
-0.0014965
0.0033553
0.0142912
-0.0478055
-0.0379346
0.0379367
-0.0433644
-0.0150258
-0.0073145
0.0509113
0.0511836
0.0300944
-0.0031238
-0.0074173
0.0250672
0.0468800
0.0341994
0.0377496
-0.0414050
-0.0021563
0.0498840
0.0388405
-0.0470732
0.0228265
0.0084220
0.0090717
0.0289878
0.0719466
0.0605793
0.0529336
-0.0782287
-0.0090923
0.0245479
-0.0415600
0.0162816
0.0564367
-0.0422771
0.0235782
-0.0021915
-0.0032319
0.0266097
0.0297808
-0.0759742
0.0156308
0.0466501
-0.0183659
0.0144463
0.0680727
0.0173920
0.0317321
0.0698209
-0.0181336
-0.0393713
-0.0473623
-0.0241334
0.0514098
-0.0779771
-0.0651746
-0.0330228
0.0103054
-0.0480660
-0.0856385
0.0448309
-0.0212158
-0.0035424
0.0440791
0.0429972
0.1030564
0.0247641
0.0479058
0.0479056
-0.0434746
-0.0799170
-0.0780522
-0.1006176
-0.1887055
-0.2811895
-0.1378257
0.1283010
0.4608277
0.5348831
0.2446133
0.0117132
-0.1717240
-0.2960834
-0.2914892
-0.1642905
-0.0527576
-0.0467047
0.0396735
0.0676203
0.1314313
0.0384441
0.1148559
0.0118959
0.0207643
-0.0125526
-0.0218859
-0.0324380
-0.0738092
-0.0175165
-0.0224203
0.0160609
0.0472433
-0.0635371
0.0345777
0.0543410
0.0260353
-0.0078641
0.0279492
0.0451714
0.0731161
0.0628441
0.0035671
-0.0535614
-0.0308962
-0.0762491
0.0384076
0.0422246
-0.0197543
-0.0514302
-0.0148175
-0.0229895
0.0440719
-0.0216864
-0.0084908
0.0750939
-0.0308220
-0.0162807
0.0214792
-0.0062335
-0.0039183
0.0405792
-0.0749569
-0.0036057
0.0207354
-0.0399899
0.0368069
0.0581839
-0.0290877
-0.0355791
0.0740844
0.0443752
0.0693519
-0.0493044
-0.0140104
0.0437790
0.0067805
-0.0782793
-0.0714895
-0.0395647
-0.0065874
0.0040967
0.0028607
0.0384024
0.0301112
0.0975333
0.1161964
0.1376975
0.0380218
-0.0022931
0.0223685
-0.0659211
-0.1667127
-0.1948969
-0.2809985
-0.2538103
-0.1694915
0.1046945
0.5042609
0.5759791
0.3707619
0.0620528
-0.2636800
-0.3519586
-0.3291525
-0.1665363
-0.0501941
0.0011863
0.0837615
0.1373625
0.0944981
0.0872520
0.1348662
0.0815979
0.0112491
-0.0018642
0.0292955
-0.0501054
-0.0336240
-0.1124003
-0.0107435
-0.0624134
-0.0443192
-0.0295836
0.0513678
-0.0027586
0.0462444
0.0237858
0.0171363
-0.0114282
-0.0215762
-0.0408050
0.0465951
0.0372396
-0.0146770
0.0030414
-0.0355523
0.0358833
-0.0055698
0.0476051
-0.0441888
0.0624895
0.0583622
0.0684498
-0.0131860
-0.0175254
0.0432657
0.0163282
0.0056104
-0.0271806
-0.0569527
-0.0061773
-0.0065335
0.0307343
0.0184898
-0.0022195
0.0299365
0.0206385
-0.0317241
0.0282220
0.0635730
0.0119008
-0.0654766
-0.0164461
-0.0274786
-0.0406804
0.0011193
-0.0116415
0.0068858
0.0823251
0.0661234
0.0708161
0.0418654
0.0893642
0.0726200
0.1001347
0.0220466
-0.1064285
-0.0811042
-0.2001599
-0.2730417
-0.3250327
-0.1989184
0.1010878
0.4372761
0.5961934
0.5123854
0.1708890
-0.2968066
-0.4369831
-0.3161135
-0.2142228
-0.0845782
-0.0816615
-0.0200841
0.0811664
0.0963196
0.1000728
0.0396303
0.1188687
0.0561062
0.0601497
-0.0123033
-0.0107565
-0.1054391
-0.0199913
-0.0965158
-0.0284171
-0.0569120
-0.0230970
-0.0369109
0.0339853
0.0890997
0.0075613
0.0917660
0.0012202
0.0344582
-0.0061292
0.0276437
0.0457009
-0.0121629
0.0068850
-0.0645787
0.0177988
-0.0436756
-0.0208638
-0.0331883
0.0678659
0.0304751
0.0338656
0.0776624
-0.0424465
0.0552525
-0.0542214
0.0523378
0.0118177
-0.0567015
0.0078309
0.0183697
-0.0044749
0.0424834
0.0333479
-0.0100020
0.0447174
0.0107501
0.0163258
-0.0230610
0.0597147
-0.0096202
0.0639257
0.0370983
0.0414675
0.0565118
-0.0210269
0.0265602
-0.0137961
0.0256982
-0.0005814
0.0433225
0.0190307
0.0278265
0.0604241
0.0093415
0.0011863
-0.0333453
0.0431743
-0.0317032
-0.0129535
-0.0696011
0.0241615
-0.0372729
-0.0776916
-0.0140654
-0.0013692
-0.0880715
0.0462079
0.0615127
0.0366312
0.0211564
0.0200354
0.1224581
0.1112706
0.0848491
0.0465949
-0.0426986
-0.0743390
-0.0946215
-0.1731777
-0.1821780
-0.2399736
-0.2000556
0.1364977
0.4425948
0.6099668
0.3572591
-0.0156087
-0.2977759
-0.3179878
-0.3044387
-0.1181035
-0.0587965
-0.0269588
-0.0273979
-0.0013105
0.0783024
0.0536771
0.0254646
0.0630310
0.0823991
0.0557481
0.0439346
0.0046120
-0.0716102
-0.0534845
-0.0077976
-0.0498628
-0.0271835
-0.0577793
-0.0030247
-0.0339531
-0.0095595
0.0387909
0.0348854
0.0101878
-0.0462673
0.0558912
0.0294969
0.0176903
-0.0420344
0.0018345
0.0372537
-0.0777150
-0.0619601
-0.0314433
0.0532462
-0.0340448
-0.0126982
-0.0071500
-0.0182606
-0.0307335
0.0415707
0.0498030
0.0022282
-0.0448161
-0.0459366
-0.0758638
0.0228854
-0.0043035
-0.0262430
0.0506049
0.0061690
-0.0233773
0.0717963
-0.0214111
-0.0015250
0.0142635
-0.0327640
-0.0603788
-0.0310071
-0.0431171
-0.0797947
-0.0104850
0.0340020
-0.0613635
-0.0269298
-0.0120813
0.0181535
-0.0089605
0.0762941
0.0721512
0.0370368
0.0677463
0.0323391
-0.0149131
0.0126040
0.0208380
-0.0546357
-0.0750606
-0.0838165
-0.0447701
-0.0459687
0.0065084
-0.0353903
-0.0010411
0.0851231
0.0310691
0.0181002
0.1388713
0.1487624
0.0522954
-0.0366093
-0.0649212
-0.1032392
-0.1442966
-0.2124647
-0.3354606
-0.2590943
0.0684573
0.4798813
0.6441648
0.5253845
0.1566973
-0.2374031
-0.4166417
-0.3661259
-0.1518487
-0.0331114
-0.0877195
-0.0472711
0.1152945
0.1184333
0.0871506
0.0550485
0.1062503
-0.0130453
0.0349693
-0.0128755
-0.0501080
-0.0700374
-0.0462230
-0.0614193
0.0169962
-0.0402635
-0.0126893
0.0259639
0.0445737
0.0049887
0.0452316
-0.0200593
-0.0009633
0.0240892
-0.0348789
0.0505651
-0.0681053
0.0489434
-0.0284113
-0.0108792
-0.0479076
-0.0580769
-0.0123110
-0.0521341
-0.0139850
0.0219588
0.0520788
0.0753137
0.0466939
-0.0501827
-0.0126513
-0.0047067
-0.0099961
-0.0613149
-0.0427526
-0.0243748
-0.0276065
0.0034263
-0.0133973
0.0666134
0.0487807
-0.0097242
0.0368701
0.0400826
-0.0001427
-0.0738421
-0.0094328
-0.0169660
0.0026440
-0.0282153
-0.0452463
0.0069714
0.0442023
-0.0111168
0.0539237
-0.0284299
-0.0424854
0.0037924
-0.0643353
0.0122031
-0.0736852
-0.0825895
-0.0546214
0.0001704
-0.0436064
0.0386504
-0.0566929
0.0733825
-0.0177081
0.0099020
0.0590819
0.0571391
0.0244812
-0.0093764
-0.0294689
-0.1017939
-0.1460741
-0.1870454
-0.2795210
-0.3123504
-0.1731951
0.1009457
0.5079256
0.5125619
0.3070192
-0.0894355
-0.2470300
-0.2484555
-0.2001216
-0.1494186
-0.0049242
0.0093116
-0.0098648
0.0790153
0.1197269
0.0204902
0.0195864
0.0273397
-0.0323464
-0.0448711
-0.0214848
-0.0677898
0.0110243
0.0192650
-0.0856285
-0.0027359
0.0345672
0.0198483
0.0065351
0.0440816
-0.0189890
0.0606345
-0.0173964
0.0047899
-0.0023846
0.0099315
-0.0065456
-0.0468995
-0.0147487
0.0450120
-0.0701133
-0.0719513
-0.0549225
-0.0393554
0.0614232
-0.0021416
0.0430061
0.0560832
0.0436834
-0.0545001
-0.0117741
0.0463264
-0.0212762
0.0163194
0.0532397
-0.0555646
0.0250134
0.0511437
-0.0069499
0.0411604
-0.0124472
0.0561821
-0.0609463
0.0269683
0.0425231
-0.0477838
0.0326394
0.0187117
-0.0193870
0.0577027
0.0520002
-0.0226715
0.0018057
-0.0058660
-0.0504343
-0.0617359
0.0320974
0.0145622
0.0430503
0.0642261
-0.0101448
0.0346765
0.0351768
0.0380834
0.0149622
-0.0560697
0.0648028
-0.0143578
-0.0121862
0.0174941
0.0299681
0.0915484
0.1110270
0.0251817
-0.0192813
-0.0711516
-0.0914049
-0.2033833
-0.2518165
-0.2084977
0.0290199
0.2535680
0.4918794
0.4896023
0.1538755
-0.0709707
-0.2255890
-0.2686908
-0.2011333
-0.1408090
-0.0209198
-0.0589989
0.0337656
0.0939089
0.1499982
0.0905533
0.1271653
-0.0281265
0.0018703
-0.0347738
-0.0884989
0.0101432
0.0022069
-0.0724835
-0.0427370
-0.0446708
-0.0616827
0.0467716
-0.0137195
-0.0121137
-0.0195040
0.0517092
0.0647166
0.0339023
0.0382844
0.0429714
0.0526887
0.0078232
0.0324526
0.0381244
-0.0011898
0.0486450
-0.0302832
0.0131273
-0.0257786
-0.0110999
-0.0504405
0.0504697
-0.0099502
-0.0142472
-0.0194001
0.0467527
0.0530053
0.0399631
-0.0172589
-0.0117114
-0.0054554
-0.0161429
-0.0299161
0.0092153
-0.0180016
0.0466649
0.0618558
-0.0142710
-0.0166779
-0.0258910
-0.0609693
-0.0049570
0.0221160
-0.0636915
0.0503806
0.0007164
-0.0007109
-0.0266815
-0.0081953
-0.0284993
0.0398171
-0.0570320
-0.0424937
-0.0614817
0.0095172
-0.0331703
0.0408367
-0.0368382
0.0718132
0.0506927
0.0042648
0.0368794
0.0205286
0.0411328
-0.0149807
-0.0505960
-0.0140294
-0.0888794
-0.0028342
-0.0186947
0.0004069
0.0402968
0.0578236
0.0394521
0.0631279
0.0305352
-0.0042617
0.1059043
0.0092248
0.0388492
0.0704888
-0.0768242
-0.0040024
-0.0458853
-0.2183298
-0.1955619
-0.1771706
-0.0482511
0.2928313
0.4317386
0.3449370
0.1641928
-0.1242663
-0.2424932
-0.2707807
-0.2122959
-0.1405315
-0.0622282
0.0321637
-0.0002676
0.0884914
0.1416917
0.0487284
0.1088293
0.0935403
0.0218153
-0.0528892
-0.0315747
-0.0435574
0.0017127
-0.0687615
0.0174985
0.0328316
-0.0150006
-0.0215841
0.0354613
0.0488429
0.0367477
0.0095524
0.0768991
0.0337887
-0.0182367
0.0545239
-0.0069483
-0.0446152
-0.0251575
0.0020383
-0.0090990
-0.0197649
0.0295672
0.0468731
-0.0450429
-0.0186358
-0.0106387
-0.0060608
0.0467075
-0.0277299
-0.0252675
-0.0026718
-0.0097058
-0.0252133
-0.0287525
0.0314960
-0.0710918
-0.0463349
0.0514041
0.0473983
-0.0075907
-0.0007813
-0.0265021
0.0901577
-0.0130552
0.0570583
0.0717054
0.0441120
0.0424294
-0.0515609
-0.0078105
0.0117365
-0.0082660
0.0028022
-0.0085355
-0.0032505
-0.0621542
0.0574388
-0.0028972
0.1028425
0.0557550
0.0363546
0.1341084
0.0134371
-0.0201481
-0.0016880
-0.0829883
-0.1544723
-0.3116078
-0.3222705
-0.2294060
-0.0228413
0.4645614
0.6600417
0.5683578
0.2695229
-0.1818943
-0.4322547
-0.4405651
-0.2174332
-0.0949119
-0.0668685
0.0418229
0.1043017
0.1713178
0.0891800
0.1272382
0.1289043
0.0712172
-0.0213439
-0.0106900
-0.0382402
-0.1062789
-0.0699135
0.0067761
-0.0771271
0.0036657
-0.0241850
-0.0317672
-0.0485700
0.0781866
-0.0064776
0.0570295
0.0488308
0.0268667
-0.0505958
-0.0578038
-0.0134720
0.0457824
-0.0194266
-0.0603417
0.0258478
0.0175587
0.0231938
-0.0283205
0.0151675
-0.0491343
0.0185924
0.0445574
0.0174579
0.0362766
-0.0539656
-0.0419897
0.0320364
-0.0439196
-0.0321268
-0.0169078
0.0211625
0.0119228
0.0089272
0.0080927
0.0465418
0.0026854
0.0509061
-0.0121948
0.0503743
0.0717881
-0.0439046
-0.0187184
-0.0062175
0.0534708
-0.0314329
-0.0116693
0.0453382
-0.0102370
-0.0222199
0.0123890
0.0343451
-0.0367584
0.0366049
0.0450527
-0.0524805
0.0182089
0.0609269
0.0759815
0.0198013
0.0624102
0.0452332
-0.0539445
-0.0325395
-0.0553649
-0.0232087
-0.0153935
-0.0639737
0.0072807
-0.0475851
0.0196787
-0.0087663
0.0945322
0.0285383
0.1303266
0.0462747
0.0679761
0.0997840
-0.0601078
0.0055116
-0.1089648
-0.1730312
-0.3051736
-0.2861050
-0.1125644
0.2009794
0.5389911
0.5391325
0.3837728
-0.0208906
-0.2658009
-0.3511812
-0.2107336
-0.0931960
-0.0621664
-0.0195867
0.0935184
0.0757620
0.1058643
0.0552463
0.0559663
0.0632851
0.0119642
0.0573777
0.0211841
0.0079033
0.0098856
-0.0585013
0.0199714
0.0126387
-0.0591640
-0.0562038
-0.0037766
0.0004015
-0.0308856
0.0401113
0.0211377
-0.0333587
0.0509531
0.0316720
-0.0118302
-0.0303913
0.0090448
-0.0104984
0.0095102
0.0380310
0.0167394
-0.0707418
0.0581239
0.0351793
-0.0245011
-0.0426443
0.0387935
0.0363135
0.0489841
0.0195988
-0.0132271
0.0273820
-0.0152600
0.0050110
-0.0030674
0.0080314
-0.0167925
-0.0126475
0.0717609
0.0231554
-0.0176359
-0.0174965
0.0090350
0.0522122
-0.0565478
0.0379438
0.0332171
-0.0693060
0.0066638
0.0461232
-0.0244792
-0.0484293
0.0417685
0.0258782
0.0117073
-0.0339203
0.0352385
0.0654111
0.0416678
0.0069751
-0.0084120
0.0080483
