0.1066666
0.0500093
0.0813627
0.0366077
0.0085433
-0.0649670
-0.0301373
-0.1063279
-0.0987745
-0.0085550
-0.0105810
-0.0474799
0.0084327
0.0557893
0.0459445
-0.0091377
0.0759025
0.0563278
-0.0214316
0.0347502
-0.0311236
-0.0621491
-0.0503541
-0.0748503
-0.0457354
0.0143557
0.0219865
0.0174426
-0.0162592
0.0113453
-0.0006938
0.0045594
0.0478120
0.0651856
0.0542880
-0.0482978
0.0159203
-0.0007618
-0.0033167
0.0076550
0.0688374
0.0446222
-0.0437886
0.0212190
0.0928762
0.0489263
0.0821822
0.0451473
0.0440444
-0.0613684
0.0133456
-0.0316909
-0.0629893
0.0146340
-0.0270806
0.0120740
-0.0695077
0.0590801
0.0036443
0.0860087
0.0874503
0.0491350
0.1092359
0.0333806
0.0258235
-0.0430235
-0.0933579
-0.1272006
-0.1397886
-0.3268741
-0.2732855
-0.0797918
0.2376118
0.6293570
0.6578047
0.3185549
-0.1022131
-0.3124575
-0.3947861
-0.2422884
-0.0533020
-0.0808131
-0.0329599
0.0321432
0.1494324
0.1133274
0.0776630
0.1341960
0.0753069
0.0290976
0.0518941
-0.0732697
-0.0694259
-0.0683435
0.0028358
0.0187601
-0.0652549
-0.0663260
0.0437448
0.0084852
0.0845681
0.0448300
0.0846124
0.0005283
-0.0324748
-0.0188445
0.0188733
-0.0732775
0.0481549
0.0174527
0.0136805
0.0408069
-0.0241818
0.0367874
-0.0477706
0.0263866
0.0697836
0.0345850
0.0438445
0.0011156
0.0204875
0.0180306
-0.0521586
0.0439743
0.0090866
-0.0469228
0.0351204
-0.0630906
0.0576618
0.0005051
0.0599217
0.0507587
0.0507941
-0.0295654
0.0488166
-0.0225202
0.0085782
0.0695336
0.0464775
-0.0034241
0.0301414
-0.0761191
-0.0412710
-0.0693986
0.0316913
-0.0494182
0.0406165
0.0233004
0.0508494
0.0304882
0.0423648
0.1043524
0.1072182
0.0377509
0.0718559
-0.0153538
-0.0758307
-0.0122255
-0.0650653
-0.2057885
-0.2815441
-0.3229293
0.0201659
0.3332460
0.6568980
0.4637027
0.0925263
-0.2026124
-0.4251758
-0.3339956
-0.0872087
-0.0719823
-0.0046226
-0.0623020
0.0885325
0.0235443
0.1008663
0.0282482
0.0384484
-0.0156087
0.0752649
0.0254808
0.0250565
-0.0641304
0.0233173
-0.0934815
-0.0971365
-0.0855059
0.0041740
-0.0536828
-0.0226740
-0.0318805
0.0069817
0.0450890
0.0315377
-0.0405169
-0.0588043
0.0484134
0.0304359
0.0063925
0.0333639
0.0078363
-0.0241501
-0.0417691
-0.0139368
0.0395577
0.0271044
0.0292310
-0.0463506
0.0126992
-0.0254229
0.0336229
-0.0477047
-0.0240579
-0.0061884
-0.0315409
0.0137281
0.0067204
0.0522307
-0.0009044
0.0342494
0.0294123
0.0770587
0.0345902
0.0430650
-0.0094640
0.0636266
0.0727179
0.0189609
-0.0008513
0.0473527
-0.0830508
0.0088248
0.0188912
-0.0230821
0.0356181
0.0394975
0.0662391
-0.0170068
0.1030132
0.0074064
0.0484516
0.1299069
0.0876185
-0.0090286
-0.0255885
-0.0901309
-0.0315368
-0.1680239
-0.2274722
-0.2627246
-0.2524947
0.1416688
0.5397675
0.6639240
0.4559562
0.0419981
-0.3097930
-0.4522227
-0.2626186
-0.0704533
-0.0789811
-0.0180992
-0.0397696
0.0056991
0.1416559
0.1581321
0.0792227
0.0857603
-0.0037519
-0.0173185
-0.0513191
-0.0984113
-0.0051736
-0.0392375
-0.0119806
-0.0093874
-0.0220221
-0.0517405
-0.0404884
0.0694296
-0.0314557
0.0908694
0.0348958
0.0490202
0.0271456
0.0334210
0.0552285
-0.0638317
-0.0647802
-0.0692857
0.0133439
0.0434621
-0.0601660
0.0512001
-0.0356826
0.0480667
-0.0182154
0.0049852
0.0028764
-0.0246248
-0.0636632
-0.0460208
-0.0667161
-0.0095703
0.0271692
-0.0776118
-0.0393443
-0.0268059
-0.0677693
0.0478331
-0.0296828
0.0174698
0.0044557
0.0559624
0.0706249
-0.0329215
0.0608253
-0.0332662
-0.0393639
-0.0504622
-0.0987568
-0.0546070
-0.0409235
-0.0251288
0.0157498
-0.0425902
0.0675061
0.0398892
0.0483863
0.1416086
0.0528012
0.1446096
0.0088085
0.0309650
-0.0239260
-0.1287914
-0.2521817
-0.3341531
-0.4087266
-0.3200778
0.0134303
0.5683292
0.8354107
0.6110881
0.1396549
-0.3460507
-0.5202995
-0.3603680
-0.1962516
-0.0939373
-0.0010249
0.0304400
0.1022350
0.1774157
0.0775085
0.1152384
0.0085468
0.0215555
0.0623125
-0.0325730
-0.0040533
-0.0961455
-0.0356774
-0.0453097
-0.0356434
-0.0306839
-0.0404220
-0.0313453
0.0509496
-0.0214113
0.0738173
-0.0300572
-0.0222491
-0.0077121
-0.0048434
-0.0129422
-0.0564195
0.0175143
0.0188386
0.0282357
-0.0838411
0.0070115
0.0387768
0.0103286
0.0265304
-0.0072076
0.0568336
0.0591580
0.0710851
0.0520107
-0.0547203
0.0037245
0.0457884
-0.0047157
0.0252257
0.0498896
-0.0198050
-0.0480014
-0.0153489
-0.0215867
0.0859335
0.0883260
0.0342083
0.0376204
-0.0112870
-0.0151289
-0.0715265
-0.0344579
0.0243911
-0.0974658
-0.0265572
-0.0476844
0.0084490
0.0024998
-0.0348809
0.0316802
0.1378554
0.1028683
0.0727845
0.1620268
0.0926943
0.0181442
0.0184271
-0.1291969
-0.1911139
-0.2414343
-0.4908882
-0.3474635
-0.0328332
0.5283571
0.8317975
0.6192228
0.1523879
-0.3372541
-0.5407062
-0.3848820
-0.2455779
-0.1556286
-0.0496067
0.0739529
0.0421061
0.1698720
0.1777353
0.0752741
0.1067140
0.0202371
0.0453926
-0.0578061
-0.0087164
-0.1075984
-0.1070440
-0.0970940
-0.0593759
-0.0023056
-0.0614907
-0.0098488
-0.0077030
0.0426281
0.0420463
0.0867761
0.0339322
0.0745904
-0.0510070
-0.0200548
-0.0371744
-0.0393250
-0.0707033
-0.0857117
0.0025865
-0.0070510
-0.0393580
0.0474315
-0.0240581
0.0432977
0.0872712
-0.0026007
-0.0503031
0.0275170
-0.0078703
0.0489806
-0.0430035
-0.0391460
-0.0735297
-0.0492554
0.0133433
-0.0127784
-0.0512682
0.0158189
0.0100008
0.0317692
0.0948949
0.0430636
0.0700200
0.0604822
0.0161081
-0.0817641
-0.0286329
-0.1008101
0.0007343
-0.0021952
0.0124754
0.0313878
0.0139596
0.0121663
0.0227616
0.0799298
0.1189805
0.0704975
0.0635013
0.0698987
0.0697028
-0.1043626
-0.0606110
-0.0999814
-0.2344207
-0.4486220
-0.4154837
-0.0743332
0.5048496
0.7714232
0.6449759
0.2397239
-0.3195659
-0.4593095
-0.4038607
-0.3062157
-0.0331243
0.0197661
-0.0132885
0.1220190
0.0935984
0.1410190
0.1635561
0.1233836
0.0210884
0.0311227
-0.0603444
-0.0251461
-0.1054636
-0.0993641
-0.0439975
0.0017107
-0.0062779
0.0274262
-0.0207872
0.0575811
0.0911002
-0.0056742
0.0984764
0.0377889
0.0228938
0.0572042
-0.0130728
-0.0649828
0.0077895
0.0189168
0.0449595
0.0475293
0.0521320
-0.0563291
-0.0070354
0.0506321
0.0154104
0.0834836
-0.0173978
-0.0487878
-0.0223309
-0.0241197
0.0242643
0.0028751
-0.0335255
0.0341363
0.0185995
-0.0033932
-0.0526289
-0.0621260
0.0201744
0.0169796
-0.0190997
0.0463270
-0.0401631
0.0064043
0.0201570
-0.0344601
-0.0565857
0.0435175
-0.0295239
0.0083011
0.0066194
-0.0386862
-0.0616316
0.0078401
0.0372704
0.0792608
0.0497920
0.1111933
0.0346458
0.1112488
0.0807367
0.0787297
0.0415989
-0.0435515
-0.1261395
-0.2085035
-0.2309728
-0.3034434
-0.2693366
0.1077274
0.4237914
0.7017810
0.4251370
0.1183861
-0.2521755
-0.3718509
-0.3225844
-0.1494956
-0.0756532
-0.0310443
-0.0399174
0.0098578
0.1512301
0.1199456
0.0329868
0.0670115
0.0073231
0.0750877
-0.0617677
0.0290674
0.0065458
-0.0879471
0.0037263
-0.0016563
0.0215906
0.0002698
-0.0009923
0.0774792
-0.0231155
-0.0346877
-0.0202552
0.0100233
-0.0158796
0.0144363
0.0020900
-0.0199728
0.0249027
0.0315859
-0.0288696
0.0194624
-0.0103147
-0.0178789
0.0524818
0.0431987
0.0115396
0.0740990
0.0723757
-0.0140108
0.0190389
-0.0271040
0.0083136
0.0596275
-0.0020096
0.0268351
-0.0072026
0.0495367
0.0285243
-0.0665139
-0.0026500
-0.0680040
-0.0000796
-0.0087865
0.0477580
-0.0054131
-0.0144645
0.0179910
0.0310911
0.0166278
-0.0545613
-0.0479839
-0.0535238
-0.0437132
-0.0561560
0.0098690
-0.0818418
-0.0302159
0.0244694
0.0300647
0.0925604
0.0236876
0.0446692
0.0864263
0.0628500
0.0515973
-0.0436495
0.0109361
-0.1004351
-0.2007969
-0.2136436
-0.2794222
-0.1811867
0.0833779
0.3912107
0.5014985
0.3664085
0.0050734
-0.3290350
-0.3570391
-0.2343958
-0.1503680
-0.0039784
0.0427677
0.0221534
0.0375638
0.0628929
0.1504796
0.0411310
0.0671777
0.0553035
0.0435064
0.0047047
-0.0815853
-0.0538906
-0.0683261
-0.0698720
-0.0403540
-0.0215112
0.0277219
0.0172886
0.0368650
0.0550270
0.0028300
-0.0085034
0.0477033
0.0068082
0.0321890
-0.0580365
0.0083753
0.0017358
-0.0010748
-0.0773773
-0.0252125
0.0475471
0.0434064
0.0591337
0.0488062
0.0725109
-0.0410912
-0.0340552
0.0719274
-0.0432753
-0.0279693
0.0425717
0.0334050
-0.0595138
-0.0259004
0.0432739
-0.0122236
0.0267232
-0.0292967
-0.0004963
0.0380097
0.0225535
0.0405362
-0.0127551
0.0365289
-0.0213032
0.0590637
-0.0061449
-0.0004602
0.0200761
-0.0931906
-0.0382271
-0.0170538
-0.0155085
0.0287427
-0.0021310
0.0283975
0.0071530
0.0603910
0.0038521
0.0869194
0.0563268
-0.0150172
-0.0692436
0.0079953
-0.0682678
-0.2005249
-0.2038092
-0.2496120
-0.2219620
0.1955628
0.5124375
0.5946923
0.3489330
-0.0129606
-0.3810119
-0.3734319
-0.1708125
-0.0935691
0.0074388
0.0012124
-0.0263675
0.1328064
0.1493518
0.1098772
0.0893042
-0.0045445
-0.0362223
0.0078584
-0.0259585
0.0006101
-0.1030932
-0.0768703
-0.0735549
-0.0537085
-0.0558627
-0.0388155
-0.0078188
0.0220577
-0.0435813
-0.0340024
0.0867420
-0.0469616
0.0307216
0.0229107
0.0311315
-0.0545203
-0.0190423
0.0038948
0.0265908
-0.0314631
-0.0397679
-0.0080313
0.0691410
-0.0047181
0.0148200
-0.0235267
0.0655759
0.0357507
-0.0375251
-0.0136085
-0.0372591
-0.0692787
-0.0624505
-0.0796888
0.0379207
0.0443703
0.0034231
-0.0248913
0.0170814
0.0559826
-0.0334235
0.0760339
0.0807450
-0.0406695
0.0356455
0.0577785
-0.0535693
0.0194027
0.0075055
-0.0700374
0.0167700
-0.0173855
0.0118144
-0.0195148
-0.0236625
0.0401453
-0.0108150
0.1095726
0.1140189
0.0435206
0.1180145
0.0164819
0.0595313
-0.0477009
-0.0840220
-0.1664591
-0.2824502
-0.3668430
-0.1882776
0.1575971
0.5783961
0.7734247
0.4932010
-0.0039593
-0.4280920
-0.3835331
-0.2420648
-0.0758388
-0.0645362
-0.0091583
0.0466653
0.0618165
0.1569806
0.1505291
0.0153368
0.0945585
-0.0380010
0.0603992
-0.0175146
-0.0672263
-0.0735238
-0.0945493
-0.0349162
0.0262342
-0.0591209
0.0115927
0.0282200
0.0815354
-0.0266774
0.0779984
-0.0303137
0.0674564
-0.0575863
-0.0132218
0.0202767
-0.0149070
-0.0006780
-0.0078349
0.0467907
-0.0650861
0.0213687
0.0201602
-0.0499336
0.0345784
-0.0164626
-0.0009097
0.0255747
0.0240728
-0.0346862
0.0556425
-0.0564740
-0.0177916
-0.0026882
-0.0398287
0.0253153
0.0481762
-0.0058559
-0.0314273
0.0105098
-0.0257286
0.0086253
0.0335400
-0.0232489
0.0089686
-0.0160259
0.0468430
-0.0320048
0.0177257
-0.0949590
-0.0371989
-0.0224074
-0.0974704
-0.0061779
-0.0485232
-0.0236817
0.0320449
0.1388649
0.0476994
0.1221010
0.1045020
0.0864377
-0.0166024
-0.0042628
-0.1838724
-0.2027401
-0.3739482
-0.4606467
-0.2572467
0.2235174
0.7323336
0.8489211
0.4350534
-0.0743932
-0.4403484
-0.4730686
-0.3559673
-0.1794495
-0.0370272
0.0263875
0.0075565
0.1120018
0.1105819
0.1677224
0.1499323
0.0427108
-0.0251421
0.0724037
-0.0151282
-0.0239418
-0.0751759
-0.0002330
-0.0345082
-0.0464940
-0.0762452
-0.0360265
0.0273657
0.0517940
-0.0056610
0.0751621
0.0103543
-0.0341213
0.0590821
0.0410154
0.0234354
0.0125349
-0.0623775
-0.0457376
-0.0456790
0.0447724
0.0207913
0.0406069
0.0558345
-0.0462099
0.0796900
0.0811140
0.0271226
0.0605007
0.0300220
0.0296951
0.0266310
0.0244227
-0.0839071
-0.0551270
0.0090539
0.0341533
-0.0231246
-0.0038873
-0.0375567
0.0657271
0.0655370
-0.0123098
0.0738720
-0.0269089
0.0527054
0.0292608
0.0161180
-0.1068255
-0.0914688
-0.0822814
-0.0192698
0.0115889
0.0173033
0.0325936
0.0298824
0.1047525
0.0307427
0.1380280
0.1505784
0.0866085
-0.0338811
-0.0200872
-0.1343587
-0.2178702
-0.4215604
-0.4258274
-0.2147196
0.1039212
0.5815019
0.8034885
0.5383837
0.0275971
-0.3969201
-0.5461735
-0.3673792
-0.1692917
-0.0525026
0.0414709
0.0107387
0.0751326
0.0943306
0.1080286
0.1441370
0.0460492
0.0900225
0.0530584
-0.0353599
0.0068096
0.0011066
-0.0062924
-0.1007295
-0.0112367
-0.0635630
-0.0428579
0.0511860
0.0240639
-0.0336164
-0.0157323
-0.0075895
-0.0369303
0.0622371
0.0384793
-0.0153935
-0.0591414
0.0179314
-0.0335800
-0.0244735
0.0181712
-0.0155629
-0.0709196
0.0708389
0.0321774
0.0397913
0.0709094
-0.0213456
0.0300278
-0.0486336
0.0305844
-0.0500522
0.0213498
0.0315377
-0.0377438
-0.0021050
0.0195456
0.0219250
-0.0512756
0.0466781
-0.0014126
-0.0335162
0.0246219
0.0772672
0.0270724
0.0310396
0.0118372
-0.0463564
0.0118662
-0.0177059
-0.0554246
-0.0071760
-0.0027405
-0.0236076
-0.0013712
-0.0145396
0.0913984
0.0880153
0.1310582
0.1417664
0.0820228
0.1407794
0.0357478
0.0289632
-0.0694876
-0.1594493
-0.2242683
-0.3157810
-0.3916378
-0.0802816
0.3767867
0.6838634
0.7042473
0.2850428
-0.2198747
-0.4652500
-0.4060025
-0.2394293
-0.0500407
-0.0063097
-0.0375423
0.1045915
0.1150253
0.0690837
0.0782099
0.0300262
0.0654151
0.0374293
0.0348410
0.0226894
-0.0164617
-0.0353636
-0.0706651
-0.0471947
-0.0330309
-0.0833361
-0.0135302
-0.0313178
0.0639009
0.0248298
-0.0116104
0.0116111
0.0773496
-0.0465071
-0.0333168
-0.0650947
0.0479888
-0.0295476
-0.0214534
0.0379311
-0.0652536
0.0484367
0.0108874
0.0742367
0.0526073
-0.0470294
0.0785805
-0.0201434
0.0002152
0.0714272
-0.0705434
-0.0692792
-0.0156889
-0.0754011
0.0148301
-0.0395939
-0.0281129
0.0000302
-0.0064728
-0.0438958
0.0494403
-0.0276592
-0.0046244
0.0050016
0.0002568
-0.0002591
-0.0006074
-0.0520818
-0.0202155
-0.0026806
0.0081138
-0.0021525
-0.0335535
-0.0054354
-0.0486386
0.0234197
-0.0366097
0.0903109
0.0757027
0.0727436
0.1249280
0.0642751
0.0837262
-0.0230879
-0.0787683
-0.1196762
-0.1880219
-0.2250556
-0.3571386
-0.2748654
0.0936024
0.4615404
0.6375951
0.4764148
0.1067316
-0.2338191
-0.4204434
-0.3620834
-0.1672338
-0.0924990
-0.0543362
-0.0009394
0.0520260
