0.0163322
-0.0452536
-0.0073030
0.0069286
-0.0346702
-0.0512105
0.0302014
0.0125852
-0.0059022
-0.0513845
0.0562855
-0.0182148
-0.0146585
-0.0462492
0.0484250
0.0241105
0.0236952
0.0212877
-0.0341856
-0.0195879
0.0078090
0.0340673
-0.0438415
0.0160025
0.0163513
-0.0095816
-0.0384323
0.0268842
-0.0137852
-0.0223386
-0.0023538
0.0091591
-0.0573034
0.0439959
-0.0303757
0.0490658
-0.0577811
-0.0064112
-0.0111442
-0.0236065
-0.0504229
-0.0359214
-0.0026016
-0.0321588
-0.0116445
0.0121482
-0.0255657
-0.0248530
0.0315485
-0.0299124
-0.0121105
-0.0237887
-0.0912779
-0.0468515
-0.0530547
-0.0208045
-0.0480627
-0.0349761
0.0201030
0.0393543
0.0297568
0.0103514
0.0753694
0.1050930
-0.0274970
-0.0118240
-0.0205939
-0.0782124
-0.1100318
-0.0373534
-0.0547478
-0.0878842
-0.1327401
-0.0911246
-0.0367173
0.0590208
0.2331022
0.4780031
0.4947560
0.3657128
-0.1135013
-0.4878169
-0.7112110
-0.4767599
-0.1511206
0.0974188
0.1953503
0.2500423
0.1624811
0.2418762
0.1740565
0.0648721
0.0146744
-0.0804830
-0.1253942
-0.0497065
-0.1698019
-0.1235679
-0.0747186
-0.0406408
-0.0208987
0.0755815
0.0029411
0.0253122
0.0155793
0.0278724
0.0598096
0.0420448
-0.0381562
-0.0177984
-0.0709783
-0.0000413
-0.0478605
-0.0243004
-0.0249927
-0.0056280
0.0345791
-0.0133433
0.0229038
0.0602000
0.0179406
0.0565335
-0.0115013
-0.0277034
0.0531866
0.0142595
-0.0323443
-0.0611336
-0.0134818
0.0159642
-0.0521045
-0.0191774
-0.0514133
0.0012606
0.0321017
-0.0232429
-0.0176985
-0.0456349
-0.0063471
-0.0325672
-0.0345277
0.0109482
0.0033334
-0.0145260
0.0462061
-0.0542851
0.0055373
-0.0082726
-0.0574909
0.0164461
-0.0384759
-0.0262934
-0.0411472
0.0065766
0.0524713
0.0121835
0.0480362
0.0130122
-0.0121559
-0.0175917
0.0508766
0.0567337
-0.0456012
0.0589920
-0.0388105
0.0208065
0.0541817
0.0265842
0.0298941
-0.0176264
0.0051285
-0.0348289
-0.0316502
0.0364725
-0.0284515
0.0209091
-0.0517278
0.0098310
0.0442803
0.0169208
-0.0363710
-0.0501238
-0.0134034
0.0265184
0.0570517
-0.0568157
-0.0098167
-0.0535367
0.0507942
0.0175227
-0.0587711
-0.0059757
0.0161899
0.0473980
0.0350037
0.0442859
0.0162564
0.0501188
-0.0231208
-0.0276038
0.0559587
-0.0310099
-0.0112959
-0.0485589
-0.0588674
0.0007697
-0.0616992
-0.0617190
0.0474026
0.0065208
-0.0304008
-0.0142097
-0.0428132
-0.0375666
-0.0176343
-0.0494759
-0.0203542
-0.0388420
-0.0379203
-0.0193287
0.0556425
-0.0394994
0.0148112
-0.0058763
-0.0529061
-0.0157423
0.0176046
-0.0264844
-0.0385804
-0.0351841
0.0411647
0.0015726
-0.0269531
-0.0091229
0.0489606
0.0013268
-0.0473803
0.0574438
0.0336565
-0.0155996
-0.0263401
0.0315448
0.0287253
0.0450463
0.0457626
-0.0369348
0.0110114
0.0170857
0.0057452
0.0468000
-0.0124831
0.0093199
-0.0280382
0.0403064
0.0023498
-0.0315622
0.0676936
0.0784435
0.0528534
0.0325852
-0.0138035
-0.0420857
-0.0199814
-0.0825442
0.0137206
0.0184358
0.0089851
-0.0519213
-0.0351262
0.0232437
-0.0271838
-0.0005634
0.0023882
0.1084160
0.0099854
0.0310737
-0.0164651
0.0378443
-0.0732553
-0.0650601
-0.0144599
-0.1009728
-0.1296861
-0.1053665
-0.1094702
-0.1567541
-0.0889200
0.0268591
0.1561290
0.3859014
0.5364267
0.3902157
0.0267982
-0.3843805
-0.6056211
-0.4982356
-0.1986360
0.0952265
0.1567582
0.2658499
0.2533284
0.2403435
0.2112253
0.0969366
-0.0238809
0.0063894
-0.1373326
-0.1232888
-0.1665662
-0.1716416
-0.0634060
0.0022287
0.0022005
0.0392039
0.0761932
0.0983679
0.1060809
0.0466317
0.0080633
0.0617304
0.0094879
0.0560717
0.0350042
0.0281677
-0.0829253
-0.0937953
0.0049313
0.0180061
-0.0197956
0.0272394
-0.0017614
0.0688690
0.0080163
-0.0369589
0.0124788
0.0367429
0.0291545
-0.0534468
0.0369603
-0.0188395
0.0147598
0.0430250
-0.0096678
0.0429616
0.0074141
0.0424741
-0.0460356
-0.0048435
0.0335191
-0.0059336
0.0483641
0.0585074
-0.0315722
-0.0596766
0.0107671
-0.0177966
0.0207199
0.0101555
0.0273257
-0.0259990
0.0455283
0.0066086
0.0096021
-0.0292625
0.0055236
-0.0338602
-0.0090904
0.0233625
-0.0114644
0.0586536
0.0533529
-0.0260339
0.0195812
0.0032616
0.0219732
0.0415378
0.0493875
0.0080129
0.0169160
0.0457342
0.0402875
0.0386560
-0.0385457
0.0063490
0.0221122
0.0214884
0.0416359
0.0333686
-0.0403331
-0.0317786
-0.0472014
-0.0576646
0.0293746
-0.0592116
0.0537938
-0.0280969
0.0450537
-0.0199975
0.0032014
0.0438798
0.0089255
-0.0217789
0.0278001
-0.0210680
0.0131407
-0.0200257
-0.0259118
0.0546217
-0.0018128
0.0445742
-0.0278222
0.0137389
0.0351511
0.0051470
0.0340921
0.0247994
0.0000003
0.0033305
0.0331192
-0.0058149
0.0585352
0.0605294
-0.0541972
0.0146586
-0.0483469
0.0403340
-0.0128156
0.0196492
-0.0046583
0.0172899
0.0487926
0.0058314
-0.0014983
0.0211529
0.0268084
0.0392763
0.0130976
0.0482289
0.0368422
0.0485958
-0.0114489
0.0504928
-0.0366612
0.0544575
-0.0376379
0.0453950
0.0522165
-0.0221257
0.0000500
-0.0290953
-0.0301377
-0.0340285
0.0171599
-0.0449856
-0.0419833
0.0363627
-0.0161216
0.0480199
-0.0137358
-0.0163247
0.0164034
-0.0095731
0.0369527
0.0535331
-0.0092278
0.0210918
-0.0354287
0.0420834
0.0349998
0.0384148
-0.0201534
-0.0364933
0.0586659
-0.0602214
-0.0177523
-0.0040598
-0.0109045
-0.0421500
-0.0608480
-0.0710606
-0.0379296
-0.0524004
0.0589207
0.0009124
0.0311495
0.0388185
0.0599015
0.0482150
0.0222669
-0.0621589
-0.0933186
-0.0633118
-0.1143088
-0.0777230
-0.1083780
-0.1266881
-0.1618907
-0.0665140
0.0230549
0.0697684
0.3054664
0.4447385
0.5105304
0.2025164
-0.3045190
-0.5859508
-0.5802180
-0.3872179
-0.0868106
0.1078228
0.2393938
0.2447657
0.1584822
0.2315210
0.1774552
0.0633971
0.0385681
-0.0697559
-0.1077083
-0.1066247
-0.1512828
-0.0846051
-0.0288989
-0.0637069
0.0300410
0.0614851
0.0444635
0.0283236
0.0449911
0.0989536
0.0887566
0.0418250
0.0115653
0.0266706
-0.0379452
-0.0793430
-0.0350589
-0.0501264
-0.0851984
-0.0196742
0.0313326
0.0062739
0.0142165
0.0319506
0.0354378
0.0144471
0.0274604
-0.0473722
-0.0482129
0.0295691
-0.0119631
0.0484604
-0.0610525
-0.0350456
-0.0637555
-0.0369186
0.0089418
-0.0231830
-0.0540170
0.0529388
0.0472203
-0.0511636
0.0038048
-0.0083014
-0.0529386
-0.0591569
0.0078703
-0.0133490
-0.0092616
-0.0199517
0.0438273
-0.0313409
-0.0123812
0.0443789
0.0378116
0.0368561
-0.0587554
-0.0197128
0.0168338
0.0173449
0.0144841
0.0441735
-0.0151745
-0.0027480
0.0456657
-0.0536388
0.0586622
-0.0442991
0.0473817
0.0114632
0.0506441
-0.0489163
0.0077001
-0.0273938
0.0394358
-0.0308967
0.0217304
-0.0401773
0.0091421
0.0445090
-0.0273577
0.0302849
-0.0439520
0.0276593
-0.0440596
0.0549420
0.0303920
-0.0265826
-0.0431964
-0.0573602
0.0154494
-0.0297606
-0.0535136
0.0136113
0.0283082
0.0025361
0.0362194
-0.0466331
0.0398375
-0.0272511
-0.0600521
-0.0230101
-0.0278781
0.0367651
0.0055861
-0.0276525
0.0262185
-0.0428986
0.0091523
0.0017618
-0.0573808
-0.0157902
0.0558419
0.0447952
-0.0187419
-0.0274640
0.0234619
-0.0393279
-0.0433003
0.0353282
0.0172396
0.0453223
0.0473023
-0.0014374
-0.0204439
-0.0032518
-0.0024115
-0.0560785
0.0420039
0.0070246
-0.0509905
0.0238721
-0.0078840
0.0149882
-0.0349768
0.0346699
0.0579963
-0.0599666
-0.0259245
0.0161252
-0.0304415
-0.0528344
-0.0014603
0.0663214
0.0516796
0.0137520
0.0117380
-0.0382550
0.0134375
0.0469936
0.0100003
-0.0635963
-0.0391565
-0.0470826
-0.0484172
0.0469127
-0.0439762
-0.0331135
0.0664211
0.0642493
-0.0306501
-0.0343311
0.0702644
-0.0026200
-0.0141380
0.0322500
0.0285891
-0.0866895
-0.0913607
-0.0256343
-0.0291823
0.0399918
0.0262447
-0.0106844
0.0123928
0.1239220
0.0953023
0.0557012
0.0254600
-0.0346372
0.0246460
-0.0578676
-0.0377658
-0.0927358
-0.0924491
-0.1433255
-0.0455170
-0.0666797
-0.0851680
0.0520086
0.1481123
0.4069130
0.5320631
0.4229388
0.1745602
-0.2617809
-0.6645393
-0.5949495
-0.3122041
-0.0550240
0.1697843
0.2363719
0.1697429
0.2606500
0.2430390
0.1358709
0.0080717
0.0330077
-0.0300161
-0.0691182
-0.1743973
-0.0704261
-0.1006185
-0.1009564
0.0004144
-0.0231576
0.0310206
0.0336003
0.0615013
0.0870338
0.0277094
0.0973145
-0.0307080
0.0425713
-0.0185445
0.0096324
-0.0118865
-0.0204699
-0.0477854
-0.0467759
0.0450381
-0.0101114
-0.0047851
-0.0408625
-0.0218146
-0.0163440
-0.0058771
0.0330846
0.0221325
0.0524977
0.0575640
0.0267875
0.0201052
0.0122460
-0.0021018
0.0426858
-0.0314725
-0.0288449
0.0276840
0.0209635
-0.0466502
-0.0062855
-0.0169096
-0.0347203
-0.0041593
0.0501065
0.0051230
0.0328409
-0.0212736
0.0155116
-0.0536161
-0.0419710
0.0150050
-0.0234160
0.0110814
-0.0158832
-0.0334099
-0.0489804
0.0267915
-0.0077843
0.0120606
0.0187500
0.0299386
-0.0549198
-0.0594376
0.0096523
-0.0292414
-0.0304740
0.0148065
0.0218963
0.0358647
0.0245534
-0.0460643
0.0052107
-0.0442050
-0.0467172
0.0522928
0.0165145
0.0523580
-0.0492744
0.0515045
-0.0480651
-0.0264206
0.0102451
0.0171593
-0.0374432
-0.0092621
-0.0526026
-0.0471803
-0.0586514
-0.0236378
-0.0346053
0.0373869
-0.0159340
0.0021809
0.0366711
0.0280495
-0.0406832
-0.0015804
-0.0111733
0.0034243
0.0276738
-0.0397698
-0.0174241
0.0055328
0.0471415
-0.0218555
0.0156531
-0.0535718
-0.0151852
-0.0487749
-0.0286753
0.0288512
0.0233932
-0.0452505
-0.0130584
0.0121812
-0.0588718
0.0542857
-0.0188852
-0.0493878
-0.0089926
-0.0112581
-0.0092420
0.0529573
-0.0605224
0.0104739
-0.0468867
0.0013696
0.0229535
-0.0352513
0.0166078
-0.0151836
0.0293684
0.0256595
-0.0526676
0.0498788
-0.0390984
0.0587897
-0.0477590
-0.0428912
0.0215740
-0.0332721
-0.0240311
0.0037195
0.0392863
-0.0104312
0.0648932
0.0258047
0.0279067
-0.0022440
0.0037368
-0.0506286
0.0134756
0.0211204
0.0337907
-0.0466312
-0.0437478
0.0077271
0.0493450
0.0776360
0.0441044
-0.0282950
-0.0429286
0.0561082
0.0045659
-0.0382408
-0.0242413
0.0213898
-0.0339580
-0.0259707
-0.0184996
0.0290117
-0.0070137
-0.0123178
0.0348373
0.0778084
0.0263636
0.0208258
0.0519680
0.0468242
-0.0667550
0.0015962
-0.0584556
-0.1212785
-0.1169935
-0.0415720
-0.0928881
-0.0889942
-0.0604618
0.0089511
0.1145538
0.2193122
0.4214438
0.4970853
0.2170914
-0.1935518
-0.5238039
-0.6711306
-0.4695041
-0.0972182
0.0735299
0.2528036
0.2063412
0.2260572
0.2574033
0.1434350
0.0490695
0.0285191
-0.1085860
-0.0623172
-0.0853675
-0.1357872
-0.1168020
-0.0507481
-0.0670221
-0.0110242
0.0667306
0.0244757
0.1108861
0.0519446
0.0770651
0.0755600
0.0320628
-0.0341162
-0.0178381
0.0143056
-0.0826128
-0.0071884
0.0082535
0.0220559
-0.0310889
-0.0132396
-0.0197240
-0.0084054
0.0241544
-0.0129842
0.0401417
-0.0417539
-0.0005582
0.0100147
-0.0395048
0.0264459
0.0243432
0.0470799
0.0062763
-0.0495196
0.0259889
0.0277099
0.0382530
0.0565020
0.0447742
0.0465771
0.0217237
-0.0259218
-0.0519722
-0.0385289
-0.0540973
0.0311220
0.0049305
-0.0608413
0.0299084
0.0510894
0.0520850
0.0319317
-0.0287644
0.0513350
-0.0066502
0.0285792
-0.0414285
0.0334585
-0.0120417
-0.0499721
-0.0131520
-0.0289856
-0.0600521
-0.0298090
-0.0411060
0.0345335
0.0356078
0.0026573
-0.0257719
0.0353740
0.0180514
-0.0034286
0.0254037
-0.0420385
0.0589446
0.0528067
0.0283470
-0.0557488
0.0603103
-0.0542574
0.0487799
-0.0381840
-0.0495608
-0.0427188
0.0368218
0.0374104
0.0060864
-0.0371003
-0.0496854
-0.0519926
0.0250714
0.0292651
0.0237686
-0.0481942
-0.0347219
-0.0426828
0.0249870
-0.0587265
0.0080528
-0.0194357
-0.0407696
0.0142506
0.0577565
-0.0568121
-0.0217660
0.0374979
-0.0472592
-0.0607101
-0.0593382
-0.0036764
-0.0254491
-0.0207206
0.0499373
-0.0599976
0.0000045
0.0163232
0.0141011
-0.0578531
-0.0027930
0.0555961
-0.0494692
0.0393552
-0.0251411
-0.0165603
0.0479440
0.0509634
0.0440137
-0.0493178
-0.0200650
-0.0476954
-0.0101499
-0.0449977
0.0176070
-0.0045852
-0.0037512
0.0476537
-0.0241974
0.0264094
-0.0308698
0.0372184
-0.0360219
0.0542114
-0.0158070
-0.0184139
0.0294281
0.0556465
-0.0464559
-0.0245263
0.0008158
-0.0083108
0.0037307
-0.0590186
0.0500462
-0.0631143
0.0056330
0.0376932
0.0259470
-0.0354409
0.0580825
0.0754080
0.0755706
-0.0056679
-0.0290981
0.0047361
-0.0369498
-0.0954330
-0.0726727
-0.0171412
-0.0231292
-0.0507301
0.0449033
0.0820419
0.0848289
0.0044712
0.1033432
0.1208452
0.0476228
-0.0290754
-0.0711449
-0.0289313
-0.0844539
-0.0552610
-0.0159380
-0.0819929
-0.0662061
-0.0937127
-0.1213326
-0.0544350
0.0186976
0.2634082
0.4544817
0.5586591
0.3223666
-0.1400125
-0.4880375
-0.6895468
-0.4506456
-0.1633022
0.1390485
0.2393985
0.2433779
0.1959256
0.2616266
0.1395353
0.1478971
0.0481465
-0.0808977
-0.1264959
-0.1163518
-0.0800079
-0.1499359
-0.1363667
0.0054222
-0.0326678
-0.0358789
0.0570749
0.1057993
0.0299918
0.0874884
0.0433436
-0.0143543
-0.0220018
-0.0095120
-0.0526240
-0.0432461
-0.0277999
-0.0242080
-0.0358360
0.0355161
-0.0150237
0.0079872
-0.0477327
0.0246279
-0.0095959
-0.0090575
0.0414436
-0.0433507
0.0451510
-0.0089840
0.0189872
0.0285756
0.0282671
-0.0202713
-0.0441539
-0.0543770
-0.0489058
0.0330365
0.0474812
-0.0204890
0.0252992
-0.0464946
-0.0079169
0.0378619
-0.0211375
0.0380939
0.0484089
-0.0139005
-0.0383526
-0.0425310
0.0010619
0.0066401
-0.0569155
0.0201282
-0.0367866
0.0048341
-0.0286083
0.0048980
0.0162071
0.0432135
0.0188174
-0.0049781
0.0014583
0.0015512
0.0398003
-0.0590635
0.0406989
0.0518215
0.0367342
0.0434764
-0.0162444
-0.0518291
-0.0060146
-0.0141629
-0.0150654
-0.0275486
-0.0566963
-0.0506356
0.0262495
-0.0203342
-0.0226916
-0.0208674
0.0373961
-0.0175975
0.0573242
0.0375209
-0.0310963
0.0493491
0.0096484
-0.0057966
0.0243797
0.0034712
0.0331352
0.0159730
-0.0157735
-0.0502889
-0.0487649
-0.0610073
