0.0067737
0.0027446
0.0144650
0.0082045
0.0280368
0.0307307
0.0242865
-0.0074764
-0.0218488
-0.0291004
-0.0529416
-0.0569533
-0.0240979
0.0182767
0.0484720
0.0376856
0.0315264
0.0248495
-0.0001377
-0.0056091
-0.0060430
-0.0389437
-0.0235129
-0.0198176
-0.0234812
0.0025772
-0.0090412
0.0067906
0.0018372
-0.0020164
0.0098446
0.0263522
-0.0032037
0.0098006
-0.0097602
-0.0158394
0.0072666
-0.0201440
-0.0012068
-0.0118364
-0.0221641
0.0115551
0.0012729
0.0184499
0.0195853
0.0010345
0.0247251
0.0066736
0.0215115
-0.0014814
0.0200706
0.0187201
0.0028042
0.0070224
0.0075179
-0.0036565
-0.0150646
0.0064089
-0.0058751
-0.0159071
0.0032861
-0.0072831
-0.0145570
-0.0091909
-0.0048812
0.0216311
-0.0040031
0.0077804
-0.0199876
0.0054405
-0.0261807
-0.0260921
-0.0147764
0.0000943
-0.0138174
-0.0058581
0.0243834
0.0274459
0.0125290
0.0190334
0.0199082
0.0157703
0.0278535
-0.0086618
-0.0223406
-0.0446359
-0.0512824
-0.0319934
-0.0304943
0.0321452
0.0488908
0.0431994
0.0097736
0.0038057
-0.0022696
0.0088079
0.0179067
-0.0183778
-0.0305605
-0.0482222
-0.0217978
-0.0171311
-0.0136585
-0.0103616
0.0128331
-0.0011681
-0.0014439
-0.0026051
0.0019795
-0.0060620
-0.0078765
-0.0031893
0.0111551
0.0013903
-0.0169185
-0.0031082
-0.0141565
0.0111038
0.0124289
0.0173368
0.0123721
-0.0118271
0.0210247
-0.0084480
0.0077958
0.0177451
0.0116986
0.0092359
-0.0016206
-0.0093768
-0.0052745
0.0042651
0.0066999
-0.0151140
-0.0123210
0.0193893
0.0011696
-0.0088735
0.0141230
-0.0011523
0.0103288
-0.0141935
0.0075259
0.0030269
0.0014768
0.0024998
-0.0017319
-0.0150943
0.0081770
0.0144987
0.0017487
0.0026202
0.0152467
0.0407833
0.0174320
0.0219484
-0.0056093
0.0129783
-0.0266220
-0.0278843
-0.0478831
-0.0238959
-0.0258812
0.0362725
0.0268658
0.0513006
0.0180938
0.0447836
0.0290616
0.0127260
-0.0171261
-0.0399941
-0.0322142
-0.0045709
-0.0039286
-0.0305651
0.0129605
0.0198063
0.0098859
0.0175093
0.0233079
0.0084158
-0.0071536
0.0129524
-0.0183849
-0.0016711
-0.0061394
-0.0161968
-0.0099869
-0.0101919
-0.0028665
-0.0118520
0.0125326
-0.0003350
0.0140365
0.0026422
0.0146032
-0.0134229
0.0005028
-0.0053584
0.0107634
0.0041330
-0.0220474
0.0033781
0.0053931
-0.0004833
-0.0217867
-0.0084394
-0.0086901
0.0223428
0.0214489
-0.0093752
-0.0121773
0.0061594
0.0171119
-0.0167193
-0.0019268
-0.0224488
-0.0015249
-0.0090255
0.0033850
-0.0124206
-0.0271944
-0.0199792
-0.0049085
0.0018403
0.0279420
0.0208297
0.0439136
0.0377345
0.0353884
-0.0018762
-0.0014571
-0.0172658
-0.0479464
-0.0288950
-0.0190376
-0.0222422
0.0113432
0.0229616
0.0376055
0.0538094
0.0376755
0.0063516
-0.0161093
-0.0358112
-0.0351711
-0.0112222
-0.0294019
-0.0044631
-0.0109730
-0.0063360
-0.0155221
0.0049013
0.0155284
0.0143920
0.0212813
-0.0101009
0.0222331
0.0210283
-0.0145663
-0.0093952
-0.0202276
-0.0169536
-0.0213113
0.0075329
-0.0071976
-0.0007819
0.0177844
-0.0101769
-0.0129559
0.0232942
0.0171511
0.0139297
-0.0106978
0.0080460
0.0105911
0.0067405
0.0002274
0.0101257
-0.0019929
-0.0222477
-0.0097702
-0.0134293
-0.0106328
0.0222489
0.0100326
-0.0005710
0.0029118
0.0168013
-0.0055711
0.0135740
0.0046465
0.0053340
0.0007140
-0.0211072
-0.0035006
0.0084426
-0.0110359
0.0052739
0.0221051
0.0057880
0.0274068
0.0135395
0.0156675
0.0020498
0.0210591
0.0062631
-0.0401248
-0.0212736
-0.0520370
-0.0298186
-0.0252391
0.0029687
-0.0004609
0.0376217
0.0513289
0.0208092
0.0347509
0.0097071
-0.0183454
-0.0139407
-0.0085263
-0.0084373
-0.0159126
-0.0073848
0.0034849
0.0046668
0.0226706
0.0161192
0.0048771
0.0089557
-0.0007391
0.0142070
-0.0107687
0.0086302
0.0062088
-0.0229456
0.0019433
-0.0090707
-0.0190696
-0.0179486
-0.0181821
-0.0103517
-0.0014515
0.0160634
-0.0163493
-0.0121296
-0.0028100
0.0053541
0.0014778
0.0097072
-0.0038857
0.0075120
0.0077301
-0.0092030
0.0132887
0.0031250
0.0157556
-0.0064767
0.0115392
-0.0019190
0.0221615
0.0062335
0.0090096
0.0098636
0.0140806
-0.0159600
-0.0251697
-0.0212196
-0.0207617
-0.0065091
0.0098270
0.0095464
0.0069613
0.0007869
-0.0014764
0.0248011
0.0236663
0.0003833
0.0043549
-0.0048469
-0.0219609
-0.0238836
-0.0293706
-0.0345906
-0.0131325
0.0136431
-0.0014878
0.0162689
0.0485006
0.0511204
0.0377174
-0.0049594
0.0101926
-0.0082073
-0.0196877
-0.0116202
-0.0116903
-0.0273605
0.0111278
0.0015583
0.0084409
-0.0089755
0.0094803
0.0109641
0.0077673
-0.0026836
-0.0066153
0.0062837
-0.0031563
-0.0202054
-0.0190652
-0.0024813
0.0074480
0.0014722
0.0127191
-0.0129814
0.0173157
0.0042667
0.0036689
0.0007951
0.0120238
0.0184729
-0.0090148
0.0128496
-0.0014922
-0.0044074
-0.0239828
-0.0088178
0.0147976
-0.0055875
0.0108999
0.0110822
0.0145908
-0.0004447
0.0021009
0.0142386
0.0028214
-0.0012471
0.0093531
0.0026833
-0.0213583
-0.0048217
-0.0000850
-0.0127254
-0.0040786
-0.0061596
-0.0039350
-0.0029513
0.0305058
0.0340815
0.0052730
0.0087060
0.0101189
-0.0105549
-0.0123267
-0.0232677
-0.0515766
-0.0290708
-0.0169258
0.0127223
0.0410785
0.0572657
0.0347171
0.0446518
0.0068417
0.0009875
-0.0213141
-0.0035970
-0.0352028
-0.0320363
-0.0356466
0.0014374
-0.0242331
0.0016452
0.0137368
0.0209919
0.0178208
0.0194954
-0.0001425
0.0027226
0.0079352
-0.0066033
0.0111169
0.0054707
-0.0137486
0.0038944
-0.0041173
-0.0239929
0.0036881
-0.0020283
0.0062639
0.0157979
-0.0120664
0.0196130
0.0233885
-0.0136341
0.0078710
-0.0151239
-0.0024743
0.0000922
-0.0068309
-0.0188086
-0.0175942
-0.0222182
-0.0141397
-0.0158232
0.0013329
0.0179293
-0.0102538
-0.0117163
0.0046906
0.0013673
-0.0008578
-0.0036620
-0.0030267
0.0019018
-0.0128691
0.0032594
-0.0239553
0.0079341
-0.0222753
-0.0192662
-0.0050604
0.0233157
0.0219578
0.0198285
0.0210861
0.0054888
0.0176731
-0.0033323
-0.0233459
-0.0220063
-0.0246693
-0.0351942
-0.0200828
-0.0060386
-0.0071777
0.0175502
0.0357579
0.0518764
0.0135208
-0.0015316
-0.0070166
-0.0112355
-0.0074516
-0.0073828
0.0035805
0.0034295
-0.0072177
0.0154613
0.0213117
0.0070651
0.0113742
0.0062496
-0.0100265
-0.0072291
0.0091819
-0.0037453
-0.0055937
-0.0041927
0.0123904
0.0135061
-0.0099853
-0.0014482
-0.0050864
-0.0072331
-0.0156221
-0.0020894
0.0184158
0.0218161
0.0003104
0.0156124
0.0128899
0.0110320
-0.0090428
-0.0050983
0.0034042
-0.0005348
0.0044051
0.0118036
-0.0115168
-0.0059207
0.0068045
0.0049488
-0.0024321
-0.0025110
0.0161216
-0.0103361
-0.0220570
-0.0108262
-0.0260661
-0.0116192
0.0077167
-0.0242055
0.0058033
-0.0062987
-0.0044882
-0.0029728
0.0190646
0.0065073
0.0126997
0.0149153
0.0004141
-0.0077007
-0.0400843
-0.0327344
-0.0359051
-0.0423843
-0.0214263
0.0087783
0.0248507
0.0163593
0.0250636
0.0145160
0.0135398
-0.0159421
-0.0171833
-0.0189917
-0.0202243
-0.0280382
-0.0315136
-0.0067374
-0.0046462
-0.0128121
0.0267820
0.0081609
0.0311899
0.0259583
0.0128708
-0.0037296
0.0050456
0.0091586
-0.0228614
-0.0173132
-0.0249763
-0.0241356
0.0141146
-0.0071094
-0.0079451
0.0084218
0.0162953
0.0015100
0.0078204
-0.0004788
0.0136180
-0.0070425
-0.0019014
-0.0086090
0.0169339
-0.0125532
-0.0163051
-0.0198669
0.0020816
0.0180566
-0.0067495
0.0161765
-0.0059945
-0.0092540
0.0195144
-0.0001047
0.0006315
-0.0040235
0.0163386
-0.0083905
-0.0008383
0.0077422
-0.0175559
-0.0255980
-0.0018651
0.0073876
0.0166365
0.0237335
0.0248180
0.0151326
0.0243826
0.0147352
-0.0059017
-0.0037762
-0.0196500
-0.0459899
-0.0381463
-0.0375202
-0.0055282
-0.0102104
0.0035707
0.0350895
0.0446752
0.0296880
0.0248274
-0.0042740
-0.0176551
-0.0394364
-0.0279622
-0.0199295
-0.0116301
-0.0250359
-0.0130087
-0.0184172
-0.0076191
-0.0030003
0.0222559
0.0204877
-0.0017975
-0.0080425
0.0031185
-0.0039102
0.0118031
-0.0191702
-0.0205694
-0.0004171
-0.0147193
-0.0123989
-0.0006274
-0.0157101
0.0115898
0.0050358
-0.0098240
0.0192138
-0.0038300
0.0139687
0.0039925
0.0052166
-0.0092578
0.0048696
0.0186874
0.0198029
-0.0005709
0.0122292
0.0029590
-0.0209387
-0.0041014
-0.0256436
0.0054888
-0.0296070
0.0056066
-0.0080502
-0.0043851
0.0086533
0.0017675
0.0271548
0.0337909
0.0190148
0.0099574
0.0250658
0.0247816
-0.0048154
0.0060161
-0.0199613
-0.0512337
-0.0651730
-0.0585936
-0.0061608
0.0376990
0.0645781
0.0594540
0.0516170
0.0000302
-0.0236433
-0.0225235
-0.0260297
-0.0255986
-0.0211770
-0.0341348
-0.0301949
-0.0079249
0.0200393
0.0175544
0.0133950
0.0205345
0.0179535
0.0007021
0.0060386
0.0043066
0.0166187
-0.0228608
-0.0259276
-0.0214869
-0.0111497
-0.0102305
0.0014875
-0.0027708
-0.0001947
-0.0151218
-0.0091039
-0.0149970
0.0173764
-0.0022470
0.0194524
0.0201631
0.0184783
0.0133665
0.0049114
0.0108457
0.0043301
0.0139756
-0.0141251
0.0110863
-0.0216998
-0.0202886
0.0002780
-0.0207313
-0.0092271
-0.0022082
0.0102336
0.0113922
-0.0042585
-0.0041972
0.0088253
-0.0000054
0.0050868
-0.0079561
-0.0073191
-0.0222461
-0.0083872
-0.0002196
0.0024542
-0.0220770
-0.0116303
-0.0170328
-0.0059490
-0.0002361
0.0107086
0.0328121
0.0376605
0.0137356
0.0050278
-0.0086157
-0.0055219
-0.0261766
-0.0488401
-0.0361148
-0.0248165
0.0152934
0.0100887
0.0038304
0.0177994
0.0402444
0.0491941
0.0249697
-0.0178880
-0.0421642
-0.0087377
-0.0262432
-0.0124323
-0.0006176
-0.0219884
0.0078547
0.0075846
0.0123973
0.0236015
0.0158512
0.0011753
-0.0024568
-0.0024531
0.0111933
-0.0115761
0.0117467
-0.0229091
0.0030045
0.0012262
0.0102132
-0.0080730
-0.0068908
-0.0107883
0.0009262
-0.0085938
0.0196987
0.0188762
0.0036838
0.0183309
-0.0117633
-0.0177919
0.0148143
-0.0051063
0.0106770
0.0149135
0.0084981
-0.0023690
-0.0063381
0.0124774
0.0170663
0.0146721
0.0076376
0.0177111
-0.0059888
0.0094879
-0.0168152
-0.0105306
-0.0062294
-0.0027287
0.0063081
-0.0011121
0.0126701
0.0317405
0.0099687
0.0319411
0.0105419
0.0208670
0.0024440
-0.0102697
-0.0345216
-0.0590013
-0.0443836
-0.0557314
-0.0360740
-0.0010909
0.0207185
0.0527167
0.0584384
0.0462179
0.0447127
0.0053443
-0.0265342
-0.0519243
-0.0149806
-0.0060988
-0.0204553
-0.0111590
-0.0159856
0.0211116
0.0005782
0.0056537
0.0300084
0.0052150
0.0127296
0.0231179
-0.0122576
-0.0039228
-0.0171319
-0.0224583
-0.0252134
-0.0244800
0.0058195
0.0025475
-0.0154641
-0.0022360
0.0172741
0.0180394
-0.0017412
0.0114485
0.0222696
-0.0142950
0.0082875
0.0010842
0.0071576
0.0005435
0.0005185
0.0023410
-0.0062937
0.0157468
0.0101718
-0.0068045
-0.0067977
0.0088489
0.0222205
0.0134924
0.0021698
0.0180914
-0.0000719
0.0206589
0.0006969
-0.0117720
-0.0036982
-0.0241258
-0.0020997
-0.0292847
-0.0079057
-0.0119871
0.0234609
0.0057077
0.0195129
0.0043516
0.0149698
0.0119991
0.0236306
0.0162747
-0.0085470
-0.0416035
-0.0504047
-0.0485159
-0.0023229
0.0132825
0.0219639
0.0226552
0.0144165
0.0224594
0.0338320
0.0228114
-0.0118728
-0.0195691
-0.0092293
-0.0214719
-0.0050207
-0.0059463
-0.0144300
-0.0162896
-0.0061539
-0.0067973
0.0266206
-0.0083750
0.0130183
-0.0089612
0.0211957
0.0091386
-0.0041391
-0.0176450
0.0019093
-0.0171606
-0.0126362
-0.0057989
-0.0167265
-0.0118571
-0.0172630
0.0134558
0.0039967
-0.0061375
-0.0056144
-0.0084627
-0.0117532
0.0115268
0.0135029
-0.0160583
-0.0007764
-0.0159898
0.0097430
0.0155402
-0.0049741
0.0000014
0.0250877
-0.0084230
0.0178809
0.0080100
-0.0118967
0.0115616
-0.0067858
-0.0063995
-0.0038684
0.0007647
0.0108135
-0.0126329
-0.0050923
0.0023975
0.0182824
0.0221641
0.0250765
0.0135102
0.0139993
0.0171459
-0.0083991
-0.0271991
-0.0345263
-0.0331460
-0.0067742
0.0134178
0.0316601
0.0449598
0.0389955
0.0394386
0.0047978
-0.0111157
-0.0309141
-0.0380655
-0.0116998
-0.0138231
0.0015719
-0.0055589
0.0150801
-0.0064424
0.0003123
0.0075693
0.0277310
0.0231386
0.0170050
-0.0034085
-0.0002869
0.0082087
-0.0156660
-0.0207209
-0.0169855
-0.0180317
-0.0039255
0.0058019
-0.0133836
-0.0108105
0.0149598
0.0204800
0.0027133
-0.0062033
-0.0037505
-0.0005758
-0.0010418
-0.0029779
0.0054304
0.0109513
-0.0102845
0.0140672
0.0060475
-0.0118441
0.0055426
0.0238861
0.0032857
-0.0100474
-0.0022766
0.0181781
0.0042756
0.0117859
0.0083930
0.0068528
-0.0125174
-0.0028342
0.0046688
0.0108098
-0.0115255
0.0075235
0.0301021
0.0300814
0.0408651
0.0192521
0.0166728
0.0001125
0.0027322
-0.0458592
-0.0606409
-0.0443053
-0.0202755
-0.0169805
0.0057625
0.0233325
0.0456185
0.0312641
0.0443549
0.0238927
0.0020699
-0.0362536
-0.0219995
-0.0040085
-0.0291777
-0.0067246
-0.0291279
-0.0047553
-0.0073529
0.0096105
-0.0037138
0.0127604
0.0226393
-0.0059504
-0.0027010
0.0046199
-0.0011806
-0.0234601
-0.0232130
-0.0231137
0.0054548
0.0053679
-0.0141256
-0.0052266
-0.0026724
0.0175779
-0.0033030
-0.0023140
0.0110189
-0.0057580
0.0057023
0.0146936
0.0124033
-0.0146465
-0.0179076
-0.0125779
0.0004156
-0.0035102
0.0144600
-0.0175887
0.0076513
0.0210975
0.0047042
0.0089938
-0.0095115
-0.0074073
0.0113983
-0.0069126
-0.0145373
0.0009010
-0.0224875
-0.0241222
-0.0266717
-0.0054932
-0.0057739
0.0103609
0.0307372
0.0119043
0.0322368
0.0232759
-0.0031044
0.0134732
-0.0046033
-0.0380122
-0.0215471
-0.0247633
-0.0239382
-0.0261148
0.0215014
0.0325534
0.0318468
0.0540479
0.0544565
0.0037130
-0.0147068
-0.0285279
-0.0249449
-0.0322019
-0.0179791
-0.0201799
0.0076075
0.0139648
0.0116601
0.0015497
-0.0079350
0.0220061
0.0090427
0.0139131
0.0117748
-0.0086972
-0.0102002
-0.0121244
-0.0190251
-0.0041605
-0.0086868
-0.0043860
-0.0145027
-0.0156897
0.0070729
0.0014742
-0.0117725
0.0091646
-0.0025960
-0.0030151
0.0031905
-0.0076862
0.0153945
0.0019199
0.0012374
0.0047707
-0.0026425
0.0003686
0.0113270
0.0203903
-0.0064293
0.0197089
