0.0053082
-0.0178723
0.0089982
-0.0140908
-0.0073876
-0.0134846
-0.0070149
-0.0231170
-0.0010126
0.0047098
0.0087476
-0.0054803
0.0201762
0.0238354
0.0068451
0.0103839
0.0046392
0.0008845
0.0070546
-0.0005851
-0.0233964
0.0159422
0.0017919
0.0144777
-0.0142042
-0.0157288
-0.0134840
0.0061631
-0.0051449
0.0182347
0.0024841
0.0138243
-0.0082905
0.0020939
0.0090033
-0.0244211
0.0063009
-0.0136627
-0.0046995
-0.0071614
-0.0037115
0.0286598
0.0067906
0.0029622
0.0226649
0.0205482
-0.0071098
0.0043270
-0.0448700
-0.0394367
-0.0462489
-0.0408761
-0.0142368
-0.0178800
0.0246363
0.0715109
0.0733256
0.0703723
0.0229290
-0.0230758
-0.0271193
-0.0655922
-0.0253513
-0.0381936
-0.0141790
0.0034522
-0.0000743
0.0284863
0.0320610
-0.0039395
0.0057450
0.0290067
-0.0055850
0.0005631
-0.0133770
-0.0048954
-0.0190576
-0.0006294
-0.0241563
-0.0134523
-0.0177843
-0.0122185
0.0032254
0.0152572
0.0177749
0.0002315
-0.0175580
-0.0051702
-0.0115964
-0.0170060
0.0177099
-0.0027728
-0.0015107
0.0059852
0.0203026
-0.0089613
0.0077297
-0.0077132
-0.0026863
0.0007096
0.0088167
-0.0030259
-0.0226824
-0.0123653
-0.0180294
-0.0089406
-0.0187413
-0.0105952
0.0200973
0.0095761
0.0091889
0.0164258
0.0073693
0.0161698
0.0251125
0.0238435
-0.0041177
-0.0378389
-0.0442911
-0.0443345
-0.0298547
-0.0411549
-0.0237730
0.0356079
0.0643242
0.0589152
0.0668096
0.0298472
-0.0315300
-0.0520652
-0.0505657
-0.0532429
-0.0130622
-0.0021781
0.0022406
0.0180158
0.0253979
0.0344495
0.0026254
0.0248528
-0.0043416
0.0010725
-0.0092344
0.0001506
0.0036229
-0.0018210
0.0113293
-0.0069172
0.0068632
-0.0137608
-0.0090705
-0.0020456
-0.0187698
-0.0103511
-0.0153240
-0.0003717
0.0147222
0.0141863
0.0114222
-0.0043821
0.0132499
0.0044809
0.0213734
-0.0051647
-0.0018679
0.0037530
0.0119372
-0.0129170
-0.0107012
-0.0035031
-0.0194278
-0.0051296
-0.0026872
0.0120582
0.0067764
-0.0167197
0.0145310
0.0022920
0.0335773
-0.0014089
0.0114472
0.0014166
0.0253317
0.0026031
-0.0016951
-0.0154046
-0.0264038
-0.0594836
-0.0487489
-0.0163408
-0.0119646
0.0552617
0.0689707
0.0657863
0.0636851
0.0204237
-0.0314318
-0.0380225
-0.0309464
-0.0416710
-0.0237832
-0.0228567
-0.0007164
0.0182936
0.0091803
0.0053079
0.0039149
-0.0016214
-0.0021128
0.0104219
-0.0121599
0.0164066
0.0042193
-0.0257131
-0.0012174
-0.0027067
-0.0202726
-0.0100741
-0.0084498
-0.0003416
0.0205407
-0.0143444
-0.0132935
0.0181455
0.0150904
-0.0144285
-0.0045580
0.0019741
0.0212011
-0.0012597
0.0096591
0.0092538
-0.0039759
0.0073469
0.0093757
-0.0188522
-0.0231923
0.0025826
-0.0068490
0.0088929
-0.0060307
-0.0106719
0.0051978
0.0164218
-0.0164191
0.0134180
0.0186379
0.0338643
0.0117465
0.0354790
0.0023867
0.0194604
-0.0018363
-0.0169395
-0.0485410
-0.0625772
-0.0282595
-0.0479809
-0.0101214
0.0155104
0.0658096
0.0916030
0.0643326
0.0126437
-0.0253946
-0.0576493
-0.0534479
-0.0278834
-0.0261727
-0.0156113
-0.0090702
0.0237539
0.0091545
0.0281588
0.0150934
0.0048782
-0.0073557
0.0235273
0.0003711
-0.0019133
0.0017775
-0.0247230
-0.0085002
-0.0229510
-0.0036503
0.0084526
0.0073830
0.0032320
-0.0017521
-0.0071981
-0.0058106
0.0101167
0.0151758
0.0080137
0.0152299
0.0032170
0.0123744
0.0074001
0.0163550
-0.0120758
0.0237927
0.0066544
0.0063195
-0.0102065
0.0127741
0.0124641
-0.0205186
-0.0201392
-0.0191356
0.0045789
0.0109914
0.0012788
0.0030557
-0.0025078
0.0007135
0.0380107
0.0262031
0.0362040
0.0032694
-0.0087013
-0.0241272
-0.0189197
-0.0269293
-0.0341191
-0.0627972
-0.0179500
0.0065040
0.0211130
0.0782339
0.0859412
0.0673366
0.0066748
-0.0275613
-0.0599913
-0.0441291
-0.0590547
-0.0154540
-0.0239663
0.0133862
-0.0016175
0.0071180
0.0208169
0.0294472
0.0118586
0.0208812
0.0120446
0.0173131
-0.0125238
0.0076191
0.0049057
-0.0230870
-0.0001654
0.0165074
-0.0099246
-0.0064438
0.0149993
0.0109499
-0.0129736
-0.0026810
-0.0157211
-0.0048842
0.0180542
-0.0051040
0.0064448
-0.0062751
0.0189851
-0.0125474
-0.0132262
0.0191009
0.0014799
-0.0045667
0.0128219
0.0007373
-0.0021708
-0.0067854
-0.0261210
-0.0139162
-0.0248345
0.0095764
-0.0137551
0.0026557
0.0037444
0.0053545
0.0211698
0.0063605
0.0238735
-0.0054926
0.0122479
-0.0289413
-0.0397035
-0.0172930
-0.0498064
-0.0244244
-0.0141637
-0.0108602
0.0237099
0.0444033
0.0581124
0.0444244
0.0377025
-0.0287727
-0.0454598
-0.0592125
-0.0374347
-0.0276676
-0.0165481
-0.0085827
0.0099519
0.0062117
0.0133984
0.0163301
0.0053988
-0.0014156
0.0144607
0.0127883
0.0059543
-0.0103087
-0.0064318
0.0069706
0.0128066
0.0036213
-0.0190339
-0.0137411
0.0112587
0.0063201
-0.0101079
0.0024575
0.0090512
-0.0105633
0.0042917
-0.0033356
0.0132982
0.0191306
0.0062784
-0.0129375
0.0110947
0.0192806
0.0110650
0.0020859
0.0186260
0.0132048
-0.0046689
-0.0002812
0.0071992
-0.0142495
-0.0049738
-0.0111359
0.0066841
0.0115775
-0.0072731
0.0011853
-0.0018657
0.0216733
0.0098032
0.0089775
0.0115339
0.0047944
-0.0146410
-0.0101627
-0.0462912
-0.0467807
-0.0367481
-0.0219088
-0.0143993
0.0456400
0.0634592
0.0979268
0.0507289
0.0260191
-0.0127552
-0.0506283
-0.0600892
-0.0372165
-0.0463543
-0.0232312
-0.0046682
-0.0000997
0.0103332
0.0168049
0.0152749
0.0159836
-0.0065373
0.0199246
-0.0039174
0.0054702
-0.0043454
-0.0177710
-0.0165848
0.0091421
-0.0005783
-0.0109659
-0.0049627
-0.0088659
0.0162371
-0.0094897
-0.0098754
-0.0179865
-0.0070465
0.0174933
-0.0126785
0.0163966
-0.0033740
-0.0138156
-0.0123324
0.0147250
0.0206410
-0.0120733
0.0200775
0.0034014
0.0117300
0.0018410
0.0100032
0.0029873
-0.0214372
-0.0034415
-0.0188076
-0.0046741
0.0013337
0.0245353
0.0282213
0.0110397
0.0165922
0.0280914
0.0151841
0.0019789
0.0031323
-0.0013242
-0.0195876
-0.0361968
-0.0590218
-0.0326993
0.0067751
0.0240203
0.0618940
0.0603124
0.0396018
0.0342819
-0.0195879
-0.0542527
-0.0385254
-0.0463898
-0.0245651
-0.0333150
-0.0227393
-0.0130953
0.0163361
0.0353777
-0.0009990
0.0014095
-0.0044635
-0.0068715
0.0077116
-0.0172634
-0.0071421
-0.0160100
0.0073979
0.0023674
-0.0039404
-0.0128666
0.0156961
0.0025346
0.0189423
-0.0125769
0.0181914
-0.0076445
-0.0130298
0.0090864
-0.0110765
-0.0074696
-0.0179951
0.0106891
0.0120632
0.0177710
0.0212002
0.0141997
0.0170453
-0.0015526
0.0020966
-0.0127868
0.0086612
0.0032438
-0.0242444
-0.0244733
-0.0075654
0.0047940
0.0097294
-0.0058006
0.0294748
0.0091242
0.0303996
0.0255205
0.0103082
0.0068239
-0.0130550
-0.0241134
-0.0234924
-0.0497926
-0.0647699
-0.0467079
-0.0377757
-0.0051196
0.0553410
0.0714925
0.0613874
0.0481938
0.0159290
-0.0477683
-0.0584142
-0.0603469
-0.0349333
-0.0229313
0.0011797
-0.0028878
0.0083522
0.0017383
0.0009649
0.0039448
0.0292565
-0.0003608
0.0033221
-0.0130779
0.0116809
-0.0101813
0.0003223
-0.0069240
0.0069166
0.0074055
0.0105415
0.0092522
0.0110922
0.0034346
0.0054586
0.0113566
-0.0162909
-0.0179218
-0.0082838
0.0019468
0.0137819
0.0206840
0.0208253
0.0140168
-0.0153075
0.0049966
-0.0091174
-0.0132937
0.0157214
0.0108310
-0.0081531
-0.0268856
-0.0088201
-0.0010327
-0.0272249
-0.0033766
0.0254784
0.0209229
-0.0037041
0.0179874
0.0052900
0.0361312
0.0143701
0.0151241
-0.0085772
-0.0018539
-0.0397762
-0.0441391
-0.0413125
-0.0141044
-0.0071029
0.0156039
0.0521963
0.0859511
0.0619641
0.0206335
-0.0161379
-0.0348330
-0.0524206
-0.0529902
-0.0397603
-0.0171660
0.0047965
0.0217314
0.0171895
0.0341362
0.0356098
0.0141539
-0.0090234
0.0171127
0.0187215
-0.0054173
-0.0047936
-0.0039049
-0.0165634
0.0116747
-0.0197150
-0.0087863
0.0203387
-0.0007975
0.0090848
0.0145180
0.0097319
0.0126796
0.0146495
0.0048911
-0.0235865
-0.0017560
-0.0156408
-0.0168391
-0.0120905
0.0247918
0.0480212
0.0382269
0.0120246
-0.0007471
-0.0147647
-0.0305074
-0.0185156
-0.0037026
0.0027008
-0.0004695
-0.0167440
0.0050857
-0.0086230
-0.0002822
0.0057557
0.0140851
0.0322290
0.0023403
0.0199577
0.0014074
0.0004871
-0.0029903
-0.0288272
-0.0432575
-0.0351504
-0.0230385
-0.0101264
-0.0095680
0.0546772
0.0783247
0.0843817
0.0569710
0.0149216
-0.0111554
-0.0260429
-0.0506694
-0.0258401
-0.0186942
-0.0179132
-0.0096119
-0.0128200
-0.0049987
0.0158779
0.0141888
0.0075477
0.0012548
0.0176035
-0.0093973
0.0030844
-0.0173024
0.0069888
0.0035674
-0.0212173
-0.0300687
-0.0104671
-0.0207458
-0.0106898
0.0243453
0.0487962
0.0575546
0.0213527
-0.0211954
-0.0146802
-0.0035434
-0.0022712
0.0174292
0.0160348
-0.0111488
-0.0018255
0.0205846
0.0239182
0.0179797
-0.0083017
-0.0083700
-0.0008155
-0.0112674
-0.0240972
0.0046596
-0.0311879
0.0089369
-0.0133417
-0.0056837
0.0298816
0.0005053
0.0401666
0.0051137
0.0047399
0.0296825
-0.0085392
-0.0021450
-0.0393335
-0.0217343
-0.0325500
-0.0348493
-0.0292403
-0.0046010
0.0116736
0.0542744
0.0559646
0.0626508
0.0085424
-0.0284969
-0.0358912
-0.0335694
-0.0255253
-0.0253329
-0.0199398
0.0074510
-0.0114406
0.0184793
-0.0082159
-0.0203473
-0.0072078
0.0071612
0.0429840
0.0401402
0.0591791
-0.0004213
-0.0312485
-0.0325724
-0.0095936
-0.0057696
-0.0220929
0.0109917
-0.0167823
0.0098501
-0.0013915
0.0253762
-0.0057843
0.0191007
-0.0136645
-0.0073281
-0.0057934
0.0058369
-0.0014480
0.0143437
0.0080229
0.0012016
-0.0149263
0.0075457
0.0055904
-0.0157756
0.0187050
0.0016018
-0.0198658
0.0134256
-0.0066791
-0.0206718
0.0106587
-0.0038251
0.0061056
0.0060838
0.0164651
0.0313684
0.0244216
0.0169353
0.0020618
0.0017635
-0.0065876
-0.0171687
-0.0384392
-0.0567416
-0.0271597
-0.0239100
0.0078448
0.0156005
0.0703490
0.0774377
0.0214708
-0.0284443
-0.0379450
-0.0239885
-0.0011632
0.0279426
0.0130064
-0.0002421
-0.0383554
-0.0121592
-0.0210906
-0.0063859
0.0246850
0.0138256
0.0096914
0.0093132
0.0073915
0.0020424
-0.0062945
-0.0131519
-0.0026038
-0.0061322
-0.0054383
-0.0060401
0.0010770
0.0004646
0.0098075
-0.0103878
0.0180412
-0.0193895
-0.0201232
0.0035993
-0.0061814
0.0125752
0.0043927
-0.0043504
-0.0138928
0.0211675
-0.0142063
0.0119722
-0.0053576
-0.0151649
-0.0087777
0.0115339
-0.0213022
-0.0243998
0.0039442
-0.0119581
0.0164584
0.0044751
0.0091344
0.0191198
0.0280093
0.0407765
0.0381248
0.0276150
0.0055052
-0.0119094
-0.0299163
-0.0582339
-0.0528261
-0.0431558
-0.0192330
0.0177111
0.0204147
0.0281273
0.0638299
0.0486706
0.0530462
0.0084659
-0.0537983
-0.0597418
-0.0534875
-0.0142683
-0.0131040
-0.0027898
0.0191088
-0.0005632
0.0288896
0.0334019
0.0251625
0.0128994
0.0109235
0.0181424
-0.0170755
0.0032695
0.0028650
-0.0248529
-0.0150307
0.0008007
-0.0073355
-0.0081934
0.0086014
-0.0000059
-0.0041303
0.0033175
-0.0127113
0.0113110
-0.0022618
-0.0240476
0.0121938
-0.0197514
0.0002162
-0.0064531
-0.0067097
0.0215391
0.0029434
0.0055935
0.0233602
0.0047215
0.0077037
-0.0001963
-0.0129146
0.0052275
-0.0246411
-0.0242939
-0.0276816
-0.0050378
0.0269132
0.0312375
0.0612329
0.0497749
0.0043856
0.0038345
-0.0210623
-0.0236192
-0.0134369
-0.0421537
-0.0549840
-0.0552941
-0.0393289
-0.0313116
-0.0098737
0.0419886
0.0535148
0.0844233
0.0664139
0.0180559
-0.0044901
-0.0611101
-0.0625292
-0.0601687
-0.0219344
-0.0113410
-0.0163333
0.0010187
0.0013189
0.0414915
0.0261793
0.0383002
0.0176285
0.0033551
0.0024517
0.0079856
0.0026298
-0.0227557
-0.0148734
-0.0189081
-0.0045447
-0.0265850
-0.0120699
0.0006451
0.0143492
-0.0069664
0.0107088
-0.0022977
0.0318028
-0.0021008
0.0088885
0.0103097
-0.0104065
0.0060260
-0.0056662
-0.0268549
-0.0202513
-0.0127110
0.0000290
0.0430143
0.0506031
-0.0031367
-0.0245248
-0.0145877
-0.0182150
-0.0098857
-0.0074604
0.0100747
0.0171299
0.0292296
0.0117196
0.0280542
-0.0120804
-0.0309456
-0.0163467
-0.0298242
-0.0449879
-0.0314522
0.0234850
0.0583020
0.0812051
0.0429613
0.0320091
-0.0081052
-0.0052423
-0.0241594
-0.0327941
-0.0343356
-0.0031992
-0.0034846
0.0112082
0.0056921
0.0246390
0.0204449
0.0107377
-0.0115420
-0.0138278
0.0103200
-0.0004425
-0.0065170
-0.0139571
0.0144872
-0.0159298
-0.0036825
-0.0023035
-0.0107656
-0.0032627
0.0093456
-0.0008965
-0.0146591
-0.0012093
-0.0208414
-0.0370993
-0.0423802
-0.0287103
-0.0089485
0.0413942
0.0451555
0.0207579
-0.0127575
-0.0431503
-0.0427340
-0.0203420
0.0124349
-0.0006477
0.0137794
0.0151597
0.0220819
0.0018724
0.0081799
-0.0180092
-0.0407735
-0.0385288
-0.0252953
-0.0022131
0.0135110
0.0277908
0.0219344
0.0313764
0.0037114
0.0066590
0.0013976
0.0121358
-0.0251405
-0.0107584
-0.0241912
-0.0031437
-0.0179597
0.0222739
0.0086484
0.0246312
0.0074461
0.0272501
0.0152874
0.0141311
-0.0142169
0.0089414
-0.0097166
-0.0198036
-0.0170917
0.0081882
0.0106962
0.0153617
0.0111516
0.0270530
-0.0054686
0.0177002
-0.0109192
0.0146032
0.0036820
-0.0217089
-0.0353145
-0.0010273
0.0199831
0.0454628
0.0367469
0.0056527
-0.0113726
-0.0259083
-0.0185860
0.0026300
0.0186659
-0.0000062
0.0118496
0.0259183
0.0396461
0.0296512
0.0111339
-0.0298183
-0.0215426
-0.0512214
-0.0182056
0.0011110
0.0367705
0.0275957
0.0097447
-0.0083834
-0.0254244
0.0076024
-0.0148362
0.0102475
-0.0118143
-0.0295610
-0.0010189
-0.0236754
-0.0047193
-0.0151723
0.0180427
0.0088233
0.0205020
-0.0102524
-0.0091912
-0.0184742
-0.0066732
-0.0000627
-0.0055246
-0.0058767
-0.0008220
0.0192181
0.0213181
0.0015113
0.0117514
-0.0010685
-0.0085017
-0.0114406
0.0128160
-0.0001679
-0.0034425
-0.0488389
-0.0287981
0.0061674
0.0445863
0.0567870
0.0255814
-0.0095442
-0.0287842
-0.0543692
-0.0319087
-0.0177882
0.0081321
0.0089394
0.0078909
-0.0007225
0.0347437
-0.0039830
0.0013827
-0.0159472
-0.0604420
-0.0549610
0.0115329
0.0434778
0.0645918
0.0521028
0.0101676
0.0002290
