-0.0606112
-0.0558428
-0.0730257
0.0214758
-0.0193680
0.0784842
-0.0863052
-0.0508920
-0.0754845
0.0855759
0.0483194
-0.0746667
0.0642567
-0.0613565
-0.0078135
-0.0755419
0.0414446
0.0124105
0.0950207
-0.0699471
0.0127276
0.0420377
0.0275543
-0.0487488
0.0406390
0.0177481
0.0613761
-0.0057230
0.0888161
-0.0475586
0.0967841
-0.0734810
-0.0027708
0.0641190
0.0331889
-0.0461013
0.0582687
0.0855507
-0.0924642
-0.0198896
0.0142431
0.0427635
-0.0129126
0.0362019
0.0745543
-0.0943273
-0.0776581
-0.0667242
-0.0436283
-0.0100924
0.0912427
-0.0793863
-0.0673641
0.0354708
-0.0576697
-0.0459298
0.0138129
0.0739992
-0.0965131
-0.1134627
0.0423100
-0.0211490
-0.0899178
0.0054619
-0.0426782
0.1012674
-0.0349590
0.0746961
-0.0270389
-0.0192182
0.0114393
0.1077616
-0.1039030
-0.0344208
-0.2229286
-0.1468711
-0.0985754
-0.0848444
0.0086676
0.1396590
0.2251271
0.3223526
0.3101285
0.0976808
-0.0784961
-0.2213579
-0.2881499
-0.3123852
-0.1000195
-0.1094254
-0.0309069
0.0674876
0.0674673
0.0909616
0.1690327
0.0864311
0.1366785
-0.0845991
-0.1294280
0.0165789
-0.1114002
-0.0488746
-0.0405772
-0.1073022
-0.0516702
-0.0621327
0.0679453
0.1120133
0.0722239
0.0789947
-0.0110401
0.0566003
0.0547048
0.0578092
-0.0378609
-0.0672296
0.0377096
0.0169176
0.0148093
0.0507265
-0.0205197
0.0228655
-0.0531260
-0.0572855
-0.0079123
0.0605641
0.0490919
0.0796749
-0.0677059
0.0596660
-0.0098601
-0.0587509
-0.0206132
-0.0686838
0.0610121
0.0206847
-0.0675861
0.0874353
0.0583859
0.0018703
0.0547688
0.0112068
-0.0062481
0.0383633
-0.0488409
-0.0759716
0.0821439
-0.0041730
0.0950209
-0.0406393
-0.0428232
0.0706472
0.0508768
-0.0476370
0.0296710
0.0565904
0.0529601
-0.0681097
-0.0485309
0.0214836
0.0675691
0.0762235
-0.0136906
-0.0875501
-0.0647523
-0.0415202
0.0648355
0.0269931
0.0735882
0.0664715
-0.0070399
-0.0232640
-0.0762560
-0.0860550
-0.0674988
-0.0123987
-0.0692654
0.0019227
0.0805216
0.0920377
-0.0849277
0.0910515
-0.0402385
-0.0305578
-0.0097458
0.0651315
0.0597012
-0.0869378
-0.0192412
-0.0284755
0.0771391
-0.0354388
-0.0455594
0.0862986
0.0349632
0.0340336
-0.0062912
-0.0274058
-0.0046029
0.0609899
0.0328544
-0.0263037
-0.0470783
0.0399307
-0.0061025
0.0745420
-0.0105327
0.0037993
-0.0933728
-0.0245005
0.0401734
-0.0776903
0.1107340
0.0418407
-0.0239062
-0.0685503
0.0183571
0.0083389
-0.0984558
-0.0149526
-0.0361650
0.0532832
0.0567528
0.0688481
-0.0224052
0.0161240
0.0160494
-0.0087860
0.0868583
-0.0099693
0.1434234
0.0405169
-0.0004819
-0.0206761
-0.0256328
0.0229500
-0.1231976
-0.1187562
-0.1160999
-0.1681443
-0.1420910
-0.0792028
0.0569801
0.1174558
0.1796810
0.3125701
0.3135928
0.1232143
-0.0909080
-0.1858347
-0.3446854
-0.3406727
-0.1731077
-0.0330001
0.1414607
0.2134830
0.2592395
0.2290224
0.1179433
0.0410473
-0.0453483
-0.0826372
-0.1349780
-0.0832724
-0.0120216
-0.1045241
-0.1226520
-0.0752499
-0.0961069
-0.0213045
-0.0541421
0.0863365
0.1006786
0.0211940
-0.0625248
-0.0342713
-0.0183520
0.0406080
-0.0589284
-0.0620818
-0.0975105
-0.0511131
-0.1028711
0.0218534
0.0678807
-0.0838770
0.0366874
0.1072199
0.0040159
0.0961976
0.0634522
0.0274930
-0.0347064
0.0861042
-0.0140679
-0.0086847
0.0308308
0.0553409
0.0261227
-0.0642404
0.0248971
0.0420678
-0.0765719
0.0582254
-0.0144396
0.0674670
-0.0691593
-0.0847478
-0.0424300
0.0372675
-0.0066269
-0.0763951
-0.0049340
-0.0367576
0.0528453
-0.0687326
-0.0334911
0.0291626
-0.0135267
-0.0748368
-0.0692227
0.0624495
0.0938499
0.0830517
-0.0444207
-0.0123239
-0.0624411
0.0447831
0.0322764
0.0591804
0.0062930
-0.0123634
-0.0824011
0.0933665
-0.0512775
-0.0301979
-0.0508110
-0.0520659
0.0265106
-0.0631831
-0.0350195
-0.0609004
-0.0555874
0.0622989
0.0618964
0.0069120
-0.0101496
0.0011213
-0.0777678
0.0197551
-0.0815189
0.0880378
-0.0804118
-0.0466568
0.0724051
-0.0753615
0.0008731
0.0077820
0.0115892
0.0924914
0.0765772
0.0419354
-0.0002021
0.0492368
-0.0281571
0.0569701
0.0442136
0.0750949
0.0330517
0.0772644
-0.0195667
0.0283210
0.0513514
-0.0905897
-0.0155136
0.0688778
-0.0628858
0.0843194
-0.0728326
-0.0404639
-0.0707959
-0.0697749
-0.0255189
-0.0278985
-0.0677962
-0.0186561
0.0405021
0.0632630
0.0366668
-0.0257436
-0.0314788
0.0350655
-0.0335706
0.0474817
-0.0705083
-0.0400035
0.0142021
-0.0614227
-0.0707473
-0.0422344
-0.0838092
-0.0248497
0.0371452
-0.0669008
-0.0353528
0.0631159
0.0799429
-0.0386218
-0.0619235
-0.0706999
0.0205692
0.0728586
-0.0517051
0.0598908
-0.0093375
-0.0520148
0.0746700
0.0687380
0.0100419
-0.0107250
-0.0697661
0.0939415
0.0439927
-0.0789551
-0.0414252
-0.0702288
0.0686305
-0.0675455
0.0811051
-0.0691151
-0.0285214
0.0691215
0.0306626
0.0754162
0.0094014
-0.0819189
0.0416124
0.0534075
-0.0412246
-0.0367540
0.0629293
-0.0596028
-0.0502237
-0.0189577
0.0508234
-0.0417759
-0.0963845
-0.0418612
-0.0015087
-0.0352495
0.0276439
-0.0827524
0.0890485
-0.0668181
-0.0295072
0.0302083
0.0359363
0.0045416
0.0396248
-0.0173130
0.0292694
-0.0204544
-0.0735364
-0.0093104
-0.0212540
-0.0677270
-0.0698443
0.0775429
-0.0938834
0.0880723
-0.0484831
0.0009020
-0.0799010
0.0080693
0.0453564
0.0481051
-0.0031203
-0.0192470
-0.0703655
-0.0728390
-0.0710902
-0.0895784
-0.0782264
0.0336721
-0.0909419
-0.0097697
-0.0578509
0.0024223
0.0741647
0.0984109
0.0959717
0.0010800
-0.0103119
0.0410587
0.0336892
-0.0429629
-0.0075957
-0.0013519
-0.0164323
-0.0767499
-0.1592775
-0.0417961
-0.0932387
-0.0644100
0.0074980
0.1921206
0.2325004
0.2094988
0.3170358
0.0303994
-0.1377877
-0.2479192
-0.3511602
-0.3588133
-0.1753175
0.1135578
0.1088761
0.2967283
0.1200582
0.2001821
0.1224792
0.1293522
-0.0546149
-0.0569846
-0.0729112
-0.1442218
-0.1566432
-0.0182776
0.0449207
0.0670066
-0.0421331
-0.0191469
0.0212020
0.0939496
0.1176672
0.0930552
-0.0238247
0.0654025
0.0843862
-0.0840104
-0.0226704
-0.1116439
-0.0953204
-0.0371457
-0.0628885
0.0337008
0.0236753
0.0691583
-0.0167429
0.0267092
-0.0228883
0.0579203
0.0791222
-0.0293061
0.0679379
-0.0304741
0.0420610
0.0583899
0.0550231
0.0519826
0.0828636
-0.0194642
-0.0458228
-0.0309024
-0.0185022
-0.0701829
-0.0053469
-0.0522422
-0.0617673
0.0889961
0.0394180
-0.0519096
0.0496903
0.0109220
0.0825673
0.0404871
0.0075169
0.0031268
0.0817152
-0.0914267
0.0251772
0.0179537
0.0044496
0.0087827
-0.0117070
0.0775315
0.0931843
-0.0885864
0.0444148
-0.0545234
-0.0463499
-0.0115160
0.0510258
0.0433587
-0.0198018
-0.0666020
-0.0877114
-0.0924361
-0.0124571
-0.0271587
-0.0549872
-0.0090042
0.0713271
-0.0583764
-0.0225357
0.0425603
-0.0816024
0.0253701
-0.0236945
-0.0420473
-0.0231908
0.0945791
-0.0112372
0.0587040
0.0065056
0.0260740
-0.0530310
-0.0090364
-0.0412205
0.0395867
0.0411240
-0.0476499
-0.0157771
-0.0501124
0.0229289
0.0170474
0.0415322
0.0124852
-0.0019650
0.0811852
-0.0880951
-0.0931793
0.0211905
-0.0348257
0.0240493
-0.0291436
-0.0630153
-0.0328849
0.0391661
-0.0837474
0.0042347
-0.0763726
0.0704471
-0.0287168
0.0936337
0.0389275
-0.0461220
-0.0897866
-0.0525112
0.0130843
-0.0638979
0.0888065
0.0654470
-0.0045050
-0.0001100
0.0880736
0.0014792
0.0809789
-0.0448471
0.0947759
0.0926068
-0.0937739
0.0904486
0.0789956
-0.0478207
-0.0326701
-0.0304535
0.0432016
0.0154171
0.0292723
-0.0768789
0.0260522
0.0609758
0.0368155
-0.0316473
-0.0231988
0.0332975
-0.0855201
-0.0630914
-0.0603088
-0.0435998
-0.0550215
-0.0965231
-0.0883908
0.0763812
-0.0020263
-0.0395238
-0.0475576
-0.0049511
0.0846732
0.0684419
-0.0377650
0.1130875
-0.0097363
0.0003063
-0.1362998
0.0172607
-0.1640943
-0.1373639
-0.1656581
-0.0458814
-0.1180799
-0.0169743
0.0675924
0.2974178
0.3260971
0.3146466
0.1781672
-0.1127202
-0.3841377
-0.3484725
-0.4577437
-0.1175056
0.1153315
0.1745439
0.1643618
0.2052225
0.1609260
0.0231095
0.0550514
-0.0119881
-0.0103718
-0.0794144
-0.1055737
-0.1075699
-0.1399622
-0.0261694
-0.1068378
0.0079982
0.1095938
-0.0560058
-0.0206269
0.1146710
-0.0406463
0.1069092
0.0272953
-0.0569649
0.0727836
0.0300005
-0.1059235
-0.0676970
-0.0277849
0.0702620
0.0086639
0.0121882
0.0584909
0.0757254
0.1047179
-0.0489416
-0.0279445
0.0079234
0.1006316
-0.0666509
-0.0673243
0.0455230
-0.0712470
-0.0588906
-0.0538569
-0.0304634
-0.0985872
-0.0227385
0.0920498
0.0821006
0.0418229
-0.0516791
-0.0485840
-0.0310300
0.0612973
0.0573906
0.0497595
0.0208760
-0.0094839
0.0156086
0.0344241
0.0209376
0.0887997
-0.0739226
-0.0762265
0.0829368
-0.0010911
-0.0040861
-0.0332263
0.0063969
0.0176994
0.0775738
-0.0597107
-0.0855933
0.0453578
-0.0034899
0.0343217
0.0424309
0.0108199
0.0870142
0.0185506
-0.0573043
0.0131277
0.0232385
0.0835410
-0.0014670
0.0879153
-0.0571036
0.0393724
-0.0171293
-0.0075457
-0.0775117
0.0264733
-0.0534210
-0.0098486
-0.0134718
0.0944900
-0.0470732
0.0951024
-0.0237884
0.0267439
0.0581477
-0.0720452
0.0060534
0.0637086
0.0357101
0.0273410
0.0290411
0.0318488
-0.0246555
0.0866016
0.0447635
0.0416224
-0.0874750
0.0396020
0.0750484
-0.0844813
-0.0254036
-0.0216059
0.0641201
-0.0671438
-0.0206416
0.0073176
-0.0865488
-0.0330882
0.0141474
-0.0322213
-0.0580262
-0.0584958
0.0756062
-0.0038975
0.0856549
0.0183876
0.0165731
-0.0699439
0.0153131
0.0051682
-0.0114515
0.0667722
0.0862302
0.0291797
0.0618602
-0.0730700
-0.0159459
0.0703767
0.0042432
0.0935503
-0.0100033
-0.0650289
-0.0124049
0.0668124
0.0586784
0.0622609
-0.0487441
-0.0785478
-0.0379817
-0.0671643
0.0302836
-0.0327486
0.0403175
-0.0685925
-0.0522892
-0.0008234
-0.0012143
-0.0685375
0.0115574
0.0920820
-0.0397101
0.0005186
-0.0566324
-0.0761179
0.0479324
-0.0369044
0.0678260
0.0407735
0.0060601
0.0200689
0.0937205
0.0290027
-0.0439413
0.0967412
0.0686474
0.0156958
-0.0489731
0.0222060
-0.0091197
-0.1326312
-0.1200335
-0.0662827
0.0026016
-0.1342488
-0.0066951
-0.0855652
-0.0440078
0.1330682
0.3035862
0.1938049
0.2649417
-0.0846983
-0.2015110
-0.2602905
-0.2619910
-0.1789834
-0.0370447
0.0998443
0.1449248
0.1949825
0.1908588
0.2128366
0.0670887
-0.0566580
0.0493894
0.0352686
-0.0218049
-0.0806451
-0.0962068
-0.0382664
0.0141961
0.0345742
-0.0436305
0.0689908
0.0664608
0.0486184
-0.0201396
-0.0234397
-0.0675712
0.0992348
-0.0912600
-0.0422999
-0.0311261
0.0326838
-0.0842236
-0.0479566
0.0177359
0.0540649
0.0632541
-0.0710809
0.0747780
0.0332927
-0.0131411
0.0772947
-0.0166228
-0.0555952
0.0701015
-0.0278313
0.0339613
-0.0578533
-0.0820156
-0.0679291
-0.0080426
0.0808838
0.0548149
-0.0245165
0.0692905
0.0505213
0.0749188
0.0391147
-0.0255023
-0.0291184
-0.0118622
-0.0154782
-0.0096547
0.0796653
-0.0669605
0.0840679
0.0300886
0.0548774
0.0777522
0.0535354
-0.0730927
0.0277684
0.0773235
-0.0718345
-0.0182549
-0.0750168
-0.0318302
0.0978169
0.0104351
-0.0130593
0.0149483
-0.0181692
0.0811617
-0.0562076
-0.0727102
0.0944523
-0.0489994
-0.0126992
0.0111331
-0.0310106
0.0451244
-0.0378038
0.0211550
0.0883624
0.0842749
-0.0464390
-0.0148194
0.0484097
-0.0826903
0.0303663
-0.0783950
0.0354019
-0.0577187
0.0086144
0.0869727
-0.0702026
0.0151772
0.0182623
-0.0361584
0.0375930
0.0399026
-0.0152187
-0.0466470
-0.0946897
0.0368762
-0.0918248
-0.0784572
0.0271433
0.0825636
0.0518996
0.0496310
0.0202180
0.0148665
0.0296006
0.0716000
0.0715074
0.0184197
0.0576361
-0.0097469
-0.0582313
-0.0199932
-0.0133015
-0.0859235
0.0879911
0.0749887
-0.0678351
0.0416402
0.0643711
-0.0255278
-0.0106056
-0.0684995
-0.0186158
0.0649503
-0.0486142
-0.0726926
-0.0255286
0.0578709
-0.0391863
-0.0864927
0.0665960
-0.0893077
0.0635515
-0.0215377
-0.0413969
0.0705265
-0.0370070
-0.0400365
0.0077105
0.0241539
-0.0266986
0.0539149
-0.0035957
-0.0099390
0.0819239
-0.0578765
-0.0404527
0.0954516
0.0851599
0.0710301
-0.0690146
0.0184526
0.0196415
-0.0642215
-0.0735640
-0.0184512
0.0415609
0.0029045
-0.0185248
-0.0017531
0.1163907
-0.0006922
0.0585400
0.0395301
-0.0544236
0.0109620
0.0539705
-0.0543860
-0.1073219
-0.0588472
-0.1420131
-0.0885104
0.0358129
-0.0133592
-0.0073061
0.0084439
0.1053470
0.1522627
0.1374166
0.2673438
0.1591672
-0.1767279
-0.2837399
-0.2054838
-0.3054531
-0.0551287
-0.0107589
0.1244898
0.1999518
0.0855334
0.0333574
0.1520147
0.0166506
0.0345862
-0.0543110
-0.0890804
-0.0252698
-0.0812010
0.0007731
-0.1113069
0.0592701
0.0706023
-0.0248515
-0.0057884
-0.0581022
0.1243925
0.0989391
-0.0403953
0.0960745
0.0339860
0.0327488
-0.0372934
-0.0703944
0.0437511
-0.0316595
0.0397777
-0.0488045
-0.0657241
-0.0784782
0.0349996
0.0360685
0.0646319
-0.0032817
-0.0201081
-0.0473057
-0.0432098
0.0753156
0.0225558
0.0821848
0.0617426
0.0527212
-0.0957323
-0.0387759
-0.0244969
-0.0391294
-0.0624039
-0.0296230
0.0569989
0.0987016
-0.0763500
-0.0640227
-0.0764433
0.0593360
-0.0267771
0.0613966
0.0121777
-0.0112674
0.0215407
-0.0694977
-0.0129841
-0.0551721
0.0507718
-0.0283274
-0.0427569
-0.0613640
-0.0000718
0.0716349
-0.0012262
-0.0327317
0.0479466
-0.0232735
0.0472492
-0.0401059
0.0142928
0.0202520
0.0446885
-0.0906647
0.0045512
0.0881519
-0.0432303
0.0273656
0.0669089
0.0484129
-0.0787336
-0.0677234
0.0787716
0.0278640
0.0335311
0.0903787
0.0413000
0.0602067
0.0643330
-0.0653381
0.0917225
-0.0635538
-0.0587083
-0.0965401
0.0757824
0.0789539
0.0880487
0.0744193
0.0035091
-0.0776730
-0.0936521
0.0773618
0.0243337
0.0811743
-0.0089677
-0.0343320
-0.0173388
0.0255900
-0.0957303
0.0342845
0.0338822
0.0070108
-0.0787363
-0.0684709
0.0809922
0.0628862
-0.0862951
0.0697553
0.0821087
0.0931244
0.0599243
-0.0065328
0.0484765
-0.0337450
0.0884362
-0.0475940
