-0.0949567
-0.0136149
-0.0231890
-0.1000528
0.0808681
-0.0682932
0.0305002
0.0861428
0.1660699
0.0042312
0.1532621
0.1023162
0.0250725
-0.1127125
-0.0283673
-0.1164773
-0.1948079
-0.2069669
-0.4832832
-0.3411516
0.0943101
0.5887340
0.8699287
0.4916321
0.0709257
-0.3973773
-0.5222706
-0.3260040
-0.2864720
-0.0857535
-0.0776111
0.0569315
0.2146346
0.1049604
0.0495418
0.1208832
-0.0055338
0.0014984
0.0945750
-0.0358509
-0.1478604
-0.1506290
-0.1415176
0.0219987
-0.0437357
-0.0861221
0.0866959
-0.0817590
-0.0016188
0.0768146
0.0310919
-0.0211721
-0.0272704
-0.0541165
0.0296457
-0.0814240
-0.0153938
-0.0427225
-0.0377431
0.0512585
-0.0899609
-0.0891671
-0.0753107
-0.0031802
-0.0753201
0.0299318
-0.0060440
0.0178958
0.0548747
0.0631778
0.1005674
-0.0118780
0.0503438
0.0391008
-0.0163863
0.0519625
-0.0381437
0.0812194
-0.0778809
-0.1018876
-0.0619400
0.0105591
0.0589494
0.0848495
-0.0885000
-0.0561516
0.0892983
-0.0142030
-0.0706152
-0.0297093
0.0899186
0.0145227
-0.0929309
0.0167976
-0.0634908
-0.0471964
0.0689126
0.0105357
0.0550760
-0.0143077
0.0845318
-0.0910750
0.0097121
-0.0189398
0.0971390
0.0422885
0.1014561
-0.0905956
0.0060906
-0.0911393
0.0918194
0.0829346
-0.0131658
-0.0009933
-0.0992965
-0.0047050
-0.0678033
0.0589637
0.0237524
-0.0704400
-0.0232977
0.0367699
0.1065800
-0.1018741
-0.0405254
0.0816978
0.0055580
-0.1002038
0.0816722
0.0360096
-0.0071212
0.0736189
-0.0216262
0.0237670
-0.0141676
-0.0813201
-0.1110162
0.0145072
0.1050202
-0.0580615
-0.0595565
0.0904206
0.0156870
-0.0753018
0.0681090
0.0973412
0.0620833
-0.0053291
0.1074260
0.0576121
0.0981523
-0.0140477
-0.0456398
0.0525079
-0.0649233
-0.0204243
-0.0482671
-0.0593417
0.0433111
0.0350024
-0.0425361
-0.0855740
-0.1093182
0.1054589
-0.0346006
-0.0775817
-0.0041582
-0.0661182
-0.0177091
0.1039603
-0.0664517
0.0717449
-0.0269123
0.0443334
-0.0060186
0.0473368
0.0997718
0.0316113
-0.0133545
-0.0892812
-0.0864635
-0.1022843
0.0974389
0.0200582
-0.0456495
-0.0066139
-0.0538378
-0.0799818
0.0095975
-0.0697227
-0.0856402
-0.0414713
-0.0869839
-0.1097748
0.0789700
0.0732272
-0.0106001
-0.0102742
-0.0783537
0.0327376
-0.0771919
0.0410379
-0.0860231
0.1044719
0.0389097
-0.0675104
0.0611808
-0.1052520
0.0792429
-0.0602013
0.0392440
-0.0945261
-0.0962656
0.0349069
-0.0983778
-0.0464274
0.1119629
-0.0610624
0.0335667
0.0517920
0.1207449
0.0831099
-0.0654063
0.0418002
0.0407287
-0.1043679
-0.0968963
-0.0562940
-0.1109283
-0.1341785
0.0222007
-0.0935357
-0.0017287
0.0100129
0.0577666
0.0427156
0.1744258
-0.0044216
-0.0173536
0.1296541
-0.0050053
0.0293032
-0.0451130
-0.2315171
-0.3201334
-0.3807274
-0.3922289
0.0480342
0.7009465
0.9590705
0.8162237
0.0963151
-0.4772789
-0.6701102
-0.5209678
-0.3732135
-0.0026380
-0.0447616
0.1667495
0.0423307
0.0597119
0.2264527
0.0740699
0.0753842
0.1303935
-0.0442365
0.0183020
-0.1040017
-0.1162200
-0.1156283
-0.1494462
-0.0401273
-0.1230671
0.0971212
-0.0764666
-0.0451864
-0.0390269
0.0806404
0.0175873
-0.0221840
0.0587238
0.0806848
-0.0429452
0.0465740
0.0625834
0.0168428
-0.1081890
-0.0020871
-0.0424012
-0.0273243
0.0715316
-0.0869908
0.0356876
0.0751920
-0.0741940
-0.0841180
-0.0107993
0.0580017
-0.0281999
-0.0534333
0.0197499
0.0432178
-0.0441620
-0.0560410
-0.0960989
-0.0428879
-0.0818593
0.0422446
-0.0418666
0.1126759
-0.0053871
-0.0157346
-0.0830876
-0.0575033
0.0125291
-0.0890262
-0.0033139
0.1048285
-0.0084104
-0.0702014
-0.0601366
0.0770524
0.0846907
-0.0641644
0.0673286
-0.0107952
0.0983010
0.0461851
0.0045844
-0.0261218
0.1102452
0.1049589
0.0734056
-0.0856642
-0.0526149
-0.0918409
-0.0435575
0.0145039
-0.0894997
0.0066120
0.0547646
0.0711422
0.0418118
-0.0544403
0.0940441
-0.0448272
-0.0487390
0.0114591
-0.0666236
0.0455853
-0.0637777
0.0850475
-0.0569469
-0.0149341
0.1012871
-0.1002183
0.1088823
-0.1004624
0.0146307
-0.0357909
-0.0376704
-0.1112917
-0.1041165
0.0299212
0.0370509
0.0950251
-0.0584175
0.0741161
0.0696167
-0.0887362
0.0747408
-0.0528882
-0.0674321
-0.0162586
0.0438068
-0.0932860
0.0984439
0.0695495
-0.0345802
0.0379492
-0.0762384
0.0215218
-0.0177801
0.0630669
-0.0863330
0.0940868
0.0871276
-0.0772702
-0.0991419
0.0716325
-0.0659053
-0.0011150
-0.0219491
-0.0384642
0.0875801
-0.1005101
-0.0246541
-0.0562531
0.0529947
0.1093037
-0.0783054
0.0829507
-0.0886721
-0.0092540
-0.0786317
-0.0082904
0.0139858
0.0536542
0.0301569
-0.0573971
-0.0975589
-0.0988243
0.1004976
-0.0827876
-0.0137473
0.0146113
-0.0559971
-0.1045182
-0.0973529
0.0166024
-0.0832885
-0.0182532
-0.0603885
-0.0026520
-0.0324439
-0.0723019
0.0200658
0.0433469
0.1012642
0.0756192
0.0293107
0.0335651
-0.0833807
0.0582651
-0.0211962
-0.0277535
-0.0386296
0.0651175
-0.0793479
0.0855651
0.0121975
-0.0023957
-0.0047114
0.0149790
-0.0603636
0.0372193
0.0014925
0.0246873
0.0034471
-0.0037166
-0.0706016
0.0445045
-0.0095542
-0.1454683
0.0477487
-0.0488556
-0.0453078
-0.0024141
-0.0064553
-0.0536635
-0.0675693
-0.0157537
0.0308209
0.0676481
0.1693630
0.0244917
0.1109598
0.0831056
0.0341267
-0.1658933
-0.0892918
-0.1677375
-0.2584238
-0.3264827
-0.1389380
0.2499633
0.7514692
0.7218898
0.4334166
-0.1882930
-0.3510078
-0.4152124
-0.2556645
-0.1958625
0.0290342
0.0499266
0.1911109
0.1251220
0.1838588
0.1023371
-0.0303726
0.0243868
-0.0653667
0.0927415
-0.0828425
-0.0312615
0.0234086
-0.0982903
-0.1281865
-0.1271078
-0.0882780
-0.0483448
-0.0093074
0.0044444
0.0742596
-0.0705176
-0.0027527
0.1059587
0.1076187
-0.0213557
0.0629628
-0.0494101
0.0120912
0.0715427
0.0518561
0.0090606
0.0272078
0.0683001
-0.0680092
-0.0129841
-0.0070327
-0.0934633
0.0934664
0.0559825
-0.0956911
0.0092843
-0.0002292
-0.0056733
0.0821121
-0.0509799
-0.0991384
-0.0622169
-0.0294137
-0.0944527
-0.0216561
0.0121783
-0.0053120
-0.0857528
-0.0963644
-0.0780693
-0.0373238
-0.0105537
-0.0763280
-0.0782710
-0.1050660
0.0031466
0.0954813
0.1110226
0.1005718
-0.0112713
0.0370069
0.0619623
-0.0463593
-0.0351755
0.0609086
-0.0242653
-0.0075849
0.0221265
-0.0800383
0.0806817
0.0995413
0.0815750
0.0924082
-0.1040090
-0.1056505
0.0331544
-0.0112670
-0.0589768
0.0284627
-0.0070702
0.0110361
0.0591662
-0.0631215
0.0712415
-0.0435385
0.0188205
0.0799663
-0.0763967
-0.0063109
0.0158941
-0.0766276
-0.0615880
-0.0782660
0.0224510
0.0450534
-0.0182061
-0.0653852
-0.0776284
-0.1025250
-0.0863744
-0.0940452
-0.0678288
-0.0682281
0.0896962
-0.0106727
-0.0795512
-0.0660034
-0.0890840
-0.0584078
-0.0158655
-0.0684120
-0.0105895
0.0723907
0.0333770
-0.0551942
0.0236238
-0.0312410
0.0944260
-0.0528739
0.0373621
-0.0316157
-0.0644717
-0.0245501
-0.0765963
0.1125317
-0.0303793
0.0930399
0.1066045
0.0866387
0.0729038
-0.0654203
-0.1136243
0.0720883
0.0099300
-0.0375162
0.1136659
0.0705991
0.0361609
-0.0326793
-0.0332315
-0.0817422
-0.0187256
0.0262333
-0.1035768
-0.0963859
0.0958242
-0.0843685
-0.0137925
0.0338505
0.0508038
0.0765554
0.0001038
0.0742066
-0.0740789
0.0918673
0.0323668
-0.0866420
0.0153261
0.1041438
-0.0195274
-0.0610160
0.0317146
0.0092058
0.0759605
-0.0349458
0.0888143
0.0205626
-0.0719513
-0.0022309
-0.0680692
-0.0904047
-0.1014790
0.0683521
-0.1047014
-0.0391129
0.0869532
-0.0159697
-0.0690700
0.0016032
-0.0838748
-0.0208857
0.0774778
-0.0438229
0.0635509
-0.0580612
-0.0620290
0.0645069
-0.0773085
-0.0056791
-0.0537979
-0.0367880
0.0474150
0.0416934
-0.1557307
-0.0124430
0.0149892
-0.0602923
0.0752270
-0.0443064
0.0104367
0.0081609
0.0881864
0.0251278
0.0741046
-0.0857748
-0.0739320
-0.0756287
-0.1243034
-0.3603199
-0.2455639
-0.1315184
0.2984235
0.6764843
0.7394539
0.4915130
0.0018343
-0.4493661
-0.6099764
-0.3144801
-0.2073643
0.0565943
-0.0401629
0.0529524
0.0485398
0.2191157
0.0376566
0.0955388
0.1499178
-0.0064321
0.0211587
-0.1318613
-0.0755246
-0.0733627
-0.0883448
0.0760263
-0.0893522
0.0814764
-0.1080552
0.0173703
0.0352640
0.1063777
0.0538007
-0.0506974
0.0320907
-0.0211965
0.1122909
-0.0904277
-0.0676396
0.0570323
-0.0475443
-0.0035712
-0.0080417
-0.0061520
-0.1028098
-0.0075859
-0.0799682
0.0318865
0.0428482
0.0860674
-0.0343825
0.0441577
-0.1007649
-0.0400561
-0.0972431
0.0730667
0.0434658
0.0466880
0.1054356
-0.0409386
0.0051818
0.0285758
0.0086107
-0.0387742
-0.0121698
0.0736471
-0.0176778
0.0909627
0.0845937
0.0866525
-0.1065815
0.0464529
-0.0459114
-0.0291121
0.0147025
0.0628636
0.0487001
0.0372861
-0.0572434
0.0580885
0.1082478
0.0701335
0.0189165
0.0505739
-0.0023240
-0.0556775
0.0382676
-0.0401642
-0.0899335
-0.0964925
0.0099445
0.0198849
0.0765224
-0.0754155
0.0668279
0.0057095
-0.0500133
-0.0270510
0.0493056
0.1071851
-0.0884887
-0.0459486
0.0973545
0.1093956
0.0929456
0.0982833
-0.0543310
0.0932631
-0.0973878
-0.0419297
-0.0868583
-0.0154557
0.0718458
0.0018397
-0.0181419
-0.0672614
-0.0766506
-0.0441608
-0.0867591
0.0806712
-0.0320222
0.0147865
-0.0872671
0.0952753
0.0962245
-0.0317648
-0.0852898
0.0608224
0.0482149
0.0622063
-0.0839466
-0.0325246
0.0610572
-0.0383459
-0.0570678
-0.0068786
-0.0331696
0.1137937
0.0918427
-0.0955966
-0.0624280
0.0357977
-0.1022302
-0.0636393
0.0960187
0.0644639
0.0576102
0.0843660
0.0738316
0.0728177
-0.0379622
0.0066538
0.0513781
0.0533233
-0.1064939
0.0896507
0.0455605
-0.0749378
0.0051692
0.0853620
0.0149443
0.1025380
0.0833545
0.0363058
0.0279838
0.0490228
-0.0181724
0.0102607
-0.0525857
-0.0743392
0.0788359
0.0865299
-0.0235054
-0.0249559
0.0356040
-0.0589699
-0.0151786
-0.0580685
-0.0718561
0.0893060
-0.0872635
0.0033362
-0.0940797
0.0464348
0.0560830
-0.0210520
0.1060909
-0.0829445
-0.1057048
-0.0948657
-0.0277859
-0.0095097
0.0500133
0.0693076
-0.0890258
-0.0841354
-0.0573289
0.0721508
0.0146045
0.0054186
0.0679261
-0.0063943
-0.0205979
0.0528066
-0.0065405
0.0470036
-0.1133710
-0.0395923
-0.1305356
-0.0175170
-0.0673852
-0.0456411
-0.0280174
-0.0559675
-0.0425753
0.0234705
-0.0040954
0.1458034
0.1711617
0.0641024
0.0199739
-0.1249426
-0.0108877
-0.2564153
-0.2573684
-0.4673457
-0.3017609
0.1083511
0.4450697
0.8233800
0.5697639
0.1666218
-0.3185544
-0.5951840
-0.4463304
-0.2675149
-0.0597853
-0.0016664
0.0855473
0.1676619
0.2697540
0.0502878
0.0334028
0.1326915
-0.0296540
-0.0145132
0.0395986
-0.0313107
-0.0032874
-0.1649733
-0.0274660
0.0761103
-0.0862792
0.0656005
0.0893104
0.0904451
-0.0278333
-0.0578247
0.1250688
0.0018598
-0.0016272
0.0092098
-0.0070358
-0.0392561
-0.0468569
-0.0498263
0.0925966
-0.1242611
0.0449680
-0.0476397
-0.0097051
-0.0103009
0.1094842
0.0592624
-0.0056919
0.0900777
0.0507206
-0.0144280
-0.0027969
-0.0947186
0.0223351
-0.0481973
-0.0270994
0.0122148
0.0383773
-0.0420054
0.1052791
-0.0394493
-0.0413023
-0.0842020
-0.0696091
0.0674185
0.0631860
0.0301165
-0.1082553
-0.1116194
0.0011950
-0.0422385
-0.1132067
0.0000795
0.0041344
-0.0429864
-0.0454978
-0.0602004
0.0027461
0.0127726
0.0480325
-0.0292333
0.0491433
0.0652506
0.0254214
-0.0316541
-0.0417241
-0.0937014
-0.0004456
0.0368352
-0.0566356
0.0017045
-0.0379921
0.0314297
-0.0320847
0.0340190
0.0135421
0.0763688
0.0546521
0.0752004
-0.0572279
-0.1257937
-0.0215385
-0.0366432
-0.1473579
-0.0883317
0.0365554
-0.0834335
-0.0131822
0.1055186
0.1745086
0.1907634
0.2949403
0.1253925
0.0899807
-0.0369765
0.0736983
-0.2086755
-0.4908782
-0.5947224
-0.6632164
-0.3489012
0.2273051
0.7811921
0.9646622
0.8687652
0.5644634
-0.1299316
-0.6207873
-0.7484349
-0.6913367
-0.3597042
-0.1614678
0.0397428
0.1126925
0.2151060
0.1496717
0.1462803
0.1222197
0.1259377
0.0258909
0.0982337
-0.0315109
-0.0110370
-0.1513514
-0.0112201
-0.1769628
-0.1161304
-0.0821744
-0.0473430
0.0347538
-0.0194611
0.0607771
0.1283372
-0.0401446
0.1313499
-0.0678194
-0.0860955
0.0539043
-0.0287733
-0.1347127
0.0560026
0.0469356
-0.0793226
-0.0315796
-0.0928562
0.0907888
-0.0963613
0.0428283
0.0197312
-0.0470911
-0.0755128
0.0675255
-0.0223756
-0.0160293
-0.0953222
0.0980552
0.0589026
-0.0025026
-0.0839506
0.0738346
-0.0818229
0.0228848
-0.0576806
0.0933980
0.0872039
0.0448400
-0.0856279
-0.0706543
0.0131180
0.0939138
0.0130849
-0.0906806
0.0078179
0.0619601
0.0007569
0.0295291
0.0000260
-0.1096368
-0.0688780
0.0433585
0.0574120
-0.0305679
0.0870650
-0.0089431
-0.0143471
0.0411235
0.0562838
-0.0452817
-0.0995986
-0.0758012
0.0203432
0.0812025
0.0730187
0.0555259
-0.1377535
-0.0354493
-0.0946409
-0.0058881
0.0485297
-0.0018625
0.0949661
-0.0031049
0.0272373
0.0832915
0.0810491
-0.0968592
-0.0540308
-0.0563871
-0.1338806
-0.1749648
-0.1517612
-0.1324730
-0.0555349
-0.0732969
0.0931884
0.0396059
0.1193066
0.0844809
0.0925445
0.2637776
0.2366398
0.1440250
0.0347423
-0.1818343
-0.3486982
-0.6152202
-0.8696992
-0.7180294
-0.1098723
0.5473380
1.0373879
1.2250118
0.6689591
0.0142798
-0.6616215
-0.8775423
-0.7747537
-0.3605488
-0.1157231
-0.0330322
0.0664491
0.2457644
0.2625336
0.3418881
0.2505348
0.1310414
0.1552290
0.0277585
-0.0812161
-0.0121841
-0.1855043
-0.2056976
-0.0106903
-0.1260846
0.0177605
0.0708827
-0.0132252
0.1518631
0.0241876
0.0974398
-0.0086304
0.0411078
0.0157744
-0.0470578
-0.0532640
-0.1116830
-0.0776069
-0.0448444
-0.1000509
0.0723467
-0.1228618
0.0185184
-0.0985289
0.0770667
-0.0821628
0.0697385
0.0740411
-0.0569061
-0.0427329
-0.0866958
0.0190521
0.0919422
-0.0926945
-0.0383687
0.0716791
-0.1104383
-0.0986088
0.0081920
-0.0289719
0.0078497
-0.0087378
-0.0652349
-0.0465396
0.1101979
-0.0955468
0.0162614
-0.0311674
0.0194941
-0.0837448
-0.0574461
0.0130037
-0.0350758
-0.0026515
-0.0019455
