-0.0256607
0.0054722
-0.1613271
-0.0268796
0.0404160
-0.0937928
-0.1839009
0.0398685
0.0662855
0.0308462
0.2349556
0.1474363
0.0700766
0.4554079
0.4373847
0.0149203
-0.5242535
-0.9756217
-0.8212476
-0.0894443
0.5491811
0.7618028
0.5853507
0.0638480
0.0433389
-0.1818615
0.0588592
0.0119208
-0.0239278
-0.2163910
-0.2345332
0.0483118
0.0960643
-0.1036123
0.0393023
0.1430931
0.0559365
0.1393533
0.0294103
-0.0239399
-0.0273893
0.0722817
-0.1035725
-0.1392103
0.0118667
-0.0850767
-0.0665119
-0.0519035
-0.1217222
0.0662135
0.0751105
-0.0117277
0.1415227
-0.0023296
0.0554719
0.0714358
-0.0062784
-0.0143965
0.0155330
0.0319505
-0.0716304
-0.0544932
0.0710336
0.0411582
-0.0778455
0.0987187
-0.1057619
-0.0343248
0.1087124
-0.1209542
0.0182193
-0.1031240
0.0607462
-0.1274855
-0.0463487
-0.1257401
-0.0353359
-0.1198286
0.0004244
0.1336483
0.0392232
-0.0914703
0.0102163
0.0014605
0.0387913
-0.0132937
-0.0767357
0.0845226
-0.1399348
-0.1873950
0.0481098
-0.0683465
-0.1338813
-0.0582930
0.0104255
0.1588915
0.0516368
0.0554100
0.1347077
0.2455573
0.2072260
0.3389962
0.0990737
-0.4115282
-0.7259539
-0.5938462
0.0435940
0.5037557
0.5817743
0.2885985
-0.0245091
-0.1232650
0.0682707
0.0192132
-0.1488927
-0.0014306
-0.2147943
0.0722215
-0.0946478
-0.0816656
-0.0160943
0.1368673
-0.0166965
-0.0641151
0.1221917
-0.0318712
-0.0813638
0.1365920
0.0434127
0.1163207
0.0106838
0.0335915
-0.0579200
-0.1222773
-0.1125251
0.0104060
0.0561192
0.1244017
-0.0572373
0.1224663
-0.0688757
0.0596395
0.0131857
0.1077557
0.0258333
0.0226039
-0.0256809
0.0737900
-0.0621574
-0.1323351
0.0923930
-0.0679466
0.0015347
-0.1086794
0.0176912
0.1356663
-0.0354794
0.0414683
0.0172705
-0.1283675
-0.1385052
-0.0466071
0.0858519
0.0089825
0.0985939
0.0394549
0.0215609
0.1380783
0.0853903
0.0488007
0.1132113
0.1088848
0.0553575
0.0225141
0.0499094
-0.0966066
-0.0565298
-0.1421578
-0.1265800
-0.1773728
-0.0552469
0.1306026
0.2085692
0.0907563
0.1554390
-0.0058785
0.0765621
0.3287091
0.2744111
-0.2480622
-0.5366968
-0.9475033
-0.5583050
0.2007739
0.6225718
0.7781131
0.4503151
0.1055107
-0.0534701
-0.1648964
-0.1680095
-0.1365207
-0.2490300
-0.2020199
-0.0968150
-0.0984692
-0.0805595
0.0044300
0.1498655
-0.0451013
0.0784655
0.0961943
0.0191510
-0.0644933
0.0631885
0.0282835
-0.0809536
-0.0513238
0.0461179
0.0005408
-0.1440465
0.0072210
-0.0510229
0.0621745
-0.0774928
-0.0338390
0.0104724
0.1499905
-0.0704721
0.1065112
0.0445126
0.0239718
-0.0352126
0.0074259
0.0499623
-0.1269990
-0.1262330
0.1028459
-0.0156221
-0.0058073
-0.0985993
0.0948543
0.0981262
0.1365059
-0.1051468
-0.0816635
-0.1031185
-0.0891048
0.1134276
-0.1392172
-0.0153754
0.1024916
0.1229398
0.0400204
-0.0569539
0.1513949
-0.0620455
-0.1047190
0.1390470
0.0612134
-0.1260297
0.0835255
-0.0251425
-0.0288642
-0.1015780
-0.0355774
-0.1655077
-0.1528545
-0.0106024
0.0677636
0.1993230
-0.0249480
0.0655387
0.1755760
0.1773393
0.2893756
-0.0593871
-0.6378487
-0.6594123
-0.4586895
0.0560118
0.3857553
0.3864284
0.2978934
0.0810939
0.0245089
-0.0866066
-0.0343476
0.0215752
-0.0177156
-0.2269117
-0.1499918
-0.1398668
-0.1444666
0.0582772
0.1178525
-0.0846811
-0.0315302
0.0431387
-0.0200271
0.1153082
-0.0205154
0.0920062
-0.0939579
-0.0300716
0.1003980
-0.1302668
-0.0724576
0.0107087
0.0464573
-0.0435527
0.0798462
0.0908010
-0.0424892
-0.0153073
-0.0926999
0.1412622
0.0051285
-0.1125250
-0.0879308
0.0609843
-0.1502276
-0.0645311
0.0271874
0.1139646
0.0793829
0.1257440
-0.0900597
-0.1103631
0.1315849
0.0463758
-0.0557300
-0.0718525
0.0941900
0.0305371
-0.0357909
0.0017138
-0.0780077
0.0620703
-0.1215784
0.0689677
-0.0747174
0.1559529
-0.0844376
-0.0044101
0.1340976
-0.0009828
-0.0791711
-0.1480269
-0.0598163
-0.1149705
-0.0178912
0.0157288
-0.0047175
-0.1387633
0.0591781
-0.0188218
0.1784179
0.1233968
0.0161322
0.2519926
0.4980674
0.2160031
-0.3112170
-0.7282361
-0.9477130
-0.6459565
0.0972716
0.7754678
0.8040440
0.4257406
0.1237780
-0.1325521
-0.1599785
-0.0193213
-0.2123479
-0.1394625
-0.0219538
-0.0418194
-0.0919753
0.0146700
0.0581469
0.0062706
0.1718248
0.1685699
-0.0663243
0.0176356
0.0300716
0.0235908
0.0992368
-0.0721545
0.1090814
-0.0217225
-0.1646642
-0.1322689
-0.1022594
-0.1311675
0.0176520
0.1483566
-0.1164751
0.0480533
-0.0624158
-0.1013708
-0.1136516
-0.1257340
0.0049851
-0.0021319
0.1077194
-0.0484143
-0.1146378
-0.0716230
-0.1380039
-0.0128164
-0.0566822
-0.0336242
-0.0955132
-0.0435002
0.0782606
-0.1104129
-0.0087806
-0.0215108
0.0880012
0.0052801
-0.0151829
-0.1124685
-0.0369261
0.0444831
-0.1194588
0.0196779
-0.0038793
0.0967201
-0.0201645
-0.0231392
0.1128074
0.0473435
0.1156250
0.0073678
-0.0086825
-0.1685402
0.0641026
-0.1539904
0.0558527
0.1117351
0.1527474
-0.0432033
0.1222043
0.0951279
0.1481230
0.2564841
0.2269304
-0.1548867
-0.5143908
-0.8568484
-0.6005161
0.0682522
0.5838141
0.4605345
0.3205769
-0.0725213
0.0691112
-0.0407679
0.0555762
-0.0800012
-0.1716008
0.0186004
-0.1642268
0.0739114
-0.1605921
0.0452299
-0.0730805
-0.0354125
0.0069638
0.1030896
0.1327975
0.0034893
-0.0909707
0.0747349
-0.0896839
-0.1430347
0.0205707
0.0727485
-0.1202158
0.1084318
0.0315034
-0.1133343
0.0114931
0.0111012
0.1428900
0.0882585
0.0127237
-0.0067974
0.0165841
-0.1399599
0.0590699
-0.0409952
0.0416952
0.0119123
-0.0672336
-0.0512695
0.1363917
-0.0110910
0.0295300
-0.0891235
0.0860455
0.0399251
0.0720255
-0.0725242
0.0609630
-0.0362762
-0.0742918
0.0525147
-0.0207111
0.0948872
0.0417529
-0.0531987
0.1164051
0.0526430
-0.0392862
0.1642950
0.0194287
0.0436443
0.0863977
0.0968783
-0.1290314
-0.0993550
-0.0548736
-0.1078564
-0.1513010
-0.0827125
-0.0403877
0.0278961
0.0291143
-0.0190333
0.0060590
0.3217159
0.3770624
0.1071447
-0.3574110
-0.7370408
-0.9753661
-0.3424990
0.2495347
0.7734278
0.7040203
0.3854250
-0.1159446
0.0092521
0.0710495
-0.1194913
-0.0519372
-0.1697985
-0.0044231
0.0430633
-0.0677221
0.0558200
-0.0373374
0.0169598
0.1208466
0.1169119
-0.0412519
-0.0858348
-0.0234101
0.0219070
-0.0527523
-0.1516082
0.0371944
0.1027187
-0.1274742
-0.1253508
-0.0917139
-0.0372414
-0.0078058
-0.1191238
0.0106858
-0.0731235
-0.1033794
-0.1201332
0.1293100
-0.0497398
0.1044601
0.0383167
0.1138435
0.0285990
-0.0228459
0.0754089
-0.1006436
-0.0567738
0.0129957
-0.0093117
0.0171676
0.0876424
0.1338678
0.0238006
0.0514638
-0.0008603
-0.1237812
0.0079813
-0.0736436
-0.0142813
-0.0359229
0.1298707
-0.0494089
0.0635367
0.1230012
0.0946157
0.1516849
-0.0424654
-0.0542105
0.0804522
-0.1406823
-0.1222240
-0.1364176
-0.0488421
0.0366974
-0.1068623
-0.0088938
0.0009643
0.1738362
0.1936490
-0.0046167
0.1474439
0.1619635
0.3211180
0.0462033
-0.1529279
-0.7096711
-0.7901191
-0.2602497
0.1889111
0.6277700
0.5623065
0.0417885
0.0864475
-0.1409186
-0.0562873
0.0259880
-0.0280336
-0.0564165
-0.1451215
-0.1656834
-0.0099997
0.0830120
0.0792816
0.1557910
0.0717425
0.1654010
0.1344940
0.0231311
0.0313042
-0.0425952
0.0235252
-0.0388784
0.1056003
0.0176778
-0.0319173
0.0114767
-0.0748594
-0.0230487
-0.0534978
0.0986677
-0.0363324
-0.1033964
-0.0719989
-0.0354254
0.0678456
-0.0613437
0.0881590
0.1226062
-0.0718548
-0.0937663
0.0110795
-0.0348575
-0.0175853
-0.0635033
-0.1227412
0.1376431
0.0460927
-0.0762472
-0.1268240
-0.1040730
-0.1194800
-0.0077661
0.0034329
0.0918811
0.1106558
0.0762921
0.1146929
0.0944348
-0.0246846
-0.0074487
-0.0897405
0.0736447
0.0384216
0.0834957
0.0023264
-0.0318487
0.0141190
-0.1892313
-0.1891881
0.0598661
0.0329628
-0.0618243
0.0572287
0.1547053
0.0534890
0.1632804
0.0623451
0.1762347
0.2312160
0.3162274
0.1045310
-0.4073968
-0.6300504
-0.7849413
-0.2300017
0.3321936
0.7151368
0.6019162
0.2100061
0.0284091
-0.0786758
-0.0744016
-0.0260406
-0.1197573
-0.0192613
0.0317717
-0.1697887
0.0924223
0.1047168
-0.0194278
0.1272192
-0.0727556
-0.0728521
-0.0024181
-0.0430972
0.0809171
0.0614554
0.0465063
0.0576343
-0.1683989
0.0588072
-0.1129356
-0.0371085
0.1173896
0.1261205
-0.1060325
-0.0063288
0.0191213
0.0700979
-0.0809784
0.0025825
0.1231291
0.1257717
-0.1298721
0.0507359
0.1192436
0.0110011
0.0367130
0.0445589
0.0443830
0.0430011
-0.0383165
0.0205126
0.0509809
0.0711723
0.0561653
0.0031722
0.0547333
-0.0608233
0.0779522
0.0008569
0.0920999
0.0358916
-0.0813874
0.0306577
0.1157148
0.1585520
0.1138690
-0.0764079
0.1144309
0.0709458
0.0672882
-0.0420595
0.0160627
-0.1201003
0.0829528
-0.0829783
0.0660165
0.0373105
-0.1046662
0.0111284
0.1775703
-0.0216939
0.0075439
0.0115657
0.2586783
0.2065872
0.1150322
-0.3412805
-0.6750817
-0.7388252
-0.0794640
0.3405640
0.4802670
0.3835712
0.1138931
-0.1326638
-0.0348373
-0.0225702
-0.1447966
-0.1377807
-0.2136780
-0.1459135
-0.0485170
0.0806256
-0.1184445
0.1243750
-0.0808055
0.0837722
0.0960239
0.1025930
-0.0197919
-0.0401477
-0.0066634
-0.1457915
-0.0215946
-0.0260423
-0.0672973
-0.1375710
0.1150797
-0.0458765
-0.0177567
-0.0900782
0.1179520
0.0560924
-0.0374241
0.0872366
0.0713308
0.1271389
0.0925226
0.0318686
0.0788551
-0.1403912
-0.0694916
0.0450929
0.1341163
-0.0196060
0.0907482
-0.0061904
0.1469552
0.0395705
0.0605039
0.0466050
0.1096464
-0.0919432
0.0121160
0.0187510
-0.1613630
0.1083135
0.0614418
0.0363007
0.1414455
0.1633177
0.1640039
-0.0238603
0.1697404
0.0822005
0.0426043
-0.0633986
-0.0394956
0.0662977
0.0509294
-0.2089067
-0.1146464
-0.1679763
-0.0177045
-0.0344333
0.0510941
0.2113758
0.0925182
0.1981521
0.0747354
0.1895897
0.1596228
0.1161887
-0.4473890
-0.7240410
-0.6861865
-0.1179979
0.4085492
0.7411747
0.4866819
0.0548463
0.0549372
0.0681453
0.0764935
-0.0181918
-0.1121931
-0.0983789
-0.2238847
0.0287322
-0.1488599
-0.0409932
0.1000407
0.1018720
0.1124911
0.1453001
0.0362428
0.0771636
-0.0760777
0.1231857
-0.1537056
0.0178265
0.0939757
0.0324303
-0.0015884
-0.0181835
0.1144317
0.0316086
-0.0726983
0.1118210
-0.0025522
-0.0686896
-0.1152204
0.1079978
0.1124614
-0.0164016
0.0917196
0.0858434
0.0949477
0.0208268
0.0762565
-0.0253137
-0.1234238
-0.0594796
0.1426139
-0.0429623
0.1469037
-0.0357655
0.1257962
0.1075537
-0.0367913
0.0493020
-0.1474786
0.0272288
-0.0767329
-0.0684258
0.1066804
0.0935567
0.1064938
0.1156957
-0.0547849
0.1104016
-0.0566486
0.1426193
0.0377226
0.0643713
0.0048695
-0.1732700
-0.0098958
-0.0931797
-0.0605154
-0.0288077
0.0866712
-0.1203681
-0.0675408
0.0150189
0.0995602
0.0740958
0.2099430
0.3129237
0.1103883
-0.1374566
-0.5558112
-0.5288469
-0.1583307
0.2004409
0.6019021
0.4212174
0.2694547
-0.0981317
0.0798781
-0.1071892
-0.1176873
-0.1440607
-0.1493596
-0.0843220
0.0734135
-0.0297880
-0.1066244
0.0670540
-0.0778843
0.0862089
0.1172374
0.0315167
0.1559545
-0.0700492
-0.0609101
-0.0376537
-0.0767754
0.0861678
-0.1107260
-0.0759541
0.0749018
0.0582718
0.1309638
0.0688332
0.0404408
-0.0534846
-0.0705922
0.1319121
0.0914685
0.0062905
-0.0845723
-0.0240704
0.0597203
-0.0149578
-0.0721098
0.0932244
0.0986628
0.0038029
0.0129884
-0.0197837
0.0669302
0.0789336
-0.1037767
-0.1272965
0.0782347
0.0974425
-0.1169974
-0.1203687
-0.0565222
-0.0688745
-0.1398952
-0.0499797
0.0362941
-0.0629696
0.1650290
-0.0776731
0.0003751
-0.0898032
-0.0354348
-0.0158049
0.0332159
0.0592932
0.0290678
-0.1508090
-0.0409393
-0.1192289
-0.1329626
-0.0165209
-0.0741469
0.0933081
0.0784467
0.1202590
0.1426858
0.1652845
0.1869488
0.2840509
-0.2446311
-0.6815679
-0.8015497
-0.3347473
0.2139351
0.5371688
0.5620927
0.1814670
-0.1105770
-0.1655584
0.0080286
-0.1175065
-0.0323698
-0.1011783
0.0324081
-0.0670135
-0.1494669
-0.1379645
-0.0165075
0.0925334
0.1100861
0.0141428
-0.0225808
0.0709385
0.1203515
0.1156555
0.0399324
-0.0017497
0.0926085
-0.1143456
0.0985327
0.0973679
-0.1058540
0.0153398
0.0531147
-0.1056489
-0.0209990
0.1332850
-0.0819030
0.1024469
0.0069034
-0.0223426
-0.0305857
0.1232766
-0.0827151
-0.0712239
0.0238173
0.0041310
-0.0037526
-0.0666564
0.1125065
-0.1112292
-0.0341212
-0.0521280
-0.0311139
-0.0987198
-0.0753980
0.0525456
0.1014629
-0.1069105
0.0100463
0.1112150
0.0794478
-0.0207305
-0.0445899
0.0323249
-0.0397321
0.1742569
0.0961624
0.0612222
-0.0802908
-0.0502327
-0.0435370
-0.1688485
-0.1833528
-0.0490812
-0.0909861
-0.0870292
0.0247042
-0.0910629
0.0509712
0.1952291
0.2321150
0.1329514
0.1630125
0.4160830
0.1245365
-0.2498846
-0.6435009
-0.7256136
-0.5837521
0.1543920
0.6738362
0.5186199
0.2714849
0.1019695
0.0794995
-0.1484471
0.0677245
-0.1186478
-0.0944857
-0.0030788
-0.0441869
-0.1493562
-0.0490570
-0.0503808
-0.0150393
0.0547439
0.0543333
0.0362169
0.0025663
-0.0188200
0.0604804
-0.0569143
0.0983690
-0.0304782
-0.0913448
0.0389728
0.0646853
-0.1040517
-0.0903438
-0.1227172
-0.0861065
0.1315477
-0.0074065
0.1427445
-0.0453364
0.0788782
-0.0532388
-0.1313731
0.0465928
0.0370211
0.0389411
-0.0990029
0.0911495
-0.0831369
-0.0614532
0.1281996
0.0789380
0.1071917
0.0515318
-0.0847635
-0.0181255
-0.0850735
-0.0022378
0.1056328
-0.0249954
-0.0345045
-0.1085977
0.0986565
0.1258979
-0.0030929
-0.0378859
0.0132954
-0.0718296
-0.0917777
0.0221760
-0.0636011
0.1124679
-0.0790807
-0.1073620
-0.1281265
-0.1397792
-0.1957903
-0.1688947
0.0422694
-0.1224697
0.1436355
0.0663874
0.1933358
0.1387346
0.1906863
0.3036361
0.2571604
-0.0821543
-0.4223812
-0.6216164
-0.4631457
0.0310902
0.4183843
0.5760388
0.3106402
0.0506500
-0.1580257
-0.1069680
-0.0075470
-0.0747352
-0.1887050
-0.0242277
0.0045450
0.0672125
