0.1226013
-0.0138265
0.1184851
0.0159897
-0.0060030
-0.0464249
-0.1237631
-0.1175345
-0.1954584
0.0271435
0.0354334
-0.2132030
-0.0616785
-0.0233853
0.1127048
0.0914226
-0.0159565
0.2637059
0.0590244
0.2582854
0.0548108
-0.0280768
-0.0347634
0.0375783
-0.1178117
-0.5910620
-0.9634388
-0.8876742
-0.0877992
0.7714401
1.4657433
1.5614684
0.4743736
-0.4720554
-1.1167518
-0.8408567
-0.3907780
-0.0638109
0.0122000
-0.0337594
0.0953036
0.2577442
0.1420664
0.2175708
-0.0207805
0.1768102
0.0972319
-0.0726851
-0.1061048
-0.0394833
-0.0430673
-0.1312067
-0.0347099
-0.1472560
0.0282198
0.1282016
0.0203044
-0.0553713
-0.0515615
-0.0277978
-0.0069976
0.1347885
0.0562416
-0.0823616
0.0162896
-0.0464291
-0.0889302
-0.1443164
-0.0076957
0.0998598
-0.1329895
0.0679700
-0.0724132
-0.0288284
-0.0466859
-0.1147011
0.1398117
-0.0301139
0.0844030
0.0658094
0.0112196
-0.0214048
-0.0814119
0.0016195
-0.0322279
0.0384894
0.0895019
-0.0400518
-0.1345174
0.0120061
0.0628950
0.0178563
-0.0745016
-0.1369370
-0.1322467
-0.0938355
-0.1309458
-0.0219903
0.1036369
-0.0071260
0.1524314
0.0077682
0.0542610
0.0489345
0.0458758
-0.0819826
-0.1203735
0.0657088
-0.2018440
0.0415291
-0.1189588
-0.1652249
0.0506900
-0.1277643
0.0031482
0.1475625
0.0931720
0.1100077
0.1933999
0.1517593
0.2355352
0.1315869
0.0257826
-0.2059915
-0.3924698
-0.6955731
-1.0239337
-0.7725143
0.1671829
1.1968261
1.7221123
1.1566208
0.1560016
-0.6511541
-0.9168641
-0.8016947
-0.2038538
-0.1037215
-0.0855914
0.0693499
0.1897927
0.1843163
0.2281739
0.1927150
0.1043776
0.0203467
-0.0449598
-0.1372930
-0.1203294
-0.0396116
-0.1171858
0.0222112
-0.0922840
-0.0453685
-0.1164977
0.0991011
-0.0545387
-0.0972096
0.0448625
0.1202175
-0.0273122
0.1416362
-0.1047812
0.0098633
0.0804553
0.0531032
-0.0525529
0.0840421
-0.0944843
-0.0768450
-0.0466616
0.1049810
-0.1059344
0.0458801
-0.1259359
0.0158537
0.0277390
0.0673897
0.0481016
-0.0990911
-0.0725241
-0.1233254
-0.0711317
-0.0444733
0.0432968
0.1096514
-0.0219842
-0.0897511
0.1256786
0.1179926
-0.0542236
-0.1130386
0.0137888
0.0598382
-0.1453474
-0.0704822
0.0002127
0.1306686
0.1229185
0.0731978
-0.0854929
0.1273672
-0.1000465
0.1295957
0.1309221
0.0918893
-0.0185428
-0.0431475
-0.0218567
-0.1608856
-0.1501113
-0.1577203
-0.0922596
-0.0426305
-0.0542269
0.1549238
0.1523818
0.2674507
0.1624559
0.0464687
0.0622815
-0.0799436
-0.0674694
-0.3583066
-0.7768893
-0.9008117
-0.6627425
0.1483865
1.2087250
1.6736312
1.3254877
0.0770953
-0.6701976
-1.0552589
-0.7684894
-0.4032958
-0.1307502
-0.0031126
0.1261274
0.2796856
0.1665443
0.2360431
0.0572875
0.1214383
0.0044390
-0.0503389
-0.0006055
0.0235678
0.0121090
0.0004950
0.0419633
-0.1219662
-0.1262409
-0.0367463
0.0487481
0.1545955
0.0403630
0.0127520
-0.0958817
-0.0921159
0.0882306
-0.1110979
-0.0799610
-0.1264670
0.1031681
-0.0866869
-0.1440097
0.0935822
0.0052298
0.0368558
-0.0455521
-0.0956701
-0.1083166
0.1304629
-0.1223343
-0.0390658
-0.0078537
0.0781733
-0.0338071
-0.1053735
0.0967837
-0.1175882
0.0198725
0.1029031
-0.0353505
0.0431602
-0.0466362
-0.0265794
-0.0235562
-0.0273827
-0.0901358
-0.1197451
-0.0943804
-0.1424919
0.1188593
-0.0010564
0.0449703
-0.0068615
0.1597562
0.1695611
0.1702386
-0.0371400
0.0701579
0.0668171
-0.0078712
-0.0351189
-0.0175144
-0.1965018
-0.1032679
-0.1904840
0.0189818
0.0568220
-0.1032686
0.0552805
0.1548445
0.2877567
0.3105870
0.1728661
0.1820090
-0.0711044
-0.1276951
-0.1422201
-0.4151196
-0.5991776
-0.8813617
-0.5741952
0.1234391
1.0954562
1.6376716
1.2325528
0.2692946
-0.6283162
-1.0673974
-0.7273276
-0.2921135
0.0226246
0.0616573
0.1453912
0.2520503
0.2033289
0.1573498
0.0235008
0.1159363
0.1512177
-0.0568624
0.0245100
-0.1657471
-0.0805283
-0.1666051
0.0587256
-0.1140225
0.0594306
-0.1327325
0.0483336
-0.0530816
-0.0248988
0.0896027
0.0576055
0.1489410
-0.0846068
0.0627040
0.0981180
0.0075148
0.0009470
-0.1273534
-0.0901931
0.0909656
0.0402593
-0.1004494
-0.1092095
0.0174891
-0.0238270
0.0684454
0.0387758
0.1099907
0.0730227
0.0318090
0.0643740
0.1119068
0.0378357
-0.0351097
-0.0899060
-0.0027826
0.1059397
0.1232011
-0.0259572
-0.1208005
-0.1025473
-0.0070657
-0.0794598
-0.0780960
0.0007566
-0.0543089
0.1219638
0.1121455
-0.0887864
0.0708104
-0.0390398
-0.0196275
-0.0148934
0.1680378
0.1199246
0.1334857
-0.0480306
-0.0541824
-0.0513048
0.0118115
-0.1855088
-0.0015004
-0.1910061
0.0624602
-0.0862728
-0.0635373
0.1523190
0.1614710
0.1874299
0.2716913
0.1237620
0.1816395
-0.0427067
-0.0040145
-0.2124852
-0.5175296
-0.8327831
-0.8151640
-0.4388051
0.5285358
1.4670475
1.4846973
1.0586454
-0.1731294
-0.9648427
-0.9045680
-0.5809285
-0.1574460
0.0218574
0.0558066
0.1695987
0.1492988
0.3749408
0.2727149
0.1897791
0.1380172
0.1709387
0.1007817
-0.0154650
-0.0753006
-0.1713279
-0.0533949
-0.1199586
-0.1047629
-0.0652309
-0.0607456
0.0624703
-0.0320993
0.1014195
-0.0183708
0.1543136
0.0952811
0.0335748
0.0691407
0.0908037
0.0795616
-0.1340392
0.0491819
-0.1531819
0.1149795
0.0236393
0.0496281
0.0245232
-0.0577517
0.0157864
0.0390169
0.0783498
0.1161240
-0.1045380
-0.0587291
0.0248256
0.1112156
-0.0292714
-0.0408297
0.1363215
-0.0032060
-0.0591141
0.1145674
-0.1162365
-0.0013099
-0.0991416
0.0935939
-0.1316001
-0.1580778
0.0993522
-0.1216824
0.0594337
0.0619488
-0.0287663
0.0533989
0.1756461
-0.0513189
-0.0613944
-0.0925550
-0.1164296
-0.1329539
-0.0747816
-0.0843177
-0.1213708
0.0101446
-0.1538135
0.0023790
-0.0351700
-0.0529705
-0.0267857
0.0163926
0.0667619
0.1324017
0.0503285
0.0667856
0.1383398
0.1880754
0.0237322
-0.1067051
-0.1891893
-0.6354095
-0.9082441
-0.7817630
-0.0509865
0.7838856
1.6532011
1.2682853
0.3643976
-0.5455017
-1.1474330
-0.9543400
-0.4546741
-0.2076697
-0.0824905
0.0316691
0.1413353
0.1666294
0.2673971
0.2694156
0.0561714
0.0955782
-0.1019375
-0.0446927
0.0004871
-0.1615305
0.0000132
-0.1230277
-0.1915303
0.0344210
0.0914853
-0.1027324
-0.0328064
0.0475931
-0.0262505
-0.0751375
0.1254182
0.0831250
-0.0203320
-0.1238506
0.0313830
-0.0904279
0.0509201
-0.1212365
-0.1240063
0.1186795
0.1005447
0.1092968
-0.0116730
-0.0679986
0.0365896
-0.0665268
0.0227017
0.1265472
0.0215930
-0.1134129
-0.0906735
-0.0191875
-0.1256309
-0.1154168
0.0918787
-0.1114961
-0.0293319
-0.1208737
0.1233868
0.0137294
-0.1424194
0.0948617
-0.1452756
0.0056868
-0.0275827
0.0800284
-0.0264141
0.0262929
-0.1050750
-0.1017345
0.1146299
0.1811034
-0.0148111
-0.0280223
0.0950225
-0.0290517
0.0416693
-0.0024905
-0.0531503
-0.1156324
-0.1440421
-0.0554411
-0.1907428
0.0893256
-0.0201289
0.0601568
0.1333056
0.2558565
0.2776021
0.3331443
0.0298713
-0.0102188
-0.0686430
-0.1348953
-0.2669464
-0.6120194
-1.0191675
-0.6048175
0.3016898
1.3192829
1.6063130
1.1064783
-0.0191813
-0.7503255
-1.0393084
-0.6514066
-0.1185888
-0.0431870
-0.1720008
0.0586945
0.2467560
0.2590713
0.2590452
0.0756724
0.0530809
-0.0480354
0.0361769
0.0133679
-0.0787170
-0.0832427
0.0331687
-0.1153443
-0.0023019
-0.1478712
0.0172984
0.1504848
-0.0983638
0.1380931
0.0699386
0.1504680
0.0709800
-0.0161754
0.0407622
-0.0587337
0.0168096
-0.0245867
0.0561140
-0.1464126
-0.1400740
-0.0850963
-0.0373916
-0.0657560
-0.0409093
0.0662476
0.1115232
-0.0639860
-0.0639833
-0.0791274
0.0846260
0.1174565
-0.0279733
0.0245040
-0.1237744
-0.0092370
-0.0385999
0.0653511
-0.1140330
-0.0109711
-0.1274585
-0.0475073
-0.0714346
-0.0532467
-0.0389072
-0.1438477
-0.0793063
-0.0843570
-0.0320450
0.0303727
0.1342190
-0.0846454
-0.0065196
0.1611188
0.0272447
0.1473774
-0.0438819
0.0324030
0.0211380
-0.0874625
-0.0956878
-0.0875540
-0.1400631
0.0608699
-0.1094209
-0.0066569
0.0785203
-0.0246104
0.0198413
0.3070872
0.1258607
0.1907661
0.1155615
-0.0640252
-0.0136586
-0.1635565
-0.4243483
-0.7966062
-0.9651590
-0.1871220
0.5924302
1.5273089
1.4492120
0.6002399
-0.3476884
-0.8355125
-0.8664320
-0.4691992
-0.0050659
0.0161451
0.0063004
-0.0043400
0.2430189
0.3084048
0.1446171
0.1767678
0.1059437
0.0760046
0.0604396
-0.1589489
-0.1537559
-0.1971373
0.0300272
-0.1140153
0.0269602
0.0429394
0.0348862
-0.1156162
-0.0635037
-0.0628235
0.1382264
0.1184815
0.0876090
-0.0662388
-0.0186204
0.1224185
0.0929958
-0.0137063
0.1047194
-0.0554949
-0.0414184
0.0122383
0.0690455
0.0896830
-0.0100145
-0.0765990
0.0223513
0.1199943
-0.0149417
0.0797201
0.0411426
-0.0603018
0.0078726
-0.0374636
-0.1041153
0.1128295
0.1172639
-0.0399449
-0.0150460
0.0988324
0.0641343
-0.0018231
-0.1561185
-0.0240291
-0.0251925
-0.1102936
0.0713784
0.0194825
-0.1298356
-0.0912603
0.1589534
-0.0530121
0.1703657
-0.0205761
0.1345586
0.1389957
-0.1177039
0.0266288
0.0557755
-0.1571791
-0.1439613
-0.1918164
-0.1293830
-0.0149148
-0.0959132
-0.0852698
-0.0413374
0.1285755
0.2770355
0.1067214
0.3046884
0.0578673
0.0623831
-0.1044373
-0.1940264
-0.3753454
-0.5632050
-1.0214812
-0.5746531
0.1977541
1.2947619
1.4447083
1.0664505
0.0112079
-0.7169845
-0.8070721
-0.6182341
-0.2513398
0.0164295
0.0572490
0.0190184
0.2768316
0.0873269
0.2149031
0.1974613
0.0654212
0.0685014
0.0973388
0.0638583
0.0380419
-0.1705775
0.0326262
-0.0361723
-0.0702701
-0.1460548
0.0454068
0.0441025
-0.0561863
-0.0881839
0.1769039
0.1246089
0.0769477
0.1160291
0.0435623
-0.1304747
-0.1206091
-0.0747540
-0.0679758
-0.1177493
0.0322661
-0.1219332
-0.0784663
0.0670484
0.0137584
-0.0898698
-0.1258266
0.0993269
-0.0533640
-0.0859780
-0.0108414
-0.0580372
0.1239476
0.0572864
-0.0286382
-0.0196204
-0.0355969
0.1460515
0.0373598
0.0285853
-0.0807366
-0.0467983
-0.0047587
0.0433291
0.0440768
-0.1510833
0.0950092
0.0263244
0.0449049
0.0844708
-0.0540922
0.1383190
-0.0119454
0.1284194
0.0177820
0.1604728
0.0209835
-0.1164350
-0.1158371
-0.0998586
-0.1862779
-0.1934230
-0.1218154
-0.1975518
0.0977632
0.0873742
0.1876803
0.0944593
0.1494824
0.3309681
0.3331378
0.0763708
0.0039754
0.0745004
0.0197125
-0.2423741
-0.5346641
-0.7934350
-0.8598377
-0.0305484
1.0696545
1.4954194
1.1835921
0.4611981
-0.5014560
-1.0742116
-0.8623365
-0.3155039
-0.1237848
-0.1632090
0.0694091
0.0307574
0.1976005
0.1394747
0.2081506
0.1708439
0.0861938
0.1544754
-0.1029124
-0.0132687
-0.1671696
-0.0945038
0.0229627
-0.0965283
-0.0368626
0.1105358
0.0770540
-0.0173381
0.1221401
-0.0098812
-0.0129997
0.1046871
-0.1048924
0.0866571
-0.0935433
-0.1194705
-0.0850500
-0.0210325
-0.0863999
-0.1169864
-0.0365521
0.0930277
0.0512628
0.0133097
0.0844571
-0.0633074
-0.1301805
-0.0078172
0.1309985
-0.0250469
0.0242608
-0.0468037
0.0395425
-0.1031454
0.0152831
-0.1005745
0.0158133
0.0071872
-0.0187292
-0.0006281
-0.0525136
0.0233532
0.0617064
-0.1161494
-0.1409355
-0.0259875
-0.0225821
0.0776547
-0.0661397
-0.0015636
0.0302083
0.0518521
-0.0736145
-0.0395782
-0.0765223
-0.1208707
-0.1244961
-0.1495661
-0.0705722
-0.1737413
0.0195837
-0.1218628
-0.1458414
-0.0903509
0.0898989
0.1863755
0.1711524
0.2075776
0.0610177
0.2607966
0.1474439
0.0239186
-0.0143050
-0.0341784
-0.3309964
-0.6364452
-0.8548780
-0.8611567
-0.1873481
0.8418820
1.4994500
1.4624363
0.3830528
-0.4753297
-0.9857902
-0.9085380
-0.4294139
-0.0043450
-0.0814686
0.1123669
0.2053055
0.1001533
0.1429023
0.2584135
0.0977772
0.0321359
0.0232499
-0.0879450
0.0197989
0.0224304
-0.1362888
-0.1021016
-0.1087943
-0.0563979
-0.1548449
0.0350026
0.0609383
-0.0101845
0.0935610
-0.0227570
-0.0620458
-0.0941316
-0.0589613
0.0258999
-0.1124446
-0.0299648
0.0314187
-0.1362342
-0.0901738
0.0334462
-0.1324081
-0.0440451
0.0828904
-0.0178623
0.0819149
0.0823620
-0.0380387
0.0994393
0.1210953
0.0350787
-0.0344099
0.0769497
0.0532890
0.0355427
-0.1058586
-0.0636898
0.0298380
0.0219291
0.0996672
-0.0243607
-0.0242580
0.0721492
-0.0634875
0.0856194
0.0147564
0.1026794
0.0621386
-0.0758694
-0.0406779
0.0356706
-0.0977398
-0.0052705
0.0704573
-0.0259112
0.1231957
0.0523819
-0.1055531
-0.0103650
-0.0582439
-0.1997675
-0.1987263
-0.0235758
-0.1304904
0.0209176
0.0411384
0.0612359
0.1664463
0.3133817
0.2013353
0.2157669
0.0133573
-0.0621051
-0.0334832
-0.2620237
-0.5329834
-0.7989925
-0.8466807
-0.1789150
1.0113910
1.5608457
1.4614387
0.4337985
-0.5859874
-1.1502291
-0.7960842
-0.3900604
-0.0565219
-0.1244826
0.0808943
0.1928303
0.3123388
0.3578123
0.2820209
0.2304760
0.0879027
0.0772880
0.0332472
-0.1981195
-0.1441749
-0.1910215
0.0350349
0.0447386
-0.0821013
-0.1215762
0.0923875
0.0226883
0.1129786
-0.0386246
-0.0768452
0.1392972
0.1041166
-0.0998973
-0.0121619
-0.1260877
-0.0160253
-0.0491432
-0.0739389
0.0440377
0.0307247
0.1115974
-0.0579758
0.0461683
-0.0753390
-0.0252240
-0.0653344
-0.0712824
-0.1279645
-0.0101213
-0.0749187
-0.0849662
0.0473597
0.0171726
-0.1151568
-0.0279297
-0.0378712
0.0291551
-0.0345068
0.1431109
-0.0324753
-0.0050964
0.0601272
0.0174975
0.0664296
-0.1414336
-0.1041688
-0.0798431
-0.0685390
-0.0529549
-0.0147019
0.1674851
0.1286900
0.0144213
0.0090373
0.1094250
0.0295657
0.0835800
0.0776590
-0.0647386
-0.1662382
-0.1501347
-0.0435905
-0.0839518
0.0903765
-0.0038418
0.1397313
0.1918332
0.1894161
0.3390610
0.0771402
0.0446700
0.1584331
-0.1465998
-0.2186426
-0.4046120
-0.7316575
-0.9603986
-0.5607518
0.4689931
1.2770127
1.5040341
1.0635069
-0.0900465
-0.9935850
-1.0531414
-0.7084559
-0.1868341
-0.1212412
-0.1043267
0.0777924
0.1740499
0.1745176
0.1315394
0.0062053
-0.0474242
0.1136379
0.0923082
-0.1574092
-0.1970475
-0.1307239
0.0326770
0.0565602
-0.0286895
-0.1168287
-0.1028023
0.1076017
0.1567365
