0.0588736
-0.0906852
-0.0960944
0.0664610
0.0727818
-0.0535177
-0.0379314
-0.1300133
-0.1277179
0.1171996
0.0029338
0.0503467
-0.1346022
-0.0272490
-0.0041924
0.1213850
0.1202027
-0.1254152
-0.0878357
-0.0979116
-0.1036289
-0.1212864
0.0974934
0.0802931
0.0096210
0.0319883
-0.1435024
0.0229981
-0.1106113
0.1132492
0.0958610
-0.0312140
0.0514704
0.1023301
0.1254489
0.0900311
0.0357261
0.1090639
0.0318697
0.1271486
-0.0038082
0.0618212
-0.0011085
0.0472633
-0.1936321
-0.0522113
-0.0785922
-0.0670327
-0.1396735
-0.1133187
-0.0098799
-0.0507907
0.2278019
0.0884917
0.0786041
0.1261738
0.0259582
0.0895144
0.0182340
-0.0713508
-0.3807009
-0.5788141
-0.8276730
-0.5999077
0.0588057
0.9796345
1.5249226
1.3905903
0.2174644
-0.7285673
-1.0230982
-0.6011356
-0.1723261
-0.1793338
-0.0403962
-0.0070331
0.2595186
0.2590570
0.0900785
0.2778484
0.0294149
-0.0047297
0.1396893
0.0520925
-0.1527305
-0.0477492
0.0232574
-0.0300985
-0.0152585
-0.0081967
-0.1173436
0.0984309
0.0831858
-0.0982623
0.1721346
-0.0019213
0.0115456
0.1611791
0.0260655
-0.0195053
-0.0121442
0.0144985
-0.0498422
-0.1257510
-0.1123886
0.0539119
0.0186897
-0.1031293
0.0703638
0.0394706
0.0661662
-0.0811072
0.0239370
0.0386101
-0.0004069
-0.1107558
0.0935869
0.1056940
-0.0206489
-0.0163909
-0.0858319
-0.0765291
0.0868994
-0.1274494
0.0320250
0.0446319
-0.1102078
0.0339044
0.0346677
-0.0684077
-0.1497133
0.0715882
0.1366191
0.0517208
0.1546481
0.0027831
-0.0409366
0.0510197
0.0537993
0.0832207
0.0215015
-0.1057000
-0.0906640
-0.1885081
-0.0274779
-0.1313397
-0.0005423
-0.1368811
-0.0831903
-0.0263949
-0.0246579
-0.0297696
0.1819736
0.2151428
0.1617161
0.0924943
0.1456922
-0.0742612
-0.1174564
-0.2908025
-0.2778610
-0.8143790
-0.7445233
-0.5934798
0.2865560
1.1851511
1.4910316
0.8742756
0.0059499
-0.7520745
-0.8702782
-0.6157883
-0.3064235
-0.1674585
-0.0639995
0.0299397
0.1844717
0.2528247
0.2412251
0.1793851
0.2227958
-0.0294028
0.1290861
0.0880254
-0.1371822
-0.2003307
-0.1644380
-0.2116623
-0.1393813
-0.0082583
0.0462202
-0.0528891
-0.0025573
0.0421165
-0.0208886
0.1637802
-0.0839778
0.0392760
-0.0696523
0.0161833
0.0244513
0.0869937
-0.1238616
-0.1441093
0.0748912
-0.0789518
0.0333120
-0.0316091
-0.0967497
-0.1253925
0.0302726
-0.0824801
-0.0408230
0.0004794
0.1035029
0.1397170
0.0882154
-0.1203787
0.0678057
0.1128726
0.0127127
-0.0117324
0.0354281
-0.1233099
-0.0161812
-0.1036353
-0.0151142
0.0943835
-0.0701044
-0.1458561
-0.0399289
-0.0947316
-0.1393408
0.0624976
0.0440758
0.1500758
0.1023647
0.0766545
0.0483287
0.0547130
0.1135246
-0.0608822
-0.0961258
-0.1094250
-0.1121417
-0.1478056
-0.1984364
-0.1473697
-0.0688053
-0.1144148
0.0169016
0.1550108
0.1659155
0.0941235
0.3222276
0.1106215
0.1922095
0.1248359
-0.0094104
-0.2461983
-0.5155460
-0.8654626
-0.9999632
-0.3486174
0.4177432
1.2343667
1.3519219
0.6508394
-0.1860443
-0.7759085
-0.7094851
-0.4797680
-0.2345508
-0.0282336
0.0446307
-0.0210479
0.1716251
0.0852319
0.2282507
0.1611735
0.0157119
-0.0529008
0.0467231
-0.1652914
0.0193574
-0.0028652
-0.2034899
-0.0555967
-0.1563125
0.0684732
-0.0341666
0.1349172
0.1303659
0.0656538
0.1572303
-0.0023611
0.0162734
0.1454055
0.0185706
-0.0034754
-0.1166781
-0.0486669
-0.0266105
0.0372355
-0.0147322
-0.0493596
-0.0132108
0.0656285
-0.0035709
-0.0461464
0.0833499
0.0157648
-0.0431640
-0.1014730
0.0037998
0.1310067
0.1374725
-0.0273464
0.1384710
-0.1181476
0.0813740
-0.0039112
-0.0851653
0.0686155
0.0703042
0.0438874
-0.0516255
-0.0714495
0.1086555
-0.0911358
-0.0765896
0.0704290
0.1249528
0.0149117
-0.1032782
0.0746083
-0.0845459
0.0216041
0.1390588
-0.0048327
0.1383127
0.1235962
-0.0373746
-0.1483220
-0.0319704
0.0447972
-0.0289326
-0.1549678
0.0303650
-0.0612910
0.0948246
0.0929256
0.0618162
0.0907602
0.2380479
0.2006032
-0.0113808
0.0983789
-0.1610500
-0.0638721
-0.4435785
-0.8562776
-0.9063587
-0.3776535
0.5355177
1.4896756
1.4530703
0.5918462
-0.3648474
-0.7918656
-0.7405175
-0.2766493
-0.1252705
-0.1509614
0.0642569
0.1207784
0.3268469
0.3042402
0.1016155
0.0896902
0.1282991
0.0558934
0.0648465
0.0566950
-0.1270182
-0.0831302
-0.0171545
-0.0129573
0.0473691
0.0568158
0.0025022
-0.0879404
0.0181130
0.1211604
0.0010855
-0.0021132
0.1666277
-0.0643794
-0.0402880
0.0374113
-0.0469393
-0.1368769
-0.0881363
-0.0511823
0.0463303
0.0622226
-0.0479601
-0.0282406
-0.1207072
-0.1014758
-0.0804454
0.0944908
-0.0456040
0.1115177
-0.0756266
-0.1274761
-0.0715879
-0.0771530
0.0758984
0.1038480
-0.0776371
-0.1225087
-0.0289940
-0.1102768
-0.0014133
0.0911791
-0.1291773
0.0446298
0.0897881
-0.0045023
-0.0219912
0.0764175
0.0275110
-0.0065640
-0.0860555
0.0073263
0.0785059
-0.0853916
0.0326894
-0.0479091
-0.0891660
0.0241900
-0.1227024
0.0540324
-0.1359841
-0.2051806
-0.2149594
-0.0791653
-0.0664339
0.0398273
-0.0122376
0.0446020
0.1727089
0.1761688
0.2407834
0.2180614
0.1147774
0.1310613
-0.1488200
-0.1681329
-0.5520851
-0.8640508
-0.8297732
-0.1495210
1.0292718
1.3819189
1.1701262
0.3958343
-0.4641832
-0.8430635
-0.6871431
-0.3441207
-0.2400024
-0.1925613
-0.0294763
0.0689556
0.1679541
0.2697848
0.0213026
0.0412320
0.0432147
-0.0949887
-0.1189588
0.0550254
-0.0639960
-0.0937046
-0.1037374
0.0567265
-0.1192001
-0.0150980
-0.1087921
-0.0567507
0.0604088
0.0326057
0.0800013
0.1323210
-0.0533231
0.1278597
0.0249753
0.0863813
0.0008863
-0.0556316
-0.0121825
-0.0738135
0.0507486
0.0843494
0.0376413
-0.0427825
-0.1164943
-0.0139626
-0.0915509
0.0444254
-0.0720044
0.0605923
-0.0786409
0.0214135
-0.0787775
0.1247119
0.0528496
-0.0617538
-0.0465594
0.0205118
0.0703800
0.0308560
-0.0462834
-0.0632366
0.1148896
0.0071466
0.0015861
-0.0434593
-0.0898577
-0.1281470
-0.0153268
0.0125174
0.1252469
0.1102103
0.0450226
-0.0810751
-0.0975281
-0.1049311
-0.0835348
0.0970652
-0.0378070
-0.1558310
0.0170438
-0.0120829
0.0326667
-0.0145196
0.0950500
-0.0923553
0.0039413
-0.0198397
0.1700070
0.2811976
0.3298656
0.2147411
-0.0404372
0.0675018
0.0113839
-0.2308657
-0.7531517
-0.9122297
-0.6516704
0.1051105
1.0879517
1.6405689
1.2266211
0.2693195
-0.7332600
-1.0249276
-0.7100699
-0.2120496
-0.1112921
-0.1158840
0.1127120
0.0780725
0.2422806
0.1300509
0.2070757
-0.0285295
0.1659839
0.0258791
0.0629985
0.0356588
0.0470109
-0.1313268
-0.0194864
-0.0636607
-0.1649965
0.0189226
0.0770933
-0.0667366
-0.0116466
0.0218799
0.0891552
0.1619348
-0.0342261
-0.0287793
-0.0603149
-0.0671015
-0.1282837
0.0311832
0.0237170
-0.1227405
-0.0316772
-0.1008483
0.1208007
0.0686659
0.0269092
0.0310304
-0.0994686
0.0947234
0.0969757
-0.0848843
-0.0950116
-0.1155287
-0.0786184
0.0738256
-0.0861219
0.0256027
-0.0363324
0.0032156
-0.0366089
-0.1081131
0.0186997
-0.0539389
-0.1353982
0.0686091
-0.0395930
-0.0898182
-0.1483077
0.1147563
0.0550129
0.1268651
0.0994561
-0.0307723
-0.0174780
0.0191908
-0.0984323
0.1586895
-0.0828839
-0.1468275
0.0617243
-0.0901587
0.0244756
-0.1201377
-0.1284773
-0.1105824
0.1143001
-0.0785813
0.0684915
0.0060538
0.1303771
0.2474009
0.1778146
0.0335809
0.1746483
-0.1071946
-0.2651329
-0.4008045
-0.5961172
-0.9639150
-0.7202208
0.1946552
1.1921053
1.6468887
1.1236749
0.0125142
-0.7863357
-1.0407482
-0.5589649
-0.2828687
-0.0423250
0.0703674
-0.0698195
0.2367999
0.2162936
0.1707635
0.1013838
0.0336930
0.0415956
0.1514821
0.0973327
0.0019990
-0.0082783
-0.1612221
-0.2046076
-0.1415438
0.0328835
-0.1563755
0.1223761
-0.0857468
-0.0075648
0.1298170
0.1777249
-0.0663534
0.0044169
0.0086973
-0.0262804
-0.1320498
0.1194599
0.0279657
0.0741024
0.0651504
0.1193268
-0.0140929
-0.1028794
-0.0539326
0.0677614
0.0816308
-0.1291081
0.0128946
0.0782776
0.0827744
0.0092543
-0.0365823
-0.1298002
0.0598419
0.0020316
0.1382442
0.1226902
-0.0906176
0.0782241
-0.0973749
-0.0813598
0.0081604
-0.0927516
-0.1242983
-0.0282358
0.0768637
-0.0917058
-0.0435631
-0.1168444
0.1443447
0.1104195
-0.0603387
0.0369668
-0.0722550
0.0643546
-0.0381691
0.1279680
0.0371080
0.0065219
-0.0875824
-0.0951886
-0.2123592
-0.0005056
-0.0748444
0.1364948
-0.0512924
0.0702190
0.1476627
0.2604970
0.0706311
0.2262145
0.1368927
-0.1166627
-0.0538779
-0.0863434
-0.4685067
-0.8196988
-0.9423070
-0.4914456
0.4328391
1.3318309
1.6553055
0.9257621
-0.0747664
-0.8773578
-0.8931094
-0.5294255
-0.2427186
0.0860741
-0.0281742
0.0690676
0.3117557
0.2563171
0.2726536
0.1443888
0.0108082
-0.0457759
0.1055781
-0.1353619
0.0329607
-0.0235295
-0.1946741
-0.0866557
-0.0203107
0.0750128
0.0074144
0.0981477
0.0083556
0.1704719
0.1520115
0.0137380
0.1714077
0.0676379
0.0904855
-0.1212883
0.0741125
0.0027056
-0.0014758
0.0694132
0.0281906
0.0490134
-0.0833768
0.1004723
-0.0994864
0.0083674
0.0731668
0.1293363
0.0450323
-0.0082203
-0.1126437
0.0877252
0.0990490
-0.1230245
0.1325188
-0.0235607
0.0366076
0.0334518
-0.1174836
-0.0443172
-0.0699718
0.0257718
-0.0344733
0.0358100
-0.0507046
-0.1508973
-0.1289388
-0.0531362
0.0893214
-0.0325015
-0.0153781
0.1267525
0.0105975
0.0770748
0.1286785
-0.0752598
0.1561680
-0.0644275
-0.0616520
0.0526899
-0.2001868
-0.1509194
-0.1872556
-0.1990718
-0.0236885
-0.0025070
-0.0250824
0.1180486
0.2245065
0.2686531
0.3127650
0.0735848
0.0979143
0.0951267
0.0439518
-0.0859422
-0.3766424
-0.5774161
-0.9343563
-0.6138330
0.0448299
1.1641096
1.5340777
1.2505689
0.3531332
-0.7573968
-1.0166734
-0.7479608
-0.3325432
-0.0324430
-0.1447517
-0.0627695
0.2007157
0.2221621
0.2524489
0.1480516
0.1476780
0.0453247
0.0184612
-0.0599788
-0.1715411
-0.1865715
-0.0269194
-0.0275756
-0.1657544
-0.1624164
-0.1486209
0.0027285
0.0196953
-0.0888087
0.1426223
0.1369234
0.0328178
-0.0000704
-0.1030692
0.1253218
0.0005300
0.0302803
0.0967386
0.0386486
0.0182791
0.0357199
0.0424473
-0.0995117
0.0395673
-0.0004018
0.0695748
-0.0686466
0.0092351
-0.0121737
0.0760106
0.1187105
-0.0539935
0.0597472
-0.1093622
-0.0421552
-0.1034244
0.1046922
-0.0707722
-0.0241350
-0.0647436
0.0415907
-0.0118833
-0.0235120
0.0400859
-0.0190793
-0.0813040
0.0454077
0.0331088
-0.0248694
0.1393383
0.0483811
-0.0835282
-0.0636189
-0.0077464
-0.0651510
0.0789610
0.1215150
-0.1306864
-0.0705709
-0.0106676
-0.1473012
-0.1244839
-0.2103168
-0.1833931
0.0295011
0.0336308
-0.0673056
0.1483775
0.2144071
0.2878707
0.0692316
0.1853582
0.0556510
-0.1313956
-0.0514801
-0.3315369
-0.5867927
-0.8980189
-0.7326545
-0.1962281
0.6065897
1.3387639
1.4681282
0.5496396
-0.3648315
-0.9067062
-0.7675143
-0.3999106
-0.1360054
0.0021119
0.0223033
0.1324515
0.2175165
0.2636835
0.1789161
0.0197760
0.0479570
-0.0488597
0.0160279
-0.0907541
-0.1131684
-0.0785290
-0.1624822
-0.1685660
0.0012887
-0.0144691
0.0317195
-0.0064908
0.0284228
-0.0059796
0.0186569
-0.0733110
0.1566932
0.1294087
0.0306006
-0.0953405
-0.0460422
0.0829496
0.0019309
-0.1231436
0.0709781
-0.0050798
0.0406704
-0.0044390
-0.0359444
-0.0430275
0.0014364
0.0683282
-0.0700497
0.1040279
-0.0270585
0.0170347
0.0345987
-0.1282060
0.0532512
0.1045053
-0.0748251
0.0268157
0.1288423
0.0866035
0.0155364
0.0217921
0.0978479
0.0627738
0.0122596
-0.1195119
-0.1602559
-0.1240669
-0.0658913
-0.0983647
-0.0067266
-0.0082096
-0.0968929
-0.0430240
0.0869238
0.0504827
0.0785873
-0.1193153
-0.0482182
-0.0533178
-0.0487658
-0.1447623
-0.1694240
-0.1747209
-0.1865012
-0.0506175
0.0881412
0.0182353
0.1491428
0.2293061
0.1144840
0.2262855
0.1389307
0.1949773
-0.0781404
-0.0200967
-0.3501051
-0.5305595
-0.8849281
-0.7333393
0.1777259
1.0960908
1.6480739
1.3306617
0.3513183
-0.5322829
-1.0885228
-0.6731249
-0.2114657
-0.1042168
-0.1424851
0.1171533
0.2280424
0.2378297
0.3236996
0.1001330
0.0214307
0.0259006
-0.0210212
-0.0492089
-0.1726097
-0.0987200
-0.0436638
0.0491227
-0.1560168
-0.0628459
-0.0042196
-0.0502247
0.0061631
-0.1004112
0.0642590
0.1692058
0.0833935
0.1156092
-0.1078188
0.1082879
-0.0113313
-0.0977818
0.1216978
0.0510761
-0.0114980
-0.0904456
-0.1354772
0.0552447
0.0245610
0.1048885
-0.0094767
0.0918990
0.1152427
-0.0984423
0.1210387
0.1023316
0.0765105
-0.1289685
0.0149713
0.0211775
0.1475646
-0.0994800
0.0781323
-0.0581457
-0.1270392
-0.1247068
0.1020232
-0.1108977
-0.1387625
0.0209209
0.0902090
-0.0490405
-0.1304630
-0.1164514
0.1097345
-0.0686043
0.1555465
0.1061873
0.1725398
0.1680109
0.1169461
0.0622356
-0.1105277
-0.1316081
-0.0844124
-0.0605172
-0.2089494
-0.1727731
-0.1274633
-0.0137267
-0.0892570
-0.0800258
-0.0338005
0.1789592
0.1944463
0.3000021
0.2625828
0.1788181
-0.0396785
-0.0722985
-0.0213167
-0.4682747
-0.6513836
-0.9562226
-0.4359448
0.3160738
1.2487532
1.4288468
0.8948659
-0.0199993
-0.7196024
-0.9925921
-0.5354577
-0.2539594
-0.0634198
-0.0715819
0.1092692
0.0758975
0.3578477
0.1994214
0.1670583
0.1200928
-0.0038288
-0.0994343
-0.1242843
-0.0049157
-0.1055471
-0.1401471
-0.0910739
0.0757059
-0.1497372
-0.0104125
-0.0520413
-0.0248898
0.1153397
0.1003336
0.1193293
-0.0562082
-0.0702004
-0.0506396
-0.0023657
0.0032153
-0.1079877
0.0632053
0.0208271
0.0510726
-0.0164471
0.0882247
-0.1317069
0.0808536
-0.0040296
-0.1253893
0.1285326
0.1095477
0.0925880
0.1005981
0.0843316
0.1345341
0.1265805
-0.0995423
-0.0140859
0.0563046
0.0105974
0.1199267
-0.1223649
-0.1139075
0.0987571
-0.1123068
0.0043948
0.0083456
-0.1304107
0.0498398
-0.0759489
-0.0213849
-0.1092259
0.0306688
-0.0584189
-0.0932857
-0.0414060
0.1241814
0.0990499
0.1228208
-0.0582235
0.0654442
-0.0884876
-0.0464218
-0.1906308
-0.2004554
0.0106706
-0.1376364
