0.0422162
0.0530734
0.0073461
-0.0180279
0.0358831
0.0127359
-0.0274078
-0.0496613
-0.0574603
0.0297107
0.0053443
-0.0254790
0.0531257
0.0601275
-0.0144334
0.0549509
-0.0321610
0.0268884
0.0342917
-0.0218874
-0.0564200
-0.0300088
-0.0486967
-0.0105293
0.0243069
0.0005313
0.0486147
-0.0248609
-0.0327341
-0.0227881
0.0421792
0.0414770
0.0031639
0.0001497
-0.0456227
-0.0125730
0.0281300
0.0239997
-0.0568268
-0.0125069
0.0198457
-0.0119469
0.0136561
0.0314514
0.0045841
-0.0247450
0.0229775
-0.0076397
0.0160409
0.0247593
-0.0076934
0.0427299
0.0350966
0.0104751
0.0083137
-0.0616389
-0.0340938
-0.0083653
-0.0643599
0.0253958
-0.0143923
0.0283618
-0.0009676
0.0593160
0.0972168
0.0700786
0.0580622
0.0329368
0.0072276
-0.0153704
-0.1328863
-0.2719998
-0.2696406
-0.1528090
0.0540251
0.3743323
0.4919475
0.3421287
0.0772619
-0.1689602
-0.2562607
-0.2309303
-0.1297627
-0.0836800
-0.0524962
0.0219035
0.0207799
0.0589135
0.0526012
0.1003566
0.0773844
0.0297191
0.0545451
0.0026342
-0.0178856
-0.0475625
-0.0038815
-0.0134525
-0.0197726
-0.0408395
-0.0535116
-0.0071468
-0.0231634
0.0261559
0.0199505
0.0437570
0.0418193
-0.0038957
0.0170234
0.0518044
0.0480528
-0.0493069
-0.0031375
-0.0251559
0.0336650
0.0082584
0.0072701
-0.0526129
-0.0131620
-0.0079750
-0.0218596
0.0060023
-0.0324172
-0.0344195
-0.0261271
-0.0388894
-0.0260470
0.0507462
0.0024949
-0.0345115
0.0067502
0.0241625
-0.0072692
0.0136885
-0.0346978
0.0204387
0.0292274
-0.0013270
-0.0208046
0.0438029
0.0154285
0.0132346
0.0337078
0.0208082
0.0276284
0.0210505
-0.0646816
-0.0048069
0.0238999
0.0206499
0.0408810
-0.0314307
0.0348356
-0.0241164
0.0275933
-0.0332911
-0.0354863
-0.0268410
-0.0436041
-0.0421000
-0.0234134
0.0392324
0.0376556
0.0283014
-0.0214907
-0.0387633
0.0150164
-0.0309282
0.0446048
-0.0314523
0.0095251
-0.0049990
0.0185060
-0.0130222
-0.0350908
0.0230751
-0.0390464
-0.0592388
0.0162415
-0.0311191
-0.0004219
0.0275360
-0.0083669
-0.0218545
0.0087142
-0.0093524
-0.0100672
0.0273664
0.0142887
-0.0531772
-0.0590330
-0.0707956
-0.0041437
0.0052869
-0.0700308
0.0113100
-0.0557308
0.0336384
0.0401237
0.0134011
0.0676428
0.0369582
0.1094595
0.0571920
-0.0037757
0.0424624
-0.0054155
-0.0781221
-0.2682240
-0.3054405
-0.2745642
-0.0450372
0.3062405
0.4776574
0.3425499
0.0986022
-0.1036204
-0.2128683
-0.2443167
-0.1046967
-0.1279939
-0.0387205
-0.0371122
0.0250879
0.0648756
0.0523447
0.0378673
0.0759224
0.0026875
0.0503251
-0.0069719
0.0149106
-0.0412415
-0.0232519
0.0135498
-0.0556481
-0.0592386
-0.0513595
-0.0043527
-0.0205888
-0.0284479
0.0108857
0.0202189
0.0165128
-0.0170860
0.0469265
-0.0080145
0.0003325
-0.0349754
0.0406985
0.0002169
0.0271911
-0.0047244
-0.0506257
0.0350393
-0.0372334
-0.0034288
0.0207888
-0.0330236
0.0005671
0.0232928
0.0274869
0.0295345
0.0033331
-0.0170500
0.0279622
-0.0277234
-0.0210382
-0.0233588
-0.0236525
-0.0471800
-0.0298486
0.0048958
-0.0190990
-0.0062262
-0.0424222
-0.0243812
0.0085564
0.0262426
0.0373868
0.0171951
0.0040099
-0.0033859
0.0020968
-0.0435740
-0.0611831
-0.0144819
-0.0253809
-0.0000846
0.0428725
0.0041446
0.0291061
0.0313525
0.0369742
0.0009950
-0.0423240
0.0060567
-0.0124051
-0.0099274
0.0169042
-0.0140592
-0.0058150
-0.0473749
-0.0122309
0.0032738
0.0436393
0.0400703
0.0489195
-0.0111942
-0.0190877
-0.0407623
-0.0147069
-0.0027886
-0.0282208
-0.0286302
-0.0207237
0.0227791
-0.0192511
0.0059413
0.0034916
0.0362276
0.0634252
0.0392986
-0.0016540
0.0330066
0.0248157
-0.0351836
-0.0298264
-0.0346979
-0.0010933
-0.0803943
-0.0035728
-0.0071279
0.0354554
0.0663282
0.0739910
0.0151623
0.0263035
0.0806994
0.1186173
0.0656904
0.0167501
-0.0396370
-0.0700882
-0.1478133
-0.3082565
-0.3137084
-0.1753238
0.1815851
0.4167878
0.4675851
0.2998703
0.0501870
-0.1942468
-0.2926166
-0.2308356
-0.1371273
-0.1160173
-0.0704677
0.0341755
0.0082730
0.0171514
0.0898701
0.0698144
0.0823646
0.0645396
0.0017308
-0.0174689
-0.0142250
-0.0307147
-0.0682856
0.0010871
-0.0416230
-0.0153844
-0.0007668
-0.0409086
0.0416934
-0.0237210
-0.0003946
0.0142298
0.0611625
0.0326993
-0.0179269
0.0497779
-0.0184836
0.0060967
0.0075888
-0.0166093
-0.0399960
-0.0181402
-0.0051171
0.0041222
0.0162711
0.0312800
0.0272069
-0.0304083
-0.0264849
0.0459739
-0.0327035
-0.0299820
-0.0052298
-0.0165263
0.0234688
0.0029912
-0.0084737
0.0387745
-0.0367577
-0.0393606
0.0052294
0.0021517
-0.0032561
-0.0380479
-0.0023009
0.0349925
0.0364323
0.0350342
0.0162919
-0.0184902
0.0061034
0.0306461
0.0084120
0.0067065
0.0521458
0.0358193
0.0488369
0.0310585
-0.0289299
-0.0017991
-0.0189830
-0.0441527
0.0337901
0.0053887
0.0510169
0.0059767
-0.0316404
-0.0265090
-0.0377157
-0.0121592
-0.0035304
0.0031199
0.0423727
0.0128452
-0.0207249
-0.0243169
-0.0244606
-0.0135669
0.0184753
-0.0454652
0.0412759
0.0161787
-0.0309140
-0.0411350
-0.0569881
0.0148600
-0.0160217
0.0313601
0.0170656
-0.0003684
-0.0205505
0.0569310
-0.0030112
-0.0348202
-0.0275678
0.0319685
-0.0678905
-0.0311808
-0.0441382
-0.0060569
-0.0562124
-0.0596350
0.0298567
0.0305258
0.0824725
0.0778106
0.0422914
0.0420254
0.0923148
0.0367789
-0.0059521
0.0298089
-0.0712916
-0.1735831
-0.2895105
-0.3373278
-0.2812512
0.1094399
0.4375878
0.5819100
0.3303697
-0.0165464
-0.2571802
-0.2546626
-0.1438484
-0.1424990
-0.0532123
-0.0675751
-0.0360416
0.0113456
0.0952078
0.0379915
0.0257887
0.0816393
0.0374144
0.0268958
-0.0150329
0.0217589
-0.0706464
-0.0258191
-0.0730102
-0.0528348
0.0048325
-0.0529757
0.0257805
-0.0000866
-0.0022258
0.0498102
0.0475785
0.0266757
0.0342145
0.0434764
0.0455695
0.0281220
-0.0398399
-0.0003072
0.0130076
-0.0461851
-0.0088177
-0.0103937
0.0241866
0.0128438
0.0458763
-0.0265959
-0.0154838
0.0470519
0.0198179
0.0319481
0.0464789
-0.0343413
-0.0344782
-0.0073284
-0.0077495
0.0152549
0.0162291
-0.0398764
0.0118050
-0.0005637
0.0050260
0.0131457
-0.0282758
0.0077683
-0.0023824
-0.0382920
0.0201097
0.0370880
-0.0130980
0.0293693
-0.0495651
0.0037167
-0.0226375
0.0374860
-0.0377804
0.0436537
0.0291270
0.0150267
0.0087265
0.0065487
-0.0243402
0.0258208
-0.0006350
-0.0213975
0.0219200
-0.0264363
-0.0115521
0.0148969
0.0331519
-0.0294378
0.0441881
0.0198058
0.0015762
-0.0075446
0.0331107
-0.0188396
-0.0114517
-0.0083403
-0.0368497
-0.0499888
-0.0589502
-0.0481092
-0.0093982
0.0092164
-0.0287191
-0.0442247
0.0284320
0.0454362
0.0095169
-0.0053600
0.0029092
0.0080840
0.0095458
0.0214709
0.0131111
-0.0085189
-0.0441609
-0.0650598
-0.0570948
-0.0100670
0.0133391
-0.0286936
0.0008261
0.0413041
0.0910560
0.0830986
0.0426849
0.0177399
0.0715149
0.0502605
0.0275096
-0.0326983
-0.0588754
-0.2155251
-0.2574023
-0.2644040
-0.0279512
0.2740590
0.4271652
0.4383338
0.1676659
-0.0938104
-0.2481580
-0.2533953
-0.2029931
-0.0694440
-0.0757270
0.0023928
0.0021940
0.0746474
0.0356423
0.0527580
0.0496953
0.0728835
0.0017269
-0.0271328
0.0341371
-0.0120549
-0.0075969
-0.0530496
-0.0504164
0.0063240
0.0285329
0.0310984
0.0257807
0.0130196
0.0229700
0.0008788
0.0598508
0.0318005
0.0328469
0.0347404
0.0207490
-0.0391507
-0.0431772
-0.0008902
-0.0513226
-0.0239146
-0.0347542
0.0059885
-0.0131289
-0.0358808
0.0086052
-0.0312395
0.0256825
0.0013257
0.0096803
0.0315898
0.0266026
-0.0144813
-0.0345903
0.0014053
0.0439864
0.0370012
-0.0145418
0.0198842
0.0329328
0.0145656
-0.0258362
-0.0101073
0.0097431
-0.0229065
0.0452997
-0.0316262
0.0411782
-0.0129254
0.0086639
0.0298178
-0.0111069
-0.0166221
-0.0397274
-0.0038105
-0.0245801
-0.0147684
-0.0061202
0.0168273
0.0122350
0.0513774
0.0413184
-0.0125786
0.0265213
0.0465536
0.0221902
-0.0009693
0.0030066
0.0131886
0.0032655
0.0171488
-0.0028686
0.0292360
0.0090817
-0.0200340
0.0340085
-0.0227103
0.0388359
-0.0240094
-0.0177408
0.0009917
-0.0435107
0.0305116
-0.0134339
-0.0173622
0.0270482
-0.0456106
0.0298242
-0.0043943
-0.0011849
0.0426514
0.0475620
0.0223856
0.0394617
0.0638656
0.0637449
0.0505802
-0.0181208
-0.0380955
0.0248847
-0.0000826
-0.0074191
-0.0153215
-0.0392873
-0.0361302
-0.0610747
-0.0218945
0.0697637
0.0516299
0.0986542
0.0721337
0.0398615
0.0495051
0.0734904
0.0300331
-0.0515006
-0.0384970
-0.1111470
-0.2745361
-0.2528257
-0.1651528
0.1064918
0.3896134
0.5008004
0.2388427
-0.0269199
-0.1683992
-0.2283725
-0.1621716
-0.0866242
-0.0611561
-0.0391218
0.0288776
-0.0039003
0.0204397
0.0607046
0.0863971
0.0108524
0.0301775
0.0457818
-0.0249186
-0.0058693
-0.0463505
-0.0614657
-0.0235536
0.0005872
-0.0662536
-0.0169340
0.0149477
-0.0249967
0.0137531
0.0466942
0.0386235
0.0417692
-0.0044481
-0.0138839
-0.0335194
-0.0429075
-0.0382068
-0.0158820
-0.0457572
0.0075735
0.0300510
0.0268344
-0.0318743
-0.0470295
-0.0408310
0.0318010
-0.0339386
-0.0236362
-0.0000569
-0.0416656
-0.0040499
0.0478773
0.0453930
0.0234837
-0.0358957
-0.0195366
0.0319671
-0.0432800
-0.0455867
-0.0557052
0.0034332
0.0090472
0.0215645
-0.0103623
0.0122551
-0.0090605
0.0360496
0.0087387
-0.0333018
-0.0320344
-0.0244990
-0.0188504
-0.0255079
-0.0026366
0.0194180
-0.0106545
-0.0106632
0.0283682
-0.0007940
0.0455666
-0.0322537
-0.0181760
-0.0088196
0.0315077
0.0175546
0.0421839
-0.0170452
0.0083970
0.0141740
-0.0511209
0.0222437
0.0377311
-0.0440073
-0.0443607
-0.0276749
0.0215057
0.0107764
0.0001354
-0.0087022
0.0506943
-0.0011136
-0.0138781
0.0154970
0.0049098
0.0105737
0.0418493
0.0296687
0.0028390
-0.0566854
-0.0404944
-0.0252327
0.0354691
0.0297672
0.0189132
-0.0300350
-0.0023956
0.0596627
0.0274323
0.0245734
0.0203917
0.0604804
-0.0023347
0.0236845
0.0262970
-0.0150289
-0.0601154
-0.0595717
-0.0752027
0.0050670
-0.0191734
0.0316576
0.0366865
0.0570952
0.0894402
0.0776967
0.0801092
0.0728595
0.0197568
-0.0249767
-0.0085484
-0.0264363
-0.0979261
-0.1814184
-0.2712548
-0.2298416
0.0031616
0.2554137
0.5029703
0.3872365
0.1579604
-0.0962515
-0.2883960
-0.1987907
-0.1884000
-0.0503237
-0.0592693
-0.0539952
0.0607072
0.1000499
0.0931856
0.0877114
0.0490736
0.0695580
0.0712242
-0.0326277
-0.0469777
-0.0358128
-0.0681889
-0.0085862
-0.0341500
0.0108638
-0.0084923
0.0219538
0.0062992
-0.0191812
0.0156352
-0.0124545
0.0594167
-0.0126243
0.0379602
-0.0271316
0.0096744
-0.0526798
0.0254895
0.0015389
-0.0505368
-0.0119744
-0.0441246
-0.0088761
0.0238498
-0.0017348
0.0432714
-0.0112231
-0.0453692
0.0085519
-0.0159661
0.0280843
0.0445920
0.0016654
0.0276044
0.0399861
-0.0144747
-0.0235867
-0.0419078
0.0089728
0.0055108
0.0107796
0.0261881
-0.0245586
0.0381530
-0.0025113
-0.0256640
0.0500980
-0.0227978
-0.0293054
0.0336461
0.0350206
-0.0115214
-0.0289731
0.0073808
-0.0186505
0.0216998
-0.0088522
-0.0199835
0.0419563
0.0435174
-0.0021271
0.0356614
-0.0212282
0.0091001
0.0070987
-0.0109088
-0.0165742
-0.0194099
-0.0332648
-0.0541519
-0.0310624
-0.0123492
-0.0226485
-0.0033219
0.0203626
-0.0085075
0.0302594
-0.0291696
0.0447993
0.0312875
0.0215985
-0.0026755
-0.0440351
0.0177550
-0.0118996
0.0232995
0.0473282
0.0348913
-0.0275023
0.0199107
0.0176161
-0.0006233
-0.0367033
0.0451762
-0.0176512
0.0251496
-0.0036532
-0.0246632
-0.0008591
-0.0479887
0.0120735
0.0471828
0.0237948
0.0561511
-0.0001935
-0.0118896
0.0538973
0.0510432
-0.0013397
-0.0308116
-0.0459561
0.0114035
-0.0741072
-0.0236324
-0.0065692
-0.0049734
0.0135063
0.0226063
0.0097060
0.0466544
0.0128599
0.0529041
0.0330945
0.0533983
0.0619518
-0.0091637
-0.0014121
-0.0804263
-0.1327784
-0.2438747
-0.3195084
-0.1450961
0.1089923
0.3814649
0.4643286
0.3005307
0.0308935
-0.2339927
-0.2791676
-0.1600304
-0.0662278
-0.1083789
-0.0534359
-0.0175487
0.0404685
0.1020942
0.0742014
0.0304069
0.0567080
0.0403389
0.0129381
0.0365713
0.0221763
-0.0516327
-0.0624750
-0.0521221
0.0067222
-0.0414230
0.0138424
0.0129914
0.0451983
0.0592141
0.0104070
0.0448487
0.0521270
0.0167002
-0.0006349
0.0033973
-0.0340167
0.0199195
0.0320503
0.0098515
0.0331511
0.0338747
0.0420154
-0.0269568
-0.0311581
-0.0441767
0.0077996
0.0159305
0.0007696
0.0038196
-0.0164221
0.0116710
0.0314768
-0.0335626
0.0048082
-0.0308962
0.0076793
-0.0238866
0.0090898
0.0402213
0.0415562
-0.0380558
-0.0326694
-0.0491579
-0.0260491
0.0271366
0.0281000
0.0493691
0.0391498
0.0310830
0.0433671
-0.0254777
0.0281108
0.0075778
-0.0014378
0.0204508
0.0009424
-0.0415573
0.0093688
-0.0000655
0.0031217
0.0315028
-0.0218238
0.0014806
-0.0087743
0.0224231
-0.0103617
0.0150272
0.0276890
-0.0274719
0.0319136
0.0290896
-0.0235386
-0.0225998
0.0042922
-0.0293127
0.0373466
0.0342468
-0.0168017
0.0173345
0.0472706
-0.0094299
0.0211501
-0.0448863
-0.0416018
0.0424812
0.0210324
-0.0367142
-0.0306058
-0.0429843
-0.0269247
0.0408462
-0.0313461
0.0409564
-0.0036691
0.0292288
-0.0070145
-0.0166158
0.0521919
0.0396250
0.0168201
0.0069398
-0.0211359
-0.0012987
0.0207504
-0.0045252
-0.0402598
-0.0497201
0.0397842
0.0449191
0.0338115
0.0074355
-0.0277759
-0.0082814
0.0669209
-0.0160635
0.0513864
-0.0291592
-0.0531255
-0.0604105
-0.0306844
0.0063477
-0.0635138
0.0026425
-0.0480586
-0.0492535
0.0430538
0.0275803
0.0428335
0.0969396
0.1117739
0.0229410
0.0801676
-0.0194742
-0.0492331
-0.0477181
-0.1647988
-0.2293351
-0.2802321
-0.1603109
0.0719994
0.2436270
0.4565804
0.4067546
0.1596589
-0.0714813
-0.2127765
-0.2711622
-0.1684197
-0.0594824
-0.0557272
-0.0494384
0.0658669
0.0583144
0.1002674
0.0617364
0.0200376
0.0817998
0.0133217
0.0441672
-0.0411792
-0.0210962
-0.0208511
-0.0375181
-0.0167824
-0.0372211
0.0209022
