-0.0215367
-0.0241643
-0.0349370
0.0211394
-0.0279323
-0.0042468
0.0365332
0.0309372
0.0051243
0.0072427
0.0028454
-0.0275073
-0.0047698
0.0344805
0.0071371
-0.0193880
0.0329658
-0.0088125
-0.0029071
-0.0213408
0.0372114
-0.0263387
0.0144242
0.0177902
-0.0123603
0.0113036
0.0047474
-0.0356213
0.0318634
-0.0004560
0.0393270
-0.0328825
-0.0028067
-0.0005318
-0.0318508
-0.0194380
-0.0163592
-0.0124341
-0.0345180
-0.0065214
0.0109681
-0.0081417
0.0222529
-0.0386144
0.0368800
-0.0086404
0.0341012
0.0178180
0.0197079
-0.0277054
-0.0157160
0.0162067
-0.0129598
-0.0166051
0.0431854
-0.0263539
0.0325452
0.0089480
0.0311498
0.0026671
-0.0012926
0.0448616
-0.0115939
0.0154400
-0.0411824
0.0245413
0.0218919
-0.0347682
0.0269575
0.0395150
-0.0355965
-0.0416670
-0.0413797
-0.0230364
0.0043699
-0.0231838
0.0272259
-0.0324241
0.0144434
-0.0318857
0.0446992
-0.0364905
-0.0438657
-0.0350334
0.0147621
0.0211252
-0.0056635
0.0186937
0.0061614
0.0275486
0.0228371
0.0120881
0.0153914
0.0332827
-0.0208374
-0.0295153
-0.0190114
0.0188294
-0.0074985
-0.0332278
0.0407975
-0.0388622
0.0201676
-0.0408594
0.0035167
0.0357793
-0.0233814
0.0394049
-0.0310638
-0.0052810
-0.0192413
-0.0299786
0.0251525
0.0338130
0.0169040
0.0431103
-0.0137213
0.0437245
0.0110558
-0.0163890
-0.0328756
-0.0411627
-0.0085378
-0.0197968
-0.0028064
0.0323630
0.0228295
-0.0411418
0.0438724
0.0093116
0.0172452
-0.0158589
0.0459904
-0.0180029
-0.0326793
-0.0510250
0.0103890
-0.0620509
-0.0436894
-0.0767217
0.0093578
-0.0009318
-0.0502278
0.0158693
0.0227278
0.0228701
0.0663561
0.0748761
0.0109266
0.0619687
0.0183698
-0.0212913
-0.0506602
-0.0644164
-0.1885168
-0.2275555
-0.2199487
-0.0618162
0.2030074
0.4078594
0.3916914
0.1599069
-0.0593011
-0.2725896
-0.2267956
-0.1921221
-0.0782742
-0.0369954
-0.0228056
0.0101068
0.0833194
0.0710387
0.1075533
0.0493013
0.0689537
0.0363970
0.0480403
-0.0025300
-0.0500704
-0.0513771
-0.0703521
0.0114762
0.0137119
0.0175036
-0.0484781
-0.0267427
0.0437587
-0.0063077
-0.0236021
-0.0122748
0.0422769
-0.0074391
0.0390251
-0.0228965
-0.0392618
-0.0488741
-0.0007809
-0.0509155
0.0151636
-0.0036342
0.0150946
-0.0220894
0.0281577
-0.0005007
0.0269023
0.0250142
0.0455838
0.0304410
-0.0271209
0.0187800
-0.0058699
0.0255973
-0.0357522
0.0301893
0.0070449
-0.0277676
-0.0076186
-0.0214284
0.0405092
0.0032922
-0.0181960
-0.0354292
-0.0140312
-0.0031694
-0.0183460
0.0041236
0.0161731
-0.0087879
0.0107980
-0.0090216
0.0295443
-0.0067828
-0.0446408
-0.0348702
0.0227580
0.0033739
-0.0057159
0.0180233
0.0452266
-0.0161201
-0.0251387
0.0249537
-0.0109774
-0.0270368
-0.0482108
-0.0009753
-0.0300403
0.0256323
0.0218064
0.0384180
0.0206079
-0.0324258
0.0218013
0.0412907
-0.0365541
-0.0287883
-0.0397024
-0.0315569
0.0193620
-0.0061388
-0.0292096
0.0273552
0.0458428
-0.0070147
-0.0078225
-0.0008051
-0.0298048
-0.0411869
-0.0341539
-0.0088792
0.0042983
0.0206023
0.0142173
0.0215820
0.0064931
0.0418385
-0.0386961
0.0207863
0.0413908
-0.0063314
0.0352989
-0.0114289
0.0214675
0.0324179
0.0017171
-0.0324733
0.0315519
0.0162581
-0.0095329
-0.0260319
0.0045784
0.0352108
0.0166430
-0.0038729
0.0284356
0.0402413
-0.0137159
-0.0271702
0.0430279
-0.0375078
0.0225602
0.0007111
-0.0202783
0.0137114
0.0109724
0.0373309
0.0210424
-0.0152460
-0.0334690
0.0260610
-0.0049326
-0.0030492
-0.0421170
-0.0141379
0.0355391
-0.0069201
-0.0065273
0.0190826
0.0265801
-0.0214070
0.0294474
0.0243346
-0.0110467
0.0162943
0.0004133
-0.0486142
0.0354679
0.0415556
0.0311956
0.0300863
0.0090719
-0.0112442
0.0130965
0.0169305
0.0292469
0.0057619
0.0055190
-0.0292077
-0.0074159
-0.0503581
-0.0259970
-0.0292836
-0.0462573
-0.0355069
-0.0259351
0.0600260
0.0263033
0.0236121
0.0537281
0.1055040
0.0175232
0.0641575
-0.0180191
-0.0261749
-0.0803566
-0.1576759
-0.2720655
-0.2396175
-0.0980489
0.1357598
0.4694301
0.4600757
0.2740369
-0.0400710
-0.2219970
-0.2438958
-0.1855681
-0.1091014
-0.0519459
-0.0107570
0.0365885
0.0215888
0.1003392
0.0289591
0.0850557
0.0103482
0.0515829
0.0268632
-0.0372776
-0.0688621
-0.0620173
-0.0706799
-0.0643827
0.0088710
-0.0378270
-0.0513034
-0.0204415
0.0335900
0.0410459
0.0299241
-0.0194973
0.0540328
0.0199300
0.0215387
0.0212265
-0.0437689
-0.0516751
-0.0540698
-0.0435933
0.0257166
-0.0290361
0.0338566
-0.0045966
-0.0043037
0.0099238
-0.0229789
0.0067195
-0.0100940
-0.0270473
0.0067680
-0.0404918
0.0397197
-0.0346039
-0.0222526
-0.0214532
-0.0323629
-0.0227008
-0.0256668
-0.0211705
0.0208571
0.0400687
-0.0233831
-0.0218004
0.0188710
0.0366247
-0.0314257
0.0206996
0.0296965
0.0085736
0.0105773
-0.0228819
-0.0370337
0.0384117
-0.0305941
-0.0116889
0.0418494
-0.0252132
-0.0464458
0.0004002
-0.0212235
-0.0332889
-0.0279602
-0.0414309
-0.0179871
0.0364390
-0.0312666
-0.0206553
0.0456522
0.0401478
0.0216253
-0.0128471
0.0249447
0.0159426
-0.0248131
-0.0065075
-0.0002209
0.0064277
0.0087384
0.0143491
-0.0100961
0.0425270
-0.0193404
-0.0320254
-0.0080295
0.0020104
-0.0112482
0.0310656
-0.0291836
0.0027124
0.0349706
0.0354294
0.0360060
0.0349645
0.0200380
-0.0095168
0.0228082
-0.0031266
0.0351311
-0.0271848
0.0016114
-0.0157102
-0.0279452
-0.0078937
-0.0229153
0.0242551
0.0122392
-0.0425262
0.0314368
0.0088199
0.0441562
0.0444046
0.0175400
0.0373612
-0.0293898
0.0404009
-0.0043194
0.0183324
0.0113183
-0.0107985
-0.0144780
0.0371831
-0.0306395
0.0043674
0.0136081
0.0084566
0.0375363
-0.0446700
-0.0015679
0.0301217
-0.0252703
-0.0447909
-0.0096250
-0.0305640
-0.0042829
-0.0071293
0.0015328
-0.0082922
0.0259723
-0.0115528
0.0187089
0.0317887
0.0125667
0.0196741
-0.0418057
0.0013782
0.0134291
0.0011588
0.0381082
0.0108441
0.0504781
-0.0128421
-0.0003150
-0.0160968
0.0289246
0.0235503
0.0438797
-0.0330572
-0.0001620
-0.0233646
-0.0451229
-0.0522898
-0.0002550
-0.0163660
-0.0442243
-0.0432755
-0.0333464
0.0544757
0.0803399
0.0477223
0.0766578
0.1046948
0.0348951
0.0267342
0.0348034
-0.0689655
-0.0399125
-0.1690324
-0.2145798
-0.3103860
-0.2127817
0.0907697
0.3250055
0.4702936
0.3609787
0.0944144
-0.1449681
-0.3009840
-0.2059966
-0.1585651
-0.0205469
-0.0593605
0.0042792
0.0343508
0.0417743
0.1223159
0.0352418
0.0443767
0.0219216
0.0448730
0.0116168
0.0087729
0.0126268
-0.0408454
-0.0065131
-0.0209898
-0.0333573
-0.0113949
-0.0170455
0.0057594
-0.0242033
0.0192441
0.0024823
0.0181730
0.0287200
-0.0326030
0.0231548
0.0364203
0.0016076
-0.0129851
0.0159962
-0.0519464
0.0337945
0.0056304
0.0238199
0.0268575
0.0146426
-0.0004555
0.0477277
-0.0205053
0.0300784
0.0153784
0.0347381
0.0299578
0.0412377
0.0235592
0.0400339
0.0382723
-0.0045519
-0.0153964
-0.0046543
0.0360836
0.0042919
-0.0151915
0.0054967
0.0302689
0.0118096
0.0280833
-0.0405038
0.0218667
-0.0101308
0.0127009
0.0321739
0.0126969
-0.0161000
-0.0326197
-0.0018294
-0.0376234
0.0007227
0.0183676
-0.0384426
-0.0158060
0.0292244
0.0344165
-0.0333054
-0.0272750
-0.0468794
0.0295623
-0.0174163
0.0074678
-0.0206413
0.0262303
-0.0005775
-0.0243564
0.0142102
-0.0281463
0.0010056
0.0149690
-0.0101297
-0.0098456
-0.0001382
-0.0314746
-0.0170604
-0.0298381
-0.0192089
0.0300927
-0.0198620
-0.0315433
0.0335920
-0.0365480
0.0188663
-0.0063723
-0.0435030
0.0096765
-0.0106648
0.0013735
0.0285380
0.0254304
0.0025501
-0.0291141
-0.0108043
0.0001977
-0.0134223
0.0189214
-0.0200114
0.0162568
-0.0302979
0.0234790
-0.0423172
0.0285455
0.0280442
-0.0148923
-0.0087472
0.0135461
-0.0199440
-0.0275854
0.0262242
0.0048162
0.0077477
0.0374305
-0.0150554
-0.0286366
-0.0321223
-0.0377434
-0.0035083
-0.0061234
0.0375558
0.0223201
0.0080404
0.0191208
-0.0010203
0.0193707
-0.0178796
0.0133133
-0.0405826
-0.0375554
0.0346911
0.0378854
-0.0173977
0.0022710
-0.0193724
-0.0084870
0.0291697
0.0401853
-0.0074709
-0.0001455
-0.0294176
-0.0519041
-0.0423867
0.0038496
0.0201739
0.0227093
-0.0191390
0.0121773
0.0039889
0.0247102
0.0303100
-0.0108025
0.0071343
-0.0232533
-0.0580060
-0.0379049
-0.0287172
-0.0043135
-0.0280519
-0.0560187
-0.0255688
-0.0146536
0.0406933
0.0548723
0.0193072
0.0328707
0.0669084
0.0423751
0.0604876
-0.0397429
-0.0282979
-0.0577276
-0.1297307
-0.2393277
-0.2800464
-0.0807976
0.1098718
0.4108465
0.4146667
0.2831307
-0.0429257
-0.1873644
-0.2866146
-0.2034752
-0.1015839
-0.0644208
-0.0467975
-0.0210244
0.0442705
0.0987380
0.0930966
0.0276832
0.0625571
0.0583680
0.0034365
-0.0441461
-0.0406372
-0.0726809
-0.0048260
0.0110274
-0.0599100
0.0086553
-0.0228296
0.0102336
-0.0306949
0.0080329
0.0283550
-0.0072411
-0.0004505
-0.0294119
0.0246820
-0.0394364
-0.0210808
0.0215763
0.0048734
0.0137230
-0.0402284
-0.0209776
-0.0418816
0.0170866
-0.0258829
0.0285721
-0.0214932
0.0187749
-0.0138661
0.0249590
-0.0097541
0.0053489
-0.0046473
0.0327243
0.0049419
-0.0237253
-0.0482576
0.0374067
0.0307120
0.0393084
-0.0152171
0.0275188
0.0098617
0.0030919
-0.0033104
-0.0364493
-0.0158303
-0.0130979
0.0447086
0.0084995
0.0243532
-0.0250065
-0.0289018
0.0376854
-0.0289413
0.0364850
-0.0061111
0.0229969
0.0339153
-0.0167289
-0.0237935
0.0278253
-0.0343871
-0.0339248
-0.0325229
-0.0126779
-0.0085178
0.0081244
0.0134786
0.0093742
-0.0169017
0.0150673
0.0044267
-0.0282054
-0.0446105
0.0080014
-0.0435247
0.0197534
-0.0318296
-0.0323930
-0.0079400
-0.0234424
0.0015273
0.0114672
0.0119903
0.0394851
-0.0409582
0.0264601
0.0417323
-0.0067878
0.0161923
0.0292787
0.0420923
-0.0417770
0.0076052
-0.0144922
0.0077840
0.0056899
0.0075171
-0.0255199
0.0330522
0.0031058
-0.0359973
0.0390569
0.0025816
0.0107267
-0.0100083
0.0055277
-0.0044194
-0.0188823
-0.0197977
0.0407572
-0.0268721
0.0238006
0.0170689
-0.0058787
-0.0346244
-0.0060459
-0.0384232
-0.0184583
-0.0165437
-0.0147465
0.0434864
-0.0407195
-0.0227653
0.0016042
0.0280341
0.0200760
-0.0430330
-0.0381733
-0.0010249
0.0055673
0.0164724
0.0227168
-0.0160375
-0.0375782
0.0020666
-0.0079280
0.0016960
-0.0106195
-0.0368307
0.0388392
0.0296212
0.0320960
-0.0533203
0.0178845
0.0312419
-0.0088886
0.0175747
-0.0401078
0.0154536
0.0192013
0.0121501
-0.0157618
0.0265339
-0.0038069
-0.0213312
-0.0075466
-0.0514978
-0.0408506
-0.0766388
-0.0617867
-0.0116204
-0.0077934
-0.0443605
0.0331019
0.0410632
0.0330952
0.0983083
0.0490195
0.0712935
0.0753744
0.0303989
0.0260745
-0.0066926
-0.0714462
-0.1605345
-0.2844138
-0.2340462
-0.0851888
0.2209556
0.3804960
0.4739992
0.1979652
-0.0876128
-0.2757565
-0.2215591
-0.1463849
-0.0728410
-0.0343749
0.0102015
-0.0134537
0.0858971
0.0211294
0.0928532
0.0158725
0.0318139
0.0232283
0.0319418
-0.0301248
-0.0277107
-0.0512637
-0.0151690
0.0031343
0.0070764
-0.0482297
0.0352177
-0.0203774
0.0048837
0.0453580
0.0461337
-0.0078576
0.0501544
0.0435689
0.0076024
0.0098800
-0.0469338
-0.0295529
-0.0272504
0.0206813
-0.0141772
-0.0195120
0.0267002
0.0066046
0.0433159
0.0304902
0.0451899
0.0262125
0.0050909
0.0154480
0.0477412
-0.0262671
-0.0359383
0.0163556
0.0299541
-0.0108971
-0.0136915
0.0078424
0.0024538
-0.0123956
0.0128223
-0.0127934
-0.0272670
-0.0404789
0.0191683
-0.0123212
0.0054165
0.0267537
0.0050153
0.0361307
0.0045976
0.0288753
0.0251345
0.0138207
0.0189163
0.0229055
0.0019277
0.0180287
0.0009935
0.0158162
0.0042593
0.0394612
-0.0414337
0.0026975
0.0401997
-0.0296426
-0.0116077
0.0013273
-0.0370480
0.0068446
-0.0379900
0.0513671
0.0416522
0.0056854
0.0250028
0.0359294
-0.0096545
0.0066838
0.0277991
-0.0151502
0.0380315
-0.0297249
-0.0387624
-0.0074760
0.0388172
0.0454054
0.0129743
0.0337271
0.0063129
-0.0262525
0.0314632
-0.0353727
-0.0012624
0.0437965
-0.0088290
0.0375197
-0.0219791
0.0203536
-0.0408445
0.0348554
0.0222439
0.0317724
0.0017749
-0.0389488
-0.0263312
0.0260823
0.0380408
0.0265497
-0.0145377
0.0268841
0.0140162
-0.0041216
0.0302173
0.0078377
0.0207158
0.0415685
-0.0427319
0.0218516
0.0212670
0.0428542
0.0428622
0.0234712
-0.0163238
-0.0380263
0.0403847
-0.0068625
0.0283123
-0.0324079
-0.0153637
0.0045972
-0.0223877
0.0277270
0.0091140
-0.0383035
0.0036543
0.0097535
-0.0151861
-0.0128833
-0.0140897
0.0016864
0.0200007
0.0185698
-0.0354681
0.0097325
-0.0319906
0.0294750
0.0319144
-0.0036957
-0.0293461
0.0450153
0.0206732
0.0231472
-0.0188562
0.0162114
0.0502526
0.0297209
0.0384141
-0.0131201
0.0077589
-0.0509186
-0.0097711
-0.0222437
-0.0003255
-0.0437232
-0.0423596
0.0434444
0.0761905
0.0526495
0.0458695
0.0622179
0.0652074
0.0403905
-0.0150342
-0.0648558
-0.0641075
-0.1331272
-0.2551972
-0.2469065
-0.2090689
0.0651102
0.3661603
0.4821924
0.3905443
0.0795566
-0.2068666
-0.3171133
-0.2510599
-0.1067316
-0.0605397
0.0101091
-0.0399725
-0.0010731
0.0927557
0.1204963
0.0866058
0.0362584
0.0621974
-0.0094984
0.0004080
0.0026131
-0.0556648
-0.0674856
0.0054232
-0.0457087
-0.0073612
-0.0494433
0.0127081
-0.0010662
-0.0042031
-0.0256347
0.0254888
0.0472234
0.0530930
0.0191415
0.0192711
-0.0401921
0.0202136
-0.0489426
0.0291310
0.0277127
-0.0376074
-0.0347802
-0.0407466
-0.0021620
-0.0151310
-0.0008615
0.0477010
0.0391872
0.0202549
-0.0057423
-0.0414411
-0.0121762
-0.0265059
-0.0137122
-0.0011945
0.0243356
-0.0088247
-0.0410325
0.0298563
0.0389969
-0.0069097
-0.0245911
-0.0282998
-0.0404275
0.0201187
-0.0029051
-0.0163367
-0.0358657
-0.0337636
0.0453138
-0.0214309
0.0211724
0.0164215
0.0252530
-0.0058884
0.0020957
-0.0018576
0.0290105
-0.0374973
-0.0550266
-0.0142590
-0.0353500
0.0403290
0.0236261
0.0151170
-0.0260218
0.0298679
-0.0183882
-0.0138118
