-0.0083471
0.0109232
-0.0013162
0.0037756
-0.0394880
-0.0370138
0.0071304
-0.0160822
0.0174494
0.0305099
0.0505535
0.0177710
0.0970050
0.0589379
0.0486148
0.0142184
-0.0400600
-0.0100205
-0.1192771
-0.1978096
-0.2098590
-0.2567857
-0.0978801
0.1963687
0.3387025
0.4434893
0.2300832
-0.0267003
-0.1874187
-0.2372578
-0.2033619
-0.1099884
-0.0169257
-0.0001398
0.0401564
0.0444006
0.0388016
0.1041768
0.0776649
0.0841285
0.0394843
-0.0112053
0.0193373
-0.0368834
0.0005107
-0.0121514
-0.0506196
0.0030732
-0.0550018
-0.0350038
-0.0239597
-0.0277404
-0.0115528
-0.0123187
-0.0069472
0.0440075
0.0407250
0.0217255
-0.0038376
-0.0318714
-0.0181496
-0.0231015
-0.0353088
-0.0327938
0.0297672
-0.0112462
-0.0014226
-0.0289966
-0.0314448
-0.0344814
0.0416010
-0.0040421
0.0388042
-0.0011946
0.0090134
-0.0191677
0.0261499
-0.0194961
0.0051555
-0.0100754
0.0246772
0.0327966
-0.0084702
0.0172648
-0.0147891
-0.0096839
0.0160250
0.0182996
0.0022646
0.0088394
0.0320782
-0.0132273
-0.0122865
0.0118059
-0.0129431
0.0077512
0.0026809
-0.0015437
-0.0151360
0.0395541
-0.0058203
-0.0202494
0.0189584
0.0300913
0.0229067
-0.0372621
-0.0012310
-0.0076983
0.0019773
0.0204086
-0.0295271
0.0272690
-0.0048535
0.0269008
-0.0364603
-0.0055987
-0.0108364
-0.0331577
0.0431008
-0.0260013
0.0042813
0.0219646
0.0246226
-0.0175919
-0.0058326
-0.0467511
-0.0069889
0.0284129
-0.0139767
0.0009540
-0.0061552
-0.0042218
-0.0004274
0.0331487
0.0196464
0.0124162
-0.0378311
-0.0390910
-0.0408665
0.0091317
0.0279424
0.0040739
-0.0231811
-0.0254204
0.0004065
0.0173156
0.0065679
0.0202690
0.0133956
0.0385492
0.0050009
-0.0320787
0.0026681
-0.0052159
0.0036800
0.0328728
0.0297486
-0.0117980
-0.0303177
-0.0325003
-0.0233772
-0.0195632
-0.0091939
-0.0025632
0.0440094
-0.0305287
0.0155619
0.0497821
-0.0040203
0.0323747
-0.0202429
0.0077520
-0.0013940
-0.0244489
-0.0373740
-0.0541927
-0.0705349
-0.0382464
0.0053349
0.0007634
0.0348922
0.0490793
0.0125943
0.0381042
0.0794385
0.0572321
0.0830459
0.0028240
0.0347695
-0.0358319
-0.1134998
-0.1259262
-0.2531195
-0.2748510
-0.1123233
0.1573946
0.3902884
0.4174187
0.2822367
-0.0583536
-0.2206026
-0.2404860
-0.1948017
-0.0944725
-0.0515148
-0.0552229
0.0161560
0.0902842
0.1068514
0.0715764
0.0553694
0.0635478
0.0117852
0.0270280
0.0299262
-0.0491581
-0.0056795
-0.0128978
-0.0116281
-0.0417389
-0.0460663
-0.0330395
0.0025265
0.0115464
0.0185018
0.0262067
-0.0187596
0.0176329
0.0020835
-0.0065518
-0.0166496
-0.0269942
0.0272580
0.0246681
-0.0471776
-0.0092012
-0.0207177
-0.0290759
-0.0227174
-0.0309437
0.0234602
0.0000051
0.0383094
0.0239219
0.0372501
0.0081070
0.0015969
0.0300862
-0.0178739
-0.0364976
0.0256484
-0.0186005
-0.0287524
-0.0050644
0.0099241
-0.0382015
-0.0200260
0.0335755
-0.0225218
-0.0170263
-0.0105752
-0.0128322
0.0408066
0.0139209
0.0287594
-0.0408798
-0.0070576
-0.0176794
-0.0315709
-0.0173668
-0.0224384
0.0346513
0.0340296
0.0260048
0.0069147
-0.0086448
0.0006794
-0.0147585
0.0189607
-0.0068048
-0.0251261
0.0159707
0.0120967
0.0221134
-0.0070676
-0.0291715
-0.0201494
-0.0368746
0.0329632
-0.0168805
-0.0047564
0.0011106
-0.0067281
0.0026869
-0.0161917
-0.0094202
0.0318890
-0.0131905
-0.0132161
0.0331544
0.0091428
0.0359064
0.0237989
0.0253084
0.0427510
0.0186496
-0.0005934
0.0130647
0.0298356
-0.0003548
0.0239056
-0.0219261
-0.0421926
-0.0255949
-0.0015450
0.0377098
-0.0429837
0.0072260
-0.0386615
-0.0299701
0.0095142
0.0227549
-0.0219242
-0.0277338
0.0237761
0.0247009
-0.0432838
-0.0122120
-0.0486180
0.0281099
0.0226960
0.0239564
0.0051892
0.0258914
0.0116669
0.0102492
0.0464995
0.0389198
0.0013648
0.0312309
0.0389550
0.0180680
0.0360359
-0.0035374
-0.0040227
-0.0548161
-0.0097410
-0.0432614
-0.0575509
-0.0401921
-0.0024349
-0.0158899
0.0763069
0.0815633
0.0418713
0.0443907
0.0509274
0.0482031
-0.0154471
-0.0231461
-0.0844718
-0.0707983
-0.1201920
-0.1434159
-0.1155352
-0.0420963
0.1620860
0.3099029
0.3045337
0.1160285
-0.0734500
-0.1925452
-0.1736967
-0.1324668
-0.0904739
-0.0142531
0.0376069
0.0022247
0.0458690
0.0452819
0.0833237
0.0247445
-0.0006573
-0.0117198
-0.0271955
-0.0248200
-0.0164069
-0.0213536
-0.0499434
-0.0154983
0.0208817
-0.0420369
0.0014100
0.0154253
0.0357430
0.0389673
0.0432312
-0.0135833
0.0190611
0.0448554
-0.0118060
0.0154508
-0.0373930
0.0069445
-0.0054677
-0.0247100
-0.0128258
0.0109650
0.0150152
0.0128798
0.0299449
0.0117451
-0.0089235
0.0408365
0.0066421
0.0219648
-0.0331551
0.0358895
-0.0012701
0.0144550
-0.0128350
-0.0209206
-0.0274215
0.0218553
-0.0054468
-0.0057585
0.0262766
0.0372843
0.0361116
-0.0158833
-0.0018016
0.0359339
-0.0062847
-0.0385767
0.0078565
0.0302370
-0.0210015
-0.0316042
0.0131472
0.0220694
-0.0202467
0.0135439
0.0381102
-0.0181721
0.0112510
-0.0299046
0.0344757
0.0295068
-0.0251444
-0.0131324
-0.0143851
-0.0397625
0.0116657
-0.0148310
-0.0053942
-0.0320832
-0.0308279
-0.0203584
0.0139262
0.0234583
0.0324153
-0.0112470
0.0044157
-0.0405593
-0.0214945
0.0306153
0.0204325
0.0165504
-0.0205843
-0.0355259
0.0355658
-0.0037183
-0.0362854
0.0177590
-0.0339085
0.0216947
0.0221944
-0.0177207
-0.0308449
-0.0000653
-0.0111306
-0.0317473
0.0205417
-0.0252392
0.0027267
0.0248600
-0.0165859
-0.0390366
-0.0302151
0.0095992
-0.0034096
-0.0020984
-0.0094610
0.0292691
0.0293583
0.0046876
0.0349878
0.0166998
-0.0111732
-0.0224128
-0.0416378
-0.0180680
0.0183141
0.0193474
0.0160200
-0.0340501
-0.0179010
-0.0202329
0.0478512
-0.0066055
0.0507627
0.0427368
-0.0258759
-0.0225434
-0.0156006
0.0142286
-0.0100234
-0.0070111
-0.0111862
0.0116924
-0.0182837
0.0278662
-0.0138073
0.0592788
0.0056175
0.0785231
0.0297045
-0.0081663
0.0491134
0.0240001
0.0289917
-0.0296093
-0.0516619
-0.0751236
-0.0952049
-0.0980349
-0.0513425
0.0136325
0.1523468
0.2148320
0.2761640
0.0932529
-0.0127863
-0.1217630
-0.1485131
-0.1536544
-0.0818511
-0.0411898
-0.0218256
0.0153909
0.0353248
0.0148835
0.0748741
0.0459712
0.0599852
0.0050240
0.0087467
-0.0352510
-0.0549330
-0.0224927
-0.0555736
-0.0128334
-0.0269721
0.0140436
0.0014595
0.0184844
0.0147323
0.0344441
0.0324204
0.0097182
0.0511356
0.0358688
-0.0143256
0.0020784
0.0044620
0.0238524
-0.0338062
-0.0116257
-0.0232703
0.0290908
-0.0265870
-0.0108919
0.0398750
0.0275072
0.0153834
0.0312402
0.0184287
0.0408590
0.0388465
-0.0020576
0.0063316
-0.0246669
0.0375284
0.0047643
0.0232045
-0.0387016
0.0239594
0.0216610
-0.0232715
-0.0177811
0.0357936
0.0149812
0.0250246
0.0067607
0.0213001
0.0088048
0.0051851
0.0143504
0.0014884
-0.0268872
-0.0317679
-0.0080156
-0.0150184
-0.0245326
-0.0306465
-0.0102655
0.0389003
0.0148201
0.0230889
0.0219959
0.0010017
0.0141885
0.0383057
-0.0281013
0.0231378
-0.0014243
0.0234627
0.0272337
-0.0228375
0.0217768
-0.0257115
0.0189520
0.0167629
0.0283139
-0.0189917
-0.0230555
0.0179554
0.0407971
-0.0311463
-0.0287074
0.0384773
-0.0188072
-0.0262427
-0.0149096
0.0362239
-0.0061216
-0.0218543
0.0308377
-0.0153121
-0.0254465
-0.0146323
0.0108013
0.0100331
-0.0030546
-0.0393703
-0.0177663
0.0017974
-0.0425305
0.0312905
-0.0288288
-0.0034568
-0.0186378
0.0115626
-0.0344990
0.0210461
0.0424054
0.0338700
-0.0322710
0.0201308
0.0288633
-0.0240659
-0.0135420
-0.0186686
0.0192981
-0.0355576
0.0056689
-0.0070346
-0.0288866
-0.0232205
-0.0206062
-0.0025807
0.0057888
0.0087117
-0.0121915
0.0337505
-0.0145177
0.0270765
-0.0128154
0.0087830
-0.0587785
0.0031197
-0.0542487
-0.0377937
-0.0112111
-0.0409479
0.0291834
0.0369780
0.0117697
0.0470732
0.0465623
0.0634184
0.0769372
-0.0189328
0.0197745
-0.0372197
-0.1052395
-0.1008522
-0.1415288
-0.1504042
-0.0979387
0.0820596
0.2999790
0.3482515
0.2206653
-0.0260100
-0.1831614
-0.1928180
-0.2126690
-0.0724175
-0.0177400
-0.0296270
-0.0223795
0.0769788
0.0609270
0.0352858
0.0693232
0.0010277
0.0441092
0.0464120
-0.0074013
-0.0332054
0.0059178
-0.0365657
0.0030737
-0.0132167
0.0062833
-0.0118098
-0.0360380
0.0049934
0.0183347
0.0347038
0.0247376
-0.0013066
0.0376372
-0.0305827
-0.0347184
-0.0138080
0.0208261
-0.0357607
-0.0265625
-0.0481826
-0.0387391
-0.0384813
-0.0157769
0.0174195
0.0303647
-0.0192788
0.0324564
-0.0025518
0.0442805
-0.0252183
-0.0108843
-0.0054299
0.0092906
-0.0387500
0.0054033
-0.0141608
-0.0310510
0.0134079
0.0220271
-0.0274698
0.0147313
0.0166059
0.0377728
0.0188323
0.0134649
-0.0301408
-0.0220592
-0.0357853
-0.0316753
-0.0378704
-0.0105949
0.0267336
0.0097906
-0.0136719
-0.0313072
0.0087221
0.0359422
0.0061049
-0.0353899
-0.0141677
-0.0388330
-0.0114977
0.0053599
0.0065068
-0.0272315
-0.0124665
0.0401140
-0.0347301
0.0185789
-0.0196657
0.0363767
0.0010191
-0.0002370
-0.0118837
-0.0161905
0.0177680
-0.0060251
-0.0359467
0.0044041
-0.0410794
0.0307358
-0.0134623
0.0185297
-0.0155402
-0.0143890
0.0237361
0.0196321
-0.0144237
-0.0047919
0.0176958
-0.0212656
-0.0048882
0.0219983
-0.0034323
0.0309154
0.0202009
-0.0344586
-0.0174996
0.0359777
-0.0331688
0.0100811
-0.0109735
0.0211438
-0.0382993
0.0019756
-0.0010121
-0.0313423
-0.0132478
-0.0006180
0.0414714
0.0143427
-0.0090404
0.0021140
0.0147779
0.0000360
-0.0375977
-0.0120780
-0.0242917
0.0151825
0.0213137
-0.0448338
0.0089332
0.0457341
0.0074484
0.0251460
0.0542337
-0.0212312
-0.0178904
-0.0225893
-0.0010198
0.0298928
0.0031510
-0.0488521
-0.0286963
-0.0480753
-0.0457423
-0.0344592
-0.0172090
-0.0200085
0.0240572
0.0630465
0.0402616
0.0403374
0.0187412
0.0664315
0.0526868
-0.0069612
-0.0525119
-0.0993923
-0.1829988
-0.2516080
-0.2147968
-0.0852821
0.2057444
0.3802347
0.3845983
0.2053922
-0.0508594
-0.2174754
-0.2490215
-0.1242408
-0.0895915
-0.0382144
-0.0035092
0.0116108
0.0329571
0.0523261
0.0720504
0.0164196
0.0359658
0.0278588
0.0077652
-0.0285088
-0.0051816
-0.0018228
-0.0207460
0.0060122
-0.0669637
-0.0203035
-0.0096531
0.0281029
0.0280191
-0.0115378
-0.0116800
-0.0074940
0.0338541
0.0232010
0.0087025
-0.0292267
0.0338691
0.0290531
-0.0489032
0.0032970
0.0010110
-0.0009075
0.0007805
-0.0100921
0.0068006
-0.0257665
0.0257373
-0.0152447
0.0073149
-0.0140626
0.0192484
-0.0331314
0.0338681
-0.0324139
-0.0117494
-0.0242708
-0.0284811
-0.0036004
0.0061366
0.0371723
-0.0274190
0.0349735
-0.0031372
-0.0215611
0.0156326
-0.0153446
-0.0119128
-0.0363684
0.0060093
-0.0230591
-0.0244682
-0.0038560
-0.0078331
0.0161960
-0.0050570
-0.0325425
-0.0055240
-0.0291022
0.0111207
0.0116755
-0.0150743
-0.0121085
0.0403099
0.0270127
0.0388582
-0.0388589
-0.0403023
0.0347695
-0.0171039
-0.0274024
0.0196965
-0.0058120
0.0248194
-0.0345758
0.0025840
-0.0236974
-0.0117458
0.0014414
0.0053474
-0.0057360
-0.0437795
-0.0300939
0.0254541
-0.0110273
-0.0150598
-0.0133296
-0.0204215
0.0343083
0.0293334
-0.0103565
-0.0093253
-0.0087094
0.0013978
-0.0024926
0.0190185
-0.0366060
0.0192997
-0.0453338
-0.0097146
0.0185348
-0.0012016
0.0286472
0.0042138
0.0115009
0.0261347
-0.0051597
-0.0245970
0.0377145
-0.0219526
0.0049181
0.0319610
-0.0369727
0.0085958
0.0250897
-0.0386206
0.0166990
-0.0134381
0.0241572
-0.0068375
0.0007659
0.0090411
-0.0165618
-0.0297808
0.0314863
0.0240955
0.0596520
-0.0035042
0.0119812
-0.0242232
0.0269539
-0.0593264
0.0040390
-0.0021677
-0.0541534
-0.0735698
-0.0047420
-0.0184143
0.0439263
0.0528403
0.0349458
0.0400628
0.0329311
0.0335907
0.0555738
0.0115221
-0.0054161
-0.0258123
-0.0885230
-0.1873917
-0.2715507
-0.2470931
-0.0930663
0.2254194
0.4194641
0.4761654
0.2004962
-0.0280608
-0.2459756
-0.2612150
-0.1939732
-0.0709596
-0.0805879
-0.0203882
-0.0032540
0.0800609
0.0895543
0.0333428
0.0430128
0.0857680
0.0227573
-0.0259427
0.0289372
0.0060954
-0.0260532
-0.0092227
-0.0083922
-0.0075553
-0.0115669
0.0229134
0.0233714
0.0177390
0.0542152
0.0475924
0.0143935
0.0389097
-0.0022078
-0.0311883
-0.0360421
-0.0244448
-0.0219869
-0.0251124
-0.0244835
-0.0391379
-0.0250485
-0.0085454
-0.0253630
0.0440986
-0.0281159
0.0109264
-0.0286765
-0.0232192
-0.0306429
0.0003086
-0.0179021
-0.0104607
-0.0404743
-0.0238596
0.0019571
-0.0397711
0.0055906
0.0290304
0.0246964
-0.0315608
0.0155479
0.0347751
0.0410929
-0.0196432
0.0226192
0.0272283
-0.0239124
-0.0343013
-0.0107265
-0.0230798
0.0287521
-0.0216476
0.0121257
-0.0398779
-0.0019448
0.0018580
-0.0005198
0.0176550
-0.0135644
-0.0280247
-0.0220753
-0.0191420
-0.0351481
0.0015022
0.0145678
-0.0011158
0.0204505
0.0144608
0.0333977
0.0177534
0.0203898
-0.0392479
0.0310545
-0.0078591
-0.0114402
-0.0122873
-0.0103821
-0.0145402
0.0277844
0.0161084
-0.0178749
-0.0393339
0.0051876
-0.0228905
0.0270877
-0.0417354
-0.0034925
-0.0310930
-0.0072217
0.0100433
0.0303961
0.0419667
-0.0143547
0.0247521
0.0312163
-0.0029208
-0.0071931
-0.0087744
-0.0373385
-0.0074277
-0.0338516
0.0136540
-0.0199267
0.0003377
0.0137399
0.0460012
0.0308494
0.0339881
0.0060483
-0.0015297
-0.0303852
0.0213031
-0.0011673
0.0239640
0.0151431
-0.0480663
-0.0145902
-0.0170223
-0.0334653
0.0371665
0.0376696
-0.0240816
0.0001067
0.0169149
0.0338023
-0.0025738
-0.0231499
-0.0093466
0.0201389
0.0216763
-0.0447431
0.0077362
-0.0576219
-0.0399256
-0.0399695
-0.0179540
-0.0002525
0.0553274
0.0532117
0.0500534
0.0676919
-0.0150931
0.0163186
-0.0362051
-0.0727122
-0.0347778
-0.0916005
-0.1072429
-0.1147376
-0.0852281
0.0268722
0.1279981
0.2929046
0.2798208
0.1001278
-0.0638403
-0.1555488
-0.2064711
-0.1428376
-0.0165942
-0.0022023
-0.0176399
0.0134024
0.0814974
0.0585481
0.0703068
0.0472507
0.0002646
0.0208619
0.0182769
-0.0481164
0.0136672
-0.0588690
