-0.0141129
0.0402058
-0.0040709
0.0110669
-0.0172530
0.0372401
0.0304889
-0.0093487
-0.0371086
0.0253158
0.0176701
0.0136625
-0.0069650
0.0403940
-0.0075077
0.0193504
-0.0213851
0.0007017
0.0047639
-0.0216939
-0.0417828
0.0150965
0.0038866
-0.0069791
0.0280730
-0.0212656
0.0125966
0.0072126
-0.0247071
0.0386714
-0.0352028
-0.0244415
0.0193326
-0.0418639
-0.0158389
0.0235109
0.0345582
-0.0000173
0.0097513
-0.0242359
-0.0068428
0.0318649
-0.0053708
0.0342606
-0.0032207
-0.0347336
0.0178612
0.0391419
-0.0055531
0.0132980
-0.0300989
0.0167153
0.0200083
-0.0085458
0.0078471
-0.0085965
-0.0349807
0.0016170
-0.0155928
-0.0213469
-0.0340270
0.0273732
-0.0291636
-0.0297327
-0.0118369
-0.0017818
0.0286600
-0.0106379
0.0186541
0.0224609
0.0026890
-0.0299782
-0.0066836
0.0133824
-0.0198047
-0.0244854
0.0356989
0.0168665
0.0205095
-0.0031055
0.0300113
0.0122800
0.0225001
0.0153008
-0.0038033
-0.0403073
-0.0079771
-0.0286073
-0.0553902
-0.0437470
0.0083619
-0.0203479
0.0234403
0.0237357
0.0295800
0.0682946
0.0141949
0.0516396
0.0186649
0.0328639
-0.0144416
-0.0653265
-0.0368970
-0.0670263
-0.1311370
-0.0754390
-0.0973165
0.0055134
0.1406650
0.2426340
0.2294381
0.1050107
-0.1092248
-0.1731279
-0.1383139
-0.0718907
-0.0769265
-0.0416048
0.0019667
0.0132570
0.0072946
0.0748209
0.0371906
0.0749016
0.0063943
-0.0303256
0.0100309
-0.0504249
0.0124330
-0.0329231
-0.0008056
0.0053453
-0.0227085
-0.0447281
-0.0233116
-0.0108844
0.0009502
0.0328881
0.0083708
0.0412814
0.0212205
0.0271696
-0.0221699
-0.0302664
0.0159133
0.0014871
-0.0113636
0.0310544
0.0345890
0.0120033
0.0075259
-0.0345445
-0.0328928
-0.0199800
0.0326595
-0.0296322
-0.0220483
0.0025738
0.0147635
-0.0185118
0.0221142
-0.0184466
-0.0352921
-0.0060726
-0.0138258
-0.0030854
-0.0321473
-0.0370522
-0.0343475
-0.0135840
0.0337857
0.0344350
0.0255269
0.0266399
0.0210600
0.0345413
-0.0052772
-0.0365071
0.0073450
0.0294306
-0.0243125
-0.0042329
0.0181012
-0.0108446
-0.0173721
0.0323639
0.0078112
0.0244796
-0.0357772
0.0088530
0.0240942
-0.0101983
0.0073245
0.0065902
0.0031386
0.0065230
-0.0279794
-0.0023142
-0.0016106
0.0244922
-0.0385751
0.0187740
0.0250767
0.0238240
0.0164914
-0.0391588
0.0017113
-0.0331690
-0.0042649
-0.0384142
0.0048548
-0.0112608
0.0336366
0.0095129
0.0081287
-0.0338044
-0.0131922
0.0305208
-0.0252930
0.0029265
0.0325084
-0.0238072
-0.0184884
-0.0371265
0.0126793
0.0013771
-0.0172183
-0.0359797
0.0101308
-0.0128268
-0.0350136
0.0299029
-0.0295058
0.0118241
0.0203589
-0.0259580
0.0268312
-0.0420483
-0.0233614
0.0133351
-0.0379221
-0.0318912
0.0073126
-0.0176899
0.0199917
-0.0009658
-0.0150004
0.0510141
0.0186981
0.0413818
0.0207179
0.0377126
-0.0255855
-0.0061332
-0.0323492
0.0159964
-0.0347051
-0.0347921
-0.0551402
-0.0540147
-0.0472966
-0.0222902
-0.0038642
0.0123776
0.0118802
0.0864035
0.0148342
0.0569197
0.0482809
0.0111424
0.0012048
-0.0064672
-0.1004293
-0.0768238
-0.1376979
-0.1695161
-0.0564812
0.1005094
0.2690524
0.3419217
0.2501052
0.0531322
-0.2015731
-0.2306432
-0.1868767
-0.0905244
-0.0319592
-0.0008474
0.0300680
0.0517847
0.0746792
0.0299786
0.0641779
0.0028191
0.0056075
-0.0117617
0.0061085
-0.0474748
-0.0164895
0.0007578
-0.0350445
-0.0482228
-0.0068190
-0.0073329
0.0323666
-0.0270273
0.0462923
0.0407456
0.0058414
0.0360125
-0.0243213
0.0130033
0.0003754
-0.0328804
-0.0095105
-0.0277603
0.0326478
0.0281332
-0.0265076
-0.0188144
0.0241949
-0.0008095
0.0332458
-0.0258077
0.0024878
0.0119007
0.0402039
0.0177724
-0.0318598
0.0193481
0.0017183
-0.0016774
-0.0432452
-0.0168938
0.0366270
-0.0238658
-0.0245122
-0.0161024
-0.0017987
-0.0011134
0.0221006
0.0131380
0.0222367
0.0158365
0.0306698
-0.0056010
-0.0354651
-0.0242553
-0.0209164
-0.0123943
0.0031795
-0.0068595
0.0130438
0.0277645
-0.0344545
0.0116137
0.0084091
0.0154052
0.0224616
0.0179528
0.0081662
0.0212017
-0.0287445
0.0297499
0.0362625
-0.0236329
0.0285536
0.0065390
0.0358762
-0.0142745
-0.0299027
0.0158927
0.0088567
-0.0325864
0.0377682
0.0231643
0.0352769
-0.0124096
0.0311490
-0.0270654
0.0242153
-0.0170639
-0.0198979
-0.0057134
-0.0248677
-0.0243288
0.0368045
0.0005718
0.0069222
0.0369570
0.0265348
-0.0311717
0.0047931
-0.0130932
0.0195156
0.0199452
-0.0230766
-0.0309718
0.0200880
0.0285489
-0.0187859
0.0129174
0.0135717
-0.0308269
0.0078712
0.0183309
-0.0309379
-0.0163156
-0.0223295
0.0300990
0.0339532
0.0154999
-0.0115370
-0.0284959
0.0017514
-0.0188525
0.0006818
-0.0283822
0.0062331
0.0225187
-0.0228514
-0.0207436
-0.0042912
0.0275049
0.0272451
0.0471986
0.0214965
0.0153012
-0.0197362
0.0069222
-0.0081891
-0.0312666
-0.0193052
-0.0611468
-0.0071730
0.0145879
0.0637384
0.0754584
0.0424656
0.0384835
0.0155519
0.0835999
0.0255073
0.0188480
-0.0027637
-0.0475949
-0.1246315
-0.1909169
-0.2408082
-0.1493210
0.1286722
0.3001652
0.4261025
0.2668527
0.0565055
-0.1699541
-0.2414208
-0.1613427
-0.1012813
-0.0422063
-0.0268179
0.0348340
0.0477120
0.0475687
0.0460637
0.0918120
0.0704203
0.0037919
-0.0175086
-0.0422178
-0.0161085
-0.0041569
0.0083038
0.0010701
-0.0565627
-0.0291113
-0.0445939
-0.0155927
0.0341299
0.0340883
0.0494457
0.0219918
-0.0146884
-0.0255095
0.0333512
-0.0260728
-0.0039331
-0.0373577
-0.0251761
-0.0431698
-0.0187393
0.0263058
0.0221716
0.0376377
-0.0378013
-0.0354213
-0.0099406
-0.0244988
0.0416444
0.0224923
-0.0035555
0.0059253
0.0296970
-0.0321098
-0.0270626
0.0348214
0.0262796
-0.0254763
0.0089851
0.0313528
-0.0403856
0.0188829
0.0357955
0.0046666
0.0294022
0.0295100
-0.0338903
-0.0286005
-0.0085203
0.0256895
-0.0373744
-0.0255060
-0.0411565
-0.0131001
0.0147770
0.0333262
-0.0064502
0.0184292
0.0266790
-0.0304039
-0.0292294
-0.0420591
-0.0428460
-0.0075251
0.0372509
0.0198848
-0.0235707
-0.0213630
0.0183784
0.0426348
0.0036689
0.0346624
0.0023711
-0.0022981
0.0226821
-0.0189481
-0.0018071
-0.0371153
-0.0405037
-0.0207689
0.0283507
0.0442076
0.0455337
0.0182154
0.0325562
-0.0370750
0.0041594
-0.0113705
0.0263858
-0.0441341
0.0171944
-0.0175224
0.0098517
0.0219443
-0.0136585
-0.0251994
-0.0318443
-0.0216433
-0.0319829
-0.0076336
0.0324055
0.0382229
0.0002947
0.0183339
0.0350496
0.0386390
0.0388686
0.0296587
-0.0271722
0.0286915
0.0438895
-0.0238471
-0.0386218
-0.0246720
0.0206767
-0.0127668
0.0230353
-0.0359007
-0.0448320
-0.0165997
0.0272961
-0.0192998
0.0399801
-0.0258338
0.0526126
0.0456050
0.0453831
0.0288990
-0.0074145
0.0118438
-0.0083471
0.0109232
-0.0013162
0.0037756
-0.0394880
-0.0370138
0.0071304
-0.0160822
0.0174494
0.0305099
0.0505535
0.0177710
0.0970050
0.0589379
0.0486148
0.0142184
-0.0400600
-0.0100205
-0.1192771
-0.1978096
-0.2098590
-0.2567857
-0.0978801
0.1963687
0.3387025
0.4434893
0.2300832
-0.0267003
-0.1874187
-0.2372578
-0.2033619
-0.1099884
-0.0169257
-0.0001398
0.0401564
0.0444006
0.0388016
0.1041768
0.0776649
0.0841285
0.0394843
-0.0112053
0.0193373
-0.0368834
0.0005107
-0.0121514
-0.0506196
0.0030732
-0.0550018
-0.0350038
-0.0239597
-0.0277404
-0.0115528
-0.0123187
-0.0069472
0.0440075
0.0407250
0.0217255
-0.0038376
-0.0318714
-0.0181496
-0.0231015
-0.0353088
-0.0327938
0.0297672
-0.0112462
-0.0014226
-0.0289966
-0.0314448
-0.0344814
0.0416010
-0.0040421
0.0388042
-0.0011946
0.0090134
-0.0191677
0.0261499
-0.0194961
0.0051555
-0.0100754
0.0246772
0.0327966
-0.0084702
0.0172648
-0.0147891
-0.0096839
0.0160250
0.0182996
0.0022646
0.0088394
0.0320782
-0.0132273
-0.0122865
0.0118059
-0.0129431
0.0077512
0.0026809
-0.0015437
-0.0151360
0.0395541
-0.0058203
-0.0202494
0.0189584
0.0300913
0.0229067
-0.0372621
-0.0012310
-0.0076983
0.0019773
0.0204086
-0.0295271
0.0272690
-0.0048535
0.0269008
-0.0364603
-0.0055987
-0.0108364
-0.0331577
0.0431008
-0.0260013
0.0042813
0.0219646
0.0246226
-0.0175919
-0.0058326
-0.0467511
-0.0069889
0.0284129
-0.0139767
0.0009540
-0.0061552
-0.0042218
-0.0004274
0.0331487
0.0196464
0.0124162
-0.0378311
-0.0390910
-0.0408665
0.0091317
0.0279424
0.0040739
-0.0231811
-0.0254204
0.0004065
0.0173156
0.0065679
0.0202690
0.0133956
0.0385492
0.0050009
-0.0320787
0.0026681
-0.0052159
0.0036800
0.0328728
0.0297486
-0.0117980
-0.0303177
-0.0325003
-0.0233772
-0.0195632
-0.0091939
-0.0025632
0.0440094
-0.0305287
0.0155619
0.0497821
-0.0040203
0.0323747
-0.0202429
0.0077520
-0.0013940
-0.0244489
-0.0373740
-0.0541927
-0.0705349
-0.0382464
0.0053349
0.0007634
0.0348922
0.0490793
0.0125943
0.0381042
0.0794385
0.0572321
0.0830459
0.0028240
0.0347695
-0.0358319
-0.1134998
-0.1259262
-0.2531195
-0.2748510
-0.1123233
0.1573946
0.3902884
0.4174187
0.2822367
-0.0583536
-0.2206026
-0.2404860
-0.1948017
-0.0944725
-0.0515148
-0.0552229
0.0161560
0.0902842
0.1068514
0.0715764
0.0553694
0.0635478
0.0117852
0.0270280
0.0299262
-0.0491581
-0.0056795
-0.0128978
-0.0116281
-0.0417389
-0.0460663
-0.0330395
0.0025265
0.0115464
0.0185018
0.0262067
-0.0187596
0.0176329
0.0020835
-0.0065518
-0.0166496
-0.0269942
0.0272580
0.0246681
-0.0471776
-0.0092012
-0.0207177
-0.0290759
-0.0227174
-0.0309437
0.0234602
0.0000051
0.0383094
0.0239219
0.0372501
0.0081070
0.0015969
0.0300862
-0.0178739
-0.0364976
0.0256484
-0.0186005
-0.0287524
-0.0050644
0.0099241
-0.0382015
-0.0200260
0.0335755
-0.0225218
-0.0170263
-0.0105752
-0.0128322
0.0408066
0.0139209
0.0287594
-0.0408798
-0.0070576
-0.0176794
-0.0315709
-0.0173668
-0.0224384
0.0346513
0.0340296
0.0260048
0.0069147
-0.0086448
0.0006794
-0.0147585
0.0189607
-0.0068048
-0.0251261
0.0159707
0.0120967
0.0221134
-0.0070676
-0.0291715
-0.0201494
-0.0368746
0.0329632
-0.0168805
-0.0047564
0.0011106
-0.0067281
0.0026869
-0.0161917
-0.0094202
0.0318890
-0.0131905
-0.0132161
0.0331544
0.0091428
0.0359064
0.0237989
0.0253084
0.0427510
0.0186496
-0.0005934
0.0130647
0.0298356
-0.0003548
0.0239056
-0.0219261
-0.0421926
-0.0255949
-0.0015450
0.0377098
-0.0429837
0.0072260
-0.0386615
-0.0299701
0.0095142
0.0227549
-0.0219242
-0.0277338
0.0237761
0.0247009
-0.0432838
-0.0122120
-0.0486180
0.0281099
0.0226960
0.0239564
0.0051892
0.0258914
0.0116669
0.0102492
0.0464995
0.0389198
0.0013648
0.0312309
0.0389550
0.0180680
0.0360359
-0.0035374
-0.0040227
-0.0548161
-0.0097410
-0.0432614
-0.0575509
-0.0401921
-0.0024349
-0.0158899
0.0763069
0.0815633
0.0418713
0.0443907
0.0509274
0.0482031
-0.0154471
-0.0231461
-0.0844718
-0.0707983
-0.1201920
-0.1434159
-0.1155352
-0.0420963
0.1620860
0.3099029
0.3045337
0.1160285
-0.0734500
-0.1925452
-0.1736967
-0.1324668
-0.0904739
-0.0142531
0.0376069
0.0022247
0.0458690
0.0452819
0.0833237
0.0247445
-0.0006573
-0.0117198
-0.0271955
-0.0248200
-0.0164069
-0.0213536
-0.0499434
-0.0154983
0.0208817
-0.0420369
0.0014100
0.0154253
0.0357430
0.0389673
0.0432312
-0.0135833
0.0190611
0.0448554
-0.0118060
0.0154508
-0.0373930
0.0069445
-0.0054677
-0.0247100
-0.0128258
0.0109650
0.0150152
0.0128798
0.0299449
0.0117451
-0.0089235
0.0408365
0.0066421
0.0219648
-0.0331551
0.0358895
-0.0012701
0.0144550
-0.0128350
-0.0209206
-0.0274215
0.0218553
-0.0054468
-0.0057585
0.0262766
0.0372843
0.0361116
-0.0158833
-0.0018016
0.0359339
-0.0062847
-0.0385767
0.0078565
0.0302370
-0.0210015
-0.0316042
0.0131472
0.0220694
-0.0202467
0.0135439
0.0381102
-0.0181721
0.0112510
-0.0299046
0.0344757
0.0295068
-0.0251444
-0.0131324
-0.0143851
-0.0397625
0.0116657
-0.0148310
-0.0053942
-0.0320832
-0.0308279
-0.0203584
0.0139262
0.0234583
0.0324153
-0.0112470
0.0044157
-0.0405593
-0.0214945
0.0306153
0.0204325
0.0165504
-0.0205843
-0.0355259
0.0355658
-0.0037183
-0.0362854
0.0177590
-0.0339085
0.0216947
0.0221944
-0.0177207
-0.0308449
-0.0000653
-0.0111306
-0.0317473
0.0205417
-0.0252392
0.0027267
0.0248600
-0.0165859
-0.0390366
-0.0302151
0.0095992
-0.0034096
-0.0020984
-0.0094610
0.0292691
0.0293583
0.0046876
0.0349878
0.0166998
-0.0111732
-0.0224128
-0.0416378
-0.0180680
0.0183141
0.0193474
0.0160200
-0.0340501
-0.0179010
-0.0202329
0.0478512
-0.0066055
0.0507627
0.0427368
-0.0258759
-0.0225434
-0.0156006
0.0142286
-0.0100234
-0.0070111
-0.0111862
0.0116924
-0.0182837
0.0278662
-0.0138073
0.0592788
0.0056175
0.0785231
0.0297045
-0.0081663
0.0491134
0.0240001
0.0289917
-0.0296093
-0.0516619
-0.0751236
-0.0952049
-0.0980349
-0.0513425
0.0136325
0.1523468
0.2148320
0.2761640
0.0932529
-0.0127863
-0.1217630
-0.1485131
-0.1536544
-0.0818511
-0.0411898
-0.0218256
0.0153909
0.0353248
0.0148835
0.0748741
0.0459712
0.0599852
0.0050240
0.0087467
-0.0352510
-0.0549330
-0.0224927
-0.0555736
-0.0128334
-0.0269721
0.0140436
0.0014595
0.0184844
0.0147323
0.0344441
0.0324204
0.0097182
0.0511356
0.0358688
-0.0143256
0.0020784
0.0044620
0.0238524
-0.0338062
-0.0116257
-0.0232703
0.0290908
-0.0265870
-0.0108919
0.0398750
0.0275072
0.0153834
0.0312402
0.0184287
0.0408590
0.0388465
-0.0020576
0.0063316
-0.0246669
0.0375284
0.0047643
0.0232045
-0.0387016
0.0239594
0.0216610
-0.0232715
-0.0177811
0.0357936
0.0149812
0.0250246
0.0067607
0.0213001
0.0088048
0.0051851
0.0143504
0.0014884
-0.0268872
-0.0317679
-0.0080156
-0.0150184
-0.0245326
-0.0306465
-0.0102655
0.0389003
0.0148201
0.0230889
0.0219959
0.0010017
0.0141885
0.0383057
-0.0281013
0.0231378
-0.0014243
0.0234627
0.0272337
-0.0228375
0.0217768
-0.0257115
0.0189520
0.0167629
0.0283139
-0.0189917
-0.0230555
0.0179554
0.0407971
-0.0311463
-0.0287074
0.0384773
-0.0188072
-0.0262427
-0.0149096
0.0362239
-0.0061216
-0.0218543
0.0308377
-0.0153121
-0.0254465
