0.0175307
-0.0602357
-0.0586294
-0.0290165
-0.0538058
-0.0615908
-0.0595209
-0.0721310
0.0706623
-0.0018069
-0.0156288
0.0008337
0.0002712
0.0716819
0.0181172
-0.0294762
-0.0470498
0.0374921
-0.0472715
0.0498980
0.0278341
-0.0082549
-0.0301278
-0.0160315
-0.0234297
-0.0010973
-0.0424645
0.0265486
0.0272336
0.0259026
0.0115160
0.0385098
0.0330716
0.0096111
0.0314732
0.0446269
-0.0064493
-0.0140518
0.0386896
0.0509477
0.0376379
-0.0701409
0.0419788
-0.0575404
0.0557427
0.0113004
0.0453500
-0.0364512
0.0740979
0.0685500
0.0317695
0.0626318
-0.0417598
0.0513257
0.0622623
0.0307464
-0.0255187
0.0477554
0.0535061
0.0221036
0.0543239
0.0466035
-0.0646051
-0.0542197
-0.0092792
0.0619156
-0.0400889
0.0470979
0.0638171
0.0505439
-0.0237128
-0.0184252
0.0578804
-0.0502997
-0.0586412
-0.0840324
0.0005450
0.0404456
-0.0740733
0.0686938
0.0069991
0.0932421
0.0548362
-0.0233660
0.0251105
-0.0060748
0.0028971
0.0026632
-0.0406787
-0.0733081
-0.0411319
-0.1162905
-0.0315824
-0.1236366
-0.1120698
-0.0255571
0.2212172
0.4763787
0.4542331
0.2722067
-0.0631600
-0.5135634
-0.4917948
-0.3306115
-0.0060954
0.0871230
0.1240123
0.1211995
0.1134267
0.1729021
0.0950051
0.0399117
-0.0060295
-0.0931986
-0.1125727
-0.0796810
-0.0670979
-0.0784984
-0.0847128
-0.0015337
-0.0404425
0.0253861
-0.0385185
-0.0384991
-0.0117441
0.0410863
0.0291176
0.0488255
-0.0608938
0.0175309
-0.0014517
-0.0086243
-0.0341732
0.0191867
-0.0717604
-0.0674695
0.0307213
0.0459167
0.0406293
0.0419890
0.0077030
-0.0098508
-0.0384471
-0.0021059
0.0584531
0.0518354
0.0054751
0.0406333
-0.0605209
-0.0231119
0.0069138
0.0611990
-0.0218639
0.0484317
0.0541542
-0.0380472
0.0110615
-0.0323060
0.0018724
0.0152014
-0.0401928
0.0271479
0.0351188
-0.0220728
-0.0249565
0.0194419
0.0223671
-0.0004254
-0.0685552
-0.0368792
0.0214892
0.0471033
-0.0223247
-0.0248578
-0.0014118
0.0187512
-0.0644614
0.0348219
0.0333182
0.0608292
-0.0529454
-0.0383408
0.0661775
0.0677111
0.0484590
0.0028032
-0.0405052
0.0207690
-0.0302923
0.0686276
-0.0126756
0.0391997
0.0221204
-0.0379162
0.0167555
-0.0226675
-0.0109618
-0.0065781
0.0384834
-0.0076530
-0.0239695
-0.0327161
-0.0367874
0.0032340
-0.0116765
0.0344253
-0.0441569
-0.0504022
0.0125469
0.0470593
0.0513480
0.0504983
-0.0083400
-0.0070905
-0.0495162
0.0161071
0.0406436
0.0041473
0.0574890
-0.0045252
-0.0468358
0.0451265
-0.0360533
-0.0235476
0.0102902
0.0477240
-0.0253992
0.0393933
0.0003338
0.0014494
0.0547005
-0.0183289
-0.0689462
-0.0351491
-0.0211913
0.0614889
-0.0240647
0.0269279
-0.0652252
-0.0090040
0.0580736
0.0387159
0.0462285
-0.0097336
0.0071147
-0.0621542
0.0423821
-0.0173666
-0.0573678
-0.0668800
-0.0228039
0.0012276
-0.0322021
0.0255168
-0.0023553
0.0117878
-0.0484545
-0.0479360
-0.0301287
0.0112197
0.0235975
0.0191771
-0.0506150
0.0296014
-0.0029738
-0.0172434
-0.0502775
0.0541698
0.0104541
-0.0321717
-0.0002817
-0.0552990
0.0459678
-0.0161064
-0.0384630
-0.0259253
0.0362483
0.0346494
0.0656139
-0.0013661
-0.0330406
-0.0517711
-0.0577984
0.0126080
0.0103450
-0.0419146
-0.0706452
0.0753550
0.0424963
0.0828063
0.0679184
-0.0331642
0.0937754
-0.0212576
0.0005554
0.0016325
-0.0900813
-0.0795287
-0.0927783
-0.0453929
-0.0354472
-0.1611405
-0.0702024
0.0094831
0.2444669
0.4186057
0.3689957
0.1756175
-0.1538151
-0.4882457
-0.3907583
-0.1282306
0.0559114
0.0760721
0.0941142
0.0547672
0.1253815
0.1624931
0.0846177
0.0351999
-0.0654355
-0.0453410
0.0143099
-0.0648036
0.0107163
0.0058296
-0.0051095
-0.0064734
0.0169145
0.0777612
0.0066928
0.0059349
0.0934885
-0.0326549
0.0085718
-0.0357927
-0.0566020
0.0081499
0.0260531
-0.0797054
0.0151954
0.0443947
-0.0271531
-0.0176737
0.0222666
-0.0432900
-0.0297988
-0.0343101
0.0621052
-0.0237300
-0.0134207
-0.0051395
0.0333862
0.0281723
-0.0432268
-0.0552478
-0.0464519
-0.0634264
-0.0266791
-0.0614369
-0.0498922
-0.0565426
0.0689772
-0.0529124
0.0410960
-0.0278229
0.0731365
0.0305562
0.0331048
-0.0201610
0.0605437
0.0634189
0.0416343
-0.0416797
-0.0345346
0.0318816
0.0045934
-0.0087320
0.0054136
0.0545148
0.0063210
-0.0590408
0.0219425
-0.0337954
0.0224105
-0.0323583
0.0074051
0.0331953
0.0226224
0.0365656
-0.0371900
-0.0213114
0.0508159
0.0052241
-0.0382477
0.0025758
-0.0679179
0.0372796
-0.0288483
-0.0769386
-0.0408213
-0.0239919
0.0610459
0.0171466
0.0590934
0.0694219
0.0553374
-0.0277465
0.0681531
0.0529839
0.0092820
-0.0068746
0.0114548
0.0263036
-0.0119343
-0.0856947
-0.0194054
-0.0725103
0.0012045
0.0425405
0.0671001
0.0762822
-0.0382668
0.0596225
-0.0059000
0.0844279
-0.0138612
0.0297051
0.0483633
-0.0780408
-0.0837075
-0.0456595
-0.0585165
-0.1363591
-0.0878920
-0.0740714
-0.0069041
0.2961295
0.4691158
0.4491719
0.1602022
-0.1967216
-0.4793948
-0.4641677
-0.2382594
0.0555869
0.0466826
0.0527935
0.1267698
0.1079137
0.1586797
0.1311511
0.0524026
-0.0600477
-0.0898317
0.0003925
-0.0962400
-0.0335310
-0.0064836
-0.0819306
-0.0349054
0.0258213
0.0408259
-0.0186998
0.0882408
0.0039945
0.0416899
-0.0548540
0.0495745
-0.0579372
0.0261840
0.0053114
-0.0057835
0.0437723
-0.0137628
-0.0349339
0.0058471
-0.0232242
0.0143280
-0.0240686
-0.0476462
0.0414556
0.0626329
0.0694086
0.0439930
-0.0010810
-0.0671922
0.0562715
-0.0592990
0.0576013
-0.0172464
0.0009411
0.0586543
-0.0094260
-0.0199055
0.0657805
-0.0602854
0.0116871
0.0371442
-0.0666166
-0.0228536
-0.0307417
0.0047358
-0.0209118
-0.0606801
-0.0437800
0.0029859
-0.0388459
0.0240936
-0.0191482
0.0342515
0.0424435
-0.0498028
0.0414864
-0.0325431
0.0332199
0.0739392
0.0280828
0.0186162
-0.0581975
-0.0486831
-0.0045723
-0.0653910
-0.0694608
-0.0387242
0.0634382
-0.0175914
0.0210536
0.0431186
0.0772006
0.0065890
-0.0189844
0.0307625
-0.0197675
-0.0107468
0.0405411
-0.0514182
-0.0763811
-0.0206768
-0.0645366
0.0181576
0.0239509
0.0007933
-0.0006001
0.0709696
-0.0228970
0.0570358
-0.0298594
0.0703845
0.0780650
-0.0406648
0.0379507
0.0145834
0.0110649
-0.0419549
0.0065968
-0.0526306
-0.0400666
-0.0741193
0.0114836
0.0308164
0.0814198
0.0938354
0.0644402
0.1750207
0.0806466
0.1298494
-0.0327147
-0.0189191
-0.1786654
-0.2358806
-0.3401140
-0.4554292
-0.2467846
0.0818167
0.6362206
0.7200149
0.5245058
0.0703020
-0.3836558
-0.4951613
-0.2861401
-0.1889591
-0.0734837
-0.0712634
-0.0574404
0.0295931
0.1054412
0.1776300
0.1402706
0.1381880
0.0000386
0.0366185
-0.0690366
-0.0690054
-0.0312740
-0.1087837
0.0080459
-0.1206491
-0.0551971
0.0428863
-0.0164353
0.0537770
-0.0071539
0.0938977
0.0968942
0.0312360
0.0255118
-0.0250124
-0.0537096
-0.0242570
0.0047311
-0.0543817
-0.0210254
-0.0855359
0.0287554
-0.0002727
-0.0698496
-0.0312119
-0.0614494
0.0126311
0.0351350
-0.0214483
-0.0417158
-0.0278438
-0.0377547
-0.0398018
-0.0163570
0.0657484
0.0466963
-0.0322899
-0.0499727
-0.0058729
0.0293028
-0.0102046
-0.0270023
0.0101612
0.0150629
-0.0277866
0.0431098
0.0266472
0.0286183
-0.0383524
-0.0450316
0.0232770
0.0062732
-0.0214047
-0.0397036
-0.0063259
0.0646417
-0.0537596
-0.0438442
0.0567316
-0.0616092
-0.0382422
0.0145991
0.0271775
0.0084709
-0.0230443
0.0542631
-0.0179485
0.0084365
0.0633897
0.0452302
-0.0305201
-0.0255067
-0.0274631
0.0641511
-0.0553769
0.0543118
0.0395597
0.0330671
-0.0017788
-0.0022735
0.0262394
-0.0125232
0.0433044
0.0525187
-0.0373741
-0.0252817
-0.0055588
0.0394982
0.0094279
-0.0325704
-0.0211060
0.0618898
-0.0514388
0.0256688
-0.0448210
-0.0472422
0.0648334
0.0502089
0.0239600
-0.0131313
-0.0042346
-0.0462322
-0.0351798
0.0384983
0.0495061
-0.0160059
-0.0309775
-0.0504504
-0.0161936
0.0710336
0.0482654
-0.0479229
0.0624513
-0.0621324
-0.0319890
-0.0279901
-0.0352492
-0.0329945
-0.0500730
-0.0184400
0.0030737
0.0150522
0.0059637
0.0190677
0.0551787
0.0704782
0.0399108
-0.0597196
-0.0199547
-0.0064354
-0.0277839
-0.0499854
0.0086660
-0.0373936
0.0155317
-0.0236621
-0.0870932
-0.0564124
-0.0628639
0.0424060
-0.0622276
0.0609530
0.0374876
0.0284628
0.0153923
0.0170466
0.0665187
0.0574907
-0.0761543
-0.1136246
-0.0370861
-0.0723570
-0.1572177
-0.1560622
-0.1691826
-0.0638111
0.1322755
0.3992466
0.5228413
0.2837685
-0.1016572
-0.3614329
-0.5222430
-0.3885801
-0.0762864
0.0897972
0.0769792
0.1330909
0.0753438
0.1619167
0.0672114
0.0395606
0.0455872
-0.1010519
0.0005355
0.0058184
-0.0084090
-0.0142652
-0.0584594
-0.0612891
0.0010239
-0.0012348
0.0136416
0.0793160
0.0409730
-0.0381241
-0.0104513
0.0836168
0.0041395
-0.0650658
-0.0272924
-0.0113397
-0.0724487
0.0224663
0.0487871
0.0308968
-0.0617794
0.0159287
-0.0657463
-0.0082404
-0.0278080
-0.0387362
0.0483582
-0.0211360
0.0536832
-0.0703416
-0.0667102
0.0327339
0.0107487
-0.0398189
0.0192647
-0.0045045
-0.0075654
0.0146586
0.0618866
0.0706073
-0.0392122
-0.0013055
0.0180244
-0.0197249
0.0309802
-0.0189075
-0.0219892
0.0318355
-0.0302276
0.0566357
0.0256130
-0.0296541
-0.0368127
-0.0007867
-0.0600229
0.0417375
-0.0262332
-0.0496959
-0.0243215
-0.0109559
-0.0541092
0.0467109
-0.0564729
0.0017999
-0.0369345
-0.0265697
-0.0669005
0.0708946
-0.0414946
0.0602457
-0.0333693
-0.0262704
0.0077009
-0.0393746
0.0476706
-0.0145040
0.0663204
-0.0489256
0.0514871
0.0225341
0.0581670
0.0073089
-0.0614809
-0.0177104
-0.0489633
-0.0067242
0.0140236
-0.0315948
-0.0575805
-0.0522524
0.0481895
0.0297942
0.0607101
0.0433271
-0.0438084
0.0011388
0.0337211
-0.0632258
-0.0605589
0.0681540
-0.0473334
0.0378246
0.0616876
0.0075466
-0.0055584
-0.0206604
-0.0645254
0.0471500
-0.0123034
0.0568643
-0.0319276
0.0677693
0.0085204
0.0034414
-0.0532628
0.0166162
0.0592109
0.0256792
0.0376858
-0.0027401
-0.0005023
-0.0147689
0.0456255
-0.0053409
0.0303796
-0.0372847
0.0052550
0.0174312
-0.0462830
-0.0074426
-0.0627495
0.0572335
0.0227644
-0.0654946
-0.0144975
-0.0568154
-0.0256135
0.0005902
0.0534053
0.0439058
0.0221103
-0.0129750
0.0138321
0.0010775
0.0412198
-0.0002241
-0.0556820
0.0652909
0.0647542
0.0202564
-0.0313971
-0.0153576
0.0514610
-0.0237563
-0.0496293
0.0068886
0.0208806
0.0412502
-0.0537807
-0.0756732
-0.0326452
-0.0444076
-0.0600830
-0.0348308
0.0576715
-0.0296489
0.0513368
0.0782071
0.1115460
0.1033056
-0.0197717
0.0477731
-0.0221842
0.0024535
-0.0481784
-0.1328668
-0.0699724
-0.0800252
-0.1705679
-0.0307492
0.1826801
0.3904024
0.5326222
0.3179235
-0.0561187
-0.4545020
-0.6034248
-0.3009125
-0.1179177
0.1627874
0.1731799
0.1409549
0.1435988
0.1795724
0.1296410
0.0739034
-0.0752622
0.0047040
-0.0435417
-0.0865192
-0.1075241
0.0104750
-0.0428534
0.0423942
-0.0540145
-0.0488895
0.0811402
0.0579125
-0.0280910
0.0533654
0.0755337
0.0291554
0.0501654
0.0520059
-0.0763211
-0.0202695
-0.0701019
-0.0162026
-0.0158577
-0.0340957
0.0274359
0.0440729
0.0214806
0.0726921
-0.0121691
0.0506858
-0.0219765
-0.0441122
0.0329267
0.0558912
0.0275311
0.0619447
-0.0471439
0.0597686
-0.0615028
-0.0039179
0.0146867
-0.0085775
-0.0248719
0.0380335
-0.0303533
0.0470108
-0.0052084
-0.0299504
-0.0028720
-0.0504277
-0.0359022
0.0101368
-0.0136759
-0.0060780
-0.0174817
-0.0594039
-0.0187709
-0.0134199
0.0454932
-0.0523284
0.0025389
0.0280064
0.0227779
0.0332547
0.0126798
0.0300991
-0.0331803
0.0451656
0.0574709
-0.0203222
0.0530650
0.0652313
-0.0197426
-0.0187797
-0.0020987
0.0556889
-0.0666693
0.0232744
-0.0238703
-0.0430535
0.0353371
-0.0601790
-0.0612951
-0.0043686
-0.0536871
-0.0368265
-0.0173309
-0.0742739
-0.0585915
-0.0172144
0.0515796
0.0762694
0.0176785
-0.0446846
-0.0439385
-0.0554368
-0.0171661
-0.0496170
-0.0589762
-0.0272115
-0.0266699
-0.0081279
-0.0109027
0.0615313
-0.0587442
0.0229464
0.0207839
0.0793287
0.0312951
0.0281271
0.0329227
-0.0002764
0.0349662
-0.0147733
0.0290247
-0.0090997
-0.1357723
-0.0216136
-0.0712978
-0.1319898
-0.1528689
-0.0439552
0.2303648
0.4170392
0.4350899
0.1481340
-0.2110684
-0.4536776
-0.4166847
-0.1502350
-0.0048593
0.2023343
0.1140792
0.1120931
0.0948896
0.0362208
0.1028658
0.0475411
-0.0445772
-0.0104936
0.0051551
-0.0541487
-0.0481077
0.0318212
-0.0381826
0.0062244
-0.0489556
0.0484877
0.0643083
-0.0199452
-0.0230990
-0.0453101
0.0700381
0.0319456
-0.0101733
-0.0056801
-0.0178611
0.0391349
-0.0443720
-0.0079409
-0.0705588
-0.0590613
-0.0116561
0.0475356
-0.0530533
-0.0608752
-0.0513507
-0.0017840
0.0077190
0.0510623
-0.0648277
0.0556170
0.0248024
-0.0299578
-0.0501581
-0.0704451
-0.0595431
-0.0120545
-0.0489323
-0.0403248
0.0078358
-0.0029656
0.0601539
0.0307789
-0.0571006
0.0566239
-0.0098548
-0.0271332
-0.0185489
-0.0689367
0.0327977
0.0466983
0.0121505
0.0504820
0.0437794
-0.0625039
-0.0647547
-0.0511361
0.0345949
-0.0243582
0.0017976
-0.0433559
-0.0578247
-0.0565975
0.0588889
-0.0035873
0.0189686
-0.0600805
0.0284086
0.0059717
0.0126056
-0.0092182
-0.0137473
-0.0347248
-0.0053611
0.0406149
0.0073689
-0.0514917
-0.0281955
-0.0122870
-0.0710633
0.0368230
-0.0340904
-0.0699885
-0.0182963
-0.0091703
-0.0398484
0.0523017
0.0254003
-0.0081495
-0.0159045
0.0613116
-0.0342015
-0.0035552
-0.0127338
0.0490049
-0.0234957
-0.0519555
-0.0113690
0.0268092
0.0586549
0.0322646
-0.0495274
-0.0611339
0.0296772
0.0700851
-0.0193374
-0.0234304
0.0291538
-0.0560393
-0.0139586
-0.0515459
-0.0240124
0.0381926
0.0138158
-0.0245523
-0.0278548
-0.0627059
-0.0127471
-0.0695390
-0.0398400
0.0445814
-0.0634045
0.0569978
-0.0025442
0.0012728
0.0355003
-0.0698136
-0.0617460
-0.0209200
-0.0513957
0.0404738
-0.0015063
0.0150021
-0.0248312
-0.0102416
-0.0057264
0.0467523
0.0121503
-0.0250229
0.0675640
0.0133973
0.0546605
-0.0444878
