-0.0349528
-0.0452504
0.0354919
-0.0060450
0.0775298
0.0184275
-0.0003564
0.0475576
-0.0545278
-0.0362450
-0.0365205
0.0073334
-0.0802077
-0.0105006
-0.0964180
-0.0215292
-0.0178723
-0.0357215
-0.0199855
0.0155890
0.0162778
0.1306719
0.0905748
0.1055484
0.0926533
-0.0583343
-0.1022477
-0.1140232
-0.3032738
-0.3882484
-0.2569661
-0.0729262
0.4157137
0.6480809
0.5515771
0.1026054
-0.2662071
-0.3683944
-0.3723795
-0.1389392
0.0400216
-0.0636022
-0.0691270
0.0542400
0.1320490
0.0453682
0.0006049
0.0597135
0.0433303
0.0672227
-0.0650049
-0.0210702
-0.0587030
0.0277447
-0.1073261
0.0204854
0.0021120
-0.0778590
-0.0049653
0.0051263
0.0131761
-0.0139646
0.0240478
0.0019486
-0.0326047
0.0123322
0.0138236
-0.0120117
-0.0347752
-0.0307314
-0.0822573
-0.0117886
-0.0882849
-0.0930796
-0.0007761
-0.0451454
-0.0496124
-0.0315364
0.0304836
0.0930770
0.1264631
0.0607305
0.0467647
0.1167972
0.0538835
-0.0265263
-0.1225209
-0.2017351
-0.1596533
-0.2592903
-0.3245241
-0.0683235
0.3290383
0.6653813
0.5775111
0.2806214
-0.2148870
-0.4409932
-0.3404573
-0.1224443
0.0042842
-0.0413510
-0.0208791
-0.0135801
0.1311922
0.0745809
0.0641416
0.0243952
-0.0156167
0.0210936
0.0397337
0.0242509
0.0261759
0.0115398
0.0162873
0.0087904
-0.0374064
-0.0904409
-0.0397456
-0.0561685
0.0735318
0.0835928
0.0428295
0.0837982
0.0410369
0.0482033
-0.0410478
-0.0547495
-0.0304410
0.0523727
-0.0245491
-0.0190722
-0.0063599
0.0316927
-0.0763343
-0.0187808
-0.0043990
-0.0160523
-0.0591179
-0.0230300
0.0671396
0.0836146
0.0226604
0.1322867
0.0174858
0.0680435
0.0086569
-0.0432718
-0.0696140
-0.1913326
-0.3625816
-0.2689808
-0.1074218
0.3297317
0.6094845
0.5772473
0.1630368
-0.1738001
-0.4044155
-0.3708175
-0.1156046
-0.0812253
-0.0552107
0.0678660
0.0348914
0.1098252
0.0880300
0.0325543
0.1229416
-0.0047087
0.0092693
0.0181577
0.0039084
0.0346358
-0.0897245
-0.0898966
-0.0965572
-0.0603032
-0.0453027
-0.0553971
-0.0041341
-0.0558863
0.0476612
-0.0360352
0.0459802
0.0631641
-0.0284852
0.0554181
-0.0516419
0.0297197
-0.0287232
-0.0889493
-0.0254738
-0.0572817
-0.0562415
-0.0988735
-0.0166149
-0.0585061
0.0456064
-0.0342253
0.0644814
0.0732441
0.0281313
0.1358722
0.1232931
-0.0088224
-0.0037754
-0.0577225
-0.0361228
-0.1807428
-0.3046454
-0.2094835
-0.1527519
0.1086931
0.4411488
0.5889552
0.3611888
-0.1035686
-0.3800122
-0.3683583
-0.2580873
-0.0377472
-0.0140717
-0.0536566
-0.0177127
0.0712415
0.0427483
0.0886922
0.1087816
-0.0060043
0.0981943
0.0667884
-0.0249848
0.0392894
-0.0426311
-0.0527842
-0.0482948
-0.0014760
-0.0882269
0.0389528
0.0490976
0.0610388
-0.0159518
0.0117340
-0.0001773
0.1025077
-0.0336677
-0.0494119
0.0668754
0.0371596
0.0620993
0.0491661
-0.0962089
-0.0161766
-0.0987197
-0.0876548
-0.0790786
-0.0747206
-0.0356574
0.0424244
0.0507048
-0.0086312
-0.0045008
0.1163349
0.1446901
-0.0159116
0.0046456
-0.0188969
-0.0286915
-0.1956897
-0.2636079
-0.3634311
-0.1708814
0.0572361
0.4425551
0.6433450
0.4972968
0.0993932
-0.3189687
-0.3808258
-0.2713684
-0.0572082
-0.0074510
0.0281496
0.0175698
0.0980067
0.0687896
0.0577513
0.0640163
0.0900629
0.0097970
0.0839039
0.0262835
-0.0608979
0.0180917
0.0378397
-0.0134810
-0.0268080
-0.0975201
0.0326181
-0.0662918
0.0664174
-0.0513209
-0.0268831
0.0395174
0.0909543
0.0909917
0.0878952
-0.0213663
0.0380306
-0.0289020
-0.0078771
-0.0545358
-0.0093009
-0.0755688
-0.0201641
-0.0572416
-0.0811200
-0.0008948
-0.0161326
0.0846614
0.0482532
0.0110858
0.0408188
0.0701310
0.0205043
0.0738169
-0.0133398
0.0212241
-0.1019699
-0.1180746
-0.2643141
-0.3686084
-0.1940800
0.0867386
0.4275907
0.6395122
0.4890576
0.0090739
-0.3242673
-0.4698710
-0.2637422
-0.1575318
-0.0333740
0.0366985
0.0384747
0.0304307
0.1321594
0.0266658
0.0644317
0.0881631
0.0681415
0.0154281
-0.0123979
-0.0129653
0.0007991
0.0007766
-0.0651759
-0.0299566
-0.0627086
-0.0787139
0.0269446
0.0287331
-0.0083475
-0.0019076
0.0157744
0.0455382
-0.0408736
-0.0473181
0.0634646
-0.0030154
-0.0104331
-0.0253385
0.0057653
-0.0128231
-0.0321729
-0.0154442
-0.0919790
0.0332599
-0.0405916
0.0568306
0.1068629
0.0437328
0.1179941
0.0725401
0.0845107
0.0549294
-0.0051462
0.0300577
-0.0636877
-0.1007766
-0.2030905
-0.3613086
-0.2535915
0.0693045
0.3925460
0.6431131
0.5791419
0.0659592
-0.2936442
-0.3832787
-0.3205640
-0.0461128
-0.0472167
-0.0722781
0.0620006
0.1017143
0.0772812
0.0742090
0.1208592
0.0744462
0.0634574
0.0531950
-0.0571701
0.0325850
-0.0577856
-0.0742357
-0.0889090
-0.0844057
0.0214522
-0.0367832
-0.0391528
0.0432274
-0.0241495
0.0777731
-0.0289622
0.0756558
0.0994040
0.0391484
0.0911096
0.0061305
-0.0492231
-0.0770518
-0.0582551
-0.0450277
0.0276392
-0.0557388
-0.0218434
-0.0791584
-0.0714597
-0.0679491
0.0173546
0.0158273
-0.0155897
0.0449344
0.0817708
0.0880499
0.0134546
0.0210860
-0.0619381
-0.0150856
-0.1311233
-0.2129145
-0.2294738
-0.3009214
-0.0104344
0.3571712
0.6028875
0.4238525
0.1466234
-0.2011481
-0.4601406
-0.3192523
-0.1707631
-0.0127296
0.0116635
-0.0382985
0.0460773
0.0689859
0.0509815
0.1100552
0.0431669
0.0870012
0.0146397
0.0038442
0.0389110
-0.0836645
-0.0242055
-0.0351040
-0.0245556
-0.0067421
0.0096453
-0.0605436
0.0028577
0.0641203
0.0037962
0.0052319
0.0633982
0.0698491
-0.0167007
0.0065333
-0.0035718
0.0346290
-0.0726502
-0.0303424
0.0117717
-0.0061821
-0.0967358
-0.0083281
0.0107492
0.0170610
0.0595759
0.0137185
0.0861101
0.0034049
0.1140767
0.0268433
0.0842258
0.0825309
0.0404599
0.0079014
-0.1458714
-0.1307798
-0.2508567
-0.3052647
-0.1450047
0.1383079
0.4370754
0.5006734
0.3298587
-0.0908319
-0.4224293
-0.2625064
-0.0944707
-0.1059080
-0.0532493
-0.0318743
0.0036916
0.0630240
0.1013846
0.0122604
0.1011195
0.0379165
-0.0395431
0.0592510
-0.0747476
0.0431060
-0.0170158
-0.0161264
0.0232025
-0.0564424
-0.0948005
-0.0468972
-0.0278225
0.0360357
0.0219269
0.0672888
0.0057352
0.0993975
0.0718089
-0.0495225
-0.0502936
0.0624722
0.0653676
0.0246050
0.0424766
-0.0578007
-0.0301468
0.0040723
-0.1054849
0.0212559
-0.0379041
0.0189251
-0.0133618
-0.0132578
0.0108692
0.1092511
0.0828077
0.0729699
0.0235012
-0.0506033
-0.1241783
-0.2235904
-0.2406868
-0.2463585
-0.2021945
0.2052324
0.4569219
0.5434549
0.3752401
0.0227130
-0.3966462
-0.4099442
-0.2287435
-0.0336873
-0.0691017
0.0513018
-0.0470482
-0.0074443
0.1188527
0.1163082
0.0072787
-0.0063904
0.0977829
-0.0100990
-0.0253221
0.0373774
-0.0053744
-0.0716651
-0.0333999
0.0220826
-0.0976303
-0.0320094
0.0167829
-0.0469671
0.0677541
0.0474989
0.0932577
0.0455445
0.0216047
0.0003702
-0.0095427
0.0506026
0.0176552
0.0411984
-0.0894453
-0.0503499
-0.0679750
-0.0770454
0.0145852
0.0103739
-0.0683087
0.0705183
-0.0173324
0.1120659
0.0181949
0.0655320
0.0669592
0.0839208
0.0597228
0.0288813
0.0242101
-0.1742113
-0.1629489
-0.2563976
-0.3063910
-0.1514976
0.1762492
0.3839287
0.5214481
0.4442078
-0.0160768
-0.3430106
-0.4263779
-0.2200609
-0.0450102
-0.0343595
-0.0662164
-0.0228469
-0.0027207
0.0389243
0.0786043
0.0071206
-0.0122503
-0.0054056
0.0570561
-0.0024213
0.0005541
-0.0147630
-0.0552134
-0.0017201
-0.0730351
-0.0912977
-0.0820119
0.0375489
-0.0600724
-0.0418061
0.0758345
0.0718094
-0.0122566
-0.0060169
-0.0255378
0.0585539
-0.0488921
-0.0442307
-0.0071590
-0.0344571
0.0056643
-0.0722535
-0.0441543
-0.0738672
0.0389439
0.0683322
0.0605035
0.0580423
0.0127658
-0.0066869
0.0918962
0.0300354
0.0350849
-0.0021215
-0.0828841
-0.0923432
-0.1793037
-0.1859128
-0.2837604
-0.2254224
0.1430308
0.3883466
0.6284739
0.4481019
0.0311198
-0.2910476
-0.3507174
-0.2081402
-0.0178611
-0.0354139
-0.0734641
-0.0400826
0.0822065
0.0848937
0.0584633
0.0339179
0.0881323
-0.0163262
0.0866587
-0.0175710
-0.0114865
-0.0311098
-0.1002387
0.0127426
0.0287105
-0.0781399
-0.0633266
-0.0193490
0.0252634
0.0757164
0.0851412
0.0864753
-0.0004261
0.0756294
-0.0493325
0.0087120
-0.0111613
-0.0063611
0.0497011
0.0104623
-0.0915532
-0.0052783
-0.0853268
-0.0129664
-0.0101752
0.0075858
-0.0140651
-0.0225471
0.1151605
0.0831752
0.0739234
0.0776331
0.0731875
0.0419244
0.0056314
-0.1168196
-0.0737739
-0.2280610
-0.3316511
-0.3189233
-0.0910363
0.2907554
0.5285034
0.5208259
0.3300305
-0.1036516
-0.4496166
-0.2927504
-0.0990268
-0.0913576
0.0203147
-0.0349230
0.0125924
0.0451922
0.1455786
0.0340034
0.0453689
0.0129710
0.0884759
0.0091743
0.0053634
0.0327674
-0.0487456
0.0282055
-0.0465348
-0.0622553
-0.0933082
0.0556691
-0.0300061
-0.0214876
-0.0344201
-0.0050614
-0.0356163
0.0377833
0.0593089
0.0867447
0.0549531
0.0614808
0.0219430
0.0276964
-0.0603019
0.0216432
-0.0225685
0.0300610
-0.0792895
-0.0865979
-0.0549778
0.0021033
0.0109331
0.0155478
0.0317944
0.1416278
0.0718560
0.0224552
0.0651436
0.0274577
-0.1067350
-0.1619084
-0.1053148
-0.3011489
-0.3093516
-0.1076888
0.1174980
0.4591861
0.5446529
0.4328689
0.0294541
-0.3665135
-0.3444235
-0.2590939
-0.1158865
0.0399277
0.0299994
-0.0074618
0.0768216
0.1447652
0.1491328
0.0563507
0.0045608
0.0326057
0.0298840
-0.0207223
-0.0929133
-0.0280818
0.0068591
-0.0409359
-0.0739700
-0.0442159
0.0220874
-0.0427271
-0.0433502
0.0398478
-0.0106061
0.0114435
0.0208142
-0.0283568
0.0719621
-0.0067867
-0.0689503
-0.0008327
0.0158431
0.0291576
-0.0375514
0.0218289
0.0222672
0.0387772
0.0285022
-0.0124679
0.0750329
0.0197158
0.0451224
0.0781206
0.1095388
0.0272801
0.0831639
-0.0459826
-0.0238991
-0.1515123
-0.1646755
-0.1937290
-0.2976969
-0.1863042
0.0978731
0.4052793
0.6348812
0.4643709
0.1460550
-0.3287821
-0.4398421
-0.2016226
-0.1427229
-0.0570097
0.0518588
0.0298396
-0.0107454
0.0304017
0.0059250
0.1110622
-0.0249086
-0.0112989
0.0874330
0.0443800
-0.0276318
0.0297185
-0.0075623
-0.0794575
-0.0396357
0.0353592
-0.0334340
0.0602954
0.0631979
-0.0600505
0.0103768
0.0710718
0.0583235
0.0906352
-0.0092648
-0.0273043
0.0588158
-0.0409693
0.0549302
0.0457729
-0.0570295
-0.0645637
-0.0841306
-0.0120331
0.0289381
-0.0712065
-0.0527941
0.0019280
0.0511845
0.0248259
0.0577414
0.0972477
0.0055014
0.0631307
0.0684071
0.0172545
-0.0801591
-0.1172402
-0.1493187
-0.2889259
-0.1651814
0.1476381
0.3507425
0.4994227
0.3903516
-0.0548074
-0.2276669
-0.3220969
-0.1694009
-0.0794681
0.0171283
-0.0267692
0.0609219
0.0501738
0.0614719
0.1381816
0.0282197
0.0914039
0.0866826
0.0868970
0.0270109
0.0549127
0.0320449
0.0372820
-0.0256299
-0.0704359
-0.0086202
0.0102377
0.0281463
0.0065017
0.0114556
-0.0284582
0.0351322
-0.0123962
-0.0159310
-0.0261680
0.0347113
0.0271295
-0.0079938
0.0280635
0.0276367
0.0067207
-0.0681260
-0.0887442
-0.0046284
0.0166876
0.0170509
-0.0384552
0.0364353
0.1062305
0.0982923
0.0421133
0.0271457
0.0582825
0.0566159
0.0181709
-0.1139658
-0.1042141
-0.1595696
-0.2447397
-0.3164009
-0.2222635
0.0954939
0.5408491
0.6764353
0.3627293
-0.1032511
-0.3720590
-0.4262547
-0.1936144
-0.0242877
-0.0606245
-0.0440439
0.0456631
0.1256750
0.0811536
0.0055148
0.0482623
0.0522646
-0.0370115
0.0134937
-0.0232645
-0.0629285
0.0000662
-0.0782393
-0.0278653
-0.0830700
0.0312593
0.0262167
0.0254504
-0.0414772
0.0349624
0.0718096
-0.0253980
0.0947709
-0.0295735
0.0066216
0.0865644
0.0131996
-0.0082184
0.0318079
-0.0067496
-0.0021435
-0.1080982
-0.0070982
-0.0185356
0.0409407
-0.0505832
0.0384908
-0.0144870
0.0014254
0.1305362
0.0376153
0.1002281
0.0494722
0.0601151
-0.0002490
-0.0938996
-0.0887191
-0.2725151
-0.2292247
-0.1889700
0.0845767
0.4383832
0.5378549
0.4213030
-0.0062126
-0.2325918
-0.4077472
-0.2701227
-0.0985949
-0.0835743
0.0378628
-0.0024746
0.0131000
0.0457198
0.0886368
0.0922583
0.0038439
0.0769081
0.0119921
0.0367969
0.0107069
0.0014870
0.0161517
0.0068382
-0.0279799
-0.0144225
-0.0358564
-0.0327855
0.0278914
-0.0567722
0.0839346
-0.0374998
0.0507998
-0.0143334
-0.0304074
-0.0326315
-0.0319047
-0.0474441
-0.0101030
0.0269292
-0.0005270
0.0060213
-0.0393428
-0.0149105
-0.0324400
-0.0820091
-0.0218205
0.0686811
-0.0103545
0.0386030
0.0783788
0.1007487
0.0792030
0.0097723
-0.0396283
-0.0749696
-0.0371084
-0.1339227
-0.1719540
-0.2942353
-0.2210285
0.0539365
0.3779780
0.5535255
0.3084338
-0.0552229
-0.2294376
-0.3323419
-0.2171300
-0.1056651
0.0145780
0.0065282
0.0791594
-0.0184826
0.0264171
0.0816617
0.1106362
-0.0326516
-0.0247428
-0.0593106
-0.0483857
-0.0852489
-0.0194016
-0.0923332
-0.0501385
-0.0025599
-0.0028159
-0.0532470
0.0286152
-0.0042349
0.0430789
0.0860554
0.0361354
-0.0324582
0.0208160
0.0855680
0.0308158
0.0538019
0.0265512
-0.0365127
-0.0812856
-0.0494581
0.0194227
0.0199511
-0.0937043
-0.0935993
-0.0083693
-0.0484489
0.0290158
0.0527921
0.1229146
0.0753374
0.0669261
-0.0025103
0.0273579
-0.0353636
-0.0593952
-0.1668501
-0.2032237
-0.2875909
-0.1907589
-0.0259248
0.3257675
0.6053826
0.4665962
0.1553407
-0.2100905
-0.3783120
-0.3320732
-0.1343831
-0.0887848
0.0187809
0.0166720
0.0189665
0.1153496
0.1428959
0.0847556
0.0895398
0.1008591
0.0768957
0.0052060
0.0567617
-0.0935043
-0.0521327
-0.0509433
0.0410277
-0.0612816
-0.0229576
-0.0188301
-0.0107695
0.0696900
0.0605896
0.0275363
0.0187050
0.0256273
-0.0260815
-0.0269099
0.0639267
0.0007878
0.0421350
-0.0300455
0.0436579
0.0023018
-0.0427572
-0.0992149
-0.0977364
-0.0522911
0.0559060
0.0559623
0.0068810
0.0482796
0.0446846
0.1286316
0.1342687
0.0086049
0.0193224
-0.0845884
-0.0351571
-0.1823485
-0.2088060
-0.2421121
-0.2167231
-0.0095965
0.3640449
0.6097690
0.4924157
0.0847628
-0.2966970
-0.4316934
