0.0475529
-0.0624300
-0.0100590
-0.0669985
-0.0316828
0.0169644
-0.0869624
0.0442672
-0.0547857
-0.0245300
0.0530500
0.0381499
0.0985948
0.1096826
0.0548562
-0.0022681
-0.0120108
-0.0642308
-0.0782775
-0.0834529
-0.1956078
-0.2819715
-0.2503363
-0.0152894
0.1470714
0.4516311
0.4275122
0.1756171
-0.0846971
-0.2391134
-0.3627054
-0.2128731
-0.0165208
-0.0245334
0.0528115
0.0181329
0.0357159
0.1021282
0.0920522
0.0599773
-0.0360681
-0.0436741
-0.0188898
-0.0395421
0.0212450
-0.0344953
-0.0261091
-0.0625957
-0.0207449
0.0502585
0.0215979
0.0403316
-0.0339657
-0.0031954
0.0503662
-0.0487506
0.0136313
-0.0402134
0.0845798
0.0050317
-0.0364379
0.0424152
-0.0802495
0.0043634
-0.0164021
0.0142528
-0.0520590
0.0153348
0.0523113
-0.0392194
0.0457056
-0.0286100
0.0482791
0.0041325
0.0793351
0.0843923
0.1014208
0.0623267
-0.0406986
-0.0359856
-0.1417798
-0.0752562
-0.0964840
-0.1634970
0.1256053
0.2981422
0.3088105
0.2842756
0.0238150
-0.1872997
-0.1783971
-0.1491041
-0.0373876
-0.0516653
0.0091040
0.0454262
0.0461106
0.0011121
-0.0179239
-0.0161275
-0.0325065
0.0562329
0.0410457
-0.0467028
-0.0651008
0.0135442
-0.0511301
-0.0333468
-0.0209824
0.0189867
0.0481009
0.0377454
-0.0185959
-0.0331337
-0.0110822
0.0596901
-0.0029065
0.0018187
0.0741510
0.0880391
0.0842187
0.0081533
0.0397096
0.0616267
-0.0282745
-0.0481436
-0.0224034
-0.0823477
-0.0432497
0.0446822
0.0193918
0.0671616
0.0182465
0.0404737
0.0938585
0.0541821
0.0416013
0.0032849
-0.0057210
0.0598864
0.0112710
-0.0766290
-0.1090733
-0.2226048
-0.3052352
-0.2140963
0.0640358
0.2926627
0.4976875
0.3563025
-0.0376367
-0.2691796
-0.3780554
-0.2150450
-0.1314006
0.0510399
-0.0623150
0.0066247
0.0515142
0.0237809
0.0108111
0.0277424
0.0184454
0.0496125
0.0325294
0.0041375
0.0020873
-0.0033769
-0.0869941
-0.0675033
-0.0060784
-0.0260160
-0.0547528
-0.0597719
0.0592259
0.0213689
0.0479981
0.0578399
0.0006401
0.0403012
0.0755824
-0.0122964
-0.0090873
0.0409557
0.0039445
0.0253198
-0.0137952
0.0423836
-0.0591740
-0.0023656
-0.0754465
0.0420787
0.0596388
-0.0100126
0.0663840
0.0611303
0.0232249
-0.0042386
0.0240861
0.0352414
-0.0174164
0.0495219
-0.0626400
-0.1661349
-0.0974381
-0.1783672
-0.2892109
-0.1583609
0.2342726
0.3636820
0.4527446
0.2322842
-0.0985857
-0.3392683
-0.2119562
-0.1976274
-0.0399284
-0.0030817
-0.0413575
-0.0512443
0.0896284
0.0305173
0.1284457
0.0803042
-0.0220805
-0.0084381
0.0795608
-0.0800709
-0.0198290
-0.0616860
-0.0404299
-0.0608187
0.0058475
0.0287038
-0.0607413
-0.0763698
0.0400504
0.0548797
0.0375489
0.0707577
0.0558186
0.0844433
0.0514405
-0.0029606
-0.0462715
0.0374720
-0.0533152
0.0159701
-0.0985022
0.0319738
-0.0368107
0.0356735
-0.0369997
-0.0834025
0.0459501
-0.0340854
0.0382682
-0.0069926
0.0581727
0.1317031
0.0336913
-0.0094510
0.0622310
-0.0073331
-0.1400964
-0.1055705
-0.1984762
-0.2398952
-0.1411196
0.1336067
0.4226449
0.4055263
0.2725402
-0.0398955
-0.3396303
-0.2417783
-0.1402845
0.0299691
-0.0317491
-0.0426653
-0.0184852
-0.0197750
0.0627412
0.0792825
-0.0182669
-0.0345724
-0.0225299
0.0619725
-0.0093252
0.0333664
-0.0432147
-0.0643650
-0.0607123
-0.0515722
-0.0381621
0.0256077
0.0024906
-0.0539152
-0.0184361
0.0698504
-0.0170870
0.0444514
-0.0499987
0.0001922
0.0269950
-0.0167858
0.0237145
0.0510972
0.0318866
-0.0046406
-0.0867143
0.0241948
-0.0125862
-0.0145891
0.0249848
-0.0267581
-0.0179669
-0.0407759
0.0213966
0.0699970
0.1340076
0.1184527
0.0584251
0.0556217
-0.0109089
0.0124840
-0.1407647
-0.2078499
-0.1783618
-0.3037455
-0.0433022
0.1760266
0.4951872
0.4673945
0.1573137
-0.1168426
-0.3807770
-0.1829453
-0.1080260
0.0418957
-0.0742792
-0.0809606
0.0382918
0.0723240
0.0573940
0.0380644
0.0820523
0.0967060
0.0709201
-0.0649575
0.0568627
0.0400770
0.0129025
0.0263653
-0.0271836
-0.0956173
-0.0083971
-0.0141954
0.0667103
-0.0542599
0.0859236
-0.0101404
-0.0517077
0.0346317
-0.0282341
0.0060483
-0.0115714
0.0499242
-0.0064639
-0.0238250
0.0183406
0.0289968
-0.0956563
0.0151725
-0.0351029
-0.0369402
-0.0653795
0.0605578
0.1028412
-0.0001724
0.0043598
0.0568835
0.0766990
0.0060177
-0.0040506
0.0076238
-0.0835682
-0.0557967
-0.1806323
-0.2488627
-0.2547825
-0.0947524
0.2145117
0.4788596
0.4484498
0.1707669
-0.1416566
-0.2435245
-0.3012873
-0.1328258
0.0202893
0.0297488
0.0116328
-0.0310322
0.0030869
0.0870670
0.1001437
0.0307550
0.0882822
-0.0056555
-0.0181997
0.0401838
-0.0615571
0.0119980
0.0393257
0.0048748
-0.0932903
-0.0240759
-0.0065913
-0.0452928
-0.0599649
0.0584205
0.0085431
0.0697845
0.0298765
0.0513429
0.0813131
0.0814662
0.0066740
0.0553647
0.0392285
0.0472785
-0.0402947
-0.0138486
0.0372322
-0.0732523
0.0233852
-0.0632016
-0.0209107
-0.0056386
0.0432572
0.0783383
0.0503074
0.0688526
0.1276024
0.0116871
-0.0443138
-0.0737626
-0.1271777
-0.0792199
-0.1498479
-0.2454644
-0.1700902
0.0441186
0.4051335
0.4909844
0.3687656
0.0043874
-0.2528324
-0.2409832
-0.1840800
-0.1190739
-0.0357842
-0.0579865
-0.0199681
0.0157223
0.0308595
0.0840683
0.1146793
0.0618255
0.0656627
-0.0480812
-0.0617531
-0.0777378
0.0355841
-0.0242879
-0.0489719
-0.0844811
0.0239065
0.0464315
0.0159416
-0.0630318
0.0406996
0.0400294
0.0200934
0.0580670
0.0417437
0.0920127
0.0073527
0.0637409
0.0210459
0.0000573
0.0368106
-0.0011215
0.0189963
-0.0182767
0.0371152
-0.0097733
-0.0098246
-0.0568586
-0.0240086
0.0109023
0.0103697
0.0073217
0.1293326
0.0534477
0.0950303
0.1035465
0.0189309
-0.0014050
-0.0105377
-0.1132376
-0.2145998
-0.2288774
-0.1405620
0.0090901
0.2909737
0.4318687
0.3809841
-0.0459805
-0.1701201
-0.3209869
-0.1475229
-0.0352696
-0.0284824
-0.0068558
0.0182124
0.0888129
0.0272194
0.1299428
0.1155788
-0.0123776
0.0991512
0.0709193
0.0125681
-0.0550214
-0.0349473
-0.0107446
-0.0461277
-0.0727877
-0.0635297
0.0537954
-0.0615287
-0.0202842
0.0306237
0.0810340
0.0910695
0.0417123
0.0027571
0.0945307
0.0226167
0.0468610
0.0318990
0.0595055
0.0265034
-0.0413306
-0.0382848
-0.0995490
-0.0999471
0.0410149
0.0336247
0.0422667
0.0560131
0.0433457
-0.0088861
0.0393684
0.0932808
0.0280284
0.0117018
0.0200117
-0.1183332
-0.1565834
-0.1578789
-0.1655318
-0.3262072
-0.1883837
0.0572801
0.4505369
0.4755664
0.3045312
0.0011665
-0.3327392
-0.2630260
-0.2427731
-0.1265727
0.0405196
-0.0774442
0.0111689
0.0855051
0.0923776
-0.0030134
0.1123028
-0.0234337
0.0878872
0.0526700
-0.0081318
-0.0336241
-0.0941391
-0.0671650
0.0187698
-0.0937787
0.0058581
0.0504078
0.0296594
0.0457497
0.0100608
0.0195727
0.0847081
0.0401768
0.0438230
-0.0324581
-0.0146405
0.0200367
-0.0232140
0.0387949
0.0387133
-0.0323481
-0.0530572
0.0050360
-0.1051403
-0.0771552
0.0237537
-0.0127740
0.0632947
-0.0140478
0.0923570
0.1011285
0.0153393
0.0459873
0.0574453
0.1125303
0.0662029
-0.1038342
-0.0740710
-0.1815538
-0.2719593
-0.2970107
-0.1698423
0.1592568
0.3447279
0.5126858
0.2801170
-0.0105950
-0.3243665
-0.3126786
-0.2809111
-0.0621410
0.0147280
0.0601747
-0.0194888
0.0414222
0.1053499
0.1158814
0.0796359
-0.0248487
0.0778414
0.0019855
-0.0392978
0.0474395
0.0002276
-0.0531791
-0.0457867
0.0352852
0.0182664
0.0343555
-0.0348991
0.0430048
0.0619637
0.0566877
0.0668955
0.0438686
-0.0326007
0.0636278
0.0513572
0.0802439
0.0690233
-0.0186647
-0.0612092
-0.0640435
-0.0633953
-0.0511492
0.0332560
-0.0691230
-0.0735533
-0.0608371
-0.0076964
-0.0339025
0.0364051
0.0873933
0.0630216
0.0008536
0.0931020
0.0819852
-0.0507682
-0.0128142
-0.0613724
-0.1760659
-0.2028193
-0.2046968
-0.0617629
0.3851427
0.5380812
0.5010510
0.0656056
-0.1469368
-0.3732703
-0.1940818
-0.1402020
0.0367537
0.0280893
-0.0690769
0.0540796
0.1131733
0.0357930
0.1089518
0.0806802
0.0703166
0.0553820
0.0604300
-0.0237303
-0.0781132
-0.0655286
-0.0928087
-0.0943449
-0.0888216
-0.0338333
-0.0485384
0.0522231
-0.0615122
0.0719266
-0.0303724
-0.0486279
0.0315908
-0.0411426
-0.0380362
0.0168340
-0.0397061
0.0343864
0.0529984
-0.0360959
-0.0589488
-0.0245221
0.0146429
-0.0909031
-0.0157992
0.0223037
-0.0739189
-0.0392779
0.0093065
-0.0283266
0.0821610
0.0648899
0.1075450
0.0708617
0.0663282
-0.0389937
-0.0363462
-0.1072485
-0.1209274
-0.1339802
-0.1160469
0.0139203
0.1245773
0.3876839
0.3449698
0.1418550
-0.1942537
-0.1897789
-0.1368624
-0.0871183
0.0351913
-0.0552588
-0.0591279
0.0066601
0.0089040
0.0201470
-0.0055370
-0.0056669
0.0950370
0.0325986
-0.0032335
0.0293500
0.0108295
-0.0518322
-0.0721497
-0.0771422
-0.0842164
-0.0509289
-0.0614071
0.0405359
0.0290808
-0.0545883
-0.0506104
0.0802385
-0.0402444
-0.0395285
-0.0149659
0.0547877
0.0561702
-0.0554410
0.0654125
-0.0817928
0.0159725
-0.0231810
-0.0114904
0.0145882
-0.0734141
-0.0679764
0.0213259
-0.0090825
0.1087069
0.0021521
0.0740614
0.1133932
0.0282853
-0.0255284
-0.0003827
-0.0948446
-0.1461047
-0.1674881
-0.2338527
-0.2775010
-0.2110879
0.1735069
0.3663239
0.5182819
0.2860189
-0.0704273
-0.3540900
-0.3087320
-0.2284480
-0.0756387
0.0466164
-0.0128894
-0.0459116
0.1059210
0.0422752
0.0961706
0.1131526
0.1109679
0.0665505
0.0128692
0.0665970
-0.0774890
0.0098653
0.0372222
0.0239932
-0.0716293
-0.0821340
-0.0536299
-0.0567155
0.0136450
0.0602220
-0.0002938
-0.0346323
0.0640290
0.0089008
0.0358832
-0.0063033
-0.0388490
0.0005746
-0.0662060
-0.0733553
-0.0640355
0.0235077
-0.0761476
-0.0004148
0.0270180
0.0867871
0.0883910
0.0205067
0.0486364
0.0589203
0.0999693
0.0250441
-0.0362005
-0.0425685
-0.0579432
-0.2321375
-0.3560479
-0.3149399
-0.0244740
0.3219983
0.6026537
0.5101121
0.1424079
-0.1294231
-0.3179948
-0.2121327
-0.0856991
-0.0583079
-0.0136380
-0.0664966
0.0085009
0.0190380
0.0834931
0.0518175
0.0431227
0.1081309
0.0720409
0.0315113
-0.0484998
-0.0015671
0.0309207
0.0034016
-0.0426128
-0.0035971
0.0172012
-0.0390837
-0.0041764
0.0260407
0.0085577
0.0916308
0.0865735
0.0998733
-0.0333820
0.0329483
0.0475398
-0.0861935
-0.0721630
-0.0023645
-0.0521225
-0.0730781
-0.0618677
0.0186700
0.0364902
0.0347518
0.1056280
0.0270637
0.0468569
0.0135957
0.0232385
-0.0140571
0.0012711
-0.0238176
-0.2216204
-0.2981886
-0.2956038
-0.2013969
0.1470990
0.5501267
0.5163313
0.3299916
-0.0628781
-0.3339090
-0.3516606
-0.1969241
-0.0427049
-0.1031974
-0.0019441
0.0631956
0.0536250
0.1097320
0.0424680
0.0138786
0.0964161
0.0148572
0.0408413
-0.0424267
-0.0098622
0.0117407
-0.0965203
0.0248532
-0.0232102
0.0382613
0.0424609
0.0475184
0.0016447
-0.0068294
0.0497815
0.0225839
0.0885019
0.0086989
0.0488193
-0.0517654
0.0462473
0.0286567
-0.0122984
0.0017195
-0.0335185
-0.0209854
0.0355010
0.0693186
0.0813783
0.0806591
0.0935900
0.0588170
0.1078820
0.0209927
-0.0228338
0.0508341
0.0334378
-0.1503856
-0.2712808
-0.2996394
-0.3034388
0.0293100
0.3763168
0.5767497
0.4375373
0.1420995
-0.2562368
-0.2605401
-0.2686276
-0.1174366
-0.0824974
-0.0548172
0.0084330
-0.0027377
0.1199798
0.0318968
0.0378816
-0.0172003
0.0932210
0.0860003
-0.0725567
0.0211925
0.0179391
-0.0886798
-0.0881729
-0.0680162
-0.0047197
-0.0317471
-0.0646851
0.0745197
0.0258596
0.0361075
0.0462906
-0.0012006
0.0872609
-0.0357829
0.0585534
0.0595938
0.0422563
-0.0206829
-0.1112916
-0.0622804
0.0280015
-0.0170549
-0.0667300
0.0271860
0.0132741
0.0138996
0.0453082
0.0469886
0.0694858
-0.0049548
0.0136620
-0.0614117
-0.1100598
-0.2304251
-0.3107286
-0.3031119
-0.2134894
0.1091754
0.5160834
0.5523004
0.3861234
-0.0946157
-0.2236369
-0.2928971
-0.2175617
-0.1091575
-0.0817645
0.0313940
0.0337835
0.0390710
0.1496485
0.0182131
0.0116578
0.0061659
-0.0143783
-0.0055227
-0.0223009
-0.0051725
-0.0599314
-0.0262266
-0.0518839
0.0337164
-0.0190694
0.0337895
-0.0482515
0.0208767
0.0961902
0.0534986
-0.0050875
0.0038969
0.0243684
0.0216636
0.0219014
-0.0177714
-0.0517514
-0.0674657
0.0192703
0.0025114
0.0058976
-0.0829759
-0.0035584
0.0669092
0.0285750
0.1116751
0.0640872
0.0674646
0.0970502
0.0843429
0.0458931
-0.0063806
-0.0263274
-0.1858012
-0.3947352
-0.4200534
-0.2176877
0.1144932
0.4828325
0.6175416
0.3320246
-0.0829973
-0.2994521
-0.2916447
-0.2062949
-0.0750334
-0.1136484
-0.0385303
0.0152323
0.1249939
0.1567798
0.0511921
0.0644056
0.1203393
0.0010191
0.0806484
0.0253366
-0.0904081
-0.0841986
0.0105000
-0.0004963
0.0333039
-0.0523559
0.0627506
0.0602924
-0.0426881
0.0335431
-0.0189981
0.0602644
0.0797318
0.0625036
0.0621389
0.0467367
-0.0883541
-0.0768434
-0.0439424
-0.0403862
-0.1167742
-0.0220472
-0.0207998
0.0499414
0.1017692
0.0447771
0.0432911
0.0853553
0.0470540
0.0339631
0.0639712
-0.0108028
-0.0556516
-0.1122608
-0.3000417
-0.4353698
-0.1868217
0.1313273
0.5741185
0.6353287
0.4169352
-0.0415845
-0.3635467
-0.3157336
-0.2632081
-0.0654793
-0.1097268
-0.0273597
0.0348581
0.0108747
0.1403210
0.1436113
0.0899124
0.0204736
0.1016958
-0.0043049
-0.0742192
0.0202894
-0.0003192
-0.1125488
-0.0363921
0.0307374
0.0134685
0.0446845
-0.0346934
0.0548877
0.0112016
0.0068232
0.0739013
-0.0014180
-0.0044607
0.0664065
0.0400662
0.0238294
-0.0741152
-0.1020962
-0.0849833
-0.0035802
0.0294602
0.0300695
-0.0625392
0.0055730
0.0508900
-0.0057353
0.0951758
0.0565487
0.0187418
0.0815030
-0.0449466
-0.0755893
-0.1185295
-0.2682329
-0.3195395
-0.4187398
-0.1496980
0.3103010
0.6141362
0.5220436
0.1882272
-0.2067025
-0.3889359
-0.2766004
-0.1088567
-0.0374915
0.0206632
-0.0336069
-0.0192964
0.0506509
0.0329414
0.1515494
0.0651931
0.0783695
0.0711200
-0.0414852
-0.0607568
-0.0736070
-0.0856578
-0.0359672
