0.0051756
-0.0059664
-0.0117099
-0.0009860
-0.0282585
0.0159713
-0.0077146
0.0153849
-0.0331944
-0.0240468
-0.0117424
0.0168217
-0.0157848
0.0010775
0.0159862
0.0080703
-0.0188573
0.0325978
0.0143250
-0.0046234
0.0163099
-0.0073946
0.0379802
0.0023547
0.0301282
0.0218037
0.0113633
0.0115957
0.0354014
-0.0261699
0.0149542
0.0268755
-0.0014379
-0.0006992
-0.0184586
-0.0078519
0.0226663
-0.0233643
0.0261062
0.0127825
-0.0267410
-0.0057719
-0.0194761
0.0235883
-0.0070788
-0.0023669
0.0311630
0.0096225
0.0074435
-0.0054561
-0.0107413
0.0211717
-0.0271062
0.0275473
0.0207942
-0.0020878
0.0146018
-0.0040950
-0.0257163
0.0355534
-0.0352863
-0.0134068
0.0043477
-0.0274221
0.0016498
0.0117272
0.0062844
0.0306846
0.0210910
0.0186868
-0.0378428
-0.0041563
-0.0135004
0.0064920
-0.0149197
0.0326717
0.0252975
-0.0059895
-0.0299982
0.0009731
0.0250599
-0.0323349
-0.0256473
-0.0334718
-0.0037928
0.0072043
0.0077068
0.0226096
-0.0120792
-0.0228170
-0.0047245
0.0085063
-0.0007661
-0.0286184
0.0215034
0.0024223
-0.0379820
-0.0224626
0.0248099
-0.0215005
0.0118568
0.0252533
-0.0281503
-0.0256086
0.0064068
-0.0242860
-0.0142049
-0.0158517
-0.0176794
0.0026549
0.0025603
-0.0298784
0.0050194
0.0366667
-0.0173140
-0.0063375
-0.0085634
0.0054828
-0.0198054
0.0325321
0.0078160
-0.0253637
-0.0044801
-0.0446232
0.0107063
-0.0517241
-0.0106574
-0.0054000
0.0042453
-0.0408567
-0.0171164
0.0370937
-0.0019528
0.0611139
0.0484137
0.0195225
0.0331212
0.0128164
0.0143060
-0.0516422
-0.0382190
-0.0750004
-0.1493320
-0.1513747
-0.0653838
0.2178708
0.3775884
0.2722218
0.1220975
-0.1542256
-0.2325415
-0.1331941
-0.1083520
-0.0694655
-0.0502631
-0.0392435
0.0386407
0.0591284
0.0120548
0.0621255
0.0130017
0.0074507
0.0212452
-0.0295792
-0.0464565
-0.0468328
-0.0212475
0.0126885
-0.0567634
-0.0044329
-0.0141927
-0.0018300
-0.0283285
-0.0070700
-0.0086471
-0.0070198
0.0431478
-0.0243676
-0.0220527
-0.0030116
-0.0268035
0.0224497
-0.0087627
-0.0213817
-0.0168867
0.0211785
-0.0270787
0.0322315
-0.0119082
0.0055382
0.0365118
-0.0020166
0.0167964
-0.0106494
0.0312045
0.0171701
0.0034602
0.0030685
-0.0075251
0.0112329
-0.0211939
0.0313935
-0.0089170
0.0023233
0.0189179
0.0102112
0.0056163
0.0190100
-0.0132760
0.0327065
0.0108707
-0.0114403
-0.0188152
-0.0001840
-0.0104512
0.0234836
-0.0344345
0.0265048
-0.0085691
0.0208208
-0.0309606
-0.0325128
-0.0322524
0.0127760
0.0321145
0.0018410
0.0373972
-0.0142270
-0.0291259
0.0023630
-0.0303437
-0.0042268
0.0225641
-0.0071383
0.0134667
-0.0157408
0.0339083
-0.0206819
0.0029087
-0.0209210
-0.0214780
0.0077550
-0.0192270
0.0030159
-0.0302448
-0.0189574
-0.0048862
-0.0328754
-0.0127043
0.0074937
0.0326721
-0.0031219
-0.0234715
0.0101390
-0.0143872
0.0118139
0.0187552
0.0311388
-0.0155211
-0.0026537
-0.0348209
-0.0357178
-0.0116150
0.0095769
0.0187206
-0.0307092
0.0262536
-0.0212675
0.0010568
-0.0149693
-0.0328321
-0.0371215
-0.0166433
0.0057324
-0.0282062
-0.0219605
0.0331222
-0.0211998
0.0265452
-0.0096441
-0.0238964
-0.0097118
-0.0157630
0.0090752
-0.0131641
-0.0041304
0.0277411
-0.0336436
-0.0352308
-0.0120685
0.0290344
0.0085551
-0.0211388
0.0026532
-0.0069997
0.0512409
0.0202501
0.0356148
-0.0185521
-0.0344680
-0.0068021
-0.0338229
0.0138072
-0.0221348
-0.0179477
-0.0426162
-0.0200061
0.0261450
-0.0154643
0.0195840
0.0457087
0.0440870
0.0608370
0.0537722
0.0555862
-0.0417112
-0.0130013
-0.0171292
-0.1210252
-0.1668696
-0.2089627
-0.1456100
0.0659525
0.3011181
0.3989417
0.2271508
-0.0620958
-0.1887053
-0.1744668
-0.0870924
-0.0701672
-0.0154577
-0.0047832
0.0107568
-0.0005799
0.0353205
0.0212791
0.0510397
0.0228079
0.0286446
0.0041623
-0.0087608
-0.0258709
-0.0576627
-0.0135758
0.0150328
0.0200239
-0.0145031
-0.0078318
0.0230077
-0.0265920
-0.0012819
-0.0135681
0.0409390
-0.0227534
-0.0172317
0.0278631
-0.0153900
-0.0004614
-0.0225501
-0.0329339
-0.0310914
-0.0106994
0.0165216
0.0338977
-0.0051052
0.0034080
-0.0219428
-0.0081813
-0.0134848
0.0154881
-0.0061276
0.0024600
-0.0322757
-0.0189543
-0.0169782
-0.0024282
-0.0050242
-0.0012098
-0.0125431
0.0464115
0.0083245
-0.0166252
-0.0146653
-0.0029149
-0.0088478
0.0235164
-0.0165495
-0.0496713
-0.0528211
-0.0105095
0.0070698
-0.0377288
0.0381193
0.0491778
0.0729845
0.0969201
0.0430217
0.0886109
0.0673233
-0.0075687
-0.0748845
-0.0793168
-0.0815558
-0.1188289
-0.2606086
-0.1918365
-0.0613614
0.2727866
0.4342919
0.4136363
0.1270494
-0.1108570
-0.2790302
-0.1830464
-0.0792356
-0.0139981
-0.0297124
-0.0519236
-0.0057478
0.0567892
0.0876709
0.0495329
0.0209649
0.0596907
0.0573912
-0.0182355
-0.0353806
-0.0353001
-0.0142203
0.0099062
-0.0628941
-0.0473680
-0.0091005
0.0050696
0.0356909
0.0075508
0.0220843
0.0308587
0.0431762
0.0186580
0.0058070
-0.0201310
-0.0113748
0.0124474
-0.0007300
-0.0173397
-0.0425436
-0.0001815
-0.0253100
0.0295716
0.0329332
0.0326571
0.0087620
0.0116717
0.0231627
0.0154122
-0.0079227
0.0410774
-0.0114540
0.0197475
0.0365392
0.0042352
0.0253464
-0.0019185
0.0062972
0.0291091
0.0347778
-0.0227120
0.0176649
0.0169868
-0.0186214
0.0093355
0.0338238
0.0303912
0.0296626
0.0046441
-0.0057996
0.0133280
0.0400008
0.0158668
-0.0078072
0.0163590
0.0401265
0.0137267
-0.0194644
0.0048305
-0.0249653
-0.0576001
-0.0074678
-0.0104341
-0.0160857
0.0194086
0.0089393
0.0058519
0.0048864
0.0459553
0.0543482
0.0696262
0.0004674
-0.0503344
-0.0589773
-0.0722966
-0.0603422
-0.1851780
-0.2228437
-0.1047462
0.0943161
0.3650640
0.3953935
0.2043003
-0.0438148
-0.1832780
-0.2485483
-0.1151716
-0.0293410
-0.0377300
-0.0370888
0.0296834
0.0484140
0.0620746
0.0867008
0.0480916
-0.0019793
0.0476473
-0.0038990
0.0134311
0.0003379
-0.0076429
-0.0608260
-0.0223099
-0.0416048
0.0085062
-0.0093321
-0.0032962
0.0343212
0.0044903
0.0314873
0.0011680
-0.0109144
-0.0277356
0.0343622
-0.0067534
0.0192622
0.0007214
0.0070722
0.0151501
0.0084308
-0.0379472
0.0171068
0.0330097
0.0128911
-0.0060789
0.0035497
0.0250257
0.0360921
-0.0087014
-0.0167715
-0.0313045
-0.0138811
0.0336281
0.0069110
-0.0056809
0.0014832
0.0286545
0.0309226
0.0269893
0.0130240
0.0202732
0.0076122
0.0102528
-0.0168987
0.0068317
0.0233238
-0.0062302
0.0169447
0.0344662
0.0053515
0.0167338
-0.0306276
0.0218415
0.0326687
0.0309177
0.0192733
0.0318130
0.0074870
0.0206210
0.0197646
-0.0302081
0.0298279
-0.0290228
-0.0372559
0.0058721
-0.0249466
-0.0191577
-0.0118011
-0.0116250
0.0274188
-0.0352375
0.0131078
-0.0335768
0.0022068
-0.0223198
-0.0211221
-0.0315994
0.0317883
0.0047883
-0.0170619
-0.0062906
-0.0085990
0.0095441
0.0327475
-0.0000046
0.0142958
-0.0154988
0.0178350
0.0054647
-0.0245717
-0.0259257
-0.0369171
-0.0117878
0.0098934
0.0125369
0.0187919
0.0318703
-0.0210595
0.0258370
-0.0136435
0.0184670
0.0354855
0.0106392
-0.0322745
-0.0090012
0.0145396
0.0079226
0.0003735
-0.0134174
0.0058660
-0.0260127
-0.0080922
-0.0285552
-0.0331104
-0.0086362
0.0057075
-0.0171094
-0.0315682
0.0287471
-0.0347889
-0.0364508
0.0155529
0.0387122
-0.0100600
0.0175132
0.0092566
0.0117331
-0.0224947
0.0085978
0.0132780
0.0059215
-0.0353357
0.0124854
-0.0065661
-0.0296003
0.0037657
-0.0010638
0.0081270
0.0348592
0.0146664
0.0451649
0.0462783
0.0243768
0.0084548
0.0057218
-0.0656473
-0.0617568
-0.0545870
-0.1703077
-0.1776394
-0.1513398
0.0857860
0.3054563
0.3739417
0.1720760
-0.0049909
-0.1982570
-0.1963139
-0.0807189
-0.0359109
-0.0269991
-0.0091544
-0.0352222
0.0090910
0.0484942
0.0088243
0.0694790
-0.0023851
0.0038385
0.0285045
0.0088654
0.0187505
0.0153560
-0.0054368
-0.0465953
-0.0555368
-0.0469331
-0.0317956
0.0103970
0.0257939
-0.0229344
-0.0069647
0.0442796
0.0181811
-0.0058331
-0.0164440
-0.0366069
0.0108637
0.0262274
0.0106343
-0.0373183
-0.0298702
0.0180642
0.0269482
0.0233907
0.0117254
-0.0315248
-0.0195403
-0.0278557
0.0217603
0.0364296
-0.0241410
0.0384446
-0.0323258
-0.0291691
0.0325141
-0.0155797
-0.0111408
-0.0103452
-0.0388760
-0.0375958
0.0337116
0.0263603
-0.0262108
-0.0051015
0.0227669
-0.0099459
0.0350363
0.0334268
-0.0124832
-0.0037676
-0.0377005
-0.0279352
-0.0379637
0.0287056
0.0096409
-0.0151484
-0.0106379
0.0160543
0.0215042
0.0154671
-0.0146754
-0.0257776
0.0099136
0.0190940
-0.0133239
-0.0214034
-0.0243737
0.0147235
0.0100861
0.0335767
-0.0155503
-0.0027667
0.0058118
0.0188898
-0.0181822
-0.0276608
0.0322502
-0.0104081
0.0107114
0.0261910
0.0016158
-0.0334106
-0.0080421
-0.0009758
-0.0336222
0.0345052
0.0122845
-0.0191307
-0.0072671
0.0262076
0.0280842
-0.0036523
0.0134200
0.0327203
-0.0052946
-0.0284260
-0.0098274
0.0144696
-0.0360544
0.0148908
-0.0197138
-0.0373370
0.0243736
0.0123015
-0.0022152
-0.0228639
-0.0231785
0.0228781
0.0263242
0.0151894
0.0357711
0.0068728
-0.0209450
-0.0268573
0.0284207
0.0003449
0.0287133
-0.0429549
-0.0275654
0.0226085
0.0282400
0.0257517
0.0248923
-0.0114889
0.0319650
0.0271919
0.0123435
0.0239048
-0.0421630
-0.0439059
-0.0207231
-0.0282183
-0.0186028
-0.0454264
-0.0115236
0.0310373
0.0179014
0.0513437
0.0184825
0.0581142
0.0802419
0.0108376
0.0114820
-0.0307775
-0.0197248
-0.0526535
-0.0597889
-0.1156109
-0.2219860
-0.1446991
0.0164247
0.2911122
0.3938511
0.2808087
-0.0070463
-0.1944305
-0.2318133
-0.1614313
-0.0309428
-0.0303636
-0.0003955
-0.0399819
0.0043230
0.0321524
0.0189283
0.0119237
0.0528751
0.0172447
0.0019193
0.0163734
0.0208865
-0.0328186
0.0051792
-0.0570338
0.0103065
-0.0359076
0.0280701
-0.0269411
0.0417079
-0.0053600
0.0397115
0.0440015
0.0083370
0.0417799
0.0359653
-0.0148217
-0.0225720
-0.0236353
0.0223819
0.0093137
0.0267143
0.0329359
-0.0329566
0.0203143
-0.0318190
0.0241730
-0.0081701
-0.0081224
0.0339934
0.0056039
-0.0063290
-0.0294068
0.0136258
0.0152216
-0.0091124
-0.0200789
0.0186484
-0.0126319
-0.0197238
0.0040470
0.0451309
0.0246466
0.0096605
0.0255545
-0.0006733
-0.0399013
-0.0365329
-0.0342941
-0.0649393
-0.0297140
-0.0033125
-0.0112140
0.0172174
0.0546567
0.0632920
0.0629662
0.0771417
0.0370746
0.0310101
-0.0279338
-0.0610796
-0.0625652
-0.1448081
-0.1975988
-0.2619761
-0.1100809
0.1743457
0.4371199
0.4763037
0.2425088
-0.1021464
-0.3064675
-0.2428057
-0.1816579
-0.1016866
-0.0596420
0.0073556
0.0105116
0.0741522
0.0489689
0.0881202
0.0192288
0.0745369
0.0325425
-0.0156157
-0.0421642
-0.0242172
-0.0517223
-0.0201659
-0.0408271
-0.0199779
0.0078477
-0.0062440
-0.0070851
0.0156710
0.0504704
0.0158998
0.0114208
-0.0068264
0.0315435
0.0354192
0.0273758
0.0091606
0.0059373
-0.0277966
0.0044566
-0.0267875
-0.0358125
-0.0216422
-0.0377895
-0.0216155
-0.0012228
-0.0218833
-0.0048990
-0.0046442
0.0031824
0.0030764
-0.0186040
-0.0338210
0.0311889
-0.0073063
-0.0063540
-0.0220625
-0.0341240
-0.0086361
0.0027721
0.0047568
0.0309482
0.0218788
-0.0011372
0.0530902
0.0056896
0.0436848
0.0247409
-0.0343298
0.0244183
-0.0347877
-0.0423360
-0.0349559
-0.0551920
0.0087490
-0.0449097
-0.0180628
-0.0188103
0.0526842
0.0282556
0.0412680
0.0635482
0.0452129
0.0755401
-0.0196588
-0.0220413
-0.0342844
-0.0986275
-0.1209830
-0.2213558
-0.1995582
-0.0252188
0.2588446
0.4242094
0.3528330
0.1089878
-0.1634239
-0.2161776
-0.2041857
-0.0523736
-0.0556726
-0.0107576
-0.0277020
0.0473651
0.0430451
0.0917115
0.0632099
0.0456240
0.0062870
0.0013481
-0.0353587
-0.0045844
-0.0238572
-0.0432192
-0.0477511
-0.0271815
-0.0223441
-0.0029120
-0.0136596
0.0144967
0.0421814
0.0333759
-0.0160920
0.0144153
-0.0114478
-0.0233820
-0.0290412
0.0198999
-0.0019695
-0.0362117
-0.0329340
-0.0442874
-0.0218625
-0.0004799
0.0294401
-0.0376742
-0.0235048
-0.0189686
0.0005386
0.0390809
0.0082109
-0.0250397
0.0098608
-0.0187678
-0.0333566
0.0295177
-0.0100862
-0.0004951
0.0122025
0.0055005
0.0357025
-0.0326582
0.0133396
-0.0155729
-0.0267059
0.0008070
0.0098499
0.0232693
0.0249415
0.0106517
0.0003148
-0.0355203
-0.0165641
0.0144580
-0.0034539
0.0093504
0.0306031
-0.0067582
-0.0016731
-0.0221930
-0.0135768
-0.0186473
-0.0377549
0.0040265
0.0366863
0.0121831
-0.0365169
-0.0267625
-0.0138576
0.0194511
-0.0354243
0.0225057
0.0340502
0.0391421
0.0381729
0.0174008
-0.0261956
-0.0158010
-0.0189066
0.0053858
-0.0081947
0.0100316
-0.0033480
-0.0061171
0.0208433
0.0343056
-0.0361587
0.0308977
0.0369274
-0.0258219
0.0079550
0.0209033
0.0310918
-0.0338380
0.0188430
0.0132470
-0.0272650
0.0135211
0.0228626
-0.0043990
-0.0095369
-0.0033053
0.0058106
-0.0027143
0.0145064
-0.0078876
0.0329947
-0.0045660
0.0137367
-0.0226109
0.0075125
0.0312388
-0.0256243
-0.0090571
0.0115553
-0.0258025
-0.0226266
-0.0160634
0.0211000
-0.0161129
0.0296359
0.0251177
0.0100418
0.0143527
0.0118555
0.0318206
0.0100193
-0.0157190
-0.0202901
-0.0070303
0.0011230
-0.0500785
-0.0572405
-0.0480409
-0.0225648
0.0162625
0.0280504
0.0512738
0.0705298
0.0078497
0.0449688
0.0158128
0.0312337
-0.0234220
-0.0608156
-0.0698534
-0.0442957
-0.1559582
-0.2135564
-0.1881450
0.0575099
0.2568492
0.3954714
0.2538251
-0.0690090
-0.1910150
-0.1809932
-0.0922183
-0.0356527
-0.0627206
-0.0470299
-0.0193835
0.0062551
0.0570884
0.0722970
0.0105318
0.0378478
0.0560334
0.0297511
0.0046874
0.0004262
-0.0290636
0.0079206
-0.0414203
-0.0336755
-0.0289988
-0.0344470
-0.0208688
-0.0307999
-0.0071609
0.0292108
0.0102844
-0.0064968
-0.0002567
0.0409884
0.0314359
0.0140250
-0.0121796
0.0309318
-0.0075839
-0.0013524
-0.0071313
-0.0373746
0.0062552
0.0031333
-0.0235009
-0.0279259
0.0123179
0.0164707
0.0205153
-0.0042818
-0.0140569
-0.0340339
-0.0063728
-0.0240311
