-0.0113758
-0.0588041
-0.0188993
0.0062535
-0.0282400
-0.0355111
0.0259027
0.0026397
-0.0141110
0.0093175
0.0366315
-0.0022615
0.0087651
-0.0092627
0.0198736
-0.0355298
-0.0017906
-0.0317454
0.0281702
0.0306773
0.0028926
0.0216647
-0.0341440
0.0144937
0.0126933
0.0257948
-0.0123812
-0.0072143
-0.0249723
0.0236651
-0.0163854
-0.0034344
0.0276798
0.0199070
0.0066379
-0.0059788
0.0033645
-0.0234069
-0.0132172
0.0217334
-0.0067034
-0.0333272
0.0165480
-0.0441703
0.0087129
-0.0466582
0.0235939
0.0141400
-0.0110032
-0.0037797
-0.0121325
0.0279728
-0.0191195
0.0445251
0.0274821
-0.0129862
-0.0343852
-0.0213688
0.0094402
-0.0094238
-0.0011864
-0.0409824
0.0017750
-0.0467565
0.0462596
0.0045866
0.0246874
0.0381075
-0.0211587
0.0155668
-0.0057945
0.0067443
-0.0178418
0.0257170
0.0357195
0.0379272
-0.0148147
0.0280980
-0.0243515
-0.0080678
-0.0272812
-0.0055371
-0.0290821
0.0241714
0.0300096
-0.0347442
-0.0183030
-0.0199457
0.0072489
0.0202873
-0.0123697
0.0066108
0.0327094
0.0211319
0.0152088
0.0375937
-0.0109925
-0.0164858
0.0302650
-0.0126581
0.0310675
0.0087772
-0.0218902
-0.0058031
0.0399568
-0.0347030
0.0198222
-0.0348509
-0.0143167
-0.0329453
0.0144014
-0.0672748
-0.0090480
-0.0426782
-0.0230010
-0.0179575
0.0036355
0.0324054
0.0394182
0.0206038
0.0753315
0.0104079
-0.0014929
-0.0103047
-0.0333107
-0.0979544
-0.1222944
-0.1331870
-0.1851380
-0.0375279
0.1483652
0.3938589
0.3236493
0.1568077
-0.0949500
-0.2300944
-0.1885351
-0.0622226
-0.0062364
-0.0299586
-0.0428110
-0.0126243
0.0235347
0.0718192
0.0865076
0.0040601
0.0242993
0.0368793
-0.0200341
0.0165764
-0.0477322
-0.0179817
-0.0348231
-0.0119421
-0.0505553
-0.0036218
0.0019502
-0.0320491
-0.0334672
0.0390746
-0.0210142
-0.0119506
0.0466190
0.0054232
-0.0414198
-0.0395093
-0.0487536
-0.0434862
-0.0093996
-0.0091772
-0.0086351
0.0183808
-0.0068711
-0.0048157
0.0242570
0.0197592
0.0018435
0.0276222
0.0474123
-0.0137253
-0.0327825
0.0413401
-0.0367358
-0.0438803
-0.0459985
0.0202384
-0.0242755
0.0318373
0.0276675
-0.0303462
-0.0211142
0.0337553
-0.0347876
0.0371630
-0.0209462
-0.0085509
-0.0179947
0.0424103
0.0131721
-0.0394294
0.0208045
0.0308169
-0.0207473
0.0182235
0.0294926
-0.0080671
0.0424215
-0.0129126
0.0354019
0.0203078
0.0474597
0.0042366
-0.0003684
0.0400722
0.0176731
0.0452265
0.0410217
0.0225187
0.0041763
-0.0027214
-0.0012036
-0.0248120
-0.0225536
-0.0409611
0.0221817
0.0145337
0.0132148
-0.0305072
0.0358396
0.0375406
0.0031642
0.0409096
-0.0218713
0.0327677
0.0459493
0.0413990
-0.0001832
-0.0228224
-0.0241952
-0.0271449
0.0428539
0.0125708
0.0312503
0.0107494
0.0204270
0.0109342
0.0170761
-0.0138532
0.0122067
0.0235966
-0.0341731
-0.0413998
0.0113911
-0.0008032
0.0257578
-0.0068010
0.0182454
-0.0022084
-0.0032929
0.0406458
-0.0021210
0.0228784
-0.0274649
0.0598275
-0.0175232
0.0044830
0.0488606
-0.0285394
-0.0392264
0.0094181
0.0173846
0.0045061
0.0180550
-0.0092315
-0.0467411
-0.0174120
0.0308309
0.0444413
0.0292979
0.0734269
0.0351984
0.0447980
0.0379291
-0.0301076
-0.0175639
-0.0909055
-0.0940147
-0.0894190
-0.2178295
-0.1750057
-0.0240360
0.2815122
0.4266877
0.3105666
0.0586182
-0.1637442
-0.1871794
-0.2010197
-0.0717867
-0.0511496
-0.0600052
-0.0033526
0.0163286
0.0938954
0.0602540
0.0294732
0.0663895
0.0482650
0.0201570
0.0312285
-0.0275786
0.0210387
-0.0082850
-0.0238480
0.0229439
0.0291877
-0.0255599
0.0085280
-0.0340425
0.0077798
-0.0310218
-0.0145187
0.0094562
-0.0238128
-0.0321180
0.0281148
0.0065176
-0.0151767
0.0021727
-0.0335080
-0.0141319
0.0455300
-0.0163024
-0.0043611
-0.0008834
0.0456006
0.0452151
0.0306831
0.0082736
-0.0081848
-0.0485626
-0.0395530
0.0261031
-0.0449415
-0.0029790
-0.0463282
0.0164827
-0.0282714
-0.0017305
0.0091147
0.0543283
0.0000735
0.0019045
-0.0151094
-0.0317102
-0.0293431
0.0163621
-0.0009817
-0.0424354
-0.0818724
-0.0267575
-0.0046869
0.0248777
0.0371340
0.0751642
0.0686468
0.0676371
0.0568300
0.0914098
0.0452077
-0.0354926
-0.0958486
-0.1301210
-0.1816716
-0.2286777
-0.2307821
-0.0920185
0.2038221
0.4796109
0.5174644
0.3285717
-0.1168180
-0.3514837
-0.3473265
-0.1630836
-0.1256549
-0.0798841
-0.0174191
0.0538095
0.0255168
0.0449237
0.0558964
0.0567751
0.0198300
0.0072030
0.0193159
0.0298711
0.0113230
-0.0413047
-0.0560411
-0.0085792
-0.0664432
-0.0508808
0.0199652
-0.0140383
0.0492769
-0.0258355
-0.0252119
0.0325793
0.0037574
-0.0057550
0.0385117
-0.0033698
-0.0035617
0.0128834
-0.0505931
-0.0314287
-0.0157731
-0.0511250
-0.0005909
-0.0315534
0.0391760
0.0229226
-0.0395364
0.0475802
-0.0319752
0.0431200
-0.0264437
-0.0036100
-0.0129240
-0.0304727
0.0119289
-0.0115271
0.0187602
0.0380154
-0.0263560
0.0337530
0.0456840
0.0348703
-0.0085925
-0.0251530
0.0221163
-0.0113392
0.0494680
-0.0382347
-0.0169404
0.0070935
0.0076456
0.0255783
0.0356214
-0.0105753
0.0019157
0.0093726
-0.0129491
-0.0163307
-0.0001427
0.0153100
-0.0229205
0.0281760
0.0120397
-0.0461820
0.0302289
-0.0180663
-0.0312704
0.0399679
0.0208672
-0.0216901
0.0196495
0.0351408
-0.0017397
-0.0251474
-0.0370165
-0.0081143
-0.0108290
-0.0248098
-0.0239662
-0.0408181
-0.0056977
0.0354959
0.0265243
-0.0407721
0.0249045
-0.0332451
0.0280137
0.0202258
-0.0432511
-0.0293026
-0.0170932
-0.0365862
0.0318601
0.0304973
0.0221951
0.0111266
0.0101122
0.0007146
-0.0034729
0.0416919
-0.0102040
0.0272085
-0.0203307
-0.0106183
-0.0091957
0.0259036
0.0101619
0.0047169
-0.0007542
0.0184738
-0.0323870
-0.0423683
0.0456450
-0.0074601
-0.0366746
-0.0036140
-0.0193192
0.0019623
0.0110288
-0.0375270
-0.0074450
-0.0415304
0.0268249
-0.0151630
0.0233463
0.0318406
0.0185052
0.0209158
0.0317357
-0.0045002
0.0214965
0.0429438
0.0228016
-0.0082028
-0.0016473
-0.0241880
-0.0158159
0.0198610
0.0222566
0.0093773
-0.0259771
0.0152312
-0.0401759
0.0291434
0.0215191
-0.0469363
-0.0414705
0.0071067
-0.0370209
0.0470253
0.0104640
-0.0347184
0.0240132
-0.0338142
-0.0163561
-0.0349600
0.0252615
-0.0237376
-0.0281664
-0.0011673
-0.0067675
-0.0470648
-0.0434857
0.0241592
-0.0315633
0.0211929
-0.0062873
-0.0277900
0.0360546
-0.0004591
0.0122259
-0.0167230
-0.0350388
-0.0231559
0.0012637
-0.0460703
-0.0087265
-0.0089489
-0.0213554
-0.0563079
0.0129742
-0.0029566
0.0544814
-0.0139897
-0.0033175
0.0173573
0.0030883
-0.0395396
-0.0615378
-0.0224615
-0.0728434
-0.0748175
-0.0276180
-0.0185452
-0.0157298
0.0194526
0.0400803
0.0155757
0.0213368
0.0221879
0.0266650
0.0246904
0.0363058
-0.0141664
-0.0332130
-0.0952738
-0.1459494
-0.1805353
-0.1946212
-0.0428862
0.1916107
0.2866868
0.3113883
0.1417235
-0.0801685
-0.2118820
-0.1151814
-0.0489702
-0.0340348
-0.0290017
-0.0351653
0.0192787
0.0676020
0.0020390
0.0196976
0.0615779
-0.0085661
0.0444463
0.0063522
-0.0482457
-0.0344719
-0.0354528
-0.0017918
0.0037161
-0.0498174
-0.0211655
-0.0173760
0.0308116
0.0498409
0.0002377
-0.0345014
0.0310757
-0.0123367
0.0313812
-0.0348941
0.0219774
-0.0123865
-0.0481235
-0.0292202
-0.0401810
-0.0127411
-0.0194122
-0.0149188
-0.0337985
0.0049000
0.0388467
-0.0343373
0.0225738
0.0325662
-0.0380037
-0.0244799
-0.0220314
0.0416243
0.0130986
0.0149718
0.0027733
-0.0376900
-0.0348496
-0.0284557
-0.0274483
-0.0422092
-0.0071960
0.0348196
-0.0172517
0.0491222
-0.0390288
-0.0289537
-0.0286442
0.0008597
-0.0243751
-0.0092662
-0.0353850
0.0201225
-0.0291302
-0.0187666
0.0211034
0.0358802
-0.0087848
-0.0080685
0.0258699
-0.0399854
0.0375514
0.0311981
0.0261891
0.0408292
-0.0131761
-0.0238204
-0.0229219
0.0164476
0.0027782
-0.0445472
-0.0430705
0.0115213
0.0191128
0.0441067
0.0230514
-0.0299889
0.0222504
0.0202345
0.0308493
0.0381317
-0.0180922
0.0032017
-0.0362450
0.0254536
-0.0368038
-0.0319232
-0.0141840
0.0377699
0.0274464
0.0077082
-0.0007478
0.0098084
-0.0241508
0.0322958
-0.0048709
0.0096334
-0.0475623
0.0265885
-0.0084379
-0.0189938
-0.0227959
-0.0035783
0.0428548
0.0094293
0.0313391
0.0246308
-0.0021111
0.0244833
0.0431862
-0.0220545
0.0101756
0.0029668
-0.0428959
-0.0114115
-0.0260079
-0.0298872
-0.0238802
0.0166080
0.0242343
0.0396281
0.0353707
0.0363762
0.0492490
0.0559717
0.0779846
0.0631397
-0.0286906
0.0171319
-0.0494463
-0.0918975
-0.1299820
-0.1355808
-0.2258971
-0.0386259
0.1656452
0.3671807
0.3476824
0.1260643
-0.0365058
-0.1693271
-0.1996184
-0.1328222
-0.0671615
-0.0266670
-0.0182569
0.0383006
0.0624181
0.0984790
0.0504525
0.0277167
0.0544673
-0.0100102
0.0519962
0.0261547
-0.0550652
-0.0394156
-0.0235958
-0.0251120
-0.0517696
0.0069477
0.0331356
-0.0166151
-0.0055850
0.0361246
0.0085079
0.0097781
-0.0171142
-0.0388439
0.0078973
-0.0337076
0.0387201
-0.0032934
0.0151602
0.0125171
-0.0416139
0.0123563
0.0313240
0.0139943
0.0174199
-0.0254130
0.0498126
-0.0293150
0.0017618
0.0247252
-0.0043139
-0.0238576
-0.0239564
0.0320126
0.0257196
-0.0196755
0.0225610
0.0411964
-0.0167345
-0.0139009
0.0358131
-0.0256863
0.0064165
-0.0064867
0.0324762
0.0192106
-0.0064590
-0.0139932
-0.0445191
0.0074240
0.0059490
0.0107231
0.0336348
-0.0099974
0.0412707
0.0118574
-0.0295297
-0.0271755
-0.0452542
0.0057062
0.0273108
-0.0312950
-0.0288056
0.0123441
-0.0328833
0.0117278
-0.0095106
0.0350509
-0.0219623
-0.0167681
-0.0220150
0.0193961
0.0140656
-0.0018668
-0.0005728
-0.0380022
-0.0146919
0.0124679
0.0394353
0.0175760
-0.0459834
-0.0199296
0.0325078
0.0185471
-0.0233653
0.0424072
0.0425884
0.0138182
-0.0366468
-0.0158376
0.0251181
0.0278876
0.0439398
-0.0231383
-0.0423301
0.0379850
-0.0297136
0.0163324
-0.0252308
-0.0213766
-0.0365442
0.0087417
0.0197882
0.0112322
0.0506468
0.0425841
0.0380623
0.0047809
0.0112606
0.0523918
-0.0381843
-0.0475260
0.0071582
-0.0160120
-0.0394003
-0.0000499
-0.0187192
-0.0042032
0.0304122
0.0450665
0.0271503
0.0734091
0.0306170
0.0617525
0.0670214
0.0273531
-0.0274579
-0.0261530
-0.0101665
-0.0648074
-0.1231218
-0.1811949
-0.2020811
-0.0329531
0.2929500
0.3696649
0.3065963
0.0564121
-0.1303119
-0.2161423
-0.1211388
-0.1024381
-0.0138245
-0.0749598
-0.0180253
0.0669660
0.0651122
0.0149650
0.0297961
0.0802948
0.0568793
-0.0215662
-0.0243649
-0.0356414
-0.0164123
-0.0026919
-0.0588734
-0.0525241
-0.0153873
-0.0431207
0.0272290
-0.0332608
0.0162240
0.0356802
-0.0220933
0.0433037
0.0440937
0.0396432
-0.0306860
0.0368291
0.0235141
-0.0354004
-0.0146678
0.0087464
-0.0331513
0.0177690
0.0077409
0.0169818
-0.0326891
0.0482808
0.0147103
0.0090275
0.0251127
0.0224715
0.0374243
0.0126090
0.0265891
0.0150040
0.0293835
-0.0378101
-0.0005577
-0.0004209
0.0256038
-0.0258753
-0.0226635
-0.0034671
0.0125166
0.0280808
0.0276453
-0.0339102
-0.0330350
0.0006951
0.0010436
-0.0295881
0.0000803
0.0144571
0.0028264
0.0370543
-0.0016677
-0.0301141
0.0065338
-0.0206567
-0.0087344
0.0009772
-0.0177801
-0.0035613
-0.0199153
0.0216842
-0.0060291
-0.0263135
0.0172579
0.0245814
0.0257144
-0.0278195
0.0150180
-0.0141872
0.0337247
-0.0291234
0.0027320
0.0067941
0.0368772
0.0127821
0.0304663
0.0309043
0.0411722
0.0417441
0.0162959
-0.0224032
0.0146547
0.0367578
-0.0166699
0.0338129
-0.0003728
0.0450401
-0.0479633
0.0382922
0.0275276
0.0265211
0.0288872
0.0202757
0.0378020
0.0287413
-0.0293856
-0.0187208
0.0187525
-0.0325647
-0.0452039
-0.0088707
-0.0335680
0.0012082
0.0283568
0.0070492
-0.0160061
-0.0092249
-0.0148724
-0.0133643
-0.0007817
0.0218333
0.0053672
-0.0217115
0.0404816
0.0048268
-0.0563046
0.0212305
-0.0523309
-0.0512588
-0.0092849
-0.0149580
-0.0223915
0.0007926
-0.0217736
0.0276458
0.0577631
0.0636665
0.0449957
0.0153531
0.0503134
-0.0033444
-0.0215660
-0.0507303
-0.0858499
-0.2019496
-0.1756622
-0.1387516
0.1465790
0.3650005
0.3896451
0.2185820
-0.0025178
-0.2047282
-0.2519210
-0.0833401
-0.0959410
-0.0643884
-0.0038766
0.0023423
0.0453319
0.0702908
0.0214188
0.0868526
0.0383332
0.0180553
-0.0224504
0.0179855
-0.0471587
-0.0151059
-0.0366473
-0.0443525
-0.0262938
0.0043073
-0.0173939
-0.0320895
-0.0367277
0.0566421
0.0463188
0.0266643
0.0224762
-0.0055014
-0.0307672
0.0195554
-0.0046936
-0.0266196
-0.0320253
0.0124676
0.0360773
0.0233789
0.0426465
-0.0417340
-0.0354283
0.0262631
-0.0040997
0.0150985
0.0075607
0.0064837
0.0303011
-0.0389000
0.0134556
0.0072857
-0.0327378
0.0118679
0.0304381
0.0175701
-0.0475588
0.0053092
-0.0352456
0.0181940
0.0245052
-0.0081280
-0.0050663
0.0164552
0.0311484
-0.0257433
0.0357740
-0.0168398
-0.0317024
-0.0111853
-0.0063146
0.0410275
0.0308073
-0.0399385
0.0187480
0.0276512
-0.0200283
0.0282072
0.0247805
-0.0187770
-0.0409174
-0.0146078
-0.0225058
0.0377195
-0.0175242
0.0452751
-0.0294049
0.0194180
-0.0356441
0.0151077
-0.0199675
0.0126961
0.0057156
0.0112275
0.0411466
0.0168961
0.0305137
-0.0261995
-0.0079990
0.0054733
0.0423883
-0.0451475
0.0348248
0.0163208
0.0142085
-0.0026954
0.0381095
0.0407501
-0.0136123
-0.0127087
-0.0406229
-0.0032967
-0.0149917
0.0516579
0.0123269
-0.0205845
-0.0365405
0.0463202
-0.0492409
-0.0130197
-0.0280025
0.0085741
-0.0206022
-0.0045500
-0.0368967
0.0334198
-0.0417177
-0.0125293
-0.0017379
0.0449248
0.0511241
-0.0112063
-0.0012653
-0.0203858
0.0373592
-0.0606486
-0.0224952
-0.0575989
-0.0517969
-0.0349230
0.0221192
-0.0176820
-0.0406292
0.0172873
0.0425492
0.0261967
0.0093412
0.0607728
0.0477680
-0.0096643
0.0349597
0.0087930
-0.0456467
-0.1205134
-0.1307949
-0.2076659
-0.1502469
0.1188534
0.3164385
0.3591213
0.2251081
-0.0524591
-0.1694792
-0.2501969
-0.1405264
-0.0390256
-0.0227197
-0.0590464
0.0152808
0.0184551
0.0590774
0.0476252
