-0.0344670
-0.0270674
-0.0338395
-0.0233517
0.0359504
-0.0205380
-0.0050433
0.0316554
0.0020525
-0.0060047
0.0226724
-0.0111741
-0.0022903
-0.0120627
0.0086806
-0.0124430
0.0268985
-0.0168893
-0.0226642
0.0146021
-0.0111877
-0.0239141
-0.0347607
0.0486502
0.0191962
0.0055568
0.0328385
-0.0217287
0.0350947
-0.0069342
0.0324496
-0.0094390
0.0106125
-0.0075389
-0.0700613
0.0104439
-0.0443242
0.0119014
-0.0031048
-0.0009365
-0.0030045
0.0798261
0.0636069
0.0153335
0.0198789
-0.0249581
-0.0284908
-0.0598261
-0.0133787
-0.0817497
-0.1306680
-0.1911058
-0.1358929
0.1177715
0.3876738
0.3829293
0.2223053
-0.0252075
-0.2024123
-0.2565123
-0.1452376
-0.0550051
-0.0685579
-0.0666808
0.0215891
0.0303950
0.0834827
0.0733621
0.0596207
0.0091664
0.0156199
0.0190259
0.0107874
0.0269925
-0.0494297
-0.0429778
-0.0194307
-0.0049385
0.0143291
0.0143285
0.0125247
-0.0297841
-0.0143905
0.0368997
-0.0038809
0.0077093
-0.0054491
0.0186344
-0.0342419
0.0169243
-0.0522555
-0.0245817
0.0282446
0.0130652
-0.0306060
0.0306181
0.0215998
-0.0063256
0.0417670
0.0178961
0.0151784
-0.0247157
-0.0322281
0.0160599
0.0183449
-0.0103545
0.0358524
-0.0044731
-0.0265974
-0.0270317
0.0346076
-0.0461956
-0.0330369
-0.0316777
0.0263535
-0.0222972
-0.0143200
0.0257931
0.0371762
-0.0110021
-0.0451453
0.0024101
-0.0154535
-0.0300446
-0.0339220
0.0423217
-0.0408619
-0.0441714
-0.0195288
0.0108323
-0.0293087
0.0391850
-0.0001451
-0.0338491
0.0426746
-0.0231751
0.0095351
0.0463648
0.0012898
0.0346405
-0.0296325
-0.0251863
0.0281107
-0.0083595
-0.0104210
0.0140390
0.0223006
-0.0283265
0.0451190
0.0286215
-0.0446522
0.0042300
0.0176462
-0.0415345
0.0179000
-0.0249774
-0.0088086
0.0405089
-0.0269116
-0.0210738
0.0160976
-0.0427363
-0.0178518
-0.0416980
-0.0315485
-0.0108508
0.0335728
0.0150978
0.0259078
0.0211485
0.0294704
-0.0323466
-0.0255130
0.0235441
-0.0033578
-0.0090894
0.0303307
-0.0502388
-0.0152776
-0.0445394
0.0214898
0.0125125
-0.0073101
0.0023001
-0.0079765
-0.0203557
0.0035711
0.0444781
0.0568565
-0.0367818
-0.0135583
-0.0464141
-0.0487585
-0.0657471
-0.0506441
-0.0266063
-0.0090191
0.0243370
-0.0011816
-0.0101238
0.0099149
0.0714927
0.0148826
0.0710934
0.0945186
0.0616182
-0.0333674
-0.0140224
-0.0849154
-0.0806136
-0.0900622
-0.1731718
-0.1914349
-0.0101412
0.2206182
0.3498577
0.3130785
0.1433278
-0.0908748
-0.2732302
-0.1928322
-0.1074529
-0.0390459
-0.0576565
-0.0183704
0.0597172
0.0795102
0.0318474
0.0317400
0.0368751
0.0768869
0.0245280
0.0086436
-0.0035894
-0.0654361
-0.0329667
-0.0616418
0.0202748
-0.0153401
-0.0091702
0.0066711
0.0010298
-0.0033549
0.0536316
0.0102792
-0.0166975
0.0377420
0.0116308
0.0135916
0.0051266
-0.0129638
-0.0229280
-0.0074221
0.0018153
0.0094304
-0.0162159
-0.0182432
-0.0385146
-0.0256459
-0.0080895
0.0111861
-0.0073026
-0.0286738
-0.0098922
0.0062014
0.0332992
-0.0314697
0.0039904
0.0064067
0.0006346
0.0016430
-0.0411034
0.0375852
0.0354896
-0.0283823
-0.0322320
-0.0249703
-0.0175271
0.0281144
-0.0167365
-0.0338795
-0.0423793
0.0391248
0.0212592
-0.0064490
-0.0396441
0.0462622
0.0081727
0.0362196
-0.0173301
0.0180677
-0.0302748
-0.0458714
-0.0401715
-0.0071497
0.0206419
-0.0376063
0.0278481
-0.0292847
0.0134603
0.0091972
0.0183937
0.0225924
0.0060259
-0.0260324
-0.0244566
0.0279932
-0.0335842
-0.0443576
0.0013687
-0.0168622
0.0324274
0.0393244
0.0183733
-0.0355648
-0.0362793
-0.0249820
0.0279994
-0.0002981
-0.0232111
0.0073588
-0.0023721
0.0268770
-0.0378877
-0.0154810
0.0133721
-0.0395810
0.0229120
0.0406583
0.0032840
-0.0418757
-0.0041560
-0.0384479
0.0196353
0.0423535
-0.0295909
0.0291672
-0.0273440
-0.0178012
-0.0302087
-0.0202625
-0.0148414
0.0124260
0.0334861
0.0197284
-0.0519493
-0.0343782
-0.0418168
-0.0257925
0.0055144
-0.0393381
-0.0221123
0.0063878
0.0696703
0.0889977
0.0858736
0.0467252
0.0157888
0.0662584
-0.0483943
-0.0010181
-0.0615840
-0.1088018
-0.1839069
-0.1964079
-0.1661872
0.0306423
0.3394853
0.3431697
0.2278353
0.0203343
-0.1938742
-0.2553697
-0.0846876
-0.0392071
-0.0723827
-0.0233890
0.0054250
0.0359411
0.0206138
0.0718787
0.0117992
0.0455291
-0.0089370
0.0252772
0.0209873
0.0321272
-0.0228180
-0.0107878
-0.0483073
-0.0371148
-0.0445592
-0.0375566
0.0256007
-0.0199326
0.0135117
-0.0230802
0.0013230
0.0003904
0.0118634
0.0302420
0.0479183
-0.0067833
-0.0095367
0.0009734
-0.0254541
0.0085542
-0.0283264
0.0016098
0.0318670
-0.0422516
-0.0129238
0.0288225
-0.0325170
-0.0310526
-0.0212426
0.0365294
-0.0004407
-0.0224007
-0.0041020
-0.0165290
0.0403930
0.0388539
0.0411060
0.0389781
-0.0430679
-0.0431322
-0.0210758
0.0326020
0.0169759
-0.0095089
0.0314800
0.0220455
-0.0055094
-0.0128255
-0.0119523
-0.0153281
0.0003349
-0.0074109
-0.0078077
0.0110366
-0.0198020
0.0383621
-0.0002085
0.0469659
0.0393947
-0.0077197
0.0308652
0.0105228
-0.0246622
0.0367281
0.0373413
-0.0076670
-0.0412394
0.0396361
-0.0092730
-0.0354540
-0.0417800
-0.0042833
0.0304760
0.0348145
0.0222718
0.0377349
0.0145802
-0.0209852
0.0096694
-0.0372360
0.0446858
-0.0065403
-0.0365443
0.0414831
-0.0052620
-0.0154489
0.0042707
-0.0400638
-0.0289158
0.0017212
0.0518236
-0.0067117
0.0244307
-0.0360416
0.0195586
-0.0144305
0.0160678
-0.0401371
0.0119631
0.0184085
-0.0149301
0.0351646
-0.0125393
-0.0437836
0.0421533
-0.0309776
-0.0197712
0.0234996
-0.0106994
0.0530132
0.0163903
-0.0047580
-0.0422425
0.0082286
-0.0379592
-0.0345115
-0.0700566
0.0012880
0.0251747
-0.0185350
-0.0020090
0.0524016
0.0326105
0.0482465
0.0481150
0.0320322
0.0083148
-0.0248112
-0.0129869
-0.0776955
-0.0956084
-0.1529823
-0.2339615
-0.1284669
0.1324265
0.3352719
0.4340484
0.2680863
-0.0040121
-0.1597559
-0.2188030
-0.0980335
-0.0945501
-0.0672283
0.0202619
-0.0029337
0.0007659
0.0403647
0.0303413
0.0068621
0.0222758
0.0028108
0.0441289
0.0059568
0.0062716
0.0008571
0.0078648
-0.0079947
-0.0279463
-0.0071577
-0.0064142
0.0412507
0.0246736
0.0214345
0.0419499
0.0332598
0.0194490
0.0477171
-0.0159357
0.0302237
-0.0276613
-0.0102934
-0.0092181
-0.0073884
0.0168336
0.0117073
0.0379398
0.0354409
0.0467355
0.0264007
-0.0357712
0.0014672
-0.0180384
-0.0116750
0.0107988
0.0475144
0.0111730
-0.0385766
0.0013868
0.0395646
-0.0331045
-0.0434827
-0.0382739
-0.0124101
-0.0202700
-0.0016151
0.0206473
-0.0217232
-0.0063231
0.0113790
-0.0450094
-0.0415619
-0.0211610
-0.0026909
0.0148056
0.0375948
0.0166262
0.0043452
-0.0243897
0.0291557
0.0159354
0.0210987
0.0199175
0.0371478
0.0069587
0.0291384
-0.0110250
-0.0366458
-0.0337474
-0.0107163
-0.0226078
0.0365845
-0.0293080
0.0319931
-0.0208189
-0.0314236
0.0065158
-0.0182558
0.0259907
-0.0120013
0.0057095
0.0320806
0.0250353
-0.0090553
0.0403814
0.0201842
-0.0418803
0.0035566
0.0066344
-0.0345256
0.0109243
0.0421859
-0.0035863
0.0372006
-0.0177976
0.0089999
-0.0244380
0.0427115
0.0509156
-0.0371139
-0.0020538
-0.0042464
-0.0070533
0.0186850
0.0160485
-0.0138737
0.0063045
0.0310900
-0.0308698
-0.0153821
0.0394637
-0.0370015
0.0043381
-0.0189725
0.0568496
0.0048898
-0.0275345
0.0337595
-0.0019767
0.0003779
0.0213878
0.0273792
-0.0465635
-0.0596083
0.0005835
-0.0589131
-0.0577421
-0.0192139
0.0398183
0.0150972
0.0558693
0.0582938
0.0518815
0.0666673
0.0442484
0.0287208
-0.0574692
-0.0253459
-0.0938526
-0.1025365
-0.1940699
-0.1921218
-0.1363302
0.1329304
0.3471867
0.3649020
0.2411746
-0.0770731
-0.2002300
-0.2298621
-0.1523326
-0.0999426
-0.0362108
-0.0081294
0.0028360
0.0500027
0.0313269
0.0778923
0.0311413
0.0675917
0.0008605
-0.0296125
-0.0226089
-0.0069436
0.0052320
-0.0477957
-0.0047369
0.0142131
-0.0366896
-0.0251856
0.0188545
0.0470334
0.0340779
0.0035568
-0.0119332
0.0464480
0.0507317
-0.0070110
-0.0165088
0.0343166
-0.0249484
-0.0072061
-0.0273498
0.0344915
-0.0039049
0.0046005
-0.0178132
-0.0168055
-0.0345545
0.0435439
0.0280227
0.0446002
-0.0273556
0.0330002
0.0246996
0.0198581
0.0175272
-0.0041855
-0.0472836
0.0095677
-0.0287941
0.0034983
0.0086751
-0.0037577
0.0391150
0.0070051
-0.0412504
0.0244805
0.0356443
0.0208394
0.0254536
0.0363093
-0.0418163
-0.0102735
-0.0251382
0.0296529
-0.0092184
-0.0290086
-0.0258418
0.0066242
0.0385915
-0.0447810
0.0081646
-0.0172340
-0.0308924
-0.0072054
0.0369960
-0.0096910
0.0173506
-0.0451311
-0.0037604
0.0169025
-0.0363866
0.0122142
0.0039182
-0.0385949
0.0121060
-0.0463130
-0.0216458
0.0125027
0.0114370
-0.0144515
0.0456307
-0.0395594
0.0421241
-0.0060334
-0.0109484
0.0244243
0.0284410
0.0364376
0.0371319
-0.0208885
0.0006025
-0.0169622
-0.0335144
0.0029199
0.0169924
-0.0347651
-0.0347430
0.0460890
0.0216248
-0.0263007
0.0101899
0.0385110
-0.0299671
0.0001017
-0.0537959
-0.0485660
-0.0459643
-0.0203714
0.0203722
-0.0162525
0.0435799
0.0195303
0.0571962
0.0026941
0.0336704
0.0378834
-0.0176816
0.0375894
-0.0152418
0.0141187
-0.0407095
0.0211676
-0.0562718
-0.0475350
-0.0094940
0.0555286
-0.0034743
0.0160059
0.0367599
0.0784392
0.0777343
0.0745474
0.0403401
-0.0457074
-0.0386866
-0.0648281
-0.0953240
-0.2294198
-0.2206293
-0.0824640
0.1781492
0.4060690
0.4031673
0.1632227
-0.0641893
-0.2277832
-0.1802865
-0.1329021
-0.0277841
-0.0070096
-0.0548023
-0.0117954
0.0645737
0.0196928
0.0208460
0.0449392
0.0182521
0.0497541
-0.0108218
-0.0124356
0.0074461
-0.0396967
-0.0059062
-0.0452556
-0.0621956
0.0047117
-0.0277969
0.0487604
-0.0077973
0.0311786
-0.0240320
0.0309741
-0.0090699
0.0306506
0.0058714
-0.0245092
0.0335947
-0.0308228
0.0210031
-0.0545421
-0.0281672
0.0281966
0.0354859
-0.0082943
-0.0317652
-0.0392641
-0.0188886
-0.0054216
0.0206908
-0.0433494
-0.0403198
-0.0189982
0.0113871
-0.0458089
0.0005527
0.0161232
-0.0161013
-0.0245538
-0.0174913
-0.0211194
-0.0320973
-0.0193920
0.0376213
0.0228632
0.0228133
0.0086104
-0.0456383
-0.0398615
-0.0276192
0.0061776
0.0395999
0.0057428
-0.0268297
0.0333114
-0.0126941
0.0354304
-0.0135462
-0.0274790
-0.0420386
0.0283722
0.0351288
0.0060648
-0.0145508
-0.0317859
-0.0113051
0.0041419
-0.0275587
-0.0127374
0.0074823
0.0282683
0.0054736
0.0115714
0.0364489
0.0239529
-0.0290653
0.0419920
0.0091681
-0.0064477
0.0243474
-0.0153822
0.0415829
0.0165534
0.0426477
0.0009789
-0.0411475
0.0259598
-0.0008291
0.0464183
-0.0395425
-0.0264571
0.0349989
0.0153582
0.0345245
-0.0261458
0.0242623
-0.0086951
0.0027648
-0.0464871
-0.0502847
0.0211685
0.0146279
0.0192791
-0.0414973
0.0485667
-0.0204357
0.0236158
0.0633012
0.0003733
-0.0255039
0.0174217
-0.0158187
-0.0426336
-0.0562237
0.0049764
0.0153894
-0.0208549
0.0085150
0.0261927
0.0502766
0.0278402
0.0058817
0.0260053
0.0295724
0.0593808
0.0398498
0.0058482
0.0146371
-0.0176959
-0.0151243
-0.1381874
-0.2065432
-0.2063467
-0.1471844
0.1154973
0.3600648
0.3880896
0.1500100
-0.0397279
-0.2114100
-0.1535392
-0.0712728
-0.0860610
-0.0125730
-0.0238771
0.0413636
-0.0042575
0.0310558
0.0859313
0.0426940
0.0289759
0.0042690
0.0003580
-0.0539039
-0.0180466
-0.0179448
-0.0571358
-0.0544560
-0.0348817
0.0312688
0.0237768
-0.0185717
0.0322503
-0.0340482
0.0414576
0.0246129
0.0384969
0.0008241
0.0259441
0.0397354
0.0011761
0.0135865
0.0390519
0.0385685
-0.0189505
-0.0149499
-0.0256888
-0.0081531
0.0021429
-0.0187583
0.0290693
0.0298102
-0.0194838
-0.0202066
-0.0385963
-0.0417468
-0.0045617
-0.0475202
0.0069989
-0.0198868
-0.0342849
0.0126516
-0.0393567
-0.0007053
-0.0114220
-0.0386122
-0.0439894
0.0459114
0.0068458
-0.0247934
-0.0386389
-0.0279996
-0.0423514
-0.0260162
-0.0179391
0.0261398
-0.0328563
0.0294081
-0.0199075
0.0311876
-0.0218202
0.0225033
0.0077377
0.0263463
-0.0156071
-0.0219728
-0.0439452
0.0403665
0.0395350
0.0418647
-0.0152096
0.0425503
0.0447236
-0.0338854
-0.0077071
0.0122756
-0.0391935
0.0369366
-0.0132660
-0.0054150
-0.0001860
-0.0319098
0.0165027
-0.0335983
0.0125215
-0.0087179
0.0064190
-0.0342304
0.0393985
-0.0383046
0.0012964
-0.0347534
-0.0202825
0.0160674
-0.0012039
0.0025719
0.0268131
0.0103531
-0.0007112
-0.0121479
0.0307454
-0.0393464
-0.0504009
-0.0537297
-0.0283666
0.0153296
-0.0130687
-0.0123166
0.0243447
-0.0167756
0.0466643
0.0406545
0.0008579
0.0023582
0.0409882
-0.0411538
-0.0205770
-0.0026129
-0.0284839
-0.0463385
-0.0462200
-0.0099520
-0.0440740
0.0332938
-0.0058565
0.0612111
-0.0017365
0.0692293
0.0494887
0.0658740
0.0017446
-0.0453562
-0.0389676
-0.0367465
-0.1033430
-0.1814106
-0.1841018
-0.0804705
0.1398068
0.4077164
0.3812911
0.1209068
-0.1087140
-0.2265933
-0.2284770
-0.1393782
-0.0619460
-0.0743176
-0.0245178
0.0124170
0.0289221
0.0735950
0.0837451
0.0804147
0.0388769
-0.0149887
0.0019300
0.0278162
-0.0193965
-0.0198845
-0.0533414
0.0100110
-0.0614604
-0.0018745
-0.0138578
0.0318971
-0.0031331
0.0109067
-0.0320972
-0.0094762
0.0144392
0.0007511
0.0307139
-0.0434158
-0.0170551
-0.0272592
0.0280342
0.0098257
0.0106636
-0.0136680
-0.0294685
-0.0156429
-0.0092079
-0.0037127
-0.0287617
0.0350091
0.0304947
0.0144592
0.0397648
0.0139142
-0.0061882
-0.0448454
0.0108652
-0.0301966
0.0141335
-0.0451310
0.0334288
-0.0124499
-0.0321877
0.0072952
-0.0281950
-0.0397710
0.0341987
-0.0440116
-0.0277873
-0.0220221
0.0340000
0.0195348
-0.0164013
-0.0076080
0.0067422
0.0050347
-0.0055508
-0.0091869
0.0146366
0.0127304
-0.0023433
-0.0019079
0.0064308
0.0253736
0.0006081
0.0199787
-0.0280844
0.0035003
-0.0397377
0.0053083
-0.0169233
-0.0079769
-0.0057942
-0.0381665
0.0136821
-0.0111002
-0.0472693
0.0371530
-0.0109993
0.0265259
0.0420735
-0.0265633
0.0417163
0.0378916
0.0493711
0.0166145
