0.0146062
-0.0302518
0.0068688
0.0234704
0.0316372
0.0189607
0.0187055
-0.0236001
-0.0223574
0.0289102
-0.0039541
-0.0085549
-0.0100569
0.0079469
-0.0250235
-0.0263191
0.0332008
-0.0180414
-0.0109860
-0.0184685
-0.0055966
-0.0291410
0.0254242
0.0193384
-0.0261042
-0.0275677
-0.0250292
0.0015044
-0.0278708
-0.0206342
0.0207685
0.0196169
0.0061860
-0.0230077
0.0263075
-0.0321320
0.0048349
-0.0075770
0.0078692
0.0055133
-0.0230913
0.0355661
0.0266101
-0.0267224
0.0170870
-0.0028252
-0.0170079
-0.0179714
0.0077979
0.0126328
0.0092912
0.0015311
-0.0092269
-0.0164117
-0.0318969
-0.0402178
0.0115329
-0.0044319
0.0162061
-0.0015458
-0.0365471
-0.0078086
0.0032410
0.0370786
0.0321569
0.0097244
0.0244084
0.0104239
-0.0035414
0.0227839
0.0155450
0.0119732
-0.0175533
0.0069357
-0.0201549
-0.0329389
-0.0286883
0.0282715
-0.0006455
-0.0109941
0.0071103
-0.0078059
0.0315672
0.0209589
0.0086956
-0.0129336
0.0043494
0.0336582
0.0137791
-0.0103179
-0.0045753
-0.0145929
-0.0346106
-0.0054340
-0.0088407
-0.0243721
-0.0117326
0.0177008
0.0467362
0.0198411
0.0123774
0.0331743
0.0558174
0.0352727
-0.0464819
-0.0258361
-0.0758367
-0.1174270
-0.1876902
-0.1582381
-0.0878370
0.1623352
0.3456145
0.3236941
0.1309539
-0.1277690
-0.2096037
-0.2014978
-0.0709308
-0.0628444
-0.0278789
-0.0510053
-0.0130062
0.0533048
0.0405798
0.0217898
0.0595342
0.0171744
0.0040697
-0.0021864
0.0208649
-0.0119146
-0.0571365
-0.0013668
-0.0536142
0.0003113
-0.0402034
0.0190027
0.0340980
-0.0097921
-0.0215095
0.0043653
0.0116447
0.0205401
-0.0010762
0.0236578
-0.0023229
-0.0398645
0.0294507
-0.0355368
-0.0200313
-0.0259906
0.0297545
-0.0217212
0.0170966
0.0352493
0.0339963
0.0040707
0.0087658
-0.0304391
-0.0014172
0.0285074
-0.0324068
0.0225437
-0.0221869
-0.0329480
0.0223279
0.0056056
0.0082348
0.0200442
0.0266726
-0.0169423
-0.0087430
-0.0142897
0.0112835
0.0371489
-0.0370783
0.0332942
-0.0033190
0.0341547
-0.0217930
0.0074044
-0.0007928
0.0340509
0.0057280
0.0075783
-0.0157475
-0.0017865
0.0120836
-0.0197365
0.0333719
0.0175217
-0.0049764
0.0360938
0.0348588
0.0387771
0.0203840
0.0386011
0.0141227
0.0116371
-0.0127844
0.0048195
0.0025999
0.0339673
0.0169696
-0.0310356
-0.0338112
-0.0037864
-0.0312709
0.0176781
-0.0236183
0.0048744
0.0226953
0.0389717
-0.0273701
0.0191294
-0.0183721
-0.0121009
0.0083628
-0.0023519
0.0367294
0.0192416
0.0146914
0.0083477
0.0017570
0.0094220
0.0093559
-0.0229664
-0.0166053
0.0378731
0.0266212
-0.0342454
0.0318896
-0.0142240
-0.0146552
0.0055010
-0.0061533
0.0215063
0.0305041
-0.0325210
0.0177130
-0.0010925
0.0003159
-0.0157613
-0.0315483
0.0299769
0.0247346
0.0300100
-0.0226876
0.0361388
0.0240267
-0.0372061
-0.0351827
-0.0255739
0.0224999
0.0165414
-0.0314635
0.0378931
-0.0268173
0.0221137
-0.0190474
-0.0179844
0.0070211
-0.0307716
-0.0178508
0.0108500
-0.0248704
-0.0263868
-0.0297385
-0.0354076
-0.0229390
-0.0176831
0.0296248
-0.0313764
-0.0084938
0.0341389
-0.0247989
0.0337519
0.0302317
0.0054318
-0.0210322
-0.0135553
-0.0042898
-0.0193017
0.0234160
0.0200581
-0.0036728
0.0145921
-0.0199726
0.0157954
-0.0233000
-0.0058326
0.0386597
0.0056022
-0.0011304
0.0118914
0.0331758
-0.0110493
-0.0339583
-0.0017769
0.0187910
-0.0303055
-0.0091660
0.0076321
-0.0059660
-0.0116571
0.0349184
0.0334665
-0.0132774
-0.0131816
-0.0132832
0.0411401
0.0036576
-0.0032688
-0.0175380
-0.0020931
-0.0182379
0.0088060
-0.0387590
-0.0093153
0.0200406
-0.0359564
0.0202587
0.0143644
0.0392625
0.0033757
-0.0133584
-0.0157510
0.0224383
-0.0075698
-0.0057282
0.0225135
-0.0257775
-0.0338235
-0.0141745
0.0009668
-0.0127120
-0.0032797
0.0043587
-0.0305254
-0.0161818
0.0432758
0.0637061
0.0438538
0.0767457
0.0608821
0.0260987
0.0144441
-0.0565482
-0.0626103
-0.0880473
-0.1366815
-0.2109166
-0.1297156
0.1161510
0.3092600
0.3381817
0.1396936
-0.0379388
-0.1523322
-0.1909365
-0.1235764
-0.0154254
-0.0302462
0.0130059
-0.0307111
0.0173106
0.0102999
0.0057168
0.0276079
0.0344352
-0.0075504
0.0226125
-0.0332624
-0.0309988
-0.0337784
-0.0394741
-0.0506089
-0.0494203
0.0070610
-0.0109883
-0.0354864
0.0380923
0.0174990
-0.0249837
0.0082697
0.0084758
-0.0277205
-0.0027442
0.0038062
-0.0061868
-0.0395378
-0.0033631
-0.0406684
-0.0145810
0.0066361
0.0087815
0.0324864
-0.0064137
0.0096559
0.0287507
-0.0147436
0.0235042
0.0367733
-0.0053372
-0.0359711
0.0347023
-0.0329629
0.0066634
0.0268980
-0.0137286
0.0108321
-0.0319610
-0.0134988
-0.0216147
-0.0297504
-0.0046564
0.0154554
-0.0379841
-0.0353661
-0.0140093
0.0218760
-0.0192751
0.0290545
-0.0030320
-0.0315282
0.0123973
0.0297963
-0.0250027
0.0245886
0.0345958
-0.0328704
-0.0066025
0.0350604
-0.0180082
-0.0258151
0.0232649
-0.0325739
-0.0297078
-0.0245309
-0.0068045
-0.0251504
-0.0061593
0.0226301
-0.0348517
-0.0275026
0.0284682
0.0142764
-0.0316488
0.0070904
-0.0241193
0.0246811
-0.0289953
-0.0369640
-0.0321995
0.0228856
-0.0278594
-0.0324871
0.0134838
0.0092995
0.0054337
-0.0055349
0.0081340
0.0328371
0.0262963
-0.0074996
0.0185346
0.0293674
-0.0008373
0.0332296
-0.0283848
-0.0092321
0.0033607
-0.0150765
-0.0264758
-0.0308955
-0.0047595
0.0331402
-0.0099415
-0.0029101
0.0140135
-0.0055418
0.0037748
-0.0000042
-0.0039378
-0.0123508
-0.0333854
-0.0363313
0.0012175
-0.0234745
-0.0208010
0.0029704
-0.0070259
0.0283783
0.0288108
-0.0268950
0.0148991
0.0045118
0.0137183
0.0126264
0.0194346
0.0267396
0.0195935
0.0200108
-0.0078443
-0.0010958
0.0013466
-0.0319180
-0.0080235
0.0321795
-0.0136628
0.0203440
-0.0250307
0.0146863
0.0117576
0.0212886
-0.0117249
-0.0039486
0.0255575
-0.0241527
0.0111389
0.0286600
-0.0231691
0.0381343
0.0089599
-0.0202319
0.0360605
-0.0255775
0.0263092
0.0226456
0.0087307
-0.0346401
-0.0387491
-0.0110807
0.0190622
0.0199806
-0.0084666
-0.0245297
0.0206467
-0.0071873
0.0112972
0.0086654
0.0111721
0.0070627
-0.0302261
0.0180484
-0.0355705
-0.0240321
-0.0187795
-0.0100051
-0.0231316
0.0081123
-0.0179014
-0.0030750
-0.0190584
0.0054682
0.0406165
-0.0221190
-0.0266295
-0.0135558
-0.0224696
-0.0328073
0.0076694
-0.0038578
-0.0493984
-0.0476107
-0.0272308
-0.0141387
-0.0123497
-0.0265953
-0.0006472
0.0622341
0.0481629
0.0687560
0.0616303
0.0130739
0.0289215
-0.0376186
-0.0440427
-0.0544779
-0.0724561
-0.1738901
-0.2310320
-0.0647528
0.1348689
0.3304811
0.3579454
0.1760304
-0.0574551
-0.2344419
-0.1581354
-0.1305206
-0.0384485
-0.0284159
-0.0117490
0.0172798
0.0258117
0.0336128
0.0615268
0.0462926
0.0033363
0.0024666
0.0360425
-0.0156921
-0.0334712
-0.0259363
-0.0256555
-0.0579097
0.0003246
-0.0341176
0.0003017
0.0366994
0.0296700
0.0205081
-0.0042837
0.0127644
0.0389548
-0.0298789
-0.0061057
-0.0292845
0.0286527
0.0114901
0.0207006
-0.0255884
-0.0030823
-0.0356430
-0.0089606
0.0168652
0.0346176
0.0384304
0.0167736
0.0103314
0.0139341
-0.0290766
-0.0264155
0.0201796
0.0315702
-0.0380612
0.0003690
-0.0265865
-0.0220514
0.0074646
-0.0356729
0.0149413
0.0251478
-0.0293924
-0.0137009
0.0351098
-0.0217999
-0.0221216
-0.0055587
-0.0053481
-0.0046110
-0.0382085
0.0191172
-0.0260712
0.0020637
0.0033051
-0.0358850
0.0214318
0.0063026
0.0360909
-0.0287689
0.0362426
0.0136927
-0.0025292
0.0094150
0.0219301
0.0155574
-0.0171584
0.0210592
0.0276132
-0.0264764
0.0235091
0.0023400
-0.0157596
0.0066187
-0.0286951
-0.0268560
-0.0000730
-0.0190025
0.0345164
0.0168710
0.0054611
-0.0371079
0.0078711
-0.0125137
-0.0061042
0.0002996
-0.0146646
-0.0065651
0.0032944
-0.0075993
-0.0224396
0.0190714
0.0323668
-0.0096145
-0.0046503
0.0353793
-0.0320906
-0.0274337
-0.0326309
0.0262731
-0.0161941
-0.0244390
0.0154696
-0.0363571
0.0296052
0.0073264
-0.0140456
0.0112429
0.0239910
-0.0076172
-0.0040598
-0.0270521
-0.0159807
-0.0064815
0.0326729
0.0149941
-0.0129962
-0.0026617
-0.0020340
0.0021186
-0.0318215
0.0141382
-0.0342895
-0.0026257
0.0228325
-0.0009867
-0.0370008
0.0016837
0.0304779
-0.0049206
-0.0026848
0.0084515
-0.0169169
-0.0221520
-0.0197285
-0.0246272
-0.0255832
-0.0129300
0.0079855
0.0296357
0.0057217
0.0319994
-0.0340985
0.0032829
0.0276650
-0.0120788
0.0216174
-0.0055492
0.0253022
-0.0197297
-0.0030200
-0.0124567
0.0054022
-0.0342295
-0.0139119
-0.0164125
-0.0176973
0.0082218
-0.0038414
-0.0086582
-0.0058618
-0.0240087
0.0116562
0.0339991
-0.0002765
0.0278991
0.0348131
-0.0062417
-0.0215581
-0.0100058
0.0124231
0.0219928
-0.0364279
-0.0032460
0.0179967
-0.0229898
-0.0237558
0.0076943
0.0131010
-0.0010747
0.0226203
0.0017730
0.0108337
0.0001802
0.0281694
0.0041846
0.0184212
-0.0104437
-0.0365136
0.0134850
-0.0061023
-0.0314178
0.0162577
-0.0093869
-0.0209566
-0.0341133
0.0139348
-0.0302671
-0.0216970
0.0391374
0.0183623
0.0304363
0.0148808
0.0289810
0.0265604
-0.0090436
0.0301833
-0.0338697
-0.0344823
-0.0110896
0.0278916
0.0016086
-0.0104234
-0.0288094
0.0300949
0.0101471
0.0172619
-0.0038802
-0.0314477
-0.0079809
-0.0002409
-0.0070907
0.0020519
0.0295364
-0.0020293
0.0046569
-0.0249292
-0.0351703
0.0275660
-0.0091289
0.0256836
-0.0207675
-0.0256648
0.0107544
-0.0114796
-0.0369041
-0.0353350
0.0341262
0.0273878
-0.0337408
-0.0113136
0.0193033
0.0203829
0.0218680
0.0230119
0.0078472
0.0289258
0.0334924
-0.0101154
0.0266236
0.0159447
0.0361339
0.0263222
0.0358685
-0.0329300
0.0209472
0.0162691
0.0198399
-0.0154021
0.0078376
-0.0224347
-0.0378205
-0.0341591
-0.0186200
0.0221149
0.0261964
0.0246198
0.0290222
-0.0184226
0.0108941
0.0324233
0.0365207
0.0167115
-0.0212501
0.0082429
0.0416670
0.0386972
0.0028079
0.0166435
0.0126998
0.0296058
0.0218360
-0.0062176
-0.0048512
-0.0200897
0.0295690
0.0131452
-0.0058408
0.0082171
0.0088412
0.0079455
-0.0043851
0.0351498
0.0022519
-0.0054852
0.0406116
-0.0244762
-0.0006719
0.0160808
-0.0238940
0.0112746
-0.0561081
-0.0366097
0.0251706
-0.0038552
0.0564982
0.0671428
0.0612944
0.0273980
0.0079880
0.0697149
0.0426044
-0.0042915
-0.0065008
-0.0505523
-0.0696886
-0.1751208
-0.1580041
-0.1147142
0.1414060
0.3554411
0.3626194
0.1897021
-0.0666122
-0.1994964
-0.2030946
-0.1288590
-0.0766081
-0.0600408
-0.0026632
-0.0193300
0.0648030
0.0363397
0.0465858
0.0296667
0.0399781
0.0326255
0.0268516
-0.0136906
-0.0534533
-0.0507321
-0.0299865
0.0126612
-0.0230678
-0.0308446
0.0011405
-0.0337958
0.0383068
-0.0179723
0.0045940
-0.0153878
-0.0007352
0.0435781
0.0228435
-0.0274386
-0.0274479
-0.0308581
0.0038976
-0.0148295
-0.0010434
-0.0082074
0.0193523
0.0052165
0.0259513
-0.0093208
-0.0072506
-0.0270349
0.0430089
0.0396216
0.0244402
0.0271859
-0.0055714
-0.0234653
0.0183215
-0.0186644
0.0321469
-0.0187527
0.0201262
0.0153427
0.0028179
0.0148079
0.0111118
0.0002195
0.0389248
-0.0119129
-0.0201538
0.0108939
0.0183112
0.0041458
-0.0354223
0.0352412
-0.0136988
0.0332922
-0.0201203
0.0083823
0.0077852
-0.0230735
0.0210205
0.0313703
-0.0185032
0.0048246
-0.0061321
0.0202184
0.0173708
-0.0327103
0.0256501
-0.0247101
-0.0294623
-0.0135947
0.0110014
0.0236739
0.0252678
-0.0011234
0.0293274
-0.0275942
0.0204730
0.0101193
0.0351379
-0.0177442
-0.0295445
0.0121359
0.0252702
0.0358159
-0.0198274
0.0145421
0.0175961
-0.0317424
0.0315190
0.0258763
0.0195544
0.0066207
0.0137186
-0.0207655
-0.0056480
0.0185451
-0.0365322
0.0249743
0.0079178
0.0190377
-0.0246827
-0.0276147
0.0109537
0.0105336
0.0094404
0.0003122
0.0120152
-0.0262065
0.0361830
-0.0174547
-0.0355162
0.0002096
-0.0312089
-0.0126300
-0.0169909
0.0243469
0.0226083
0.0321958
0.0157001
0.0285114
0.0332631
-0.0258150
-0.0302597
-0.0205070
-0.0164353
-0.0159368
0.0175235
-0.0365171
-0.0267292
0.0083963
0.0375692
0.0153741
0.0079753
0.0383204
0.0373167
-0.0015392
0.0372279
-0.0369519
0.0161275
0.0030208
0.0250715
0.0111507
0.0110563
-0.0241560
-0.0012180
-0.0278130
-0.0117584
-0.0071032
-0.0305624
-0.0110268
0.0162996
-0.0271443
0.0023556
0.0095679
-0.0170362
-0.0277616
0.0092155
-0.0162615
-0.0169886
0.0090895
-0.0340622
-0.0103201
0.0055640
-0.0274102
-0.0354939
0.0044962
-0.0004385
-0.0228427
0.0202726
0.0098927
-0.0201841
0.0351033
0.0106751
-0.0197481
-0.0273465
-0.0347641
0.0329964
-0.0043414
0.0083233
0.0296178
-0.0161569
0.0064818
0.0147487
0.0207672
0.0304191
-0.0140271
-0.0044366
0.0340725
-0.0251186
-0.0034460
0.0246778
0.0285977
-0.0319535
0.0153207
0.0347516
-0.0093420
0.0387223
0.0347289
0.0079400
0.0118889
-0.0143321
0.0331358
-0.0183771
0.0138077
-0.0389949
0.0268351
0.0272697
-0.0095131
0.0145331
-0.0252984
0.0066912
0.0148546
-0.0148229
0.0024233
-0.0247825
-0.0272801
-0.0233780
0.0129819
0.0116823
0.0346147
-0.0207386
0.0094523
-0.0034440
-0.0284516
-0.0124298
0.0349579
-0.0065756
0.0391962
0.0056772
0.0012997
0.0330495
0.0031325
0.0459882
-0.0190394
0.0153273
0.0106782
0.0197195
-0.0226636
-0.0240228
-0.0279055
-0.0559249
0.0149423
-0.0005555
0.0189587
0.0075582
-0.0016825
0.0524522
0.0632242
0.0804534
-0.0080785
-0.0089998
-0.0074109
-0.0492187
-0.0473348
-0.0833202
-0.1660233
-0.1677155
0.0321248
0.2114712
0.3753996
0.3143102
0.0357337
-0.1785056
-0.2065922
-0.1517684
-0.0641968
-0.0347669
-0.0348780
-0.0449425
0.0459096
0.0775767
0.0262396
0.0295071
0.0051898
0.0460116
0.0438813
0.0083099
0.0051097
-0.0050362
0.0047314
0.0090008
-0.0239552
-0.0430953
0.0053387
0.0144332
-0.0287712
0.0187177
0.0001441
-0.0160295
0.0326112
0.0419534
-0.0083511
-0.0188868
0.0151958
-0.0391118
-0.0224349
-0.0146148
0.0160798
0.0144429
-0.0054758
0.0066592
-0.0262736
-0.0137387
0.0278533
0.0273852
0.0358028
-0.0069039
0.0436604
