0.0385461
-0.0359387
0.0119844
0.0025714
0.0362286
-0.0172243
0.0078509
0.0243185
-0.0239292
-0.0437427
-0.0342988
0.0068481
-0.0496446
-0.0477271
0.0286130
-0.0305063
-0.0056690
0.0175874
-0.0033948
-0.0361650
0.0062080
-0.0238766
0.0364370
0.0223280
-0.0377710
-0.0227489
-0.0202945
-0.0150921
-0.0009656
0.0208870
-0.0188748
0.0054116
-0.0265858
-0.0317969
0.0277535
-0.0043732
-0.0087734
-0.0244264
0.0258980
-0.0144079
-0.0345657
0.0361524
-0.0061152
-0.0116457
-0.0431235
0.0066389
-0.0022318
-0.0003119
-0.0422867
0.0060872
-0.0165834
-0.0023680
-0.0459231
0.0318009
-0.0054227
-0.0131382
0.0296729
0.0185466
0.0447547
0.0245674
0.0002139
0.0306171
0.0027896
0.0187111
-0.0388313
-0.0066803
-0.0235744
0.0353560
-0.0356131
-0.0289711
0.0115584
0.0336145
-0.0404000
0.0097020
0.0043208
0.0056311
-0.0044306
-0.0216015
-0.0373761
0.0396828
0.0423320
-0.0260953
-0.0222466
0.0354690
0.0360424
0.0124396
0.0176122
-0.0049610
-0.0039881
-0.0402829
-0.0151763
-0.0006696
-0.0114429
0.0349743
0.0153785
-0.0393776
-0.0295903
0.0058196
-0.0163923
-0.0405853
0.0356865
0.0368021
0.0002148
0.0300793
-0.0199348
0.0074097
-0.0126145
-0.0417248
-0.0474385
0.0446752
-0.0183526
0.0310613
0.0296275
0.0278739
0.0325602
0.0033451
0.0225485
0.0350326
0.0014486
-0.0128203
0.0056176
0.0096232
0.0466028
-0.0458949
-0.0437722
-0.0385841
-0.0162221
0.0348336
-0.0362806
-0.0432369
0.0447096
0.0353445
-0.0085201
0.0138739
-0.0391904
0.0040807
0.0165720
0.0234067
-0.0149652
-0.0445939
-0.0184452
-0.0169787
-0.0172063
0.0407180
-0.0290172
-0.0379798
-0.0389321
-0.0058985
-0.0266517
-0.0238099
-0.0243689
0.0358273
-0.0167577
0.0262473
-0.0394666
0.0010904
0.0429294
-0.0194811
0.0466085
0.0205332
0.0211256
-0.0052871
-0.0623527
-0.0614011
0.0062472
0.0325729
0.0667834
0.0115438
-0.0051855
0.0047508
-0.0287595
-0.0015710
-0.0013380
-0.0033717
-0.0713053
-0.0644565
-0.0515146
0.0223096
0.0347614
0.0017520
0.0378457
0.0722298
0.0437029
0.0813913
0.0670423
0.0362102
0.0138788
-0.0301188
-0.0873732
-0.1309639
-0.2193848
-0.1784824
0.0185434
0.2364378
0.3871555
0.2115689
0.0125401
-0.1846565
-0.1875316
-0.1011914
-0.0701598
-0.0185574
0.0009898
-0.0072541
0.0238267
0.0122668
0.0821067
0.0459425
0.0394095
0.0692790
0.0023516
0.0049636
-0.0086950
-0.0142575
0.0051889
-0.0189135
0.0217275
0.0324210
-0.0052239
-0.0015124
-0.0214638
0.0211741
0.0086243
0.0259731
0.0232375
-0.0140152
-0.0006787
0.0371626
-0.0085138
0.0425746
-0.0270189
0.0397348
0.0134675
0.0275852
-0.0305037
-0.0336007
-0.0328520
0.0491818
-0.0334611
-0.0099612
-0.0104330
0.0119864
0.0183943
-0.0441860
-0.0261253
0.0224236
-0.0259097
0.0039696
-0.0261100
-0.0072765
-0.0414433
0.0177489
0.0422451
0.0380378
-0.0285308
0.0143366
-0.0376747
-0.0387512
0.0319533
-0.0297435
-0.0343643
-0.0011048
-0.0134093
0.0343055
-0.0090002
-0.0241951
0.0021208
0.0414936
-0.0386513
-0.0002851
0.0182512
0.0256910
0.0321849
0.0452288
0.0288416
0.0195867
0.0353700
-0.0273141
-0.0015524
0.0399068
-0.0404595
-0.0273791
0.0299790
-0.0292865
0.0346622
-0.0149148
-0.0159389
-0.0362270
-0.0404784
0.0160183
0.0481898
0.0469849
-0.0357971
-0.0211101
0.0376430
-0.0412235
-0.0184567
0.0298739
-0.0001014
0.0232318
0.0427046
-0.0161016
0.0414640
0.0266141
-0.0342038
-0.0207388
-0.0162301
-0.0202451
0.0072113
0.0295162
0.0229728
0.0142321
-0.0432292
0.0132242
-0.0382049
-0.0467972
-0.0319127
-0.0207822
-0.0353258
0.0588397
0.0525169
0.0028162
-0.0077635
-0.0403708
0.0015023
0.0305317
-0.0313508
-0.0179200
0.0019773
-0.0319555
-0.0004380
-0.0143005
-0.0159480
0.0194764
-0.0297669
-0.0111443
0.0835317
0.0399510
0.0394387
0.0803975
0.0311969
-0.0222145
-0.0814734
-0.0381844
-0.1269732
-0.1706872
-0.1999342
-0.0464124
0.1568815
0.3430079
0.3673961
0.1897195
-0.1060449
-0.2216403
-0.2400258
-0.0810048
-0.0563758
-0.0509832
0.0028896
0.0371642
0.0069793
0.0966857
0.0391890
0.0256774
-0.0155020
0.0434045
0.0041186
0.0205150
0.0052694
-0.0529756
-0.0600704
-0.0547596
0.0241177
-0.0081551
0.0368591
0.0264313
-0.0034887
0.0176576
0.0274000
-0.0161529
0.0172394
0.0256423
-0.0387737
-0.0461831
-0.0018283
-0.0411700
-0.0018493
-0.0063357
-0.0522154
-0.0094503
0.0214626
0.0024101
-0.0026104
0.0547457
0.0420403
0.0490927
-0.0295865
0.0204332
0.0273741
0.0093133
0.0033244
-0.0392012
0.0174747
-0.0274988
-0.0034273
0.0073778
0.0264389
0.0433359
0.0101170
0.0073019
0.0185873
0.0148992
0.0031954
0.0031704
0.0313385
0.0252400
-0.0343581
-0.0177730
-0.0500009
-0.0823095
0.0073121
-0.0593640
0.0201228
0.0601177
0.0117701
0.1091076
0.0408932
0.1371068
0.0933904
0.0381460
-0.0613022
-0.1192652
-0.0857512
-0.1739981
-0.2420685
-0.2752708
-0.1411925
0.2330094
0.5499656
0.5266291
0.2506935
-0.1030616
-0.3351884
-0.3174434
-0.1655244
-0.0480223
-0.0220275
-0.0067069
-0.0256302
0.0618233
0.0658172
0.0605851
0.0374235
0.0361237
-0.0107777
0.0356709
0.0302147
-0.0629118
-0.0043082
-0.0361325
-0.0478598
-0.0698295
-0.0229202
0.0318288
0.0281058
0.0305839
0.0601543
0.0012631
0.0044877
0.0301983
-0.0353992
0.0091131
0.0294639
-0.0123017
-0.0297188
-0.0365238
0.0315398
-0.0325615
0.0275797
0.0147351
-0.0016414
-0.0046597
0.0284485
0.0226579
0.0397286
-0.0095800
-0.0095066
-0.0422837
0.0184954
-0.0167484
-0.0011257
-0.0181800
0.0206227
-0.0132033
-0.0216272
-0.0039477
-0.0429317
-0.0163632
0.0296091
0.0327376
0.0197675
-0.0031881
0.0116418
-0.0369764
-0.0370279
0.0363441
-0.0130463
-0.0466508
0.0033775
-0.0287773
0.0282055
-0.0099358
-0.0032881
0.0255112
-0.0298177
-0.0406248
0.0457168
0.0335211
0.0051595
-0.0114176
0.0406683
0.0211450
-0.0274056
-0.0273531
0.0202401
0.0185891
0.0213360
0.0066837
-0.0328302
0.0097459
-0.0355039
-0.0390963
-0.0397107
-0.0280000
-0.0286495
-0.0271457
-0.0290331
-0.0023905
0.0116613
0.0399447
0.0028661
-0.0223440
-0.0325962
0.0105140
0.0092685
0.0200869
0.0265521
-0.0404197
-0.0059412
0.0010081
-0.0136483
0.0449764
-0.0173006
0.0254613
-0.0399160
-0.0129631
-0.0209488
0.0010950
-0.0334528
-0.0409478
0.0428042
-0.0332243
0.0039388
-0.0016383
0.0079631
0.0409813
0.0383346
-0.0172237
-0.0048825
0.0084165
-0.0380369
-0.0386820
0.0178384
0.0137102
-0.0145245
-0.0126169
-0.0172082
0.0440546
0.0240982
-0.0112707
-0.0162723
0.0022074
0.0154234
-0.0131262
0.0323664
-0.0082882
0.0265279
-0.0374187
0.0186254
-0.0209360
-0.0404467
0.0299453
-0.0139229
0.0328872
0.0196644
-0.0140889
0.0074041
0.0281996
0.0293824
-0.0109684
0.0412929
0.0128100
-0.0357890
-0.0095578
0.0319561
0.0399239
-0.0288579
0.0032218
-0.0375125
0.0317791
0.0071372
-0.0182571
0.0180338
-0.0065024
-0.0351092
0.0214356
-0.0074731
-0.0307893
0.0477251
0.0139327
0.0378945
-0.0019837
0.0125254
-0.0395513
0.0463320
0.0154173
-0.0424448
-0.0433593
0.0148015
0.0070011
0.0347578
-0.0382380
0.0019961
-0.0339584
-0.0294748
0.0236471
0.0350082
0.0258690
0.0144360
0.0080183
-0.0042365
0.0103032
0.0021300
0.0150207
-0.0546457
-0.0667925
-0.0427954
0.0289517
0.0443650
0.0164668
0.0541446
0.0062744
0.0016759
0.0257164
0.0858244
0.0792943
0.0021503
0.0139148
-0.0686319
-0.0310426
-0.1321772
-0.1912775
-0.1562696
-0.0486086
0.1782549
0.3466713
0.3831235
0.1582932
-0.1021378
-0.2430302
-0.1477908
-0.0869470
-0.0480356
-0.0345824
0.0161854
-0.0267933
0.0288176
0.0879492
0.0940747
0.0485250
0.0189705
-0.0148198
-0.0077790
0.0315787
-0.0414097
-0.0001831
-0.0243152
-0.0268586
-0.0016470
-0.0044445
0.0300252
0.0205394
-0.0272823
0.0325447
0.0047382
-0.0094837
-0.0279964
-0.0267421
-0.0133523
-0.0255533
0.0187080
-0.0098957
0.0072494
0.0233973
-0.0276613
0.0016896
-0.0483029
-0.0390029
0.0144630
0.0106165
-0.0248276
0.0116961
0.0292212
0.0038541
0.0176083
0.0250286
0.0418839
-0.0448045
-0.0375845
0.0108935
-0.0418299
-0.0250214
0.0091405
-0.0240099
0.0462386
-0.0281208
-0.0401620
0.0369153
0.0079339
0.0073889
-0.0088620
-0.0357719
0.0079559
0.0177120
0.0292190
-0.0318735
-0.0382407
-0.0382229
0.0200681
0.0132409
0.0243689
-0.0363589
0.0328342
0.0429720
-0.0407195
-0.0436039
0.0361794
-0.0429163
-0.0430628
-0.0000122
-0.0282000
-0.0011654
0.0161387
-0.0377592
-0.0311683
0.0352838
-0.0182511
0.0034497
0.0005597
-0.0209949
0.0172109
-0.0299621
0.0298806
-0.0255446
-0.0390620
-0.0290516
0.0465520
-0.0208938
-0.0171128
-0.0254720
-0.0061380
-0.0144500
0.0239134
-0.0294597
-0.0103079
0.0132385
-0.0263621
-0.0257028
-0.0443472
-0.0286126
-0.0252974
0.0399322
0.0309317
0.0486507
-0.0288344
-0.0353289
-0.0445424
0.0266368
-0.0406248
-0.0464515
-0.0405954
0.0236213
-0.0164989
-0.0375132
-0.0349568
-0.0026820
-0.0154627
-0.0142986
0.0034664
0.0516099
-0.0312476
-0.0275734
0.0044687
-0.0606482
0.0148485
-0.0041448
0.0195473
-0.0541688
-0.0129293
0.0031461
0.0164277
0.0603398
0.0031330
0.0723997
0.0384119
0.0117629
0.0700590
0.0662195
0.0180972
-0.0710716
-0.0474180
-0.0398973
-0.1030422
-0.1671184
-0.1233480
0.0608824
0.2725978
0.3462947
0.2362198
0.0488473
-0.1672337
-0.1703733
-0.1510989
-0.0614431
-0.0557607
0.0170082
0.0046575
0.0061744
0.0690340
0.0314189
0.0101468
-0.0122216
0.0157942
0.0532660
0.0126959
-0.0435665
-0.0131028
-0.0115901
-0.0393779
-0.0003435
-0.0514939
-0.0359290
0.0177391
-0.0418649
-0.0111166
-0.0198053
0.0614651
0.0151426
0.0158101
-0.0100070
0.0435488
-0.0463769
-0.0450609
0.0336015
-0.0018597
0.0109844
0.0293392
0.0219550
0.0287624
0.0106028
-0.0334642
-0.0354193
-0.0204439
0.0398829
0.0463719
0.0082605
-0.0075963
0.0331162
0.0168080
-0.0362477
0.0313038
0.0087463
0.0318950
0.0175251
-0.0467508
0.0055887
-0.0417920
-0.0277746
-0.0092650
-0.0011348
0.0008697
-0.0453415
0.0436632
-0.0339922
0.0285358
-0.0448630
0.0424754
-0.0442604
0.0421344
0.0144590
0.0288240
0.0023277
0.0272568
-0.0437724
0.0360359
-0.0111416
-0.0270846
0.0207704
-0.0041263
-0.0023207
-0.0166103
0.0161898
0.0143062
0.0283696
-0.0369989
0.0179926
0.0267839
0.0112178
0.0472665
-0.0137195
0.0304535
-0.0365386
-0.0193577
-0.0058746
-0.0397435
0.0224183
-0.0132236
-0.0035182
-0.0248435
0.0261822
0.0177794
0.0276898
0.0289778
-0.0086986
-0.0340325
-0.0216506
0.0355693
0.0146693
0.0197867
-0.0226337
-0.0071199
0.0251938
-0.0501361
-0.0182732
-0.0145778
0.0026696
0.0335864
-0.0132474
-0.0098622
0.0319881
-0.0077902
0.0440452
0.0067559
0.0210937
0.0253336
0.0298388
-0.0323605
-0.0207971
0.0069653
-0.0626849
-0.0658867
-0.0429115
0.0350906
0.0171792
0.0387411
0.0253351
0.0805528
0.0116610
0.0231244
0.0483347
0.0252857
-0.0101846
-0.0753588
-0.0223261
-0.1105087
-0.1598896
-0.2480715
-0.0591116
0.1574949
0.3885961
0.3360354
0.1847419
-0.1009109
-0.2563850
-0.1739679
-0.1063439
-0.0338967
-0.0062211
-0.0507606
-0.0068120
0.0052703
0.0940238
0.0061928
-0.0096465
0.0656332
-0.0243515
0.0021618
-0.0037957
-0.0144863
-0.0201076
-0.0644669
-0.0040071
-0.0578000
-0.0104405
-0.0285303
-0.0328099
-0.0325260
0.0124075
-0.0138714
0.0582214
0.0543814
0.0102684
-0.0240196
0.0167587
-0.0102125
0.0215888
-0.0269949
-0.0173029
-0.0261749
-0.0103979
0.0406561
-0.0074343
-0.0113104
0.0098310
-0.0154805
0.0002489
0.0179497
-0.0425307
-0.0251479
0.0126752
0.0012264
0.0027047
-0.0138221
0.0454613
0.0127414
0.0197323
-0.0161349
-0.0466367
0.0393089
0.0096649
0.0002209
0.0165760
-0.0119989
-0.0309364
0.0364212
-0.0012728
-0.0440656
-0.0348855
-0.0098681
0.0252881
-0.0412374
-0.0236856
-0.0057058
0.0292028
-0.0181704
-0.0071667
0.0078733
-0.0085244
-0.0392137
-0.0064441
-0.0042540
-0.0255960
-0.0421242
-0.0094909
-0.0231613
0.0244279
-0.0045421
-0.0108820
0.0115996
-0.0311202
-0.0267612
0.0397897
-0.0107372
-0.0245025
-0.0363867
-0.0172201
0.0212470
-0.0051607
0.0445404
-0.0054004
0.0123936
0.0048849
0.0121245
-0.0148881
-0.0418130
-0.0091980
0.0434849
-0.0245047
-0.0462394
0.0140277
0.0309301
0.0415358
0.0140014
0.0263492
0.0250895
0.0093181
0.0263874
0.0376738
0.0299720
0.0392704
-0.0324308
0.0317067
-0.0504776
-0.0356715
-0.0482470
0.0169673
-0.0290759
0.0550286
0.0180196
0.0464747
0.0226398
0.0446133
0.0401559
-0.0030314
-0.0297798
-0.0584458
0.0170296
-0.0404475
-0.0598417
0.0222812
0.0106158
-0.0361887
-0.0096149
0.0114557
0.0732905
0.0180703
0.0044929
0.0295942
0.0459390
-0.0156154
0.0204336
-0.0299276
-0.0121058
-0.1263101
-0.1728362
-0.1584979
-0.0605877
0.1566041
0.3820944
0.3672044
0.1796385
-0.0457813
-0.2234442
-0.1674441
-0.1544632
-0.0376378
-0.0364427
-0.0460531
0.0125889
-0.0000085
0.0268523
0.0812823
0.0015798
0.0546868
0.0341352
0.0434466
0.0253727
0.0204076
-0.0108595
-0.0066944
-0.0204065
-0.0034981
-0.0473037
0.0344277
-0.0454960
0.0068335
-0.0260407
0.0374929
-0.0210691
0.0012649
0.0542419
0.0097816
-0.0270995
-0.0143707
0.0318824
-0.0477335
-0.0094829
-0.0265040
0.0232377
-0.0327537
0.0081594
0.0007738
0.0003428
0.0304807
0.0094451
0.0253813
-0.0382865
-0.0109920
0.0017328
-0.0230791
-0.0146774
0.0009477
-0.0374533
-0.0116764
0.0039330
0.0436303
0.0218899
0.0270767
-0.0328859
-0.0353186
0.0155391
-0.0357512
-0.0063755
0.0011490
0.0077383
-0.0375883
-0.0117829
-0.0385362
0.0272301
0.0428366
0.0392258
0.0332766
0.0073638
-0.0203690
-0.0058733
0.0346990
-0.0118452
-0.0173180
-0.0337095
0.0390122
-0.0117639
0.0027995
-0.0076371
-0.0108841
0.0370161
0.0177448
-0.0255125
0.0439975
0.0238629
0.0117289
-0.0151004
0.0086122
0.0243450
0.0253342
0.0335828
-0.0054357
0.0412710
0.0451050
0.0288471
-0.0191396
-0.0363464
0.0263305
0.0042853
0.0263787
-0.0000646
0.0405259
0.0023584
-0.0411364
-0.0031321
0.0027622
