-0.0453007
0.0302950
-0.1657578
-0.1032766
-0.0055812
0.0640173
0.1238451
-0.0734663
-0.1412655
0.1225054
-0.0008598
0.1470501
-0.0729023
-0.1393488
-0.1372994
-0.0196231
-0.0852412
0.1846495
0.1023283
0.1666166
0.0199215
-0.1478877
0.0359778
-0.2333191
0.1113810
-0.1643348
0.1622877
0.0118183
0.0631835
0.1191758
0.0950074
0.2228282
-0.0103133
-0.1467801
-0.0727987
-0.0185977
-0.1387175
0.0356976
-0.1548308
-0.1203125
0.0072310
-0.1009491
-0.0456110
-0.0148744
0.0648497
0.2446560
0.0379283
0.3057987
0.2881676
0.0971546
0.3520156
-0.1293559
-0.2844048
-0.4649711
-0.3382903
-0.7082585
-1.0202151
-0.5248399
0.1661766
1.0093337
1.6273595
1.0905573
0.1954417
-0.6425862
-0.9336845
-0.4470246
-0.2840857
-0.3812004
0.0136690
0.0219583
0.1645766
0.0577867
0.3126667
0.2993568
0.0895554
0.2289793
0.0310984
0.1937693
0.0681577
-0.0002709
-0.0856152
-0.2081991
-0.0345917
-0.2234129
-0.0257939
-0.1807654
0.1137990
0.0030382
0.0634308
0.1968031
0.0616733
0.1994909
0.0678439
0.1968131
0.1422787
-0.1762253
-0.1697902
-0.2060966
0.0951178
0.0013744
0.0490122
-0.0721970
0.0275542
-0.1821499
-0.1791389
0.0403977
-0.1358116
0.0738001
-0.0000098
-0.1126531
-0.1336072
-0.0592956
-0.0193952
0.0173622
0.0948050
0.0014509
-0.0688290
0.1101975
0.1115533
-0.1975432
-0.1336234
-0.1453399
-0.0555925
0.1966339
0.0253765
0.0293412
0.0126581
-0.0142116
-0.1442164
-0.1668337
-0.2444766
-0.0128091
-0.2204601
-0.2091608
0.0380889
-0.1327556
-0.2741353
-0.1154842
0.1376401
0.1876998
0.4258127
0.3211385
0.2879590
0.4662799
0.2809643
0.0742318
-0.3930973
-0.5525986
-1.0756000
-1.3279982
-0.8056656
0.3431854
1.5791572
2.0476935
1.4228557
0.1135537
-0.7264676
-0.9410460
-0.8404755
-0.4939041
-0.2562456
-0.2671321
-0.2201645
0.0580146
0.3558938
0.3959658
0.0462682
0.3214491
0.2802854
0.3036997
-0.1019644
-0.0560185
-0.1785518
0.0112083
0.0664369
-0.1959656
-0.0772419
-0.0731595
0.0414181
-0.1084665
0.1450456
-0.0945117
-0.0900945
0.1313078
0.1133395
0.1836090
-0.1025655
0.1361179
-0.0449043
0.0152876
-0.2400268
-0.0320354
-0.0352911
0.0002928
0.0460951
-0.0931514
0.0093447
0.0625469
-0.0585394
0.1128809
0.0396341
-0.1383105
0.0088708
-0.0859269
0.0237109
0.1236578
-0.0069455
-0.1845096
-0.2153547
0.0214588
0.0245028
-0.1364331
0.0682020
-0.1120910
-0.0429410
-0.0364641
0.2591681
0.1457668
-0.0697938
0.1040065
0.0513705
0.1530363
-0.2279902
0.0029341
-0.2434508
-0.2149932
-0.2249398
0.0507054
-0.0529154
-0.1467774
0.1135101
0.1003931
0.1618868
0.3124685
0.2666765
0.3783714
0.0437154
-0.1597343
-0.1273378
-0.3125833
-0.5672202
-1.0041427
-0.4565644
0.0429668
0.8755863
1.2194778
1.0842651
0.5418506
-0.3036444
-0.6646200
-0.5004870
-0.1742398
-0.1929606
-0.1298569
0.0135043
0.2280218
0.2666496
0.3516289
0.1419462
0.0576987
0.0794782
-0.0662075
-0.0385653
0.0925892
-0.1086028
0.0055845
-0.2402907
0.0528638
-0.2829898
-0.1391532
-0.0034465
0.0319943
-0.1210613
0.0045960
-0.0612495
-0.0117088
0.1308629
-0.1331080
-0.1615101
-0.1490979
0.0896425
-0.0631871
-0.0403414
-0.2210276
-0.0191771
0.1090723
-0.2173669
-0.1277938
0.0977228
0.2092336
0.1185462
-0.1068111
-0.1042115
0.1977061
0.1621865
-0.1343495
0.0569857
0.1838912
-0.2122300
-0.0589359
-0.2355338
-0.2308148
-0.1598243
-0.1482163
0.1232213
0.1626536
0.0420418
0.1121947
0.0325803
0.2597157
-0.0507980
0.0371546
-0.1073390
0.0650898
-0.1194846
-0.0268983
-0.0034350
-0.2935423
-0.2913857
-0.0432429
0.0163142
0.0166373
-0.0347866
0.3093900
0.0415651
0.1642692
0.2122697
0.3859628
0.4042689
0.1134009
-0.2114884
-0.4454649
-0.4967027
-0.8199794
-1.1319007
-0.5846354
0.2341202
1.3488845
1.9720823
1.4886305
0.0511142
-0.8105710
-1.0374035
-0.8755957
-0.5368989
-0.1668767
-0.2109816
-0.0304049
0.1389848
0.4264631
0.4466585
0.1479032
0.1746443
0.2116656
0.1250955
0.1111471
-0.2352368
0.0931701
-0.1241713
-0.0495078
-0.0988334
-0.0129984
-0.1189444
-0.1442822
0.1454696
0.1065829
0.1279369
-0.0395343
0.1931111
0.2224466
0.1072762
0.0939776
0.1200488
0.1503776
0.1233399
0.0498507
-0.1266747
0.1402741
-0.1074064
-0.2039887
-0.1144335
0.0258061
-0.1093635
0.2325954
0.0144376
0.2256409
0.0364700
0.2054902
0.1081503
0.0364473
0.1722219
-0.0839079
-0.1726145
0.0913020
-0.0618472
-0.0395121
0.1040943
-0.0831364
0.1722128
0.1319800
0.2502568
-0.0622319
0.1420880
0.0381569
0.1928031
0.1477586
-0.0122646
-0.1211899
-0.2293351
0.0354150
-0.2958080
-0.0964946
-0.2502234
-0.2604566
0.0867865
0.0612570
0.1196731
0.3018459
0.3843294
0.3025735
0.4249706
0.1643430
0.1400035
-0.2524898
-0.2413522
-0.4225234
-0.8825352
-1.0733652
-0.5814361
0.5249009
1.0620418
1.4844597
0.8384146
-0.0051610
-0.5030511
-0.8232417
-0.6923208
-0.2879918
-0.1583964
-0.1487703
-0.0557036
0.1349051
0.0224251
0.0842388
0.2161638
0.1838630
0.1762358
0.0719460
0.0761208
0.0081806
-0.1572793
-0.0521855
-0.2747338
-0.2398944
-0.0454359
0.0966205
-0.1312842
0.0637824
0.0601732
0.2470155
0.0274378
0.0751212
-0.1224022
0.0272940
0.1685589
0.0449195
-0.1699591
-0.1662011
0.0780702
0.1302016
-0.0862452
-0.0168881
-0.1800113
-0.1345968
0.1563345
0.0073301
0.0522278
0.1993394
0.0375425
0.1766999
-0.1164770
0.0271994
-0.0424844
-0.0800922
-0.1527629
-0.0566390
0.1085001
-0.1834761
0.1113484
-0.0950812
0.0811212
-0.1654790
0.0209280
0.1184191
0.2680858
-0.0203738
0.1572343
-0.0378856
-0.0706878
-0.2189084
-0.0755346
-0.0464261
-0.3270804
0.0479944
-0.2763170
0.0454010
-0.1390816
0.0296143
0.3311081
0.3453017
0.2968982
0.1804533
0.2096090
0.3409245
-0.0937756
-0.1004027
-0.2626854
-0.3616206
-0.1853513
-0.7381815
-0.9161609
-0.5013641
0.4927873
1.3536811
1.6639026
1.0098958
-0.0697999
-0.7828154
-0.9106184
-0.6962912
-0.2582107
-0.0365175
-0.0723148
-0.1238671
0.1431763
0.1582211
0.4416208
0.3886713
0.0988809
0.1779458
-0.1255522
0.1081820
-0.2098160
-0.1779697
0.0006855
-0.1993950
-0.0635179
-0.0731946
-0.0041379
0.0080859
-0.1209474
0.1091942
0.0598740
0.2506109
0.0549768
0.0164438
0.1124326
0.1390736
-0.0450350
0.0711599
-0.1846487
-0.1082176
-0.0775353
0.1405648
-0.0770133
0.1462065
-0.0493871
0.0035787
-0.0422222
-0.0964363
0.2081882
-0.0818850
-0.1431459
-0.0534976
0.0554812
-0.0284623
0.0992028
0.1643381
0.0151886
-0.1356972
0.0119475
0.1174906
-0.0847258
0.0467985
-0.0038122
0.0248887
0.0164202
0.0661731
0.0518070
-0.0993232
-0.0408322
-0.0513493
-0.0748119
0.0679701
-0.1581195
-0.2616651
-0.2090016
0.0623215
-0.2153294
-0.2123794
-0.0758886
0.0305978
0.0662508
0.1497892
0.2839561
0.5063777
0.4745918
0.2369609
0.0008447
-0.0651559
-0.3540505
-0.5555446
-0.9874056
-1.1323212
-0.5488951
0.3476745
1.2173560
1.5544363
0.8763931
0.2651445
-0.4953828
-0.9411110
-0.6242822
-0.4929118
-0.2635991
-0.1972457
0.0309508
0.2399169
0.0033742
0.3777715
0.0809641
0.2005837
0.0212541
0.1253709
0.0849751
0.1325149
-0.2246994
0.0458707
0.0117041
-0.0476874
0.1066604
-0.0931214
0.0002426
0.1945734
-0.0078277
0.2227913
-0.0948931
0.0111095
-0.0580646
0.0187132
0.1451503
0.0527878
-0.1504668
0.1576923
0.0847315
-0.0103098
-0.0356037
-0.2309655
0.0335130
-0.0498855
0.0175325
0.0839969
0.1664444
0.2089070
0.0301734
-0.1120511
0.0422279
-0.1498012
-0.0425977
0.1439352
0.0880442
0.1299622
0.0702927
0.0082752
-0.1836996
0.0662688
0.0724441
-0.1248296
0.0090288
0.0519234
0.2598955
0.1165529
0.0772668
0.1986137
0.0994272
0.0595615
-0.0798667
0.0340923
-0.0726682
-0.2005560
-0.0419484
-0.2163088
-0.0954000
-0.1441312
0.0126924
0.2608357
0.2887840
0.0632384
0.1791959
0.2169885
0.2718107
0.0779022
0.0665835
-0.0001496
-0.3496597
-0.5443110
-0.9269392
-0.7981083
-0.2027271
1.0422097
1.7386235
1.4283779
0.5361685
-0.6872261
-1.1109145
-0.5499819
-0.3556505
-0.3261062
0.0190323
-0.1885921
0.0183636
0.1919855
0.2157447
0.1108821
0.1549993
0.2113721
0.0969223
0.1854892
-0.0831139
-0.0828254
-0.0992876
-0.0000819
-0.1296986
-0.0938410
-0.1561371
-0.0076988
-0.0548530
-0.1469336
0.1426471
0.2649213
0.2341210
0.0538765
-0.0920089
-0.1783314
0.1538655
0.0374226
-0.1680270
-0.0651124
-0.0234299
-0.0077952
-0.0785621
-0.0740124
0.0667710
-0.1058318
-0.0868154
-0.1304434
0.0961027
0.0303151
0.1062221
-0.1666288
-0.0639514
-0.0708978
-0.1059380
0.0498254
-0.0663393
-0.2109537
-0.0573796
-0.2381944
0.0542070
0.1506803
-0.0424070
0.1995198
0.1151960
0.2370046
-0.0807825
-0.0920420
-0.1422923
-0.1322028
0.1299583
0.1281930
-0.0646529
0.0727624
-0.1504028
-0.2867481
0.0021928
-0.0350358
-0.2183892
-0.0427061
0.0201694
0.1044518
0.0877855
0.3441876
0.2668170
0.1674096
0.0041575
-0.1510481
-0.2559635
-0.4672335
-0.8857622
-0.8601022
-0.4235807
0.4700217
1.1969203
1.4157598
1.2017976
0.1587117
-0.6978103
-0.8623229
-0.5556434
-0.4058210
-0.1420750
-0.1597812
0.0104579
0.1163253
0.0293863
0.3224592
0.2796172
-0.0021540
0.0607615
0.1443844
-0.1464600
-0.0132118
-0.2517889
-0.2383934
-0.2701885
-0.2549314
-0.0143715
0.0622202
0.1718676
0.1913100
-0.1183154
0.1582449
0.0278518
0.0177684
0.0958921
0.1421807
0.1978733
0.1157285
0.1516842
-0.1362230
0.0253438
-0.0357033
-0.0870617
0.1001101
-0.0614888
-0.1304728
0.1540616
0.2156546
-0.0100083
0.0604535
0.1626253
-0.1569775
-0.0800920
-0.0855767
0.1675614
0.0222059
0.0262716
0.1324888
0.0681064
-0.0057378
0.1073259
0.1302648
0.1061729
0.1142068
-0.0670185
-0.0411201
-0.0292731
-0.1007370
0.0362913
0.1944323
-0.1201296
-0.1212433
0.0549162
0.1389249
0.0292669
-0.2560583
-0.1762652
0.0383075
-0.1843722
0.0957287
-0.1806278
0.0170692
-0.0654620
0.0575429
-0.0296723
0.0877176
0.3312528
-0.0342028
-0.1459455
-0.1008989
-0.0619623
-0.3649160
-0.5414726
-0.9631820
-0.7206236
0.2493942
1.2601802
1.8020681
1.1892327
0.0177535
-0.7471879
-0.8985686
-0.5912022
-0.4694802
-0.1964861
-0.1582356
0.1540281
-0.0363087
0.2200435
0.4064364
0.1534493
0.2393112
0.1898955
0.1883074
-0.1205783
-0.1887253
0.0826907
-0.2350312
-0.0987279
-0.0441314
-0.0855143
0.0012690
-0.1439993
-0.0896584
0.1296452
-0.1117837
0.2445112
0.1942510
0.1811176
0.0068006
-0.1606547
-0.0069409
0.1598711
-0.1721444
0.0583905
0.0930085
0.0165013
-0.1176890
0.1545310
-0.0845780
-0.0011195
0.0152180
-0.0065494
-0.0553151
0.1029573
-0.0356275
0.0684248
0.1320692
-0.1523967
-0.2023175
-0.2322482
0.0560439
-0.1751556
-0.1876146
-0.0305988
-0.1199733
0.0664663
0.1221965
-0.0820785
0.0320392
0.0052293
0.0566530
-0.0719009
0.0251132
0.0625737
-0.1635564
-0.0606352
-0.2400415
-0.0173265
-0.0578622
-0.2675905
-0.2081449
0.0571680
-0.1598673
0.1955458
0.0717913
0.1090633
0.1102952
0.3436018
0.3330862
0.2880015
-0.1454529
-0.1931970
-0.0635756
-0.3963984
-0.7954260
-1.0780542
-0.8065571
0.4178435
1.2907507
1.5870867
1.1525485
0.2463535
-0.6574651
-0.6144822
-0.4736961
-0.0637254
-0.0484677
-0.3244909
-0.1897724
0.2344366
0.0184032
0.0242550
0.2338168
0.3345461
0.0181984
-0.0822243
-0.0014632
-0.1909911
-0.1064490
0.0783473
-0.1823949
-0.0687221
0.0451463
-0.2412830
0.0870332
-0.1648388
-0.0908858
-0.1454066
0.1525249
-0.1198798
-0.1362737
0.1193987
-0.0672814
-0.0765807
0.1216764
-0.1457256
0.1583442
0.1189955
0.1389532
-0.1739766
0.0671546
0.0653219
-0.1637639
-0.0688319
0.1224985
0.1816377
-0.1471253
0.1933789
0.1828807
-0.0009760
0.0377799
-0.1213518
0.0774740
-0.1940093
-0.0958980
-0.0036526
-0.0137986
0.0765566
-0.0747696
0.0992308
-0.1706977
-0.1345814
-0.0654373
0.0497238
-0.0129115
-0.0783939
-0.1337437
0.0031769
-0.1569657
0.0284492
-0.0282162
0.0098323
-0.1687997
-0.0921399
-0.0041064
0.0655634
-0.1171423
-0.0961727
0.0652482
0.0070469
0.0330835
0.2655488
0.2697465
0.0654983
0.0355072
-0.0876440
-0.1971993
-0.4075109
-0.7556555
-0.9622229
-0.8208669
0.1226201
1.0649636
1.6601071
1.4238705
0.4013282
-0.6654810
-0.8374297
-0.4930615
-0.4918528
-0.2629230
-0.2198995
-0.2566472
0.2073114
0.0443805
0.0463506
0.2689932
0.0242853
0.2626364
0.0980636
-0.0966007
0.1021999
-0.0668244
-0.0036897
-0.0997263
0.0245104
-0.1111827
0.1385818
0.0764215
-0.1436784
0.0659980
0.1742010
0.2542617
-0.1254266
0.2393314
0.0329035
-0.0922267
0.1981567
0.1009755
0.0732925
0.0048863
0.0713754
0.0797490
-0.0719906
-0.1798846
-0.0451294
0.0419100
-0.0423017
-0.0272929
0.1752879
0.2335674
0.0437390
0.1774021
0.1599121
-0.0934821
0.0485582
-0.1147099
-0.2193905
-0.1920622
-0.0399164
0.0797151
-0.0648187
-0.1971397
0.1343502
0.0438818
-0.0953413
0.1865815
-0.1169426
-0.0990659
0.0073809
0.2362329
-0.0601430
0.1360862
-0.0747943
-0.1859329
-0.1391135
-0.1323749
-0.1397995
-0.2473471
0.0350343
-0.0402520
0.1105825
0.2049136
0.4165838
0.0922233
0.1257884
0.3741114
0.1325461
-0.1211395
-0.3511345
-0.6235365
-0.7161867
-0.8953802
-0.5981196
0.3386625
0.9705349
1.3434308
1.0202180
0.3869723
-0.2877761
-0.7389853
-0.7453972
-0.1816689
-0.0886060
-0.0981775
-0.0207393
0.0260691
0.2032060
0.0676625
0.2296847
0.1891919
0.0197224
0.0795102
0.0173100
0.0982073
-0.1150386
-0.2070872
-0.2434162
-0.2023742
-0.0827210
-0.0300780
-0.1306316
0.0104893
-0.0473538
0.2003806
0.2519276
0.2443288
0.0504943
-0.0886795
0.0766113
-0.1196637
-0.2053385
0.0143908
-0.1308832
-0.1027661
0.1528198
-0.1943024
0.0328363
-0.1019822
-0.1436248
0.1231737
0.0168664
0.0898320
0.1407340
-0.0336195
0.1310732
0.0683792
0.0949587
0.1788512
-0.0476488
-0.2224603
-0.1160464
-0.1656567
-0.0760206
0.1402830
-0.0482391
0.1490153
0.0695712
-0.1553113
0.1031832
-0.0782022
0.1576792
0.0113889
0.0112540
-0.0351624
-0.1313804
-0.1722825
-0.1410145
0.0900530
