0.0571678
-0.6378216
-0.8349157
-0.6069379
-0.3600476
-0.0278165
-0.1871986
-0.1042870
0.1331669
0.0634020
0.2842840
0.2918206
0.1264074
0.1267883
-0.0181892
0.1692175
-0.2285690
-0.0962831
-0.1620976
0.0396846
0.0399978
-0.1368279
-0.2268026
0.0413335
-0.0538946
0.0672054
0.0071667
0.2287841
-0.0468825
0.1564183
0.0407210
0.0436293
0.1546115
-0.0571517
-0.2207231
-0.1254505
-0.1763884
-0.0305023
0.0152798
-0.1491312
0.1706324
0.1712891
-0.0201194
0.0957967
-0.0497422
-0.0648168
0.1249687
0.1320493
0.0615755
-0.1118182
0.0049146
-0.1269823
-0.0608466
-0.1418508
-0.1902828
0.0253807
0.1540469
0.0044135
0.1390437
-0.0826899
0.0468769
0.2233932
0.1692706
-0.1315517
-0.0503752
0.1923424
-0.0774029
0.2026078
-0.0097220
-0.2112535
-0.1231084
-0.3111749
-0.3152276
-0.2791030
-0.0618533
-0.1631204
0.1242231
0.0852363
0.3233357
0.3708117
0.4296520
0.3646222
0.3299774
0.2119361
0.0074729
-0.2203171
-0.4756141
-0.4055608
-0.6708227
-0.8103319
-0.5210459
0.4597142
1.6183233
1.7902250
0.9951329
-0.3075719
-0.8079952
-0.9605671
-0.6860144
-0.1890296
-0.1177695
-0.0478597
0.2100733
0.0468817
0.4164947
0.4198810
0.0735108
-0.0043105
0.2423709
0.2457985
-0.1145371
0.0343476
-0.1209290
-0.1832791
-0.1782683
0.0388164
-0.1920990
-0.1248055
-0.1408757
-0.0684401
0.0464818
-0.0006541
0.0796395
0.1102587
-0.0968802
-0.0979580
0.2060539
0.1662539
-0.0019071
-0.1895676
-0.1619542
-0.0806030
0.0032094
-0.0773452
-0.1666827
0.0375618
-0.1354125
-0.1483634
-0.0527125
0.0591221
0.1812537
0.0957039
-0.0929734
-0.0267795
0.1427915
0.0164074
0.1231978
-0.1394457
-0.0629705
0.1356032
0.1744179
0.1753326
-0.1017889
0.0233407
0.1112650
-0.0680372
0.1700438
-0.1222926
0.0600419
0.0294571
-0.0763591
-0.0577689
-0.0754062
0.1095123
0.1413863
-0.1419393
-0.0877605
-0.1928437
-0.1204642
0.0533661
-0.1744567
0.1128622
-0.1875509
0.0693544
0.3468631
0.4083751
0.1168689
0.3862378
-0.0681701
-0.0219377
-0.1748878
-0.1463020
-0.4698781
-0.7603234
-0.6270817
-0.2838655
0.7602816
1.6174407
1.3938784
0.6111871
-0.5334832
-0.8146116
-0.5695919
-0.1972939
-0.1844991
-0.2344510
0.0020951
0.1204466
0.1737642
0.0996471
0.1299302
-0.0284235
0.0244891
0.1597779
0.2132796
-0.0177106
0.0184767
-0.1001331
-0.1938923
-0.0966848
0.0984762
-0.0800349
0.0441454
0.1426930
0.2212825
0.0250624
0.1730325
0.1271287
0.0216164
0.0263916
-0.0505087
-0.1113179
0.1583163
-0.0371009
-0.0082926
-0.0987505
-0.2149538
0.0054352
0.1014717
0.1307747
-0.0516774
-0.0937501
-0.0421705
0.1343413
0.1192647
0.1986852
0.0420233
0.1995524
-0.0492891
0.1571219
-0.1978019
-0.0629903
-0.0487966
-0.2000106
0.1364563
-0.0923083
0.0031599
0.1216081
0.1038537
0.0119507
0.0657617
-0.1189271
0.2315886
0.1291824
-0.0054483
0.1586132
0.1879550
-0.1540766
0.1190409
0.1270227
-0.0912594
0.0715729
-0.0892762
-0.0924869
-0.1435481
-0.0547629
-0.2251064
-0.0988783
0.1352995
0.2756099
0.2022505
0.2175574
0.3544195
0.2062043
0.0086253
-0.1881014
-0.3100644
-0.4268779
-0.6495846
-0.7687533
-0.6492773
-0.0833475
0.7614775
1.4889601
1.3676077
0.4701757
-0.6383298
-0.8475814
-0.5269739
-0.3757535
0.0040153
-0.2097893
0.0626092
-0.1069712
0.1487809
0.1684765
0.0894486
-0.0264173
0.2137728
0.0985487
0.0152296
-0.0293301
0.0694213
-0.0365499
-0.0037153
0.0486432
-0.0884502
-0.0803640
0.0922489
-0.1419273
0.0753338
0.0367270
0.0752067
0.1374476
-0.0522485
0.1767998
-0.0944226
-0.1990760
-0.1770858
-0.0143726
-0.1162865
0.1059581
0.0729661
-0.0999009
-0.0286020
-0.0086321
0.1517109
0.2059304
-0.1292769
-0.1444199
-0.0958396
0.0261513
0.0494854
0.0833659
-0.0951964
-0.0399513
0.0968759
-0.1279981
-0.0377916
0.0603211
0.1002834
-0.0209556
0.1421422
-0.0280377
0.0365737
0.1702447
-0.0989089
0.0429642
-0.0471182
0.1975863
0.0373096
-0.0234900
-0.0104374
0.1202891
-0.1073902
-0.0827630
-0.0439870
-0.0660001
-0.2013802
-0.1822927
-0.1748092
0.0540909
-0.1340513
0.1232028
0.1628401
0.1259769
0.2102152
0.3217793
0.2643869
-0.1517503
-0.2278551
-0.0767580
-0.3561345
-0.7884291
-0.8800903
-0.5401116
0.3869181
1.0240271
1.4754898
0.8834642
-0.0535525
-0.6629895
-0.7519171
-0.2972887
-0.3679397
-0.2313251
-0.0816575
-0.0683705
0.0681375
-0.0024177
0.0626768
-0.0195925
0.1935981
0.1393157
0.0580700
-0.1379739
-0.1035378
0.1078227
-0.2691721
-0.1470855
-0.1687240
0.0134457
-0.0236233
0.0477299
-0.0286111
-0.0235781
0.0535219
0.0174893
0.1404647
-0.1432925
-0.1293811
0.1422822
-0.1355138
0.0762961
0.1476549
-0.0797753
-0.0409681
-0.1064869
-0.0265990
0.0391064
-0.0344157
0.1990983
0.1125572
-0.1028033
-0.0739931
0.1186387
-0.1076662
0.0319215
-0.0606623
0.0062843
0.1389295
0.0112984
-0.0044296
-0.0373070
0.0088693
-0.1811351
-0.2193268
0.0480002
0.1182955
-0.0042695
-0.0366343
-0.1394184
-0.0314954
0.2129815
0.1754908
-0.1253811
0.1600890
-0.1597499
-0.1526918
-0.1765825
0.0604121
0.1397598
-0.1407186
-0.1305617
-0.0988934
-0.1220887
-0.1227369
0.1955804
0.0080224
0.3314490
0.2267110
0.3154590
0.0959602
-0.1095407
-0.1877918
-0.1503505
-0.1717719
-0.2615364
-0.7947109
-0.5716769
-0.2563577
0.6576065
1.0789934
1.0328269
0.3610071
-0.3642074
-0.5559899
-0.3796955
-0.2997925
-0.2870225
0.0571272
-0.0952270
0.1227378
0.1223619
0.0953141
0.2485335
0.0729243
0.1501218
-0.0277614
0.0401585
-0.0231755
-0.2203328
-0.0724901
-0.2064425
-0.0333552
-0.1534412
0.1271486
-0.1906811
-0.1459549
-0.0782625
-0.0357281
0.0946199
0.0977891
-0.1402469
0.0814557
-0.1561181
0.1691966
-0.0196087
-0.0046131
0.0360449
-0.1561811
0.1030416
-0.0689222
-0.0518464
-0.0567232
0.0340129
0.0171670
-0.0073211
0.0304855
-0.0167133
-0.0289933
0.1454572
0.1547906
0.0531788
-0.1576410
-0.1724796
0.1230589
-0.2122681
-0.2079605
0.1340254
-0.0984312
0.0956018
-0.0843867
-0.1353795
0.2027665
-0.1673994
0.0545325
0.0738511
0.1644651
0.0347753
0.1905158
0.1129838
-0.0477861
0.1022002
0.1045239
-0.0354479
-0.0069795
0.0199547
-0.1094264
-0.0827407
0.1521933
0.0983967
-0.0138682
0.0998834
0.1165182
0.0713438
0.2889043
0.0598468
0.1907268
-0.1059427
-0.0798243
-0.1798449
-0.4015290
-0.4091922
-0.7144975
-0.4837476
0.2936630
1.2650588
1.2669571
0.7947402
0.0332028
-0.8349868
-0.6444096
-0.5797245
-0.3367165
-0.1112687
-0.0848666
0.1613081
0.0437760
0.1254836
0.1624954
0.0741776
0.2569531
-0.0350198
0.1515310
0.0390318
-0.1437867
-0.2560534
-0.0384884
0.0441611
-0.0351849
0.0920703
-0.0507130
-0.0682752
0.2143955
0.1583319
0.0575891
-0.0629822
0.2004808
0.0988146
0.1222157
0.1139093
-0.0657373
-0.0168038
-0.2037755
-0.0354258
-0.1214121
-0.0981975
0.1020585
-0.0279698
-0.0956774
0.0817384
0.0625862
0.0673543
0.0647974
-0.1234226
0.2047783
0.0798836
-0.0777734
0.1231107
0.0650829
-0.0952564
0.0633861
0.1166019
0.0550443
-0.1728221
-0.1487563
0.1742387
0.1757949
-0.0028434
0.1566712
-0.1166926
0.2243248
0.1563934
-0.0461600
0.1828196
-0.0232278
-0.1143085
0.0759697
-0.0428675
-0.2064833
0.0702355
-0.0881285
0.0268856
-0.1690792
-0.0681932
-0.1193828
0.0032881
-0.0155185
0.0693071
0.4081297
0.2782769
0.3350333
0.2193227
-0.1118669
-0.2287900
-0.3441562
-0.2079343
-0.8676493
-0.7255281
-0.6729430
0.4708101
1.4416134
1.6852534
1.1676779
0.1665937
-0.5746743
-0.6400681
-0.3794415
-0.1436350
-0.0069634
-0.2277868
0.0882983
0.0478548
0.1339510
0.0172497
0.0792998
0.1006133
0.2351019
-0.1147458
0.0664973
0.0261913
-0.2873571
-0.1550206
-0.0995856
-0.1224781
0.0919391
-0.1475449
0.1340548
0.0796578
-0.0094161
0.1368249
0.0399973
-0.1320483
0.2223661
0.0601527
0.1997254
0.1473852
0.0010794
0.1540127
-0.0716856
-0.2375345
0.1052208
0.1352570
-0.1120827
0.1056091
0.0534677
-0.1554053
-0.0752029
0.2257916
-0.0581145
0.0244656
0.1679638
-0.0761241
-0.1288872
-0.0437473
0.1646859
-0.0891278
0.0711753
0.0559333
-0.1878122
-0.2265322
-0.1535410
-0.1807847
0.0939138
-0.1131630
0.0714777
0.1284953
0.1005381
0.0741281
-0.0390623
-0.1759811
-0.2010037
-0.0322818
0.0160856
-0.0582332
0.0014973
-0.2352703
-0.2356253
-0.2437359
0.0220893
-0.0996727
0.1368363
0.1253731
-0.0036588
0.2778773
0.0904563
0.1721195
0.2345832
0.1197425
-0.0620346
-0.4071679
-0.4336926
-0.4068543
-0.9048107
-0.7322009
-0.2054218
1.0976201
1.4231940
1.1480063
0.3212162
-0.5030908
-0.9618044
-0.5761514
-0.3902351
-0.0342153
-0.0813335
0.0023235
0.1338738
0.0313183
0.3718819
0.2548317
-0.0084995
0.1099455
-0.0375349
0.0601465
0.0051842
-0.2493365
-0.0315602
-0.0139688
-0.0749244
0.0831335
-0.2226060
0.1415069
0.0117059
0.2183294
-0.1136899
-0.1048761
0.2296655
0.0040725
-0.0818175
-0.1084798
0.0678226
0.1517688
-0.2131502
-0.2105828
-0.1865053
0.1527160
-0.2123916
-0.0774843
-0.1557030
-0.1882468
-0.0494645
-0.0668832
-0.0964393
0.1714427
-0.0152221
0.2300321
0.1939201
0.0016916
0.0826039
-0.1161168
-0.1986601
0.0214733
-0.1241937
-0.0732384
-0.0302562
-0.0886056
0.1411990
0.0850993
-0.1360277
0.0889541
-0.0507409
0.2254072
0.0148406
0.0904675
-0.0485183
0.0228204
-0.1134093
0.1373340
0.0673713
-0.0974707
-0.1641316
-0.2652848
0.0936339
0.0865914
-0.0029475
0.2035749
0.0758857
0.1612009
0.2715301
0.3273283
0.2068001
0.0191731
0.1729740
-0.0757478
-0.0543334
-0.2335622
-0.3199449
-0.9797654
-1.0306520
-0.1480633
0.6618825
1.5236650
1.3740270
0.7371811
-0.3691555
-0.9198858
-0.8226242
-0.2127322
-0.2284607
-0.1218175
0.0762020
0.1428525
0.1120723
0.3100616
0.0024843
0.3135234
0.2679933
0.0405486
-0.1560529
-0.1492924
-0.0681566
-0.1075319
0.0618697
-0.0528439
-0.1380897
-0.0326625
-0.1545377
0.1449580
0.0303512
0.2316793
-0.1230524
-0.0833563
0.1690739
0.0172829
-0.1348742
0.1925991
-0.0494970
0.1641580
0.0576623
-0.0152120
0.1212000
0.1223061
-0.1967649
-0.1086479
-0.1740372
-0.0552513
-0.1728343
-0.1654239
0.0585318
0.0978125
0.0258808
-0.1624000
-0.1666734
0.0093620
-0.0854554
-0.0431815
0.0838571
0.1633283
0.1148409
-0.1895310
0.1808090
-0.0646233
0.0848386
0.0767162
-0.0483869
-0.0111437
-0.0976060
0.2009653
-0.1662927
0.1771633
0.0207978
-0.1409406
0.0906179
-0.0353188
0.0040236
-0.1505083
0.1210225
-0.2236616
-0.1306134
0.0140903
-0.2484172
0.0627354
0.2501321
0.3183831
0.0834551
0.1165515
0.3263958
0.1390665
0.0631067
-0.1460668
-0.1779291
-0.2351938
-0.5031202
-0.7704371
-0.4372627
-0.0512142
1.0277189
1.3632973
1.0340345
0.1162340
-0.4479627
-0.6887393
-0.4415126
-0.0882146
-0.2372237
-0.2313353
-0.0322594
-0.0022857
0.0424629
0.3585533
0.0949393
0.2579920
-0.0635338
0.2270614
0.0326708
-0.1367592
-0.1256717
-0.0967917
0.0801214
-0.1963867
-0.0188435
0.0343704
0.1651168
-0.0235067
0.1170815
0.2470644
0.0035043
-0.1233256
0.0787175
-0.0263959
-0.1447456
-0.0587575
0.1758709
-0.1835922
-0.0443780
-0.1657128
0.0299890
-0.1746352
-0.1276507
0.0956682
0.1417723
0.0359500
0.0868699
-0.0853893
-0.1299555
-0.1647278
-0.1354595
-0.0196847
0.0400924
-0.1400028
-0.0140385
0.1800914
0.0764630
0.1628088
0.1013804
-0.0883587
0.0668487
-0.1210366
-0.1644187
-0.0158663
0.0367583
0.2131666
0.0564480
-0.0766567
0.0217813
-0.1200663
-0.0053219
0.1087188
0.0493164
0.0654277
0.1198184
-0.0673366
0.0143155
-0.0426863
-0.0468934
-0.2295421
-0.0529520
-0.0051548
0.2061942
0.0692691
0.1890032
0.3577323
0.2096819
0.1147303
0.0634742
-0.1209527
-0.0946386
-0.1213302
-0.6589136
-0.8568999
-0.6393000
0.3780651
0.8945108
1.0738891
0.6460469
-0.1329192
-0.6265676
-0.4366121
-0.4666528
-0.0883934
-0.3017548
-0.1379244
0.0434873
0.0831115
0.3174962
-0.0407579
0.0061053
0.0145657
0.1970901
-0.1181038
-0.0035129
-0.0395020
-0.2014153
-0.0014298
-0.0508222
-0.1160376
-0.1804596
-0.0835202
0.1120406
-0.0575211
-0.0698004
-0.1148804
-0.1444463
-0.0432948
-0.1549431
-0.0979696
0.1268590
-0.1595643
-0.0474545
-0.0795201
0.0176941
0.1520038
-0.1571863
-0.0563604
-0.1687996
0.1710537
0.1102997
0.1421763
-0.1498272
0.0051348
0.0327554
0.1271163
0.0527565
0.1940994
-0.0482991
0.0076978
0.0383451
-0.1611370
0.1441779
0.0017484
0.0738136
-0.1003443
-0.0705166
-0.0699453
0.1214006
-0.1194542
-0.1147879
-0.0752568
-0.0884343
0.0753672
0.1772662
-0.1059910
-0.0743289
-0.2050516
-0.2227887
0.0458881
0.0050291
-0.2274879
0.0365127
-0.0102299
-0.1446672
-0.1171045
0.1947784
0.2780261
0.2252367
0.2131421
0.3464424
0.1145574
0.1771270
-0.2541219
-0.0864511
-0.1168101
-0.2073150
-0.5481221
-0.8270734
-0.5801713
0.5625450
1.1994946
1.3454363
0.7884253
-0.0396047
-0.5698373
-0.6304317
-0.4402481
-0.1409294
-0.0973569
-0.0674732
0.1171105
0.1899169
0.1273641
0.2612943
0.1833531
-0.0217526
0.1723691
-0.0401907
-0.0638780
-0.2158560
-0.2598161
0.0974048
-0.0028993
-0.0729605
-0.0500706
0.0372320
0.1323709
0.2161917
0.1011565
0.1965104
0.2418196
0.0104806
-0.1196101
-0.0362776
-0.0897098
0.1189200
-0.0978896
-0.2185863
0.1688305
-0.0698059
0.1256277
-0.1215049
-0.0633292
0.0618110
0.1376916
-0.1530942
0.0373682
0.0430240
-0.0172331
-0.0890781
-0.1335419
-0.1148817
-0.1442627
0.1782554
-0.0361704
0.0691969
-0.1883381
-0.1761688
0.0572440
0.1199774
-0.0593797
-0.0933822
0.1442641
-0.1020269
0.2116469
0.0641861
-0.0319614
-0.0516270
-0.0472264
-0.0103648
-0.1009816
-0.0476027
-0.0671697
-0.2452176
-0.1901316
-0.0373197
0.0441842
0.0125104
-0.2383435
0.1101250
-0.1196041
-0.0762802
0.0417862
-0.0395105
0.0096795
0.3371015
0.1947968
0.1982188
-0.0460802
-0.2270976
-0.3209407
-0.4353930
-0.4071037
-0.8064166
-0.1716496
0.2979518
1.4226182
1.3305140
0.4900256
-0.1506652
-0.6018771
-0.5037062
-0.4073342
-0.3407289
-0.3447963
-0.1293829
-0.1533205
0.3475321
0.1133071
0.0644532
0.2590209
