0.0365720
0.1067967
0.2338411
0.2719404
0.1527490
0.0258578
-0.1418747
-0.1776284
-0.1803298
-0.1026264
-0.0774863
-0.0442420
0.0412622
0.0393379
0.0495616
0.0857116
0.0246495
0.0800568
0.0029408
0.0402229
0.0092818
-0.0098882
-0.0015637
-0.0176962
-0.0574114
-0.0297105
-0.0311737
0.0044514
-0.0209319
0.0188695
-0.0265160
0.0056993
-0.0042602
-0.0222807
-0.0173700
-0.0307698
-0.0253153
0.0243028
-0.0074201
-0.0218524
-0.0383080
-0.0178289
-0.0013381
0.0042074
0.0153339
-0.0103269
0.0077362
0.0029366
-0.0233482
0.0261198
0.0175295
-0.0235411
-0.0249967
0.0347035
0.0140014
0.0139711
0.0098182
0.0163262
-0.0161645
-0.0227294
-0.0238005
0.0082857
-0.0026645
-0.0219103
-0.0279409
-0.0247270
-0.0342004
-0.0285289
0.0421436
-0.0335235
0.0268607
0.0071043
-0.0038935
0.0260564
-0.0189351
-0.0091491
-0.0486029
-0.0205348
0.0108207
-0.0159605
0.0005867
0.0387982
0.0324980
0.0446464
0.0176413
0.0363319
0.0065652
0.0272288
0.0176822
0.0072103
-0.0358927
-0.0303511
-0.0268872
0.0415715
0.0455830
0.0021647
-0.0229892
-0.0317669
0.0240592
0.0133886
-0.0248988
0.0177732
0.0068876
0.0317578
-0.0157124
0.0390903
0.0242941
-0.0217273
-0.0188575
0.0173318
0.0296747
0.0287714
0.0102316
-0.0053841
-0.0398487
-0.0198374
-0.0106481
0.0188670
-0.0371624
-0.0014591
-0.0286880
-0.0296807
-0.0374307
-0.0235272
0.0305256
-0.0351894
-0.0145939
-0.0249128
0.0408356
-0.0146009
-0.0084902
0.0099023
-0.0093734
0.0287732
-0.0224049
0.0247427
0.0411453
-0.0219259
-0.0109170
0.0158530
0.0304530
0.0165776
0.0038344
0.0105977
0.0370176
-0.0353857
-0.0078772
0.0253382
-0.0406919
-0.0284414
-0.0072434
0.0215748
0.0311187
-0.0330119
0.0420415
0.0089019
-0.0176269
0.0108079
-0.0088209
0.0106760
0.0353715
0.0048741
-0.0254441
-0.0139714
-0.0320542
0.0320442
0.0339031
0.0096102
0.0391877
-0.0087580
0.0307646
0.0307224
-0.0342474
0.0247144
0.0279706
-0.0302536
0.0081446
-0.0525949
-0.0181106
0.0066890
-0.0331269
-0.0336775
-0.0105973
-0.0124350
-0.0236870
-0.0162603
0.0086935
0.0033531
0.0691436
0.0082453
0.0274321
0.0163684
-0.0347356
-0.0434273
-0.0439680
-0.0396690
-0.0326957
-0.0205038
0.0013496
0.0327122
0.0558191
0.0416405
0.1280095
0.0703909
0.1030961
0.0904373
0.0308886
-0.0288570
-0.1819552
-0.2474502
-0.1890433
-0.1515113
-0.0593258
0.0102554
0.0893239
0.1681481
0.2453367
0.2537561
0.1980835
-0.0125972
-0.1906934
-0.2180479
-0.1615817
-0.0599564
-0.0864444
-0.0469205
-0.0009047
0.0194230
0.0682961
0.0227615
0.0457878
0.0204803
0.0260156
0.0572963
0.0390867
0.0124010
-0.0254004
0.0026476
-0.0330868
-0.0610640
-0.0519547
0.0198535
0.0188815
0.0186372
0.0205074
0.0037455
-0.0165843
-0.0108926
-0.0185139
0.0183355
0.0480819
-0.0338581
-0.0211511
-0.0388638
-0.0141834
-0.0052272
-0.0305116
0.0361915
0.0150793
-0.0277138
-0.0428268
0.0168874
0.0419635
0.0441902
0.0444701
-0.0180046
0.0096108
0.0134558
-0.0118309
0.0105327
0.0076037
0.0009974
0.0090273
0.0179677
0.0273666
-0.0111621
0.0257572
-0.0353320
0.0105993
0.0017953
-0.0083876
-0.0215550
-0.0210643
0.0374490
0.0010126
0.0137083
-0.0384942
0.0203075
0.0329274
-0.0399626
-0.0362480
0.0104252
0.0231816
0.0299195
0.0427156
-0.0227925
0.0435479
0.0476833
0.0431976
0.0136993
-0.0368308
-0.0160004
-0.0147767
-0.0301569
-0.0276595
0.0013349
0.0411677
0.0032269
0.0025964
0.0359971
0.0211271
0.0039217
0.0327589
-0.0230521
-0.0035716
-0.0399118
-0.0119632
-0.0365300
-0.0235327
-0.0163604
0.0074877
-0.0056545
-0.0155598
-0.0149377
-0.0272120
0.0377051
-0.0263184
0.0404599
0.0250962
-0.0113505
0.0145202
0.0271352
-0.0085912
0.0025469
0.0207523
0.0446025
-0.0071788
0.0288463
-0.0342273
0.0383180
-0.0152409
0.0213955
0.0300866
0.0197618
-0.0222487
-0.0246484
-0.0152647
0.0129266
-0.0225729
0.0352285
0.0341586
0.0232473
0.0065377
-0.0009837
0.0021035
0.0188345
0.0218817
0.0274216
-0.0391759
-0.0359947
-0.0222057
0.0043548
0.0230881
0.0343339
0.0159813
-0.0040375
0.0119453
-0.0304388
-0.0489550
0.0216950
0.0277690
-0.0068659
0.0453111
-0.0030999
-0.0370154
0.0078682
-0.0136037
-0.0117981
0.0028985
-0.0457763
0.0079815
0.0011850
0.0326680
-0.0046736
0.0089736
0.0075379
0.0302367
-0.0265253
0.0350948
-0.0226382
-0.0309302
0.0144920
0.0406690
0.0283665
0.0077908
-0.0271639
-0.0126214
0.0136212
0.0123037
0.0012434
0.0130320
-0.0260782
0.0291761
0.0397530
0.0219562
0.0616765
0.0151554
0.0439061
-0.0069775
-0.0225434
-0.0480406
-0.0130635
-0.0687271
-0.0160069
-0.0679607
-0.0100048
-0.0116395
0.0438976
0.0297509
0.0386460
0.0754280
0.0793253
0.1254178
0.0951272
0.0057153
-0.0570170
-0.1128405
-0.2480328
-0.2003820
-0.1189060
-0.0374061
0.0868762
0.1072349
0.1863189
0.2513557
0.2040064
0.1289912
0.0019869
-0.1869025
-0.2054154
-0.1715958
-0.1123136
0.0011640
-0.0435080
0.0299652
0.0604714
0.0438666
0.0306863
0.0482570
0.0216084
0.0516380
0.0173026
-0.0370390
-0.0098890
0.0039987
-0.0693248
-0.0509277
-0.0501116
-0.0149923
-0.0029153
-0.0422778
-0.0057800
0.0316401
-0.0123947
0.0449699
0.0339281
-0.0263964
0.0281151
0.0431197
-0.0110931
-0.0391718
-0.0279998
0.0144538
0.0163291
-0.0285345
0.0253016
-0.0209907
0.0436524
0.0435667
-0.0147744
0.0122878
0.0401401
-0.0276049
0.0005012
-0.0124469
-0.0038136
-0.0008695
-0.0017636
0.0206945
-0.0339417
0.0257515
-0.0148562
0.0133959
0.0134537
-0.0358958
-0.0318782
0.0405300
-0.0295595
-0.0097435
-0.0074865
-0.0013587
0.0064413
0.0297298
0.0337801
-0.0251943
-0.0113141
0.0322703
0.0187907
0.0363005
0.0375472
-0.0004646
0.0065757
-0.0390250
-0.0109795
-0.0426741
-0.0459110
-0.0418208
-0.0332644
0.0200363
-0.0228450
0.0087042
-0.0136187
-0.0302307
-0.0434025
-0.0325289
-0.0249893
0.0029463
0.0279346
-0.0169204
-0.0046600
0.0247317
-0.0236628
0.0042807
0.0082317
-0.0417618
-0.0354965
0.0225690
-0.0387244
-0.0376340
0.0212185
-0.0081141
-0.0268443
-0.0215997
-0.0057863
-0.0369778
-0.0115007
-0.0066748
-0.0030702
-0.0104356
0.0407657
-0.0188069
0.0034094
0.0369360
-0.0278474
0.0170813
0.0133906
0.0076773
0.0154745
0.0203551
0.0450127
-0.0117826
0.0429549
0.0155636
0.0102593
-0.0076267
-0.0011087
-0.0457951
0.0242274
0.0239805
-0.0198026
-0.0177627
-0.0003075
-0.0173760
0.0416269
0.0436549
-0.0024844
-0.0010471
0.0093348
0.0187320
-0.0384710
-0.0516157
0.0229338
0.0009495
0.0017026
0.0211009
0.0106703
-0.0232037
0.0129327
-0.0071362
0.0124729
0.0473827
-0.0182832
0.0500169
0.0275684
0.0064228
0.0047981
-0.0198648
-0.0427861
-0.0230634
0.0273567
0.0166944
0.0374267
0.0064397
-0.0091395
0.0455430
0.0284320
-0.0004599
-0.0376953
-0.0107272
-0.0284122
0.0006390
-0.0095497
-0.0281759
0.0216352
-0.0461930
-0.0072331
0.0177169
-0.0404934
-0.0088494
-0.0203497
0.0056136
0.0458738
0.0497485
-0.0005878
0.0155238
-0.0047896
-0.0036407
-0.0350006
-0.0320156
-0.0664240
-0.0226214
-0.0751591
-0.0580850
-0.0055945
-0.0294753
-0.0292845
0.0082852
0.0818433
0.0657832
0.0898805
0.1348801
0.1181905
0.0921486
0.0510720
-0.0689979
-0.2038580
-0.2422141
-0.1658507
-0.0992519
-0.0037624
0.0799314
0.1036273
0.1737188
0.2455264
0.1969781
0.1123377
-0.1025873
-0.1697358
-0.2071984
-0.1309874
-0.0446483
-0.0402510
-0.0084143
-0.0052470
0.0363349
0.0186278
0.0596402
0.0834548
0.0248448
0.0590896
0.0074470
0.0274589
0.0101999
-0.0355373
-0.0385712
-0.0334575
-0.0385917
0.0026142
-0.0424650
0.0352786
0.0496599
0.0482730
-0.0001495
0.0386439
-0.0079381
0.0229956
0.0051345
-0.0166650
0.0017424
0.0197942
-0.0131260
-0.0244194
-0.0431914
-0.0442462
-0.0040467
-0.0065339
0.0288386
0.0342347
0.0268358
-0.0150279
-0.0127969
0.0417861
0.0485066
-0.0209476
0.0014330
0.0433422
-0.0039858
-0.0297056
-0.0459161
0.0259001
-0.0338009
-0.0334021
0.0391975
0.0110657
0.0466959
-0.0055434
0.0206693
-0.0426436
0.0207533
-0.0141335
-0.0128809
0.0179093
0.0133935
-0.0158858
-0.0000409
-0.0199411
0.0083178
-0.0125608
-0.0175199
0.0075184
-0.0058352
-0.0087307
-0.0084106
-0.0033031
0.0039058
-0.0336386
-0.0206015
0.0416173
-0.0210939
-0.0135337
-0.0162283
-0.0491533
-0.0571064
0.0047461
0.0484713
0.0140996
0.0491612
0.0406203
-0.0247986
0.0099191
0.0029766
-0.0297903
0.0181867
-0.0282814
-0.0451681
0.0131833
0.0296340
0.0129963
0.0227922
0.0557922
0.0146546
0.0091359
0.0550496
0.0252680
-0.0061958
-0.0428585
-0.0732846
0.0204724
-0.0378168
-0.0045211
0.0294807
0.0483966
0.0071219
0.0358106
0.0338694
0.0274994
-0.0146270
-0.0216164
0.0202275
-0.0467310
-0.0373472
-0.0274414
-0.0298634
0.0084511
-0.0004811
0.0356948
0.0364220
0.0096841
0.0339414
0.0280746
0.0299005
-0.0029769
-0.0367266
-0.0374726
-0.0331144
0.0299014
-0.0354546
-0.0020193
0.0128244
-0.0264851
0.0392718
0.0232035
-0.0434035
0.0230938
-0.0303990
0.0133935
0.0233862
0.0013429
-0.0066395
0.0327774
0.0375953
0.0347166
-0.0132562
-0.0131029
-0.0006552
0.0252813
0.0005486
-0.0124801
-0.0381690
0.0117011
0.0105136
-0.0021432
-0.0452507
-0.0012590
0.0068109
0.0101365
0.0286866
-0.0319011
-0.0098738
0.0136839
0.0066784
-0.0056216
-0.0149287
0.0479448
-0.0154610
-0.0163379
-0.0364019
0.0248607
-0.0060957
0.0228862
0.0087447
-0.0364621
-0.0030969
-0.0171411
-0.0132718
0.0406606
0.0469127
0.0444099
-0.0041797
-0.0104357
-0.0099856
-0.0275344
-0.0436355
-0.0506953
-0.0584278
-0.0625757
0.0066023
-0.0178086
0.0271324
0.0318481
0.0608860
0.0626531
0.1270136
0.0815608
0.0821982
-0.0134456
-0.1265669
-0.2383438
-0.2582494
-0.1838765
-0.0277044
0.0753078
0.0915110
0.1667149
0.2581225
0.2676237
0.1922888
0.0292788
-0.1107248
-0.1841326
-0.1883791
-0.0588904
-0.0238696
-0.0082248
0.0493337
0.0057659
0.0822315
0.0447629
0.0733571
0.0156430
-0.0041077
-0.0110607
0.0265706
-0.0256712
0.0006119
-0.0186249
-0.0407854
-0.0124469
-0.0693435
-0.0409394
-0.0331219
0.0220191
0.0167409
0.0392505
-0.0040087
0.0141717
0.0290900
-0.0174848
-0.0140091
-0.0027104
-0.0103989
-0.0280854
0.0209010
0.0317309
-0.0378382
-0.0525117
-0.0197347
-0.0005880
-0.0112958
0.0416349
-0.0048946
0.0404175
-0.0150857
0.0025681
-0.0152617
-0.0015146
-0.0226266
-0.0132870
0.0148092
-0.0177731
-0.0218990
-0.0300109
-0.0439620
0.0000312
0.0074936
0.0264535
0.0003087
0.0247067
0.0307634
0.0244699
-0.0302397
-0.0010638
-0.0001372
-0.0406235
-0.0105926
-0.0080383
-0.0036780
0.0181284
-0.0282741
0.0309748
0.0051312
0.0405338
0.0113422
-0.0024086
-0.0118423
-0.0126258
-0.0323456
-0.0280618
0.0098677
-0.0222297
-0.0347964
0.0057748
0.0071328
-0.0339104
-0.0009668
-0.0102495
-0.0357445
0.0159818
0.0361443
-0.0376943
0.0003023
-0.0126392
-0.0182290
0.0266845
0.0031852
0.0020522
0.0424737
0.0320095
-0.0006677
0.0013122
-0.0225443
-0.0010264
0.0260745
-0.0367623
0.0271760
0.0079377
-0.0028272
0.0121065
0.0212562
0.0378287
0.0396722
-0.0175072
0.0228609
-0.0042564
0.0195589
0.0113800
0.0367382
0.0354891
0.0315312
-0.0428409
-0.0279856
0.0114509
0.0001542
-0.0403535
-0.0388642
0.0345837
0.0201092
0.0059003
-0.0059458
0.0310950
-0.0236625
0.0008409
-0.0121024
-0.0211503
-0.0350343
0.0301454
-0.0013835
-0.0044643
0.0070689
-0.0174001
0.0045551
0.0224021
0.0068583
-0.0092484
0.0283867
0.0055863
-0.0344176
-0.0321200
0.0100791
0.0156814
-0.0325421
0.0210848
0.0019149
0.0365917
0.0007118
-0.0159129
0.0451437
-0.0093211
0.0091051
0.0338614
-0.0377921
-0.0160630
-0.0064757
0.0055450
0.0000080
-0.0317778
-0.0005689
0.0260838
0.0077613
0.0384560
0.0329648
0.0464777
0.0391421
0.0179036
0.0194356
0.0441675
0.0104242
-0.0198786
0.0249839
-0.0407314
0.0241721
-0.0573993
-0.0559048
-0.0481979
0.0323703
0.0292348
-0.0014876
0.0136133
0.0593215
0.0467467
0.0600779
0.0343819
-0.0203028
0.0002972
-0.0026381
-0.0405545
-0.0813727
-0.0209017
-0.0722266
-0.0310308
-0.0008087
-0.0110663
0.0418003
0.0415385
0.1112274
0.1366935
0.1182935
0.0845121
0.0337224
-0.0270352
-0.0821835
-0.2178918
-0.1895847
-0.1401532
-0.0167406
0.0336464
0.0603969
0.1310783
0.2075416
0.1936695
0.1193356
0.0410434
-0.1657294
-0.1923291
-0.1731344
-0.0574717
-0.0321561
0.0164362
0.0080176
0.0187009
0.0627486
0.0355372
0.0416952
0.0147665
0.0562232
0.0254800
0.0420119
-0.0085621
-0.0268782
-0.0574817
-0.0218258
-0.0192333
-0.0094896
0.0081560
0.0332618
0.0417318
0.0363296
0.0177677
0.0429265
0.0011964
0.0418853
0.0424514
-0.0381879
-0.0443185
-0.0047365
0.0075151
0.0006205
-0.0112669
-0.0420336
-0.0254686
-0.0037588
-0.0172001
0.0064938
-0.0143276
-0.0171981
0.0109054
0.0036587
-0.0346104
-0.0238618
0.0211037
-0.0295126
0.0216197
-0.0200535
0.0345297
-0.0061570
-0.0354937
-0.0393857
0.0376471
-0.0439138
-0.0263700
-0.0351563
-0.0009541
0.0059394
0.0038953
0.0375892
-0.0234303
-0.0053087
0.0173951
0.0018082
0.0343952
-0.0344914
-0.0210461
-0.0049062
0.0243168
0.0366066
0.0081785
0.0195374
0.0228365
-0.0304551
0.0255665
-0.0080514
0.0251656
-0.0391366
0.0046381
-0.0274269
0.0123884
0.0026137
0.0075457
0.0091974
-0.0009880
-0.0148272
0.0342211
0.0049365
-0.0444825
0.0251520
0.0171871
0.0052149
0.0328394
-0.0135538
0.0106523
-0.0196031
0.0063518
0.0250951
0.0211305
-0.0259694
0.0384801
-0.0359358
0.0153745
0.0305301
0.0171426
0.0171015
-0.0476628
-0.0058250
0.0277020
0.0188536
0.0496024
0.0410059
-0.0185413
0.0111840
0.0052536
0.0172031
0.0218579
-0.0054720
-0.0471029
-0.0347539
-0.0124666
-0.0037113
0.0426991
0.0452192
0.0041571
0.0044967
0.0143291
-0.0242661
-0.0203942
-0.0393703
-0.0070661
-0.0190439
-0.0084714
0.0000452
-0.0095693
-0.0069402
0.0136857
0.0222913
0.0302984
-0.0131077
0.0129167
-0.0143759
0.0368164
-0.0372434
0.0019854
