0.0211726
0.0273526
0.0655482
-0.0507196
0.0483050
-0.0630017
0.0089540
-0.0142415
0.0319923
-0.0087739
-0.0675551
-0.0385000
-0.0515913
0.0538355
-0.0447888
-0.0387930
0.0490803
-0.0220690
0.0218435
-0.0482952
0.0198659
-0.0165363
-0.0062287
-0.1021929
-0.0124488
-0.1032311
-0.0528934
0.0102652
0.0322805
0.0602365
0.0901284
0.0821467
0.1712989
0.1517572
0.0953252
0.0731238
-0.0971989
-0.1952139
-0.2059402
-0.3251118
-0.3868892
-0.3337560
-0.0949475
0.3947856
0.6798316
0.6478371
0.3197420
-0.1486122
-0.4501849
-0.3694535
-0.2169283
-0.1500672
-0.0197483
-0.0127813
0.0451105
0.1263175
0.1199901
0.0664726
0.1450866
0.1288458
-0.0049283
0.0044752
-0.0296789
0.0230991
-0.0609051
0.0133871
-0.1124319
-0.1046816
-0.0925866
0.0444198
0.0121360
0.0361761
-0.0054761
0.0137077
-0.0020614
0.0453026
0.0167025
0.0269819
-0.0415906
-0.0580565
-0.0734802
0.0442022
-0.0219779
0.0098282
0.0204319
0.0053065
0.0615133
0.0337269
-0.0408481
-0.0167998
0.0370235
0.0513588
0.0427057
0.0525216
0.0171585
0.0044622
-0.0480651
0.0395474
-0.0538417
0.0645293
0.0225528
0.0296527
-0.0276078
0.0138953
-0.0074692
-0.0224269
-0.0011883
-0.0345822
0.0686924
-0.0650484
-0.0380808
-0.0519403
0.0026111
0.0140279
-0.0603985
0.0450258
0.0152701
0.0066548
0.0479278
0.0201009
-0.0555487
-0.0202287
0.0517735
-0.0310637
-0.0415927
0.0628373
-0.0319420
0.0576696
-0.0624009
0.0368122
-0.0415549
0.0416090
0.0356120
0.0315950
-0.0590339
-0.0067504
0.0506606
0.0184312
0.0163612
-0.0118229
-0.0227573
0.0089743
-0.0010067
-0.0416312
0.0699528
-0.0065474
-0.0664026
-0.0584103
0.0335917
0.0082623
0.0473632
0.0375571
-0.0689746
0.0249995
0.0170453
-0.0397318
0.0320258
-0.0213232
0.0216298
-0.0420276
0.0104104
-0.0608483
0.0012535
-0.0183958
0.0488882
0.0124904
0.0051614
-0.0183108
-0.0441446
0.0387502
0.0399947
-0.0522195
-0.0131265
0.0572769
0.0442714
0.0253559
0.0591928
0.0588503
-0.0198687
-0.0421878
0.0206721
-0.0669829
0.0365127
-0.0689620
0.0126010
-0.0198378
0.0036133
0.0649091
-0.0272148
-0.0070482
-0.0203880
-0.0168390
0.0412119
0.0317275
0.0070117
-0.0621159
0.0088882
-0.0079910
-0.0069033
0.0655857
-0.0044811
-0.0173579
0.0228977
0.0536178
-0.0286601
0.0012499
-0.0018166
0.0431158
-0.0523746
0.0630554
-0.0403200
0.0261292
0.0716428
0.0504137
-0.0208427
-0.0611662
-0.0512601
-0.0187826
0.0363571
0.0311259
0.0539722
-0.0663041
0.0390386
0.0656844
-0.0185499
-0.0136695
0.0630530
0.0101758
0.0252538
0.0748597
-0.0601901
-0.0083153
0.0345789
0.0250801
-0.0273662
-0.0208796
0.0010791
-0.0187026
0.0273647
0.0546509
0.0069192
-0.0229691
0.0768575
0.0868779
0.0176818
-0.0112290
0.0088013
-0.0244599
0.0162460
-0.0652776
-0.0965706
-0.0199631
-0.1420119
-0.1806670
-0.0997493
-0.0715903
0.0506876
0.2440564
0.2966354
0.2292901
-0.0613859
-0.2001300
-0.1931565
-0.1234646
-0.0946998
-0.0385317
-0.0645150
0.0707417
0.0954403
0.0593267
-0.0030667
-0.0363414
0.0083047
-0.0466677
-0.0557186
-0.0007509
-0.0413881
-0.0763155
-0.0151100
0.0095389
-0.0609803
-0.0646899
-0.0485144
0.0158942
-0.0354471
-0.0094436
0.0719534
-0.0376922
-0.0243169
-0.0359145
-0.0583471
-0.0459207
-0.0066705
0.0387349
0.0136036
-0.0698335
0.0167036
-0.0167303
0.0059353
0.0514887
0.0452766
0.0692585
0.0590994
-0.0330048
0.0546437
0.0041117
0.0182074
-0.0307561
0.0135384
-0.0449295
0.0050471
-0.0520981
0.0384440
-0.0255067
0.0370523
-0.0488835
0.0470453
-0.0353476
-0.0540085
-0.0039446
0.0458339
0.0370413
-0.0045054
-0.0342217
0.0105688
-0.0702351
-0.0527327
0.0516267
-0.0335160
-0.0673064
-0.0476505
0.0380643
-0.0196516
0.0558679
0.0353756
0.0299794
-0.0734634
-0.0178645
0.0212850
-0.0542594
-0.0491582
0.0642451
0.0501813
-0.0296964
0.0119530
0.0095931
-0.0288039
0.0173539
0.0083450
0.0093321
-0.0622244
0.0309039
-0.0774313
-0.0645850
-0.0152775
-0.0695620
0.0310763
0.0250401
-0.0458516
-0.0446607
0.0725517
0.0167031
-0.0492766
0.0571206
0.0596863
0.0367449
-0.0209170
-0.0480581
-0.0586488
-0.0582613
0.0203428
-0.0592293
-0.0405126
0.0336120
0.0300642
-0.0151487
0.0660643
0.0981242
0.0879155
-0.0213389
-0.0426228
-0.0389464
0.0122204
-0.0146933
-0.0166780
-0.1625571
-0.0535994
-0.0683996
-0.0281740
0.1654366
0.3308577
0.2454513
0.1063082
-0.0563854
-0.2042389
-0.1365702
-0.0906500
-0.0153197
-0.0355394
-0.0060013
0.0214676
0.0068872
0.0962143
-0.0331607
0.0275384
0.0622975
-0.0375012
-0.0284026
0.0343284
-0.0789191
-0.0193814
0.0203046
-0.0040926
0.0619524
0.0052306
-0.0416143
-0.0130736
0.0613854
-0.0027925
0.0502058
0.0535074
-0.0088319
-0.0670894
0.0463432
-0.0125566
0.0060262
0.0246676
0.0280082
-0.0516387
0.0584019
0.0161410
0.0429684
-0.0456687
0.0712324
-0.0174873
0.0499561
0.0001408
-0.0081816
-0.0057487
-0.0055838
0.0406864
0.0019145
0.0509473
0.0190424
-0.0324359
-0.0577435
0.0590906
0.0607886
0.0628847
-0.0365164
0.0474490
-0.0114101
0.0471180
-0.0403747
0.0632411
-0.0575692
0.0564062
-0.0495009
-0.0414209
0.0119461
0.0108673
0.0542045
0.0120440
0.0606667
-0.0309943
-0.0556026
-0.0460069
-0.0071529
0.0299953
-0.0427165
0.0385697
0.0131931
0.0101440
-0.0674163
0.0229819
0.0494018
0.0254365
-0.0470823
-0.0269828
-0.0020334
-0.0144127
0.0515137
-0.0477990
-0.0203436
0.0259229
0.0120504
-0.0704899
-0.0470928
-0.0654758
0.0204800
-0.0297577
-0.0718647
-0.0137627
-0.0558530
-0.0378821
0.0217907
0.0112268
0.0435860
-0.0438653
0.0065637
0.0207861
0.0356175
-0.0698425
-0.0098146
-0.0338913
-0.0392415
0.0267835
0.0482114
-0.0283080
-0.0520965
-0.0581948
-0.0135486
0.0130876
-0.0330837
0.0216791
-0.0505711
0.0207732
0.0175187
-0.0334843
0.0197346
-0.0144576
0.0307570
-0.0036191
0.0334413
0.0512571
0.0554966
-0.0518541
-0.0568797
-0.0105892
0.0122933
0.0176354
-0.0070480
0.0621922
-0.0014561
-0.0585465
0.0109822
0.0506226
0.0656648
0.0748446
-0.0338243
0.0409686
-0.0496795
0.0413735
-0.0559734
0.0120769
-0.0599169
-0.0304641
0.0166922
-0.0321171
-0.0324444
-0.0347948
0.0448791
0.0604080
0.0319104
0.0624143
0.0952113
0.0183832
0.0429718
-0.0312894
-0.0176215
-0.0344199
-0.0018799
-0.0709300
-0.1327716
-0.1079234
-0.1233142
-0.1018971
0.1540464
0.1474369
0.2292876
0.1400868
-0.0921904
-0.2133944
-0.1306271
-0.1302152
-0.0870132
0.0355531
-0.0364819
-0.0170003
-0.0384240
0.0984375
0.0207298
0.0052726
-0.0438712
-0.0334312
0.0065279
-0.0488622
-0.0774692
-0.0618136
-0.0086746
-0.0227884
-0.0821427
-0.0140025
0.0041607
0.0424102
0.0456165
-0.0444019
0.0151652
-0.0617955
-0.0139037
-0.0079955
-0.0680003
0.0136395
-0.0041669
0.0429803
-0.0264503
-0.0286777
-0.0496519
-0.0016233
-0.0698715
-0.0109130
-0.0457844
-0.0645085
-0.0116970
0.0231956
-0.0289428
-0.0281466
0.0294040
-0.0555565
-0.0239461
0.0297919
0.0491804
-0.0416686
0.0401487
-0.0657411
0.0467483
0.0078465
0.0243048
0.0287872
-0.0153733
-0.0684634
-0.0546381
-0.0366955
0.0626207
0.0686701
-0.0414803
0.0105695
-0.0213282
-0.0732512
0.0687278
-0.0415418
0.0598792
0.0345901
0.0434086
0.0436982
-0.0096494
0.0228985
-0.0554970
-0.0451585
0.0012965
-0.0135696
0.0274106
-0.0094150
-0.0375263
-0.0616216
-0.0048065
0.0163387
0.0373096
0.0118924
0.0139261
-0.0360059
0.0534009
0.0605982
0.0076301
-0.0166501
-0.0462277
0.0628604
0.0046245
-0.0202042
0.0324604
-0.0504007
-0.0073926
-0.0078325
0.0649813
-0.0559776
-0.0431282
-0.0116370
0.0361249
-0.0056479
0.0114796
-0.0747891
0.0121954
0.0076305
-0.0191547
0.0525661
0.0081640
-0.0197481
0.0603462
0.0083031
0.0416960
0.0020130
0.0154618
0.0716243
-0.0465466
0.0096219
-0.0214817
0.0585034
-0.0181653
-0.0173680
-0.0073356
-0.0850313
0.0217453
-0.0438647
0.0319496
0.0281751
0.0055596
0.0929515
0.0539800
-0.0058581
0.0751073
-0.0102748
-0.0694436
-0.0074002
-0.0803889
-0.0840419
-0.1542530
-0.1161785
-0.0558807
-0.0044744
0.1899686
0.3478646
0.2581100
0.0285442
-0.0823666
-0.2301339
-0.1875850
-0.1233546
0.0297088
-0.0067392
0.0655889
-0.0433213
0.0202567
0.1191514
-0.0106483
0.0818618
0.0471691
0.0461528
0.0509841
-0.0378484
-0.0687147
0.0110296
-0.0164307
0.0071027
0.0029428
0.0630342
0.0469981
-0.0073400
0.0099265
-0.0453772
-0.0223525
0.0593672
-0.0331932
-0.0506063
0.0533997
0.0056074
-0.0590760
0.0463965
0.0128262
-0.0673120
-0.0381954
-0.0210525
0.0414354
-0.0680237
0.0566400
-0.0489096
0.0392000
0.0458871
0.0121331
-0.0026130
-0.0369391
-0.0243542
0.0218230
0.0250317
-0.0477143
-0.0230834
0.0578497
0.0271809
0.0094972
-0.0694193
0.0433192
0.0456686
-0.0017770
0.0379367
-0.0127876
-0.0323099
0.0657334
-0.0298269
0.0498258
-0.0485083
0.0332328
0.0565985
0.0171715
-0.0351424
-0.0303417
0.0603347
0.0294896
0.0638518
-0.0526492
0.0221655
0.0214391
0.0341324
-0.0448569
0.0269318
0.0258296
0.0722573
0.0609445
0.0659795
-0.0364017
0.0345776
0.0257592
0.0693231
0.0295058
-0.0318146
0.0260329
-0.0318278
0.0630781
0.0276289
0.0677117
0.0173147
-0.0387158
0.0358636
0.0488604
0.0379643
0.0660832
-0.0179037
-0.0415511
-0.0692829
0.0667875
0.0066199
-0.0492019
0.0488241
-0.0293730
-0.0571669
0.0657711
-0.0003153
-0.0403708
0.0284722
-0.0539156
0.0774793
-0.0030080
-0.0003250
-0.0215690
0.0590785
0.0315482
-0.0776307
0.0218204
0.0352620
-0.0289552
-0.0919704
-0.0248765
-0.0424064
-0.0624206
0.0814062
-0.0317735
0.0674179
-0.0101328
0.1194686
0.0351418
-0.0102667
-0.0523286
-0.0147424
-0.0997753
-0.0946208
-0.2161308
-0.2432748
-0.1040201
0.0666344
0.2380479
0.4567185
0.3713335
0.0899213
-0.2433067
-0.2871312
-0.2920434
-0.0391308
-0.0070376
0.0153046
-0.0501190
0.0128210
0.0621785
0.1392400
0.0813191
0.0559394
-0.0358701
-0.0168396
0.0565061
0.0303136
0.0039074
0.0025539
-0.0827372
-0.0710414
-0.0272633
0.0434372
0.0052002
0.0057492
0.0236397
0.0581982
0.0062815
-0.0117610
-0.0533664
-0.0093961
0.0496433
0.0390497
-0.0353499
-0.0784255
0.0103797
0.0044162
-0.0109551
0.0611661
0.0275188
-0.0558487
0.0126946
-0.0004895
0.0747858
-0.0048205
0.0337754
0.0329653
-0.0046645
-0.0012021
-0.0578345
-0.0545704
0.0289408
0.0654268
-0.0429505
0.0425609
-0.0209890
0.0241734
0.0258919
0.0697662
-0.0550403
0.0396935
0.0063343
-0.0431821
-0.0674149
0.0290788
0.0105330
-0.0096928
0.0737578
0.0396873
-0.0679209
-0.0056844
-0.0371167
-0.0643035
0.0436697
0.0268467
0.0035513
0.0041783
0.0544485
0.0228844
-0.0478895
-0.0076846
0.0087750
0.0597068
0.0219984
-0.0298411
-0.0397058
-0.0176838
0.0620099
-0.0419514
-0.0305000
-0.0480294
-0.0481480
0.0675551
0.0033714
0.0058134
0.0373106
-0.0294484
0.0641451
0.0003697
0.0382134
0.0025541
0.0156042
0.0593799
-0.0111197
-0.0297433
-0.0045854
0.0342268
0.0079587
0.0493525
-0.0539113
-0.0080684
-0.0758535
-0.0258386
-0.0048059
0.0627929
-0.0211092
0.0036208
-0.0085191
-0.0197422
-0.0436441
-0.0528024
-0.0416745
-0.0326252
-0.0580464
-0.0539714
-0.0840019
-0.0763169
-0.0924783
0.0100672
-0.0279233
-0.0749109
-0.0344206
-0.0118487
0.0294149
0.0074723
0.1302632
0.0233802
0.0350139
0.0921753
0.0079704
-0.0842928
-0.0343598
-0.0709157
-0.2492970
-0.2783116
-0.1283309
-0.0000535
0.2311702
0.5253743
0.3667060
0.2137193
-0.2093476
-0.3256791
-0.2145213
-0.1883775
-0.0609864
-0.0439252
-0.0726484
0.0007965
-0.0066543
0.0236186
0.1156570
0.0136624
0.0416377
0.0511954
-0.0682139
0.0508583
0.0308049
-0.0300588
-0.0824737
-0.0565859
-0.0108058
0.0402245
0.0604597
0.0311512
0.0696978
-0.0185073
0.0592838
-0.0307567
-0.0131964
0.0575367
-0.0324759
-0.0198215
-0.0375971
-0.0188337
-0.0338992
-0.0653186
0.0309931
-0.0365653
0.0401471
-0.0635730
0.0021740
-0.0319067
0.0438902
-0.0473802
-0.0507265
0.0364106
0.0701434
0.0071659
0.0346985
-0.0201408
-0.0348609
-0.0020012
0.0393100
-0.0670742
0.0414228
0.0655073
0.0255916
-0.0543897
0.0365651
0.0400730
0.0297774
0.0360004
-0.0313232
-0.0499052
0.0454923
0.0245112
0.0327832
-0.0616504
0.0417866
-0.0260998
0.0523289
0.0302263
-0.0035214
0.0572213
0.0336532
-0.0005527
0.0213567
-0.0713829
0.0438535
-0.0620749
0.0028845
0.0061508
0.0640374
0.0213963
0.0481773
0.0100685
0.0411198
0.0066937
-0.0054878
-0.0183633
0.0278312
-0.0361666
0.0255302
0.0593733
-0.0160333
0.0011145
0.0027136
0.0354065
-0.0234526
0.0315818
-0.0107618
0.0233766
-0.0060802
-0.0400250
-0.0173098
-0.0221656
-0.0603584
-0.0324717
0.0004029
-0.0230602
-0.0130593
-0.0235571
-0.0210073
-0.0477578
0.0519262
-0.0147440
0.0649874
-0.0435667
0.0432122
0.0621694
-0.0126290
-0.0109104
-0.0237946
-0.0179079
-0.0462193
-0.0858643
-0.0095585
-0.0510085
-0.0939366
0.0327090
0.0145067
0.0398439
0.0179906
0.0347487
0.0095951
0.0080186
0.0225200
0.0068772
0.0127959
0.0136411
-0.0811800
-0.1540940
-0.1498818
-0.1397154
-0.1674735
-0.0904922
0.1267681
0.4454916
0.4158444
0.2197072
-0.1252721
-0.3426686
-0.2795619
-0.2149262
-0.0805314
-0.0224529
-0.0677014
-0.0160607
0.0401534
0.0888235
0.0304038
0.1022135
0.0606820
0.0608348
0.0691205
0.0141841
-0.0868408
-0.0152164
0.0011221
-0.0144772
-0.0731757
-0.0072146
0.0559327
0.0199158
-0.0487827
-0.0013132
0.0434282
0.0616706
-0.0176753
0.0550314
0.0256352
-0.0470819
0.0564107
-0.0182567
0.0162550
0.0056052
-0.0597347
-0.0683041
0.0447358
-0.0283133
-0.0160020
-0.0655985
0.0645865
0.0304970
-0.0536987
0.0548549
0.0541138
0.0021479
0.0290855
-0.0167477
0.0439514
0.0257583
-0.0190617
-0.0602920
-0.0073543
-0.0040458
0.0573173
0.0446262
0.0460726
-0.0352567
-0.0236684
-0.0250757
0.0137044
-0.0216885
0.0068152
-0.0613726
0.0749594
0.0331168
-0.0590699
0.0588882
-0.0702812
0.0096385
0.0089513
0.0623743
-0.0440351
0.0014136
-0.0301551
0.0196989
-0.0412846
