0.0152772
0.0274140
-0.0229922
0.0162904
0.0586594
-0.0020442
-0.0682136
-0.0534617
0.0035270
-0.0516858
0.0081680
0.0532237
0.0282550
0.0587488
-0.0360520
0.0550088
0.0431096
0.0216887
0.0661496
0.0564593
-0.0053142
-0.0477463
-0.0419132
0.0598965
0.0287487
-0.0436765
-0.0477602
-0.0132645
-0.0221188
0.0039371
0.0569751
-0.0561319
-0.0546564
-0.0102012
0.0538085
0.0356383
0.0096143
-0.0432891
0.0065708
0.0035257
0.0434725
0.0278567
0.0430455
0.0465529
0.0342104
0.0068722
0.0565715
0.0395965
-0.0337996
0.0545620
0.0543260
0.0426370
-0.0250957
-0.0149068
-0.0731096
-0.0581002
0.0139519
0.0061878
-0.0373537
-0.0203950
-0.0541455
-0.0251022
-0.0514299
0.0427948
-0.0489570
0.0600719
0.0340798
-0.0128054
-0.0004152
0.0214332
0.0160530
0.0576647
-0.0370662
-0.0140095
0.0312912
-0.0164577
0.0520948
0.0780301
0.0321716
-0.0563749
-0.0533303
-0.0222829
0.0496471
0.0524158
-0.0124479
0.0354239
-0.0220485
0.0103387
-0.0534232
-0.0322525
-0.0730492
-0.0085113
-0.0454785
-0.0311212
-0.0389593
0.0909958
0.0372731
0.0170999
0.0236136
-0.0324104
-0.0217463
-0.0249655
-0.1207725
-0.1236104
-0.1261021
0.0142119
0.0042870
0.1575637
0.2847188
0.2161977
0.0531997
-0.1194159
-0.1787195
-0.1833693
0.0244197
-0.0333181
-0.0506069
0.0614959
0.0722425
0.0078309
0.0276367
0.0202518
-0.0333697
-0.0429444
-0.0503608
-0.0392335
-0.0535229
-0.0089247
-0.0216774
-0.0380898
0.0305484
0.0379713
0.0483218
-0.0224454
-0.0513989
0.0533967
-0.0014097
0.0438780
0.0212800
0.0117114
0.0255298
0.0680065
0.0483774
0.0400098
-0.0039641
-0.0503236
-0.0687873
-0.0095561
0.0557202
-0.0674920
0.0606947
0.0102723
0.0423721
0.0153836
0.0434542
0.0634203
0.0243897
0.0604560
0.0060160
-0.0498812
0.0267991
0.0162778
-0.0533080
-0.0599841
-0.0517095
0.0436970
-0.0662210
-0.0023884
0.0731321
-0.0255119
-0.0522024
0.0361564
0.0075201
0.0109767
0.0694584
-0.0585845
-0.0469213
-0.0155579
-0.0269584
-0.0671182
-0.0355926
0.0598729
-0.0305101
-0.0694495
-0.0457835
0.0008497
-0.0661703
-0.0303116
0.0599879
-0.0376553
-0.0589419
-0.0610555
-0.0543205
-0.0546012
0.0622931
0.0059940
0.0663297
-0.0680153
0.0541828
-0.0592190
-0.0180765
0.0621789
0.0071226
0.0085631
-0.0599134
-0.0581082
0.0060995
0.0512476
-0.0189838
0.0091116
0.0688461
0.0620080
-0.0657474
-0.0461681
0.0191024
-0.0700125
-0.0637420
0.0331894
-0.0423436
0.0050986
-0.0471251
-0.0383391
0.0691255
-0.0543084
0.0231105
0.0486052
0.0806019
-0.0218577
-0.0385434
-0.0121481
-0.0402592
0.0175062
-0.0207646
0.0154265
-0.0256484
-0.0757262
0.0389803
0.0086091
-0.0287987
-0.0035152
-0.0245552
-0.0245649
0.0650975
-0.0085227
0.0485563
-0.0064547
0.0835573
-0.0646285
-0.0597562
-0.1105691
-0.0846287
-0.1792257
-0.1668586
-0.0978963
0.2040966
0.2456547
0.3276832
0.2072603
-0.0695970
-0.2012951
-0.2757941
-0.1237598
0.0126049
0.0267172
-0.0163653
-0.0437016
-0.0095857
-0.0085420
0.0585443
0.0320398
0.0286475
-0.0349615
-0.0239227
-0.0418520
-0.0386471
-0.0473421
-0.0080250
0.0278142
0.0443390
0.0510736
0.0507919
0.0226776
0.0623424
-0.0213820
0.0596514
-0.0024045
-0.0004087
0.0111266
-0.0052563
0.0003441
-0.0556789
-0.0055466
-0.0366361
-0.0112056
-0.0352932
-0.0047799
-0.0522619
0.0076787
-0.0501473
-0.0656895
0.0175335
0.0188010
-0.0358657
-0.0484698
0.0646642
-0.0590504
-0.0536224
-0.0414591
-0.0300640
0.0387378
-0.0148319
0.0323495
-0.0113150
0.0294675
-0.0482272
0.0396900
0.0018222
0.0029331
-0.0133572
0.0022886
-0.0411169
-0.0169014
-0.0688436
0.0559281
-0.0440907
-0.0084777
0.0233390
0.0469455
0.0253522
0.0601447
0.0521767
0.0596678
-0.0716325
0.0644473
-0.0233097
-0.0038901
0.0654919
0.0275586
0.0354349
-0.0094467
-0.0482786
-0.0218964
0.0120209
-0.0180062
0.0401639
-0.0369409
-0.0024922
-0.0050193
0.0376042
0.0210526
-0.0352960
-0.0176761
-0.0414951
0.0010804
-0.0223594
-0.0403432
0.0270973
0.0082423
0.0015060
0.0353415
-0.0611297
0.0230539
-0.0228997
0.0516851
0.0615691
0.0348312
-0.0791006
-0.0125815
0.0212841
-0.0601520
-0.0320024
0.0578765
-0.0031280
0.0272628
0.0371953
0.0152505
-0.0175645
-0.0033715
0.0223496
0.0838372
0.0734092
0.0615157
0.0366020
0.0224147
-0.0359862
-0.0364046
-0.0650694
0.0032403
-0.0608815
0.0638821
-0.0270283
0.1098647
0.0240721
0.0593415
0.0492011
0.0201716
0.0845608
-0.0492571
-0.0421394
-0.1054157
-0.1860804
-0.1614012
-0.1967603
-0.0860518
0.0232711
0.2775941
0.4163136
0.2894315
0.0143999
-0.2778087
-0.3724365
-0.2866171
-0.0743410
0.0333355
0.0064258
0.0241089
0.0608090
0.1107548
0.0201279
0.0000331
0.0022766
0.0674274
-0.0152969
-0.0491277
0.0206519
-0.0486322
-0.0504479
0.0110572
0.0028054
-0.0471660
0.0391970
0.0370026
0.0164290
-0.0388988
0.0106130
0.0496667
0.0717004
0.0003805
0.0743495
-0.0208326
0.0617691
-0.0174929
0.0203451
0.0195358
-0.0486902
0.0593709
0.0500368
0.0295113
0.0313738
0.0329946
0.0264380
-0.0386730
-0.0070324
-0.0513132
0.0588801
-0.0432475
0.0686777
-0.0559439
0.0507311
0.0375039
-0.0073786
-0.0394822
-0.0413021
0.0100978
-0.0332247
-0.0195803
-0.0294763
-0.0212307
0.0640917
-0.0486485
0.0013571
0.0181255
0.0592037
0.0375503
0.0353278
-0.0100897
-0.0439483
0.0286312
0.0334288
0.0159743
-0.0625787
0.0524279
0.0409013
-0.0249756
-0.0544294
-0.0135688
0.0000470
-0.0351192
0.0218010
-0.0549405
0.0050731
-0.0693908
0.0046286
-0.0506000
-0.0189536
-0.0291094
-0.0321429
0.0005219
-0.0067440
-0.0307111
-0.0215062
0.0236643
0.0067246
0.0404225
0.0307842
-0.0436863
0.0376022
0.0176334
0.0647385
0.0397167
-0.0092027
-0.0423103
0.0032441
0.0024476
0.0091308
-0.0477252
0.0215193
-0.0592050
0.0567392
0.0326810
0.0036621
-0.0465350
-0.0173530
-0.0316221
-0.0307143
0.0671572
0.0670983
0.0322158
-0.0081320
-0.0354427
0.0475323
0.0692091
0.0007944
-0.0188427
-0.0275470
0.0399922
-0.0201589
-0.0120006
-0.0133225
-0.0860871
0.0378645
-0.0154794
0.0918634
0.0890905
0.0692518
0.0926700
0.1227450
0.0498693
-0.0593693
0.0034372
-0.1110266
-0.1259387
-0.2492281
-0.1866180
-0.1772466
0.0751386
0.2955383
0.4427836
0.4010585
0.0900135
-0.1228563
-0.3248017
-0.1839321
-0.1714327
-0.0318602
0.0520111
0.0574239
0.0437622
0.0102277
0.0817370
0.1087776
0.0960624
0.0546816
0.0307222
0.0223637
-0.0116924
0.0411695
0.0029037
0.0220678
-0.0273276
-0.0883707
-0.0292247
-0.0418645
-0.0452640
0.0271729
-0.0158369
-0.0293870
0.0202253
0.0562783
0.0219637
-0.0295635
-0.0326637
-0.0164059
-0.0695620
0.0512107
-0.0652534
-0.0438776
-0.0606345
0.0558031
-0.0049571
0.0002916
0.0275714
-0.0048918
0.0147445
0.0007915
0.0352852
-0.0216263
-0.0408957
0.0166795
0.0656052
0.0080851
0.0640353
-0.0167043
-0.0211041
-0.0514952
-0.0581638
-0.0656997
-0.0284253
0.0497790
0.0255313
-0.0627558
0.0537028
0.0419221
0.0621975
0.0267498
0.0707306
0.0330077
-0.0195845
0.0683540
0.0083485
-0.0095722
-0.0318369
0.0229200
-0.0509644
0.0471047
0.0493853
-0.0174095
0.0423627
-0.0357942
0.0491038
0.0062982
-0.0011025
-0.0079545
-0.0676830
0.0476954
-0.0015531
0.0100783
0.0373873
-0.0380259
0.0083784
-0.0375872
0.0008706
-0.0663924
-0.0472240
-0.0736284
-0.0745026
0.0148339
-0.0208389
-0.0576352
0.0344060
-0.0389555
0.0363719
0.0398552
-0.0413790
-0.0418573
-0.0493493
-0.0381089
-0.0246510
-0.0618678
-0.0222151
-0.0096569
-0.0080536
0.0579980
-0.0006322
-0.0070489
0.0475899
-0.0670229
-0.0501736
0.0753364
0.0542304
0.0658768
0.0675483
0.0258294
-0.0149506
-0.0393336
0.0407596
-0.0621881
-0.0788375
-0.0441494
-0.0630752
-0.0153841
-0.0414426
0.0504494
0.0589614
0.0132977
0.0385252
0.1236521
0.0609017
0.0624380
0.0379084
0.0669336
-0.0684050
-0.1544628
-0.0703684
-0.1808702
-0.1447798
-0.1724359
0.0712526
0.3266248
0.4477759
0.3053214
0.0821763
-0.2368056
-0.3498439
-0.2450843
-0.1276261
0.0255805
-0.0418455
-0.0208905
0.0792091
0.1005055
0.0819210
0.0086629
-0.0019038
0.0447471
0.0690232
-0.0360903
0.0047260
-0.0136381
-0.0429326
-0.0197956
-0.0719296
0.0339742
0.0595093
0.0563245
-0.0258935
0.0756521
0.0042427
-0.0149210
0.0709406
-0.0422195
0.0771466
-0.0431042
0.0480742
0.0364493
0.0089886
-0.0550558
-0.0266904
0.0655587
0.0528815
-0.0499681
0.0156858
-0.0225124
0.0194304
0.0329303
0.0440124
-0.0601398
0.0098844
-0.0636693
0.0683884
0.0659232
-0.0120103
0.0240217
0.0594790
0.0223207
-0.0417118
-0.0600499
-0.0170283
-0.0670757
0.0629395
0.0468062
0.0603965
0.0554691
0.0460424
-0.0209950
0.0307197
-0.0134480
-0.0101698
-0.0506927
0.0526575
0.0177973
0.0531637
0.0577215
-0.0230023
-0.0231155
0.0647881
0.0242031
-0.0005132
0.0609677
0.0550330
0.0599998
-0.0118193
-0.0271367
-0.0332662
0.0186960
0.0072117
0.0651271
-0.0272448
0.0063174
0.0433173
-0.0435271
0.0083211
0.0657523
-0.0633524
0.0627404
-0.0070220
0.0313727
0.0052951
-0.0605150
0.0226563
-0.0319240
0.0618165
-0.0044054
0.0586623
0.0205217
0.0366009
-0.0109887
-0.0472623
-0.0626578
0.0197875
-0.0734711
-0.0351752
0.0277716
-0.0581983
0.0058164
0.0415047
0.0684625
0.0342391
-0.0038109
0.0725639
0.0122715
0.0070578
-0.0086889
0.0634525
0.0628775
-0.0399816
0.0130606
-0.0323101
0.0261441
0.0380427
-0.0616915
0.0480377
-0.0825201
0.0014306
-0.0218549
0.0760282
0.0727909
0.0653239
-0.0215436
0.0949543
0.0822965
-0.0391555
0.0383171
0.0197164
-0.0218042
-0.0418871
-0.1323498
-0.1517243
0.0110841
0.0703237
0.2443920
0.2120306
0.1941131
-0.0514718
-0.1813824
-0.1049325
-0.0775699
0.0033920
-0.0479110
0.0056504
0.0192600
0.0462838
0.0621018
-0.0232992
0.0337567
0.0499159
-0.0294969
-0.0609968
-0.0768140
0.0046385
0.0489516
-0.0448707
-0.0509777
0.0468722
-0.0026782
-0.0102528
0.0263778
-0.0325846
0.0639379
-0.0246685
0.0209307
0.0689136
0.0355683
0.0299576
-0.0567049
-0.0571336
0.0493330
-0.0243010
0.0649627
0.0051314
-0.0476468
0.0658482
-0.0478798
-0.0505726
0.0561630
0.0684724
-0.0523718
-0.0699060
0.0053650
-0.0214297
0.0675405
0.0666874
-0.0163275
-0.0129827
0.0543457
-0.0383019
0.0274081
-0.0081195
-0.0215788
0.0305069
-0.0555124
-0.0430001
0.0236523
0.0529212
-0.0425511
-0.0463651
0.0606806
0.0504521
-0.0242986
0.0331597
-0.0488548
0.0638467
0.0064579
0.0321497
0.0226719
-0.0021671
-0.0526149
-0.0619312
-0.0518571
-0.0537449
0.0270037
0.0722035
-0.0328751
-0.0074240
-0.0041978
0.0081429
-0.0609117
0.0309466
0.0081561
0.0409069
0.0178180
-0.0021825
-0.0350838
-0.0290595
0.0657047
-0.0009091
-0.0564345
-0.0245194
-0.0703515
0.0317795
-0.0461312
-0.0401019
0.0246657
0.0179961
-0.0313564
0.0132330
0.0402254
-0.0091063
0.0320299
0.0363323
0.0187878
-0.0489763
0.0427197
-0.0606489
-0.0453710
0.0019255
-0.0397262
0.0087584
0.0615277
0.0207954
0.0476591
-0.0148810
0.0526173
0.0074843
-0.0396822
0.0093423
0.0052217
0.0360731
0.0375930
-0.0293828
-0.0083434
-0.0024065
0.0289358
0.0258770
0.0215297
-0.0042270
-0.0173229
-0.0300899
0.0131827
0.0427354
0.0346576
0.0762774
0.0672889
-0.0736879
-0.0368695
-0.0826920
-0.1045949
-0.1112586
-0.1142175
-0.0525821
0.1062304
0.2731554
0.1857504
0.0331433
-0.0624966
-0.0979166
-0.1837562
-0.0715790
-0.0768293
0.0441944
-0.0024461
0.0390273
0.0013735
0.1016357
0.0333514
0.0898129
0.0146229
0.0455032
0.0353067
-0.0194705
-0.0880191
0.0042768
-0.0187933
0.0183852
-0.0453583
-0.0604414
0.0035735
-0.0257331
0.0447473
0.0591830
0.0635577
0.0199136
0.0113088
-0.0112627
-0.0438922
0.0204802
-0.0462227
-0.0345037
0.0456389
0.0526793
0.0385153
-0.0425103
0.0706305
0.0702288
-0.0677842
-0.0005786
-0.0359847
-0.0188057
0.0479012
0.0444112
-0.0553500
-0.0391553
0.0414881
0.0119414
0.0498083
-0.0436734
0.0547676
0.0542963
-0.0695772
-0.0373911
-0.0144223
0.0111482
-0.0384526
0.0436270
0.0327632
-0.0072982
0.0311223
0.0598009
-0.0329645
-0.0139730
0.0700687
-0.0567250
0.0557121
0.0204418
0.0485999
0.0301351
0.0616840
-0.0212373
-0.0614502
0.0537720
0.0534565
0.0405520
-0.0260669
-0.0628027
-0.0226659
-0.0250762
0.0336883
-0.0380204
0.0183793
-0.0026219
-0.0322632
0.0443641
-0.0523996
0.0322181
-0.0400898
0.0049321
-0.0430143
-0.0528697
-0.0143838
0.0117458
-0.0004200
0.0531956
-0.0628544
-0.0007469
0.0556374
0.0620517
0.0279622
0.0585657
-0.0321522
-0.0609036
0.0613604
-0.0050937
-0.0594066
-0.0570355
0.0467400
0.0080491
0.0679205
0.0441826
-0.0029307
-0.0070654
0.0119791
0.0767737
0.0616109
0.0506897
0.0314574
0.0679806
-0.0410863
0.0395913
-0.0571791
0.0556310
0.0386060
-0.0459530
-0.0176140
-0.0583631
0.0402737
0.0481213
0.0245839
-0.0206375
0.0526190
0.0753559
0.0967736
-0.0255844
-0.0973471
-0.1035608
-0.0162431
-0.0713760
-0.1904092
-0.0517022
0.0996676
0.2414118
0.3009463
0.2470087
-0.0181308
-0.1556471
-0.1586208
-0.0925824
-0.0775601
-0.0404257
-0.0183916
0.0102333
0.0674696
0.0715486
0.0770706
0.0612397
0.0588510
-0.0202841
0.0090566
-0.0356342
-0.0530049
-0.0624388
0.0063109
0.0368546
0.0478326
0.0376279
-0.0733381
0.0225036
0.0619805
-0.0169574
-0.0117853
0.0512557
0.0755356
-0.0156877
0.0396118
0.0637701
0.0594440
-0.0475636
-0.0130362
0.0506533
0.0648460
-0.0164342
-0.0514793
-0.0097467
-0.0531831
-0.0421481
-0.0457666
-0.0187173
0.0258665
-0.0101931
0.0722126
-0.0375396
0.0684820
0.0013985
0.0240112
0.0522361
-0.0669785
-0.0081996
-0.0627747
0.0091557
-0.0701700
0.0279074
0.0373897
0.0355061
0.0434948
-0.0055230
0.0002644
-0.0229561
-0.0019873
0.0451090
0.0036984
0.0295031
-0.0182697
-0.0033432
0.0667853
-0.0584832
-0.0220613
0.0319456
0.0528775
0.0121023
-0.0528510
0.0437413
-0.0254992
0.0159393
-0.0228288
-0.0028637
0.0135673
0.0474895
-0.0368767
0.0681686
-0.0396213
0.0306013
