0.0671544
-0.0232812
0.0568060
-0.0457858
-0.0287012
0.0206337
-0.0335350
-0.0638259
-0.0242958
-0.0034607
0.0186917
-0.0061086
-0.0361261
-0.0636048
0.0208613
0.0613561
-0.0638304
-0.0146106
-0.0160521
-0.0144638
-0.0570385
0.0360787
-0.0460304
0.0195192
0.0658507
-0.0544047
-0.0103526
-0.0300828
0.0209600
0.0673019
-0.0337472
-0.0596159
0.0150677
0.0230259
0.0412942
-0.0518323
0.0203622
-0.0156357
0.0028507
0.0376298
0.0648911
-0.0619136
-0.0650915
-0.0658806
0.0194953
-0.0083902
-0.0589918
0.0001689
-0.0043579
-0.0381289
-0.0617732
-0.0179186
-0.0237051
0.0494858
0.0029329
-0.0305570
0.0125870
-0.0082770
-0.0385290
-0.0272879
0.0406006
0.0102264
-0.0438784
0.0106486
0.0461801
0.0371721
0.0015197
0.0597438
0.0424629
-0.0477488
-0.0490542
-0.0504412
0.0103115
0.0489492
-0.0126360
0.0037533
0.0009975
-0.0632057
-0.0030883
-0.0500824
-0.0320013
-0.0549066
0.0719272
0.0657909
0.0174355
-0.0049188
0.0597913
-0.0147954
-0.0461646
-0.0374320
-0.0725834
-0.0828471
0.0404819
-0.0148843
0.0658913
-0.0464564
0.0647328
-0.0020194
0.1021958
0.0547293
0.0958116
0.0623444
0.0488252
-0.0168118
-0.1642240
-0.2217800
-0.1869631
-0.2502470
-0.0507467
0.1701613
0.3928388
0.4162122
0.1617158
-0.0685494
-0.2984667
-0.2190056
-0.1345290
-0.0754835
-0.0485003
0.0329138
0.0435069
0.0341069
0.0429640
0.0846955
0.0284566
-0.0142634
0.0471556
-0.0031356
-0.0739597
0.0047792
-0.0799365
0.0370586
-0.0158803
-0.0622775
0.0435721
0.0002542
-0.0245186
-0.0403346
-0.0580229
0.0288726
0.0237897
-0.0250428
-0.0536476
0.0504066
0.0630698
-0.0757372
0.0356369
0.0596665
-0.0424522
0.0140660
0.0607134
0.0207037
0.0343831
0.0580893
0.0520428
0.0209531
-0.0112083
0.0359354
0.0123430
0.0114568
-0.0353131
-0.0396429
-0.0318340
-0.0188516
-0.0060476
0.0207889
0.0491671
-0.0240299
0.0743893
0.0095479
0.0637460
0.0483230
0.0022260
-0.0002242
-0.0307677
-0.0320126
-0.0094676
0.0120385
0.0129974
0.0242358
-0.0615124
0.0344948
-0.0061362
0.0390741
0.0669488
0.0666699
-0.0601454
-0.0419154
0.0602101
-0.0289250
0.0075260
-0.0145080
0.0030362
0.0048191
-0.0410377
0.0433264
0.0466545
-0.0310934
-0.0584697
0.0575512
-0.0154296
-0.0551667
-0.0710404
0.0187007
-0.0385552
-0.0203942
0.0667552
-0.0291486
-0.0392329
-0.0670237
0.0249744
0.0459940
0.0486334
-0.0429306
0.0653543
-0.0444943
0.0425079
0.0393242
0.0312904
-0.0299484
-0.0241397
-0.0479985
-0.0807772
-0.0012699
0.0124497
-0.0357365
0.0571986
0.0335900
0.0176988
0.0852352
0.0315368
-0.0304044
0.0274225
0.0703764
-0.0423470
-0.0568789
-0.0435772
-0.0706249
-0.0381077
-0.0627784
-0.0766706
-0.0529143
-0.0517568
0.0483939
0.0796476
0.1232916
0.0113361
0.0401111
0.0299569
-0.0071659
-0.0079364
-0.1176174
-0.0993331
-0.2161434
-0.1682583
-0.2167907
-0.1135249
0.1630368
0.4484528
0.4112330
0.2163190
-0.0912919
-0.2659619
-0.3539775
-0.1763880
-0.0277642
-0.0062632
-0.0606027
0.0266168
0.1040220
0.0179818
0.1212611
0.0705244
0.0781209
-0.0159197
0.0638242
-0.0756769
-0.0701858
-0.0530118
0.0219034
-0.0850630
-0.0176508
-0.0271498
0.0057892
0.0366490
-0.0220605
-0.0235864
0.0532532
0.0437000
-0.0020067
0.0632376
0.0091798
0.0300889
-0.0043465
0.0360570
-0.0135337
0.0081304
-0.0490795
-0.0214373
0.0630294
-0.0108843
0.0292578
-0.0192342
0.0380357
0.0025389
-0.0006455
-0.0312152
-0.0121583
0.0641471
0.0105667
-0.0020105
0.0349686
0.0521957
-0.0314117
-0.0400564
0.0102788
0.0705330
0.0240413
0.0053093
0.0637131
0.0184933
-0.0257188
-0.0484311
-0.0315283
-0.0389469
0.0108041
-0.0878499
0.0093076
0.0331589
0.0327677
-0.0177851
-0.0381820
0.0216829
0.0296430
0.0237748
0.0966684
0.0413458
0.0258267
-0.0301100
-0.0231922
-0.0612769
-0.0394463
-0.1144042
-0.0664394
-0.0539668
-0.0225112
0.0826873
-0.0136244
0.1074497
0.0836430
0.0706940
0.0750956
0.0825465
-0.0122611
-0.0941336
-0.0476950
-0.2231213
-0.2473243
-0.3607638
-0.3311070
-0.1032132
0.2745008
0.7067814
0.7868330
0.4025369
-0.1274235
-0.3966524
-0.5014228
-0.2708559
-0.1754016
-0.0071328
-0.0406926
0.0709824
0.0709541
0.1665108
0.0659323
0.1558477
0.0779649
0.0414713
-0.0134064
-0.0223686
-0.0462538
-0.0743792
-0.0852033
-0.0970326
0.0081533
0.0275992
0.0524494
-0.0372804
0.0839549
-0.0191428
-0.0373263
-0.0237885
0.0951222
-0.0211728
0.0579486
0.0321612
-0.0255026
-0.0448642
0.0018002
0.0213724
-0.0492607
0.0544967
0.0293428
-0.0429746
0.0020608
0.0690678
0.0151946
0.0002161
-0.0550016
0.0731505
-0.0182199
0.0340544
-0.0143322
-0.0687922
0.0256219
-0.0077074
0.0160112
0.0611867
-0.0175393
-0.0528902
0.0072643
0.0693713
-0.0198732
0.0761992
-0.0015541
-0.0036833
0.0435451
0.0257909
-0.0088323
0.0214415
0.0486430
0.0040509
-0.0139745
-0.0220562
0.0668410
0.0409752
0.0173239
0.0359091
0.0524657
0.0008515
-0.0450886
0.0116904
-0.0064636
0.0133860
-0.0538143
-0.0258784
-0.0175814
-0.0143878
-0.0343220
-0.0637645
-0.0262563
-0.0092990
-0.0277711
-0.0574796
-0.0343410
0.0282242
0.0024430
0.0168912
0.0159560
0.0671230
0.0127892
-0.0580648
0.0362309
0.0072031
0.0139272
0.0027246
-0.0488063
0.0203619
-0.0498182
0.0010758
0.0494509
-0.0663424
0.0635843
-0.0719145
-0.0160023
0.0066566
0.0363196
0.0290407
-0.0127365
0.0019754
-0.0192514
0.0657141
-0.0015561
0.0040040
-0.0535144
-0.0019874
-0.0157758
-0.0003078
0.0482101
0.0495380
-0.0065538
0.0584479
0.0611635
-0.0385790
0.0043740
0.0047262
0.0026730
0.0169014
-0.0584224
0.0016101
-0.0386548
-0.0114667
0.0668384
-0.0246843
0.0154564
0.0595645
-0.0492436
-0.0368372
0.0141260
-0.0568145
-0.0061163
-0.0173113
-0.0234101
0.0040866
0.0095187
0.0349796
-0.0598059
0.0142646
0.0466046
-0.0045146
0.0462395
0.0321161
0.0458006
0.0153306
0.0006448
0.0636827
0.0432574
0.0647074
-0.0473507
-0.0158940
-0.0015013
0.0231656
-0.0169467
0.0013645
-0.0263955
-0.0687048
-0.0208225
-0.0315115
0.0020551
0.0490520
-0.0234788
-0.0760903
-0.0200356
-0.0505169
0.0354557
0.0639919
0.0755543
0.0092482
-0.0262355
0.0143853
0.1017689
-0.0438379
-0.0295461
0.0175669
-0.0396271
-0.0223960
-0.1046443
-0.1541228
-0.1430054
0.0097708
0.1967555
0.2635724
0.2992972
0.0684878
-0.1446187
-0.2334469
-0.1908100
-0.0758809
-0.0371509
0.0654376
-0.0107794
-0.0165300
0.0728741
-0.0062647
-0.0207646
0.0622980
0.0828994
-0.0463474
-0.0508823
0.0052273
0.0336703
0.0465785
-0.0275334
0.0114832
-0.0777940
-0.0065589
0.0663989
-0.0235721
0.0187310
-0.0228324
0.0794225
0.0719439
0.0363884
0.0238937
-0.0647755
-0.0294070
-0.0024825
-0.0564850
0.0371224
-0.0475015
-0.0055942
-0.0123500
-0.0415326
-0.0563148
0.0559303
-0.0511770
-0.0011070
-0.0087809
-0.0443268
0.0459956
-0.0209648
0.0578784
-0.0369598
0.0143602
-0.0176088
-0.0015473
-0.0178418
0.0311978
0.0304778
-0.0491341
0.0536642
-0.0079769
-0.0039577
0.0178375
-0.0596649
-0.0034186
0.0472776
-0.0187712
0.0379265
0.0297473
-0.0635710
0.0564796
0.0258747
0.0171127
-0.0748369
0.0299521
-0.0088529
-0.0140990
0.0679787
-0.0101440
-0.0112955
-0.0390279
0.0415717
-0.0482564
0.0582801
0.0175855
-0.0725060
-0.0741163
0.0207759
-0.0066889
-0.0943281
-0.0317754
0.0081895
0.0056549
0.0214717
0.0331641
-0.0194561
0.0736483
0.0436613
0.0686129
0.0979957
0.1230424
-0.0199251
-0.1004779
-0.0672338
-0.1812869
-0.2767958
-0.3305923
-0.2403833
0.0295897
0.3808907
0.5980917
0.4302701
0.0231810
-0.2285155
-0.2785594
-0.1773707
-0.0894481
-0.0407131
-0.0250245
0.0084705
0.0687924
0.0454863
0.0727596
0.0821817
0.0042463
0.0962718
-0.0398487
0.0717308
-0.0422108
0.0432714
-0.0522057
-0.0490211
0.0081637
-0.0569700
-0.0744670
-0.0037897
-0.0408002
-0.0313088
0.0528211
0.0174354
0.0359033
-0.0498127
-0.0053888
0.0176668
0.0302849
-0.0202286
0.0606215
0.0033541
-0.0664807
-0.0378050
0.0541673
-0.0416195
0.0495343
0.0128150
0.0103308
-0.0497462
0.0678759
0.0150272
-0.0240094
0.0388674
0.0437650
-0.0022148
0.0405325
0.0138852
0.0243477
-0.0626588
-0.0335188
-0.0408630
-0.0362160
-0.0247663
0.0067000
-0.0262581
0.0221463
0.0102143
0.0270644
-0.0446629
-0.0343638
0.0145291
0.0107745
0.0533084
-0.0077372
0.0204898
0.0545957
-0.0282545
-0.0601539
0.0645152
-0.0397298
0.0463066
0.0577604
0.0602600
-0.0392930
-0.0654854
-0.0371775
-0.0407680
0.0463321
0.0003288
0.0398050
0.0279016
0.0651753
0.0321988
-0.0654970
0.0517803
-0.0390554
0.0463213
-0.0636596
-0.0335183
0.0264139
0.0686481
-0.0430676
0.0379588
-0.0473774
0.0396816
0.0404352
-0.0222613
-0.0056669
0.0165106
-0.0010929
0.0473070
-0.0008149
0.0021899
-0.0666335
-0.0388491
0.0392565
-0.0664148
-0.0177901
-0.0275546
0.0097345
-0.0584629
-0.0262653
-0.0723628
-0.0563081
0.0119943
-0.0015530
0.0176275
0.0369721
-0.0643959
0.0460864
-0.0634595
0.0386969
0.0219319
0.0478398
0.0393199
-0.0063829
0.0576231
0.0371451
0.0191337
0.0425417
-0.0062559
-0.0228414
0.0013522
-0.0297751
0.0234074
0.0465172
0.0434225
0.0702734
-0.0116481
0.0528725
0.0118389
0.0286210
0.0071672
0.0108580
-0.0658007
-0.0068387
-0.0194144
-0.0390797
-0.0077073
0.0190771
-0.0055956
-0.0371533
0.0381927
0.0447939
0.0782551
-0.0204026
-0.0560749
0.0383885
-0.0177030
-0.0649001
0.0514675
-0.0239060
-0.0252643
-0.0133429
0.0072644
-0.0496195
-0.0664168
-0.0140948
0.0018345
0.0871842
0.0464098
0.0653197
0.0214066
0.0669066
0.0318189
0.0059371
-0.0244014
-0.0754076
-0.1285511
-0.0538600
-0.0832137
0.0184505
0.0631477
0.2718701
0.2881011
0.0745419
-0.1574234
-0.1550078
-0.1339429
-0.1088580
0.0498141
-0.0654754
0.0290382
-0.0457314
0.0981964
-0.0171152
0.0152855
0.0700862
0.0154936
0.0135065
0.0445163
-0.0426965
-0.0525851
-0.0618694
0.0161865
0.0356280
0.0515513
-0.0207254
0.0272995
0.0502841
-0.0633369
0.0058380
0.0234144
0.0177702
-0.0396723
0.0459050
0.0742871
0.0155760
-0.0420538
0.0554818
0.0014129
0.0608317
-0.0685278
0.0134792
-0.0006326
0.0064509
-0.0557459
-0.0369093
-0.0511140
-0.0181978
0.0437636
0.0492659
0.0228720
0.0188772
0.0710044
0.0626901
-0.0712395
-0.0658736
0.0297201
0.0020311
0.0537727
-0.0592133
-0.0027321
0.0436784
0.0307774
-0.0413701
-0.0619609
0.0538132
0.0296219
-0.0465586
0.0288722
0.0368304
0.0155564
-0.0585351
0.0463612
-0.0067907
0.0131357
-0.0098445
-0.0129287
-0.0258004
-0.0323536
0.0586283
0.0571370
-0.0685804
0.0396075
-0.0055595
0.0460901
0.0140794
-0.0171401
0.0540638
-0.0198753
0.0093785
-0.0545510
-0.0239573
0.0225847
-0.0227771
-0.0303885
-0.0113423
0.0710132
0.0515267
0.0127610
0.0478414
0.0009141
-0.0412624
-0.0274708
0.0106610
-0.0344844
-0.0385111
0.0591786
0.0108658
-0.0187802
-0.0560893
0.0348419
-0.0112234
-0.0415595
-0.0669258
0.0020176
-0.0568541
0.0323876
0.0598848
-0.0273106
0.0152231
-0.0573076
-0.0435671
-0.0081168
0.0016835
0.0598241
-0.0075553
-0.0417740
0.0577834
-0.0095652
0.0517138
-0.0758028
0.0439046
0.0309283
0.0220031
0.0000308
0.0225278
-0.0571644
0.0425787
-0.0442099
0.0088956
0.0981428
0.0116592
0.0103223
0.0028707
0.0473918
0.0944168
-0.0221214
-0.0935190
-0.0210987
-0.1317242
-0.1955260
-0.1996418
-0.0734532
0.0888351
0.3204279
0.2904199
0.2280305
0.0267550
-0.2646926
-0.2848168
-0.0640285
-0.0373271
-0.0554358
-0.0253388
0.0720854
0.0392018
0.0966532
0.0422160
0.0226459
-0.0185922
0.0399548
0.0675343
-0.0417796
-0.0323737
-0.0390943
0.0095941
-0.0392521
0.0330899
0.0196161
0.0650336
0.0392390
0.0395857
0.0487805
-0.0098583
0.0203770
0.0573863
0.0645445
0.0047042
0.0238597
0.0053419
-0.0603164
0.0108743
0.0098651
0.0326457
-0.0391964
0.0009974
-0.0204987
-0.0071374
0.0472018
-0.0469375
0.0145406
-0.0157900
-0.0442452
0.0534901
0.0114872
0.0392854
-0.0027764
0.0688228
0.0360724
0.0038797
0.0517525
-0.0552474
0.0008958
0.0280952
0.0573112
0.0632253
-0.0061307
-0.0111165
-0.0252840
0.0539452
-0.0061118
0.0447497
0.0654177
0.0249887
0.0680017
0.0674449
-0.0581714
-0.0459457
-0.0614578
0.0198070
-0.0687222
-0.0632506
0.0187300
0.0034550
-0.0222168
0.0237614
0.0589930
-0.0318797
-0.0447524
0.0065051
-0.0148085
-0.0031889
-0.0200734
0.0052858
-0.0517927
-0.0269556
0.0649327
-0.0065954
0.0624799
-0.0677600
0.0013557
0.0245992
0.0075382
0.0354703
0.0473143
0.0035791
-0.0415228
0.0667413
0.0482686
-0.0091947
-0.0049645
-0.0213091
0.0204050
-0.0158987
-0.0192308
0.0612958
-0.0601128
0.0455698
0.0493936
0.0370872
-0.0698688
0.0551556
0.0274184
-0.0483375
0.0273979
-0.0412905
0.0265867
0.0698647
0.0704237
-0.0059280
-0.0669141
0.0246684
0.0142788
0.0139461
-0.0924610
0.0201562
-0.0691228
-0.0234811
0.0570250
-0.0131348
-0.0073233
0.1021760
0.0127766
0.0878648
0.0693873
-0.0375370
-0.0490016
-0.1403313
-0.1283893
-0.1907817
-0.2230204
-0.0565493
0.0985699
0.4267956
0.4419928
0.3142616
0.0496273
-0.2320702
-0.2760547
-0.1757655
-0.0075063
0.0385570
0.0400513
0.0070532
-0.0229610
0.1358623
0.1204301
-0.0141511
0.0188496
0.0072145
0.0273446
0.0038227
0.0119394
0.0111099
-0.0889922
-0.0079952
-0.0783355
0.0466277
0.0541800
0.0529532
-0.0188505
0.0083858
0.0388350
0.0597560
0.0716272
-0.0148621
0.0191729
-0.0200047
-0.0095489
0.0056319
-0.0665133
-0.0472235
0.0481658
0.0472921
-0.0035781
-0.0128598
-0.0229268
-0.0152025
-0.0310760
-0.0238193
-0.0616019
-0.0307405
0.0020025
0.0475379
0.0493695
0.0548992
-0.0455364
0.0689587
-0.0708023
0.0045593
-0.0635949
0.0523767
0.0506648
0.0203706
-0.0246251
-0.0493145
-0.0184747
-0.0645311
-0.0235142
0.0394866
0.0544634
0.0609385
0.0597999
0.0094727
0.0591736
-0.0524669
-0.0296713
0.0562790
0.0410423
0.0400003
0.0166834
-0.0351772
0.0666325
-0.0360419
-0.0353279
0.0390184
0.0755099
-0.0542366
0.0091182
