-0.0391450
-0.0174909
-0.0240939
0.0474369
-0.0241597
-0.0400476
0.0092733
0.0005367
-0.0058400
-0.0412741
-0.0245581
-0.0301412
-0.0170724
-0.0025674
-0.0091486
-0.0431314
-0.0316488
-0.0413713
0.0352891
-0.0147329
0.0223798
0.0351698
0.0166290
0.0065735
-0.0217120
-0.0484386
0.0300590
-0.0263351
-0.0400285
0.0448924
0.0201579
-0.0121695
-0.0297424
-0.0066612
0.0084602
0.0144447
-0.0213016
0.0156647
0.0342211
-0.0133250
0.0081178
-0.0366736
0.0095695
-0.0410844
0.0318186
-0.0264315
0.0309944
0.0337927
-0.0388993
-0.0442094
0.0344830
0.0381369
-0.0092635
-0.0114153
-0.0362390
-0.0264778
0.0111094
-0.0120971
0.0289325
-0.0070372
0.0296793
0.0047499
-0.0297467
0.0322260
-0.0036319
-0.0148731
0.0268127
-0.0064915
-0.0186578
0.0043749
0.0111462
0.0404005
-0.0270132
0.0113372
0.0288248
0.0179235
0.0261954
-0.0327640
-0.0395216
-0.0374241
-0.0167038
0.0195966
0.0419792
-0.0176258
0.0016587
-0.0182492
-0.0398620
-0.0400751
0.0000861
0.0121067
-0.0245479
0.0446356
-0.0407798
-0.0050152
0.0049965
0.0151490
-0.0398973
-0.0393722
-0.0075201
-0.0099211
0.0072135
0.0338072
-0.0101014
0.0508699
0.0084684
0.0124259
-0.0258210
0.0293911
0.0211500
-0.0038331
-0.0022706
-0.0501597
-0.0755822
-0.0442507
-0.0576449
-0.0113339
0.0119398
0.0043532
0.0155554
0.0328126
0.0475281
0.0757584
0.0575714
0.0040517
0.0141005
-0.1055542
-0.1705344
-0.2714102
-0.2583638
-0.1007324
0.1804879
0.4656718
0.4629306
0.2241422
-0.1222197
-0.2909687
-0.2126708
-0.0798518
-0.0266202
0.0288923
-0.0158231
0.0173764
0.0213730
0.0571850
0.0382572
0.0473405
0.0452464
-0.0098527
0.0344476
0.0327142
-0.0279549
-0.0619418
-0.0635878
-0.0149170
-0.0550220
0.0180242
0.0293376
-0.0355075
0.0017149
0.0062155
0.0393500
-0.0156420
-0.0097865
-0.0203572
0.0425739
-0.0406926
-0.0343435
0.0265781
-0.0296587
-0.0012960
-0.0341510
-0.0066034
-0.0315393
-0.0131544
0.0440918
-0.0287402
-0.0185119
0.0069865
-0.0302783
-0.0128407
0.0366897
0.0017188
0.0048179
-0.0260165
-0.0208211
0.0378564
0.0299740
0.0158226
-0.0385713
-0.0253134
-0.0064674
0.0283787
0.0165534
0.0238378
0.0318236
0.0279328
0.0484647
0.0475658
-0.0325355
0.0249884
-0.0399499
0.0091329
0.0432131
-0.0413478
0.0140391
0.0332583
0.0454975
-0.0118449
0.0136200
0.0397062
-0.0439149
-0.0449450
0.0191433
-0.0053099
-0.0115325
0.0058542
-0.0215884
-0.0377914
0.0387037
-0.0252610
-0.0165844
-0.0106291
-0.0223899
0.0401593
0.0336606
-0.0451729
0.0214082
-0.0431901
0.0460559
0.0204092
-0.0150017
0.0246052
-0.0150321
-0.0230097
0.0315178
-0.0158010
-0.0411304
-0.0452032
-0.0206054
-0.0363317
0.0231911
-0.0423906
-0.0344096
0.0388152
-0.0053736
-0.0375615
0.0305072
0.0164146
-0.0142258
-0.0350608
-0.0132779
0.0000067
0.0245360
0.0123365
-0.0211121
0.0360191
-0.0131049
-0.0225636
-0.0445864
0.0346662
-0.0061148
0.0091069
0.0107722
0.0301984
0.0039805
-0.0021692
0.0328186
-0.0223680
-0.0246075
-0.0321933
-0.0327440
-0.0028416
0.0387929
-0.0455196
0.0087966
-0.0244786
-0.0137612
-0.0312027
-0.0146869
0.0443468
0.0507654
0.0392284
-0.0284866
-0.0261404
-0.0327303
-0.0153078
-0.0363062
-0.0024316
-0.0243387
-0.0484107
-0.0361295
0.0277206
0.0249261
0.0117651
0.0712840
0.0482741
0.0941321
0.0277316
0.0551160
-0.0280300
-0.0730164
-0.0922662
-0.1640424
-0.2856741
-0.2025023
-0.0314528
0.2692099
0.4884343
0.3999713
0.1472153
-0.1439816
-0.3060839
-0.2969476
-0.1124479
-0.0140853
0.0466273
0.0191468
0.0511491
0.0423351
0.0837039
0.0960265
0.0618965
-0.0046972
0.0475856
-0.0389745
-0.0307727
-0.0516760
-0.0727999
-0.0012597
-0.0336742
0.0144113
-0.0010186
-0.0324089
-0.0214274
0.0549129
-0.0140423
-0.0279232
0.0159193
0.0081345
-0.0388670
0.0032216
0.0344407
0.0035318
-0.0455154
0.0183168
0.0320698
-0.0490584
0.0274239
-0.0296898
0.0378804
-0.0395897
0.0449303
-0.0024570
-0.0214903
0.0183047
-0.0338724
-0.0176169
-0.0376455
-0.0017411
-0.0103154
0.0344838
-0.0164535
-0.0315219
-0.0301056
-0.0451563
0.0002424
-0.0016411
0.0404495
-0.0111484
0.0135014
0.0386063
0.0390839
0.0447809
-0.0116422
-0.0303306
0.0181201
0.0074291
0.0341248
-0.0023101
0.0349058
-0.0281646
0.0010722
-0.0020819
-0.0224863
0.0058925
-0.0267354
0.0089325
0.0259162
0.0311905
0.0307564
0.0234574
-0.0373559
-0.0359421
-0.0386299
0.0277290
0.0425759
-0.0472171
0.0008427
-0.0185015
-0.0061222
0.0241822
-0.0152433
-0.0167872
-0.0170097
-0.0230095
-0.0447197
-0.0011735
0.0436978
0.0086243
-0.0437583
-0.0386745
0.0421150
0.0228512
0.0315841
0.0250824
-0.0113021
-0.0146632
0.0269271
0.0306047
0.0347304
-0.0018198
-0.0063619
-0.0111043
-0.0326252
0.0089022
0.0309948
0.0111908
-0.0160264
0.0040109
-0.0118218
0.0219736
0.0062011
-0.0311870
0.0081216
-0.0051690
0.0064991
-0.0228796
-0.0197856
-0.0119473
-0.0355698
-0.0347966
0.0353224
0.0327303
-0.0382881
-0.0524214
-0.0223799
-0.0235508
0.0209202
-0.0203984
-0.0140978
0.0134274
0.0140999
-0.0163268
0.0441328
0.0280392
-0.0209401
0.0072819
0.0278339
-0.0104014
-0.0382988
-0.0559700
-0.0017629
-0.0666896
-0.0411504
0.0024316
0.0018762
0.0007665
-0.0104292
0.0717274
0.0207290
0.0526006
0.0711627
0.0873276
0.0671900
-0.0460920
-0.0777631
-0.0519978
-0.1953413
-0.2896379
-0.2894135
-0.0452625
0.2964020
0.5736256
0.4629215
0.1427744
-0.2267307
-0.3093812
-0.2557219
-0.0703263
0.0009118
-0.0256486
-0.0307244
0.0594469
0.0080810
0.0352834
0.0250177
0.0647848
-0.0090939
0.0127326
0.0504860
-0.0227072
-0.0222898
-0.0473721
-0.0478439
-0.0309104
-0.0298236
-0.0124427
-0.0203206
0.0121833
-0.0237975
-0.0319128
0.0529622
0.0171953
0.0436179
0.0264426
-0.0354453
0.0428754
-0.0343561
0.0142356
-0.0060345
0.0285210
0.0047865
-0.0265934
0.0269948
-0.0323803
0.0144790
-0.0265135
0.0322134
-0.0257881
0.0373592
0.0285029
-0.0240395
-0.0228579
0.0286369
0.0120776
0.0106361
-0.0223839
0.0083797
0.0004121
0.0191770
0.0083660
0.0425582
-0.0089035
0.0146706
-0.0159991
0.0479295
0.0130509
0.0426171
0.0031550
-0.0129406
0.0159724
-0.0416971
0.0159417
0.0205077
0.0330981
0.0407357
-0.0000277
0.0309323
0.0302125
-0.0032455
-0.0134395
-0.0286413
0.0419025
-0.0277434
-0.0405225
0.0335813
0.0381967
0.0190723
0.0313481
-0.0157666
0.0012183
-0.0389959
0.0163213
-0.0342031
0.0421439
-0.0175586
-0.0319593
0.0343067
-0.0321535
0.0203711
-0.0337704
-0.0265460
0.0112405
0.0268077
-0.0012645
-0.0011324
-0.0443979
0.0053069
-0.0213833
-0.0107424
-0.0099704
-0.0290660
0.0293835
0.0437263
0.0206700
-0.0442923
-0.0071177
-0.0234086
-0.0148756
-0.0287786
0.0088826
-0.0179284
-0.0465296
-0.0434974
0.0060269
0.0001906
-0.0503261
-0.0174874
-0.0245356
0.0383098
0.0138419
0.0066489
0.0493821
0.0524575
0.0266793
0.0426086
0.0188003
-0.0241792
-0.0041254
0.0365369
-0.0090771
0.0269118
-0.0438882
0.0305895
0.0153661
-0.0294319
0.0273503
0.0575915
-0.0034254
0.0290940
0.0032541
-0.0071401
0.0436373
-0.0510861
-0.0147968
-0.0434067
-0.0621426
-0.0246977
-0.0286784
-0.0062747
-0.0285906
-0.0078442
0.0334457
0.0111399
0.0672789
0.0574138
0.0706858
0.0583857
0.0150614
-0.0190033
-0.0048594
-0.0923911
-0.2191998
-0.3486064
-0.2598520
0.0193599
0.3457165
0.5103988
0.3722337
0.0841628
-0.2510189
-0.2754682
-0.2433439
-0.0706558
-0.0068024
-0.0301106
-0.0390568
-0.0209464
0.0404579
0.0361856
0.0740013
0.0618014
0.0195596
0.0181878
0.0209082
0.0300089
-0.0136195
-0.0530913
-0.0312964
-0.0223572
0.0189966
-0.0161964
-0.0203745
-0.0203521
0.0494465
0.0024994
-0.0053028
-0.0241766
0.0245030
0.0540708
0.0449668
-0.0249836
-0.0440496
-0.0440757
-0.0472573
-0.0262620
0.0060593
0.0009476
-0.0047653
-0.0431417
-0.0073407
0.0218506
0.0083872
0.0217648
-0.0205675
0.0385795
0.0346926
0.0291496
0.0048290
0.0315288
0.0346801
0.0190696
-0.0409817
0.0025681
0.0024142
0.0363588
-0.0164035
0.0345215
0.0316759
0.0205298
-0.0330972
0.0516580
0.0199371
-0.0156339
0.0090825
0.0222443
-0.0121571
0.0044008
0.0382367
-0.0399533
0.0021796
-0.0292877
0.0102656
-0.0147806
0.0382670
0.0114523
-0.0260665
0.0408013
-0.0185933
-0.0458529
-0.0181674
0.0061312
-0.0452079
0.0216696
-0.0140609
-0.0312081
0.0411993
-0.0052359
0.0043113
-0.0045238
-0.0367631
0.0464103
0.0109202
0.0337456
-0.0195600
-0.0048906
0.0369414
0.0258546
-0.0119889
-0.0266405
-0.0281920
-0.0440847
0.0326303
-0.0402879
-0.0121914
-0.0001950
0.0024224
0.0180561
-0.0338824
-0.0467681
-0.0240318
-0.0357118
0.0250222
0.0001550
-0.0450503
0.0031643
0.0192303
0.0062232
0.0001964
0.0012399
-0.0208196
-0.0145778
0.0461216
-0.0029154
-0.0128362
-0.0311901
0.0192658
-0.0120210
0.0001540
0.0456218
-0.0447605
-0.0063813
-0.0274599
-0.0022413
-0.0359503
0.0218669
-0.0100932
0.0179680
0.0409015
-0.0284979
0.0363085
0.0268902
0.0551882
0.0333680
0.0451833
0.0019878
0.0265781
0.0157060
-0.0469549
0.0006637
0.0175055
-0.0442534
-0.0665153
0.0197385
-0.0186608
-0.0060805
0.0491165
0.0499941
0.0831726
0.0382504
0.0344916
0.0601398
0.0402883
-0.0208226
-0.0180450
-0.0658152
-0.0998901
-0.1880698
-0.2643128
-0.1091028
0.1503331
0.3824432
0.4452281
0.2688043
-0.0329420
-0.3188662
-0.2670901
-0.1284731
-0.0351618
0.0447563
-0.0217186
0.0555706
0.0793912
0.0740678
0.0235643
0.0702449
0.0390698
0.0102598
-0.0243027
0.0344328
-0.0060210
0.0005915
-0.0313004
-0.0461376
0.0148412
0.0293807
-0.0515807
-0.0031235
0.0258905
-0.0294897
0.0604419
0.0087572
0.0238071
0.0194776
0.0349157
0.0114890
0.0024826
0.0036041
-0.0244341
-0.0489593
0.0215739
0.0179279
-0.0179098
-0.0215585
-0.0007866
0.0482869
0.0409733
0.0109645
0.0319077
0.0191026
0.0413133
-0.0401240
-0.0026853
-0.0246126
0.0154308
0.0215316
0.0138253
-0.0481880
-0.0425637
-0.0241828
-0.0254661
-0.0254700
0.0294594
0.0082252
0.0139007
0.0086238
-0.0032233
-0.0385983
-0.0324881
-0.0278794
-0.0151224
0.0221407
-0.0177537
-0.0168369
0.0363035
-0.0261781
0.0054607
-0.0161383
0.0383571
0.0226085
-0.0251066
0.0349939
-0.0229929
-0.0024072
0.0252599
-0.0243985
-0.0360354
0.0090513
-0.0002340
-0.0414785
0.0041039
-0.0441139
0.0365621
0.0020562
-0.0373980
0.0373858
-0.0221945
-0.0445264
0.0258550
0.0351037
-0.0022947
0.0070256
0.0391741
-0.0078578
0.0120627
-0.0054468
-0.0384427
-0.0339863
0.0430087
0.0237222
0.0115827
0.0227033
0.0096911
-0.0043562
0.0213840
0.0159249
0.0029679
0.0039756
0.0083877
0.0336835
-0.0496188
0.0368074
0.0141971
-0.0198893
-0.0373307
0.0189337
0.0204768
-0.0450691
-0.0381889
-0.0119296
0.0427204
0.0368754
0.0191429
0.0460922
0.0092242
-0.0357695
0.0195971
-0.0259235
-0.0149244
0.0052053
-0.0385295
0.0335176
-0.0242582
0.0397402
0.0136179
0.0210302
0.0298452
0.0362682
0.0445159
-0.0228434
0.0332705
-0.0105170
0.0139412
-0.0619357
-0.0558089
0.0109219
0.0030260
-0.0458740
-0.0496286
-0.0012193
-0.0128035
0.0307902
0.0418436
0.0106669
0.0562837
0.0562383
0.0836114
-0.0240333
0.0362672
-0.0257508
-0.0752561
-0.2287071
-0.2890342
-0.2246573
0.0438543
0.3143253
0.5546005
0.4012615
0.0261394
-0.2193333
-0.3020384
-0.2119425
-0.0249370
0.0155305
-0.0407057
-0.0306368
-0.0017955
0.0274445
0.0638350
0.0129288
-0.0005640
0.0049517
0.0390101
-0.0049276
0.0061419
-0.0071686
0.0096661
-0.0574692
0.0064967
-0.0293929
0.0139696
0.0407375
0.0481137
0.0037151
0.0009171
-0.0153074
0.0245002
-0.0031788
0.0554772
0.0323363
0.0360113
-0.0068128
-0.0021729
-0.0367809
-0.0299670
0.0168279
0.0282610
0.0390682
0.0307272
0.0005039
-0.0247221
-0.0150213
0.0289389
0.0021241
-0.0272009
0.0361953
0.0063860
0.0339862
0.0367216
-0.0253038
0.0370843
0.0166676
-0.0047083
0.0081939
-0.0179727
0.0183481
0.0104576
0.0436659
-0.0168501
0.0093356
0.0078333
-0.0033057
0.0178470
-0.0148263
0.0071944
0.0430517
0.0377573
-0.0249667
-0.0051977
-0.0433759
0.0023904
0.0203426
0.0115189
-0.0317558
-0.0143116
0.0398404
-0.0317788
-0.0350598
0.0138012
0.0429355
-0.0244726
-0.0409731
-0.0361310
-0.0402945
0.0416006
-0.0361599
0.0203963
0.0102826
0.0016202
0.0190376
0.0013041
-0.0476074
0.0131028
0.0071223
-0.0089516
-0.0148021
0.0101125
0.0436570
-0.0111900
0.0032823
0.0256378
0.0229158
-0.0144486
-0.0271248
-0.0358734
0.0106179
0.0174558
-0.0377281
0.0283866
-0.0239164
0.0358346
-0.0390695
0.0257434
-0.0109159
-0.0248741
-0.0446966
-0.0324209
0.0346505
-0.0077796
-0.0108539
-0.0144108
0.0008509
0.0381979
0.0428349
0.0104712
0.0102029
0.0341887
0.0405300
-0.0214971
0.0084749
0.0004355
0.0250525
-0.0063287
0.0152637
0.0369136
-0.0003121
0.0390736
-0.0328038
0.0138019
0.0447153
0.0577893
-0.0178729
0.0327882
-0.0273225
0.0165391
0.0191627
-0.0164476
-0.0415432
-0.0303153
0.0021314
0.0146111
-0.0421710
-0.0453602
0.0077319
0.0026224
0.0560655
0.0697219
0.0515671
0.0349670
0.0327964
0.0471190
0.0352316
0.0082852
-0.0804995
-0.1270158
-0.2443188
-0.2905885
-0.1257751
0.1701537
0.4800459
0.5147047
0.2506062
-0.1364726
-0.2633652
-0.2444843
-0.1413135
-0.0313837
-0.0432715
-0.0494570
-0.0006872
0.0628047
0.0211538
0.0899481
0.0224359
0.0723795
0.0102127
-0.0109478
0.0300105
-0.0398955
-0.0675830
-0.0231524
0.0095724
-0.0193178
-0.0512373
-0.0142721
0.0272527
0.0346701
-0.0269030
0.0328512
0.0483533
-0.0253793
-0.0158513
-0.0204199
-0.0232614
0.0286827
-0.0425378
0.0216013
-0.0117479
0.0026550
0.0060767
-0.0120210
-0.0110998
-0.0037462
-0.0070703
-0.0324857
-0.0154232
-0.0314604
0.0085664
0.0350563
-0.0072728
0.0065728
0.0191136
0.0350904
-0.0116932
-0.0034349
-0.0434731
-0.0470794
0.0209803
-0.0228020
-0.0340233
-0.0127785
0.0255677
0.0413607
-0.0156376
-0.0249468
0.0050655
0.0178319
-0.0444880
-0.0192427
0.0317138
