-0.0224822
-0.0231509
-0.0076217
-0.0239870
-0.0160403
0.0099027
-0.0340523
0.0156242
-0.0066906
0.0037475
-0.0205504
0.0032201
-0.0436041
0.0061276
-0.0182018
0.0565938
0.0830507
0.1031617
0.0981159
0.0407691
0.1035654
0.0632172
0.0092992
-0.0886217
-0.1232788
-0.2628340
-0.3344800
-0.2162559
0.0597110
0.3939788
0.5141457
0.4088397
0.0263028
-0.1951352
-0.3237008
-0.2515840
-0.0685732
-0.0361103
-0.0029563
-0.0481525
0.0069266
0.0811284
0.0302301
0.0409373
0.0730979
0.0732047
0.0013732
-0.0056504
0.0161721
-0.0507169
-0.0244588
-0.0367265
-0.0464556
-0.0040323
-0.0215990
0.0066176
-0.0388642
0.0452866
0.0348484
-0.0200465
0.0316657
0.0275610
0.0500455
-0.0410050
0.0205412
0.0245465
0.0084991
-0.0083147
-0.0189383
-0.0026491
-0.0215132
-0.0064401
0.0100701
0.0451943
-0.0323452
-0.0113932
-0.0207643
0.0014053
0.0108575
0.0181073
0.0380882
-0.0432123
-0.0490107
0.0239454
-0.0308074
0.0031081
-0.0081228
0.0437952
-0.0302133
0.0354345
0.0095039
0.0053069
-0.0251623
0.0390656
-0.0048578
0.0159024
0.0144302
0.0419753
-0.0309811
0.0217287
-0.0432628
-0.0056852
-0.0402139
-0.0350543
0.0449519
0.0334098
-0.0046974
-0.0121994
0.0429392
-0.0423872
-0.0251958
-0.0049146
0.0249930
0.0136124
-0.0339514
-0.0151590
0.0152064
-0.0024925
0.0162047
0.0068660
-0.0133476
-0.0172092
-0.0005594
-0.0023860
-0.0376032
-0.0317503
0.0406818
0.0279927
0.0024322
-0.0368192
0.0462746
0.0128228
0.0252589
0.0394659
-0.0254088
-0.0192305
0.0036446
0.0419900
-0.0363930
-0.0459048
-0.0103199
-0.0333427
-0.0190781
-0.0296618
0.0377589
-0.0090732
0.0186245
0.0174053
0.0355674
0.0057727
0.0297597
-0.0002234
0.0015390
0.0409016
-0.0125012
-0.0464611
-0.0319103
-0.0280213
-0.0205653
-0.0396408
0.0525206
0.0041737
-0.0061473
0.0351718
0.0232919
-0.0275982
0.0029586
0.0240123
0.0324387
-0.0219908
-0.0006113
0.0358538
0.0134646
-0.0411806
-0.0088947
-0.0197082
0.0110557
0.0000609
0.0603816
0.0211997
0.0492595
0.0337364
-0.0244870
-0.0227082
0.0151259
-0.0060854
-0.0484569
-0.0101805
-0.0146519
-0.0171510
0.0211326
0.0787610
0.0015011
0.0998965
0.1135056
0.0283058
0.0483274
0.0160582
-0.0530196
-0.0182451
-0.1841922
-0.2496467
-0.3490132
-0.1307963
0.2403513
0.5265691
0.5161183
0.2167951
-0.1846754
-0.2969346
-0.2460742
-0.1101413
-0.0244660
-0.0357225
-0.0113621
-0.0158036
0.0894796
0.0232913
0.0113554
-0.0025272
-0.0006966
0.0525099
0.0444006
-0.0355014
-0.0641598
-0.0660996
0.0140011
-0.0668440
0.0036833
-0.0225435
0.0305973
-0.0202008
-0.0073405
0.0481205
-0.0168809
0.0031214
-0.0166407
0.0313166
0.0031193
0.0419706
0.0103747
-0.0325324
0.0282504
0.0039816
-0.0264527
-0.0518747
-0.0007693
0.0081031
0.0024020
0.0188079
0.0308560
0.0266038
0.0480545
0.0063542
-0.0171298
0.0311514
-0.0149673
0.0305594
0.0299661
-0.0417513
-0.0252207
0.0295888
-0.0113978
-0.0241299
-0.0191618
0.0227660
-0.0079482
-0.0348533
0.0092759
0.0368086
-0.0121139
0.0116987
-0.0146055
-0.0266458
0.0423741
-0.0444160
-0.0067234
0.0165072
-0.0444339
-0.0294510
0.0435244
-0.0354679
0.0108801
0.0418050
-0.0383851
-0.0355112
-0.0467755
0.0421434
-0.0316798
0.0409530
-0.0458157
-0.0353839
0.0411377
0.0012458
-0.0132672
0.0164693
-0.0264670
0.0022687
-0.0067436
-0.0443271
-0.0093914
-0.0283582
0.0431408
0.0427940
0.0253642
-0.0343594
0.0255913
-0.0320575
-0.0074473
-0.0431021
-0.0423653
-0.0319355
0.0267774
0.0054915
0.0124778
-0.0177047
0.0361620
0.0388735
-0.0280526
-0.0478421
-0.0171234
-0.0080152
0.0036947
-0.0427332
-0.0118004
-0.0007732
-0.0379587
-0.0419562
-0.0356365
-0.0073342
-0.0005332
0.0407786
-0.0106467
-0.0104333
-0.0389122
0.0468968
0.0434818
-0.0333751
0.0327643
-0.0264467
0.0413956
0.0186535
-0.0539912
-0.0206536
-0.0223137
0.0186627
0.0147206
-0.0374543
0.0085979
-0.0289603
0.0243638
0.0165326
0.0596006
-0.0208654
-0.0101294
0.0442474
-0.0111041
0.0366177
0.0191824
0.0129361
-0.0580452
-0.0480023
-0.0240206
-0.0101888
0.0247815
0.0387761
0.0712360
0.0370416
0.0430965
0.0202859
0.0941744
-0.0080855
0.0333262
0.0035122
-0.0907520
-0.1950121
-0.2674929
-0.2955927
-0.0739503
0.2284851
0.4825758
0.3988165
0.0914068
-0.1609972
-0.2618887
-0.2309958
-0.0376697
-0.0288667
0.0133541
-0.0268053
0.0364750
0.0781213
0.0728669
0.0324892
0.0335370
0.0019400
0.0371302
0.0097140
0.0277215
-0.0169486
0.0142249
-0.0181233
-0.0361624
-0.0625678
-0.0223568
0.0138972
-0.0127718
0.0393623
0.0106870
0.0400192
-0.0177092
0.0113752
0.0131923
0.0093350
-0.0209505
-0.0224343
-0.0439771
-0.0485281
0.0126796
-0.0266622
0.0362485
0.0037258
-0.0339908
-0.0221859
-0.0304855
0.0323372
0.0283739
0.0294342
0.0311723
-0.0274402
0.0236186
0.0106305
-0.0390910
0.0367028
0.0106154
0.0006502
0.0253058
-0.0410446
0.0092975
-0.0258826
-0.0244495
0.0449587
-0.0001392
0.0200409
0.0223479
0.0001550
0.0417039
-0.0197644
-0.0053235
-0.0029715
-0.0206828
0.0061579
-0.0187461
0.0377737
0.0167810
0.0237222
0.0290479
-0.0296955
0.0105571
0.0442848
0.0395823
-0.0423848
0.0395163
0.0279063
-0.0236079
-0.0372906
0.0444111
0.0134426
0.0190551
0.0176792
-0.0233158
0.0402946
-0.0054002
0.0274267
-0.0224736
-0.0174399
0.0195536
0.0199073
-0.0257535
0.0230202
0.0464779
-0.0011014
0.0295969
0.0424419
-0.0436784
0.0137325
-0.0307383
0.0325831
0.0196459
0.0110675
0.0300032
-0.0083590
0.0143579
0.0374858
0.0214527
-0.0102804
-0.0279951
-0.0077210
-0.0176139
-0.0310228
0.0127718
-0.0444659
-0.0055348
-0.0129460
0.0374163
0.0129148
0.0140376
-0.0018478
0.0407743
0.0157229
-0.0407812
0.0171089
0.0299985
0.0231490
0.0324280
-0.0146450
0.0385429
-0.0366455
0.0348330
-0.0358573
0.0394401
0.0219797
-0.0264294
-0.0004047
-0.0339272
-0.0054326
0.0037875
-0.0286647
-0.0303417
0.0507636
0.0470313
0.0395780
0.0138719
-0.0575835
0.0081244
0.0135225
-0.0215336
0.0259775
-0.0340063
-0.0032279
-0.0256545
0.0336662
0.0094724
0.0421390
0.0448555
0.0228344
0.0609715
0.0516757
0.0269966
-0.0642975
-0.0720752
-0.2576043
-0.2708435
-0.2485687
0.0415890
0.3398321
0.5192523
0.2980606
-0.0338281
-0.2996078
-0.2577152
-0.1741070
-0.0331436
0.0322118
0.0152435
0.0445339
0.0169496
0.0374757
0.0129631
-0.0018869
0.0565627
0.0333414
-0.0329538
-0.0031348
-0.0394735
-0.0136368
-0.0368209
0.0198978
-0.0129400
-0.0397910
-0.0527584
0.0159698
-0.0079718
0.0118087
0.0435497
-0.0164823
0.0335209
-0.0054118
0.0442169
-0.0466330
-0.0306972
-0.0146446
-0.0404030
0.0354581
-0.0249057
-0.0171937
-0.0355697
0.0243377
-0.0391001
0.0124647
0.0452753
-0.0423040
0.0243551
-0.0415568
-0.0020636
0.0155508
-0.0105892
0.0118287
-0.0031896
-0.0008207
0.0238080
0.0083790
0.0023792
-0.0103967
0.0219913
0.0200590
0.0281044
0.0037168
-0.0097690
0.0491817
-0.0087569
0.0082316
-0.0374064
0.0113858
0.0157746
-0.0241588
-0.0026910
-0.0450212
-0.0247741
0.0110677
0.0156453
-0.0437426
-0.0132570
0.0159735
0.0142466
-0.0388677
0.0202470
0.0302421
0.0168277
-0.0428365
-0.0371262
0.0463406
-0.0369263
0.0180868
0.0008836
-0.0042528
0.0256609
0.0136802
0.0422706
-0.0350190
0.0356466
-0.0419265
0.0094796
0.0153033
0.0301518
0.0418737
-0.0196528
-0.0017676
0.0031069
-0.0452334
-0.0240126
-0.0383668
-0.0197236
0.0310196
0.0046647
-0.0414699
0.0376438
0.0385450
0.0473655
0.0285932
0.0304183
-0.0240020
0.0149315
-0.0227260
-0.0038787
0.0406003
-0.0333000
-0.0054303
0.0078340
0.0182988
0.0275567
-0.0314837
-0.0436485
0.0052340
0.0498287
0.0176000
0.0294789
0.0469696
0.0431090
-0.0355060
-0.0173590
0.0304907
-0.0030011
0.0277916
0.0062800
0.0158946
-0.0347253
0.0043470
-0.0347164
0.0391221
0.0616983
0.0053515
0.0295888
0.0001150
-0.0335243
0.0099932
0.0217191
0.0075101
-0.0572912
-0.0572169
-0.0805872
-0.0466233
-0.0181204
-0.0084832
-0.0271080
0.0365371
0.0681695
0.0522552
0.0493473
0.1117382
0.0083647
0.0422913
-0.0143780
-0.0140816
-0.1511925
-0.2697431
-0.2995010
-0.2170064
0.1587607
0.4443789
0.5449361
0.2888145
-0.0222737
-0.3419213
-0.2839032
-0.1571699
-0.0881817
-0.0358322
-0.0024147
0.0366315
-0.0016634
0.1089217
0.0189122
0.0299277
0.0435968
-0.0116316
0.0402292
0.0138921
0.0050635
-0.0132673
-0.0518993
0.0069504
-0.0001024
-0.0250347
0.0289111
0.0448269
0.0368815
0.0173395
0.0465858
0.0200489
-0.0075987
-0.0178530
-0.0077160
-0.0308676
0.0257073
0.0254583
-0.0445654
0.0129038
-0.0284738
-0.0351132
0.0385238
0.0403370
-0.0273013
-0.0434182
0.0184794
0.0209803
-0.0330319
0.0081750
0.0028380
0.0349194
-0.0191643
0.0442284
-0.0189313
0.0062677
-0.0323591
-0.0481484
-0.0423477
0.0213729
0.0038073
-0.0336144
-0.0091722
0.0402731
0.0337156
0.0019570
0.0076690
0.0173075
0.0181863
-0.0074411
-0.0379728
-0.0215220
-0.0192881
-0.0174771
-0.0228970
-0.0270310
0.0104691
0.0300953
0.0427717
-0.0394375
-0.0010799
0.0439153
0.0219366
-0.0370095
0.0349563
0.0364695
0.0096658
0.0255519
-0.0364839
-0.0391303
-0.0053558
-0.0106923
0.0083084
-0.0238047
-0.0322161
0.0109751
-0.0434622
0.0149343
0.0241600
0.0136753
-0.0134041
-0.0380332
0.0147974
-0.0211295
-0.0362474
-0.0005958
0.0423236
0.0345817
-0.0477322
0.0126319
0.0353149
-0.0095908
-0.0314005
-0.0109270
-0.0115793
-0.0230118
-0.0260880
0.0224040
-0.0380511
0.0308038
-0.0401015
-0.0326298
0.0181015
0.0059652
0.0319679
-0.0019787
-0.0127503
-0.0043466
0.0102461
0.0256790
0.0159485
-0.0360959
0.0341941
0.0198547
0.0281602
-0.0195401
-0.0179102
-0.0444950
0.0137422
-0.0537570
-0.0099632
-0.0259779
-0.0103845
-0.0157291
0.0048324
0.0358557
-0.0049834
0.0397693
0.0610933
0.0138554
0.0290863
-0.0095773
0.0249516
-0.0363485
-0.0239863
-0.0517009
-0.0062084
-0.0259188
-0.0388058
0.0016822
-0.0231683
-0.0303038
0.0047145
0.0768262
0.0332149
0.0915664
0.0553364
0.0670603
-0.0127606
0.0074749
-0.0316011
-0.1316500
-0.2678656
-0.2991804
-0.1942915
0.0573605
0.4267301
0.5115082
0.3770788
0.0038168
-0.2475900
-0.2827195
-0.1505687
-0.0362094
-0.0644975
-0.0407913
-0.0206899
0.0358610
0.0388255
0.0467733
0.0996744
0.0516388
0.0366615
0.0332710
-0.0232590
-0.0142748
-0.0539951
-0.0397845
-0.0633700
-0.0125706
-0.0074886
-0.0118450
0.0340060
-0.0122089
-0.0300325
0.0201984
0.0119365
0.0415456
-0.0334057
0.0408052
0.0395688
-0.0492665
-0.0036668
-0.0242089
-0.0333036
0.0161358
-0.0315421
-0.0485695
0.0039944
0.0004987
-0.0369176
0.0340432
-0.0154136
-0.0183793
0.0489799
0.0384164
-0.0231719
-0.0048206
-0.0348052
-0.0210965
0.0246247
-0.0109145
0.0123280
0.0297173
-0.0108018
-0.0084952
-0.0369495
-0.0422861
-0.0166990
0.0354661
-0.0379756
0.0419217
0.0047457
0.0282522
0.0306883
-0.0254904
-0.0439844
-0.0416779
0.0426495
0.0036579
0.0436122
-0.0088879
0.0423062
-0.0103977
-0.0091099
0.0299122
0.0022284
0.0210876
0.0201020
-0.0043493
-0.0174600
0.0417793
-0.0229078
-0.0356877
-0.0240986
-0.0095330
-0.0088324
0.0219295
0.0308313
-0.0168927
-0.0273927
-0.0389793
-0.0217785
-0.0068946
0.0196060
0.0313305
0.0298902
-0.0297145
0.0098631
0.0216641
0.0026596
0.0432606
-0.0428564
-0.0364590
0.0336815
-0.0203913
0.0299588
-0.0212219
0.0336888
-0.0195912
-0.0336583
0.0286425
0.0006702
0.0207410
-0.0132687
0.0034030
0.0090961
-0.0188163
-0.0330374
-0.0028698
0.0126440
-0.0175122
0.0134842
0.0164034
0.0035250
-0.0329401
0.0457250
0.0306308
-0.0007853
0.0202188
0.0027552
-0.0175527
0.0093531
0.0283308
-0.0465012
-0.0004292
-0.0334536
0.0272642
-0.0144752
-0.0285007
0.0380868
-0.0282571
0.0175222
-0.0035140
0.0177120
-0.0252502
-0.0031976
0.0219166
-0.0356403
0.0323079
-0.0130609
-0.0542936
0.0092018
-0.0288229
-0.0134389
-0.0066261
-0.0317169
-0.0136106
0.0197445
0.0043252
0.0526860
0.1104528
0.0659353
0.0646597
0.0218166
-0.0446809
-0.0604360
-0.1320547
-0.2667700
-0.2936442
-0.1050103
0.2376139
0.4565401
0.3867032
0.1255356
-0.1595666
-0.2524595
-0.1861133
-0.1088728
0.0045732
-0.0225869
-0.0445856
-0.0301617
-0.0008034
0.0551401
0.0178836
0.0224433
0.0108340
-0.0112913
0.0230304
-0.0166935
-0.0424652
-0.0116082
-0.0124316
-0.0226623
-0.0068793
-0.0016774
-0.0022221
-0.0112990
0.0185626
0.0296045
0.0358790
0.0080988
0.0184674
0.0340854
-0.0336172
-0.0289584
0.0277427
-0.0130142
-0.0427437
-0.0143843
-0.0486858
0.0176793
-0.0283958
0.0096540
0.0468536
0.0180751
0.0178296
0.0488909
-0.0319670
0.0085486
0.0042943
-0.0239720
-0.0064672
0.0394298
0.0148036
-0.0349269
0.0357969
-0.0312512
-0.0358077
-0.0332295
0.0387574
0.0254931
0.0363206
-0.0067497
-0.0300682
0.0028995
-0.0423239
-0.0004343
0.0216519
-0.0083717
-0.0177065
-0.0260336
0.0037485
0.0116662
-0.0311030
-0.0395045
0.0024254
0.0264162
0.0242854
-0.0258460
-0.0079795
-0.0060357
0.0014120
0.0052901
0.0377409
0.0126602
-0.0350087
0.0385244
0.0274512
0.0444617
0.0469598
-0.0037437
0.0139796
-0.0108942
-0.0035211
-0.0124321
0.0062622
-0.0020895
-0.0414383
-0.0206899
-0.0073570
-0.0289582
0.0253589
0.0305322
0.0353863
-0.0337805
-0.0388431
-0.0349309
0.0032678
-0.0067111
0.0007618
0.0105914
-0.0105928
0.0374367
-0.0008603
-0.0192736
0.0414573
-0.0275349
-0.0254832
0.0379138
-0.0223419
-0.0280502
0.0167561
-0.0059635
-0.0054156
-0.0130443
-0.0176260
-0.0408157
-0.0041137
-0.0467083
-0.0102989
-0.0155072
0.0433278
0.0476306
0.0502150
-0.0342745
-0.0088495
-0.0302644
0.0186470
-0.0169871
0.0332538
0.0263461
0.0269601
-0.0144072
0.0316332
-0.0264518
-0.0208625
0.0564682
0.0213618
0.0422132
0.0416715
0.0404912
0.0129529
-0.0289267
-0.0380350
0.0127044
-0.0166354
0.0105199
-0.0579705
0.0218657
0.0282458
-0.0339961
-0.0029965
0.0058198
0.0522454
0.0739688
0.0321091
0.0679553
0.0500957
-0.0327869
-0.0204264
