-0.0256305
-0.0204167
-0.0115391
-0.0251264
-0.0077315
0.0130356
0.0159308
-0.0043828
0.0366641
-0.0041508
-0.0321243
0.0097995
0.0187064
0.0350340
0.0163560
-0.0175828
-0.0088924
-0.0178798
0.0117170
0.0093319
0.0387522
0.0095228
-0.0256027
-0.0350775
-0.0268828
0.0018779
0.0217487
-0.0328458
-0.0362659
0.0299322
0.0134992
0.0282839
0.0189381
0.0346818
0.0415989
0.0534062
-0.0230806
-0.0174166
-0.0157373
0.0005201
-0.0266196
0.0197204
-0.0250386
0.0004503
-0.0246146
0.0106291
-0.0472783
0.0060177
0.0030594
0.0068433
0.0250816
0.0339456
0.0573487
0.0424526
0.0842860
0.0499403
0.0157538
-0.0537085
-0.0438239
-0.1017732
-0.2110775
-0.2603035
-0.1120616
0.1272887
0.3525168
0.4135364
0.2348871
-0.0844527
-0.2722325
-0.2211683
-0.1668312
-0.0640107
-0.0284805
0.0031502
0.0087191
0.0592471
0.0488370
0.0319559
0.0536498
0.0368815
0.0331386
0.0295575
0.0133883
-0.0340749
0.0023314
-0.0309124
-0.0379911
0.0168223
-0.0498236
-0.0235650
-0.0341803
0.0031529
-0.0072783
-0.0044046
0.0494137
0.0507334
0.0025349
0.0273537
-0.0262355
-0.0120543
-0.0383251
-0.0313298
-0.0340805
0.0187348
-0.0328514
-0.0174578
0.0330489
0.0332313
-0.0077209
0.0308714
-0.0084626
0.0178990
-0.0321271
-0.0006597
0.0106998
-0.0146133
-0.0292950
-0.0108566
-0.0126798
0.0361733
0.0123730
-0.0096795
0.0364870
0.0164363
0.0171002
0.0040197
0.0237022
0.0234504
0.0264202
-0.0113881
0.0049373
0.0256732
0.0025366
0.0291068
0.0060740
0.0260161
0.0190265
-0.0085630
0.0333595
-0.0308783
0.0326135
0.0287755
-0.0312624
0.0203794
-0.0354961
0.0318602
0.0034948
-0.0343911
0.0232599
0.0273529
-0.0325042
-0.0322745
0.0094817
-0.0295673
0.0295918
-0.0241536
-0.0035455
-0.0098263
0.0319877
-0.0296288
0.0086394
0.0163047
-0.0280666
0.0286040
0.0009684
0.0395674
-0.0316497
-0.0355466
0.0386726
0.0404902
0.0157330
-0.0191820
0.0277190
0.0025177
0.0281953
-0.0322593
-0.0257832
0.0201583
0.0139528
0.0216798
-0.0218167
-0.0153321
-0.0129406
-0.0178029
0.0368004
0.0330044
0.0434725
0.0412074
-0.0147911
-0.0312210
-0.0011567
-0.0054344
-0.0024988
-0.0122802
-0.0014398
0.0058839
-0.0230538
-0.0027728
0.0063970
0.0103265
0.0327737
-0.0078719
0.0279557
0.0136772
-0.0077442
-0.0433746
0.0074284
-0.0198939
-0.0175940
-0.0145810
-0.0577567
-0.0435180
0.0264098
0.0486626
0.0299421
0.0144179
0.0428510
0.0440198
0.0900596
0.0736067
0.0278677
-0.0058903
-0.0234544
-0.0707416
-0.1728885
-0.2514168
-0.1860493
0.0069580
0.3222013
0.4564283
0.3815040
0.0844659
-0.1945668
-0.2452222
-0.2092275
-0.0735219
-0.0598728
-0.0129389
-0.0475297
0.0111761
0.0620917
0.0643022
0.0479798
0.0377778
0.0289220
0.0204784
0.0227347
0.0021609
-0.0361477
-0.0231149
-0.0221463
-0.0163406
0.0044356
-0.0258423
-0.0355034
-0.0259930
-0.0200626
-0.0115626
0.0379721
0.0047537
0.0057330
0.0437129
0.0377897
0.0164641
-0.0005841
-0.0145887
0.0323967
-0.0450444
-0.0423135
-0.0416261
0.0257870
-0.0363728
0.0268311
0.0135101
0.0113612
0.0377365
0.0067171
-0.0086279
0.0269655
-0.0338187
0.0294059
-0.0321000
0.0205204
-0.0138477
0.0315631
0.0032330
-0.0296376
-0.0179667
0.0220833
-0.0248442
0.0290700
0.0036016
0.0350023
0.0295894
0.0355879
0.0165317
-0.0232140
-0.0199845
0.0308607
0.0162325
0.0205723
0.0188634
0.0294027
-0.0012775
0.0266765
0.0039013
0.0195363
-0.0285360
0.0171183
0.0085410
0.0308914
-0.0281219
0.0262953
0.0251276
-0.0108477
-0.0154016
-0.0076331
0.0017428
0.0155756
-0.0166077
-0.0328098
-0.0162548
0.0358907
0.0188629
-0.0239726
-0.0067437
-0.0338961
-0.0004725
0.0161768
0.0296887
-0.0148810
-0.0183546
0.0388411
-0.0187237
-0.0174885
0.0303347
0.0072447
-0.0127146
-0.0027125
0.0213695
-0.0289378
0.0041110
-0.0333382
0.0110991
-0.0410684
0.0209463
-0.0034220
-0.0220323
0.0128694
-0.0087916
0.0389943
0.0249769
0.0241183
-0.0026956
0.0426514
0.0128206
0.0372944
-0.0183237
0.0161066
0.0362807
0.0235696
0.0167116
-0.0327942
0.0338990
-0.0315224
-0.0179177
0.0343584
-0.0096318
-0.0351052
0.0020627
-0.0037084
-0.0209256
-0.0094156
-0.0301205
0.0197942
0.0318817
-0.0417971
-0.0344755
-0.0074873
-0.0047849
0.0152354
-0.0403283
-0.0364771
-0.0323100
0.0440851
0.0158294
-0.0140172
0.0351522
0.0198438
-0.0024861
-0.0072961
0.0357489
-0.0110014
-0.0270274
-0.0199123
-0.0348191
0.0062977
-0.0325089
-0.0126501
0.0232862
0.0091926
0.0544190
0.0472782
0.0082228
0.0327170
0.0314668
0.0838598
0.0233033
-0.0025358
-0.0498548
-0.0764226
-0.1660179
-0.2149689
-0.2508248
-0.0421514
0.2425413
0.4638923
0.3737882
0.1257893
-0.1262037
-0.2560091
-0.2376651
-0.0761819
-0.0465184
-0.0502837
-0.0390987
-0.0226448
0.0397797
0.0757033
0.0793355
0.0369955
0.0548699
0.0392150
-0.0090610
0.0226831
-0.0390055
-0.0121806
-0.0152356
-0.0247897
-0.0053265
-0.0406348
0.0268251
0.0422503
0.0424254
0.0020702
0.0247900
-0.0072823
-0.0143616
0.0305449
-0.0165685
0.0015927
-0.0106961
-0.0042140
-0.0330294
0.0315429
-0.0172032
-0.0084287
-0.0412772
0.0059146
-0.0153591
-0.0025691
-0.0194433
-0.0154220
0.0040918
0.0166726
0.0058148
0.0207035
0.0019379
0.0324951
0.0255253
0.0300831
0.0056992
0.0266559
-0.0178081
-0.0086809
0.0160126
0.0310534
0.0027191
-0.0365869
-0.0252477
-0.0259657
0.0211672
0.0062237
0.0073685
0.0259333
-0.0387332
0.0148672
0.0118396
0.0036031
0.0114336
0.0167306
0.0355547
-0.0227293
-0.0380704
-0.0132112
0.0188190
0.0008293
-0.0391869
-0.0166058
-0.0095674
-0.0001551
-0.0213970
0.0351711
-0.0318463
-0.0395291
0.0261645
-0.0312060
0.0067788
0.0248543
-0.0240992
-0.0084911
0.0294014
-0.0204831
0.0324615
0.0340930
0.0376510
0.0016465
0.0092218
-0.0403426
0.0009020
-0.0185663
-0.0322329
0.0356277
0.0151801
0.0216591
0.0302982
-0.0253761
0.0126037
0.0052861
0.0150991
0.0256179
0.0086131
0.0349283
0.0344263
-0.0361855
-0.0257730
0.0350870
-0.0131602
-0.0052723
0.0183083
0.0272396
-0.0059285
-0.0257537
-0.0101036
0.0178549
-0.0224594
0.0114280
0.0349165
-0.0092903
0.0179463
-0.0013355
-0.0174088
0.0361925
-0.0269692
-0.0064344
0.0077026
0.0085446
-0.0222743
0.0117885
0.0121750
0.0301289
0.0106987
-0.0126029
0.0263398
0.0436618
0.0433551
0.0123140
-0.0208613
0.0257540
-0.0236867
0.0067716
0.0217886
-0.0482944
-0.0487650
-0.0407558
-0.0313135
-0.0109051
0.0135041
0.0480688
0.0278752
0.0496005
0.0213168
0.0271577
0.0394413
0.0132322
0.0145107
0.0159172
-0.0668822
-0.0628121
-0.1979434
-0.3009070
-0.2359364
-0.0132147
0.3101910
0.4320143
0.3354007
0.0532650
-0.2078039
-0.2384052
-0.1392637
-0.0851484
-0.0135504
-0.0672035
-0.0077472
0.0352446
0.0681565
0.0274547
0.0390896
0.0386444
0.0112589
0.0421532
-0.0001259
-0.0406048
-0.0091872
-0.0577486
-0.0242357
0.0137409
-0.0332037
0.0044175
0.0196653
0.0013044
0.0417561
0.0287526
0.0475217
-0.0014443
0.0229531
0.0335953
-0.0106212
-0.0372089
-0.0343931
-0.0003369
0.0104505
0.0292991
-0.0367391
0.0026410
-0.0187472
-0.0144401
0.0050031
0.0165724
0.0201160
-0.0368732
-0.0089396
-0.0184920
-0.0201981
0.0370354
0.0201162
0.0021568
0.0373870
0.0119881
-0.0087519
0.0059786
0.0251656
-0.0271203
-0.0158901
-0.0383520
-0.0061173
0.0285817
-0.0001691
-0.0206028
0.0047960
-0.0030230
-0.0121621
-0.0082269
-0.0085844
0.0348334
-0.0064920
0.0370344
0.0317691
-0.0212947
-0.0243283
0.0041864
0.0131091
-0.0175388
0.0234918
0.0135028
0.0183134
-0.0018644
-0.0001910
-0.0206666
0.0011810
0.0377251
-0.0044739
-0.0043419
-0.0160098
-0.0263819
0.0207913
-0.0205861
0.0376460
0.0021729
-0.0025314
0.0367568
-0.0097604
0.0393659
0.0259014
-0.0148241
0.0165164
-0.0382955
-0.0394645
-0.0151061
-0.0210689
0.0224486
0.0138277
0.0230864
-0.0273927
-0.0036906
-0.0141977
-0.0065495
-0.0011596
-0.0081340
0.0211111
-0.0056073
0.0153868
0.0028453
-0.0227369
0.0081779
0.0132859
0.0058718
0.0164031
0.0131556
-0.0126109
-0.0225805
0.0284759
0.0238731
0.0050375
-0.0043368
0.0026700
-0.0027164
0.0125380
0.0307629
0.0220915
0.0163121
0.0222040
0.0280997
-0.0020870
-0.0331210
0.0160035
0.0041112
-0.0323929
0.0137758
-0.0284806
0.0076139
-0.0154593
0.0219904
-0.0023728
0.0420999
0.0370281
-0.0242975
-0.0471071
-0.0108175
-0.0004411
-0.0014683
-0.0118078
-0.0159310
0.0350807
0.0059234
-0.0019707
0.0590485
0.0787681
0.0898017
0.0998250
0.0697336
0.0161514
0.0302814
-0.0693076
-0.1233805
-0.1506554
-0.2765152
-0.2283895
-0.0210538
0.3242534
0.4397325
0.3788898
0.1097362
-0.2209764
-0.2710160
-0.1604308
-0.0495561
-0.0245585
-0.0104327
-0.0390266
0.0593353
0.0437420
0.0637294
0.0204778
0.0506700
0.0390114
-0.0200885
-0.0154584
-0.0230757
0.0099498
-0.0485842
-0.0418752
-0.0564901
-0.0546124
-0.0140649
0.0036475
-0.0146919
-0.0278036
0.0365015
0.0352007
-0.0254094
0.0121436
-0.0281836
-0.0314963
-0.0266636
0.0275472
0.0042909
-0.0125459
-0.0020091
-0.0266813
-0.0345299
0.0017860
0.0171659
0.0222926
0.0302753
0.0380134
-0.0194858
-0.0035499
-0.0376251
-0.0157114
-0.0006598
0.0019010
-0.0016894
-0.0041308
-0.0110915
0.0343520
0.0068389
0.0132308
0.0039227
-0.0068783
-0.0053704
0.0057650
-0.0403690
-0.0410752
0.0042834
0.0265071
-0.0095687
-0.0136931
0.0078662
-0.0003353
-0.0153658
0.0287934
-0.0022704
0.0236649
0.0025529
-0.0264399
-0.0102725
0.0047520
0.0144681
-0.0167234
-0.0038126
0.0110770
-0.0388910
-0.0288855
-0.0404752
0.0366774
-0.0192866
0.0100721
0.0188087
-0.0307811
0.0185659
-0.0144785
0.0025183
-0.0152101
-0.0251342
0.0045368
-0.0245205
-0.0077791
0.0003661
0.0240006
-0.0112924
-0.0116117
0.0302310
-0.0105207
-0.0354480
-0.0131014
0.0260972
-0.0030785
0.0077922
-0.0402232
-0.0314560
-0.0393366
0.0042532
0.0353634
-0.0002370
0.0069564
0.0361930
-0.0296020
0.0295336
0.0165739
0.0112014
-0.0309225
0.0009099
0.0360374
-0.0157775
0.0324268
-0.0257744
-0.0014174
0.0098707
0.0253196
0.0058398
-0.0285292
-0.0133943
0.0317126
-0.0170568
-0.0046017
-0.0421262
-0.0125474
-0.0118729
-0.0041701
-0.0255858
-0.0449620
0.0091300
0.0251975
0.0248100
-0.0297981
0.0188918
-0.0078960
0.0019324
-0.0254778
0.0333757
-0.0106984
0.0126491
-0.0048948
-0.0173690
0.0109830
-0.0353399
-0.0509986
-0.0311817
-0.0090739
-0.0133877
0.0503996
0.0754457
0.0183014
0.0750460
0.0358126
0.0159992
0.0497262
-0.0052997
-0.0173056
-0.1365670
-0.2243932
-0.2359853
-0.2140937
0.0413642
0.3546639
0.5056503
0.3111598
0.0787382
-0.1739378
-0.2479212
-0.2209576
-0.0969733
-0.0684662
-0.0031045
-0.0334784
0.0473920
0.0755708
0.0332290
0.0355548
0.0781016
0.0561484
0.0209456
-0.0029859
0.0134110
-0.0529067
-0.0153458
0.0011139
-0.0357569
-0.0154817
0.0280936
-0.0387822
-0.0048583
0.0352242
0.0104837
0.0282378
-0.0016343
-0.0241450
-0.0262597
0.0049976
0.0121061
-0.0181231
-0.0286950
-0.0397520
-0.0172520
-0.0283306
0.0026601
0.0115247
-0.0137972
0.0288952
0.0446573
0.0090682
-0.0254611
0.0366194
-0.0401427
-0.0109440
0.0352068
0.0244576
0.0087577
0.0028337
0.0249933
0.0307981
0.0383429
0.0386513
0.0315669
-0.0328673
0.0115244
-0.0384129
0.0154682
0.0283792
-0.0092292
-0.0271537
0.0090667
0.0158820
-0.0168644
0.0298664
-0.0403635
0.0368488
-0.0176191
0.0259819
0.0063767
0.0309082
0.0232057
-0.0027184
-0.0283960
-0.0141821
-0.0271987
0.0373931
0.0355655
0.0309097
0.0170712
0.0263944
-0.0094838
0.0327165
0.0272707
-0.0269507
-0.0380328
-0.0085740
-0.0007744
0.0323174
-0.0403314
0.0138430
0.0158226
-0.0030911
0.0228158
-0.0201267
0.0185885
-0.0028796
0.0338662
-0.0047253
-0.0339560
-0.0299582
-0.0221689
0.0132335
0.0049334
0.0185182
0.0245154
-0.0243184
0.0118097
-0.0205419
-0.0192082
0.0058512
-0.0302523
0.0159956
-0.0162185
-0.0018160
0.0056984
-0.0342758
-0.0177540
-0.0380256
-0.0395760
0.0279947
0.0178111
-0.0020534
-0.0186644
0.0311549
0.0413651
0.0253736
0.0128548
0.0355761
-0.0042820
0.0228256
0.0299366
-0.0324357
-0.0145327
0.0313908
-0.0441140
0.0296125
0.0346522
-0.0348256
-0.0294441
0.0365069
0.0231286
0.0143172
0.0408503
0.0495160
-0.0264058
0.0190046
-0.0387324
-0.0147141
-0.0046046
0.0118841
-0.0390441
-0.0347758
-0.0218669
-0.0157245
0.0157758
0.0237737
0.0643492
0.0082247
0.0398569
0.0713368
0.0632127
-0.0039179
0.0286575
-0.0536209
-0.0854149
-0.1336994
-0.2119584
-0.2636032
-0.0806679
0.2635748
0.4383598
0.4397619
0.1585756
-0.1055155
-0.2381801
-0.2215835
-0.1233813
-0.0533070
-0.0412362
0.0077665
0.0347423
0.0467107
0.0948910
0.0619953
0.0713346
-0.0090664
0.0512089
0.0401141
0.0279019
-0.0218517
-0.0503860
-0.0363388
-0.0477590
-0.0469001
-0.0136250
-0.0313613
0.0202999
0.0093927
0.0251578
0.0313115
0.0257001
0.0323935
-0.0059053
0.0119077
0.0149678
0.0257779
-0.0417511
-0.0127028
-0.0377431
-0.0281397
0.0079168
-0.0421097
0.0222001
-0.0043714
-0.0137822
-0.0284119
-0.0236810
0.0112140
0.0243561
0.0083533
0.0309779
0.0139045
-0.0337697
0.0199777
0.0275484
-0.0148716
-0.0023384
-0.0291492
-0.0023850
0.0092056
-0.0290367
0.0010879
-0.0342020
0.0136890
-0.0259126
-0.0253459
0.0050100
0.0358493
0.0297553
0.0410075
0.0101800
0.0207727
-0.0220560
-0.0026860
0.0243671
0.0217442
-0.0143954
0.0075649
-0.0108018
-0.0019538
-0.0100898
0.0184595
-0.0085015
0.0093620
-0.0162793
0.0277783
-0.0142664
-0.0351487
-0.0333965
0.0347253
0.0338713
-0.0101790
-0.0393128
-0.0236655
0.0164105
0.0271781
0.0122869
0.0233538
0.0040775
0.0037498
0.0330716
-0.0247152
0.0226529
0.0298503
-0.0314725
-0.0065840
-0.0347933
0.0016260
0.0039424
0.0286894
0.0359743
0.0142213
-0.0186321
0.0258557
-0.0362731
0.0004313
0.0010379
0.0197062
-0.0093346
0.0172104
0.0135493
0.0161191
-0.0138566
-0.0035249
0.0148301
-0.0302535
0.0247664
-0.0379897
