0.0092098
-0.0189264
-0.0459779
0.0112015
-0.0110214
-0.0236010
-0.0316090
-0.0068964
-0.0291474
0.0250682
-0.0025600
0.0006596
-0.0185778
0.0041662
0.0267139
0.0217118
-0.0365930
-0.0314651
0.0385955
-0.0160423
-0.0322887
0.0057932
0.0273874
-0.0415261
-0.0431285
0.0284759
0.0039264
0.0270385
0.0137333
-0.0048539
-0.0066530
0.0340749
-0.0393539
0.0082810
-0.0310536
0.0153924
-0.0073943
-0.0089652
0.0243682
-0.0098703
0.0416157
0.0049892
-0.0175633
0.0139562
-0.0375254
-0.0217939
0.0156178
0.0235406
-0.0122744
-0.0360346
-0.0082873
-0.0231424
0.0293767
0.0356004
-0.0173443
-0.0162404
0.0199347
0.0050325
-0.0214727
-0.0038345
0.0306423
-0.0263048
0.0367348
0.0342899
0.0419961
-0.0448720
-0.0151629
-0.0082803
-0.0323900
-0.0012836
-0.0227179
-0.0434953
-0.0019223
-0.0081435
0.0245250
-0.0181672
-0.0053433
0.0404950
-0.0277015
-0.0427619
-0.0230177
0.0378239
-0.0038746
0.0124109
-0.0124845
-0.0214444
-0.0291128
-0.0206972
-0.0346245
-0.0425726
-0.0298566
0.0521932
0.0349950
-0.0084832
0.0583210
0.0447332
-0.0087726
-0.0103998
0.0321609
-0.0395434
-0.0292381
-0.0341438
0.0051333
-0.0299253
-0.0182519
-0.0204907
-0.0271953
0.0717053
0.0630741
0.0913245
0.0701110
0.1129230
0.0399955
0.0520064
0.0011912
-0.0523335
-0.0873949
-0.1990377
-0.3350574
-0.1913919
0.0882696
0.4096656
0.5454029
0.3159851
0.0080930
-0.2276244
-0.2710226
-0.1274313
-0.0174387
0.0159101
-0.0007377
-0.0253935
0.0288606
0.0197530
0.0729083
0.0730740
0.0674632
-0.0107045
0.0590935
0.0142798
-0.0229416
-0.0125879
-0.0425042
0.0006204
0.0209572
0.0095739
-0.0252062
-0.0197097
-0.0185201
0.0011105
-0.0180747
0.0029724
0.0115659
0.0277336
-0.0345307
-0.0289224
0.0160330
-0.0181067
-0.0320759
-0.0251122
0.0116508
-0.0369578
-0.0096001
-0.0183352
-0.0382105
-0.0250011
0.0176300
-0.0178691
0.0405646
0.0017659
0.0301017
0.0151863
0.0328255
-0.0221975
-0.0185445
0.0313950
-0.0016343
-0.0193331
0.0044222
0.0409157
0.0449887
0.0419963
-0.0002376
0.0299434
0.0386014
-0.0075002
0.0417718
0.0030114
0.0058673
0.0452478
-0.0415628
0.0221693
-0.0046732
-0.0286613
0.0222095
-0.0255533
-0.0347631
0.0158493
-0.0319953
-0.0358801
0.0275896
-0.0126922
0.0371909
0.0112411
-0.0271292
-0.0258158
0.0323792
0.0046342
0.0038511
-0.0207638
-0.0103101
-0.0106304
0.0065682
0.0053719
-0.0100443
0.0273468
-0.0344475
-0.0456366
0.0210202
0.0063675
0.0318545
-0.0214432
-0.0392592
-0.0293168
0.0254050
0.0205889
-0.0185107
-0.0047991
0.0435781
0.0272673
-0.0016096
0.0461051
0.0133047
0.0393017
-0.0198566
0.0464986
-0.0223428
0.0083585
0.0346998
0.0447268
0.0210627
0.0271719
0.0091066
0.0080021
0.0399278
0.0219344
-0.0253946
-0.0291751
-0.0322633
0.0241584
-0.0047696
-0.0165415
-0.0320089
-0.0027246
-0.0095236
0.0093208
0.0306509
-0.0134737
0.0373739
0.0148126
0.0444737
-0.0439409
0.0468632
-0.0099948
0.0138332
0.0436727
-0.0028457
-0.0187823
-0.0194500
-0.0423509
0.0195886
0.0352662
-0.0463504
0.0356190
-0.0029558
-0.0154246
0.0440430
0.0390260
0.0134609
0.0298661
0.0434312
-0.0373695
0.0145551
-0.0280566
-0.0278940
-0.0373868
0.0325068
-0.0454303
-0.0002693
-0.0450197
-0.0132783
-0.0152415
-0.0244981
-0.0338610
-0.0224608
0.0439586
0.0181508
0.0680718
-0.0187864
0.0309000
0.0029042
-0.0453098
-0.0262088
-0.0475454
-0.0632617
-0.0549047
-0.0030497
-0.0091439
0.0181544
-0.0147005
0.0440840
0.0566545
0.0431288
0.0536506
0.0455068
0.0894932
0.0387106
0.0427537
-0.0056205
-0.0073627
-0.1123944
-0.1837549
-0.2211544
-0.1738730
0.0697983
0.4137759
0.5192224
0.3370110
0.0109981
-0.2787279
-0.3086593
-0.1833420
-0.0650538
0.0184664
-0.0191115
-0.0005417
0.0893669
0.0703677
0.0621630
0.0151184
0.0588713
0.0063937
-0.0357653
0.0330776
0.0097641
0.0074717
-0.0033807
-0.0683371
-0.0656921
0.0013772
0.0289560
-0.0295297
-0.0009693
-0.0195040
0.0366571
-0.0276499
0.0101188
0.0190903
0.0282838
0.0413366
-0.0314377
0.0200535
0.0077198
-0.0534783
0.0167950
0.0328747
-0.0131858
0.0057684
0.0132444
-0.0355689
-0.0265275
-0.0293884
-0.0402248
0.0476253
-0.0316307
-0.0352840
-0.0329432
0.0212301
0.0428428
-0.0130294
0.0319551
-0.0046908
-0.0436278
0.0130048
-0.0344090
-0.0219863
-0.0070490
-0.0282793
-0.0037756
-0.0319805
0.0144691
0.0463312
-0.0102484
0.0345687
-0.0165514
-0.0189368
-0.0015722
-0.0168621
-0.0122342
-0.0375876
0.0079399
0.0472600
-0.0196140
-0.0372201
-0.0062820
-0.0423490
-0.0422935
-0.0060062
0.0372391
0.0297000
0.0057874
0.0280935
-0.0426596
-0.0019334
-0.0300061
0.0318171
0.0015180
-0.0058521
0.0301104
-0.0197439
-0.0330902
-0.0237565
0.0099112
0.0438555
0.0177751
-0.0191294
0.0300326
0.0148702
0.0402081
-0.0160393
0.0443582
-0.0173831
-0.0189284
-0.0319410
-0.0092805
-0.0169286
-0.0036568
-0.0186218
0.0246519
0.0096702
0.0370256
0.0374154
0.0451455
0.0358078
0.0204372
0.0305097
0.0280778
-0.0163832
-0.0093380
-0.0216166
-0.0014495
-0.0501378
-0.0459904
0.0263562
0.0107665
0.0265009
0.0303454
0.0436293
-0.0327477
0.0230584
0.0445330
-0.0124641
-0.0146981
-0.0433296
-0.0392843
0.0136042
0.0165607
0.0314698
0.0345459
-0.0378732
0.0195621
0.0311881
0.0224025
0.0072192
0.0147811
0.0220608
0.0583257
0.0178596
0.0144323
0.0411404
0.0309762
0.0009654
-0.0259156
0.0024239
-0.0386567
-0.0621542
-0.0696017
-0.0388893
-0.0441505
-0.0111634
0.0115661
0.0245256
0.0202597
0.0410974
0.0497180
0.0287851
-0.0120451
-0.0189995
-0.0944352
-0.1841748
-0.2783088
-0.3245415
-0.1285744
0.2218641
0.4874055
0.5731504
0.3031640
-0.1174501
-0.2930189
-0.3199394
-0.1944320
-0.0170556
-0.0627800
0.0128686
0.0206996
-0.0002382
0.0391873
0.0622148
0.0190752
0.0137439
-0.0095852
0.0587135
0.0242960
0.0110551
0.0154530
-0.0761316
-0.0617041
-0.0342318
0.0093622
-0.0368101
0.0433016
-0.0046960
0.0345709
0.0261709
0.0612919
0.0351300
0.0519640
0.0358394
-0.0063411
-0.0232087
-0.0204947
0.0088975
-0.0125003
-0.0361439
0.0089397
-0.0379192
-0.0295862
0.0448417
0.0216069
-0.0064605
0.0121310
-0.0388650
-0.0258777
-0.0224660
-0.0408165
-0.0407017
0.0339872
-0.0222350
0.0142522
-0.0371420
0.0180717
-0.0224251
0.0363942
-0.0370802
-0.0300517
-0.0106265
-0.0290487
-0.0396329
0.0436103
0.0116075
0.0445793
-0.0226539
-0.0302699
-0.0265731
-0.0187289
-0.0055559
-0.0153341
0.0144134
0.0066134
0.0286513
-0.0078019
0.0205821
0.0027118
0.0318404
-0.0294856
0.0090425
-0.0246943
0.0144663
-0.0000534
-0.0486971
0.0190543
-0.0271281
0.0223237
-0.0473281
0.0005270
-0.0173666
-0.0158209
0.0357092
0.0317754
-0.0014427
0.0142195
-0.0073343
-0.0333376
0.0067351
-0.0441420
-0.0197478
-0.0109058
-0.0063011
0.0182772
0.0442158
-0.0457147
0.0230081
-0.0137287
0.0401283
-0.0287979
0.0404068
0.0186682
-0.0009315
-0.0335886
0.0168681
-0.0311399
-0.0291887
0.0136810
-0.0008118
0.0316670
-0.0112939
-0.0010910
-0.0288340
-0.0163778
-0.0447434
-0.0470026
0.0386829
0.0379289
0.0318071
0.0009533
0.0196113
0.0186825
-0.0183321
0.0390650
0.0120175
-0.0173871
0.0276968
0.0164975
0.0330212
0.0327358
-0.0074391
-0.0464358
-0.0479397
0.0157807
0.0006492
0.0498968
-0.0186189
0.0506427
0.0220129
-0.0281733
0.0335743
0.0162779
0.0234718
0.0124204
-0.0401958
-0.0376243
-0.0402181
-0.0571049
-0.0003063
-0.0316064
-0.0217360
-0.0054489
0.0205807
0.0720627
0.0888891
0.0871292
0.1114015
0.0159348
-0.0068290
-0.0424227
-0.0775701
-0.1209830
-0.2661173
-0.3434316
-0.1354573
0.2068542
0.4831615
0.5494804
0.2665727
-0.0406180
-0.2774232
-0.2396927
-0.1848685
-0.0597163
-0.0589673
-0.0333507
-0.0307264
0.0368675
0.0522674
0.0708539
0.0500942
0.0698052
0.0700509
0.0380715
0.0023992
-0.0322798
-0.0120304
0.0123924
-0.0536731
-0.0568833
0.0219507
0.0071771
-0.0020182
0.0253175
0.0014294
0.0285910
-0.0235041
0.0198134
0.0272774
-0.0179858
0.0164723
-0.0471597
-0.0478199
-0.0082969
0.0327788
0.0295840
0.0128232
0.0244834
-0.0382714
-0.0067470
-0.0081371
0.0028965
0.0254292
-0.0243822
0.0000863
-0.0169616
0.0194878
-0.0359522
-0.0240564
-0.0045789
-0.0348118
-0.0288836
0.0345905
-0.0141791
-0.0300667
0.0027426
-0.0169222
-0.0191711
-0.0348187
-0.0311350
-0.0118226
-0.0262694
-0.0349241
0.0134895
-0.0375870
0.0381827
0.0324654
-0.0127308
0.0355866
-0.0311357
0.0052166
-0.0341938
-0.0062282
-0.0110784
0.0353133
0.0099045
0.0433953
-0.0159196
0.0055221
-0.0256030
0.0276488
0.0170036
-0.0115787
0.0330548
-0.0202166
-0.0158882
0.0329261
0.0437394
0.0441669
-0.0034036
0.0363447
0.0425295
-0.0218092
0.0448279
0.0155223
0.0153993
-0.0168671
0.0416043
-0.0360603
-0.0195910
-0.0122280
-0.0460389
0.0020439
-0.0072371
-0.0310553
0.0248826
-0.0251499
-0.0291045
-0.0442061
0.0421314
-0.0256341
-0.0119970
-0.0007132
-0.0388283
-0.0207286
-0.0100337
-0.0000202
0.0279885
-0.0291488
-0.0472563
0.0193324
0.0080025
-0.0470094
-0.0288786
-0.0414998
0.0133080
-0.0071557
-0.0286788
-0.0036401
0.0080302
-0.0366923
-0.0410804
-0.0281717
-0.0006131
-0.0241654
-0.0066496
-0.0423701
-0.0203546
0.0147553
0.0037600
-0.0155029
0.0226513
0.0463825
-0.0356040
-0.0123749
0.0049320
0.0019183
0.0231452
-0.0077351
0.0369529
-0.0421243
-0.0555348
-0.0574704
-0.0537766
0.0182056
0.0065218
-0.0602054
0.0009598
0.0474451
0.0169317
0.0482239
0.0475990
0.0865929
0.0815846
0.0743527
0.0564024
-0.0337088
-0.0241341
-0.0678606
-0.1629809
-0.2702208
-0.2222591
0.0030703
0.3723601
0.4744853
0.3406075
0.0155753
-0.2549443
-0.3292059
-0.1918557
-0.0925937
-0.0005249
-0.0037747
0.0153038
0.0070787
0.0689176
0.0461022
0.0911860
0.0789249
0.0318109
-0.0245178
-0.0140499
-0.0481916
-0.0232033
0.0113174
-0.0422845
0.0249239
-0.0253366
-0.0503687
-0.0304383
0.0480598
0.0008683
0.0114197
0.0530257
-0.0054900
-0.0101575
0.0235939
0.0008743
-0.0076851
0.0196730
-0.0047540
-0.0386099
-0.0162960
-0.0297581
-0.0207444
-0.0354093
0.0380029
-0.0252079
0.0217197
0.0346977
-0.0353593
0.0265924
-0.0047948
-0.0044969
-0.0226972
0.0131746
0.0296919
-0.0202439
-0.0249004
0.0172918
0.0232165
-0.0328506
0.0361589
0.0250211
-0.0309912
-0.0208044
-0.0238094
-0.0011881
-0.0420950
0.0263670
-0.0108141
0.0350431
-0.0490291
-0.0122068
0.0052912
0.0011355
-0.0236524
0.0473529
0.0091254
0.0127326
-0.0092480
0.0055392
-0.0104870
-0.0086808
-0.0372587
-0.0061635
0.0352648
-0.0113252
0.0402709
-0.0450438
0.0320179
0.0083326
0.0158486
0.0043364
0.0486267
-0.0229141
0.0070636
-0.0062476
0.0397278
-0.0359556
-0.0285654
-0.0290362
0.0408754
-0.0269424
0.0136997
-0.0303502
0.0234958
0.0056108
-0.0195168
-0.0381055
0.0111049
-0.0258220
-0.0493419
0.0301451
0.0243247
-0.0288691
-0.0155632
0.0362770
-0.0431436
0.0226984
-0.0323130
-0.0128560
-0.0322217
-0.0226059
-0.0319160
0.0137523
-0.0011942
0.0430708
-0.0209230
0.0211567
-0.0218861
0.0366923
-0.0411574
0.0267392
0.0440664
-0.0324177
-0.0180907
-0.0358449
0.0004670
-0.0157564
0.0010092
0.0156171
-0.0499196
-0.0354421
-0.0471640
-0.0197614
-0.0033935
0.0356197
0.0386553
0.0119153
-0.0205347
-0.0299687
-0.0274846
0.0264477
-0.0055346
0.0222528
0.0002779
-0.0049838
0.0199118
-0.0368903
-0.0457907
-0.0115153
0.0236390
-0.0353847
0.0256144
0.0351052
0.0303204
-0.0102657
0.0020064
0.0243075
0.0823923
0.0470488
0.0089796
-0.0265683
-0.0061998
-0.0526598
-0.2079255
-0.2550197
-0.2255932
-0.0038292
0.3363110
0.4904365
0.4248148
0.0870292
-0.2093443
-0.3012691
-0.1764646
-0.0995181
0.0169063
-0.0371346
-0.0434290
0.0040345
0.1034863
0.0941514
0.0550703
-0.0069249
0.0103801
-0.0272023
0.0171120
0.0175094
-0.0268376
-0.0075260
-0.0133013
-0.0078981
-0.0539015
-0.0178249
-0.0136166
-0.0002378
-0.0253777
-0.0126398
0.0231150
0.0255488
-0.0190122
0.0418905
-0.0302352
0.0191823
-0.0264639
-0.0004306
0.0161755
-0.0175190
0.0374086
-0.0445870
-0.0176435
-0.0367484
-0.0251758
0.0434653
0.0238706
-0.0297125
-0.0375622
0.0312533
-0.0196721
-0.0006207
-0.0019208
-0.0410799
0.0135509
-0.0017242
-0.0148189
0.0381680
-0.0185443
-0.0028157
0.0007552
0.0092531
0.0327907
-0.0405544
0.0036981
0.0076534
0.0055725
0.0465612
-0.0302475
-0.0018648
0.0399770
0.0015926
-0.0362321
0.0336653
0.0100335
-0.0318752
0.0349626
0.0337724
0.0125879
-0.0416874
-0.0208457
-0.0142172
-0.0203823
-0.0417830
-0.0039162
0.0112505
0.0257774
-0.0361479
0.0274345
0.0418395
0.0288333
0.0421896
-0.0066701
0.0195737
-0.0116624
-0.0250137
0.0381394
-0.0186452
-0.0160689
-0.0383266
-0.0435009
0.0392767
0.0320846
0.0060600
-0.0124389
-0.0112575
-0.0180294
0.0412314
-0.0420767
0.0464579
-0.0083633
0.0300447
0.0336453
-0.0427272
0.0030320
-0.0443830
-0.0394741
-0.0220069
-0.0412019
-0.0267884
-0.0184888
0.0448660
-0.0385841
-0.0297769
-0.0241322
-0.0154804
0.0316881
-0.0238357
-0.0273776
-0.0345490
-0.0235425
0.0183494
0.0319146
-0.0162991
-0.0116778
0.0022432
-0.0478657
-0.0100751
0.0348226
0.0361557
-0.0420533
-0.0012792
-0.0022737
0.0136333
0.0039926
-0.0186669
0.0530965
-0.0004666
0.0614224
0.0584304
0.0252714
-0.0231578
0.0402695
-0.0419340
-0.0019712
-0.0361217
-0.0437751
0.0062586
-0.0691090
0.0123840
-0.0103263
-0.0134886
0.0522246
0.0842104
0.0245989
0.0906117
0.0833781
0.0367842
0.0439056
0.0247878
0.0146358
-0.0765819
-0.2150820
-0.2754572
-0.3195424
-0.0917396
0.2597029
0.4795356
0.4831935
0.2526257
-0.0978463
-0.3449389
-0.2747473
-0.1400165
-0.0508513
-0.0447172
-0.0386219
-0.0119032
0.0483951
0.0254175
0.0903848
0.0037382
0.0571768
0.0361626
-0.0231996
-0.0321218
-0.0654236
-0.0274377
-0.0201827
-0.0587308
-0.0128200
-0.0044450
-0.0280200
-0.0080766
-0.0273778
0.0040754
-0.0115584
0.0337266
0.0432818
-0.0258576
-0.0176763
-0.0354956
0.0343311
0.0009116
-0.0374850
