0.0381827
0.0324654
-0.0127308
0.0355866
-0.0311357
0.0052166
-0.0341938
-0.0062282
-0.0110784
0.0353133
0.0099045
0.0433953
-0.0159196
0.0055221
-0.0256030
0.0276488
0.0170036
-0.0115787
0.0330548
-0.0202166
-0.0158882
0.0329261
0.0437394
0.0441669
-0.0034036
0.0363447
0.0425295
-0.0218092
0.0448279
0.0155223
0.0153993
-0.0168671
0.0416043
-0.0360603
-0.0195910
-0.0122280
-0.0460389
0.0020439
-0.0072371
-0.0310553
0.0248826
-0.0251499
-0.0291045
-0.0442061
0.0421314
-0.0256341
-0.0119970
-0.0007132
-0.0388283
-0.0207286
-0.0100337
-0.0000202
0.0279885
-0.0291488
-0.0472563
0.0193324
0.0080025
-0.0470094
-0.0288786
-0.0414998
0.0133080
-0.0071557
-0.0286788
-0.0036401
0.0080302
-0.0366923
-0.0410804
-0.0281717
-0.0006131
-0.0241654
-0.0066496
-0.0423701
-0.0203546
0.0147553
0.0037600
-0.0155029
0.0226513
0.0463825
-0.0356040
-0.0123749
0.0049320
0.0019183
0.0231452
-0.0077351
0.0369529
-0.0421243
-0.0555348
-0.0574704
-0.0537766
0.0182056
0.0065218
-0.0602054
0.0009598
0.0474451
0.0169317
0.0482239
0.0475990
0.0865929
0.0815846
0.0743527
0.0564024
-0.0337088
-0.0241341
-0.0678606
-0.1629809
-0.2702208
-0.2222591
0.0030703
0.3723601
0.4744853
0.3406075
0.0155753
-0.2549443
-0.3292059
-0.1918557
-0.0925937
-0.0005249
-0.0037747
0.0153038
0.0070787
0.0689176
0.0461022
0.0911860
0.0789249
0.0318109
-0.0245178
-0.0140499
-0.0481916
-0.0232033
0.0113174
-0.0422845
0.0249239
-0.0253366
-0.0503687
-0.0304383
0.0480598
0.0008683
0.0114197
0.0530257
-0.0054900
-0.0101575
0.0235939
0.0008743
-0.0076851
0.0196730
-0.0047540
-0.0386099
-0.0162960
-0.0297581
-0.0207444
-0.0354093
0.0380029
-0.0252079
0.0217197
0.0346977
-0.0353593
0.0265924
-0.0047948
-0.0044969
-0.0226972
0.0131746
0.0296919
-0.0202439
-0.0249004
0.0172918
0.0232165
-0.0328506
0.0361589
0.0250211
-0.0309912
-0.0208044
-0.0238094
-0.0011881
-0.0420950
0.0263670
-0.0108141
0.0350431
-0.0490291
-0.0122068
0.0052912
0.0011355
-0.0236524
0.0473529
0.0091254
0.0127326
-0.0092480
0.0055392
-0.0104870
-0.0086808
-0.0372587
-0.0061635
0.0352648
-0.0113252
0.0402709
-0.0450438
0.0320179
0.0083326
0.0158486
0.0043364
0.0486267
-0.0229141
0.0070636
-0.0062476
0.0397278
-0.0359556
-0.0285654
-0.0290362
0.0408754
-0.0269424
0.0136997
-0.0303502
0.0234958
0.0056108
-0.0195168
-0.0381055
0.0111049
-0.0258220
-0.0493419
0.0301451
0.0243247
-0.0288691
-0.0155632
0.0362770
-0.0431436
0.0226984
-0.0323130
-0.0128560
-0.0322217
-0.0226059
-0.0319160
0.0137523
-0.0011942
0.0430708
-0.0209230
0.0211567
-0.0218861
0.0366923
-0.0411574
0.0267392
0.0440664
-0.0324177
-0.0180907
-0.0358449
0.0004670
-0.0157564
0.0010092
0.0156171
-0.0499196
-0.0354421
-0.0471640
-0.0197614
-0.0033935
0.0356197
0.0386553
0.0119153
-0.0205347
-0.0299687
-0.0274846
0.0264477
-0.0055346
0.0222528
0.0002779
-0.0049838
0.0199118
-0.0368903
-0.0457907
-0.0115153
0.0236390
-0.0353847
0.0256144
0.0351052
0.0303204
-0.0102657
0.0020064
0.0243075
0.0823923
0.0470488
0.0089796
-0.0265683
-0.0061998
-0.0526598
-0.2079255
-0.2550197
-0.2255932
-0.0038292
0.3363110
0.4904365
0.4248148
0.0870292
-0.2093443
-0.3012691
-0.1764646
-0.0995181
0.0169063
-0.0371346
-0.0434290
0.0040345
0.1034863
0.0941514
0.0550703
-0.0069249
0.0103801
-0.0272023
0.0171120
0.0175094
-0.0268376
-0.0075260
-0.0133013
-0.0078981
-0.0539015
-0.0178249
-0.0136166
-0.0002378
-0.0253777
-0.0126398
0.0231150
0.0255488
-0.0190122
0.0418905
-0.0302352
0.0191823
-0.0264639
-0.0004306
0.0161755
-0.0175190
0.0374086
-0.0445870
-0.0176435
-0.0367484
-0.0251758
0.0434653
0.0238706
-0.0297125
-0.0375622
0.0312533
-0.0196721
-0.0006207
-0.0019208
-0.0410799
0.0135509
-0.0017242
-0.0148189
0.0381680
-0.0185443
-0.0028157
0.0007552
0.0092531
0.0327907
-0.0405544
0.0036981
0.0076534
0.0055725
0.0465612
-0.0302475
-0.0018648
0.0399770
0.0015926
-0.0362321
0.0336653
0.0100335
-0.0318752
0.0349626
0.0337724
0.0125879
-0.0416874
-0.0208457
-0.0142172
-0.0203823
-0.0417830
-0.0039162
0.0112505
0.0257774
-0.0361479
0.0274345
0.0418395
0.0288333
0.0421896
-0.0066701
0.0195737
-0.0116624
-0.0250137
0.0381394
-0.0186452
-0.0160689
-0.0383266
-0.0435009
0.0392767
0.0320846
0.0060600
-0.0124389
-0.0112575
-0.0180294
0.0412314
-0.0420767
0.0464579
-0.0083633
0.0300447
0.0336453
-0.0427272
0.0030320
-0.0443830
-0.0394741
-0.0220069
-0.0412019
-0.0267884
-0.0184888
0.0448660
-0.0385841
-0.0297769
-0.0241322
-0.0154804
0.0316881
-0.0238357
-0.0273776
-0.0345490
-0.0235425
0.0183494
0.0319146
-0.0162991
-0.0116778
0.0022432
-0.0478657
-0.0100751
0.0348226
0.0361557
-0.0420533
-0.0012792
-0.0022737
0.0136333
0.0039926
-0.0186669
0.0530965
-0.0004666
0.0614224
0.0584304
0.0252714
-0.0231578
0.0402695
-0.0419340
-0.0019712
-0.0361217
-0.0437751
0.0062586
-0.0691090
0.0123840
-0.0103263
-0.0134886
0.0522246
0.0842104
0.0245989
0.0906117
0.0833781
0.0367842
0.0439056
0.0247878
0.0146358
-0.0765819
-0.2150820
-0.2754572
-0.3195424
-0.0917396
0.2597029
0.4795356
0.4831935
0.2526257
-0.0978463
-0.3449389
-0.2747473
-0.1400165
-0.0508513
-0.0447172
-0.0386219
-0.0119032
0.0483951
0.0254175
0.0903848
0.0037382
0.0571768
0.0361626
-0.0231996
-0.0321218
-0.0654236
-0.0274377
-0.0201827
-0.0587308
-0.0128200
-0.0044450
-0.0280200
-0.0080766
-0.0273778
0.0040754
-0.0115584
0.0337266
0.0432818
-0.0258576
-0.0176763
-0.0354956
0.0343311
0.0009116
-0.0374850
-0.0479678
0.0164510
0.0012000
-0.0312626
-0.0057084
0.0208364
0.0135043
-0.0188827
-0.0115856
-0.0259838
0.0105740
0.0300619
0.0125151
0.0334026
0.0167390
-0.0450650
-0.0523141
0.0363600
-0.0391897
-0.0361177
0.0155315
0.0086831
0.0313556
-0.0035049
-0.0207966
-0.0309701
0.0086016
-0.0189851
-0.0346551
-0.0229668
-0.0468775
-0.0056742
0.0027116
-0.0399453
-0.0318137
0.0284937
-0.0146180
-0.0242231
0.0062394
-0.0323110
0.0438681
-0.0274477
-0.0067570
-0.0053446
0.0320521
0.0326980
-0.0262203
-0.0270645
-0.0197356
0.0284359
-0.0590832
0.0106535
-0.0285594
-0.0108094
-0.0308465
0.0172474
0.0214479
0.0401125
0.0411331
0.0336831
0.0437296
0.0910183
0.0499840
0.0197376
0.0757965
-0.0134464
-0.0744991
-0.2171006
-0.1587159
-0.0862470
0.0131239
0.1238690
0.1890832
0.2039370
0.1429993
0.1000752
0.0182594
-0.0941197
-0.0913943
-0.1601992
-0.1169337
-0.0554255
-0.0513352
-0.0445060
0.0202808
0.0113278
0.0497821
0.0057849
-0.0032948
0.0272553
0.0066146
0.0188950
0.0374282
-0.0533052
-0.0311343
-0.0372065
-0.0477419
-0.0300936
-0.0091085
-0.0043355
0.0071271
0.0042032
0.0156666
0.0507766
-0.0041293
-0.0211541
0.0496971
-0.0331605
0.0129111
0.0385509
-0.0109041
-0.0400271
-0.0297637
-0.0469056
0.0080465
0.0222808
-0.0148746
0.0381227
0.0037178
0.0480621
0.0015506
-0.0378005
-0.0342390
0.0158930
-0.0229172
-0.0122690
-0.0163014
0.0284074
0.0115481
0.0415437
0.0367416
0.0052689
0.0077620
-0.0130143
-0.0039474
-0.0199222
-0.0380187
0.0387018
-0.0062524
-0.0346577
-0.0136900
-0.0276159
-0.0079336
-0.0016094
-0.0439594
-0.0079190
-0.0114219
-0.0411384
0.0411185
0.0297680
0.0245645
-0.0111239
0.0169119
0.0078782
-0.0033862
0.0380982
-0.0094923
0.0295450
0.0147954
0.0053670
0.0417273
0.0103062
-0.0326624
-0.0004444
-0.0149433
-0.0042424
-0.0036122
-0.0066481
-0.0027212
-0.0092710
-0.0262060
0.0294692
0.0228199
-0.0053338
-0.0389147
-0.0020033
0.0309225
-0.0388247
-0.0376344
0.0226265
-0.0427715
-0.0161413
-0.0033378
0.0167473
0.0448639
-0.0404293
0.0166306
0.0415723
0.0235225
0.0120151
-0.0232026
-0.0450897
-0.0204047
-0.0442749
0.0339803
0.0241241
-0.0118797
-0.0050650
-0.0335008
0.0092311
0.0147902
0.0051347
-0.0089027
-0.0334434
0.0245602
0.0217877
0.0149206
-0.0258165
-0.0389633
-0.0358388
-0.0123692
-0.0244237
-0.0128911
-0.0347010
0.0179384
-0.0289012
-0.0270643
0.0454637
0.0085401
0.0090896
0.0228598
0.0382863
-0.0306887
-0.0140956
0.0159062
-0.0031329
-0.0460785
-0.0414713
-0.0182531
0.0227399
-0.0188086
-0.0442589
0.0153064
0.0428680
0.0219279
0.0202127
-0.0397446
-0.0097598
0.0195448
-0.0146438
-0.0415735
0.0016461
-0.0356625
0.0223206
-0.0080561
0.0077772
-0.0018440
0.0024182
0.0056799
0.0142756
-0.0243097
0.0172157
0.0405228
0.0480230
-0.0290034
0.0050310
-0.0098335
0.0395368
-0.0491709
-0.0461630
0.0182634
-0.0490078
-0.0054006
-0.0109529
-0.0450835
0.0196519
0.0371868
0.0343356
-0.0007291
0.0111633
-0.0267448
0.0306068
0.0425880
0.0016600
0.0240640
-0.0234665
0.0031765
0.0188890
-0.0341356
0.0008350
0.0191256
0.0480456
-0.0164562
0.0273698
0.0660797
0.0149423
-0.0232554
0.0418878
-0.0266368
0.0152107
-0.0245392
-0.0193492
-0.0317744
-0.0231574
-0.0115742
-0.0147862
0.0346267
-0.0162699
0.0528479
0.0182058
0.0065511
0.0391789
0.0647507
0.0602518
0.0086420
-0.0283756
0.0116209
-0.0354647
-0.1208153
-0.1731396
-0.2286190
-0.1783706
0.0124387
0.2987140
0.4577775
0.3496390
0.0753713
-0.2564001
-0.3310151
-0.2031029
-0.0523430
0.0106350
-0.0061982
-0.0388584
0.0178382
0.0922295
0.0815892
0.0097318
-0.0009750
0.0462881
0.0318275
-0.0500130
-0.0430309
-0.0558964
-0.0363579
-0.0524355
-0.0006603
-0.0415125
-0.0351027
-0.0378672
-0.0252909
0.0496730
-0.0196352
0.0526760
0.0503463
-0.0055612
0.0281189
-0.0181242
0.0411757
-0.0069971
0.0230549
-0.0277310
0.0068707
-0.0368523
-0.0119361
0.0344114
-0.0033736
-0.0015455
0.0078731
-0.0009963
0.0369144
-0.0024008
0.0435169
-0.0296690
0.0363474
0.0091786
0.0033605
-0.0065215
0.0335016
0.0412421
0.0292220
0.0375615
0.0319863
0.0299589
0.0202563
0.0038992
-0.0274336
0.0180119
0.0373124
0.0409304
0.0275068
0.0220683
-0.0380033
0.0347209
-0.0337064
-0.0174742
-0.0287998
0.0278426
-0.0136356
-0.0193191
-0.0334405
0.0002911
-0.0028791
-0.0042556
0.0407581
-0.0225316
0.0013203
-0.0028491
-0.0140585
-0.0273778
0.0296845
0.0446282
0.0370502
-0.0462594
0.0254228
0.0395629
-0.0304841
-0.0022979
-0.0227590
0.0375800
0.0369470
-0.0261156
-0.0224968
0.0103161
-0.0320401
-0.0418918
0.0270752
-0.0153286
0.0178382
-0.0393874
-0.0455376
0.0132987
0.0243735
0.0256373
0.0332451
0.0046691
-0.0040352
0.0342834
0.0428611
-0.0412226
-0.0158370
-0.0133433
-0.0388931
-0.0149657
0.0113999
0.0475371
-0.0417480
0.0176945
-0.0167909
-0.0323110
0.0411342
-0.0061189
-0.0254639
0.0460251
-0.0109960
0.0251585
0.0433588
0.0078894
0.0148257
-0.0307017
0.0455773
0.0038982
0.0240257
0.0002235
0.0313923
0.0196733
0.0152536
-0.0471558
-0.0219896
-0.0287945
-0.0506937
-0.0331556
0.0061048
-0.0318811
0.0418146
0.0182480
0.0027945
-0.0357610
0.0459695
0.0110943
-0.0424622
-0.0390967
-0.0192092
0.0123505
-0.0436075
-0.0113529
-0.0286096
0.0118149
0.0276533
0.0182148
0.0748935
0.0469955
0.0520487
0.0306955
0.0791626
-0.0258024
-0.0342596
-0.0277521
-0.1024625
-0.1602124
-0.2230881
-0.2249369
-0.0522712
0.3269446
0.4790133
0.3157324
0.0471050
-0.2208236
-0.2567947
-0.1590804
-0.0672112
-0.0052569
-0.0336241
-0.0446943
0.0185547
0.0071117
0.0195388
0.0787925
0.0241446
0.0449729
-0.0098145
-0.0431578
-0.0320599
0.0010666
-0.0678894
-0.0264448
-0.0136475
0.0220159
0.0197132
-0.0053757
-0.0115039
0.0136059
0.0551254
-0.0138588
-0.0175185
0.0183784
0.0370173
-0.0300256
0.0032880
-0.0453201
-0.0504717
-0.0430340
0.0284490
-0.0052310
-0.0051128
-0.0057825
0.0010617
-0.0027182
0.0075488
0.0285035
0.0217083
0.0144454
0.0134661
-0.0266275
-0.0380985
0.0158921
0.0273154
0.0034131
-0.0275369
0.0086389
-0.0254977
0.0054267
0.0186324
-0.0015743
-0.0076201
0.0059892
0.0095167
-0.0422227
-0.0112586
-0.0176728
-0.0023829
0.0083277
0.0411443
-0.0229918
-0.0088779
-0.0442845
0.0040531
-0.0045936
0.0427716
0.0174190
-0.0080895
-0.0042802
-0.0378698
-0.0372224
0.0008534
0.0350847
-0.0293614
-0.0001616
-0.0067718
0.0416420
0.0097944
0.0164402
0.0009935
0.0424848
0.0103912
-0.0353236
0.0423644
0.0135340
0.0374143
0.0302895
0.0006789
0.0379179
-0.0006328
-0.0286180
-0.0455163
0.0324853
0.0039917
0.0139886
-0.0186664
-0.0197856
-0.0426305
-0.0083887
-0.0259979
-0.0016108
-0.0130970
-0.0414498
-0.0250665
0.0173481
-0.0207926
0.0411044
-0.0035898
-0.0066819
0.0001913
-0.0457177
-0.0131507
-0.0095299
-0.0399169
-0.0103170
-0.0233423
-0.0377722
0.0417579
-0.0423846
-0.0400389
-0.0126101
0.0428393
0.0363167
0.0190593
0.0198055
0.0401223
0.0305543
0.0283613
-0.0141683
-0.0094970
-0.0392227
-0.0362603
0.0249592
-0.0010869
0.0122634
-0.0388975
-0.0166570
0.0274934
-0.0008653
0.0333491
-0.0000708
0.0110966
-0.0117632
-0.0443704
-0.0331652
-0.0525269
-0.0056826
-0.0063071
0.0000750
-0.0241267
-0.0466017
-0.0407464
0.0221830
0.0195164
0.0259579
0.0714364
0.0383762
0.0780366
0.0898962
0.0250998
0.0038409
-0.0903847
-0.1304557
-0.2355318
-0.3374908
-0.1706868
0.1152999
0.4293964
0.5178836
0.3179524
-0.0216726
-0.2485748
-0.3164394
-0.1567962
-0.0452142
-0.0419229
0.0019170
0.0212044
0.0415741
0.0811099
0.0520522
0.0623971
0.0778317
0.0266510
0.0016039
0.0393365
-0.0073136
0.0186348
-0.0723459
-0.0576290
-0.0179999
-0.0014641
0.0288585
0.0053959
0.0462649
0.0329635
0.0377989
-0.0207840
0.0043588
0.0145377
-0.0212440
-0.0373573
0.0098664
0.0118463
-0.0010941
0.0311486
-0.0370479
0.0253958
-0.0301633
0.0326785
-0.0225807
0.0046887
-0.0127026
0.0360723
0.0255948
0.0044292
-0.0312824
-0.0236188
0.0178017
-0.0179523
0.0237775
-0.0385519
-0.0032063
-0.0423017
-0.0117443
0.0383303
0.0337038
0.0274241
0.0174412
-0.0450850
0.0331538
-0.0297316
0.0454517
-0.0356156
-0.0387830
-0.0488832
0.0093806
0.0365047
-0.0215745
-0.0028683
-0.0327610
0.0301905
-0.0130825
0.0189433
0.0405745
0.0145029
0.0263208
