-0.0078136
0.0343582
0.0042183
-0.0021959
0.0119135
0.0353489
0.0226473
-0.0167608
-0.0135943
-0.0453899
-0.0357961
-0.0018729
-0.0091363
-0.0122397
0.0015084
-0.0027486
0.0065654
0.0449947
0.0239769
0.0306202
0.0609191
0.0807575
0.0137305
0.0473776
0.0302718
-0.1058046
-0.1814836
-0.2085147
-0.1213982
0.0595830
0.2007962
0.2734149
0.1993276
0.0226708
-0.0876070
-0.1433043
-0.1121130
-0.1000628
-0.0074820
-0.0050584
0.0307548
0.0278391
0.0139165
0.0140061
-0.0084466
0.0308242
-0.0066143
0.0210964
0.0359486
-0.0087123
-0.0083662
0.0135128
0.0041018
-0.0403670
-0.0305100
-0.0216681
-0.0167166
-0.0057040
-0.0001601
-0.0185763
0.0186660
0.0338817
-0.0039262
0.0564800
0.0449545
0.0186779
0.0416717
-0.0224960
-0.0072106
-0.0228664
-0.0402567
-0.0743485
-0.0384945
-0.0148537
0.0028619
0.0045269
0.0311930
0.0857597
0.0966848
0.0991300
0.0696422
0.1075695
0.0800782
-0.0062055
-0.1081307
-0.1972196
-0.2882888
-0.2952121
-0.1428621
0.1473157
0.3181080
0.3775398
0.2501747
0.1129838
-0.0537036
-0.1033363
-0.1428965
-0.1480838
-0.1273271
-0.1157273
-0.0517592
-0.0133850
0.0613745
0.0764323
0.0396545
0.0735310
0.0668856
0.0756831
0.0099774
-0.0169836
-0.0460632
-0.0411141
-0.0556433
-0.0525996
-0.0635426
-0.0046381
-0.0142434
-0.0035319
0.0220466
0.0503151
0.0666472
0.0215736
0.0094492
0.0054255
0.0124288
-0.0181640
-0.0140637
-0.0061580
-0.0221056
-0.0116712
-0.0639362
-0.0128455
-0.0513246
0.0236685
0.0351903
0.0310692
0.0593499
0.0706717
0.0302198
0.0648665
0.0181557
-0.0097026
-0.0507308
-0.0307505
-0.0544111
-0.1135402
-0.1486540
-0.0874593
-0.0486343
0.1039737
0.2356131
0.2380238
0.1032819
-0.0048011
-0.0742891
-0.0891967
-0.0971772
-0.0791797
-0.0637118
-0.0454225
0.0110190
0.0186428
0.0100327
0.0590270
0.0288266
0.0379934
0.0420749
0.0002973
0.0017675
-0.0314670
-0.0256926
-0.0030234
-0.0264074
0.0161826
0.0149034
0.0054506
-0.0181578
0.0375458
0.0398641
-0.0221875
-0.0253426
-0.0311248
0.0116098
0.0079292
-0.0083227
0.0014597
0.0213666
-0.0155441
-0.0042116
0.0264287
0.0273126
0.0028784
-0.0070535
0.0555559
0.0155981
-0.0028311
-0.0543281
-0.1149634
-0.2011952
-0.1913021
-0.1121424
0.0417556
0.1538058
0.2437139
0.1886707
0.1236199
0.0133783
-0.0953733
-0.1345877
-0.0866549
-0.0506286
-0.0189915
-0.0133262
-0.0204707
0.0057199
0.0135912
0.0574693
0.0352988
0.0543957
0.0596680
0.0096940
-0.0172155
0.0221978
0.0016394
-0.0442128
-0.0145762
-0.0395623
-0.0117280
-0.0263564
0.0008384
-0.0134852
-0.0014105
-0.0280375
-0.0369201
-0.0078864
-0.0014067
0.0152071
-0.0142469
0.0234831
0.0032947
0.0636649
0.0304532
0.0465907
0.0310597
0.0235008
0.0135608
-0.0131390
-0.0391919
-0.1552157
-0.2039253
-0.1884207
-0.0738744
0.0969617
0.2020745
0.2175462
0.1473536
0.0667938
-0.0102202
-0.1166108
-0.1413559
-0.0957316
-0.0607361
-0.0319264
-0.0248073
0.0076473
0.0141151
0.0147621
0.0576292
0.0400982
0.0275077
0.0237107
0.0287094
0.0261113
-0.0115674
-0.0338262
-0.0120163
0.0015574
0.0158787
-0.0227876
0.0193217
0.0042905
-0.0242142
0.0162169
-0.0170390
-0.0170841
-0.0172839
-0.0237505
-0.0273180
0.0250692
0.0057808
0.0490221
0.0481011
0.0228484
0.0504973
0.0121055
0.0113971
0.0235027
-0.0023327
-0.0276829
-0.0832619
-0.1569962
-0.1275887
-0.0627597
0.0360542
0.1562198
0.2323589
0.1976331
0.1042230
0.0090222
-0.0951875
-0.1353398
-0.0705482
-0.0675712
-0.0295259
-0.0090755
0.0175819
-0.0215141
0.0300894
0.0400614
0.0416359
0.0183108
-0.0014431
0.0035440
0.0051133
0.0013293
0.0194175
-0.0116063
-0.0114601
-0.0203106
0.0100941
0.0218200
-0.0238840
0.0287572
0.0171833
-0.0070433
-0.0002097
0.0095962
-0.0296385
0.0100807
-0.0224668
0.0082615
-0.0008004
0.0476431
0.0343654
0.0826410
0.0020849
0.0424218
0.0150178
-0.0247344
-0.0607005
-0.0485997
-0.0823552
-0.1131735
-0.0736816
-0.0047313
0.1322015
0.1751120
0.1902491
0.1168955
-0.0022642
-0.0600559
-0.0857299
-0.0829011
-0.0531683
-0.0459140
-0.0254231
-0.0305352
-0.0244271
0.0491585
0.0274964
0.0694689
0.0290109
0.0136121
-0.0148458
-0.0201284
0.0190828
0.0160224
-0.0212423
-0.0409701
0.0083581
-0.0079678
0.0103264
-0.0052148
-0.0058957
0.0116421
0.0042685
0.0015148
-0.0404188
-0.0356935
-0.0124601
0.0038897
-0.0276076
0.0308048
0.0100600
0.0057514
0.0197081
0.0582288
0.0655302
0.0245276
0.0041054
-0.0641396
-0.0351839
-0.0496901
-0.0351361
-0.1056221
-0.1504224
-0.1148866
0.0100549
0.1540585
0.1887967
0.2099803
0.0822454
-0.0231651
-0.1127244
-0.1263817
-0.0680783
-0.0719550
-0.0376871
-0.0208878
-0.0348108
0.0310134
0.0324801
0.0337961
0.0767343
0.0167688
0.0329537
0.0100854
0.0040293
0.0216040
0.0010166
-0.0430243
-0.0444581
0.0209106
-0.0100765
-0.0116908
0.0284209
-0.0033293
-0.0083603
-0.0323329
0.0189758
-0.0134766
-0.0295117
-0.0003077
-0.0429790
0.0115421
0.0114450
0.0176354
0.0688448
0.0183433
0.0500085
0.0506717
0.0055989
-0.0084530
0.0074661
0.0127619
-0.0940465
-0.1291335
-0.1808757
-0.1084125
-0.0245596
0.1429631
0.2559640
0.2353594
0.1614871
0.0167045
-0.0698522
-0.1011738
-0.1513704
-0.0671440
-0.0601504
-0.0556206
0.0040806
0.0101815
0.0385790
0.0466759
0.0482131
0.0675019
0.0162901
0.0174682
0.0103832
0.0100757
0.0087754
-0.0061616
-0.0104382
-0.0304389
-0.0359161
0.0176645
0.0212726
0.0051032
-0.0171857
0.0263042
0.0027881
0.0096743
-0.0038159
-0.0464570
-0.0157095
-0.0179583
0.0040893
0.0351950
0.0469417
0.0283715
0.0303879
0.0475094
0.0245769
0.0043791
-0.0077551
0.0158494
-0.0363078
-0.0351514
-0.1187247
-0.1053918
-0.0770537
-0.0229822
0.1317310
0.1807537
0.2042820
0.0983478
-0.0164948
-0.0654638
-0.1021749
-0.0954200
-0.0735484
-0.0478766
-0.0092289
0.0160187
0.0408146
0.0333814
0.0064855
0.0196434
0.0589834
0.0093918
-0.0132593
0.0230863
-0.0015976
-0.0066607
-0.0024128
-0.0481456
0.0002176
0.0057315
-0.0315394
-0.0138743
-0.0231063
-0.0016452
-0.0100371
-0.0086968
0.0104624
-0.0237278
-0.0255620
-0.0462213
-0.0204152
-0.0317546
0.0418983
0.0006557
0.0165195
0.0312586
0.0272246
0.0034857
0.0440574
0.0150178
0.0047257
-0.0058972
-0.0660987
-0.1610222
-0.1497336
-0.0524137
0.0310007
0.1072987
0.1532842
0.1466563
0.0988139
0.0212503
-0.0639114
-0.0955648
-0.1132719
-0.0837912
-0.0077185
-0.0349243
0.0046084
0.0413017
0.0069474
0.0500323
0.0596873
0.0489281
-0.0088103
0.0443765
-0.0045700
0.0195613
-0.0273324
-0.0270352
0.0142425
-0.0030131
-0.0304456
0.0221123
0.0166479
-0.0019769
-0.0204584
-0.0226998
-0.0440593
-0.0181724
0.0011407
-0.0236734
0.0049238
0.0112301
-0.0059320
0.0390383
0.0084033
-0.0159982
0.0147446
0.0850609
0.0473006
0.0817942
-0.0600871
-0.1742092
-0.2312337
-0.1853124
-0.0800688
0.0473314
0.2185520
0.2375215
0.1644009
0.1020025
-0.0557214
-0.0855415
-0.0996498
-0.0645516
-0.0883694
-0.0093084
-0.0399795
0.0369084
0.0380881
0.0239178
0.0082144
0.0097847
0.0339652
0.0383924
0.0085008
0.0052588
-0.0270307
-0.0195047
-0.0057424
-0.0071496
-0.0096471
-0.0250125
-0.0221936
-0.0144635
0.0079402
0.0199108
-0.0197501
-0.0286419
-0.0235388
0.0146523
-0.0104031
0.0193892
0.0203759
0.0524296
0.0428791
0.0019060
0.0041686
0.0172906
0.0115199
0.0440427
0.0290107
-0.0057038
-0.0845158
-0.1674407
-0.1590386
-0.0775830
0.0321371
0.2065807
0.2137211
0.1521149
0.0585324
-0.0308352
-0.0701260
-0.1385195
-0.0639596
-0.0757439
-0.0505663
-0.0352737
0.0021072
0.0015006
0.0353066
0.0307531
0.0103934
0.0362247
0.0376038
0.0300376
-0.0075350
0.0061430
-0.0163920
0.0204352
0.0076814
0.0221224
-0.0334973
-0.0004039
0.0073901
-0.0196791
-0.0236854
-0.0234260
0.0139441
0.0046574
-0.0146926
0.0154546
0.0002179
0.0099016
0.0542334
0.0691999
0.0444528
0.0434787
0.0188360
0.0117628
0.0247679
0.0297867
0.0021311
-0.0585333
-0.1133775
-0.1608608
-0.1086449
0.0049730
0.1405700
0.2227242
0.2326127
0.0850302
-0.0268462
-0.0992514
-0.1485900
-0.0906170
-0.0469034
-0.0035613
0.0235948
0.0095884
0.0445770
0.0118291
-0.0352152
0.0028679
0.0021007
0.0163296
0.0322193
0.0262977
-0.0053327
0.0067518
0.0181869
0.0080882
-0.0199256
-0.0248696
-0.0103911
-0.0012249
-0.0272225
0.0227534
-0.0210597
-0.0240731
-0.0454881
0.0050289
-0.0135493
0.0188048
-0.0044350
-0.0118335
0.0546544
0.0047053
0.0205843
0.0660095
0.0109239
-0.0049838
0.0556710
0.0363303
0.0237303
-0.0860972
-0.1130396
-0.2008551
-0.1600692
-0.0089008
0.1326152
0.2500404
0.2103340
0.1051030
0.0020892
-0.0855056
-0.1133273
-0.0615413
-0.0636243
-0.0579385
-0.0331194
-0.0236571
0.0223887
0.0534905
0.0455207
0.0086044
0.0411721
0.0125645
-0.0176923
0.0157452
0.0077732
0.0229190
0.0264984
0.0190726
-0.0114527
0.0019259
-0.0104553
0.0257564
0.0038991
-0.0105517
-0.0313479
0.0177396
-0.0290567
-0.0411312
-0.0134512
-0.0059448
0.0224756
0.0379414
0.0353671
0.0205171
0.0626593
0.0115837
0.0262884
0.0440393
0.0186717
0.0483113
0.0326729
-0.0460426
-0.1040149
-0.2103480
-0.1467752
-0.0378055
0.1208741
0.1976280
0.1809312
0.1369200
0.0546798
-0.0722201
-0.1049373
-0.0981301
-0.0623839
-0.0402760
-0.0430160
0.0190671
0.0248485
0.0470381
0.0223785
0.0305592
0.0082637
0.0295119
0.0478115
0.0355933
0.0073886
-0.0101331
-0.0174311
-0.0279287
0.0314698
-0.0276009
0.0038233
0.0171247
0.0205761
-0.0158386
-0.0315730
-0.0388902
0.0152467
-0.0447848
-0.0235614
-0.0142527
-0.0134390
0.0033935
0.0063698
0.0326881
0.0183100
0.0389591
0.0562807
0.0083630
0.0039709
-0.0125200
-0.0120975
-0.0538711
-0.1481276
-0.1983691
-0.0810183
0.0116140
0.1664339
0.2148435
0.2043417
0.0547764
-0.0084820
-0.0900700
-0.0679718
-0.0623980
-0.0491953
-0.0021516
-0.0273808
-0.0133594
-0.0097261
0.0087444
-0.0071401
-0.0086584
-0.0077445
0.0497518
0.0401045
0.0169774
-0.0115066
-0.0252898
0.0233234
-0.0124979
-0.0281107
0.0213502
0.0220355
-0.0035120
-0.0023972
0.0245383
-0.0240448
-0.0055557
-0.0247170
-0.0155161
0.0097617
0.0207065
-0.0145264
-0.0079171
0.0193137
0.0566813
0.0608521
0.0137764
0.0332654
0.0431895
0.0031747
-0.0461059
-0.1061747
-0.1429702
-0.1766434
-0.1064672
-0.0011491
0.1086281
0.2020287
0.1746220
0.1455048
0.0428095
-0.0882186
-0.1147183
-0.0985459
-0.0595003
-0.0519021
-0.0545788
0.0038295
-0.0023039
0.0176402
0.0071427
0.0071602
0.0066184
-0.0058750
-0.0243316
-0.0109255
0.0209725
-0.0358759
-0.0156122
-0.0371066
0.0145122
0.0194402
-0.0222389
0.0089789
0.0287933
-0.0185560
-0.0426770
-0.0431168
-0.0093471
-0.0128677
-0.0368470
-0.0350843
-0.0181090
0.0291559
0.0418348
0.0526826
0.0516637
0.0568556
-0.0080387
0.0362322
0.0324860
0.0072483
-0.0225452
-0.1152959
-0.1923872
-0.1619686
-0.0867778
0.0975901
0.2001227
0.2054184
0.1491309
0.0925595
-0.0064717
-0.0995386
-0.1023434
-0.0802028
-0.0561142
-0.0552196
0.0046600
-0.0111882
0.0486147
0.0186382
0.0708229
0.0318582
0.0418534
0.0392738
0.0138136
-0.0093119
-0.0074695
-0.0319525
-0.0040603
-0.0439472
0.0196116
-0.0265118
0.0356636
0.0195411
0.0032912
0.0028294
0.0359522
0.0068022
-0.0465385
-0.0235824
-0.0528671
-0.0238697
-0.0219835
0.0154383
-0.0087470
-0.0029847
0.0324892
0.0651488
0.0372502
-0.0011160
0.0237542
0.0467263
0.0342457
-0.0537692
-0.0908031
-0.1699516
-0.1675676
-0.0783203
0.0490401
0.1891451
0.2028127
0.1795739
0.0588762
-0.0215731
-0.0640904
-0.1270636
-0.1207748
-0.0591499
-0.0690616
-0.0382283
-0.0131149
0.0413287
0.0010200
0.0175790
0.0383582
-0.0120560
0.0423035
0.0281249
-0.0045064
0.0224687
0.0239222
0.0030854
-0.0276346
0.0332417
-0.0190675
-0.0010351
-0.0020405
0.0157216
0.0049148
0.0222743
-0.0275345
0.0022603
-0.0385294
-0.0050450
-0.0361249
0.0317181
0.0090524
0.0438307
0.0106364
0.0460170
0.0468184
-0.0126186
0.0271773
-0.0091841
-0.0246333
-0.0736689
-0.1060281
-0.2033003
-0.1105779
0.0014692
0.1040381
0.2138992
0.1960381
0.1254347
0.0454077
-0.0587035
-0.1051792
-0.0769443
-0.1211746
-0.0665595
-0.0368484
0.0255890
0.0004436
0.0309283
0.0229656
0.0348264
0.0199756
0.0275149
0.0333724
-0.0082900
0.0082027
-0.0390813
-0.0040693
-0.0125917
-0.0235777
-0.0091256
-0.0041332
0.0144977
-0.0164794
-0.0035751
0.0060712
-0.0115329
-0.0133996
-0.0080365
-0.0033731
-0.0073093
-0.0073234
-0.0116154
-0.0138183
0.0064207
0.0100287
0.0499534
-0.0118438
0.0393839
-0.0002441
0.0363097
0.0657748
0.0251300
-0.0432588
-0.1865228
-0.2327440
-0.1730209
-0.0210932
0.1169757
0.2373172
0.2132857
0.1222677
0.0410381
-0.0751211
-0.1231880
-0.1176276
-0.0873331
-0.0500798
-0.0465961
0.0252653
-0.0226180
0.0309343
0.0014221
0.0081523
0.0016592
0.0365078
-0.0126882
-0.0175161
-0.0070101
-0.0388243
-0.0102178
-0.0096447
-0.0032825
0.0117099
0.0056414
-0.0258018
0.0090883
-0.0279225
-0.0064095
-0.0139214
0.0078488
-0.0065756
-0.0156506
0.0189525
-0.0258004
-0.0046679
0.0354123
0.0381405
0.0316627
-0.0089178
0.0390074
0.0078754
0.0418312
0.0813552
-0.0159561
-0.1638642
-0.2285535
-0.1900352
-0.0566750
0.1354174
0.2405870
0.2546563
0.1723594
0.0327637
-0.0765666
-0.1160657
-0.1286472
-0.0909082
-0.0305902
-0.0291742
0.0141762
0.0117197
0.0519150
0.0645782
0.0402556
0.0120180
0.0561933
-0.0080501
-0.0161393
0.0038607
-0.0061103
-0.0136013
-0.0296671
-0.0314311
0.0124350
-0.0284608
-0.0157013
0.0115977
0.0024485
-0.0303076
0.0117474
0.0159417
0.0226883
0.0060667
-0.0186776
0.0199474
0.0277523
0.0079933
0.0259978
0.0464993
0.0254403
-0.0098492
0.0229030
0.0163836
0.0640556
0.0585964
-0.0147427
-0.0521474
-0.1141423
-0.1360854
-0.0789726
0.0412318
0.0925358
0.1288879
0.0973210
0.0321402
-0.0260552
-0.0818512
-0.0570566
-0.0338451
-0.0526615
-0.0307313
-0.0212345
