-0.0647536
0.0228501
-0.0578970
0.0046345
0.0576655
0.0260370
0.0986176
0.0225494
0.0885484
0.0567395
0.0605974
0.0298714
0.0066189
-0.0476169
-0.1342095
-0.2503989
-0.1418141
-0.0268209
0.1577561
0.2994441
0.2418688
0.1169797
0.0109751
-0.0406097
-0.0601593
-0.1026278
-0.0866578
-0.1092930
-0.1002318
0.0269763
-0.0163451
0.0840017
0.0652649
0.0270505
0.0001990
0.0812038
0.0029719
0.0613882
-0.0573457
-0.0121552
-0.0748732
-0.0118269
-0.0305450
-0.0564805
-0.0006474
-0.0572690
0.0074612
0.0325068
-0.0065651
-0.0201011
-0.0000261
0.0259059
0.0434071
-0.0042957
0.0566075
-0.0023472
0.0081544
-0.0551851
0.0158732
-0.0338971
-0.0582493
0.0038591
-0.0055001
-0.0457485
-0.0411818
-0.0182012
-0.0138543
0.0086113
0.0017137
0.0357332
-0.0367848
0.0493657
-0.0193078
-0.0449709
-0.0454370
-0.0314102
0.0237499
-0.0526445
-0.0043500
-0.0551010
-0.0002332
0.0518330
0.0634821
0.0645974
0.0662494
0.0717736
0.0580999
0.0967107
-0.0105463
-0.0564420
-0.0877357
-0.1028723
-0.1875172
-0.2324249
-0.1282731
0.0024296
0.2794674
0.2753434
0.2417101
0.1083951
-0.0487594
-0.0565050
-0.1649613
-0.0805915
-0.1410019
-0.1290450
0.0084314
-0.0109742
0.0527744
0.0701318
0.0214888
0.1023635
0.1057318
0.0673756
0.0163268
-0.0061775
-0.0653459
-0.0345676
-0.0433530
-0.0061323
-0.0676644
-0.0159303
-0.0281588
-0.0154628
0.0537614
0.0544496
0.0021961
0.0148310
0.0601977
-0.0104863
0.0696900
-0.0274045
0.0435270
-0.0643373
-0.0398298
-0.0475266
-0.0168254
-0.0563299
0.0082404
0.0158035
0.0182382
0.0055486
0.0052295
-0.0357397
0.0206318
0.0739578
0.0710174
-0.0369345
0.0392144
0.0321029
-0.0286791
-0.0298469
-0.0058042
-0.0645716
-0.0423289
-0.0504005
-0.0481033
-0.0263598
0.0402030
-0.0013129
0.0073464
0.0743440
0.1241519
0.0174442
0.0644619
-0.0176493
0.0050684
-0.0987313
-0.2445541
-0.2248665
-0.1951064
-0.0810827
0.1809602
0.3730643
0.3467591
0.2010465
0.0415375
-0.1123460
-0.1486529
-0.1751737
-0.1864629
-0.1014268
-0.0812956
0.0426739
0.0104226
0.0539302
0.0435865
0.0582599
0.0239367
0.0084354
-0.0256919
0.0567367
-0.0410047
-0.0278155
-0.0412432
-0.0301620
-0.0310052
0.0007702
-0.0639133
-0.0260378
0.0569834
-0.0131084
-0.0227382
0.0592881
0.0114140
-0.0087759
0.0612086
-0.0341779
0.0509733
0.0023411
-0.0018931
0.0116057
-0.0434038
-0.0573152
-0.0278440
-0.0446753
0.0081431
0.0310427
0.0026725
0.0252995
0.0554601
-0.0098719
0.0231176
0.0433399
0.0155591
-0.0268148
0.0310846
-0.0034012
-0.0451581
0.0011646
-0.0152303
-0.0271979
-0.0648031
-0.0356541
-0.0141654
0.0305775
0.0770781
0.0689598
0.1221171
0.1368471
0.0396538
0.0745566
0.0614358
-0.0446375
-0.0398310
-0.1893100
-0.2687182
-0.3007166
-0.2268658
-0.0180437
0.2460140
0.4132988
0.4135142
0.1342898
-0.0177346
-0.1958719
-0.1465259
-0.1973165
-0.1250634
-0.1541603
-0.0792305
0.0147954
0.0919458
0.0554931
0.1040362
0.0774989
0.0964072
0.0343797
0.0485918
-0.0437497
-0.0288352
0.0225847
-0.0899348
-0.0439211
-0.0038164
-0.0626039
0.0301509
0.0120976
0.0527282
0.0353816
-0.0282614
-0.0056211
0.0478490
-0.0337713
0.0303595
-0.0272380
-0.0129370
0.0049449
-0.0681897
-0.0476464
-0.0257557
-0.0378775
-0.0151702
0.0263005
-0.0524103
0.0096561
0.0628521
-0.0235491
0.0436889
0.0067340
-0.0070523
-0.0066304
0.0247838
0.0341023
0.0157514
0.0049505
-0.0695651
-0.0793699
-0.0503696
-0.0161554
-0.0434794
-0.0257806
-0.0014411
0.0512789
0.0928322
0.0889616
0.0435143
0.0961466
0.1024711
0.0231789
-0.0175036
-0.1085856
-0.1866233
-0.2529270
-0.3030718
-0.2526524
0.0552992
0.2509802
0.3721439
0.3305303
0.2359934
0.0484416
-0.1024954
-0.1579932
-0.2156132
-0.1844944
-0.1485046
-0.0602296
0.0074492
0.0218904
0.0597684
0.1198402
0.0382093
0.0896097
0.0215354
0.0015308
0.0323622
-0.0185773
-0.0496749
-0.0164839
-0.0437185
-0.0911041
-0.0406883
-0.0430471
-0.0144773
-0.0362968
-0.0346525
0.0717470
-0.0100279
0.0066874
0.0218171
-0.0021834
0.0427003
0.0257348
0.0229367
-0.0555548
-0.0051213
0.0336435
-0.0657576
0.0281201
0.0214511
-0.0211250
-0.0531135
0.0011888
0.0429064
-0.0374728
-0.0288047
0.0700753
0.0291010
0.0300304
0.0039897
0.0096950
0.0148696
-0.0585986
0.0117901
0.0137957
-0.0289910
-0.0588691
-0.0187109
-0.0329504
-0.0479645
-0.0162598
0.0355090
0.0287517
0.1168028
0.0449670
0.0367545
0.0367134
-0.0200329
-0.0902613
-0.1152821
-0.2610317
-0.2967935
-0.1624473
0.0079508
0.2796125
0.3482557
0.3777397
0.1558278
0.0041859
-0.1567519
-0.1163316
-0.1446927
-0.1170368
-0.1416429
-0.0801655
-0.0335854
0.0781925
0.1200621
0.0792682
0.0941844
0.1074392
-0.0027333
-0.0084783
-0.0367866
-0.0044906
0.0042376
-0.0883128
-0.0345821
-0.0070776
-0.0328437
-0.0345148
-0.0175725
-0.0264457
-0.0211804
0.0070180
0.0279165
-0.0146274
0.0760066
-0.0221027
-0.0163966
0.0036106
-0.0273883
0.0370798
-0.0084312
-0.0717117
-0.0653726
0.0047563
-0.0396286
-0.0422457
-0.0034330
0.0261054
0.0542919
0.0756210
0.0539690
-0.0249828
-0.0009338
-0.0080857
0.0523706
0.0446978
0.0329618
-0.0636728
0.0120542
-0.0667177
-0.0317442
0.0188822
0.0166258
0.0063231
0.0672035
0.0536864
0.1110870
0.0422132
0.0488723
0.0804991
0.0843308
0.0318235
0.0023707
-0.1189063
-0.2507575
-0.2143065
-0.2473714
0.0302707
0.2718182
0.3341280
0.3742292
0.1248283
0.0010626
-0.1047513
-0.1517704
-0.1947919
-0.1030254
-0.0743156
-0.0575963
0.0474174
0.0285777
0.0448425
0.0903094
0.1082027
0.0088588
0.0162365
-0.0238078
0.0512147
-0.0282707
-0.0690070
-0.0612117
-0.0432552
-0.0234390
-0.0432721
-0.0125286
-0.0302669
-0.0209977
0.0093682
0.0496111
-0.0141336
0.0735287
-0.0040381
0.0169554
0.0532598
-0.0081402
-0.0325941
-0.0535842
-0.0255328
-0.0234901
-0.0310604
-0.0144776
-0.0589279
0.0072940
-0.0156002
-0.0130870
-0.0174754
-0.0093224
-0.0001902
0.0409285
0.0190289
0.0264119
0.0258373
0.0423340
-0.0481661
0.0041610
-0.0682402
0.0030604
-0.0010911
0.0168737
-0.0089919
-0.0193321
-0.0086621
0.0117335
0.0836668
0.0565362
0.0683951
0.0247735
0.1095756
0.0519852
-0.0448771
0.0036347
-0.0581893
-0.1595697
-0.2209879
-0.1761155
-0.0869035
0.1024142
0.2595494
0.2319258
0.2128102
0.0032603
-0.0134563
-0.0861770
-0.0736038
-0.0900752
-0.1409811
-0.0515656
-0.0424786
0.0146608
0.0385589
0.0064025
0.0936623
0.0199707
0.0705735
-0.0195124
0.0623662
0.0073204
-0.0104478
0.0181929
-0.0060785
0.0153125
0.0194869
-0.0043881
0.0318344
0.0305883
0.0063052
-0.0278426
0.0201887
0.0007735
0.0278553
0.0437134
-0.0282226
0.0457744
-0.0401016
-0.0406798
-0.0548831
-0.0257162
-0.0306337
0.0263939
-0.0149939
0.0360603
0.0349775
0.0454348
0.0045913
0.0175464
-0.0189329
0.0010805
0.0454940
0.0408502
0.0215097
0.0099664
0.0056466
0.0420128
-0.0516605
0.0112440
-0.0517538
-0.0855517
-0.0468910
-0.0248787
0.0503426
0.0134214
0.0562346
0.0123490
0.1153617
0.0270349
0.0613083
0.0691759
0.0219686
-0.0562689
-0.0336007
-0.1343072
-0.2409604
-0.2484092
-0.0443580
0.1279537
0.3200434
0.2722846
0.1814518
-0.0116793
-0.0677919
-0.1112520
-0.1087323
-0.0816840
-0.0793156
-0.1172122
-0.0645902
-0.0174658
0.0656065
0.0870015
0.0165440
0.1030069
0.0676373
0.0339084
0.0207664
0.0260143
-0.0565274
-0.0330148
-0.0862789
0.0064018
-0.0386094
0.0373453
-0.0237780
0.0044293
0.0653401
0.0467575
0.0715907
0.0607342
0.0400407
0.0453875
0.0540346
-0.0416783
-0.0049521
-0.0629581
-0.0665766
-0.0353067
-0.0225093
0.0357095
0.0128864
-0.0153986
-0.0200999
-0.0422360
0.0103306
0.0072366
0.0518343
0.0284233
0.0353454
0.0562307
0.0429033
-0.0220222
-0.0473098
-0.0591913
-0.0219161
-0.0786735
-0.0275741
-0.0177754
-0.0332912
-0.0129807
0.0239089
0.0272737
0.1109106
0.1338118
0.1167383
0.0858669
-0.0096790
-0.0097162
-0.0769384
-0.1921349
-0.2816025
-0.2202981
-0.1457799
0.0116074
0.2791566
0.3254504
0.2853346
0.1794461
-0.0157222
-0.1590841
-0.1684401
-0.2091938
-0.1185575
-0.0508304
-0.0849140
-0.0406451
0.0790635
0.1183276
0.0342230
0.0392563
0.0645480
0.0151509
0.0225212
-0.0220628
-0.0729341
-0.0460914
-0.0734014
-0.0381681
-0.0236285
-0.0520622
-0.0128206
-0.0441591
-0.0244074
-0.0383836
0.0304788
0.0162711
0.0773275
-0.0237238
0.0154979
0.0026832
-0.0351348
-0.0163220
0.0367028
-0.0396655
-0.0606057
-0.0097662
-0.0398289
-0.0546332
-0.0172034
-0.0224500
0.0037233
-0.0065011
0.0357400
0.0733456
0.0433422
-0.0073920
0.0319036
-0.0270583
0.0302083
0.0003146
0.0146963
-0.0605253
-0.0555103
-0.0158229
-0.0771852
-0.0246063
-0.0212601
0.0164782
0.0937496
0.0958269
0.0621654
0.1446760
0.0812487
0.0726838
0.0295057
-0.0279668
-0.1629904
-0.1511359
-0.2542647
-0.2409382
-0.0647683
0.1630136
0.3978143
0.4320975
0.3074758
0.0533171
-0.0796566
-0.1906439
-0.2175047
-0.1502380
-0.1851429
-0.0749957
-0.0072878
-0.0096551
0.0455208
0.1163016
0.0731887
0.0424841
0.0538433
0.0846938
0.0212370
-0.0499939
0.0138081
-0.0379804
-0.0928842
-0.0896001
-0.0709377
-0.0167153
0.0273205
0.0222452
-0.0089313
0.0266471
0.0213162
-0.0208911
0.0221408
-0.0238302
0.0312298
0.0219238
-0.0171061
-0.0233601
-0.0346048
0.0011534
-0.0518819
-0.0235857
-0.0519797
0.0048346
0.0390644
-0.0012551
0.0493644
0.0459199
-0.0283071
0.0579156
0.0351054
0.0563191
0.0211566
-0.0297278
-0.0124366
-0.0237743
-0.0651268
-0.0107226
-0.0055729
-0.0114239
-0.0175294
-0.0323278
-0.0467329
0.0733305
0.0736171
0.0879923
0.1118306
0.1459361
0.1024845
0.0054790
0.0196760
-0.0719061
-0.0805201
-0.2284455
-0.2575932
-0.2546880
-0.0876522
0.1440561
0.3261688
0.3860140
0.2819343
0.0711690
-0.0700997
-0.1727779
-0.1904295
-0.1354919
-0.1195553
-0.0509671
0.0080118
-0.0216462
0.0982100
0.1255297
0.1202129
0.0411380
0.0202380
-0.0231775
0.0567242
0.0023412
-0.0255527
-0.0696708
-0.0504623
-0.0514795
-0.0703898
-0.0062772
-0.0146091
0.0497242
0.0548153
0.0701568
0.0210187
0.0251436
-0.0090937
0.0180187
0.0210277
-0.0467775
-0.0002873
-0.0320135
-0.0125950
-0.0215400
-0.0220068
0.0076295
0.0375402
0.0198177
-0.0133560
0.0247331
-0.0255526
0.0424427
0.0593625
0.0102946
0.0181658
0.0357469
0.0522243
0.0070715
0.0007798
-0.0043233
-0.0413431
0.0181682
-0.0732199
-0.0120911
0.0153094
0.0286897
-0.0109256
0.0218163
0.0543711
0.0649389
0.1019921
0.0505449
0.0786404
0.0366760
0.0339711
-0.0540414
-0.1216498
-0.1599771
-0.3104107
-0.2666667
-0.1447999
0.0728884
0.2822215
0.3839711
0.2839677
0.0693512
-0.0531532
-0.1152406
-0.2091252
-0.1650349
-0.1591252
-0.0720284
-0.0531857
0.0297733
0.0438786
0.0364177
0.1218299
0.0415078
0.0437888
0.0088753
0.0188838
-0.0420882
-0.0318943
-0.0394445
0.0160334
-0.0814668
0.0049710
-0.0234095
0.0070070
-0.0375256
-0.0298585
0.0495372
0.0041784
0.0128585
-0.0219444
-0.0029417
0.0479436
0.0285892
0.0552520
-0.0409468
-0.0343207
-0.0195469
-0.0233637
0.0284059
-0.0362573
-0.0659076
0.0435303
-0.0285597
-0.0448962
-0.0364998
0.0552433
0.0188096
-0.0275298
-0.0078486
0.0322085
-0.0027723
0.0427535
0.0089352
-0.0522589
0.0315877
-0.0256120
0.0112827
-0.0612980
-0.0390161
-0.0609391
-0.0531995
0.0155914
-0.0079155
0.0947005
0.1145741
0.1091781
0.0257594
0.0948587
0.0538969
-0.0523038
-0.1055817
-0.1675698
-0.3050286
-0.2539672
-0.0880742
0.1518675
0.3582885
0.3265168
0.2571178
0.0466579
-0.0692941
-0.1701377
-0.1430527
-0.1676957
-0.0922231
-0.0983555
-0.0524260
-0.0075494
0.0078478
0.0145340
0.1188632
0.0461242
-0.0014935
0.0340983
-0.0128397
0.0416825
-0.0233667
-0.0669449
-0.0007584
-0.0710949
0.0015739
-0.0630576
-0.0304927
-0.0243564
0.0372492
0.0163825
0.0616418
0.0737835
0.0225786
0.0704003
-0.0030985
0.0098986
-0.0033499
-0.0362178
-0.0134387
-0.0631153
-0.0728032
-0.0397589
0.0082995
-0.0298291
0.0200012
-0.0158825
-0.0157455
0.0655541
-0.0040539
-0.0215093
0.0276072
0.0163464
0.0158641
0.0573242
0.0416229
-0.0203231
-0.0179046
-0.0360963
-0.0260299
-0.0440809
0.0241658
0.0071441
-0.0080287
-0.0463999
0.0138480
0.0142364
0.0979738
0.0757386
0.0306900
0.0621577
0.0078749
0.0092166
0.0234834
-0.0887684
-0.1648976
-0.2162477
-0.2190400
0.0005211
0.1294229
0.3021961
0.2103590
0.1039257
0.0137229
-0.0111510
-0.0486786
-0.1250613
-0.0789226
-0.1313312
-0.0532269
-0.0468130
0.0577102
0.0786086
0.0943891
0.1063809
0.1057632
0.0265175
0.0062590
0.0399707
0.0217348
-0.0734320
-0.0582284
-0.0663520
-0.0570010
-0.0210494
0.0055529
-0.0056141
0.0406426
-0.0464772
0.0161796
-0.0166282
0.0422407
0.0040922
-0.0206771
-0.0154585
0.0403902
-0.0492228
-0.0036575
0.0182494
-0.0282690
-0.0316005
0.0297189
0.0289900
-0.0102719
-0.0327911
0.0217309
0.0074609
0.0651130
0.0570895
0.0547782
0.0679830
0.0013677
0.0211744
-0.0341497
0.0464411
0.0381233
0.0099711
0.0183056
-0.0146774
0.0140914
-0.0623592
-0.0397587
0.0397627
0.0537018
0.0129573
-0.0051620
0.0850044
0.1139343
0.0598041
0.0236550
0.0666982
0.0303163
-0.0866693
-0.1328512
-0.2385422
-0.2241169
-0.1430040
0.0255529
0.2218276
0.2660957
0.2823704
0.0812809
-0.0105353
-0.0342531
-0.1288447
-0.1844448
-0.1101084
-0.1103952
-0.0068765
-0.0114633
0.0792889
0.0782634
0.0629601
0.0158412
0.0674933
0.0068728
0.0335758
0.0436200
-0.0698861
-0.0449653
-0.0034862
-0.0426273
-0.0227534
-0.0716715
0.0275969
-0.0408659
-0.0301658
0.0494643
0.0608308
0.0444354
-0.0293691
-0.0107269
0.0539892
-0.0006405
0.0182850
-0.0342313
-0.0223703
-0.0025624
-0.0330223
-0.0727020
-0.0669644
-0.0658454
0.0436234
-0.0513869
0.0260592
0.0606624
0.0021558
-0.0244460
0.0408289
0.0153483
-0.0290111
-0.0116059
0.0122752
-0.0422479
0.0238038
-0.0522593
0.0262040
-0.0227412
0.0156891
0.0233679
-0.0277797
0.0270810
0.0068931
