0.0409778
0.0061522
-0.0120207
-0.0304877
0.0196542
-0.0030985
-0.0470839
-0.0232420
0.0138317
-0.0331373
0.0161662
0.0153404
0.0203027
-0.0283116
-0.0144512
-0.0018697
0.0370514
0.0005510
-0.0021791
0.0374063
-0.0114272
0.0202067
-0.0285906
-0.0400408
-0.0184056
0.0111350
-0.0430564
-0.0340519
-0.0250780
-0.0268549
-0.0088410
0.0107301
-0.0338046
-0.0102612
-0.0138576
0.0209919
0.0202099
0.0176832
-0.0087090
-0.0245972
0.0294009
-0.0181988
-0.0241357
-0.0132652
0.0186179
-0.0221928
0.0187856
-0.0197584
0.0017706
0.0358204
-0.0269275
-0.0104209
-0.0151531
0.0330224
0.0266318
0.0109540
-0.0315118
-0.0257764
-0.0072692
0.0283135
0.0054177
0.0072593
0.0013749
0.0083998
-0.0067127
-0.0241109
-0.0000180
-0.0254007
-0.0236734
0.0394887
-0.0179651
0.0155133
-0.0355391
0.0009426
0.0092711
0.0368971
0.0140850
-0.0260446
0.0164424
0.0248922
-0.0030775
-0.0173833
-0.0201105
-0.0229889
-0.0116517
0.0268654
-0.0098714
0.0334793
-0.0099761
0.0093706
0.0081874
-0.0156456
-0.0045445
-0.0434255
0.0163673
0.0296103
0.0220708
-0.0079988
0.0207828
0.0228150
0.0401833
0.0408563
-0.0024155
-0.0175188
0.0530749
-0.0132397
0.0094056
0.0222241
-0.0341482
0.0251766
-0.0439355
0.0037119
-0.0582422
0.0043110
0.0091696
-0.0298380
0.0166715
0.0442773
0.0303246
0.0261070
0.0162097
0.0789238
0.0932096
0.0018136
-0.0162840
0.0125156
-0.0309932
-0.1482847
-0.2243658
-0.2186951
-0.0651722
0.1041959
0.3075255
0.3047000
0.1425218
-0.0808915
-0.1446152
-0.1073071
-0.0744020
-0.0222916
-0.0677179
-0.0343385
-0.0545231
0.0299688
0.0122500
0.0116965
0.0714917
0.0002155
0.0685900
0.0413079
0.0250251
0.0074179
0.0201016
0.0135651
-0.0416366
0.0024265
-0.0077518
-0.0124684
0.0207435
-0.0421915
0.0094663
0.0095985
0.0490844
0.0010387
-0.0263525
-0.0168721
-0.0070745
-0.0094500
-0.0202136
-0.0122176
0.0112919
-0.0413772
0.0279783
-0.0201089
0.0136136
-0.0126735
-0.0153207
-0.0226944
0.0042101
0.0221178
0.0243122
0.0456929
0.0221425
-0.0369270
0.0204944
-0.0127754
-0.0230475
0.0338024
0.0319931
-0.0016115
0.0177386
0.0190528
0.0343053
0.0061854
0.0061973
-0.0066866
0.0367063
0.0260423
0.0216660
0.0214222
-0.0109603
0.0367173
-0.0064859
0.0341849
-0.0342643
-0.0219887
0.0009691
0.0245375
-0.0350541
0.0036697
0.0062821
0.0324786
0.0210337
0.0004300
-0.0128436
-0.0327479
0.0402986
-0.0182301
-0.0232456
-0.0121515
-0.0276800
0.0367314
0.0032736
-0.0297755
-0.0163186
0.0109052
0.0157474
-0.0331615
-0.0246194
0.0095699
-0.0346418
-0.0042671
-0.0280047
-0.0185185
0.0149226
-0.0237067
-0.0277530
-0.0250759
0.0261930
-0.0414788
-0.0329511
-0.0258957
0.0133193
0.0333672
-0.0086425
-0.0337339
-0.0073767
0.0482946
-0.0231863
-0.0032663
0.0301219
-0.0122200
0.0058984
0.0307814
0.0081017
-0.0432507
-0.0344082
-0.0482675
0.0121695
-0.0580319
-0.0020072
-0.0248538
0.0585318
0.0655845
0.0676811
0.0537803
0.0563240
0.0594200
0.0165848
-0.0550471
-0.0434188
-0.1553858
-0.1882047
-0.2055348
-0.0692850
0.1108188
0.2986592
0.3650503
0.1200550
-0.0225078
-0.1785877
-0.1300390
-0.0631265
0.0066078
-0.0646243
-0.0236670
-0.0322012
0.0122901
0.0315907
0.0428877
0.0694506
0.0420193
0.0271863
0.0553356
0.0078736
0.0174485
-0.0149864
-0.0237907
0.0051249
-0.0524751
-0.0256294
-0.0167755
0.0103607
0.0353585
-0.0184112
0.0024870
0.0388385
-0.0064330
-0.0267335
0.0149991
0.0106333
-0.0336572
0.0200548
0.0042789
0.0085492
0.0291742
0.0313890
0.0225464
-0.0318098
0.0373905
0.0031592
0.0125201
0.0353713
0.0380378
0.0315074
-0.0118068
0.0278555
0.0212698
0.0167265
0.0019010
0.0141557
0.0011036
0.0348911
-0.0010202
-0.0143763
0.0148394
-0.0311513
0.0270858
0.0112388
-0.0083359
0.0144515
0.0031620
0.0095405
-0.0008065
-0.0002606
-0.0047128
0.0183944
0.0102971
0.0357226
0.0116027
0.0125801
-0.0012872
0.0181160
-0.0383583
-0.0326577
-0.0041342
-0.0130868
-0.0325034
0.0142403
0.0331280
0.0284116
0.0203823
-0.0056816
-0.0116029
0.0182995
-0.0323472
-0.0079619
0.0151647
-0.0423444
0.0012815
-0.0402937
0.0065978
-0.0262524
-0.0341413
0.0370777
-0.0177901
-0.0204796
0.0216062
0.0172050
-0.0070842
0.0104475
-0.0052700
0.0064779
0.0310029
0.0082576
0.0179292
0.0039381
0.0026271
0.0059451
0.0209424
0.0347797
-0.0196682
0.0310830
-0.0029500
0.0559561
0.0493879
0.0446675
0.0160342
0.0044867
0.0186538
0.0058080
-0.0455041
-0.0112613
0.0140375
0.0085558
-0.0364308
0.0118522
0.0463384
0.0744732
0.0880871
0.0809358
0.0684318
-0.0169000
0.0029206
-0.0084752
-0.0691255
-0.1747336
-0.2163533
-0.1694353
0.0041604
0.2312127
0.3059446
0.3095062
0.0570087
-0.1168629
-0.1636612
-0.1113890
-0.0555039
-0.0640523
-0.0517359
-0.0947873
-0.0484306
-0.0089792
0.0028990
0.0118188
0.0589316
0.0640616
0.0639468
0.0284217
0.0190844
-0.0432167
-0.0064446
-0.0570709
-0.0013473
0.0175956
-0.0119459
0.0011853
-0.0222331
0.0340585
0.0251475
0.0484132
-0.0126142
-0.0022997
-0.0190242
-0.0215007
0.0384648
-0.0304464
-0.0395604
0.0146446
-0.0407452
-0.0116522
0.0063379
0.0132078
-0.0181859
-0.0314626
0.0149444
0.0112246
-0.0168714
-0.0291327
-0.0328651
-0.0312982
-0.0357123
-0.0253316
-0.0355690
0.0369732
0.0175261
-0.0242470
-0.0093336
-0.0140315
-0.0294927
0.0134000
0.0299741
-0.0077106
0.0114814
-0.0153711
-0.0066324
-0.0029584
-0.0244014
0.0098982
-0.0314784
-0.0242269
-0.0365904
0.0279594
0.0007778
-0.0275804
-0.0108775
-0.0298030
-0.0198440
-0.0029678
0.0168106
0.0378289
0.0017494
0.0120170
-0.0270092
0.0164906
0.0304707
0.0281514
0.0244032
-0.0250019
0.0146090
-0.0178088
0.0117802
-0.0089203
-0.0033367
0.0285432
0.0208107
0.0119135
0.0143975
0.0194173
0.0065468
-0.0232463
-0.0094880
-0.0320370
-0.0047681
-0.0399541
0.0050130
0.0009765
-0.0466350
-0.0405332
0.0199221
-0.0134521
-0.0189797
-0.0137807
-0.0152677
0.0129570
0.0339257
0.0129350
0.0300421
-0.0068235
0.0157177
-0.0207848
-0.0140495
-0.0352353
-0.0227908
-0.0501284
0.0079040
-0.0577498
0.0321128
-0.0306372
0.0052245
0.0010877
0.0815165
0.0646481
0.0956759
0.0355730
-0.0019858
0.0091091
-0.0144854
-0.0762462
-0.1781873
-0.1881526
-0.1649715
0.0545652
0.2945739
0.3141863
0.1340889
-0.0437263
-0.0791768
-0.1157849
-0.0600972
-0.0525986
-0.0346492
-0.0707598
-0.0606352
0.0292484
-0.0006954
0.0427728
0.0549416
0.0413527
0.0410855
0.0501690
-0.0133396
0.0098747
0.0147031
0.0085889
0.0084903
-0.0486032
0.0023488
-0.0212108
-0.0081546
-0.0297022
0.0409916
0.0000552
0.0034684
0.0092682
0.0294518
0.0047607
-0.0238730
-0.0343078
0.0358846
-0.0166646
0.0145429
0.0155845
-0.0264159
0.0326034
-0.0244469
0.0308159
-0.0052082
0.0224641
0.0415388
0.0205931
-0.0295367
0.0204214
-0.0243172
0.0266360
0.0367012
-0.0055198
0.0178371
0.0329228
-0.0054678
-0.0289414
-0.0312515
-0.0417036
0.0135857
-0.0233782
-0.0350675
-0.0104941
-0.0208640
0.0304010
-0.0210549
0.0242508
-0.0123742
-0.0191694
0.0068166
0.0225792
0.0003264
0.0365829
0.0146726
-0.0073535
-0.0022182
-0.0030745
-0.0017178
-0.0299546
-0.0114688
-0.0087402
-0.0153820
0.0077541
0.0014417
-0.0316143
0.0411818
-0.0175007
-0.0380330
0.0383085
0.0116169
0.0007936
-0.0350523
-0.0297952
0.0305798
-0.0089726
0.0143635
0.0176172
-0.0236170
0.0154527
-0.0157906
-0.0197377
0.0260969
0.0303029
0.0235767
-0.0282745
0.0079556
-0.0128617
-0.0408691
-0.0234389
-0.0223042
0.0014319
-0.0131219
-0.0286200
0.0251043
0.0304278
0.0485981
-0.0142613
0.0128207
-0.0146552
0.0100468
0.0345616
-0.0399267
-0.0306040
0.0099566
0.0113939
-0.0279797
-0.0404162
-0.0374258
-0.0333773
0.0234679
0.0260085
0.0320143
0.0256271
0.0223863
0.0177010
0.0672774
-0.0312600
-0.0395867
-0.0210695
-0.1159053
-0.1729739
-0.1657517
-0.0215551
0.1382015
0.2997683
0.2192816
0.0621902
-0.1020043
-0.1210860
-0.0738473
0.0161836
-0.0057366
-0.0393220
-0.0287886
-0.0116657
-0.0144634
-0.0045681
0.0343238
0.0272238
0.0587812
0.0133724
0.0243453
0.0213589
-0.0261862
-0.0283599
-0.0309092
-0.0222419
-0.0291843
-0.0507888
-0.0261912
0.0250957
-0.0340613
0.0041024
-0.0333527
0.0358685
0.0421883
-0.0081971
-0.0116325
-0.0166338
-0.0295509
-0.0127601
-0.0069598
-0.0096181
-0.0387281
-0.0386172
0.0032087
0.0102106
-0.0224599
-0.0036676
-0.0330373
-0.0291320
-0.0280002
-0.0333576
0.0077607
0.0338524
-0.0110760
0.0016838
-0.0335826
0.0308867
-0.0139998
0.0229740
-0.0285303
-0.0149595
-0.0183494
-0.0066242
0.0263385
0.0132215
-0.0330673
-0.0007804
-0.0257537
-0.0034727
-0.0042659
0.0164399
-0.0316472
0.0149314
-0.0054720
0.0264047
-0.0194115
0.0111260
-0.0395467
0.0294047
0.0386460
0.0078792
0.0104606
0.0351377
-0.0157329
-0.0250002
-0.0346697
0.0121627
0.0039069
0.0331970
0.0201831
0.0216335
-0.0350193
0.0297469
-0.0339172
0.0093190
0.0028660
-0.0104028
0.0224694
0.0146791
-0.0351592
0.0081109
0.0205695
0.0117278
0.0197985
-0.0092787
0.0077937
0.0134368
-0.0013783
0.0339690
-0.0354848
0.0076953
0.0270609
-0.0140520
-0.0233599
0.0006793
0.0151818
0.0252739
-0.0012939
0.0001273
0.0170344
-0.0120106
0.0086379
-0.0234298
-0.0177424
-0.0018070
-0.0293818
-0.0508442
-0.0007521
-0.0480175
-0.0054544
0.0237017
0.0079305
0.0051649
0.0572965
0.0800756
0.0688237
0.0953757
0.0712043
0.0125009
0.0103216
-0.0604529
-0.1630137
-0.1767394
-0.2260891
-0.1029740
0.1406214
0.3338826
0.2884111
0.0685286
-0.0488264
-0.1761770
-0.1023692
-0.0336710
0.0023400
-0.0220959
-0.0407108
-0.0511527
0.0061680
0.0654414
0.0292022
0.0460123
0.0450603
0.0508703
0.0349775
-0.0168459
-0.0207515
0.0118814
-0.0439432
0.0010395
0.0135651
0.0221581
0.0063231
-0.0103958
0.0132514
0.0249892
0.0124560
-0.0069290
-0.0014981
-0.0264516
0.0412585
0.0119486
-0.0337283
-0.0292301
-0.0358886
-0.0252398
0.0038280
0.0330607
0.0294196
0.0124905
0.0323380
-0.0191996
-0.0118040
0.0062933
0.0122360
0.0331344
0.0203423
0.0344453
-0.0376530
-0.0346221
0.0288803
-0.0308725
0.0260340
-0.0067248
-0.0140277
-0.0266472
-0.0393512
0.0155807
0.0177185
0.0194108
-0.0016456
-0.0289940
-0.0105618
0.0290730
-0.0289058
0.0047445
0.0012572
-0.0229216
0.0167621
-0.0157502
0.0271596
-0.0332048
0.0329794
-0.0356066
0.0311815
0.0185382
-0.0396307
0.0365808
-0.0305681
0.0116881
-0.0126116
0.0311468
0.0057894
-0.0066937
-0.0364442
-0.0294760
0.0290542
0.0078123
-0.0009079
0.0254574
-0.0221234
-0.0191782
-0.0364808
-0.0284743
-0.0274194
-0.0168716
0.0045740
-0.0177337
0.0166077
-0.0172910
-0.0094681
-0.0044653
0.0193314
-0.0217672
-0.0364029
-0.0015563
0.0109054
-0.0290190
-0.0250282
0.0327650
-0.0176672
0.0420043
0.0091539
0.0299955
0.0383703
-0.0066416
0.0480739
-0.0145982
-0.0198931
0.0278154
-0.0077691
-0.0539385
-0.0343847
-0.0147644
-0.0030356
0.0185913
-0.0084967
0.0124843
0.0077315
0.0282953
0.0947636
0.0562997
0.0365555
0.0160475
0.0007415
-0.0165090
-0.0636184
-0.0980392
-0.2119577
-0.2012956
-0.0858215
0.1953494
0.3218757
0.2883344
0.1086169
-0.0935260
-0.1895499
-0.1321379
-0.0191898
0.0154341
-0.0569412
-0.0299540
-0.0296756
-0.0147749
0.0526248
0.0321880
0.0688969
0.0060181
0.0319380
-0.0028585
-0.0151299
-0.0286415
0.0057201
0.0229519
0.0118567
0.0148289
-0.0074245
-0.0432023
0.0011208
-0.0369545
0.0330182
0.0261873
-0.0265035
-0.0003214
0.0152696
0.0182516
0.0288285
0.0085172
0.0091039
0.0184229
-0.0228727
-0.0368951
-0.0239595
-0.0177497
-0.0024068
-0.0167646
-0.0312426
0.0064516
-0.0298334
0.0248373
0.0127398
-0.0208296
-0.0108417
0.0392649
-0.0120934
0.0096158
-0.0139917
0.0136629
-0.0121205
0.0104840
-0.0208054
-0.0330054
-0.0065603
-0.0147668
-0.0142719
0.0137568
-0.0138482
0.0094359
0.0232925
-0.0117983
-0.0162192
0.0029834
0.0385535
-0.0150806
-0.0392999
-0.0361111
0.0000492
-0.0201319
0.0175013
0.0373334
-0.0357726
-0.0174209
-0.0321592
-0.0045455
0.0011378
-0.0027732
-0.0260343
-0.0068388
-0.0037402
-0.0253347
-0.0391171
-0.0362468
-0.0324650
-0.0015848
-0.0086043
-0.0177461
0.0069606
-0.0052558
-0.0316741
0.0243143
0.0319714
0.0187323
0.0412153
-0.0348428
-0.0299807
-0.0066380
-0.0353142
-0.0035796
0.0182675
-0.0184363
-0.0403039
0.0005946
0.0345240
0.0066932
0.0300214
-0.0057155
0.0489045
0.0032245
0.0230051
-0.0188714
0.0063678
0.0214480
-0.0193558
0.0216762
-0.0429545
-0.0140326
-0.0361723
-0.0461526
-0.0133427
-0.0059819
0.0125583
0.0096558
0.0651979
0.0206979
0.0845336
0.0526071
0.0967496
0.0259118
-0.0105484
-0.0071541
-0.0695906
-0.1649896
-0.1956741
-0.2340720
-0.0583212
0.2067422
0.3275251
0.3256305
0.1342872
-0.0953085
-0.1692480
-0.0818147
-0.0455808
-0.0464532
-0.0655359
-0.0179853
-0.0065322
0.0120900
0.0080801
0.0554801
0.0343706
0.0716244
0.0398198
0.0085721
0.0220867
0.0305508
-0.0355950
-0.0224175
-0.0214616
0.0083397
-0.0210453
-0.0201554
-0.0363015
-0.0232200
0.0058863
0.0196256
0.0451074
0.0281846
0.0129509
0.0365114
-0.0188427
-0.0361517
-0.0105910
0.0304749
-0.0010678
0.0327091
-0.0006406
0.0248071
0.0335569
-0.0330265
0.0033719
-0.0126398
0.0164017
0.0147262
0.0326062
-0.0052886
0.0124396
-0.0266055
-0.0367280
-0.0177326
0.0127604
0.0039876
0.0000064
-0.0249342
0.0020723
0.0327461
0.0347048
-0.0358960
-0.0059262
-0.0041416
0.0150125
-0.0348782
-0.0248757
0.0371919
0.0122836
0.0046108
0.0361326
-0.0171808
-0.0024980
0.0180018
0.0291568
0.0385363
0.0150884
-0.0112532
0.0214457
-0.0017238
-0.0180193
0.0049049
0.0280775
-0.0066412
0.0047015
0.0145156
0.0092373
0.0371778
-0.0330056
-0.0368150
-0.0397068
-0.0279210
-0.0017513
0.0110132
0.0008568
-0.0407371
-0.0374764
-0.0264695
0.0010942
0.0085688
-0.0024028
0.0244524
-0.0089904
-0.0357409
0.0294485
0.0323802
0.0341107
-0.0356647
0.0044114
