-0.0199508
-0.0663664
-0.0728489
-0.1573577
-0.2294504
-0.2338687
-0.1188804
0.1568540
0.4036886
0.3788665
0.2244070
-0.0492142
-0.2192900
-0.1762474
-0.1015288
-0.0685448
-0.0597288
-0.0198738
0.0088313
0.0555593
0.0093114
0.0073513
0.0516963
-0.0041355
0.0149621
-0.0117869
-0.0004246
-0.0381785
-0.0438843
-0.0387480
-0.0596804
0.0103387
0.0178593
0.0219777
-0.0333719
0.0073055
-0.0008026
0.0069866
0.0048853
-0.0108493
-0.0097299
0.0295328
-0.0161689
-0.0371969
-0.0181452
0.0010893
-0.0163747
0.0101142
0.0365840
-0.0477452
-0.0209230
-0.0228894
0.0250281
-0.0006490
-0.0201752
0.0065065
0.0347722
0.0407704
-0.0020645
-0.0238542
0.0160715
0.0310883
-0.0217447
-0.0257851
-0.0041533
-0.0176897
-0.0356674
0.0068836
-0.0178147
0.0265706
0.0227032
0.0378880
0.0257498
0.0001549
-0.0358882
0.0051195
0.0361045
0.0051133
0.0424973
-0.0064983
0.0033150
-0.0123981
0.0201374
0.0036897
-0.0025158
-0.0518260
-0.0266947
0.0101504
-0.0149752
-0.0224798
0.0441045
-0.0066406
-0.0166773
0.0550262
-0.0051310
0.0211256
0.0028852
0.0153502
-0.0238377
-0.0498043
-0.0350355
-0.0336809
-0.0609887
-0.0222509
-0.0196038
0.0110252
0.0481892
0.0541680
0.0616837
0.0616349
0.0773873
0.0918265
0.0917090
-0.0209867
-0.0311098
-0.0684320
-0.1422543
-0.2463087
-0.2630028
-0.1670983
0.0970510
0.4190666
0.4745503
0.2915382
-0.0029871
-0.2288951
-0.2572452
-0.1551468
-0.0785163
-0.0337880
-0.0022730
-0.0054580
0.0443619
0.0897485
0.0481490
0.0643504
0.0609616
0.0799898
0.0149725
0.0457433
-0.0446964
-0.0438911
-0.0668416
-0.0685484
-0.0645823
0.0005040
0.0117648
-0.0062514
-0.0185636
0.0419562
0.0533723
0.0427616
-0.0231813
-0.0294272
0.0261091
0.0336894
0.0362264
0.0268268
-0.0224642
-0.0121067
0.0152118
0.0143103
0.0020190
0.0224753
0.0032343
-0.0240022
-0.0150750
-0.0168314
-0.0267818
0.0138111
-0.0372248
0.0263087
-0.0058805
-0.0208640
-0.0370288
0.0122698
0.0281400
0.0330706
0.0381127
-0.0418867
-0.0134079
0.0073567
0.0216843
-0.0094887
0.0232553
0.0278543
0.0100181
-0.0290431
-0.0092609
0.0379534
0.0146903
0.0271643
-0.0213197
-0.0383199
0.0029684
-0.0483191
0.0317935
0.0272679
-0.0107237
-0.0184450
0.0352963
-0.0365761
0.0462835
0.0359576
0.0261865
-0.0070990
-0.0177569
-0.0209841
0.0221534
0.0161840
-0.0336191
-0.0392841
0.0072035
-0.0378735
0.0148550
-0.0061211
-0.0109009
-0.0004674
0.0282781
-0.0258152
0.0234338
0.0459556
0.0144291
-0.0001286
0.0293973
-0.0242659
-0.0049047
0.0188825
-0.0510958
-0.0292668
-0.0450710
-0.0004364
0.0064785
-0.0366643
-0.0068807
0.0755928
0.0720329
0.0398623
0.0387385
0.0484188
0.0673240
-0.0233667
-0.0160564
-0.0991476
-0.1620426
-0.2824102
-0.2904384
-0.0900977
0.2210824
0.4419683
0.3762183
0.1377620
-0.1249604
-0.1887967
-0.1177302
-0.0707148
-0.0416840
-0.0847231
-0.0289277
-0.0319161
0.0396243
0.0078892
0.0060573
0.0242073
0.0460084
0.0167348
-0.0133500
-0.0108697
0.0138130
-0.0007064
0.0055092
0.0093558
-0.0455912
-0.0097989
-0.0174737
-0.0062751
0.0130433
-0.0138415
0.0314049
-0.0265787
0.0353025
-0.0266297
-0.0323777
0.0104497
0.0020370
-0.0366296
-0.0370922
0.0266562
-0.0320731
0.0113694
0.0077093
0.0352573
-0.0322086
-0.0172629
0.0141881
0.0368647
0.0231187
0.0138943
-0.0137531
0.0140089
0.0225296
-0.0077855
-0.0401354
-0.0183473
0.0378176
0.0241257
0.0097598
0.0305955
0.0165352
0.0215471
-0.0158709
0.0305842
-0.0098511
-0.0366220
0.0296014
-0.0071093
0.0246971
0.0078260
-0.0345482
0.0144537
-0.0143531
-0.0263255
0.0278989
0.0067917
0.0072264
-0.0459915
0.0192799
-0.0033370
0.0306884
-0.0079685
-0.0282890
0.0451457
0.0088528
-0.0016762
0.0040872
0.0555147
0.0041008
0.0005720
0.0316152
0.0188233
0.0205286
-0.0245143
-0.0416133
-0.0235663
-0.0711890
-0.0014680
-0.0220680
0.0378689
0.0593554
0.0476902
0.1063393
0.0572535
0.0918515
0.0962889
0.0546014
-0.0084748
-0.0866344
-0.0981495
-0.2481612
-0.2397605
-0.2396260
-0.0140196
0.3237315
0.5278520
0.4069195
0.1344497
-0.1983986
-0.3136138
-0.2348648
-0.0882563
-0.0479651
-0.0027308
-0.0593999
0.0357012
0.0220661
0.0880492
0.0200786
0.0183427
0.0804834
0.0489466
-0.0035296
0.0344840
-0.0499108
-0.0276514
-0.0634500
-0.0065993
-0.0486227
0.0050197
0.0136789
-0.0087093
0.0233180
-0.0108956
0.0109739
0.0125229
0.0369742
0.0176089
-0.0145915
0.0034473
-0.0319298
-0.0345644
-0.0414218
0.0182038
-0.0173931
-0.0043158
-0.0146896
-0.0325276
0.0384452
0.0040316
-0.0176936
0.0280177
0.0045798
0.0309963
-0.0228624
0.0223289
-0.0107275
0.0354648
0.0239015
0.0128972
0.0336110
-0.0168414
-0.0249758
0.0255631
-0.0115929
-0.0188424
0.0313712
0.0366422
0.0181215
0.0065915
-0.0023504
0.0392949
0.0009957
-0.0295087
0.0021415
-0.0414519
-0.0093257
0.0325129
0.0337253
-0.0131270
0.0316490
0.0261285
-0.0266775
0.0002727
-0.0415069
0.0335404
0.0001395
0.0332223
-0.0263657
-0.0117910
0.0337225
-0.0356311
0.0398321
0.0192701
-0.0113637
-0.0204107
0.0152649
-0.0483470
0.0131531
0.0193687
-0.0373711
-0.0242909
0.0148269
-0.0059730
0.0517614
0.0576918
0.0114152
-0.0134119
-0.0260034
0.0323613
-0.0343634
-0.0286165
0.0008877
-0.0047740
-0.0139194
-0.0333455
-0.0395694
-0.0431120
-0.0320665
-0.0145452
0.0266352
0.0294358
0.0829125
0.0988978
0.0625165
0.0476083
-0.0278443
-0.0773000
-0.1368544
-0.1864531
-0.2579527
-0.1809315
0.0430542
0.2651408
0.3955172
0.2754522
0.0571835
-0.2112195
-0.2444563
-0.1821139
-0.0289875
-0.0478559
-0.0440767
-0.0107750
-0.0196596
0.0229075
0.0874617
0.0575230
0.0615015
0.0304789
0.0020989
0.0324539
-0.0240979
-0.0577909
-0.0542552
-0.0040046
-0.0633544
-0.0453864
-0.0290395
0.0000041
0.0246438
0.0353982
0.0345452
0.0133008
-0.0170964
0.0150523
-0.0182698
0.0098872
-0.0394859
0.0077036
-0.0267434
0.0158673
0.0055075
0.0135300
0.0190441
0.0300430
-0.0385963
-0.0027979
0.0244964
-0.0093182
0.0235722
-0.0356485
0.0090371
0.0241702
-0.0092079
0.0250719
0.0220429
-0.0146321
0.0018917
0.0060130
-0.0233561
-0.0373110
-0.0020805
-0.0369489
-0.0188810
-0.0083051
-0.0180027
0.0133976
0.0122336
0.0335245
0.0153754
-0.0273998
0.0517086
0.0342033
0.0432451
0.0314890
-0.0423930
-0.0156311
0.0048226
-0.0139985
-0.0340162
-0.0108523
0.0263108
-0.0003942
-0.0308779
-0.0291672
0.0472186
0.0396149
0.0505590
0.0193988
-0.0057782
0.0082822
-0.0185988
0.0163326
0.0239334
-0.0527342
-0.0732635
-0.0724645
-0.0212846
-0.0082648
-0.0148139
0.0265540
0.0655927
0.0162369
0.0257920
0.0991817
0.0590457
0.0467004
0.0337359
-0.0230618
-0.0442265
-0.0849858
-0.1660102
-0.3071774
-0.2984530
-0.0880269
0.2554060
0.4687528
0.4809662
0.1790327
-0.1181910
-0.2652536
-0.1933385
-0.1187180
-0.0151569
0.0076464
-0.0665664
-0.0352238
0.0277923
0.0960690
0.0518440
0.0418652
0.0106556
0.0117335
-0.0083294
0.0095613
0.0054611
0.0002621
-0.0104971
-0.0385294
-0.0606335
-0.0102955
-0.0370078
0.0197125
0.0022995
0.0448303
0.0046600
0.0272186
0.0177586
0.0474763
-0.0217093
-0.0122697
0.0046275
-0.0062831
0.0093030
-0.0091772
-0.0303567
0.0088337
-0.0122258
0.0059268
-0.0181335
0.0368587
-0.0233538
0.0405595
-0.0083856
-0.0279982
0.0387856
-0.0375987
0.0062127
-0.0149036
0.0120704
0.0320783
0.0034515
0.0037032
0.0021414
0.0104720
0.0109965
0.0318502
-0.0111540
0.0107371
0.0197683
0.0107339
0.0398039
0.0241938
0.0118463
-0.0083467
-0.0332337
-0.0040608
-0.0365621
-0.0374592
-0.0400218
-0.0329266
0.0357562
0.0409620
-0.0227848
-0.0253122
-0.0129259
0.0080530
0.0388687
0.0142254
0.0045618
0.0151719
-0.0277308
-0.0074287
0.0076976
-0.0270317
-0.0443221
0.0276603
-0.0146143
0.0069814
0.0310252
0.0126308
0.0272470
-0.0045243
0.0471825
0.0528958
0.0177180
0.0288131
0.0322971
-0.0289955
0.0051930
-0.0524569
-0.0189301
0.0056088
0.0011592
-0.0281837
-0.0250189
-0.0142959
-0.0170229
0.0591655
0.0217643
0.0784283
0.0292719
0.0748506
0.0750868
0.0504547
-0.0258630
-0.0802591
-0.1275102
-0.1906946
-0.2879739
-0.1319471
0.0405479
0.2854900
0.4070180
0.2782187
0.0330040
-0.2315060
-0.2239997
-0.1715991
-0.0614175
-0.0420900
-0.0511789
-0.0090516
0.0251403
0.0772212
0.0188958
0.0795838
0.0206806
0.0064583
0.0065748
-0.0004052
0.0129262
-0.0369809
-0.0648901
-0.0340547
-0.0292039
-0.0003488
-0.0353094
-0.0203447
-0.0162610
0.0167498
0.0493878
0.0278182
0.0553427
-0.0019721
-0.0131787
0.0357790
0.0128951
0.0073543
-0.0023331
-0.0277670
-0.0095575
-0.0284448
0.0339886
0.0261835
-0.0287997
-0.0242886
0.0066084
-0.0090892
-0.0086279
0.0418977
0.0371348
-0.0082595
0.0008661
0.0111624
0.0037677
-0.0376618
-0.0130366
-0.0008956
0.0191424
0.0091725
-0.0391701
0.0359742
-0.0347361
-0.0436599
-0.0356595
0.0312096
0.0281951
-0.0136716
0.0271723
-0.0048647
-0.0229735
0.0295495
0.0427045
0.0189129
-0.0079096
-0.0343809
0.0000135
0.0300798
-0.0124963
-0.0033512
-0.0043100
-0.0306688
-0.0154490
0.0402593
0.0102192
0.0401107
0.0059121
0.0527159
0.0547002
-0.0176016
-0.0278706
0.0109637
0.0010870
-0.0017686
-0.0242574
-0.0298520
-0.0212307
-0.0291782
-0.0548087
-0.0374322
-0.0014150
0.0500191
0.0724605
0.0673226
0.0956086
0.0754807
0.0527403
0.0141432
-0.0182551
-0.0830107
-0.1970884
-0.2749444
-0.3073985
-0.1931238
0.1010107
0.4436874
0.5170322
0.2929961
0.0027890
-0.2546008
-0.2757954
-0.1369513
-0.0150808
-0.0408389
-0.0488318
-0.0563384
0.0363434
0.0452279
0.0293723
0.0513472
0.0155458
0.0176162
-0.0061940
0.0407707
-0.0287761
-0.0378498
0.0068045
0.0055765
-0.0369134
-0.0378140
-0.0311338
0.0066686
0.0425957
0.0154478
0.0495946
-0.0119534
-0.0037982
0.0050416
0.0350899
-0.0173842
-0.0221309
0.0121432
-0.0026203
0.0015451
0.0221464
-0.0152765
-0.0216935
-0.0051999
-0.0294859
-0.0118131
0.0261931
-0.0164220
0.0242104
-0.0347935
-0.0059705
0.0414014
0.0242613
-0.0136414
0.0220680
-0.0334389
-0.0429566
0.0241068
0.0042567
-0.0400255
-0.0286242
0.0215760
0.0286256
-0.0403519
-0.0016605
-0.0375305
0.0199610
0.0113650
-0.0107276
-0.0355922
-0.0008139
-0.0155654
-0.0271593
0.0280155
-0.0356815
-0.0448214
0.0148113
0.0000999
0.0129040
0.0178924
0.0394566
0.0115668
-0.0106356
0.0244721
-0.0025481
-0.0114579
0.0053174
-0.0415199
0.0096335
-0.0162658
-0.0360895
-0.0062609
-0.0049657
-0.0268099
0.0021501
-0.0057330
0.0380644
-0.0213439
0.0232237
0.0314136
0.0199380
0.0558930
-0.0056379
0.0020022
-0.0240462
-0.0082743
0.0121524
-0.0028908
0.0003077
-0.0137024
-0.0406358
0.0142350
-0.0237430
-0.0124199
0.0676149
0.0733860
0.0324087
0.0324832
0.0483084
0.0517176
0.0276835
-0.0562876
-0.0854960
-0.1997062
-0.2354354
-0.2516459
-0.0411729
0.2512821
0.4020122
0.3515681
0.1511281
-0.0693152
-0.2656322
-0.2195509
-0.1277575
-0.0618157
-0.0425615
-0.0717501
0.0250078
0.0614908
0.0823388
0.0064759
0.0799143
0.0201852
0.0185006
0.0529451
-0.0319155
0.0149162
-0.0425917
-0.0141654
-0.0281201
0.0065215
-0.0391279
-0.0328514
0.0001582
-0.0273754
0.0394423
0.0265543
-0.0030869
0.0228162
-0.0137112
-0.0165978
-0.0083777
-0.0231293
0.0013640
0.0058093
0.0222058
-0.0203825
-0.0213139
0.0116788
-0.0124983
0.0136688
-0.0111602
0.0181590
0.0432717
-0.0115940
0.0281097
0.0372945
-0.0244871
0.0039214
0.0404022
-0.0161637
-0.0218579
0.0377664
0.0017999
-0.0178104
0.0340590
-0.0094861
-0.0305731
-0.0123560
0.0068534
-0.0117166
0.0359171
-0.0062491
0.0366634
0.0279181
0.0389461
-0.0203507
0.0056444
0.0290278
-0.0351547
0.0070342
0.0116676
-0.0128285
-0.0084084
-0.0352006
-0.0339110
-0.0057842
0.0316366
-0.0188603
0.0338401
0.0064315
0.0566853
0.0547672
0.0185713
-0.0088058
-0.0041436
0.0370751
-0.0222610
0.0151634
-0.0496434
-0.0132232
-0.0357897
-0.0564543
-0.0247270
0.0272492
-0.0261035
0.0585288
0.0553319
0.0582768
0.0359432
0.1106323
0.0544067
-0.0065226
0.0012317
-0.0834578
-0.1115411
-0.2546263
-0.2829874
-0.2119768
-0.0159008
0.3743860
0.4641775
0.3980225
0.0589512
-0.1799935
-0.2549770
-0.1568034
-0.0904391
-0.0065681
-0.0021533
-0.0610213
0.0473242
0.0307282
0.0708127
0.0430141
0.0128642
0.0343457
0.0598986
0.0415161
-0.0049422
0.0158599
-0.0415433
-0.0461335
0.0080075
-0.0661983
-0.0470335
0.0200927
0.0365087
0.0096587
0.0061740
0.0214116
-0.0238492
0.0360891
0.0159836
-0.0053381
-0.0312643
-0.0296929
-0.0265736
-0.0188449
-0.0423864
0.0196950
0.0309825
-0.0392880
-0.0249752
-0.0162506
0.0439224
-0.0023356
-0.0186598
0.0370670
-0.0166432
-0.0138051
-0.0242022
-0.0382138
0.0040165
0.0319628
-0.0143662
0.0123196
-0.0158844
0.0370896
0.0389795
-0.0414516
0.0405715
0.0419575
-0.0328324
0.0044594
-0.0085940
-0.0164805
-0.0171011
0.0373275
-0.0063223
-0.0413005
-0.0041850
-0.0409613
0.0085977
-0.0118169
0.0126388
-0.0432100
-0.0426245
-0.0236510
-0.0177623
0.0088115
0.0318648
-0.0276106
0.0354140
0.0142456
0.0068605
-0.0131064
-0.0125365
-0.0206811
-0.0144267
0.0207554
0.0024897
-0.0510379
0.0295741
-0.0347914
-0.0340781
0.0164473
0.0076222
0.0576708
0.0159137
0.0565444
0.0071100
0.0011169
-0.0312888
-0.0099462
0.0211951
-0.0028182
-0.0526643
-0.0368140
-0.0723101
-0.0027074
-0.0403699
0.0172688
0.0562219
0.0252636
0.0787808
0.0618299
0.0839258
0.1007119
0.0683132
-0.0272516
-0.0344360
-0.1090604
-0.2031848
-0.2281856
-0.2473984
-0.0138844
0.2405443
0.4473544
0.3815488
0.1281874
-0.1121985
-0.2286629
-0.1874370
-0.0346175
-0.0106893
-0.0384228
-0.0269606
-0.0214588
0.0153204
0.0700815
0.0490201
0.0578007
0.0349192
-0.0023444
0.0361552
0.0331399
0.0176655
-0.0107828
-0.0323149
-0.0474233
-0.0329261
0.0110713
-0.0307693
-0.0130622
0.0113971
-0.0025906
0.0420087
0.0224143
0.0285560
0.0187185
-0.0080899
-0.0011808
-0.0320180
-0.0411142
