0.0267527
0.0351894
0.0174470
0.0158198
-0.0301905
0.0329616
-0.0383003
-0.0265967
-0.0022730
0.0337243
0.0253634
-0.0262230
-0.0438482
0.0167452
0.0303683
-0.0123656
-0.0396889
-0.0032129
0.0158296
0.0485095
-0.0301428
0.0460468
0.0409371
-0.0306750
0.0043911
0.0066574
0.0437699
-0.0066702
-0.0336385
-0.0522268
0.0169477
-0.0257323
-0.0050001
0.0196368
0.0042926
-0.0046197
-0.0426367
-0.0064519
-0.0233103
-0.0376274
-0.0316783
0.0333537
-0.0253659
-0.0181394
0.0310922
-0.0374642
0.0363819
0.0348708
-0.0461737
-0.0393862
0.0340559
-0.0368253
-0.0392575
0.0474091
0.0075508
0.0210120
0.0187633
-0.0002110
-0.0175305
-0.0355881
-0.0257100
-0.0195753
-0.0398710
0.0289705
0.0250242
0.0152557
-0.0279342
-0.0314765
0.0299874
0.0321451
0.0101964
-0.0458615
-0.0013232
0.0453662
-0.0247338
0.0009935
0.0315019
0.0384932
0.0221855
0.0299586
0.0415142
-0.0214010
-0.0063601
0.0408229
-0.0113581
-0.0163760
0.0439228
-0.0221390
0.0081482
0.0284379
-0.0121477
0.0328826
0.0263420
0.0343397
-0.0243973
-0.0356063
0.0322269
-0.0193289
0.0407605
0.0215805
0.0356479
0.0105366
-0.0540606
-0.0559017
-0.0633434
-0.0191116
0.0419824
0.0410879
-0.0128987
0.0101653
0.0400503
0.0866282
0.0814236
0.0388021
-0.0327290
-0.0136546
-0.0771676
-0.0576599
-0.1177037
-0.2004634
-0.1336682
0.0950100
0.2659598
0.2900971
0.1673481
-0.0080146
-0.1359758
-0.2253808
-0.0910445
-0.0230446
0.0090109
0.0069640
-0.0006677
0.0109568
0.0425559
0.0603518
0.0684599
0.0121021
0.0458218
-0.0270837
0.0321871
-0.0139423
0.0167010
-0.0242413
-0.0486591
0.0046255
0.0313500
-0.0175665
-0.0176969
-0.0348340
-0.0075510
0.0399973
-0.0265638
0.0375784
0.0446750
0.0115192
-0.0258522
0.0409881
0.0428696
-0.0489314
-0.0456632
0.0171093
-0.0063938
0.0358301
-0.0364124
0.0272938
-0.0086611
-0.0016801
-0.0240254
0.0020939
-0.0439292
0.0214364
0.0458400
-0.0018692
0.0365492
0.0302830
0.0423306
0.0400180
-0.0387285
-0.0277208
-0.0386307
0.0158851
0.0503958
0.0499020
-0.0501887
0.0220152
-0.0206493
-0.0193629
-0.0458447
0.0007271
-0.0353755
-0.0453208
0.0351322
-0.0008533
0.0097749
-0.0430279
0.0380600
0.0049396
-0.0274273
0.0057412
-0.0107172
-0.0235445
-0.0351523
-0.0271930
0.0347605
0.0091546
-0.0029494
-0.0138468
-0.0248787
0.0407762
-0.0473173
0.0091001
0.0070144
-0.0232263
-0.0019408
0.0409973
-0.0216983
0.0021996
-0.0331109
0.0408447
-0.0001020
0.0065863
0.0085557
0.0478424
-0.0347725
0.0227345
0.0318368
-0.0176253
-0.0212846
-0.0302875
-0.0469457
-0.0174080
0.0194814
-0.0277034
-0.0280693
-0.0296796
-0.0155657
0.0084500
-0.0333630
-0.0251911
0.0007525
-0.0054524
-0.0190285
0.0445945
0.0024108
0.0430010
-0.0140949
0.0244502
0.0010574
0.0071280
0.0311973
-0.0403424
0.0259566
0.0036768
-0.0601707
-0.0369965
0.0112050
0.0468417
0.0598053
0.0083122
0.0166951
0.0734545
0.0841357
0.0748025
-0.0450013
-0.0533933
-0.1048425
-0.2049297
-0.2227947
-0.1411232
-0.0069194
0.2260212
0.4085996
0.2904300
0.1509356
-0.1134698
-0.2369390
-0.2254101
-0.1263622
-0.0975004
0.0053329
-0.0309937
0.0210039
0.0119302
0.0828638
0.0719173
0.0784412
0.0415365
-0.0081862
-0.0289323
-0.0456572
-0.0307953
-0.0123588
-0.0442812
0.0197944
-0.0440608
0.0368434
-0.0466206
-0.0207316
0.0546277
-0.0040859
0.0539455
0.0187645
-0.0151864
-0.0123958
-0.0076630
-0.0379632
-0.0402779
-0.0288637
0.0026258
0.0127905
0.0298051
-0.0429051
0.0360970
0.0048134
0.0439360
-0.0077815
-0.0025532
-0.0087942
-0.0417708
-0.0320207
-0.0483549
0.0255091
0.0505635
-0.0356924
-0.0345285
-0.0228888
-0.0477407
0.0233351
-0.0038647
-0.0331513
0.0273451
-0.0488128
0.0435771
-0.0198646
-0.0363391
0.0231667
-0.0231139
0.0051646
0.0387275
-0.0527096
-0.0098024
-0.0242234
0.0225478
-0.0474577
0.0415956
0.0494723
-0.0051797
0.0298644
0.0168814
0.0077136
0.0436227
-0.0445021
0.0371957
-0.0147926
-0.0085248
-0.0328124
-0.0352752
0.0128535
0.0401221
-0.0282775
0.0281170
0.0413977
0.0058346
-0.0241930
-0.0172696
0.0599798
0.0580155
-0.0324440
-0.0052987
-0.0149643
-0.0364792
-0.0083603
-0.0195119
-0.0345783
-0.0145910
-0.0113190
0.0019344
-0.0331601
0.0953995
0.0809949
0.1433871
0.1259292
0.1281301
0.0549776
-0.0143935
-0.1126175
-0.2407878
-0.3451320
-0.3512948
-0.0213847
0.2699453
0.5504859
0.4822840
0.1914094
-0.1408691
-0.2562777
-0.2067477
-0.0872584
-0.0888178
-0.0609638
-0.0125124
0.0374541
0.0520936
0.0243280
0.0881854
0.0974001
0.0452721
0.0513165
0.0667239
0.0307167
-0.0318741
-0.0752023
0.0040350
0.0120953
0.0110555
0.0163806
0.0379225
0.0202854
-0.0271307
-0.0104618
0.0417870
0.0000845
0.0418877
-0.0192400
0.0010151
0.0134639
-0.0307252
0.0449209
0.0047552
0.0144609
-0.0562131
-0.0075007
-0.0068390
0.0077085
-0.0358036
-0.0031728
0.0230462
0.0162463
-0.0090991
-0.0095024
-0.0089839
0.0041105
-0.0455561
0.0324157
-0.0235067
-0.0439939
-0.0241476
-0.0083458
0.0366908
0.0316635
-0.0328412
-0.0414978
0.0173484
0.0117129
0.0458637
0.0462168
0.0307643
0.0309060
-0.0338684
-0.0137039
-0.0071428
0.0307177
0.0351679
-0.0369533
-0.0170758
0.0442877
0.0379018
-0.0039676
0.0141834
0.0368192
0.0060795
0.0006673
0.0194132
0.0445202
-0.0395542
-0.0130913
0.0231973
0.0374089
-0.0524937
0.0117039
-0.0087189
-0.0307358
-0.0351747
-0.0192074
0.0273989
0.0327277
-0.0312640
-0.0019030
-0.0101517
0.0248005
-0.0171707
-0.0406549
-0.0222898
0.0510598
-0.0403701
-0.0161553
0.0111833
0.0295236
0.0386883
-0.0494223
-0.0218675
-0.0449831
-0.0245716
0.0202082
0.0282352
0.0039588
0.0319426
0.0109993
-0.0155542
-0.0412262
0.0434814
-0.0459590
0.0117214
-0.0394334
0.0506345
0.0448414
0.0105187
0.0263842
0.0242459
-0.0180922
0.0422628
-0.0352756
0.0022732
0.0493369
0.0093545
0.0201378
0.0227868
-0.0457741
0.0416247
-0.0058071
-0.0265399
0.0228585
-0.0373214
-0.0133829
-0.0424266
-0.0191463
0.0406476
0.0067506
-0.0289213
0.0334934
-0.0102172
0.0012033
0.0230458
-0.0014078
0.0159577
-0.0435960
0.0395266
0.0351754
0.0233194
-0.0129845
-0.0065449
-0.0009992
0.0251029
-0.0186387
0.0409277
0.0383981
0.0088416
-0.0246188
-0.0115099
-0.0688358
-0.0415322
-0.0411568
-0.0456051
0.0511546
0.0455138
0.0839733
0.0851897
0.0574710
0.0496634
0.0431961
0.0037890
-0.0760121
-0.0800946
-0.1223090
-0.1892097
-0.2038465
-0.0922636
0.1480537
0.3456240
0.3626437
0.1223934
-0.1861194
-0.2256942
-0.2068378
-0.0294589
0.0263140
0.0315357
-0.0250754
0.0329172
0.0744061
0.0480194
0.0701933
0.0415401
0.0314084
-0.0111190
0.0151866
0.0454590
-0.0157281
-0.0565227
-0.0638470
0.0146478
0.0080496
-0.0554404
-0.0007632
-0.0151905
0.0014855
-0.0211718
0.0118592
0.0332180
0.0386345
0.0188055
0.0165871
-0.0309156
-0.0437851
-0.0126826
0.0161943
0.0142283
-0.0291702
0.0454349
0.0014709
-0.0322544
0.0240110
0.0027752
0.0257568
-0.0091475
0.0256353
0.0479109
-0.0253404
0.0002733
-0.0281817
0.0352594
-0.0140846
0.0001178
-0.0112568
-0.0150710
0.0289206
-0.0052239
0.0476631
-0.0135055
-0.0108999
0.0410322
0.0273631
-0.0080479
-0.0150866
0.0464368
-0.0413799
0.0450524
0.0067961
-0.0153400
0.0143851
-0.0078385
-0.0195842
0.0156644
0.0036737
-0.0491339
-0.0082843
-0.0017676
0.0049639
0.0153546
-0.0172593
-0.0009751
0.0181369
0.0458736
0.0448494
0.0458053
-0.0066741
0.0090475
-0.0318945
-0.0249822
-0.0136033
-0.0169066
-0.0312498
-0.0132859
-0.0014321
-0.0052994
0.0241041
-0.0294143
-0.0094066
-0.0417162
-0.0375694
-0.0187609
0.0327332
0.0322142
0.0276279
0.0014928
-0.0143016
-0.0360432
-0.0378002
0.0195924
-0.0156357
0.0262038
0.0229257
-0.0375115
-0.0251120
0.0432381
0.0260245
-0.0119950
0.0447238
0.0073967
-0.0030168
-0.0042835
-0.0287376
0.0035296
0.0126793
-0.0391943
-0.0367808
-0.0271280
-0.0465526
-0.0346217
-0.0077412
0.0018050
-0.0546484
0.0354095
-0.0363436
0.0745129
0.0092279
0.0813565
0.0867047
0.0417281
0.0502263
-0.0082081
0.0192380
-0.0871388
-0.1165417
-0.1678268
-0.2186488
-0.1582985
0.0227026
0.3245082
0.4172807
0.2521685
-0.0016088
-0.1908131
-0.2427732
-0.0922404
-0.0356889
0.0266878
0.0107903
-0.0510730
0.0296038
0.0025191
0.0570341
0.0142674
0.0252229
-0.0282791
0.0012494
0.0523853
-0.0460688
-0.0407792
-0.0597874
0.0303374
-0.0633395
0.0064864
-0.0524075
0.0003370
-0.0247961
0.0490800
-0.0107734
0.0176988
0.0532620
-0.0059456
0.0211887
0.0214705
0.0119978
0.0309678
-0.0236809
0.0417190
0.0041205
-0.0471624
-0.0281089
-0.0045237
0.0267938
-0.0219525
0.0147586
-0.0276829
0.0445692
-0.0318506
-0.0255916
0.0311813
0.0006100
0.0124922
0.0050125
0.0025022
-0.0224062
0.0097628
0.0259100
0.0069753
0.0082574
0.0356163
-0.0018138
-0.0368980
-0.0268070
0.0428804
0.0424601
-0.0246752
0.0487126
0.0360100
-0.0369664
0.0192383
-0.0110309
-0.0080262
0.0164079
0.0154035
0.0034278
-0.0365694
0.0313813
0.0419423
0.0307309
0.0215038
0.0010849
0.0042260
-0.0169666
0.0437120
0.0476861
-0.0233249
0.0070332
0.0282980
0.0325830
0.0412025
-0.0183059
-0.0476732
-0.0364198
0.0142910
-0.0441387
0.0102385
0.0097375
-0.0057247
0.0490877
0.0234904
0.0475506
0.0074606
-0.0079632
0.0014246
0.0116151
0.0288647
-0.0248256
-0.0434974
0.0257695
-0.0234654
0.0310274
-0.0199123
-0.0528224
-0.0085172
-0.0355307
-0.0006820
-0.0193267
0.0428928
-0.0308652
-0.0367282
-0.0296912
0.0629245
0.0376002
0.0081594
0.0215712
-0.0092391
-0.0095054
-0.0470468
-0.0238132
-0.0159418
-0.0258574
0.0017674
-0.0467373
0.0550955
0.0683454
0.0557019
0.0935565
0.0220144
0.0443657
0.0091963
0.0205228
-0.0010631
-0.0877174
-0.1136940
-0.2168825
-0.1862307
-0.1401284
0.0997246
0.3547209
0.3895601
0.2182435
-0.1343837
-0.2769029
-0.2307369
-0.0576830
-0.0276517
0.0624315
0.0011784
-0.0234054
-0.0129604
0.0286175
0.0022543
0.0387338
0.0258201
0.0336742
-0.0112331
-0.0112279
0.0201462
-0.0184476
-0.0199904
0.0275416
-0.0057534
0.0086861
-0.0350222
-0.0211733
0.0327944
-0.0402717
0.0244039
-0.0364655
0.0287269
-0.0097991
0.0392769
0.0328936
-0.0106824
0.0100892
0.0287374
-0.0321801
-0.0169546
-0.0007281
0.0277654
-0.0224452
0.0226518
-0.0487363
0.0391819
-0.0168282
0.0347193
0.0161698
-0.0286092
-0.0450112
-0.0476230
-0.0370289
-0.0339757
-0.0457898
-0.0426168
0.0015443
0.0248155
0.0364568
-0.0329402
0.0061550
-0.0011695
0.0098650
-0.0454164
0.0255658
0.0273278
-0.0189223
0.0474774
-0.0259009
-0.0465026
0.0056405
-0.0463391
0.0460014
-0.0496322
-0.0326962
0.0402098
-0.0051905
0.0258317
-0.0019967
0.0203608
-0.0266472
-0.0245660
0.0100782
-0.0317338
-0.0321490
-0.0281057
-0.0193328
0.0348861
-0.0185165
0.0270337
-0.0030372
0.0210750
0.0078996
0.0226654
0.0410157
0.0121139
-0.0154159
-0.0498252
0.0019603
-0.0224933
-0.0334610
-0.0021149
0.0041462
0.0169595
0.0008284
0.0266485
0.0255607
0.0433292
-0.0478594
-0.0146548
0.0038866
-0.0179901
-0.0142035
0.0309003
-0.0279459
-0.0353145
0.0100012
0.0187979
0.0505351
0.0482027
0.0069326
-0.0227999
0.0204804
0.0530757
0.0058056
-0.0349460
0.0129675
-0.0511055
0.0240012
-0.0737908
-0.0066738
-0.0074503
0.0231078
-0.0156459
0.0292541
0.0035658
0.0233767
0.0451470
0.0348255
0.0779660
0.0279522
0.0067048
-0.0038998
-0.0686915
-0.1368568
-0.2126508
-0.1697192
-0.0988436
0.0596286
0.3037123
0.4255810
0.2195783
0.0003142
-0.2055808
-0.2220803
-0.1734172
-0.0541296
0.0316206
0.0299428
-0.0440095
0.0113027
0.0037559
0.0564353
0.0479649
0.0037003
-0.0216714
-0.0034697
-0.0050977
-0.0141075
-0.0479663
-0.0628507
-0.0408208
0.0096318
-0.0562128
-0.0587355
-0.0080828
0.0445505
-0.0011999
-0.0325091
-0.0100032
0.0539137
0.0094422
-0.0106914
0.0088975
-0.0361343
-0.0486799
-0.0405326
-0.0155143
-0.0357182
-0.0391153
0.0190912
0.0435534
0.0053145
0.0160870
-0.0291137
-0.0315848
0.0427650
-0.0003743
0.0136642
-0.0261402
0.0464282
0.0121804
0.0078864
0.0256091
0.0465249
-0.0344385
-0.0334542
-0.0104816
0.0408147
-0.0439109
-0.0304284
-0.0215528
0.0286457
-0.0161957
-0.0324123
-0.0429306
-0.0300589
-0.0262065
-0.0095639
0.0456309
-0.0105196
0.0390078
0.0162410
-0.0501477
-0.0365325
0.0343572
-0.0110252
-0.0477497
-0.0137846
0.0034328
0.0310219
-0.0099820
-0.0103918
0.0233940
-0.0038145
0.0215599
0.0288423
-0.0008870
-0.0094901
-0.0226445
-0.0428541
-0.0469995
0.0483199
-0.0189369
-0.0088762
-0.0376608
-0.0394835
0.0402337
-0.0314753
-0.0224218
0.0401204
0.0047017
-0.0336390
0.0509147
0.0476668
0.0170053
0.0227170
-0.0095453
-0.0318355
0.0302633
0.0414878
-0.0493598
0.0164147
-0.0375236
-0.0376261
0.0379307
-0.0203224
0.0069777
-0.0350304
-0.0199943
-0.0007221
0.0291019
-0.0056244
0.0113682
0.0224707
0.0495519
-0.0209810
-0.0105878
0.0275531
0.0221725
-0.0119002
0.0022171
0.0176047
0.0020602
0.0267786
-0.0322022
0.0504103
-0.0017215
0.0708725
0.0568757
-0.0024703
0.0337914
0.0571270
-0.0248934
-0.0835369
-0.0452039
-0.1615418
-0.1789995
-0.1600552
0.0406665
0.2270252
0.3792248
0.2500512
0.0272787
-0.2300888
-0.2633057
-0.1807044
-0.0141003
0.0395572
-0.0149818
-0.0532090
0.0357764
0.0549476
0.0348094
0.0106331
-0.0092529
0.0228842
0.0413174
0.0010420
-0.0438895
0.0146723
-0.0491249
-0.0181359
0.0318100
0.0306890
0.0079110
-0.0406044
0.0463432
0.0242335
0.0142736
0.0407788
0.0552895
0.0238651
0.0322072
0.0121634
-0.0040266
-0.0354495
-0.0467241
0.0372247
-0.0530210
-0.0057773
-0.0242030
-0.0311081
-0.0152567
-0.0393808
0.0503311
-0.0082472
0.0352175
-0.0368821
-0.0269703
-0.0431828
0.0071269
-0.0317235
0.0149801
-0.0510141
0.0142312
-0.0347712
0.0045148
-0.0178266
-0.0182177
-0.0341355
-0.0101924
-0.0017777
0.0383240
-0.0114596
-0.0302257
-0.0494509
0.0186605
0.0462275
0.0122410
-0.0339392
0.0251339
