-0.1074079
-0.1613699
-0.1604502
-0.0080298
0.1344569
0.2671352
0.1864518
-0.0172499
-0.1272704
-0.1076957
0.0212386
0.0275293
0.0155104
-0.0573093
-0.0562409
-0.0168501
-0.0113991
-0.0143662
-0.0310909
0.0057330
0.0592171
0.0539238
0.0065604
-0.0160925
0.0333355
-0.0219530
-0.0257694
-0.0137832
-0.0028753
-0.0310226
0.0087577
0.0088184
-0.0127041
0.0339638
-0.0313693
-0.0240417
0.0150222
-0.0234499
0.0071402
0.0117692
0.0133167
-0.0203857
0.0212236
0.0193242
0.0026882
0.0148148
0.0244661
0.0264655
-0.0376884
0.0216482
-0.0350164
-0.0149722
0.0053288
0.0282455
-0.0086686
0.0026414
0.0317252
0.0370618
0.0321516
0.0272638
-0.0034108
0.0213665
0.0008488
-0.0244832
-0.0022889
0.0006419
0.0156105
0.0249496
0.0232220
-0.0312205
-0.0235507
-0.0074865
0.0365953
-0.0349351
-0.0006567
0.0051542
-0.0326945
-0.0022419
-0.0212351
-0.0263769
0.0067854
-0.0302044
-0.0055928
-0.0189369
-0.0318779
0.0024344
-0.0018139
0.0092763
0.0069334
-0.0098850
0.0019966
0.0001887
-0.0106783
0.0032743
0.0265750
-0.0157088
0.0207653
0.0051843
-0.0047203
-0.0227529
-0.0156075
-0.0132620
0.0338702
0.0055383
-0.0044297
0.0106790
0.0294607
-0.0011946
-0.0206525
0.0294143
0.0141822
0.0137149
0.0077282
-0.0334451
0.0137059
0.0114673
-0.0369035
-0.0279683
0.0074968
-0.0006866
0.0138515
-0.0066353
0.0272300
-0.0314748
0.0092692
0.0233626
0.0014741
-0.0241240
-0.0264419
0.0238972
-0.0071625
0.0117910
0.0030971
-0.0355294
0.0074196
0.0119162
0.0304141
-0.0169336
-0.0226590
-0.0012978
0.0384932
0.0138976
-0.0000486
0.0252520
-0.0327519
0.0253138
0.0147592
-0.0126276
-0.0354402
-0.0063852
-0.0211693
0.0320962
0.0128060
0.0282558
-0.0047156
-0.0058934
0.0041424
-0.0278338
-0.0084719
0.0021397
0.0216873
0.0144334
0.0170101
-0.0320061
-0.0047280
-0.0103216
-0.0162433
-0.0381709
-0.0022122
0.0144194
0.0154712
-0.0206419
0.0077731
-0.0069383
0.0317104
0.0446635
0.0338097
0.0011391
-0.0280183
-0.0260647
0.0122746
-0.0184777
-0.0471868
-0.0488013
0.0019648
0.0195810
-0.0128965
0.0361785
0.0391411
0.0397331
0.0607925
0.0132565
0.0272515
-0.0373816
-0.0181988
-0.0693549
-0.1086759
-0.1881551
-0.1469226
0.0199411
0.2337424
0.2579940
0.1087231
-0.1041768
-0.1678421
-0.0842772
0.0539244
0.0854254
0.0182697
-0.0590883
-0.0726480
-0.0325840
-0.0207097
0.0346057
0.0096315
0.0390422
0.0190499
-0.0116675
0.0185330
0.0046361
-0.0215059
0.0300927
-0.0258774
-0.0099668
-0.0016020
-0.0043439
-0.0226341
0.0013722
0.0133112
0.0148050
-0.0110080
-0.0329696
-0.0163082
-0.0139993
0.0378290
0.0281019
0.0355171
-0.0130611
0.0283239
-0.0323432
-0.0381419
0.0121907
0.0304615
0.0206416
-0.0288751
-0.0177901
0.0096131
-0.0182285
0.0140733
0.0251621
0.0316235
-0.0359632
-0.0051774
0.0318176
-0.0268383
0.0179218
-0.0348728
-0.0077542
0.0128033
-0.0066769
0.0184216
-0.0329662
-0.0082234
-0.0013334
-0.0159787
-0.0241858
-0.0233159
0.0109566
-0.0257183
-0.0286902
0.0303093
0.0270973
-0.0059926
0.0070147
-0.0162103
-0.0091772
-0.0025804
0.0316960
0.0207026
0.0056501
-0.0283659
0.0218903
0.0305556
-0.0110347
-0.0340081
0.0038514
0.0217577
0.0066948
-0.0208871
-0.0136429
0.0088802
0.0189239
0.0114460
0.0249872
0.0060507
0.0412812
-0.0259675
0.0134602
-0.0078586
-0.0152875
-0.0495706
-0.0403809
-0.0425201
-0.0426919
-0.0501513
-0.0271895
0.0017335
0.0098697
0.0390169
0.0533139
0.0826608
0.0825552
0.0867030
0.0044479
-0.0225418
-0.0686802
-0.1584027
-0.1960803
-0.1805430
-0.0730083
0.1059178
0.3221386
0.4287121
0.2261150
-0.0932971
-0.3074814
-0.2797232
-0.1190379
-0.0241202
0.0623247
0.0181338
0.0451581
0.0121105
0.0095429
0.0465420
-0.0027285
-0.0262993
-0.0120355
-0.0298025
-0.0302654
-0.0282348
0.0047020
-0.0235053
0.0111563
0.0020566
-0.0082482
-0.0151970
0.0285833
-0.0012780
0.0125569
-0.0202951
0.0067939
0.0029720
-0.0036363
0.0063426
0.0199856
0.0071480
-0.0344781
-0.0244345
0.0244707
0.0182315
0.0289974
-0.0291564
0.0198146
-0.0027429
0.0015965
0.0298869
0.0034751
0.0314394
0.0000380
0.0053133
0.0271117
0.0266872
0.0333504
-0.0254412
0.0084421
-0.0385791
-0.0227562
0.0273239
0.0065987
0.0143244
-0.0294467
0.0171070
-0.0000944
-0.0198656
-0.0139366
-0.0354085
-0.0313106
0.0332765
0.0113708
0.0299179
0.0282333
-0.0011849
0.0123845
-0.0020843
-0.0158507
0.0036530
-0.0294146
0.0178169
-0.0358694
-0.0334434
0.0168569
0.0075562
0.0350653
0.0356511
-0.0134443
-0.0202288
-0.0137227
-0.0340885
0.0185851
0.0354357
-0.0356890
-0.0245134
-0.0019886
-0.0039383
0.0079030
0.0279265
0.0095591
0.0301115
-0.0232920
-0.0133636
-0.0171374
0.0011380
-0.0281876
-0.0171917
0.0308358
0.0151879
0.0253445
-0.0000771
-0.0294697
-0.0218868
0.0107699
0.0134813
0.0207146
0.0007942
-0.0164923
0.0114263
-0.0367477
-0.0110259
-0.0271405
-0.0148571
0.0115065
0.0019712
0.0207791
-0.0376163
0.0180191
-0.0109577
0.0309553
-0.0272272
0.0081440
0.0161833
0.0132690
0.0294589
0.0052974
-0.0326167
-0.0211078
0.0051201
-0.0287656
0.0064066
-0.0060915
-0.0266841
-0.0273937
-0.0292624
0.0246971
-0.0357855
0.0027830
0.0177714
0.0076684
-0.0291757
0.0313737
0.0260186
-0.0134331
-0.0213802
0.0288614
0.0303538
-0.0355806
-0.0207076
-0.0316735
-0.0145078
0.0241929
-0.0296629
-0.0126022
0.0124937
0.0175159
-0.0142278
0.0248481
0.0310231
0.0362007
0.0224495
0.0291186
0.0305241
-0.0285003
0.0063511
-0.0131520
-0.0253552
-0.0298965
0.0025277
0.0022159
0.0267137
-0.0075257
0.0031153
0.0273210
-0.0149089
-0.0304137
-0.0097017
0.0099692
-0.0020976
-0.0337426
0.0126520
0.0098881
0.0180958
-0.0038143
0.0243775
-0.0023927
-0.0055408
0.0330993
0.0179736
-0.0061215
0.0228502
0.0082869
0.0418513
-0.0264807
0.0263386
0.0036743
-0.0223346
-0.0135605
-0.0446035
-0.0607798
-0.0330510
0.0254804
0.0411049
0.0318736
0.0318127
0.0318022
0.0636168
0.0379471
0.0555476
0.0101078
-0.0107919
-0.1023936
-0.1235720
-0.1648495
-0.1928250
-0.1140634
-0.0008273
0.2043457
0.2713921
0.2036417
0.0433750
-0.1125707
-0.1565592
-0.0633817
-0.0310502
0.0034595
0.0030878
0.0003357
-0.0183048
0.0501002
0.0527110
0.0010238
0.0287644
0.0462641
-0.0000127
-0.0134473
-0.0223141
-0.0034482
-0.0295852
0.0103623
-0.0001127
-0.0148629
0.0218528
0.0170705
0.0266719
-0.0309375
0.0260016
-0.0116397
0.0384954
0.0181208
-0.0113498
0.0332311
-0.0086705
-0.0029359
0.0257854
-0.0343660
0.0123213
-0.0233868
0.0003506
-0.0290061
0.0282021
0.0259050
0.0181235
0.0232881
-0.0179282
0.0279446
-0.0103897
0.0160967
0.0159743
0.0286277
-0.0161813
-0.0127505
-0.0278899
-0.0251343
0.0257246
-0.0025966
0.0104280
0.0039522
0.0175467
0.0223211
0.0254273
0.0062235
0.0005978
-0.0101832
0.0129468
-0.0290308
-0.0117568
-0.0243633
0.0004522
-0.0017029
-0.0274893
0.0018458
-0.0067238
0.0165209
-0.0222897
-0.0090321
0.0318423
0.0143358
-0.0238843
-0.0001120
-0.0333851
0.0344995
0.0027802
0.0032349
0.0140407
0.0084859
0.0183111
0.0122111
-0.0010421
-0.0151711
-0.0351493
0.0226635
-0.0319885
-0.0208753
0.0069708
0.0284030
0.0018231
-0.0197655
-0.0280592
-0.0147470
0.0348309
-0.0160158
-0.0345332
-0.0059157
0.0285182
-0.0120007
-0.0070038
-0.0336955
-0.0038891
0.0158290
0.0092868
0.0296396
0.0018822
0.0063852
-0.0134331
-0.0069793
0.0214710
-0.0334830
0.0379299
-0.0225643
-0.0276551
0.0326809
0.0174260
0.0266264
0.0278167
-0.0313091
-0.0238102
0.0343063
0.0041581
-0.0249278
-0.0295035
0.0078562
0.0301173
-0.0284124
-0.0124330
0.0016290
0.0184358
0.0353333
-0.0214283
-0.0258411
-0.0129891
0.0273903
-0.0061006
0.0305386
0.0022734
-0.0183800
-0.0150836
-0.0081180
0.0226903
0.0060183
0.0094710
0.0356516
0.0197491
-0.0100737
-0.0139058
-0.0221609
-0.0206807
0.0324821
-0.0016965
-0.0373503
-0.0006638
0.0118913
0.0115108
-0.0169434
-0.0247822
0.0180750
-0.0132292
-0.0086705
0.0127073
0.0176989
-0.0272251
0.0176331
-0.0100407
0.0241780
0.0247009
-0.0104673
0.0313059
-0.0025608
0.0084931
0.0187827
-0.0274234
-0.0254375
0.0142582
-0.0044714
0.0329503
0.0329689
-0.0382025
-0.0228992
0.0170506
0.0234719
-0.0106808
-0.0250513
-0.0200163
0.0270155
-0.0268569
0.0401433
-0.0198401
0.0148237
0.0150831
0.0147436
0.0005296
0.0154512
0.0115937
0.0225181
-0.0375386
-0.0062559
0.0165635
0.0092028
-0.0010446
0.0298309
-0.0088566
0.0058340
0.0438274
0.0227255
0.0427809
-0.0154144
-0.0365925
-0.0143605
0.0026181
-0.0141073
0.0148833
-0.0035242
-0.0120910
-0.0127404
0.0094794
0.0103959
0.0056868
0.0635867
0.0365818
0.0117564
0.0610691
0.0180970
-0.0344446
-0.0100801
-0.0914848
-0.1349583
-0.1619847
-0.0889539
0.0966590
0.2173090
0.2531493
0.1220239
-0.0856453
-0.0903908
-0.0230956
-0.0092649
-0.0340692
-0.0556968
-0.0605420
-0.0568830
0.0132962
0.0106926
0.0296537
0.0246744
0.0248808
0.0039089
0.0419028
-0.0069726
-0.0117410
-0.0024767
0.0093459
-0.0291887
-0.0425843
0.0208497
-0.0317314
-0.0069105
0.0140605
-0.0071404
0.0304526
-0.0093431
0.0428403
-0.0029424
0.0361909
0.0294624
-0.0212698
0.0341114
-0.0225842
-0.0232295
0.0233943
0.0020289
-0.0257082
0.0344763
0.0216128
-0.0270505
0.0287980
-0.0072984
-0.0032559
0.0119499
0.0092266
0.0373030
0.0335818
-0.0042386
0.0345346
-0.0014415
-0.0009005
-0.0008856
0.0117616
0.0119327
0.0171350
-0.0370927
-0.0367305
-0.0206450
-0.0243296
0.0208881
-0.0365828
0.0365610
0.0165103
-0.0028733
0.0114560
-0.0210851
0.0239803
-0.0327833
-0.0259005
-0.0038814
-0.0106028
-0.0297202
-0.0360384
0.0092950
0.0169611
0.0368874
-0.0021524
0.0078476
0.0224452
0.0280643
-0.0177385
0.0153964
-0.0080978
0.0233549
-0.0036104
-0.0366242
-0.0320431
0.0079431
0.0224546
0.0205384
0.0181879
-0.0058485
-0.0324364
-0.0125852
0.0211439
-0.0014467
-0.0142823
0.0105521
-0.0033857
-0.0088599
0.0001850
-0.0324733
-0.0265146
0.0301673
-0.0167496
-0.0327444
0.0349304
0.0065162
0.0367896
-0.0221893
-0.0310505
-0.0110294
0.0121168
-0.0017260
-0.0128824
0.0238641
-0.0226223
0.0286288
-0.0361111
-0.0128442
0.0093524
-0.0175822
0.0044457
-0.0243546
-0.0361928
-0.0112411
-0.0079022
-0.0145341
0.0368811
0.0125082
-0.0216588
0.0014218
-0.0234015
0.0231957
-0.0117330
0.0045829
-0.0211141
-0.0171264
0.0271435
-0.0281465
0.0170154
-0.0174138
0.0235204
-0.0250150
-0.0076044
-0.0409815
0.0211276
-0.0125272
0.0314190
-0.0409569
-0.0305558
-0.0027063
0.0088410
-0.0041684
0.0224640
0.0439833
-0.0229863
0.0133646
-0.0061462
0.0435889
-0.0181420
-0.0143083
-0.0010676
-0.0227564
-0.0188581
-0.0570435
-0.0438673
-0.0443633
-0.0263833
0.0417733
-0.0012555
0.0349819
0.0555283
0.0337975
0.0599866
0.0416121
-0.0276856
-0.0167639
-0.0382127
-0.1031961
-0.1652425
-0.1678296
-0.0886081
0.1039567
0.2394368
0.2527561
0.0384640
-0.0784161
-0.1236409
-0.0316272
0.0109826
0.0066207
-0.0679437
-0.0831978
-0.0591520
0.0024426
0.0241650
-0.0172682
0.0126956
-0.0032733
0.0317901
0.0196327
0.0055071
0.0231677
-0.0171738
-0.0167093
0.0077126
-0.0139550
-0.0105976
-0.0014592
-0.0285608
-0.0034303
0.0057598
0.0248086
0.0334084
-0.0099774
-0.0152550
0.0210623
-0.0247419
0.0332555
-0.0032731
-0.0222383
-0.0076073
0.0027372
0.0011539
0.0203996
-0.0040518
-0.0062718
-0.0233807
0.0179582
0.0196506
-0.0236766
-0.0281261
-0.0144877
-0.0315034
0.0147815
-0.0094960
-0.0143602
0.0106079
0.0228140
-0.0118425
-0.0302249
0.0209307
0.0046215
-0.0134126
0.0265755
-0.0240006
-0.0151729
-0.0325797
0.0249931
0.0114931
-0.0171523
0.0320302
-0.0211337
0.0265287
-0.0286408
-0.0014972
-0.0248385
-0.0052023
-0.0258108
0.0062838
0.0233438
0.0085774
-0.0259695
0.0243437
-0.0044288
0.0070898
-0.0225186
0.0051611
-0.0149373
-0.0054431
-0.0242171
0.0158461
0.0021382
0.0329785
0.0084574
0.0085368
0.0039784
0.0054166
0.0265016
0.0029354
-0.0133339
0.0186012
0.0282117
-0.0110421
0.0069788
0.0048961
-0.0216284
0.0351508
-0.0330677
0.0337482
0.0264146
0.0184795
-0.0332557
0.0245541
-0.0351839
0.0242760
-0.0013122
0.0069070
-0.0073900
0.0270499
0.0292772
-0.0323347
0.0362242
0.0143492
-0.0175964
-0.0077422
0.0027803
-0.0054391
-0.0353970
0.0367744
0.0362132
-0.0023178
-0.0055005
-0.0104615
0.0141515
0.0246451
0.0227638
0.0284469
0.0185532
-0.0314162
0.0175725
-0.0137141
0.0273294
0.0363451
-0.0195428
0.0113547
-0.0115941
0.0193452
0.0083891
0.0096436
-0.0056543
-0.0196809
-0.0063570
-0.0341088
-0.0421279
0.0004519
0.0057642
-0.0349251
0.0069780
0.0245658
-0.0086735
0.0224771
0.0237825
-0.0183963
-0.0101373
-0.0245147
0.0305287
-0.0429385
0.0176926
-0.0174740
-0.0129370
-0.0021512
-0.0352732
-0.0310632
-0.0031328
-0.0150832
0.0192394
0.0081361
0.0428286
0.0327402
0.0665778
0.0243904
-0.0243680
0.0133422
-0.0372767
-0.1245403
-0.1760798
-0.1272191
-0.0075355
0.2084965
0.2882124
0.1283513
-0.0495335
-0.1680623
-0.0918613
0.0353824
0.0391273
-0.0377947
-0.0600305
-0.0831553
-0.0022046
0.0333844
-0.0089432
0.0155023
0.0128258
0.0211512
-0.0027757
0.0073734
-0.0132956
0.0129430
-0.0120248
0.0100914
0.0055406
-0.0040366
0.0133401
0.0243422
-0.0370691
-0.0026988
0.0310773
-0.0213255
-0.0197504
0.0103969
-0.0261205
-0.0211876
-0.0228122
0.0374791
-0.0277751
0.0162644
-0.0026867
-0.0006140
-0.0367364
-0.0151021
-0.0197027
-0.0057663
0.0163766
-0.0289314
0.0221094
0.0355399
0.0349290
0.0025015
-0.0013230
-0.0326279
0.0264550
0.0290718
-0.0263594
-0.0161186
-0.0071487
0.0024322
-0.0205134
-0.0263444
-0.0282375
-0.0113350
0.0281127
0.0269284
-0.0021727
0.0000138
-0.0046253
0.0083985
-0.0254781
0.0041035
-0.0084502
0.0061219
0.0231362
-0.0142289
0.0002237
0.0108604
0.0072548
-0.0057086
-0.0004219
-0.0106796
-0.0222454
-0.0118402
0.0240058
-0.0222092
0.0126548
-0.0247904
-0.0278338
