0.0360031
0.0372706
-0.0161503
-0.0162306
0.0301660
-0.0158962
0.0324759
0.0180657
0.0371284
0.0386302
-0.0045396
0.0267901
-0.0237270
-0.0121512
0.0197018
0.0159663
-0.0234777
-0.0273213
0.0062995
0.0316591
0.0038538
-0.0120571
0.0210209
0.0326506
-0.0301190
0.0133530
0.0367921
-0.0146062
0.0278420
0.0292302
-0.0247215
-0.0383900
0.0185345
-0.0124923
0.0398535
-0.0237525
0.0132301
0.0201628
0.0364792
-0.0268655
0.0324649
-0.0078879
0.0216128
0.0242396
0.0176123
0.0086187
0.0047001
0.0326659
0.0025084
0.0234496
-0.0202239
0.0372101
-0.0198296
-0.0331059
0.0183383
-0.0117971
0.0349029
0.0167078
0.0087809
0.0102893
0.0248195
-0.0117513
0.0149952
-0.0310840
-0.0221977
0.0096971
-0.0008414
-0.0024874
-0.0181691
-0.0061936
0.0134742
-0.0140696
0.0365317
-0.0304795
0.0338013
0.0383763
-0.0339129
0.0026995
0.0218486
0.0076281
0.0172233
0.0311295
-0.0433460
-0.0109700
0.0151196
-0.0145839
-0.0317097
-0.0094776
0.0163334
0.0147663
0.0136631
-0.0280901
0.0009364
-0.0151286
0.0301543
-0.0225517
0.0037211
-0.0021299
-0.0057073
-0.0067149
-0.0358013
0.0124867
0.0208312
0.0141334
0.0267332
0.0232596
0.0397032
0.0317572
0.0480324
0.0511559
0.0551215
0.0432119
-0.0363742
-0.0586036
-0.0836152
-0.0924062
-0.1293824
-0.1041452
-0.0813650
0.0246032
0.2136001
0.3453494
0.2358770
0.0064500
-0.2618356
-0.2792548
-0.1566550
0.0111011
0.0341106
0.0336958
0.0324090
0.0196627
0.0618147
0.0419611
-0.0098569
0.0039279
-0.0073000
0.0244055
0.0180435
-0.0428944
-0.0145115
-0.0266927
0.0140298
-0.0068494
-0.0146594
0.0065876
0.0330080
-0.0276661
-0.0163206
0.0399200
-0.0266664
0.0121861
0.0127538
-0.0004204
-0.0372000
0.0354632
0.0203570
-0.0149053
0.0054707
0.0205634
-0.0348264
-0.0310424
-0.0070260
0.0112469
0.0292771
0.0219874
-0.0067454
-0.0178348
-0.0061514
-0.0215009
0.0181073
0.0200357
0.0011173
-0.0274768
0.0090258
-0.0290943
0.0307515
0.0151987
-0.0368065
-0.0408612
-0.0316449
-0.0121159
-0.0170593
0.0224144
-0.0104992
-0.0222851
-0.0267851
0.0128218
-0.0060223
0.0027240
0.0262961
-0.0154269
0.0125092
-0.0287407
0.0016941
-0.0119204
-0.0148667
-0.0071323
0.0188069
-0.0276022
0.0127452
-0.0353059
0.0402753
0.0297695
0.0119953
-0.0101937
0.0185696
-0.0150180
0.0359558
-0.0305761
-0.0160744
-0.0290847
-0.0162307
-0.0060520
-0.0094546
-0.0103332
-0.0083340
-0.0034498
-0.0109538
0.0229612
0.0063603
0.0320397
-0.0258579
0.0404061
-0.0111502
-0.0303883
-0.0262573
-0.0097905
-0.0094646
-0.0324853
0.0336205
0.0306213
-0.0049408
-0.0040650
-0.0130067
0.0223901
0.0357762
0.0288565
-0.0387021
0.0316267
-0.0313465
0.0373431
-0.0202838
-0.0058285
0.0176225
0.0292250
-0.0064386
-0.0198948
0.0032814
-0.0130217
0.0331671
0.0301901
0.0110021
-0.0132565
-0.0157838
-0.0235464
0.0092269
-0.0331104
0.0311510
-0.0280643
-0.0140296
-0.0230733
0.0273504
0.0215706
-0.0393897
-0.0458511
-0.0230988
-0.0287751
-0.0503826
-0.0527289
-0.0140471
-0.0136164
0.0332363
0.0014274
0.0364950
0.0527976
-0.0023271
0.0107396
0.0188316
0.0315440
-0.0160262
-0.0770569
-0.0569372
-0.0932637
-0.1162842
-0.1031088
-0.1102244
0.1448606
0.2789472
0.3581216
0.1861512
-0.1400898
-0.2990757
-0.2847534
-0.1140156
0.0266727
0.0872837
-0.0070012
0.0230682
0.0104461
0.0636488
0.0169145
0.0339371
-0.0339057
-0.0244698
0.0183718
-0.0321357
-0.0438282
0.0049997
0.0202649
-0.0135521
-0.0322150
0.0220154
-0.0090866
-0.0075151
-0.0075428
-0.0089570
-0.0014982
0.0221577
-0.0188417
-0.0122014
-0.0002412
-0.0358230
-0.0270321
0.0058643
0.0041031
-0.0290063
0.0022824
0.0239572
-0.0129396
0.0370903
0.0059269
0.0290546
0.0310508
-0.0174274
-0.0313157
-0.0248939
0.0226154
-0.0057904
-0.0098029
-0.0106483
0.0251897
-0.0026170
0.0126880
0.0096395
0.0219111
-0.0335219
0.0313359
0.0091784
0.0360345
0.0396223
0.0255777
0.0366169
-0.0373902
-0.0034034
0.0031475
-0.0214094
-0.0167736
0.0132764
-0.0192380
-0.0173198
-0.0099102
0.0229853
-0.0188163
0.0010087
-0.0052453
0.0011263
-0.0147468
0.0339276
0.0048788
-0.0211748
0.0323946
0.0180291
0.0232370
-0.0254237
-0.0084039
0.0205809
0.0178643
0.0351907
-0.0070571
0.0060044
-0.0247875
-0.0242097
0.0306054
0.0193424
-0.0223292
-0.0165535
-0.0204596
0.0401751
0.0075389
0.0053140
-0.0340263
0.0340415
0.0239595
-0.0308090
0.0328152
0.0318081
0.0220346
-0.0020176
-0.0197881
0.0375501
-0.0068591
-0.0411511
-0.0245272
0.0165523
0.0161950
-0.0384556
0.0293588
-0.0405445
-0.0137471
0.0269231
-0.0007022
0.0188081
0.0257287
0.0281006
0.0359552
0.0156962
-0.0231031
-0.0198448
-0.0291040
0.0310201
-0.0362540
-0.0139496
0.0100104
-0.0107906
-0.0080710
-0.0018168
-0.0049392
0.0453222
0.0360887
0.0294492
-0.0232540
0.0257813
0.0165207
0.0284192
-0.0069510
0.0125053
0.0064851
-0.0001562
-0.0408052
0.0069919
-0.0312731
0.0156117
0.0190717
0.0325797
0.0417574
0.0462855
0.0629604
-0.0252671
-0.0411378
-0.0197582
-0.0427033
-0.0865260
-0.1279298
-0.1398458
-0.0445911
0.1184217
0.3317233
0.3511097
0.1266635
-0.1654360
-0.2904308
-0.2763700
-0.0853504
0.0886228
0.0679707
-0.0071382
0.0314127
-0.0055647
0.0750856
0.0540639
-0.0243925
-0.0097305
-0.0283392
-0.0334067
0.0194509
-0.0341920
-0.0414420
-0.0009004
0.0263419
0.0078970
0.0046453
-0.0265066
0.0254825
0.0336882
0.0402138
-0.0237453
-0.0273993
0.0381335
-0.0284250
-0.0114782
-0.0331261
0.0249397
0.0060544
0.0203764
-0.0362771
-0.0156391
-0.0123444
0.0233521
0.0246603
0.0060897
0.0316251
0.0379209
-0.0130311
-0.0293564
0.0074344
0.0124271
0.0188207
0.0119626
0.0314743
-0.0030046
0.0124095
0.0363313
-0.0103912
0.0217685
-0.0032511
-0.0026960
0.0031974
-0.0033400
-0.0273256
0.0080268
-0.0346698
0.0373899
-0.0338314
0.0140937
-0.0339770
0.0028717
-0.0114337
-0.0206619
-0.0139026
-0.0383986
-0.0212460
-0.0110523
0.0048395
0.0316458
0.0310041
-0.0049535
0.0063441
-0.0395062
0.0238459
-0.0010752
-0.0200540
0.0306570
-0.0082662
0.0207262
-0.0113980
0.0237436
-0.0345202
0.0226033
0.0196769
-0.0082723
0.0188789
0.0114875
0.0217769
0.0082881
0.0007606
-0.0129433
0.0131177
0.0112049
0.0250590
-0.0211674
-0.0130487
0.0059177
0.0315150
-0.0221741
0.0292550
0.0256570
0.0289138
0.0219451
-0.0263919
0.0333898
0.0367039
-0.0222389
0.0104041
0.0260329
0.0241623
0.0156435
-0.0131156
0.0331904
-0.0336929
-0.0023962
-0.0322975
0.0011241
-0.0215358
0.0309240
-0.0189486
-0.0033545
0.0306494
0.0110371
0.0180558
-0.0435968
0.0058205
-0.0302060
-0.0021903
-0.0043097
0.0372487
0.0384970
0.0051083
-0.0240222
0.0070976
-0.0238441
0.0156316
0.0318161
-0.0378951
-0.0498701
0.0251610
0.0083538
-0.0113939
-0.0296670
-0.0068254
-0.0104275
-0.0029137
0.0373036
-0.0096661
0.0543201
0.0645279
0.0447234
-0.0077539
0.0052850
-0.0358042
-0.0607070
-0.0940218
-0.1190653
-0.1288813
-0.1069622
-0.0621366
0.1239402
0.2995236
0.3333226
0.0965984
-0.1435864
-0.2970111
-0.1983819
-0.0191063
0.0797951
0.0531597
0.0023906
-0.0413439
0.0536876
0.0386804
0.0174118
0.0353096
0.0139975
-0.0114449
0.0385536
-0.0456518
0.0039530
0.0039399
-0.0430658
-0.0150356
-0.0029146
-0.0067058
0.0221866
0.0391190
-0.0254530
0.0446632
0.0445564
0.0175891
-0.0342682
-0.0108302
-0.0320596
-0.0292015
0.0038956
-0.0186534
-0.0384751
-0.0095468
0.0064751
-0.0361478
-0.0202164
0.0233161
0.0128900
0.0101748
0.0356957
-0.0346024
-0.0224454
0.0156126
-0.0076318
0.0326432
-0.0391807
-0.0415317
0.0244875
0.0336030
0.0294708
-0.0243905
-0.0275914
-0.0233411
0.0225161
0.0294715
0.0148485
-0.0060813
0.0179763
0.0095788
0.0034631
-0.0104571
-0.0097926
-0.0397562
-0.0136600
-0.0176276
-0.0121442
0.0112384
0.0038270
-0.0243007
-0.0127280
-0.0264769
-0.0272709
0.0135505
0.0174906
0.0181328
0.0220677
0.0066021
-0.0180096
0.0011019
-0.0287801
-0.0008986
0.0136387
0.0071726
-0.0299508
0.0164660
0.0188980
0.0032671
0.0133459
-0.0388090
0.0287916
0.0403401
-0.0204634
0.0208105
0.0153852
-0.0226197
-0.0070632
-0.0244195
-0.0099381
0.0402176
-0.0332232
-0.0204569
0.0192919
-0.0198799
0.0246472
0.0361965
-0.0301615
0.0052585
-0.0226787
-0.0110318
-0.0143894
0.0228421
0.0128289
0.0193431
-0.0028319
-0.0019298
0.0028772
-0.0246319
-0.0020480
0.0098501
0.0343243
-0.0289178
0.0352077
-0.0272855
-0.0030975
-0.0205679
0.0200244
-0.0039324
0.0208051
-0.0006833
0.0040975
-0.0027380
-0.0342909
-0.0335946
0.0073308
-0.0268315
-0.0116603
-0.0014546
-0.0284344
0.0175371
0.0118719
0.0192847
-0.0360599
-0.0504007
-0.0122335
-0.0120322
-0.0173093
-0.0438581
0.0197566
0.0492836
-0.0026535
0.0393799
0.0698741
0.0423993
0.0466584
-0.0063206
-0.0024034
-0.0575950
-0.0204885
-0.0558414
-0.1072844
-0.1221392
-0.1213954
-0.0281218
0.1585053
0.3239209
0.3024034
0.0429810
-0.1704665
-0.2370950
-0.1364481
-0.0193468
0.0780158
0.0516604
-0.0365685
0.0212759
0.0208392
0.0742448
0.0279630
0.0422031
0.0362800
-0.0252352
0.0066211
-0.0162012
-0.0303911
-0.0490537
0.0237106
-0.0134344
0.0205804
-0.0101879
-0.0248915
-0.0225114
-0.0109790
-0.0254762
0.0104251
0.0162284
0.0319196
-0.0272043
0.0258924
0.0008870
0.0214351
-0.0134519
-0.0229973
-0.0364112
-0.0195626
0.0012689
0.0060176
0.0174328
-0.0252735
0.0241321
0.0086543
-0.0368797
0.0212757
0.0307217
0.0023640
0.0393297
-0.0318469
0.0100625
-0.0349562
0.0092184
0.0272359
0.0294860
-0.0162039
0.0081253
-0.0236236
-0.0196169
-0.0167786
-0.0376415
-0.0094950
0.0382669
0.0012017
-0.0142033
-0.0190474
-0.0213032
-0.0351281
0.0283488
-0.0290546
0.0387873
0.0016745
-0.0388707
0.0380496
-0.0036837
-0.0032305
0.0386691
-0.0202443
0.0308584
-0.0241959
0.0079463
0.0297299
-0.0101080
0.0107380
-0.0225083
-0.0314526
0.0140741
-0.0009551
-0.0105753
-0.0273452
0.0130139
-0.0029020
0.0204497
-0.0340550
-0.0125842
-0.0245094
0.0149383
-0.0127431
0.0214221
0.0159246
0.0210190
0.0358271
0.0087082
0.0320807
0.0166243
0.0185471
-0.0104902
0.0078421
0.0386306
-0.0008189
-0.0012358
-0.0093856
-0.0264833
0.0227154
-0.0233753
-0.0052843
0.0076564
-0.0293373
0.0118091
-0.0368148
0.0240393
-0.0186440
0.0175082
0.0199430
-0.0115974
-0.0198458
-0.0153930
0.0196011
0.0061969
-0.0228110
0.0282723
-0.0150990
0.0012323
0.0176338
-0.0129809
0.0036300
0.0116977
0.0385119
-0.0299368
0.0040745
0.0211296
-0.0030606
-0.0067190
-0.0090083
-0.0095390
0.0110688
-0.0333651
-0.0470303
0.0065257
0.0118803
0.0057685
0.0071661
0.0341590
0.0010935
0.0273667
0.0022644
0.0433399
0.0205366
-0.0139115
0.0000235
-0.0172180
-0.0518913
-0.0938446
-0.1340043
-0.1558571
-0.1392784
0.0027291
0.2283766
0.3115047
0.2684244
0.0322413
-0.2211306
-0.2304710
-0.1107677
-0.0179755
0.0641239
0.0381958
0.0178881
-0.0120716
0.0579848
0.0490360
0.0455953
0.0095150
-0.0153441
0.0265374
0.0154876
-0.0137201
-0.0538366
-0.0418661
-0.0396865
0.0146714
-0.0167181
0.0264207
0.0147487
-0.0184892
-0.0093539
-0.0115308
0.0152266
0.0306413
0.0178508
-0.0191199
-0.0260290
0.0334368
-0.0043133
0.0237344
-0.0320013
-0.0016466
-0.0201116
-0.0220504
0.0259498
0.0168370
-0.0168504
0.0081227
0.0137957
0.0063313
0.0360710
-0.0266058
-0.0169499
-0.0086023
-0.0241806
-0.0111916
0.0063328
-0.0170435
0.0222654
0.0005677
-0.0255636
-0.0359202
-0.0308388
0.0207135
-0.0202594
-0.0135549
-0.0199531
0.0147104
-0.0122606
0.0355896
0.0111167
0.0034120
-0.0187532
-0.0245742
-0.0285420
0.0199225
0.0313965
0.0380068
0.0119424
0.0136921
-0.0326579
-0.0237750
0.0023989
0.0084833
0.0025705
0.0069537
0.0084206
-0.0261097
-0.0387489
-0.0338786
-0.0397624
-0.0285794
0.0202665
0.0045561
0.0210348
-0.0378529
0.0234941
-0.0310748
-0.0355179
-0.0132343
0.0263489
0.0021327
-0.0385174
0.0364933
0.0186832
0.0173409
0.0149354
0.0163689
-0.0260934
0.0369965
0.0140723
-0.0212891
0.0293977
0.0358718
-0.0221266
-0.0228710
-0.0093109
0.0085457
0.0235421
0.0044617
-0.0095414
-0.0005118
0.0324906
0.0087800
0.0214921
0.0207314
0.0243763
-0.0008042
-0.0360503
0.0355662
0.0131244
0.0390516
0.0262539
0.0192561
-0.0046508
-0.0298695
0.0138395
-0.0252221
0.0264329
0.0009555
0.0342186
-0.0008413
0.0277588
0.0035304
0.0386103
-0.0194796
0.0230315
0.0051792
0.0254827
0.0197655
-0.0350638
-0.0506777
-0.0509420
0.0166678
0.0017853
0.0180161
-0.0089346
0.0152253
-0.0091661
0.0021506
0.0304038
0.0578634
0.0284816
0.0308704
-0.0433956
-0.0075092
-0.0919369
-0.0697503
-0.1101113
-0.1664207
-0.0653887
0.0646267
0.2769826
0.3169619
0.2159273
-0.0494529
-0.2390804
-0.2948788
-0.1600535
0.0310109
0.0624239
0.0192750
-0.0265416
0.0450695
0.0235336
0.0191445
0.0560416
0.0015381
-0.0248025
0.0109036
-0.0336449
-0.0468837
-0.0026039
0.0130721
-0.0305948
0.0179111
-0.0262222
-0.0311888
-0.0242740
-0.0100711
0.0245128
0.0442914
-0.0024443
0.0206549
-0.0008328
0.0168397
-0.0290098
-0.0023857
-0.0081924
-0.0030189
0.0180881
-0.0086952
-0.0291518
-0.0290145
-0.0284246
-0.0119589
0.0428141
-0.0079540
0.0381007
-0.0253614
-0.0184283
-0.0054479
0.0354381
0.0219238
0.0221649
0.0111997
-0.0048448
0.0030973
0.0143575
0.0036769
0.0193712
-0.0105239
0.0394474
0.0193553
-0.0156646
0.0019216
-0.0140184
-0.0025368
-0.0181523
0.0208214
0.0019543
-0.0064936
-0.0355414
0.0141393
-0.0224205
-0.0187044
0.0109841
-0.0296105
0.0024169
-0.0264312
0.0320793
-0.0284244
-0.0184993
-0.0164131
0.0392313
-0.0099077
-0.0365134
-0.0341277
0.0054046
0.0042301
-0.0326519
-0.0095839
0.0340922
-0.0233612
0.0358173
-0.0101740
0.0032593
0.0305664
-0.0014582
0.0406316
-0.0121742
0.0357946
-0.0039891
0.0325970
0.0167700
0.0006108
-0.0408224
-0.0062955
-0.0363882
-0.0357153
-0.0202677
0.0365808
0.0343859
0.0252819
-0.0036187
-0.0120274
