0.0090211
-0.0606337
-0.0151264
-0.0004860
0.0155461
-0.0168515
0.0634462
0.0254878
-0.0200818
-0.0086754
-0.0408403
-0.0198100
-0.0161602
0.0363268
-0.0500705
-0.0587515
0.0441077
0.0207153
0.0371332
-0.0173689
-0.0136772
-0.0309102
0.0375081
0.0581936
0.0276266
0.0448634
-0.0327146
-0.0735618
-0.0809845
0.0003809
-0.0894760
-0.0425922
-0.0011448
-0.0190133
-0.0388636
0.0792232
0.0760672
0.1227016
0.0331970
0.1147752
0.0934605
0.0147373
-0.0463484
-0.1005317
-0.1120418
-0.0753730
-0.0587075
-0.0146627
-0.0120586
-0.0748794
-0.0514056
0.0940702
0.3268574
0.2691765
0.1451631
-0.0374307
-0.2176965
-0.2301025
-0.1372472
-0.0478081
-0.0051280
-0.0393730
-0.0058908
0.0471258
0.0780463
0.0338192
0.0690096
0.0847591
0.0440527
-0.0263186
-0.0467151
-0.0443722
-0.0466303
0.0078738
-0.0196311
-0.0381214
0.0148944
-0.0224429
0.0191396
0.0476541
0.0239862
0.0381392
-0.0310486
0.0151808
-0.0035325
0.0088377
0.0117178
-0.0057250
0.0097379
-0.0431988
-0.0475210
0.0145651
0.0248731
0.0133572
0.0633769
0.0487900
0.0515570
-0.0300136
0.0195843
0.0322828
0.0421470
-0.0030366
-0.0623261
0.0123586
-0.0680732
-0.0023215
-0.0321295
-0.0858786
-0.0135822
-0.0565398
0.0090820
0.0687316
0.0439699
0.1043750
0.1041536
0.0508961
0.0389671
-0.0137712
-0.0847886
-0.0790328
-0.0733780
-0.0227955
-0.0649901
-0.0378386
-0.1046070
-0.0848954
0.0854093
0.2375742
0.3410327
0.1917069
0.0111564
-0.1271025
-0.2115582
-0.1876033
-0.0787255
-0.0184970
0.0392118
-0.0157255
0.0831467
0.1001348
0.0490630
0.0133672
0.0523371
0.0275592
0.0202906
-0.0168729
-0.0792438
-0.0097702
0.0142782
-0.0308980
-0.0425531
0.0206398
0.0284655
-0.0254606
-0.0222728
0.0534721
0.0641115
0.0597154
0.0651994
-0.0204823
0.0340953
-0.0427239
-0.0288592
-0.0106941
0.0083740
-0.0455457
0.0380641
0.0266572
0.0160343
0.0490393
0.0439900
0.0016572
-0.0221192
0.0447561
-0.0157258
-0.0381346
0.0351668
-0.0296407
-0.0674605
0.0014094
-0.0586840
-0.0544515
0.0351221
0.0220782
0.0692800
0.0927967
0.0141310
0.0940412
0.0590113
0.0183570
0.0470653
-0.0533272
-0.0328819
-0.0654177
-0.0167117
-0.0332261
-0.0567576
-0.1005058
-0.0749072
-0.0987510
0.0602956
0.3168772
0.3321494
0.2389881
-0.0188392
-0.2272531
-0.2932839
-0.2122862
-0.0549847
-0.0096735
0.0117351
0.0520222
0.0171880
0.1196438
0.0474569
0.0190479
0.0729504
0.0140193
0.0332655
-0.0123644
-0.0342084
-0.0875179
-0.1002199
-0.0054177
-0.0272606
-0.0610777
0.0414336
-0.0447170
0.0522116
-0.0305406
0.0819751
-0.0084582
0.0187962
-0.0252330
0.0585909
-0.0548664
-0.0257350
-0.0126334
0.0225706
0.0356776
0.0275498
0.0494396
0.0537013
0.0112937
0.0070536
0.0754450
0.0213444
0.0194866
0.0717282
-0.0453156
-0.0308829
0.0081348
-0.0028839
0.0249755
-0.0016398
-0.0875215
-0.0365232
0.0129215
-0.0100601
0.0384386
0.0424951
0.0542998
0.1051655
0.0487016
0.0705669
0.0127373
-0.0109460
-0.1064343
-0.0663001
-0.0508611
-0.0552853
-0.0689012
-0.0882701
-0.1215754
-0.0037862
0.0583632
0.2708293
0.2964557
0.1856329
-0.0304354
-0.2412036
-0.2346950
-0.2115702
-0.0582642
-0.0661112
0.0554969
0.0605167
0.0080847
0.0312069
0.0906974
0.0824662
-0.0178737
0.0364443
0.0035645
-0.0286046
-0.0090058
-0.0432691
-0.0120531
-0.0127210
-0.0412856
0.0348087
0.0306490
-0.0234130
0.0587886
-0.0262711
0.0070197
0.0001438
-0.0177550
-0.0275465
-0.0184745
0.0357010
-0.0712139
-0.0080458
0.0266195
-0.0416052
-0.0222346
0.0451514
-0.0043324
0.0286475
0.0340127
0.0376026
-0.0248900
0.0285436
-0.0115011
0.0511708
-0.0382914
0.0014310
-0.0209599
-0.0643234
-0.0488196
0.0004922
0.0142823
0.0259276
0.0045270
0.0998166
0.0445289
0.0497165
0.1174765
0.0286192
0.0072684
-0.0842171
-0.1282634
-0.0588047
-0.0743243
-0.0389466
0.0265914
-0.0710359
-0.1323163
-0.0844195
0.0565895
0.2547444
0.3525673
0.1543130
0.0262638
-0.1436297
-0.2474332
-0.1714139
-0.1145034
-0.0777246
-0.0363740
0.0506452
0.0332220
0.0322328
0.0529960
0.0797024
0.0520676
0.0630970
0.0394334
-0.0339947
-0.0764306
-0.0252758
-0.0009046
-0.0250100
-0.0502580
-0.0284058
0.0429204
-0.0140265
0.0210810
0.0430549
-0.0086840
0.0706898
0.0513600
0.0365888
0.0455509
-0.0590482
-0.0106982
-0.0345173
0.0007978
-0.0211672
-0.0404534
-0.0320474
0.0013896
0.0592122
-0.0119011
-0.0216584
0.0728794
0.0660003
-0.0391839
-0.0337779
-0.0493928
-0.0425956
0.0042415
-0.0596882
-0.0648218
-0.0166479
0.0088133
0.0025495
-0.0270545
0.0658185
0.0712047
0.1012412
0.0774561
0.1026169
0.0703569
0.0465295
-0.0740420
-0.0700123
-0.1237104
-0.0594489
0.0065065
0.0172388
0.0042021
-0.1153894
-0.0373606
0.1027485
0.1740268
0.3398011
0.1608576
-0.0373375
-0.2120900
-0.1847331
-0.2102704
-0.0708368
-0.0426500
0.0299032
0.0573654
0.0475131
0.0415441
0.0549996
0.0026706
0.0237379
0.0065340
-0.0027383
-0.0273968
-0.0602357
-0.0922617
0.0173141
-0.0817505
0.0268403
-0.0212953
0.0472334
-0.0283128
0.0765362
0.0393264
0.0285368
0.0389300
0.0013691
0.0329286
-0.0585976
0.0161399
-0.0253906
0.0228273
-0.0223249
-0.0033545
-0.0497911
-0.0354673
0.0082901
0.0387749
-0.0033063
0.0455749
-0.0251545
-0.0231990
-0.0257180
0.0078151
0.0467328
0.0319171
-0.0611445
0.0104981
-0.0595227
0.0189466
0.0068974
0.0240497
0.0248973
0.0831505
0.0986493
0.0547361
0.0183316
0.0227047
0.0501035
-0.0184643
-0.1091364
-0.1517800
-0.0598353
-0.0227069
0.0263672
-0.0625253
-0.0366628
-0.0727974
0.0994477
0.1920334
0.3529831
0.2626301
-0.0052210
-0.1312287
-0.2709298
-0.2248508
-0.0643353
-0.0853587
-0.0255058
-0.0078053
0.0619532
0.1326614
0.0853040
0.0140254
-0.0086139
0.0727270
0.0557520
-0.0486699
0.0043774
-0.0755529
-0.0985196
0.0128428
-0.0816935
-0.0454937
-0.0571876
0.0140710
0.0729207
0.0437223
0.0263430
-0.0144093
-0.0252044
0.0209302
0.0300426
0.0496536
0.0165230
-0.0301512
-0.0299000
-0.0206284
-0.0681812
-0.0344864
-0.0499197
0.0111275
0.0630176
-0.0346162
-0.0330648
0.0096505
-0.0256251
0.0322328
0.0494188
0.0477896
0.0379067
-0.0733796
-0.0402528
-0.0413333
0.0258298
-0.0382037
0.0047960
0.0647935
-0.0171723
0.0994729
0.0171222
0.0288537
0.0696003
0.0428355
0.0020909
-0.0976044
-0.1108895
-0.0253496
-0.0374375
-0.0344722
-0.0532667
-0.1274350
-0.0743920
-0.0760749
0.1429579
0.2963516
0.3459037
0.1933528
-0.0790628
-0.2634351
-0.1850037
-0.1167977
-0.1173216
-0.0475696
-0.0264726
0.0021245
0.0518091
0.0595652
0.0877122
0.0227285
0.0684419
0.0657208
-0.0385137
-0.0114399
-0.0035923
-0.0043676
-0.0139523
-0.0636877
-0.0513310
0.0118713
0.0293188
0.0309678
-0.0211006
-0.0000712
0.0673496
-0.0099863
0.0591809
0.0429666
0.0199391
-0.0269144
0.0330795
-0.0326128
0.0340956
-0.0230618
0.0041596
0.0448522
0.0201406
0.0414845
-0.0054181
0.0026886
0.0752923
-0.0199510
0.0525385
-0.0543120
0.0373764
-0.0386155
-0.0888858
0.0036384
0.0096188
-0.0070138
-0.0264017
0.0493104
0.0328540
0.0950659
0.0483175
0.0585970
0.0285061
0.0647278
0.0245473
-0.0267517
-0.0685013
-0.1270720
-0.0933134
-0.0795463
-0.0282671
-0.0560919
-0.0146625
0.0632867
0.1615115
0.3408663
0.3223201
0.0601246
-0.1654219
-0.2039882
-0.2497545
-0.1828687
-0.0066357
-0.0276060
0.0037827
-0.0141528
0.0660658
0.1185241
0.0122056
0.0738767
0.0774664
0.0317682
0.0315515
-0.0132335
-0.0700296
0.0132920
0.0186099
0.0264269
0.0140490
-0.0596945
0.0072674
0.0014555
0.0294694
0.0681183
0.0573721
-0.0112342
0.0597315
0.0345579
0.0482499
0.0341031
-0.0550205
0.0367869
-0.0198625
0.0106992
-0.0586497
0.0295214
0.0353831
0.0277558
0.0178524
0.0038780
0.0768563
0.0065858
0.0698151
-0.0192529
0.0413796
0.0116515
-0.0629042
0.0202341
0.0175885
0.0085990
-0.0693990
-0.0044310
0.0414776
0.0657743
0.0137155
0.0199956
0.0336455
0.1077215
-0.0093300
-0.0371865
-0.0615134
-0.0432841
-0.0849879
-0.0955050
-0.0611604
-0.0748556
-0.0338074
-0.0911598
0.0355938
0.1696424
0.2474892
0.3333914
0.1544217
-0.0890437
-0.2510818
-0.2674702
-0.1926801
-0.0216338
0.0523721
0.0314435
0.0619504
0.0632663
0.0387342
0.1222945
0.0576411
0.0544620
-0.0193573
0.0317989
-0.0291459
-0.0876248
-0.0655895
-0.0181446
-0.0781459
-0.0389540
-0.0262993
0.0004779
0.0183597
0.0455847
-0.0174057
0.0617837
-0.0285619
-0.0322576
0.0432437
0.0409098
-0.0516609
-0.0700829
0.0321510
0.0035856
0.0320373
-0.0368779
0.0595231
-0.0443148
-0.0414842
-0.0289738
0.0082939
-0.0285784
0.0032353
0.0341500
0.0052980
0.0124281
0.0160469
0.0066997
-0.0113905
0.0056167
0.0067085
0.0237945
-0.0223444
0.0552816
0.0913597
0.0155422
0.1068471
0.0675059
0.0102685
-0.0570327
-0.0358547
-0.0875026
-0.0904180
-0.1189960
-0.0682648
-0.0480079
-0.0121710
-0.0690155
0.0162721
0.0958031
0.2132822
0.3468994
0.2266004
-0.0127342
-0.1407805
-0.1816567
-0.2011654
-0.0255968
0.0274546
-0.0239045
0.0210045
0.1047050
0.0695729
0.1128585
0.0467560
0.0940101
0.0711089
0.0236131
0.0410726
-0.0145933
-0.0642707
-0.0208034
-0.0264519
-0.0376704
-0.0448773
-0.0361047
-0.0050580
0.0417103
0.0201707
-0.0013282
0.0790804
0.0007607
0.0139680
-0.0529493
-0.0507846
-0.0659047
-0.0666462
-0.0099266
-0.0312686
0.0257128
-0.0395399
-0.0069718
0.0170992
-0.0371766
-0.0382376
0.0658764
0.0024106
-0.0118861
-0.0330376
-0.0299805
-0.0053797
-0.0229387
-0.0300275
-0.0700594
-0.0420692
0.0048712
-0.0070315
-0.0642660
0.0635569
0.0273404
0.0426190
0.0400950
0.0601169
0.0591350
0.0608073
-0.0329747
-0.0274564
-0.0463018
-0.0847137
-0.0260906
-0.0782754
-0.0775638
-0.0492213
-0.0540583
0.0446627
0.2111781
0.2958917
0.2718352
0.0905260
-0.1921078
-0.2454876
-0.2103089
-0.1337351
-0.0262376
-0.0472914
0.0439396
-0.0015983
0.0642807
0.1241147
0.0453630
0.0948841
-0.0143456
0.0525337
0.0381388
0.0222111
-0.0281275
0.0106608
-0.0829081
-0.0588609
0.0141597
0.0314472
0.0239798
0.0644044
0.0694444
-0.0001865
0.0020018
0.0071297
0.0206788
0.0526502
0.0386561
-0.0086145
0.0120243
0.0117039
0.0329450
0.0041023
-0.0342151
-0.0468798
-0.0340288
-0.0188202
0.0182979
0.0500659
-0.0355953
0.0182860
-0.0207305
-0.0350559
-0.0591299
-0.0689473
-0.0314674
0.0022386
-0.0513124
-0.0791547
-0.0089671
0.0655639
0.0929775
0.1089353
0.1191389
0.0588713
0.0599675
0.0449613
-0.0249171
-0.0569981
-0.0899691
-0.0572746
-0.0657112
-0.0505462
0.0233322
-0.0901798
-0.0602488
0.0813267
0.1618494
0.2632546
0.1960979
0.0539639
-0.0965123
-0.2599059
-0.2018825
-0.0749306
-0.0084549
0.0182395
-0.0274884
-0.0026849
0.0760618
0.0661490
0.0394519
0.1011774
0.0039845
0.0430723
-0.0135973
0.0128643
-0.0773125
-0.0794020
0.0081092
0.0051737
-0.0033802
-0.0411756
0.0526329
-0.0173519
0.0270824
-0.0081402
0.0177326
0.0758059
0.0316360
-0.0005829
-0.0219197
-0.0165005
0.0129219
-0.0116219
-0.0434132
-0.0430694
0.0033723
-0.0287913
-0.0250281
0.0544816
-0.0183852
0.0241943
-0.0152258
0.0509359
-0.0332902
-0.0207684
-0.0195095
-0.0406534
0.0045289
0.0230350
-0.0199073
-0.0083279
-0.0023509
0.0340186
-0.0423091
0.0207314
0.0896142
0.0309591
0.0178931
0.0237257
0.0100757
-0.0217576
-0.0705210
-0.0505488
-0.0556131
-0.0590531
-0.1050139
-0.0340315
-0.0728138
-0.0003612
-0.0698370
0.1301065
0.2036594
0.2817245
0.1550624
-0.0761453
-0.1912755
-0.2312707
-0.1928546
-0.0311485
-0.0442599
0.0357899
0.0428211
-0.0054142
0.0664510
0.1189769
0.0221975
0.0731717
0.0067642
0.0226902
-0.0526987
-0.0600175
0.0093706
-0.0305286
-0.0757849
0.0234824
0.0483148
-0.0171997
0.0595794
-0.0384239
-0.0220748
0.0713884
-0.0305156
0.0132711
-0.0126114
0.0266444
-0.0457406
-0.0469993
-0.0248067
-0.0362279
0.0298420
0.0327347
0.0290667
-0.0147840
0.0308366
0.0297850
0.0481372
0.0035973
-0.0258463
0.0315254
0.0042076
-0.0154495
0.0242564
-0.0341353
-0.0505095
-0.0787550
-0.0300146
0.0331240
0.0405536
0.0826382
0.1052913
0.1022650
0.0351413
0.0458808
-0.0008788
0.0097033
-0.0962492
-0.0534347
-0.0518954
-0.0374817
-0.0805703
-0.0964937
-0.1291419
-0.1260502
-0.0960502
0.1026679
0.2825522
0.2941813
0.1615182
-0.0612226
-0.1557769
-0.2523426
-0.1647590
-0.1172457
-0.0296518
0.0444653
0.0775864
0.0909940
0.1148403
0.0992916
0.1101793
-0.0010268
0.0256861
-0.0476725
-0.0079406
-0.0267973
-0.0583352
-0.0011740
-0.0016224
0.0208188
-0.0289958
0.0408719
0.0509009
0.0294443
0.0012344
0.0773688
0.0842549
0.0019621
0.0293687
-0.0540197
-0.0593620
-0.0419593
0.0286783
0.0002609
-0.0099771
0.0283912
0.0251793
-0.0422837
0.0598462
-0.0053218
0.0356720
0.0125045
-0.0121940
0.0175216
-0.0302261
0.0296064
0.0233428
-0.0259781
-0.0328725
-0.0116109
-0.0231764
0.0158095
-0.0286048
-0.0299336
0.0645954
0.0752231
0.0680651
0.0605100
0.1252533
0.0066533
-0.0230244
0.0291970
-0.0142998
-0.1083425
-0.0484920
-0.1101147
-0.1060316
-0.0279187
-0.0688397
-0.0803653
0.0134718
0.2470877
0.3457392
0.2364870
0.0814820
-0.1250892
-0.2396241
-0.2060822
-0.0575397
-0.0534148
-0.0224219
-0.0251037
0.0151360
0.0315621
0.0924415
0.0647196
0.0259880
0.0315420
0.0562285
-0.0156392
-0.0803587
0.0181106
0.0197823
0.0051541
-0.0516103
0.0271862
0.0174397
0.0254581
0.0542454
0.0617890
-0.0067417
0.0096534
-0.0341000
-0.0467065
-0.0059991
-0.0292372
0.0107182
-0.0651116
-0.0650451
0.0157005
-0.0402568
0.0042767
0.0512941
0.0651192
0.0500763
0.0585036
-0.0373674
-0.0278234
0.0057537
0.0307491
-0.0155177
-0.0348913
-0.0466789
-0.0654432
0.0162488
-0.0197404
-0.0417449
0.0223661
-0.0273411
0.0247832
0.0724958
0.1079764
0.0442296
0.0106861
-0.0240278
-0.0525486
-0.0076236
-0.1017016
-0.1000752
-0.0391291
-0.0131271
-0.0106636
-0.1564155
-0.1649747
-0.0028702
0.1581490
0.3076224
0.2841608
0.1199218
