-0.1919817
-0.0773408
0.0380653
0.0259810
0.0261193
0.0256993
0.0649684
0.0464769
0.0672869
0.0348127
-0.0045545
-0.0160317
-0.0130442
-0.0347167
0.0071547
-0.0157529
-0.0136669
-0.0247483
-0.0423372
-0.0093037
-0.0231603
-0.0175267
0.0154512
0.0422235
-0.0161494
0.0301063
0.0026622
0.0128121
0.0205974
0.0168718
0.0270671
0.0119933
0.0113342
-0.0074751
-0.0351539
0.0236122
0.0386182
0.0197267
-0.0095819
0.0257407
0.0248168
0.0313188
-0.0154854
-0.0263734
-0.0210941
0.0286618
0.0190335
0.0257228
0.0090407
0.0154759
0.0163219
0.0047579
0.0039957
-0.0089529
-0.0120465
-0.0105200
-0.0092784
-0.0278643
0.0132749
0.0063432
-0.0239930
0.0046258
0.0166819
0.0205228
-0.0196216
-0.0127348
0.0259464
0.0286831
-0.0317517
-0.0224080
0.0373668
0.0327373
-0.0242208
0.0242369
-0.0165296
-0.0315260
-0.0086365
-0.0080835
-0.0007778
-0.0020112
0.0021890
-0.0305420
-0.0360571
0.0332637
0.0326734
0.0146295
0.0337213
0.0193763
-0.0078746
0.0291032
0.0225475
-0.0208987
0.0369262
-0.0193097
-0.0354367
-0.0401536
-0.0202193
0.0339476
-0.0403084
-0.0195126
-0.0278902
0.0151271
0.0150724
-0.0051612
0.0100218
0.0139563
-0.0119090
-0.0263393
-0.0246629
-0.0315706
0.0332409
0.0080372
0.0257793
0.0065715
0.0010534
-0.0155535
0.0120369
-0.0188066
-0.0272570
0.0137431
-0.0311300
-0.0345000
0.0100370
-0.0099172
0.0251759
-0.0017530
0.0328576
-0.0011785
-0.0148236
-0.0011136
0.0049705
0.0120778
0.0377522
0.0396466
-0.0156172
0.0168679
-0.0053775
0.0434918
-0.0114678
0.0188881
0.0356748
-0.0438527
-0.0061803
0.0069531
-0.0354470
0.0172888
-0.0397430
-0.0307219
-0.0138120
-0.0098734
-0.0063112
0.0019345
0.0092575
0.0682574
0.0472778
0.0209149
0.0180476
0.0019175
-0.0312469
-0.0898664
-0.0608822
-0.1296937
-0.1441867
-0.0862986
0.0518704
0.2826125
0.4158505
0.2145281
-0.0215134
-0.2999474
-0.2736250
-0.1728317
0.0438244
0.0643310
-0.0057502
-0.0393406
0.0529331
0.0585428
0.0673884
0.0617350
0.0268431
-0.0024772
0.0410096
-0.0181408
0.0083247
-0.0218175
-0.0357661
-0.0189259
0.0100665
-0.0236822
0.0329907
-0.0367251
-0.0291528
0.0109148
-0.0193370
0.0141209
0.0453353
0.0377274
0.0082602
0.0123280
-0.0118365
-0.0158655
-0.0134757
-0.0178751
-0.0224000
-0.0134850
-0.0016243
-0.0269728
0.0274231
0.0129511
0.0164202
-0.0155885
0.0232371
0.0242287
-0.0368164
0.0275986
-0.0243021
-0.0169329
0.0234067
-0.0004716
0.0336069
0.0366944
0.0253763
-0.0196158
0.0178854
-0.0076597
-0.0340693
-0.0139677
-0.0055703
0.0328460
-0.0154631
-0.0278392
0.0339392
-0.0116644
-0.0234240
-0.0134738
0.0335383
-0.0364362
0.0389220
0.0188101
-0.0239294
-0.0132928
-0.0134279
0.0043518
-0.0357535
-0.0199172
-0.0059310
0.0355433
0.0059593
0.0325174
-0.0220669
0.0008578
0.0282569
0.0339622
0.0163119
-0.0316369
0.0395081
-0.0155872
0.0201648
-0.0159938
-0.0374972
0.0318722
-0.0396670
0.0048442
-0.0011249
-0.0233690
-0.0149029
0.0263475
0.0036107
0.0011729
0.0021870
-0.0125111
-0.0279809
0.0340401
-0.0360723
-0.0265680
-0.0245294
-0.0053636
0.0273403
0.0231486
0.0097196
0.0174001
0.0102308
-0.0231436
-0.0247542
0.0224559
0.0266514
-0.0292211
0.0182054
-0.0125978
0.0314913
-0.0042473
0.0270032
-0.0155719
-0.0211316
0.0299502
0.0249542
-0.0171288
-0.0108586
-0.0349268
-0.0358463
-0.0178432
0.0048820
-0.0263604
-0.0235062
0.0291332
0.0024347
0.0382279
-0.0066119
0.0147872
0.0368318
-0.0280398
-0.0367086
-0.0005779
-0.0437921
0.0025643
-0.0161227
-0.0338405
-0.0012024
-0.0115321
0.0107405
0.0225639
0.0655808
0.0562913
0.0311360
0.0237942
0.0058230
0.0020908
-0.0415775
-0.0943739
-0.0390064
-0.0905198
-0.1334417
-0.0956465
0.0344127
0.2400569
0.4112664
0.2932523
0.0015443
-0.2400992
-0.2853441
-0.2167630
0.0184885
0.0499204
0.0099977
0.0164760
-0.0192639
0.0507863
0.0411291
0.0170012
0.0211792
-0.0082785
0.0346609
0.0214102
0.0155801
-0.0555765
0.0147332
-0.0074293
-0.0492697
-0.0232053
0.0176930
-0.0043071
0.0082004
-0.0193003
0.0413550
0.0074759
-0.0234573
-0.0081015
0.0042995
0.0338681
-0.0238008
-0.0054024
0.0346691
0.0292085
-0.0173766
0.0073614
-0.0049858
0.0327140
0.0095932
0.0042944
-0.0266602
0.0176200
0.0320554
0.0015591
0.0205660
-0.0047938
-0.0351470
-0.0211765
0.0090872
-0.0362449
-0.0286437
0.0187011
-0.0245225
0.0140608
-0.0076282
0.0275425
0.0214998
0.0367597
-0.0139880
-0.0172508
0.0142073
-0.0184843
-0.0235000
0.0150779
0.0286117
0.0170504
0.0192127
0.0213900
0.0178004
0.0140977
0.0358917
0.0035981
0.0211310
-0.0030431
-0.0157104
-0.0292443
-0.0223335
0.0181918
0.0159398
-0.0363704
-0.0341995
0.0051702
0.0183689
-0.0279767
0.0349153
0.0032117
-0.0075022
-0.0383246
0.0218541
-0.0184743
0.0113416
-0.0036506
-0.0246282
0.0009464
0.0195188
0.0131001
0.0371031
-0.0260027
0.0113628
-0.0386274
-0.0267284
-0.0342405
-0.0013228
0.0140396
0.0096337
0.0197021
-0.0152745
-0.0315457
0.0111629
-0.0128187
-0.0161592
-0.0384017
-0.0338434
0.0036306
-0.0213059
0.0407532
0.0367612
0.0267588
-0.0273364
-0.0228176
0.0012818
-0.0107135
-0.0019777
0.0396069
0.0300958
-0.0017068
0.0085733
-0.0144586
0.0028807
0.0233655
0.0147148
0.0113948
-0.0331738
0.0005220
0.0465489
-0.0020922
0.0393362
0.0324663
0.0044402
0.0453023
-0.0101623
-0.0356697
-0.0251777
0.0013599
-0.0144132
-0.0293091
-0.0330258
0.0198528
-0.0055382
0.0333898
-0.0048565
0.0302134
0.0562233
0.0069493
0.0713556
0.0673407
0.0277159
0.0240099
-0.0117810
-0.0529666
-0.0405418
-0.0719133
-0.1020932
-0.1551372
-0.0033748
0.1863403
0.3919836
0.3281787
0.0821491
-0.1930327
-0.2740692
-0.2210405
0.0034793
0.0192063
0.0360827
-0.0181448
-0.0014388
0.0672468
0.0837978
0.0670387
0.0356954
-0.0104810
-0.0013613
-0.0051592
-0.0103310
-0.0368471
0.0038845
-0.0193311
-0.0087456
-0.0415514
0.0116489
-0.0066268
-0.0314327
0.0083460
0.0176755
-0.0161645
0.0323229
-0.0103831
-0.0280335
0.0358474
-0.0397421
0.0287747
-0.0056593
0.0091872
-0.0084090
-0.0355929
-0.0391050
-0.0382383
-0.0213132
-0.0217901
0.0354470
0.0224728
-0.0198680
-0.0196388
0.0390883
0.0145724
0.0260346
0.0234281
-0.0381676
0.0150668
0.0318386
0.0115653
-0.0084957
-0.0175604
-0.0263706
-0.0123296
-0.0330149
0.0116311
0.0054781
0.0307078
-0.0242215
0.0252282
0.0247742
-0.0415771
0.0000683
0.0352943
-0.0162941
0.0265996
0.0053536
-0.0147933
-0.0202307
-0.0223203
-0.0347648
-0.0152902
0.0245900
-0.0265653
0.0015758
-0.0342510
-0.0069510
0.0352078
0.0119749
-0.0147748
0.0071876
-0.0286684
0.0105302
0.0081163
-0.0066771
0.0279486
0.0000400
-0.0124577
-0.0250793
0.0231625
-0.0245091
-0.0290604
-0.0203711
0.0000367
-0.0279365
-0.0276147
-0.0196266
0.0159013
-0.0164385
-0.0249868
-0.0162902
0.0016958
0.0389648
-0.0194043
-0.0261470
-0.0273719
-0.0364967
-0.0085662
0.0049721
-0.0319937
-0.0297930
-0.0072620
-0.0067266
-0.0055388
-0.0264480
0.0319794
-0.0193713
-0.0220627
-0.0285196
0.0347277
0.0284619
-0.0143238
-0.0132805
-0.0050001
-0.0312220
-0.0032684
0.0269091
0.0245190
-0.0059669
-0.0173897
-0.0303892
-0.0017459
-0.0101151
-0.0061854
-0.0053084
-0.0003912
0.0086879
-0.0328096
0.0283416
0.0006430
-0.0292555
-0.0094573
-0.0234144
0.0086129
-0.0106790
-0.0160508
0.0222202
0.0353579
0.0532604
-0.0055051
0.0534475
0.0453540
0.0661484
0.0688264
0.0046042
0.0103174
-0.0726505
-0.0254945
-0.1084985
-0.1449443
-0.1715734
-0.1094834
0.0212179
0.2245737
0.3490150
0.2803267
0.0051871
-0.2419220
-0.3086468
-0.1726977
0.0166087
0.0203703
0.0076444
0.0081863
0.0330574
0.0074154
0.0319075
0.0583698
0.0064883
0.0214490
-0.0086045
0.0191174
-0.0199325
-0.0561756
0.0222302
0.0140995
0.0045117
-0.0267344
-0.0255316
0.0168242
-0.0252880
-0.0165446
0.0194065
-0.0104113
-0.0225814
0.0362879
-0.0293756
-0.0020937
-0.0263903
-0.0426754
-0.0011682
0.0320668
-0.0014060
0.0269003
0.0180814
0.0252129
0.0243266
0.0103871
-0.0099486
-0.0192498
-0.0143545
0.0006283
-0.0051833
0.0330531
-0.0155828
0.0335736
-0.0185099
-0.0268760
-0.0370311
-0.0051519
-0.0055424
0.0158427
0.0077314
-0.0202357
0.0263356
0.0266717
0.0155217
0.0242609
0.0060207
0.0235020
-0.0172640
-0.0240542
-0.0303114
-0.0222433
0.0275849
-0.0192358
0.0387254
-0.0330889
-0.0220059
0.0027733
-0.0121121
0.0284010
-0.0288680
0.0238197
-0.0285612
0.0155726
0.0225849
-0.0061116
0.0231745
0.0032689
-0.0258813
-0.0215015
0.0311043
0.0347680
-0.0162821
0.0218246
0.0065972
0.0166123
-0.0260996
0.0178086
-0.0051459
0.0205363
0.0166889
-0.0034920
-0.0213450
-0.0222962
-0.0283547
0.0293211
0.0387223
0.0045925
-0.0365016
-0.0073125
-0.0096372
-0.0268084
0.0173630
0.0305867
-0.0031975
0.0192113
-0.0373950
0.0048525
-0.0116629
-0.0151575
-0.0112410
-0.0310737
0.0224241
-0.0201436
-0.0177053
0.0409903
0.0148763
0.0210907
-0.0225500
0.0334962
-0.0137438
0.0033253
0.0169873
0.0086373
-0.0355018
-0.0320216
-0.0418065
-0.0276960
0.0318442
-0.0296580
0.0467298
0.0478904
-0.0259724
0.0174142
0.0018828
0.0115761
0.0173758
-0.0192631
0.0036507
-0.0201832
0.0041051
0.0189857
0.0025553
0.0243379
-0.0139265
-0.0009775
-0.0156237
0.0228816
0.0367457
0.0345778
0.0153569
-0.0042811
0.0053348
0.0281963
-0.0060725
-0.0553167
-0.0726188
-0.1607329
-0.1536428
-0.0701593
0.1258643
0.2939960
0.3922980
0.2409245
-0.0429694
-0.2410040
-0.2314614
-0.1340943
0.0194588
0.0209092
-0.0226093
-0.0296685
0.0269780
0.0271047
0.0641671
0.0435097
0.0376479
0.0239883
-0.0266133
0.0317125
-0.0483477
0.0013561
-0.0491012
0.0146795
-0.0313266
0.0071411
0.0053550
-0.0146360
-0.0314544
0.0285990
0.0214880
0.0070149
0.0285810
-0.0196270
-0.0199116
-0.0365303
0.0320024
0.0026288
-0.0102230
-0.0032459
-0.0172204
0.0090112
0.0144340
-0.0124020
0.0045885
-0.0085406
-0.0345951
0.0136044
-0.0197729
0.0103834
0.0374565
-0.0197655
-0.0083858
0.0252110
-0.0041852
0.0105184
0.0319850
0.0143718
-0.0140165
-0.0213065
0.0119470
-0.0321223
0.0348904
0.0297209
-0.0034749
-0.0064040
-0.0024685
-0.0032336
0.0090297
-0.0178021
0.0006866
0.0149525
-0.0146983
-0.0389112
0.0092307
-0.0085138
-0.0003899
-0.0178623
-0.0315190
0.0344185
-0.0291695
-0.0297632
0.0102144
-0.0002453
0.0326830
-0.0043949
0.0236784
-0.0323255
-0.0329215
0.0272847
0.0395793
-0.0348420
0.0146966
0.0014293
-0.0323914
0.0327147
-0.0323694
-0.0363282
-0.0032049
-0.0397166
-0.0273781
-0.0125309
0.0218004
-0.0296914
0.0041866
0.0038488
0.0373489
-0.0032227
0.0330862
0.0390935
-0.0365549
0.0304345
0.0013813
0.0341013
0.0065904
0.0304308
-0.0204149
0.0166015
0.0304637
0.0058861
-0.0026855
-0.0247295
-0.0247005
0.0295097
0.0072242
-0.0114211
-0.0317103
-0.0025729
-0.0063687
0.0103329
0.0047373
-0.0246421
0.0169625
0.0138114
0.0128438
-0.0068326
-0.0031651
-0.0284536
0.0050215
-0.0263671
0.0216222
0.0135187
-0.0126064
0.0184349
0.0079763
-0.0199534
-0.0370632
0.0236330
-0.0169165
-0.0418260
0.0112089
-0.0470075
-0.0226752
0.0111141
0.0204170
-0.0313040
0.0188198
0.0452819
0.0347355
0.0446361
0.0460411
0.0236167
-0.0228294
-0.0363586
-0.0193083
-0.0729574
-0.1053195
-0.1023226
-0.1207049
-0.0579580
0.1470290
0.3447873
0.3952091
0.1672532
-0.1633234
-0.3158931
-0.2190315
-0.0497367
0.0066384
0.0157235
-0.0278852
-0.0323725
0.0057238
0.0302902
0.0117722
-0.0016315
0.0475818
-0.0135811
0.0346251
-0.0137968
-0.0272407
-0.0353857
-0.0073879
0.0192151
-0.0181657
-0.0448112
0.0282169
0.0186498
-0.0163932
-0.0047592
0.0474521
0.0459031
-0.0012007
-0.0109238
-0.0223191
0.0355868
0.0049816
-0.0291384
-0.0430353
-0.0303301
-0.0441962
-0.0154599
-0.0127489
0.0316411
-0.0002235
-0.0156226
0.0424857
-0.0285052
0.0362473
0.0375458
0.0154826
-0.0047245
-0.0090594
0.0317813
0.0142356
0.0169776
-0.0091315
-0.0217141
0.0326983
0.0020519
0.0287666
0.0116033
0.0184244
-0.0350813
-0.0127412
0.0101665
0.0240537
-0.0378253
-0.0068970
0.0047610
0.0156457
0.0227435
-0.0253397
-0.0091745
-0.0368735
-0.0063889
0.0119458
-0.0167853
0.0127515
0.0024801
-0.0007838
-0.0191522
-0.0008438
-0.0205044
-0.0295744
0.0135173
-0.0296035
0.0388678
0.0051965
0.0050597
0.0001111
0.0104690
-0.0293437
0.0148294
-0.0355447
0.0201077
-0.0289427
0.0343133
-0.0173353
0.0141997
-0.0010085
-0.0309883
0.0068594
0.0201355
0.0413333
-0.0015473
-0.0255959
-0.0373548
-0.0202184
0.0099972
0.0330582
0.0106886
-0.0309201
0.0052747
-0.0104853
0.0272736
-0.0019873
0.0340161
-0.0310265
-0.0327602
-0.0133274
-0.0369241
0.0029968
-0.0069373
-0.0331808
0.0315894
-0.0337713
0.0329560
0.0308149
-0.0206388
0.0049048
-0.0402666
-0.0291339
-0.0341520
0.0102732
-0.0379629
0.0319463
0.0121405
-0.0326252
0.0445185
0.0376408
-0.0140477
-0.0127023
0.0452255
-0.0300038
0.0266894
0.0124400
0.0250281
-0.0172577
-0.0191329
0.0000939
-0.0319600
-0.0347809
-0.0073367
0.0454548
0.0164927
0.0465487
0.0648360
0.0577814
0.0016182
0.0630972
-0.0156516
-0.0103471
-0.0605267
-0.0561811
-0.0598419
-0.1445039
-0.1815992
-0.0917656
0.0859401
0.2805352
0.3466270
0.1588104
-0.1428379
-0.3011938
-0.2155278
-0.0660569
0.0499002
0.0140959
0.0317245
-0.0266430
0.0129318
0.0332906
0.0217011
0.0528675
0.0038474
0.0358226
-0.0320199
-0.0046455
0.0069243
0.0016649
-0.0372634
-0.0103279
-0.0211468
-0.0070615
0.0348073
0.0313589
-0.0120371
0.0039159
-0.0095233
-0.0152928
0.0472186
0.0017504
-0.0200623
0.0271718
-0.0331834
-0.0038482
0.0226271
0.0269229
-0.0114280
-0.0206945
-0.0375126
0.0373127
-0.0219342
-0.0303615
-0.0188669
-0.0204287
-0.0079225
-0.0225566
-0.0324373
-0.0376453
0.0130187
0.0010417
-0.0318285
-0.0043568
-0.0395644
-0.0330852
-0.0068391
-0.0167838
0.0201378
-0.0041051
-0.0298330
0.0407585
0.0416541
0.0195592
0.0095442
