-0.0359828
-0.0297288
0.0423821
0.0275423
0.0212628
0.0423833
0.0141981
0.0407462
0.0166263
0.0336662
0.0038527
0.0033855
-0.0182211
-0.0487327
-0.0411063
-0.0238740
0.0031843
-0.0224251
0.0407758
-0.0093153
0.0360448
0.0232551
0.0087812
0.0239617
0.0056269
-0.0001360
-0.0206528
0.0174312
-0.0495780
-0.0138433
0.0010857
0.0044434
0.0119135
-0.0511439
-0.0342127
-0.0415947
0.0276282
0.0086663
0.0057800
0.0434716
0.0413069
0.0843931
0.0086902
0.0059865
0.0194654
-0.0230656
-0.0829790
-0.1351325
-0.1887788
-0.0793368
0.1317376
0.2289163
0.2180799
0.0814130
-0.0908886
-0.0725565
-0.0103569
0.0129614
-0.0225355
-0.0165979
-0.0107815
-0.0130267
-0.0032956
-0.0145079
-0.0166401
-0.0238035
-0.0099637
0.0317901
0.0347338
-0.0115426
0.0008793
0.0351725
0.0299625
-0.0516531
0.0244088
-0.0444311
-0.0034557
-0.0223314
-0.0117138
0.0066366
-0.0398521
0.0317776
0.0137660
-0.0179548
0.0443244
0.0308953
-0.0373341
0.0448496
0.0123261
-0.0288426
-0.0107734
0.0141611
0.0449555
0.0406072
-0.0089324
-0.0300764
0.0068043
0.0149423
-0.0432008
0.0257424
-0.0380984
-0.0261299
-0.0421388
-0.0375445
-0.0318750
0.0127054
-0.0148044
-0.0129686
-0.0176768
0.0169070
-0.0118064
0.0272879
0.0088297
-0.0702765
-0.0471298
-0.0173203
-0.0597896
-0.0589309
0.0058488
0.0240553
0.0334267
0.0531321
0.1143292
0.1048929
0.1264645
0.0609679
0.0801637
0.0067753
-0.0301681
-0.1314854
-0.2770461
-0.2596483
-0.2133210
-0.0707042
0.1988357
0.3491129
0.3884801
0.3167631
0.0691874
-0.1203239
-0.2410859
-0.2099285
-0.1327701
-0.0590270
-0.0990272
0.0185274
0.0567525
0.0625802
0.0363028
0.0601874
0.0510704
0.0086908
0.0579854
0.0249865
0.0030970
-0.0060016
-0.0767435
-0.0386016
-0.0710957
0.0096849
0.0038493
-0.0342662
0.0324687
0.0294647
-0.0199197
0.0183082
0.0434920
0.0615049
-0.0035982
0.0371412
-0.0026738
-0.0038823
-0.0068178
-0.0464807
0.0143171
0.0187467
0.0188794
-0.0389970
0.0303721
0.0165122
-0.0280198
0.0414334
-0.0197337
0.0196126
0.0361943
0.0005949
-0.0218272
-0.0425789
-0.0289135
0.0049636
-0.0332943
0.0302559
-0.0159098
0.0078109
-0.0154552
-0.0285295
-0.0134104
-0.0400730
-0.0252915
-0.0083702
0.0363482
-0.0174512
0.0402379
-0.0100557
0.0075993
-0.0306253
-0.0263425
-0.0368892
-0.0401873
-0.0390726
0.0009093
0.0332900
0.0018871
-0.0109794
0.0427225
0.0263132
-0.0072827
0.0236346
0.0272805
-0.0000640
-0.0212483
-0.0030978
-0.0211038
-0.0444488
-0.0028151
0.0174909
-0.0364036
0.0292734
-0.0033288
-0.0340434
0.0318056
0.0421937
-0.0293721
-0.0199524
0.0176110
0.0111800
0.0030634
-0.0452366
0.0251187
0.0341007
-0.0052200
-0.0405497
-0.0391675
-0.0251193
-0.0381875
0.0006785
0.0327369
0.0263719
0.0019889
-0.0128664
-0.0230462
-0.0395763
0.0268165
-0.0134810
0.0398852
0.0134285
0.0468462
0.0065892
-0.0069828
0.0316784
0.0300486
-0.0108634
-0.0223123
-0.0057624
-0.0234097
-0.0346274
-0.0299542
0.0411026
-0.0016340
0.0139462
0.0022374
0.0317062
-0.0198426
-0.0423898
-0.0071835
-0.0230512
-0.0047203
0.0213101
-0.0371844
-0.0064653
-0.0407090
0.0199159
-0.0338823
0.0368031
0.0001889
-0.0222771
-0.0174319
-0.0403586
0.0365552
0.0251252
-0.0036286
-0.0082927
0.0106127
0.0173034
-0.0146794
0.0260915
0.0299128
0.0474464
0.0077125
-0.0338474
-0.0051021
0.0083418
-0.0332892
-0.0400647
-0.0250405
-0.0095473
0.0257230
0.0298180
-0.0273779
0.0208506
-0.0302348
-0.0312583
0.0441973
0.0339580
0.0161704
0.0019925
-0.0257403
0.0102118
-0.0276111
-0.0308169
-0.0142073
-0.0426277
-0.0073760
-0.0179773
0.0181109
-0.0423478
-0.0046767
0.0323372
0.0238581
0.0200244
0.0306755
0.0004609
-0.0378973
-0.0152910
0.0390851
-0.0299959
0.0045930
-0.0413461
-0.0369749
-0.0084929
-0.0120004
-0.0129484
0.0265719
-0.0394757
0.0366477
-0.0234103
0.0329158
0.0324401
-0.0064597
-0.0118339
-0.0367694
-0.0240374
-0.0152227
-0.0029730
-0.0285312
-0.0067908
-0.0045811
0.0084032
-0.0252160
0.0199294
0.0268130
-0.0441172
-0.0054384
-0.0092446
0.0024598
0.0444669
-0.0295104
0.0337871
-0.0156759
-0.0058799
-0.0258767
-0.0371648
0.0261847
-0.0421916
0.0266604
-0.0361902
0.0214818
0.0005097
0.0253370
-0.0235874
-0.0073219
-0.0262608
-0.0279005
0.0445586
-0.0311629
0.0353843
0.0272736
0.0229708
-0.0331136
-0.0150481
-0.0003412
0.0129768
-0.0408399
-0.0189657
-0.0377938
-0.0283682
0.0263360
-0.0183041
0.0101202
0.0476747
0.0402015
0.0489663
0.0533761
0.0837898
0.0563593
0.0083475
-0.0324377
0.0208984
-0.0807278
-0.0950483
-0.1444428
-0.0903722
0.0739879
0.2780420
0.2360594
0.1491738
-0.0627917
-0.1311923
-0.1051972
-0.0081186
0.0588617
0.0148791
-0.0452959
-0.0737145
-0.0486818
-0.0121165
-0.0257322
-0.0106515
0.0562642
0.0397347
0.0630385
0.0072258
0.0383845
0.0042451
-0.0036323
-0.0456107
-0.0017299
-0.0405474
-0.0353576
-0.0513390
0.0193152
0.0158829
0.0068436
0.0067357
-0.0264345
0.0306822
0.0464970
-0.0115824
-0.0336624
0.0365527
-0.0343113
-0.0010485
-0.0415968
-0.0199248
0.0078013
-0.0052976
-0.0062040
0.0036680
0.0003394
-0.0084227
-0.0276182
-0.0254544
0.0144446
0.0053772
-0.0026922
-0.0201370
0.0009900
-0.0230560
-0.0165114
-0.0409672
0.0263608
-0.0439738
0.0362985
-0.0331776
-0.0200849
-0.0306740
0.0431228
0.0050542
0.0455242
-0.0040191
0.0244950
0.0123638
-0.0310051
-0.0285365
-0.0142024
-0.0404501
-0.0113551
-0.0122004
-0.0408268
0.0456859
0.0348630
0.0143927
0.0425028
-0.0145376
0.0139053
0.0075442
-0.0280819
0.0188675
0.0342252
-0.0010384
0.0314561
0.0227454
0.0251180
0.0108508
0.0119994
-0.0071605
0.0354166
-0.0102443
0.0134690
0.0373582
-0.0087744
-0.0224373
0.0371293
0.0238454
0.0312380
0.0068313
-0.0318650
-0.0243392
-0.0323002
0.0338423
-0.0422735
0.0198001
0.0274659
-0.0415936
0.0267980
0.0289973
-0.0106286
-0.0325892
-0.0022017
-0.0199816
0.0062507
-0.0227173
-0.0459184
0.0017968
-0.0275533
0.0287502
0.0326896
0.0296741
-0.0400188
-0.0362037
0.0090639
0.0215039
-0.0009675
0.0025159
-0.0193726
-0.0445446
0.0322879
0.0373933
0.0090437
0.0070894
-0.0097353
-0.0057352
-0.0296406
-0.0298570
0.0228418
-0.0188251
0.0367372
0.0158877
0.0048361
0.0323912
-0.0213682
-0.0072930
0.0057054
0.0147206
0.0135725
-0.0348500
-0.0455777
-0.0197544
0.0015786
0.0594812
0.0288470
0.0662129
0.0312227
-0.0175800
0.0117626
-0.0367756
0.0181274
-0.0845103
-0.0937739
-0.0550717
-0.0380165
-0.0478283
-0.0667096
-0.0088594
0.0619594
0.0563352
0.1016763
0.1092721
0.1609668
0.0993736
0.0245791
-0.0477089
-0.1044100
-0.2156366
-0.2673624
-0.2730727
-0.2685533
-0.1352895
0.1823878
0.4660316
0.6120254
0.3946600
0.0413750
-0.1798748
-0.3510561
-0.2855947
-0.1516226
-0.1427278
-0.0667519
-0.0435138
0.0013294
0.0614547
0.0641583
0.0857018
0.0649564
0.0416616
0.0757790
-0.0298914
-0.0536953
0.0017737
-0.0467506
-0.0760647
-0.0048240
-0.0004971
-0.0629097
-0.0327206
-0.0145680
0.0155314
0.0221963
0.0300321
0.0209233
0.0130468
0.0372551
-0.0040209
-0.0339930
0.0309256
-0.0085009
-0.0546991
-0.0427333
-0.0048450
-0.0086134
0.0220201
0.0143065
-0.0149587
0.0504133
-0.0245399
0.0417837
-0.0240501
-0.0424176
0.0045110
0.0347511
-0.0424749
0.0402879
-0.0456582
-0.0208800
-0.0100912
0.0112791
0.0265533
-0.0159962
-0.0296931
-0.0235548
0.0028270
0.0052731
0.0213875
0.0460753
0.0117624
0.0061299
-0.0431127
0.0154004
-0.0133695
-0.0044307
-0.0138225
0.0405498
-0.0369116
0.0280629
0.0433442
0.0274260
-0.0376333
0.0074822
-0.0082126
-0.0261722
-0.0077875
-0.0248283
-0.0341199
-0.0406554
0.0275148
0.0227341
-0.0135841
0.0033353
-0.0348296
-0.0225317
0.0263265
0.0098715
-0.0405494
0.0061541
0.0207424
-0.0156372
-0.0293463
0.0338264
0.0334781
-0.0238117
-0.0415831
0.0327507
0.0130811
0.0171082
0.0402637
0.0028674
0.0127741
0.0241757
0.0058092
-0.0324697
0.0169809
-0.0201052
-0.0144251
0.0106549
-0.0179970
-0.0162364
-0.0387895
0.0434188
0.0324331
-0.0449424
0.0330923
0.0283754
0.0383021
0.0082160
-0.0347096
-0.0429573
0.0186481
-0.0413719
-0.0242534
0.0294996
0.0008868
-0.0145972
-0.0359646
-0.0360820
0.0426472
0.0123220
-0.0437400
-0.0217006
-0.0003671
0.0176974
-0.0255051
0.0349101
0.0325325
0.0270851
0.0344921
0.0247305
-0.0325155
-0.0059538
-0.0386091
-0.0461646
0.0242017
0.0341230
0.0111016
-0.0295237
-0.0018782
-0.0207682
-0.0216541
0.0559874
-0.0292292
0.0109015
0.0127248
-0.0314015
0.0147806
-0.0046236
-0.0594259
-0.0376680
-0.0508619
0.0086945
-0.0295780
-0.0235649
0.0132915
-0.0208854
0.0541263
0.0394498
0.0771809
0.0399308
0.0588450
-0.0235842
-0.0306552
-0.0157087
-0.0529929
-0.1364914
-0.1771117
-0.0786459
0.1023053
0.2050272
0.2455511
0.1280493
-0.0992035
-0.0898970
-0.0475498
-0.0166354
0.0152833
0.0097623
-0.0082385
0.0056685
-0.0137950
-0.0252983
-0.0066462
0.0278556
0.0226553
0.0073723
0.0141190
-0.0094661
-0.0257765
0.0099341
0.0346909
-0.0348510
-0.0322152
-0.0152586
0.0133294
0.0203022
0.0246921
-0.0343477
0.0044655
0.0213850
0.0322342
0.0100996
0.0161962
-0.0003405
-0.0398905
-0.0436256
0.0341613
-0.0436506
0.0389720
0.0378756
-0.0183879
-0.0462370
-0.0130656
0.0282189
0.0129223
0.0159643
-0.0110094
0.0441729
-0.0230020
0.0426575
-0.0176244
0.0251739
0.0017755
-0.0036659
-0.0154255
0.0287523
0.0148171
-0.0270138
-0.0081102
0.0099709
0.0437606
-0.0373926
-0.0319991
0.0328761
0.0310422
0.0129324
-0.0110342
0.0032679
-0.0268321
-0.0161142
0.0021654
-0.0065568
-0.0016155
-0.0378456
-0.0046449
-0.0021935
-0.0246285
0.0437587
0.0398063
-0.0245112
0.0049263
-0.0225280
0.0188331
0.0413898
-0.0176184
-0.0244788
0.0360459
0.0338929
0.0201791
0.0248386
0.0305478
-0.0345959
0.0081429
0.0385952
0.0110407
0.0192232
0.0325126
-0.0007755
-0.0322157
-0.0291871
-0.0132564
-0.0437101
0.0423828
0.0109004
0.0444114
-0.0022089
0.0198675
-0.0060130
-0.0208189
0.0111395
0.0274704
-0.0405208
0.0183958
-0.0255817
-0.0392277
-0.0222821
-0.0112217
0.0276175
-0.0437898
0.0196292
-0.0353287
0.0352402
0.0455932
0.0116508
-0.0221535
-0.0345400
-0.0186377
0.0252207
0.0251346
-0.0179275
0.0263998
0.0152993
0.0254468
-0.0410573
0.0097886
-0.0230110
0.0287985
0.0352827
-0.0053055
0.0449503
0.0384740
-0.0422694
-0.0173344
0.0200172
0.0190580
-0.0098954
0.0103872
-0.0111173
-0.0100065
0.0327799
-0.0307516
0.0348839
-0.0139881
-0.0312917
0.0241571
0.0262947
-0.0226945
0.0216022
0.0402021
-0.0267003
-0.0429716
-0.0049093
-0.0653142
-0.0152838
-0.0330785
-0.0555144
0.0369569
0.0428453
0.0503917
0.0506566
0.0256710
0.0476521
0.0666948
0.0104071
-0.0344799
-0.0469952
-0.0708291
-0.1515589
-0.1353740
-0.0926195
-0.0177709
0.1550127
0.2292219
0.1401360
0.0339489
-0.1346700
-0.0942451
-0.0608266
0.0175849
-0.0306858
-0.0115085
-0.0383473
-0.0422331
0.0134782
0.0100073
0.0159143
-0.0095830
0.0591405
0.0148077
-0.0073658
-0.0046624
0.0335987
-0.0143643
-0.0127282
-0.0057181
0.0203983
-0.0370966
-0.0439569
0.0221471
-0.0288728
-0.0109778
0.0137822
-0.0285223
0.0203337
0.0432320
-0.0131001
0.0432269
-0.0137137
0.0049184
0.0060112
0.0244379
0.0408398
-0.0182584
-0.0135129
0.0428752
-0.0189882
0.0203049
0.0197928
-0.0118395
-0.0238237
-0.0250146
-0.0089374
0.0328873
0.0039586
0.0364607
0.0336455
0.0408902
0.0098709
0.0410055
0.0229975
0.0065846
-0.0148474
0.0062347
-0.0164552
-0.0095524
-0.0237149
-0.0299009
0.0041594
-0.0258439
0.0205357
0.0084015
0.0084958
0.0015342
0.0459157
-0.0357598
0.0301292
-0.0030861
-0.0060989
0.0089848
0.0400525
0.0393946
0.0336315
0.0219651
-0.0155028
0.0343704
0.0183408
-0.0067029
-0.0278092
0.0435460
-0.0137811
0.0405092
-0.0093703
-0.0419852
0.0129789
-0.0068047
0.0139534
0.0302145
-0.0250084
0.0271831
-0.0319387
0.0077211
-0.0327758
-0.0138601
0.0005968
0.0265577
0.0037991
-0.0299983
-0.0154998
0.0326836
0.0450050
-0.0189853
-0.0005829
0.0350921
0.0095299
0.0183457
0.0232747
-0.0079913
-0.0373825
-0.0229156
-0.0322204
0.0294089
0.0235285
-0.0353000
-0.0331765
0.0044239
-0.0014586
-0.0474319
0.0230537
0.0388842
0.0073453
0.0111802
0.0435619
0.0044723
-0.0130484
-0.0407636
0.0114315
0.0145759
0.0372922
0.0431058
-0.0289539
-0.0147933
-0.0024552
0.0065701
-0.0010417
0.0103433
-0.0172946
-0.0103966
-0.0058310
-0.0408699
-0.0363146
0.0454508
0.0180453
0.0300019
0.0261854
-0.0128060
-0.0259893
-0.0351142
0.0316254
-0.0449509
0.0007639
-0.0407467
-0.0187196
0.0147608
0.0128816
0.0278022
-0.0190343
-0.0122490
0.0041139
0.0395356
0.0473999
0.0426603
0.0780251
0.0341581
-0.0024672
-0.0609413
-0.1320615
-0.2073729
-0.1621375
-0.0996490
0.1116424
0.2750749
0.2067007
0.0301379
-0.0892304
-0.1254273
-0.0116347
-0.0101086
-0.0172192
-0.0823543
-0.0865168
-0.0409114
0.0145866
0.0089772
0.0366412
0.0488575
0.0666498
0.0435981
0.0498681
0.0418960
-0.0238349
-0.0293487
-0.0081508
-0.0276788
-0.0200049
-0.0196380
0.0016245
-0.0207562
0.0175668
0.0024614
-0.0284928
-0.0335422
-0.0328280
0.0434614
0.0436009
0.0372974
-0.0242101
-0.0095052
0.0356278
-0.0063863
-0.0185718
-0.0404842
0.0268455
-0.0331337
-0.0316284
-0.0149017
-0.0154182
-0.0131750
0.0027798
0.0342087
-0.0263832
0.0354961
0.0466099
0.0390212
0.0397275
0.0444933
0.0205903
-0.0133987
0.0234812
-0.0257218
-0.0410546
0.0225601
0.0210697
-0.0379094
0.0034756
0.0082201
0.0452737
-0.0026873
0.0218226
-0.0354300
0.0186532
0.0092896
0.0217439
-0.0048823
-0.0068898
0.0421309
0.0196963
-0.0049718
0.0127743
0.0270306
-0.0360922
0.0083033
-0.0101481
-0.0410895
-0.0335389
0.0295587
-0.0285322
0.0443943
-0.0438898
-0.0053785
0.0391390
-0.0070042
0.0371956
0.0152848
0.0129737
0.0348252
0.0302460
0.0135620
-0.0168426
-0.0012302
0.0326732
-0.0204383
0.0382643
0.0446929
