0.0178536
0.0312834
0.0366301
0.0050302
-0.0228378
0.0155760
0.0366790
0.0076617
-0.0065273
0.0368326
-0.0397535
0.0073348
-0.0156313
-0.0119364
-0.0338503
-0.0002730
0.0205473
0.0094618
0.0172613
0.0345305
-0.0203175
-0.0408955
0.0031944
-0.0197101
-0.0354560
-0.0061383
-0.0271321
0.0398462
-0.0265714
0.0361707
0.0018013
0.0016260
0.0298143
0.0339494
0.0212677
0.0182369
0.0036009
-0.0226645
0.0137097
0.0192914
0.0270952
0.0081394
-0.0154952
-0.0370598
-0.0240205
-0.0142647
0.0281276
-0.0086813
0.0009304
-0.0347659
-0.0127536
0.0204032
0.0159970
0.0030974
0.0311269
-0.0329695
0.0204212
-0.0053411
-0.0207377
0.0006789
-0.0229132
-0.0263108
-0.0017928
0.0113797
0.0253439
-0.0276559
-0.0047175
0.0289628
-0.0035979
-0.0257959
0.0168715
-0.0003529
0.0359350
0.0291804
-0.0131738
0.0050126
-0.0138184
-0.0271955
0.0343949
-0.0359679
0.0237257
0.0372368
0.0315652
-0.0151312
-0.0111586
0.0041819
0.0053219
0.0066541
0.0151237
-0.0237853
0.0102393
-0.0309255
-0.0052940
0.0441361
-0.0143850
0.0354503
-0.0159546
0.0365563
-0.0044519
0.0171864
0.0108070
0.0110558
-0.0426535
-0.0515294
0.0231592
-0.0132745
-0.0160880
0.0354811
0.0074250
0.0574630
0.0577166
0.0275242
0.0063064
0.0462030
0.0401429
-0.0135639
-0.0114416
-0.0881395
-0.0508656
-0.1352986
-0.1404476
-0.0968301
0.0598621
0.2328905
0.3232926
0.2312439
-0.0352112
-0.3026135
-0.3024071
-0.1359405
0.0668267
0.0983686
-0.0090570
-0.0316320
0.0513634
0.0324206
0.0390119
0.0549816
0.0106617
0.0144735
0.0155716
0.0059413
0.0045710
-0.0335157
0.0034726
-0.0170640
-0.0327714
0.0018942
-0.0002195
-0.0307778
-0.0249446
-0.0134106
0.0219952
0.0328324
-0.0142253
0.0436395
0.0201398
0.0135823
0.0332647
0.0166651
-0.0012173
-0.0200088
0.0315010
0.0313751
0.0044195
-0.0105912
0.0411505
-0.0175332
0.0217759
-0.0003892
0.0088294
0.0101150
0.0109798
-0.0227393
-0.0329427
-0.0090429
0.0114611
0.0307015
0.0343543
0.0179606
0.0045965
-0.0188625
-0.0177879
-0.0270805
-0.0009237
-0.0210273
0.0101510
0.0101537
-0.0054541
-0.0229139
0.0226676
0.0358387
-0.0136413
-0.0127648
-0.0361106
-0.0064198
-0.0047242
-0.0075089
-0.0318290
-0.0262570
0.0151545
-0.0055130
-0.0098090
0.0249954
-0.0309902
-0.0249919
0.0106627
0.0139756
0.0320109
-0.0109477
0.0308799
0.0392002
0.0264640
0.0304669
-0.0354641
-0.0186412
-0.0341235
-0.0280421
-0.0016484
0.0075597
0.0014782
-0.0079289
-0.0351626
0.0267383
-0.0026405
-0.0235050
0.0212417
-0.0284004
-0.0160794
-0.0115998
0.0094829
0.0321300
-0.0015704
-0.0289142
0.0115085
-0.0098905
-0.0112213
-0.0209785
0.0108896
0.0320094
0.0273978
-0.0319773
0.0245784
-0.0268349
-0.0261596
-0.0152073
-0.0282473
0.0091073
-0.0362913
0.0283416
0.0169828
0.0221897
0.0250154
0.0334829
-0.0124156
-0.0232615
0.0320562
-0.0308167
-0.0272148
-0.0146989
0.0172706
-0.0210844
0.0228497
-0.0142915
0.0298517
0.0138644
0.0104460
0.0422466
0.0134388
0.0342178
-0.0081217
-0.0052915
0.0111308
-0.0000917
0.0006951
-0.0166688
0.0266959
-0.0346705
0.0193814
-0.0031747
0.0025375
0.0425293
0.0431395
0.0103297
0.0079113
0.0062322
0.0041941
-0.0121457
-0.0766616
-0.0564228
-0.0914931
-0.1365900
-0.1009121
0.0039802
0.2205926
0.3351656
0.1925538
-0.0282679
-0.1702444
-0.2382981
-0.1274827
-0.0008012
0.0303626
0.0409603
-0.0434020
0.0244310
0.0667982
0.0055217
0.0362973
0.0018919
0.0170225
-0.0212299
-0.0382420
-0.0103395
-0.0371540
-0.0176951
-0.0017510
0.0209772
-0.0281070
-0.0044491
0.0281778
0.0336254
0.0008570
-0.0144182
0.0088459
0.0373120
-0.0083754
0.0208559
-0.0250393
-0.0354408
0.0011254
0.0262160
0.0121480
0.0114421
-0.0204833
-0.0214693
-0.0164664
-0.0290831
-0.0378041
0.0407584
0.0011610
0.0288823
-0.0270175
0.0085050
-0.0345962
0.0371450
-0.0006937
0.0018679
0.0011592
-0.0069621
-0.0325097
0.0241078
-0.0211093
-0.0157087
-0.0117467
-0.0386081
0.0212497
0.0170036
-0.0021748
0.0214881
-0.0221522
-0.0022636
-0.0087743
0.0307658
-0.0335957
-0.0305660
-0.0322930
0.0273104
0.0018000
-0.0053508
0.0072264
0.0038728
-0.0337383
-0.0131864
-0.0336711
-0.0106081
0.0229461
-0.0000410
0.0162680
-0.0187889
0.0167374
-0.0320884
0.0323852
-0.0340721
0.0156704
-0.0093710
0.0138916
0.0163515
-0.0197329
0.0299187
0.0104547
-0.0180516
0.0239308
-0.0307929
-0.0350351
0.0044786
0.0240791
0.0201933
-0.0370134
-0.0241263
-0.0082114
-0.0199052
0.0083027
0.0327760
0.0072903
0.0370844
0.0157947
-0.0066585
-0.0041832
-0.0076452
-0.0227174
-0.0253573
-0.0267092
-0.0140073
0.0106973
0.0031706
-0.0107148
-0.0253089
-0.0231101
0.0245386
-0.0248313
0.0033507
0.0029324
-0.0344489
-0.0249275
0.0028227
0.0025013
-0.0040998
0.0216968
0.0066047
-0.0125140
-0.0041925
0.0087051
0.0194693
0.0120941
-0.0024960
0.0458919
-0.0289149
-0.0104046
0.0140380
-0.0109868
-0.0331576
-0.0461283
-0.0412418
0.0205311
-0.0397867
0.0231075
0.0131946
-0.0183479
-0.0109784
0.0466913
0.0351897
0.0482350
0.0494088
0.0432841
0.0470137
-0.0053047
-0.0194771
-0.0097446
-0.0463869
-0.1172537
-0.0991015
-0.1448399
-0.0557851
0.1617788
0.2751078
0.2789185
0.0961780
-0.1510913
-0.2713879
-0.1821157
-0.0518943
0.0098310
-0.0062794
-0.0009690
-0.0155341
-0.0073307
0.0385580
0.0294280
0.0238115
0.0247340
0.0448864
0.0194105
-0.0129979
0.0181616
0.0100903
-0.0047911
-0.0092001
-0.0175007
-0.0047969
-0.0159332
0.0234988
0.0028668
-0.0068928
0.0061452
-0.0241850
0.0154641
-0.0296723
0.0381738
0.0175905
-0.0367697
-0.0042778
0.0163127
-0.0247706
-0.0373776
0.0321121
0.0183016
-0.0139682
-0.0064217
-0.0053118
0.0003666
0.0257913
-0.0082931
0.0012450
0.0005896
-0.0027388
-0.0347307
-0.0051079
0.0060820
0.0212036
-0.0094381
0.0058606
-0.0074555
0.0170777
-0.0360823
0.0306267
0.0353562
0.0099805
0.0112791
-0.0131830
-0.0155477
-0.0268081
-0.0022780
-0.0378973
-0.0098405
0.0328215
-0.0158901
-0.0327174
0.0123653
0.0394021
-0.0286735
-0.0294707
-0.0197504
0.0236064
0.0240416
-0.0394599
0.0163052
0.0348527
-0.0000386
0.0148891
-0.0009546
0.0141744
-0.0351995
0.0342713
0.0234081
0.0210177
0.0392241
-0.0185874
-0.0003785
-0.0045156
0.0211000
-0.0157743
0.0129758
-0.0284003
0.0024259
0.0327944
-0.0269951
0.0035116
-0.0072515
0.0099663
-0.0030561
0.0361906
-0.0097446
0.0249495
0.0030629
-0.0357516
-0.0218146
0.0250990
-0.0089122
0.0074393
-0.0297152
0.0067300
0.0205772
0.0309743
0.0096456
-0.0275526
-0.0350875
-0.0208320
0.0028068
0.0400770
0.0128752
-0.0084545
0.0088527
0.0230872
0.0367329
-0.0197243
-0.0385066
-0.0271934
-0.0049319
0.0279858
-0.0405107
-0.0262447
0.0198716
0.0158292
0.0159843
0.0478608
0.0337067
0.0018177
0.0138681
-0.0002404
-0.0323096
-0.0306740
0.0218108
-0.0432060
-0.0186741
-0.0228624
0.0083981
0.0221787
0.0201221
-0.0267377
0.0572081
0.0074511
0.0598374
0.0044417
0.0318545
-0.0092336
-0.0171656
-0.0474834
-0.0203235
-0.0861348
-0.0750353
-0.1049359
-0.1576170
-0.0057977
0.1286363
0.2879552
0.3209035
0.1049741
-0.1459713
-0.3046477
-0.1629184
-0.0088453
0.0285060
0.0627405
0.0297027
-0.0126855
0.0525134
0.0325417
0.0552180
0.0028318
0.0135518
0.0166060
-0.0048172
-0.0017709
-0.0518266
-0.0256317
-0.0213984
0.0048889
-0.0394848
0.0123835
0.0323358
0.0157828
0.0187732
0.0041392
0.0323948
0.0447121
0.0256803
-0.0171191
0.0294755
-0.0176638
0.0252953
0.0126227
-0.0224121
0.0085899
-0.0154787
-0.0308634
-0.0242101
0.0399009
0.0300368
0.0186912
-0.0080603
-0.0299412
0.0109064
-0.0123351
-0.0113358
0.0315091
0.0138809
-0.0343061
-0.0207178
-0.0147540
-0.0241326
0.0262368
0.0155784
-0.0099127
0.0338031
0.0335251
-0.0218803
-0.0154544
-0.0115645
0.0074432
-0.0194955
-0.0074246
-0.0069802
-0.0375215
0.0343804
0.0116380
0.0093651
0.0377309
0.0326405
0.0200686
-0.0195534
0.0115670
0.0223488
-0.0396757
0.0345023
-0.0046969
-0.0206150
0.0294821
0.0142006
-0.0083354
0.0334075
0.0163778
0.0154634
-0.0368042
-0.0252205
-0.0128482
0.0192420
-0.0273487
0.0068466
0.0014280
-0.0298309
0.0320905
-0.0031134
0.0264991
-0.0229179
-0.0112189
0.0293543
-0.0242821
0.0310003
0.0004257
-0.0269708
0.0335358
-0.0382499
-0.0011585
-0.0296583
0.0125890
0.0038787
-0.0282770
-0.0298927
0.0168797
0.0341997
-0.0196927
-0.0106886
0.0384124
0.0231713
-0.0076437
0.0090849
-0.0217667
-0.0158407
0.0339432
0.0337999
0.0008405
0.0074161
-0.0187577
-0.0321151
0.0252172
0.0150377
0.0283196
0.0308893
-0.0202363
0.0162294
0.0337177
-0.0206799
-0.0195625
0.0387952
0.0302157
-0.0063414
0.0495661
-0.0199808
0.0046500
-0.0235891
0.0031423
0.0122626
0.0074531
-0.0443969
-0.0577426
-0.0511900
0.0246390
-0.0338722
0.0234807
0.0375347
0.0691080
-0.0004560
0.0184784
0.0126386
-0.0093974
0.0356347
0.0043997
-0.0416955
-0.0995200
-0.1160183
-0.1323123
-0.1690423
-0.0623424
0.1422719
0.3303283
0.3142591
0.1361013
-0.1842924
-0.2670064
-0.2457554
-0.0518162
0.0473726
0.0226879
0.0141826
0.0029411
0.0449187
0.0087568
-0.0060944
-0.0175401
0.0421020
0.0327985
-0.0130634
-0.0088195
0.0217904
-0.0342994
-0.0065350
-0.0059805
0.0216321
-0.0249599
0.0046147
-0.0180096
0.0306215
-0.0083293
-0.0078778
-0.0020660
-0.0036298
0.0146423
0.0269709
-0.0000353
-0.0410238
0.0291007
0.0276346
-0.0061573
-0.0015614
-0.0408025
0.0159447
-0.0022272
0.0069907
0.0120575
-0.0099399
-0.0296290
0.0254437
0.0034343
0.0320831
-0.0082812
-0.0183207
-0.0331712
0.0107464
0.0237115
-0.0300810
0.0217189
-0.0326264
0.0394494
0.0041993
0.0040204
-0.0301776
-0.0104514
0.0329031
-0.0262607
0.0012239
-0.0140186
-0.0318662
-0.0086584
-0.0251343
-0.0366790
0.0299345
0.0286738
0.0016067
0.0027591
0.0174536
0.0162931
-0.0033315
0.0211899
0.0321206
-0.0317674
-0.0163963
-0.0115506
-0.0078847
0.0159875
-0.0163887
0.0114088
-0.0304263
-0.0301016
-0.0212974
-0.0226061
0.0107786
-0.0246725
0.0035404
-0.0065558
0.0215495
0.0152039
0.0335594
0.0219252
-0.0368342
-0.0161974
0.0345722
0.0074706
-0.0208397
-0.0000704
-0.0368874
-0.0298040
-0.0171095
-0.0150846
0.0109829
0.0116780
0.0312448
-0.0174482
0.0197129
-0.0362188
-0.0424797
-0.0364261
0.0193123
0.0326990
0.0370347
-0.0187988
-0.0050477
-0.0019270
0.0344263
-0.0252024
-0.0213232
0.0164299
-0.0359509
-0.0006030
-0.0194142
-0.0350385
0.0167943
0.0109953
0.0274243
-0.0140309
0.0069480
-0.0007341
0.0290752
0.0000183
0.0092245
-0.0130013
0.0390934
0.0440408
0.0407243
0.0348252
-0.0335155
0.0234863
-0.0435979
-0.0358984
0.0162525
-0.0406115
-0.0232266
0.0179142
0.0129718
0.0096521
-0.0192761
0.0103115
0.0543190
0.0179611
0.0342564
0.0184524
0.0073846
-0.0256331
-0.0388823
-0.0587909
-0.0685337
-0.1015012
-0.1482776
-0.1745865
0.0139265
0.2722531
0.3756254
0.2812732
0.0497517
-0.2459172
-0.2997182
-0.1955017
-0.0334885
0.0890719
0.0150977
-0.0381553
-0.0284340
0.0375137
0.0318395
-0.0077157
-0.0084012
-0.0016911
0.0094862
-0.0211543
-0.0501790
0.0059979
-0.0282761
-0.0314464
-0.0075011
-0.0179029
-0.0427932
0.0272097
0.0285255
-0.0285427
0.0308724
0.0395896
-0.0150337
0.0278468
0.0016237
0.0005588
-0.0367335
-0.0080223
-0.0052757
-0.0233644
-0.0221611
0.0200835
0.0191229
0.0012949
-0.0257138
-0.0141790
-0.0019964
-0.0336510
0.0229531
0.0312800
0.0040816
-0.0106481
-0.0201582
0.0339775
0.0314572
-0.0215451
-0.0269665
0.0357421
0.0335818
0.0264808
-0.0096709
0.0105454
0.0141686
-0.0159740
0.0274307
0.0268029
-0.0078652
-0.0334523
-0.0223167
-0.0318178
0.0047243
0.0013750
-0.0193333
0.0232366
-0.0394614
-0.0157058
-0.0037930
-0.0128790
-0.0156554
0.0077343
0.0325337
-0.0277238
0.0087291
0.0142320
-0.0180875
0.0241503
-0.0132293
0.0089796
0.0018205
-0.0041145
-0.0238431
-0.0147941
0.0052588
0.0298605
-0.0263004
-0.0080365
-0.0342069
0.0319809
-0.0069554
0.0380210
0.0212885
0.0287353
-0.0328896
0.0162004
-0.0336873
0.0219580
-0.0259259
0.0022887
-0.0353938
0.0358661
0.0103347
-0.0191994
-0.0261245
-0.0191951
0.0345181
0.0237415
0.0295460
0.0043976
0.0072361
-0.0335440
-0.0299034
0.0051794
0.0211408
-0.0077484
-0.0072950
0.0228084
0.0264899
-0.0270436
-0.0352096
-0.0278131
0.0249919
-0.0353902
0.0020509
-0.0243799
-0.0027753
-0.0419005
-0.0096126
0.0167800
-0.0165904
-0.0165182
0.0146149
-0.0127802
-0.0305993
-0.0234593
-0.0088599
0.0194782
0.0111191
0.0299959
-0.0256017
-0.0316537
-0.0039670
-0.0037527
-0.0528176
-0.0426653
-0.0240858
-0.0156602
-0.0367959
-0.0057061
-0.0144303
0.0617249
0.0399396
0.0359192
0.0080819
0.0005545
-0.0004608
-0.0630985
-0.0792259
-0.0687381
-0.0429543
-0.1604557
-0.1358524
-0.0643480
0.2027263
0.3775032
0.3581433
0.0102238
-0.2111430
-0.2989475
-0.1392957
0.0173255
0.0708868
0.0197018
-0.0106062
-0.0090043
0.0771350
0.0730876
0.0569916
0.0207497
0.0304383
0.0212045
-0.0000774
0.0130851
0.0048574
-0.0353379
-0.0294235
0.0121820
-0.0229144
0.0019646
0.0086116
0.0257194
-0.0203163
0.0324943
-0.0034087
0.0176947
0.0233195
0.0081625
-0.0070021
0.0173475
-0.0366145
-0.0167748
-0.0448907
-0.0105665
0.0060041
0.0033558
-0.0010468
0.0218103
0.0021057
-0.0099416
0.0380053
-0.0286576
-0.0180036
-0.0365188
-0.0222818
-0.0073241
0.0232693
-0.0213153
0.0116511
0.0111755
0.0228192
0.0178046
-0.0388697
0.0075880
-0.0191799
-0.0379885
0.0283019
0.0377761
0.0237033
0.0296580
0.0369479
0.0137035
0.0069774
-0.0153515
-0.0376563
-0.0322798
0.0182354
-0.0072303
-0.0163221
-0.0308228
-0.0239866
-0.0143319
-0.0228862
-0.0160030
-0.0027475
-0.0359664
-0.0015254
-0.0028565
-0.0011249
0.0074369
0.0292418
0.0129607
0.0196726
-0.0362100
-0.0403604
0.0035356
0.0318950
-0.0328915
0.0399011
0.0371456
-0.0185131
-0.0255283
0.0191050
0.0022309
-0.0069595
0.0049834
-0.0331868
-0.0080886
