-0.0103576
-0.0014718
-0.0279914
0.0047693
0.0365107
-0.0299538
0.0048596
0.0336339
-0.0351455
0.0327035
0.0342901
0.0087554
0.0209103
-0.0195587
0.0201880
-0.0260311
-0.0187290
0.0284732
-0.0276489
0.0370553
-0.0242315
-0.0066013
0.0169877
-0.0231382
-0.0217221
-0.0139985
0.0255477
-0.0036929
-0.0290215
0.0212570
-0.0107189
-0.0282150
0.0387044
0.0361845
-0.0289381
-0.0133347
-0.0226587
0.0203061
-0.0097163
0.0164799
-0.0233132
0.0064034
0.0312761
-0.0291603
0.0171308
-0.0303704
0.0033171
0.0173592
-0.0046490
0.0357980
-0.0206000
-0.0274128
0.0402316
0.0374855
0.0166866
-0.0354357
0.0277403
-0.0325273
-0.0359215
0.0384015
0.0189851
-0.0096759
-0.0029503
-0.0360620
0.0109750
-0.0285334
0.0305401
0.0218615
-0.0283847
0.0167339
0.0251382
0.0002785
-0.0266521
-0.0409588
-0.0029779
0.0112303
0.0176588
0.0287790
0.0150737
0.0116127
0.0266751
0.0000918
0.0138828
-0.0012700
0.0413976
0.0334076
0.0360509
-0.0245298
0.0363925
-0.0346682
-0.0061906
-0.0029710
-0.0010354
-0.0149737
-0.0261354
0.0304774
-0.0042944
-0.0000935
-0.0046790
-0.0114086
0.0171925
-0.0047525
0.0047668
-0.0321103
-0.0118444
-0.0080132
0.0145849
-0.0398738
0.0125344
-0.0085319
-0.0525690
-0.0031781
-0.0267162
0.0121222
-0.0164569
0.0575473
0.0329414
0.0657616
0.0125928
-0.0079117
0.0613419
0.0480444
0.0200929
-0.0619077
-0.0870643
-0.0694749
-0.0926838
-0.1336268
-0.0524110
0.1347579
0.2666193
0.3534905
0.1474247
-0.1211652
-0.2460893
-0.1656385
-0.0757772
0.0690018
0.0236784
-0.0067306
0.0317096
0.0161332
0.0153083
0.0035065
0.0110247
0.0348175
0.0280748
0.0426392
-0.0079430
-0.0026506
-0.0400505
0.0033848
-0.0359372
-0.0380224
0.0243051
-0.0353254
-0.0136082
0.0055188
-0.0152124
-0.0251813
-0.0193552
-0.0251626
0.0296448
0.0233365
-0.0091794
0.0058272
0.0103130
0.0011973
-0.0435667
0.0075106
0.0315531
0.0334325
0.0355672
0.0214169
-0.0088836
0.0188784
0.0156925
-0.0141751
-0.0127477
0.0386612
0.0370932
0.0067145
0.0093565
-0.0378110
0.0031423
-0.0161744
-0.0225850
0.0177670
0.0161614
-0.0323764
0.0305884
-0.0270661
0.0408050
-0.0036306
0.0300241
-0.0314886
-0.0222528
0.0380111
0.0149876
-0.0058194
-0.0213993
-0.0330619
0.0085244
0.0138473
0.0170310
0.0021597
0.0056317
-0.0022527
0.0020873
0.0356133
0.0021180
-0.0045542
0.0160391
-0.0352221
-0.0043014
0.0106274
-0.0033245
0.0031064
-0.0331378
-0.0075590
0.0380482
-0.0396935
-0.0197748
-0.0158447
0.0228625
0.0197894
-0.0312948
-0.0086447
-0.0361509
-0.0029820
-0.0130409
0.0125081
-0.0296476
-0.0200692
-0.0304982
-0.0305023
0.0143265
-0.0054958
0.0025767
0.0303406
0.0168679
-0.0107354
0.0153516
0.0274972
0.0304388
-0.0316339
0.0093788
0.0254865
-0.0092992
-0.0385019
0.0192287
0.0003415
-0.0211840
-0.0361253
-0.0073873
0.0192733
0.0142969
-0.0310176
-0.0010412
-0.0323100
0.0404196
0.0363187
0.0100911
-0.0259741
0.0234563
-0.0023523
0.0278330
0.0291749
0.0212850
-0.0331710
0.0219921
-0.0168334
-0.0162494
-0.0266726
0.0026328
-0.0046135
0.0301016
0.0050615
-0.0132802
0.0310724
0.0004026
0.0031428
-0.0100946
0.0165618
-0.0435687
-0.0499780
-0.0576996
0.0077882
-0.0508519
-0.0229524
0.0016375
-0.0075291
0.0070150
0.0357893
0.0461709
0.0505140
0.0196065
0.0193161
0.0010902
-0.0493838
-0.0913185
-0.0496568
-0.1145854
-0.1044153
-0.1294163
0.0641808
0.2891609
0.3380599
0.2460069
-0.0323810
-0.2388389
-0.2733104
-0.1148331
0.0534384
0.0445498
0.0144623
0.0061234
0.0164730
0.0228126
0.0339753
0.0518646
0.0184139
-0.0151402
0.0385111
-0.0127564
-0.0180681
0.0206652
-0.0096745
0.0239468
-0.0003894
-0.0378681
-0.0320534
0.0258768
-0.0111073
-0.0049605
0.0459337
0.0274486
0.0056125
0.0179687
-0.0121312
0.0371243
0.0306273
-0.0157883
-0.0037016
0.0083779
-0.0384839
-0.0324096
-0.0004034
-0.0206398
-0.0329221
0.0204226
-0.0162658
-0.0312688
0.0119680
0.0310818
-0.0225990
0.0065515
0.0065623
0.0352032
-0.0182609
-0.0242753
0.0086621
0.0097297
-0.0370640
-0.0019263
-0.0075176
-0.0176632
-0.0085290
0.0359882
0.0073351
0.0362597
0.0235283
0.0016154
-0.0036981
0.0184009
0.0002193
-0.0386783
0.0279229
-0.0320982
0.0393260
-0.0080455
-0.0300515
0.0352002
-0.0303357
0.0047824
-0.0312331
0.0204297
0.0032131
0.0058716
0.0084637
0.0360081
-0.0301346
-0.0018353
0.0181132
0.0246156
-0.0033807
-0.0174682
0.0011833
-0.0215414
-0.0233010
0.0175227
-0.0170937
-0.0015074
0.0326515
0.0005438
-0.0296745
-0.0177005
0.0224447
-0.0132966
-0.0108008
0.0036241
-0.0281471
0.0194785
0.0103872
-0.0188919
0.0374348
0.0371996
-0.0248449
-0.0025877
0.0339922
0.0091853
0.0311783
-0.0277056
-0.0376860
-0.0303471
-0.0038694
-0.0035615
-0.0109716
0.0358946
0.0037395
0.0347624
-0.0168124
-0.0032375
0.0078601
-0.0014048
-0.0063099
-0.0025678
0.0102152
0.0077074
0.0404374
0.0320420
-0.0037612
0.0310219
0.0256461
-0.0417322
-0.0192817
0.0035271
0.0189319
-0.0240790
-0.0287099
-0.0407662
-0.0156532
0.0053687
0.0306501
-0.0205746
0.0479218
-0.0265543
0.0310272
-0.0263521
-0.0150120
-0.0389001
-0.0382769
-0.0095846
-0.0584049
-0.0137076
0.0212869
-0.0124316
0.0122880
0.0427325
0.0401862
0.0159116
0.0702731
0.0509039
0.0257093
-0.0174754
0.0308335
0.0009397
-0.0412232
-0.0980797
-0.0951385
-0.1471999
-0.0970386
0.0011981
0.2201763
0.3347119
0.2553844
-0.0114402
-0.2139241
-0.2946475
-0.1341683
0.0198949
0.0954392
0.0541647
0.0075556
0.0009588
0.0154869
0.0065609
0.0411745
-0.0319330
0.0007246
-0.0204869
-0.0253445
-0.0093440
0.0025965
-0.0323416
-0.0159489
0.0080819
-0.0050969
-0.0261625
-0.0048524
0.0241213
0.0432514
-0.0110555
-0.0266590
0.0222866
0.0074050
-0.0348460
0.0100582
-0.0284596
-0.0243331
0.0226581
0.0039117
-0.0411348
-0.0376282
-0.0374352
0.0299514
-0.0179891
-0.0313304
0.0199305
-0.0063720
-0.0303463
-0.0099869
0.0430124
-0.0176625
0.0248380
0.0223336
-0.0337815
0.0193732
-0.0015374
-0.0202008
-0.0391547
-0.0260932
0.0154981
-0.0118667
0.0114943
0.0407584
0.0114152
-0.0351763
0.0097558
0.0250549
0.0247417
-0.0127942
0.0233366
-0.0005636
0.0003805
0.0225958
-0.0024860
-0.0083547
-0.0306318
0.0314524
-0.0328117
0.0303567
-0.0087114
0.0189745
-0.0142871
-0.0149973
0.0025158
-0.0082644
-0.0381837
-0.0394939
0.0335013
0.0330528
0.0216027
-0.0283609
0.0246275
0.0343620
0.0280066
0.0320944
-0.0309813
0.0084092
0.0286680
0.0015579
0.0292689
0.0367798
-0.0114930
0.0022685
-0.0368886
-0.0136870
0.0134341
-0.0310458
0.0263369
-0.0297259
-0.0250711
0.0259407
0.0381779
-0.0316513
-0.0041689
-0.0350120
-0.0137626
0.0075226
-0.0028470
0.0146377
0.0107565
0.0092564
0.0270823
0.0241288
-0.0032049
-0.0039736
-0.0139333
-0.0140935
-0.0309288
0.0094506
0.0364038
-0.0398418
0.0030350
0.0095359
0.0338428
-0.0183732
-0.0353352
-0.0163958
0.0058439
0.0075736
-0.0420647
-0.0313517
-0.0410882
0.0095509
-0.0005298
-0.0273866
0.0373400
-0.0350177
-0.0169544
0.0394371
-0.0103920
-0.0051388
0.0456540
0.0078891
0.0021432
-0.0331662
-0.0343145
0.0122813
0.0037743
-0.0501964
-0.0099131
-0.0211038
0.0109055
0.0009529
-0.0181117
0.0036987
0.0349347
0.0589608
0.0372470
0.0532258
-0.0111556
-0.0227061
-0.0737876
-0.0709420
-0.0879281
-0.0988415
-0.1493119
-0.1338699
0.0500032
0.2602117
0.3581294
0.2561990
-0.0181287
-0.2903064
-0.2604624
-0.1082908
0.0544259
0.0561462
-0.0078106
0.0228856
0.0484086
0.0172807
0.0021972
0.0235544
0.0178575
-0.0180030
0.0030481
-0.0331409
0.0185065
0.0156420
-0.0214521
-0.0094069
0.0032721
-0.0070580
-0.0233858
-0.0352207
0.0085599
0.0138673
0.0167083
0.0405903
0.0301698
0.0304212
0.0000902
-0.0278475
0.0110240
0.0256723
0.0197633
-0.0256911
-0.0358178
-0.0402611
0.0164706
0.0280380
0.0115553
0.0251482
0.0150151
-0.0325784
-0.0252963
-0.0218247
0.0241153
-0.0240184
0.0126954
0.0041402
0.0107820
0.0064790
0.0103834
0.0185014
0.0212414
-0.0211226
-0.0229618
-0.0290006
0.0060362
0.0112106
0.0249316
0.0136076
0.0304146
0.0039532
0.0371041
-0.0339749
0.0105321
-0.0186695
-0.0138742
-0.0050935
-0.0342202
-0.0298428
0.0266779
0.0004968
0.0152255
-0.0210220
-0.0366265
0.0344386
0.0006389
0.0016133
-0.0055591
0.0026650
-0.0034556
0.0106697
0.0179892
0.0069313
0.0082877
0.0073237
-0.0265679
0.0138569
0.0052693
0.0333799
0.0143700
0.0102804
0.0078313
0.0287272
0.0193727
0.0153169
0.0211777
-0.0367693
0.0290919
0.0155540
0.0053545
-0.0059204
-0.0172893
-0.0033759
-0.0379485
-0.0179993
-0.0261399
-0.0221683
0.0350919
0.0108743
0.0352766
-0.0076427
0.0134366
-0.0353090
0.0254870
0.0330733
-0.0331216
0.0046802
0.0209625
-0.0382613
0.0125276
0.0310080
0.0261675
-0.0084287
0.0133109
-0.0071927
-0.0287587
-0.0302507
-0.0332294
-0.0028132
-0.0177518
0.0247484
-0.0398306
-0.0336133
0.0067497
-0.0145831
-0.0386194
0.0134207
-0.0233986
0.0019513
-0.0107517
-0.0276429
0.0162226
-0.0015484
0.0123897
0.0210772
0.0436502
-0.0251825
-0.0094291
-0.0280928
-0.0275916
0.0268695
-0.0040917
-0.0518905
-0.0160823
0.0155336
-0.0251024
0.0407881
0.0098418
0.0056918
0.0390799
0.0203781
0.0376743
0.0676339
0.0320815
-0.0286873
-0.0554901
-0.0608607
-0.0967690
-0.0981979
-0.1493405
-0.0982721
0.0119885
0.2268132
0.3352308
0.2107736
0.0014643
-0.2503776
-0.2930268
-0.1184704
-0.0153764
0.0499165
0.0074198
0.0281947
0.0192293
0.0352970
0.0725093
0.0337735
0.0016496
0.0318702
0.0362416
0.0206140
-0.0228944
-0.0332247
0.0204802
0.0160842
-0.0316104
-0.0215334
-0.0089663
-0.0080328
-0.0216737
-0.0114201
-0.0055731
-0.0171184
0.0199165
0.0193509
-0.0233364
-0.0353377
0.0359134
0.0125638
-0.0422991
-0.0380307
0.0127355
-0.0078864
-0.0079819
-0.0198384
0.0354227
0.0361619
-0.0128818
-0.0173537
-0.0001175
-0.0221435
-0.0158171
-0.0363357
0.0318600
0.0284101
-0.0380786
0.0234217
0.0122795
-0.0388596
-0.0214195
-0.0391408
0.0012535
0.0380274
0.0125916
0.0096033
-0.0076443
0.0388885
0.0215046
0.0360541
-0.0298767
-0.0156370
0.0006103
0.0061856
-0.0060983
0.0340946
-0.0054651
0.0019865
0.0331498
-0.0105949
0.0009860
0.0272622
-0.0097207
-0.0139180
0.0288519
0.0002685
-0.0077537
-0.0289941
-0.0097846
-0.0225462
-0.0330687
0.0272368
-0.0197222
-0.0235152
-0.0244844
-0.0328176
-0.0167470
0.0131172
-0.0259634
-0.0363793
-0.0357188
-0.0278792
0.0298591
0.0263011
0.0139913
0.0342753
0.0271237
0.0111751
0.0331484
-0.0013670
0.0328475
-0.0130339
-0.0188518
0.0299458
-0.0016109
0.0082716
-0.0254159
0.0368363
0.0148851
0.0403575
0.0095025
0.0113024
0.0371556
-0.0051859
0.0098494
-0.0385070
0.0078529
-0.0147722
-0.0058474
-0.0324846
-0.0162531
0.0139267
0.0252792
0.0375807
0.0338277
-0.0249487
-0.0043433
-0.0281324
-0.0243873
-0.0160002
0.0324793
0.0266908
-0.0011698
0.0292925
-0.0449352
-0.0371596
0.0005968
-0.0192085
-0.0279517
0.0251184
0.0407355
0.0201948
0.0293163
-0.0100837
0.0367005
0.0062316
-0.0239206
0.0214013
-0.0228249
0.0011627
0.0138023
-0.0300328
0.0204077
0.0061688
-0.0225967
0.0312614
-0.0162341
0.0445268
0.0183663
0.0267276
0.0340559
0.0228774
-0.0134691
0.0174619
-0.0461478
-0.0185466
-0.0407283
-0.0659819
-0.1429843
-0.1583851
-0.0687915
0.0964113
0.2803745
0.3167938
0.1554730
-0.1264815
-0.3097248
-0.2618880
-0.0507219
0.0527780
0.0565897
0.0323845
-0.0055457
0.0368822
0.0193125
0.0553277
0.0445637
0.0359776
-0.0027945
-0.0342941
-0.0327939
-0.0377100
-0.0036242
-0.0150914
0.0227466
-0.0201909
-0.0428940
0.0124434
0.0380784
0.0370430
0.0410269
-0.0012481
-0.0037620
0.0407776
0.0378274
0.0100873
-0.0091709
-0.0323993
0.0200766
0.0246413
-0.0302718
-0.0349204
0.0299371
0.0036248
0.0220852
0.0376094
0.0340694
-0.0190545
-0.0055610
0.0079511
-0.0212440
-0.0174143
0.0174260
-0.0185038
-0.0246731
0.0297244
0.0124073
0.0224956
0.0225633
0.0201368
-0.0272299
0.0257394
0.0217737
0.0250332
0.0364217
0.0241546
-0.0196515
-0.0278855
-0.0167964
0.0084390
-0.0280215
-0.0013699
-0.0236103
-0.0220441
-0.0175037
-0.0278623
-0.0296001
-0.0145105
0.0271162
0.0165587
-0.0309956
-0.0228178
0.0024830
0.0364465
-0.0232298
-0.0400246
0.0352087
0.0176228
-0.0167356
0.0277681
0.0233893
0.0399527
0.0302910
0.0266003
0.0015522
-0.0025107
0.0315051
0.0200888
0.0034416
-0.0078603
-0.0082467
-0.0205028
-0.0158814
0.0389946
0.0013806
-0.0046011
-0.0112772
-0.0153538
-0.0273926
-0.0164761
0.0067327
-0.0261037
0.0092836
-0.0019855
0.0172005
-0.0176971
-0.0186074
0.0240939
-0.0320977
0.0350597
-0.0027894
0.0059224
0.0376732
0.0222527
0.0064228
-0.0080993
-0.0296222
0.0327227
-0.0196286
0.0190100
0.0127279
0.0257932
0.0178857
0.0083380
-0.0331247
0.0320621
-0.0118413
-0.0145327
-0.0371560
0.0264331
0.0067175
-0.0059957
0.0223077
0.0149566
0.0127783
-0.0254449
-0.0375605
0.0173791
-0.0049338
0.0341703
-0.0308417
-0.0015720
-0.0174043
0.0059121
0.0056905
0.0286947
0.0117459
0.0053222
-0.0486438
-0.0027211
-0.0351912
0.0159882
0.0174167
-0.0318966
0.0022798
-0.0064421
0.0378980
0.0307143
0.0140926
0.0301465
0.0632425
0.0425017
0.0161222
-0.0022343
-0.0732275
-0.0537043
-0.0648602
-0.1540509
-0.1033327
-0.0935004
0.0958645
0.2779681
0.3296302
0.1102297
-0.1089461
-0.3115803
-0.2505865
-0.0911340
0.0178786
0.0336276
0.0429267
0.0054534
0.0513144
0.0265183
0.0296230
0.0160941
0.0217791
-0.0066502
-0.0251647
0.0265377
-0.0049543
-0.0558331
-0.0343200
-0.0259299
-0.0019983
0.0078467
-0.0032308
0.0352496
0.0418951
-0.0244658
0.0029523
0.0222506
0.0336125
0.0325741
0.0381514
0.0354270
-0.0279607
-0.0150669
0.0242918
0.0244388
-0.0421780
-0.0346328
0.0367561
-0.0033924
0.0240482
0.0250690
-0.0043199
-0.0087032
0.0004199
-0.0249432
0.0042063
-0.0004121
0.0019259
0.0338021
