-0.0541380
0.0006894
-0.0330556
-0.0430800
-0.0206603
0.0362073
0.0527344
0.0404640
0.0121597
0.0690632
0.0652063
0.0309527
0.0362697
-0.0164683
-0.0168529
-0.0581975
-0.1047033
-0.1291311
-0.0798776
-0.0167252
0.2005273
0.2780956
0.2592062
-0.0188177
-0.1979851
-0.2119084
-0.0902164
0.0328857
0.0137752
-0.0149059
-0.0195298
-0.0054862
0.0301494
0.0026273
0.0331842
0.0328784
-0.0110909
-0.0067373
-0.0312792
0.0161164
-0.0181434
-0.0252158
-0.0494939
-0.0425031
-0.0127636
-0.0226462
0.0238925
0.0328550
0.0009288
-0.0146771
0.0271583
0.0030095
0.0441528
0.0117653
0.0044404
0.0297546
0.0322552
-0.0036502
0.0062824
-0.0353685
-0.0249310
-0.0358453
-0.0385778
0.0153016
0.0336012
0.0372958
0.0026713
0.0160609
0.0350683
-0.0062441
0.0114731
0.0084670
0.0021421
-0.0253985
-0.0002993
-0.0225003
0.0167974
-0.0358547
-0.0406832
0.0352895
0.0239115
0.0048166
-0.0311742
-0.0062368
-0.0029234
0.0206381
-0.0108187
0.0382715
0.0264070
-0.0408226
0.0211425
0.0185720
-0.0059514
0.0393644
-0.0275970
0.0360638
0.0198997
-0.0197993
0.0322015
0.0043907
0.0015427
-0.0311848
0.0040268
-0.0342946
0.0354674
-0.0063396
0.0343833
0.0393904
0.0384027
0.0230515
0.0049036
0.0264219
-0.0287278
0.0329702
-0.0259327
0.0089238
0.0078880
0.0286482
-0.0109577
0.0096285
-0.0259788
-0.0270966
0.0228480
0.0317869
-0.0020253
-0.0079970
0.0154042
-0.0350947
-0.0297404
-0.0228077
0.0049873
0.0304886
-0.0058809
-0.0103182
0.0236198
-0.0372249
-0.0092000
0.0301167
0.0031437
-0.0181487
-0.0241608
0.0338008
0.0006744
-0.0224779
-0.0098409
0.0280374
-0.0202089
-0.0203807
0.0271025
-0.0299970
-0.0096272
0.0315534
-0.0275426
-0.0212857
0.0111785
-0.0147288
0.0096040
-0.0393533
0.0200614
0.0216771
-0.0246449
0.0389612
-0.0124387
-0.0177731
-0.0118105
0.0027369
0.0353146
-0.0066686
0.0123143
-0.0077484
0.0190166
0.0302451
-0.0214012
0.0029628
-0.0002401
-0.0135126
0.0223463
-0.0348068
-0.0352013
0.0401616
0.0384075
0.0516423
0.0523231
0.0198778
0.0502485
0.0346710
0.0071097
0.0148869
-0.0738996
-0.0722932
-0.1080313
-0.1426032
-0.1477709
-0.0342563
0.1478176
0.3044743
0.2792407
0.0754662
-0.1256900
-0.2427044
-0.1119897
-0.0474387
0.0071869
-0.0224863
-0.0337061
0.0108993
0.0125168
0.0370365
0.0400519
-0.0148429
-0.0210727
-0.0002227
-0.0110035
-0.0403470
-0.0096826
-0.0072555
-0.0085521
-0.0304143
-0.0111438
-0.0186458
-0.0015243
-0.0009705
-0.0274654
0.0108057
0.0146719
-0.0036219
-0.0195010
-0.0109952
0.0133999
0.0259875
0.0237048
-0.0112071
0.0295678
0.0075435
0.0003427
0.0277983
0.0343091
0.0022319
0.0033529
-0.0316401
-0.0366022
-0.0174060
-0.0031126
-0.0313063
0.0372638
0.0084873
-0.0249682
-0.0054479
-0.0350986
-0.0262798
0.0133452
0.0038525
0.0138521
0.0019478
0.0272478
-0.0274313
-0.0221915
0.0016761
-0.0232166
-0.0261450
-0.0326209
-0.0083163
-0.0277324
0.0110061
-0.0387105
-0.0004498
-0.0102741
0.0162716
-0.0067605
0.0189980
-0.0217523
0.0412370
-0.0095721
-0.0291995
-0.0187014
0.0382017
-0.0109037
0.0327282
0.0322358
0.0086021
-0.0037484
-0.0053344
0.0215521
0.0096787
0.0206752
0.0044825
0.0354436
0.0111603
-0.0301238
0.0196606
-0.0243107
0.0207809
0.0150018
0.0194354
-0.0213776
-0.0071143
0.0100462
0.0119852
-0.0253835
0.0316246
0.0160315
0.0348104
-0.0293838
-0.0162828
-0.0275805
-0.0249181
-0.0299019
-0.0075745
0.0381870
-0.0070592
0.0164449
0.0102583
0.0162963
0.0143790
-0.0296282
0.0037067
0.0063692
-0.0089338
-0.0148101
0.0217467
-0.0334925
0.0263007
-0.0043577
-0.0376518
-0.0110373
-0.0159131
0.0060611
-0.0237393
0.0053540
0.0145290
-0.0329033
0.0279735
0.0352348
0.0348589
-0.0401440
0.0367384
0.0286238
0.0203668
0.0473540
0.0085728
0.0231797
-0.0138726
0.0321063
-0.0181628
0.0204233
-0.0062228
-0.0269645
-0.0334978
-0.0048625
0.0282508
-0.0002629
0.0309019
0.0405581
0.0146608
0.0352356
0.0185165
0.0096396
0.0422289
0.0487537
-0.0039738
-0.0022769
-0.0725395
-0.0710864
-0.0604479
-0.1056781
-0.0855760
-0.0187297
0.1936900
0.3333330
0.2626314
-0.0216262
-0.2391205
-0.2624249
-0.1740282
-0.0108312
0.0591783
0.0310376
0.0068062
0.0241992
0.0694284
0.0578577
-0.0175483
0.0141994
-0.0012968
-0.0147245
0.0143248
-0.0221200
-0.0174957
-0.0347417
-0.0075318
-0.0354127
0.0148138
-0.0153824
-0.0107521
-0.0105784
-0.0187810
-0.0266999
0.0266891
0.0012412
0.0439596
0.0142763
0.0331661
0.0293186
-0.0103324
-0.0034511
0.0323053
-0.0185179
0.0052036
-0.0410546
-0.0343658
-0.0240555
-0.0332902
0.0035297
-0.0362406
-0.0182001
0.0376696
-0.0286224
-0.0123324
0.0268719
0.0213443
-0.0406898
0.0279219
-0.0189142
0.0277463
-0.0099696
0.0337735
0.0277422
-0.0000418
-0.0052302
-0.0313545
0.0198069
0.0050991
-0.0354242
0.0182574
0.0193898
0.0055100
0.0163891
-0.0367518
-0.0390994
-0.0380576
0.0250580
-0.0118235
0.0300963
0.0131909
-0.0187790
-0.0007207
0.0023678
-0.0311315
-0.0210958
-0.0213419
-0.0111379
-0.0253124
0.0285086
-0.0223453
-0.0357412
-0.0020414
0.0362791
-0.0043149
-0.0090472
0.0041000
-0.0155474
0.0329498
-0.0043440
0.0122803
0.0109447
-0.0152220
-0.0266471
-0.0278152
0.0227344
0.0271617
0.0377323
-0.0062985
-0.0094500
-0.0011346
-0.0014026
0.0084300
0.0373509
0.0329290
-0.0036880
-0.0150352
0.0272744
0.0270906
0.0304769
0.0025392
0.0099980
0.0136158
-0.0397071
-0.0074945
0.0315885
0.0264350
0.0303482
0.0370783
0.0340576
-0.0297763
0.0260594
-0.0363416
-0.0197238
-0.0301069
0.0118337
0.0163951
-0.0379216
-0.0287896
-0.0401284
-0.0307461
0.0240399
-0.0426610
-0.0272991
0.0094869
0.0288440
-0.0196704
0.0085705
-0.0080057
0.0135713
0.0366276
-0.0178155
0.0012315
0.0137726
-0.0134997
-0.0210902
-0.0373316
-0.0525135
-0.0289158
-0.0560509
-0.0327866
-0.0284006
-0.0118339
-0.0212055
0.0002384
0.0414784
0.0400665
0.0239362
0.0194922
0.0048108
0.0355038
-0.0171087
-0.0904581
-0.0526376
-0.0580286
-0.1388769
-0.1205510
-0.0349746
0.2333181
0.3364436
0.2308394
0.0197956
-0.2304027
-0.3210852
-0.1641344
0.0423342
0.0404571
0.0406538
0.0218859
-0.0009519
0.0548465
0.0136894
0.0079426
-0.0214029
0.0454807
0.0285116
-0.0362780
0.0245766
0.0217775
0.0255504
0.0134203
0.0204130
0.0208867
-0.0113542
0.0009822
0.0033407
-0.0275428
-0.0238356
0.0464708
0.0003671
0.0310241
0.0244973
-0.0114315
0.0313499
-0.0291976
-0.0082182
0.0254833
0.0311902
-0.0410619
-0.0211868
0.0284724
0.0264882
0.0269767
0.0360730
-0.0365358
-0.0340897
-0.0350926
0.0178797
-0.0354440
0.0095960
0.0283790
-0.0222953
0.0291084
-0.0093711
-0.0109271
-0.0400852
-0.0303836
-0.0204610
0.0402056
-0.0205738
0.0192274
-0.0243333
0.0369162
-0.0121697
0.0011800
0.0062576
-0.0043579
-0.0399348
0.0202581
0.0339969
-0.0123906
0.0048833
-0.0340071
-0.0087453
0.0022160
0.0185092
0.0314699
0.0364977
-0.0389908
0.0145311
0.0354086
-0.0070924
-0.0380593
0.0221038
0.0100700
0.0317947
-0.0034355
0.0333823
0.0309132
0.0004672
0.0313348
-0.0212623
0.0218617
-0.0140240
-0.0315952
0.0142472
0.0009569
0.0083680
0.0342583
0.0060301
-0.0200241
0.0319827
0.0132657
-0.0391176
-0.0011626
-0.0337876
-0.0062202
0.0005948
0.0129283
0.0328232
-0.0229426
-0.0114587
0.0110632
0.0355027
0.0037860
-0.0006928
0.0308618
-0.0059131
0.0332724
0.0178226
0.0349998
-0.0135141
-0.0100139
-0.0315844
0.0083366
0.0095407
-0.0379823
-0.0195823
0.0271877
0.0286865
-0.0356257
-0.0200594
-0.0371752
0.0035224
0.0202900
0.0224902
-0.0061909
0.0291034
-0.0228371
-0.0089532
0.0073661
-0.0190892
-0.0152606
0.0129302
-0.0035095
-0.0236509
-0.0045685
0.0022450
-0.0118036
-0.0240478
-0.0331895
-0.0546103
-0.0027803
-0.0421552
0.0200730
0.0305257
0.0147009
-0.0280254
0.0223222
0.0655531
0.0160822
0.0261879
0.0454730
0.0274449
-0.0319350
-0.0101795
-0.0134718
-0.0535548
-0.1082148
-0.1191340
-0.1213441
-0.0824419
0.1862038
0.3310696
0.2974834
0.0890496
-0.1937553
-0.2730190
-0.2313460
-0.0498951
0.0692138
0.0721990
0.0059951
-0.0194133
0.0318840
0.0801997
0.0350336
0.0415803
0.0202202
-0.0091720
0.0242081
0.0296258
0.0074251
0.0120498
0.0186459
-0.0412380
-0.0187875
-0.0376125
-0.0247177
0.0329710
-0.0048405
-0.0226949
0.0380133
0.0023434
0.0273253
-0.0205113
-0.0079076
-0.0408980
-0.0254602
-0.0334434
0.0317931
-0.0432740
0.0153356
0.0324826
-0.0127133
-0.0211411
0.0073180
-0.0152586
0.0031137
-0.0169052
0.0094978
0.0268266
0.0102656
-0.0184349
0.0066834
-0.0356994
0.0347364
0.0277046
-0.0242511
-0.0213587
0.0341142
0.0106477
-0.0246631
-0.0138961
0.0068107
0.0146230
-0.0056603
0.0151736
0.0209772
0.0207345
-0.0066497
-0.0402693
0.0280844
0.0168831
0.0008835
0.0310851
-0.0136288
-0.0222807
0.0345326
0.0007014
0.0313857
0.0228676
0.0060121
-0.0284526
0.0292048
-0.0046389
-0.0031857
-0.0131114
-0.0269312
0.0027183
-0.0188348
-0.0155835
-0.0163700
0.0340650
0.0149552
0.0255274
-0.0099040
0.0011999
0.0167634
0.0225307
-0.0328815
-0.0384808
-0.0352499
-0.0354523
-0.0010909
0.0391604
0.0258760
-0.0377940
-0.0031281
0.0169640
-0.0126494
0.0076609
-0.0051656
-0.0330868
0.0313618
-0.0052033
0.0067477
-0.0099585
0.0115063
0.0147047
0.0182359
0.0048694
0.0053340
-0.0333359
0.0290708
0.0171072
-0.0177151
0.0305687
-0.0332550
-0.0164633
-0.0112754
-0.0135531
0.0265179
-0.0076411
0.0264247
-0.0222876
-0.0371988
-0.0108616
-0.0042186
-0.0129359
0.0249174
-0.0155515
0.0002397
-0.0108435
-0.0183615
-0.0072541
0.0303570
-0.0294855
-0.0132405
0.0050569
0.0108051
0.0145069
-0.0008303
0.0348870
-0.0061984
0.0029726
-0.0123133
-0.0050090
-0.0444751
0.0177404
-0.0082903
0.0225474
0.0136086
0.0151146
0.0683167
0.0475085
0.0056355
0.0331110
-0.0015159
0.0091474
-0.0331715
-0.0341165
-0.0543675
-0.0521379
-0.1236151
-0.1487764
-0.0134971
0.1825195
0.2803281
0.2679190
0.0203099
-0.1743369
-0.2378380
-0.1464550
-0.0296391
0.0191130
0.0105252
0.0185251
-0.0191196
0.0438955
0.0102259
0.0227886
0.0434935
0.0193065
-0.0095183
-0.0155230
0.0107951
0.0176227
0.0199674
-0.0265028
0.0142556
-0.0122626
-0.0443164
-0.0339687
-0.0002306
0.0419251
0.0324014
0.0282564
0.0202223
-0.0041991
0.0106866
-0.0214836
0.0227511
-0.0025369
0.0339904
0.0309898
0.0229698
-0.0413431
-0.0271239
-0.0135037
0.0364418
-0.0052658
0.0087775
0.0135378
-0.0027965
-0.0274355
-0.0332444
-0.0147683
-0.0090473
0.0009411
-0.0003720
0.0284856
-0.0152901
0.0199239
0.0062015
-0.0213961
-0.0383077
-0.0044234
0.0364019
-0.0078263
-0.0329041
-0.0080850
-0.0373104
0.0063215
0.0076501
0.0259321
0.0109466
0.0139557
0.0363216
-0.0170322
-0.0261030
0.0356810
0.0004864
0.0384933
0.0150879
-0.0248554
0.0240011
0.0038918
-0.0094076
-0.0137511
0.0184184
0.0100552
-0.0142758
0.0031779
0.0335172
0.0206019
-0.0200708
0.0233684
-0.0328426
-0.0063775
-0.0341728
0.0190650
0.0148606
0.0281001
-0.0356700
0.0286661
-0.0154331
0.0043842
-0.0040507
0.0357615
-0.0228622
-0.0162839
-0.0187807
0.0042405
0.0055491
0.0304710
-0.0207872
-0.0143503
-0.0067527
-0.0104067
-0.0080860
-0.0251499
0.0381338
0.0054929
0.0357241
-0.0151236
0.0230603
0.0352746
0.0006655
-0.0333504
0.0374226
-0.0330748
0.0336399
0.0380166
0.0242874
-0.0136018
-0.0113602
0.0012540
0.0406040
0.0014537
0.0023614
-0.0160999
-0.0253775
0.0314838
-0.0382574
0.0232520
-0.0343889
0.0182445
0.0216898
-0.0165338
-0.0075974
0.0264470
0.0229495
-0.0175785
0.0269426
0.0473480
-0.0067771
-0.0333977
0.0173554
-0.0122719
0.0038059
-0.0452522
-0.0023372
0.0144676
-0.0206475
-0.0132617
-0.0255780
-0.0087975
0.0291726
0.0349883
0.0402142
0.0281399
0.0513232
0.0060920
0.0075545
-0.0236708
-0.0323657
-0.0324517
-0.0502118
-0.1084264
-0.1374596
-0.0335640
0.1361587
0.2938811
0.2335147
0.1264198
-0.0931415
-0.2178557
-0.1389904
0.0022703
-0.0077819
-0.0057419
0.0200421
-0.0200051
0.0072486
0.0688902
-0.0001870
0.0400787
0.0343792
0.0195810
-0.0032970
0.0350534
-0.0219087
-0.0104764
0.0150549
-0.0526416
-0.0112278
-0.0094641
0.0340584
-0.0319018
-0.0287111
-0.0267878
-0.0125367
0.0187853
-0.0243745
0.0087323
0.0192197
0.0215929
-0.0373020
0.0238434
0.0204494
0.0021967
0.0126621
0.0072243
-0.0321294
-0.0338202
-0.0191161
0.0355582
0.0318337
-0.0032569
-0.0087623
0.0370718
0.0288941
-0.0054895
-0.0132348
-0.0115860
-0.0125338
0.0139661
0.0068390
0.0105971
-0.0247690
0.0039421
-0.0121744
-0.0036588
0.0240436
-0.0287382
0.0384297
0.0310149
0.0141634
-0.0374171
-0.0282133
-0.0339691
-0.0293433
0.0215601
0.0005597
0.0228501
-0.0039753
-0.0104187
-0.0327297
-0.0321832
-0.0180943
-0.0256901
-0.0120386
0.0037835
-0.0113792
-0.0332009
0.0247956
0.0340145
0.0240246
-0.0406553
0.0015413
-0.0359915
0.0066027
0.0324917
-0.0180107
-0.0189005
0.0294029
0.0367136
-0.0285683
-0.0274798
-0.0265756
0.0385671
0.0359924
-0.0236729
-0.0113757
0.0282603
0.0193381
-0.0136888
-0.0258998
-0.0391758
0.0283141
-0.0093487
0.0176569
-0.0251732
0.0242461
0.0179574
0.0160099
-0.0003884
-0.0338407
-0.0375989
-0.0373495
-0.0260726
-0.0191617
0.0127153
0.0335386
-0.0240179
0.0332474
-0.0114753
-0.0057096
-0.0188255
0.0117017
0.0169901
0.0138759
0.0264303
-0.0113382
-0.0042811
0.0053849
-0.0206938
0.0114695
-0.0122704
-0.0199619
-0.0269445
0.0130665
-0.0172047
0.0325155
0.0329375
-0.0065331
-0.0141157
0.0288662
0.0041885
0.0346975
-0.0323880
0.0353638
-0.0427861
-0.0327264
0.0075036
-0.0334061
-0.0298139
-0.0373951
-0.0003433
-0.0304150
-0.0218068
0.0387258
0.0047057
0.0693745
0.0312428
0.0487059
0.0288329
0.0519366
-0.0281146
-0.0352476
-0.0191411
-0.0425400
-0.0933934
-0.1266316
-0.0872389
0.0464113
0.1889314
0.2845522
0.1789773
-0.0159706
-0.1926264
-0.1958861
-0.0840543
0.0550685
0.0342089
0.0227482
