0.0045118
0.0285033
-0.0250152
-0.0607133
-0.1119713
-0.0291543
0.0424106
0.0839856
0.1240170
-0.0107260
-0.0892709
-0.0471330
0.0067233
0.0917385
0.1018817
0.0553663
-0.0430714
-0.0772098
-0.0671417
0.0041434
-0.0212850
-0.0428375
-0.0027204
-0.0045259
0.0152869
-0.0136225
0.0236699
0.0458757
0.0471260
0.0198283
-0.0041520
-0.0028443
-0.0383177
-0.0378483
-0.0431030
-0.0345401
-0.0008722
-0.0069262
-0.0122391
0.0243168
0.0298189
0.0044580
0.0239810
0.0210436
0.0342683
0.0158260
0.0158865
0.0127884
-0.0134575
-0.0049473
-0.0254038
-0.0399653
0.0103636
-0.0386512
0.0186255
-0.0386791
0.0283710
0.0138373
0.0092988
0.0502613
0.0306768
0.0002854
0.0594829
-0.0154723
0.0190457
-0.0283038
-0.0171804
-0.0677700
-0.1144036
-0.0680934
0.0383229
0.1427460
0.1366772
0.0085027
-0.0961193
-0.1163397
-0.0107550
0.1276732
0.1004925
0.0385616
-0.0395323
-0.0441383
-0.0796996
-0.0004635
-0.0070225
-0.0085287
-0.0081659
0.0365115
0.0353676
0.0092977
0.0540210
0.0137925
-0.0052256
0.0095126
-0.0138021
-0.0080816
-0.0058953
-0.0354539
-0.0233112
-0.0032296
-0.0050714
0.0166737
-0.0276274
0.0265882
0.0003902
-0.0174009
-0.0105366
-0.0271366
0.0464949
0.0360395
0.0001606
0.0250210
0.0074164
0.0109584
0.0006402
-0.0197654
-0.0271533
0.0133371
0.0062077
-0.0337474
-0.0043495
0.0020862
0.0429932
-0.0137637
0.0077087
0.0205049
0.0515782
-0.0033732
0.0011201
-0.0431733
-0.0615567
-0.0712251
-0.0631257
-0.0617791
0.0659272
0.0860294
0.0552851
-0.0509094
-0.0927522
-0.0956849
0.0060534
0.1280040
0.0539741
0.0000300
-0.0758150
-0.0892758
-0.0583809
-0.0145116
0.0156941
-0.0386845
0.0134695
0.0167624
-0.0070484
-0.0096575
0.0280693
0.0017614
0.0145866
-0.0332332
0.0241764
-0.0351813
0.0094893
-0.0035190
-0.0280447
-0.0459987
-0.0302525
-0.0016390
0.0295848
0.0402806
0.0010098
0.0224326
-0.0309314
0.0302116
0.0418550
0.0402900
0.0214881
0.0033933
-0.0073484
0.0091908
0.0108225
-0.0338875
0.0020593
0.0191892
-0.0033592
0.0114164
0.0204568
-0.0271575
0.0172460
0.0302497
-0.0061497
0.0052346
-0.0062708
0.0098386
0.0172630
-0.0364186
-0.0709392
-0.0864196
-0.0760789
0.0021448
0.1068784
0.1319995
0.0576870
-0.0890925
-0.1237738
-0.0503262
0.0833813
0.1788633
0.1142735
0.0365576
-0.0288938
-0.0426966
-0.0549064
-0.0083215
-0.0305395
-0.0378967
0.0305564
0.0211317
0.0575324
0.0086818
0.0421994
-0.0133196
-0.0090665
0.0018757
0.0006997
-0.0294176
-0.0130120
0.0081864
-0.0325579
-0.0409028
0.0003287
0.0284950
0.0220013
-0.0252997
-0.0012054
-0.0061515
0.0220563
0.0304048
0.0169226
-0.0230600
0.0105664
-0.0227566
-0.0193082
-0.0129660
0.0228259
-0.0087174
-0.0266769
-0.0059673
-0.0278646
0.0112479
-0.0445563
0.0111285
-0.0340780
-0.0249125
-0.0077393
0.0281814
0.0171312
-0.0057935
0.0399172
-0.0168764
0.0111834
-0.0098973
-0.0585459
-0.1012616
-0.0642419
-0.0253154
0.0784450
0.1366675
0.0013198
-0.0863410
-0.1346150
-0.0246434
0.1114280
0.1285333
0.0982936
-0.0398406
-0.0978649
-0.0848848
-0.0479468
-0.0161706
-0.0014940
-0.0153128
-0.0006624
0.0366883
0.0144880
0.0461579
0.0142425
0.0444413
0.0116237
-0.0131268
-0.0093882
-0.0236717
-0.0405972
-0.0484820
-0.0178178
0.0129538
0.0283303
0.0209184
0.0354150
-0.0202096
-0.0109658
0.0368034
0.0086554
-0.0048156
0.0226591
0.0402118
-0.0026712
-0.0192368
0.0026274
0.0132664
-0.0242913
-0.0369416
-0.0263571
-0.0229652
-0.0330942
-0.0121399
-0.0228932
0.0214396
-0.0051579
0.0380040
-0.0008666
0.0286510
0.0698597
0.0468708
0.0439493
0.0182634
-0.0192824
-0.0270208
-0.1158334
-0.1097165
-0.0169674
0.0803340
0.1310403
0.0372255
-0.0375952
-0.0515092
-0.0423539
0.0202010
0.1190289
0.0297335
-0.0479826
-0.0882882
-0.0476469
-0.0351401
0.0000655
0.0058294
0.0223860
0.0180343
-0.0116067
0.0591484
0.0204573
-0.0080735
-0.0078084
-0.0193739
-0.0084539
0.0085003
0.0050437
-0.0084009
-0.0031746
-0.0037756
-0.0461037
0.0275407
-0.0042530
0.0127442
0.0202332
-0.0170232
0.0333739
0.0270649
0.0162247
-0.0181779
0.0101771
0.0157464
-0.0017709
-0.0096631
0.0273200
0.0015440
0.0218399
-0.0263656
-0.0385928
-0.0450510
-0.0403035
-0.0017730
0.0236385
0.0282494
0.0600366
0.0679363
0.0700160
0.0120190
0.0370912
-0.0391573
-0.0189565
-0.1015304
-0.1188916
-0.0580778
0.0238180
0.1024149
0.1012121
0.0662814
-0.0356207
-0.0309923
0.0242704
0.0822981
0.1049415
0.0496332
-0.0657427
-0.0973980
-0.0811128
0.0009043
0.0180475
0.0282996
-0.0165354
0.0097543
0.0139862
0.0503981
0.0372404
-0.0103588
-0.0129010
-0.0299282
0.0298979
0.0090883
-0.0113572
0.0222041
0.0237471
0.0201004
0.0257943
0.0061390
-0.0191405
0.0070886
-0.0257835
0.0302084
0.0423353
0.0361227
-0.0035083
-0.0267561
0.0168822
-0.0265939
0.0113583
0.0131336
0.0275568
-0.0245400
-0.0328478
-0.0044318
-0.0081696
-0.0285525
0.0211484
0.0205666
0.0424736
0.0449476
0.0079879
0.0213848
0.0340965
0.0007843
0.0350321
-0.0190858
-0.0750565
-0.1040123
-0.0803518
-0.0045783
0.0816092
0.1469405
0.0694056
-0.0886980
-0.0872495
-0.0764527
0.0257468
0.1314495
0.1222857
0.0122551
-0.0341404
-0.0528453
-0.0343724
0.0125444
-0.0332938
-0.0040652
0.0421673
0.0273368
0.0198568
0.0383746
0.0052853
0.0278500
0.0164985
-0.0232783
-0.0323133
-0.0349988
0.0083675
-0.0331478
0.0247799
-0.0331107
-0.0179847
0.0027697
-0.0259323
0.0162321
0.0290280
0.0285143
0.0326693
-0.0293977
0.0121417
0.0318868
0.0265909
-0.0319878
0.0049302
-0.0260518
-0.0181199
-0.0221921
-0.0284185
-0.0225061
-0.0495767
-0.0121737
-0.0029540
0.0375096
0.0329185
0.0439998
0.0228494
0.0214875
-0.0080778
0.0247754
-0.0077592
0.0256420
-0.0452942
-0.0558007
-0.0843276
-0.0758257
0.0284431
0.1235972
0.0836307
-0.0494530
-0.1396214
-0.1101260
0.0145212
0.1506843
0.0773111
0.0400604
-0.0343180
-0.0517632
-0.0128639
-0.0254287
-0.0162898
-0.0211177
-0.0238727
0.0216123
-0.0018708
0.0457508
-0.0106710
-0.0167844
0.0158280
0.0123812
0.0008582
-0.0225784
0.0186150
-0.0024265
0.0113211
-0.0459672
0.0170649
0.0132537
-0.0266394
0.0295785
0.0121916
0.0381224
0.0176252
0.0058737
0.0049937
-0.0176947
0.0370608
-0.0097090
-0.0163923
0.0270630
0.0082235
0.0080744
0.0247318
-0.0154951
0.0192193
-0.0019518
-0.0366694
-0.0242344
0.0363194
0.0195777
0.0164111
0.0262504
-0.0078537
0.0340350
-0.0081829
0.0121423
-0.0128813
-0.0445288
-0.1273070
-0.0926374
0.0621347
0.1212816
0.1325206
-0.0198490
-0.1675509
-0.1092449
0.0164575
0.1074949
0.1446189
0.0213764
-0.0453198
-0.0965722
-0.0662357
-0.0515090
-0.0098921
-0.0292823
-0.0022573
0.0286769
0.0291896
0.0096376
0.0487391
-0.0103028
0.0451570
-0.0193776
0.0019172
-0.0049997
0.0266056
0.0081073
-0.0255199
0.0273805
-0.0433035
-0.0267440
-0.0323161
0.0071735
0.0361294
0.0186272
-0.0133806
0.0014824
0.0084375
0.0239199
0.0190612
0.0394522
-0.0196550
-0.0309457
-0.0345443
-0.0230026
0.0133404
0.0075122
-0.0516751
-0.0033099
0.0130064
-0.0026074
0.0270764
-0.0203340
0.0481061
0.0368050
0.0349825
0.0364006
0.0329527
0.0208039
0.0268771
-0.0372179
-0.0737037
-0.0559377
-0.0638963
-0.0143685
0.0632343
0.1300668
0.0610838
-0.0909047
-0.1159808
-0.0225692
0.0891208
0.1230827
0.0772489
-0.0582115
-0.0619565
-0.0908874
-0.0275267
0.0155987
-0.0222852
-0.0007605
-0.0255600
-0.0001112
-0.0137547
0.0143867
0.0322339
0.0399176
-0.0123299
-0.0114459
-0.0326246
-0.0095450
-0.0281756
0.0235776
0.0038336
-0.0288713
-0.0403187
0.0142519
0.0189839
0.0152016
-0.0187973
-0.0213130
-0.0268691
0.0235929
0.0240790
0.0165252
0.0154769
-0.0002198
0.0198928
0.0265409
-0.0147546
-0.0196553
0.0137079
0.0004596
-0.0272117
0.0023539
-0.0068182
-0.0264565
0.0032398
-0.0114776
-0.0084078
0.0288547
0.0493206
0.0209761
-0.0169925
0.0043438
-0.0015554
-0.0663675
-0.0907199
-0.0963363
-0.0488773
0.0177747
0.0979806
0.1270668
0.0058679
-0.0670256
-0.0218998
0.0618146
0.0553637
0.0710596
-0.0168429
-0.0465477
-0.0527732
-0.0738720
-0.0204704
-0.0245530
-0.0077674
0.0009452
0.0162052
0.0224412
-0.0086393
0.0349756
-0.0182228
0.0001906
-0.0112904
0.0265217
-0.0304100
-0.0180563
-0.0026123
-0.0025162
0.0248861
-0.0000513
0.0320107
0.0334055
-0.0134553
-0.0126052
0.0385937
0.0224595
0.0299579
0.0155153
0.0239858
0.0108312
-0.0345664
0.0146033
-0.0209476
-0.0057261
-0.0167128
0.0168795
-0.0366175
0.0158267
0.0049853
0.0096930
0.0036465
0.0251821
0.0077956
0.0568671
0.0395303
-0.0164740
-0.0125822
-0.0433462
-0.0670397
-0.0846083
-0.0807723
-0.0091693
0.0837762
0.1101947
0.0462052
-0.0188478
-0.0759834
-0.0009768
0.0910209
0.1055016
0.0964592
-0.0327228
-0.0888838
-0.0578040
-0.0294895
0.0117089
-0.0454805
-0.0379604
0.0327588
0.0146752
0.0087600
0.0396365
0.0162719
0.0270181
0.0381207
0.0060844
-0.0099820
0.0160286
-0.0298510
-0.0031598
0.0195253
0.0219442
0.0018271
-0.0129013
-0.0089982
-0.0156446
0.0187802
-0.0037435
-0.0150946
0.0150050
-0.0021589
-0.0116352
-0.0274096
0.0323661
-0.0126556
0.0117971
0.0143006
0.0012434
-0.0161825
-0.0283620
0.0053975
-0.0187255
0.0225378
-0.0107913
-0.0044733
0.0267472
0.0273556
0.0656702
0.0099909
0.0164742
-0.0069225
-0.0380673
-0.0144273
-0.0324366
-0.1251189
-0.0262480
0.0809788
0.1514270
0.0883539
-0.0553205
-0.1175072
-0.1133628
0.0491548
0.1331266
0.1394539
0.0539034
-0.0180059
-0.0748289
-0.0587556
-0.0376187
-0.0424057
-0.0187825
0.0113572
0.0499087
-0.0146164
-0.0063574
0.0129352
-0.0040262
0.0136275
0.0133574
0.0300375
0.0187142
0.0190834
-0.0100958
-0.0298200
0.0000505
-0.0361843
0.0204397
0.0056092
0.0336259
0.0103345
-0.0068004
-0.0127877
-0.0035999
-0.0166018
-0.0287350
-0.0241448
0.0154845
0.0019644
0.0327708
0.0157972
-0.0235211
-0.0352386
-0.0199317
-0.0075554
0.0232533
0.0188723
-0.0239391
0.0434875
0.0113843
0.0497603
0.0189785
0.0009828
0.0235711
-0.0299181
-0.0183083
0.0052422
-0.0689852
-0.0903454
-0.0799355
-0.0048339
0.0585802
0.0984168
-0.0097614
-0.0863657
-0.0155366
-0.0066568
0.0523740
0.0760092
-0.0017632
-0.0500677
-0.0606902
-0.0182347
0.0115238
-0.0344786
-0.0348151
0.0194393
0.0047391
0.0007356
0.0277064
0.0216140
0.0196721
0.0404856
-0.0033439
0.0112051
-0.0217155
-0.0213244
-0.0369419
-0.0049573
0.0004935
-0.0409029
-0.0392217
-0.0247090
0.0051524
0.0094512
-0.0086227
0.0139144
-0.0045434
-0.0108745
-0.0279094
-0.0182584
-0.0021404
0.0144091
-0.0022462
-0.0417440
0.0182222
0.0224409
-0.0136181
-0.0277674
-0.0507931
-0.0271335
-0.0149902
0.0294032
0.0203256
0.0531458
0.0458603
0.0096570
0.0438724
-0.0222928
-0.0316029
0.0213547
-0.0419725
-0.1272779
-0.1155890
-0.0197006
0.0974055
0.1003279
0.0547294
-0.0073584
-0.0607159
-0.0474624
0.0517167
0.0540742
0.0310772
-0.0588082
-0.0524422
-0.0402172
-0.0037601
-0.0031316
-0.0153063
-0.0138880
0.0260459
0.0408802
0.0571364
-0.0004452
0.0206804
-0.0133949
0.0028449
0.0303634
-0.0037261
0.0141775
-0.0285259
-0.0451219
-0.0265567
-0.0441838
-0.0073946
0.0155487
-0.0322821
0.0149225
-0.0205797
0.0072333
-0.0225980
-0.0149650
-0.0176109
0.0132812
-0.0089922
-0.0000695
0.0259108
-0.0386294
-0.0310532
0.0048615
-0.0315705
-0.0154593
-0.0167493
-0.0416030
-0.0263344
0.0019001
0.0002663
0.0141248
0.0302484
0.0040936
0.0592798
0.0068185
0.0299965
-0.0008725
-0.0680149
-0.1021770
-0.0950874
-0.0667284
0.0907082
0.1105726
0.0876612
-0.0642019
-0.1267406
-0.0816143
0.0370531
0.1338332
0.0689014
0.0204170
-0.0462289
-0.0658689
-0.0283211
-0.0472148
-0.0501916
0.0096427
-0.0012440
0.0361790
0.0082301
0.0073289
0.0470429
0.0455789
0.0142617
-0.0363464
-0.0105665
-0.0035934
0.0062368
-0.0454373
0.0141495
0.0123797
-0.0215569
-0.0275552
-0.0251197
0.0354562
0.0283315
-0.0088101
0.0313731
0.0108264
-0.0090622
0.0064329
-0.0239819
-0.0206526
-0.0062446
0.0277530
-0.0046454
0.0129313
-0.0070563
0.0175959
-0.0458768
-0.0245305
0.0126531
0.0099978
0.0388263
-0.0049068
0.0341914
-0.0073492
0.0542003
0.0098134
-0.0381667
-0.0314683
-0.0710141
-0.1181132
-0.0368446
0.0411937
0.1060291
0.0786273
0.0231208
-0.0740542
-0.0625041
-0.0386222
0.1064956
0.0761973
0.0627226
-0.0259583
-0.0441398
-0.0576222
-0.0368935
-0.0288836
-0.0029406
0.0104910
0.0169787
0.0549815
-0.0093748
0.0265464
0.0348445
0.0337589
0.0214991
0.0030081
-0.0323449
-0.0052287
0.0051879
0.0239179
0.0005934
-0.0422994
-0.0120606
0.0038826
0.0170132
-0.0124235
0.0042989
0.0080611
0.0269772
0.0019003
0.0077491
0.0284177
0.0189865
-0.0099031
-0.0055419
-0.0318384
0.0031227
-0.0004288
0.0094068
-0.0073726
-0.0186246
0.0239583
0.0085080
-0.0276441
0.0020410
0.0142183
0.0364130
0.0614121
0.0018770
0.0294915
0.0143760
0.0067851
-0.0644490
-0.0956144
-0.0452576
0.0103895
0.0952670
0.1109281
0.0225075
-0.1309536
-0.1376762
0.0301991
0.0904253
0.0955808
0.0703909
-0.0122423
-0.0644512
-0.0703977
-0.0005694
-0.0540307
-0.0424921
0.0027243
0.0302748
0.0517639
0.0041196
0.0243010
-0.0199655
-0.0061629
0.0381287
0.0352339
0.0039997
-0.0299421
0.0130528
0.0111232
-0.0055421
-0.0400840
-0.0164283
0.0340488
-0.0272094
-0.0112762
0.0070973
-0.0221270
-0.0156974
-0.0070173
-0.0072735
0.0452980
-0.0166954
-0.0172311
-0.0085906
-0.0272321
0.0188474
-0.0130933
-0.0008633
-0.0102586
0.0203774
-0.0006951
-0.0239458
-0.0207716
-0.0164190
-0.0211639
-0.0098419
0.0506982
0.0364920
-0.0035328
-0.0285862
-0.0047913
-0.0045390
-0.0375349
-0.0928118
-0.0638714
-0.0235561
0.1229990
0.1078987
0.0417192
-0.1088870
-0.0742883
-0.0378504
0.0653596
0.0979813
0.0639129
-0.0450914
-0.0794612
-0.0189006
-0.0176420
-0.0372761
0.0039374
-0.0333845
-0.0191486
0.0072502
-0.0069746
-0.0183008
0.0505724
0.0125497
