-0.0215330
-0.0080632
-0.0242121
-0.0218561
0.0019706
0.0183706
-0.0157319
0.0059487
0.0092154
-0.0002231
0.0018904
0.0214733
0.0210662
0.0395653
0.0323919
0.0374451
0.0205566
0.0192277
0.0102071
0.0051201
-0.0114646
-0.0260412
-0.0451760
-0.0042941
-0.0345912
-0.0146745
0.0192450
0.0235783
0.0482603
0.0571067
0.0788632
0.0642576
0.0471846
-0.0041025
0.0008887
-0.0043647
-0.1045257
-0.1565522
-0.1815921
-0.1184213
0.0439035
0.1780059
0.2528806
0.1723627
0.0614423
-0.0585210
-0.1170414
-0.0783483
-0.0885783
-0.0490820
-0.0477664
-0.0207196
-0.0117131
-0.0059425
0.0387514
0.0323968
0.0589498
0.0554277
0.0270255
0.0244564
-0.0152098
-0.0332965
-0.0002743
-0.0099782
0.0019348
-0.0014282
-0.0101843
0.0032361
-0.0138343
0.0215346
-0.0088302
-0.0162830
0.0357985
0.0160446
-0.0028717
0.0193315
0.0022487
-0.0122446
-0.0288007
0.0190734
-0.0314905
-0.0093964
0.0193514
0.0190088
0.0010050
-0.0180719
-0.0058581
-0.0044789
0.0080725
0.0008176
0.0107819
-0.0095838
0.0143627
0.0052339
0.0053764
-0.0252337
-0.0093252
0.0173070
0.0159199
0.0159228
0.0208335
0.0164224
0.0036323
-0.0220078
0.0263786
0.0099265
-0.0176408
-0.0177280
-0.0216826
0.0063198
-0.0078158
0.0186729
0.0066306
0.0216664
0.0094773
-0.0079234
-0.0161147
-0.0069062
-0.0175765
0.0165399
-0.0126972
0.0179119
-0.0211902
0.0183912
0.0066067
0.0262635
-0.0067621
-0.0267222
-0.0253230
-0.0265523
0.0288767
0.0181342
-0.0154148
0.0060760
0.0149324
-0.0003147
0.0154281
-0.0145892
-0.0212744
-0.0055254
0.0223008
-0.0319441
0.0136036
-0.0125852
0.0186901
0.0291686
-0.0064461
0.0351871
-0.0060601
0.0238290
0.0039100
0.0187129
-0.0117547
-0.0247477
-0.0312584
-0.0286786
-0.0402938
0.0023467
-0.0422925
-0.0061560
-0.0003258
0.0010246
0.0276172
0.0278525
0.0531442
0.0648805
0.0369963
0.0255517
0.0173674
0.0100627
-0.0323114
-0.1150709
-0.1684915
-0.1979289
-0.1566993
0.0459331
0.2402451
0.3081947
0.1874353
0.0249887
-0.1512899
-0.1676660
-0.0986191
-0.0608318
-0.0299457
-0.0232279
0.0100136
0.0385403
0.0105195
0.0198829
0.0090479
0.0428875
0.0031875
0.0110006
0.0133993
0.0029740
-0.0263170
0.0010374
-0.0155568
-0.0242651
-0.0234897
-0.0286843
-0.0107357
-0.0128979
0.0289580
0.0068514
0.0144737
0.0304114
-0.0078413
0.0151856
0.0027608
-0.0028153
0.0138500
0.0212634
0.0200515
0.0029797
0.0117940
0.0092762
0.0055788
-0.0257191
0.0101300
0.0003816
0.0307734
-0.0018386
0.0092281
0.0149552
0.0099160
0.0050120
0.0103979
-0.0107341
0.0152577
0.0228462
0.0246540
0.0066575
-0.0001595
0.0185196
0.0117519
0.0192398
-0.0229528
0.0152279
0.0151053
0.0293621
0.0077527
-0.0253624
-0.0216125
-0.0021155
0.0205033
-0.0282079
-0.0252575
-0.0139666
-0.0182959
-0.0173231
0.0281911
-0.0114067
-0.0098983
-0.0022141
-0.0106823
-0.0063594
0.0110467
0.0174176
-0.0076177
0.0142991
-0.0203474
-0.0189353
0.0190030
0.0142122
0.0017964
0.0237861
0.0210755
-0.0026040
0.0171262
0.0201537
0.0260464
-0.0107609
-0.0253266
-0.0141581
-0.0262268
-0.0147741
0.0244686
0.0231589
-0.0115518
0.0112868
0.0262751
-0.0253391
0.0098634
0.0091056
0.0168319
-0.0105311
0.0173066
0.0136624
0.0064478
0.0173818
-0.0211713
-0.0235299
0.0220908
-0.0137790
0.0145345
0.0022176
-0.0003222
-0.0041924
0.0028603
0.0235318
0.0189809
-0.0178400
0.0161144
-0.0219531
-0.0117155
-0.0151562
-0.0073356
0.0159108
0.0079779
0.0110905
-0.0090245
-0.0017079
-0.0283355
-0.0110982
-0.0186159
0.0130208
-0.0227953
-0.0080610
0.0015642
-0.0063447
0.0174111
0.0022944
0.0253284
0.0248388
0.0144427
0.0208200
0.0118633
-0.0074050
0.0126411
-0.0206574
-0.0201694
-0.0270690
-0.0102731
-0.0253869
-0.0253683
0.0272733
0.0042152
0.0109757
0.0113527
0.0104267
0.0093860
-0.0272979
-0.0036677
-0.0000133
0.0264359
0.0147167
-0.0145740
0.0007784
-0.0184581
0.0140657
0.0002670
0.0200496
0.0200111
-0.0219019
0.0103705
0.0235846
0.0051497
-0.0286126
0.0201522
0.0083297
0.0252239
0.0073556
0.0068644
-0.0194284
-0.0208489
-0.0137808
-0.0085703
0.0177320
-0.0253425
-0.0099108
-0.0126550
-0.0173872
0.0206624
0.0066640
-0.0084931
0.0221889
-0.0022410
-0.0181826
0.0266483
0.0044945
-0.0104088
0.0044304
-0.0252070
0.0068751
0.0261833
0.0209800
0.0016603
-0.0300539
-0.0144143
0.0193178
-0.0073511
-0.0176437
0.0100574
0.0106364
0.0017193
0.0130024
-0.0023921
-0.0002012
-0.0201844
-0.0071884
0.0088721
0.0270678
0.0046786
0.0093893
-0.0052038
0.0249055
0.0030290
-0.0039707
-0.0132756
0.0196892
-0.0175745
0.0176731
-0.0203314
-0.0246061
0.0232635
0.0137833
-0.0077108
0.0063252
0.0146449
0.0112857
0.0165606
0.0054489
0.0229357
0.0273711
-0.0004843
0.0263936
0.0261170
-0.0042549
0.0257286
-0.0036819
-0.0196585
0.0030223
0.0002922
-0.0109297
-0.0112714
-0.0024802
0.0103630
0.0194170
-0.0173631
-0.0196622
-0.0011983
0.0366439
0.0231784
0.0304211
0.0259386
-0.0203833
0.0050781
-0.0044075
0.0111568
-0.0394957
-0.0035693
-0.0506094
-0.0374041
-0.0353663
0.0243505
0.0252219
0.0094864
0.0065738
0.0518226
0.0701233
0.0410282
0.0358616
0.0271763
-0.0306878
-0.0618789
-0.0950602
-0.1667140
-0.1777626
-0.0745081
0.1690934
0.3154549
0.3155868
0.0955730
-0.0820581
-0.1860672
-0.1496387
-0.0461580
-0.0178585
-0.0515677
-0.0215236
-0.0211542
0.0485216
0.0414714
-0.0001546
0.0220240
0.0481012
0.0361401
-0.0177947
0.0241494
-0.0133774
-0.0158495
0.0084106
-0.0132895
0.0005178
-0.0158937
-0.0056552
-0.0003646
0.0056148
0.0272034
0.0305839
-0.0148315
0.0086982
0.0090652
-0.0042619
0.0002951
-0.0235211
-0.0226306
-0.0038184
-0.0076919
-0.0187642
0.0084877
-0.0194052
0.0073729
-0.0111369
-0.0242941
-0.0015836
-0.0036526
-0.0115644
-0.0204677
-0.0251226
-0.0177568
-0.0063382
0.0076066
0.0036883
-0.0087359
0.0036685
-0.0225961
0.0166366
0.0063514
-0.0041896
-0.0138795
0.0090433
0.0082867
-0.0223573
-0.0021494
-0.0253175
-0.0233017
-0.0136603
-0.0055876
-0.0076787
0.0147694
-0.0005780
-0.0126775
0.0029353
0.0072634
-0.0143364
-0.0012030
0.0204369
-0.0205665
0.0232982
0.0134233
0.0196673
0.0254679
-0.0192179
-0.0219221
0.0042479
-0.0172961
0.0096888
-0.0000314
-0.0110705
-0.0191074
-0.0002315
-0.0176393
-0.0112612
-0.0135438
-0.0018737
-0.0216231
-0.0154106
0.0094176
-0.0103966
0.0261100
0.0098789
-0.0064839
-0.0033239
0.0234916
-0.0108081
0.0159745
-0.0131340
0.0192394
-0.0192750
-0.0123153
-0.0080338
-0.0267433
-0.0068016
0.0222819
-0.0248881
-0.0255279
0.0106549
-0.0106725
0.0084432
0.0263393
0.0047984
-0.0227026
0.0275315
0.0180229
-0.0100082
-0.0086229
0.0124081
0.0047651
0.0203779
-0.0035092
-0.0129210
-0.0031231
0.0109282
-0.0020991
-0.0177339
-0.0274191
-0.0047017
-0.0046727
-0.0067350
0.0001327
-0.0034566
0.0182874
-0.0122581
-0.0188996
0.0137084
0.0106443
-0.0058855
0.0149240
-0.0090080
-0.0155054
-0.0151742
-0.0305384
0.0187272
0.0078833
-0.0279682
0.0076802
0.0031638
-0.0269054
0.0161944
0.0288767
0.0342045
0.0349963
-0.0106068
0.0060833
-0.0113897
0.0037085
0.0022455
-0.0072263
-0.0155754
-0.0416670
-0.0220820
-0.0346481
-0.0051840
-0.0030965
0.0144081
0.0010351
0.0446747
0.0400002
0.0643863
0.0649448
0.0484637
-0.0052460
-0.0152868
-0.0313633
-0.0931469
-0.1663817
-0.2095577
-0.0792677
0.1139077
0.2978877
0.2625422
0.0896321
-0.1188782
-0.1727612
-0.0884401
-0.0142017
0.0011291
-0.0653785
-0.0110842
-0.0101186
0.0480232
0.0117522
0.0144256
0.0458972
0.0021124
0.0386964
0.0095224
-0.0003446
-0.0253850
-0.0090342
0.0028116
-0.0198119
0.0066026
0.0106687
0.0124969
-0.0147632
0.0250314
-0.0124476
-0.0171354
0.0181574
0.0267861
0.0193112
0.0165757
-0.0073291
-0.0023260
-0.0040921
-0.0119325
-0.0119907
0.0109409
-0.0220459
-0.0276793
-0.0041265
-0.0265115
-0.0238225
0.0040326
-0.0177046
-0.0130966
0.0177790
0.0249469
-0.0153021
0.0027335
0.0132518
-0.0009755
-0.0220560
-0.0146892
0.0226190
0.0134983
-0.0142586
-0.0250371
-0.0072190
0.0185363
0.0037357
0.0082780
0.0053344
0.0181701
-0.0108801
-0.0113046
-0.0263040
-0.0261708
-0.0223013
0.0168134
-0.0063060
-0.0067484
-0.0247089
0.0158682
0.0258408
0.0249139
-0.0029710
0.0220806
-0.0136039
0.0178077
0.0193138
0.0212944
0.0252859
-0.0171250
0.0049172
0.0130758
-0.0128316
0.0236057
0.0021251
-0.0164456
0.0063863
-0.0193905
0.0165973
-0.0151657
-0.0031181
0.0071879
0.0031246
-0.0045180
-0.0019501
0.0165516
-0.0045046
-0.0205322
0.0111229
0.0259070
0.0225160
0.0217682
-0.0133466
0.0042165
-0.0017488
0.0205718
0.0241885
0.0094179
-0.0272604
0.0171207
-0.0220449
0.0075999
-0.0222309
-0.0142845
0.0040786
0.0268468
0.0255424
0.0104495
-0.0104959
0.0070281
-0.0161890
-0.0195693
-0.0082716
0.0253056
-0.0087050
-0.0086227
-0.0132786
-0.0237732
0.0054730
0.0080735
-0.0233934
-0.0204509
-0.0127520
0.0003782
0.0109352
0.0105535
0.0191462
-0.0031542
0.0271668
0.0283596
0.0153554
0.0091490
-0.0277413
0.0227815
0.0038075
0.0040062
-0.0045362
-0.0048196
0.0037407
-0.0128710
0.0305661
0.0150038
-0.0056539
0.0295831
-0.0117548
-0.0155597
-0.0147182
0.0081849
-0.0163720
-0.0326752
-0.0169415
-0.0411512
-0.0574120
0.0016672
-0.0089664
0.0100733
0.0440041
0.0476754
0.0429855
0.0549967
0.0385145
0.0457291
-0.0120658
-0.0152665
-0.0599838
-0.1753840
-0.2037355
-0.1502534
0.0232352
0.2245977
0.3106035
0.2202029
-0.0179326
-0.1459766
-0.1521785
-0.0784442
-0.0183598
-0.0079995
-0.0016303
-0.0032114
0.0075528
0.0300448
0.0456290
0.0215845
0.0195806
0.0372013
-0.0020646
0.0216161
-0.0046778
0.0156515
0.0033412
-0.0175901
-0.0331734
0.0150692
-0.0141598
0.0192936
-0.0248527
-0.0121727
-0.0044545
0.0162135
-0.0195638
-0.0076406
-0.0006980
0.0259917
-0.0113695
-0.0287678
-0.0278540
0.0218791
-0.0153158
-0.0259594
0.0229438
-0.0229111
-0.0140401
-0.0129174
0.0057366
-0.0223957
-0.0129685
-0.0064710
0.0091780
0.0276388
-0.0186178
-0.0125102
0.0176960
-0.0142299
0.0257322
0.0156884
0.0113492
0.0230582
-0.0072881
0.0260042
-0.0285761
-0.0091342
-0.0201436
-0.0266317
0.0255915
-0.0071287
0.0097335
-0.0074265
0.0117105
0.0090476
-0.0000477
-0.0067003
-0.0182579
0.0064707
-0.0112067
-0.0215492
0.0142671
-0.0283024
0.0126808
0.0117280
0.0178583
-0.0115901
-0.0073870
-0.0067024
-0.0052743
-0.0135764
-0.0021757
0.0006836
0.0229845
0.0163660
0.0257797
0.0013425
0.0160088
-0.0279100
0.0220545
0.0142802
-0.0277218
-0.0197210
-0.0045590
-0.0025231
0.0111706
-0.0117908
-0.0276680
-0.0257755
0.0227649
0.0024727
0.0215109
-0.0227508
-0.0184638
-0.0119533
-0.0255050
0.0080496
0.0174406
-0.0102671
-0.0101256
-0.0228981
-0.0066488
0.0187597
-0.0057963
0.0013486
0.0193387
-0.0236422
0.0007629
-0.0009055
0.0198185
-0.0075348
0.0017298
0.0033878
0.0010424
0.0122456
-0.0032222
0.0023622
-0.0165924
-0.0058041
0.0230380
0.0156577
-0.0267730
-0.0225629
-0.0243293
0.0038711
-0.0069419
0.0312183
0.0010027
0.0114464
-0.0050386
0.0154218
-0.0247006
0.0023674
-0.0302609
-0.0212186
-0.0242168
-0.0134960
0.0010343
-0.0270334
-0.0146265
-0.0034010
0.0246664
0.0031651
-0.0077687
0.0290843
0.0396542
-0.0057523
-0.0188998
0.0244037
-0.0003425
-0.0156174
-0.0313470
0.0031250
-0.0247364
-0.0350802
-0.0079136
-0.0005182
0.0273373
0.0437428
0.0100784
0.0419678
0.0428216
0.0435245
0.0151266
0.0113532
-0.0273810
-0.0501122
-0.0944775
-0.1473380
-0.2236424
-0.1178265
0.0614536
0.2777780
0.3419592
0.2139372
0.0108523
-0.1465344
-0.1488615
-0.0717249
-0.0127140
0.0021008
-0.0252736
-0.0284351
0.0282670
0.0551052
0.0231224
0.0393340
0.0250279
0.0295279
0.0403070
-0.0001339
0.0239771
0.0088711
0.0026233
-0.0233636
-0.0169414
-0.0139518
-0.0145646
0.0177008
-0.0085704
-0.0018262
0.0057022
-0.0015271
-0.0002102
0.0029539
0.0030001
-0.0169381
-0.0228081
0.0036450
0.0067105
0.0227967
-0.0223362
-0.0299391
0.0079843
0.0013281
-0.0165070
-0.0036152
0.0044969
-0.0089009
0.0205439
-0.0051721
-0.0205082
0.0153398
-0.0085326
-0.0137201
-0.0204721
0.0172986
-0.0040645
-0.0082116
0.0082325
0.0143814
-0.0151199
-0.0184883
0.0179196
-0.0170807
-0.0174097
-0.0182961
-0.0195098
0.0086084
-0.0207037
0.0166444
-0.0103811
-0.0013264
0.0115483
-0.0264501
0.0235365
0.0199999
0.0173948
-0.0236080
-0.0226787
0.0256511
0.0154839
0.0266606
0.0192791
0.0052877
0.0246366
-0.0187420
-0.0229008
0.0038570
-0.0268748
-0.0129552
-0.0255996
-0.0266008
-0.0189680
-0.0104556
0.0139898
0.0015788
-0.0133584
-0.0163581
-0.0064229
-0.0216808
-0.0187596
-0.0111681
-0.0008599
0.0210435
-0.0137749
-0.0222283
-0.0093522
0.0138374
-0.0203612
-0.0222253
-0.0008859
-0.0158617
-0.0259097
-0.0156038
0.0082467
-0.0068800
0.0152852
0.0173441
0.0099591
0.0256000
-0.0232379
-0.0199208
-0.0165358
0.0011517
0.0266358
0.0078681
0.0167294
-0.0222247
0.0013904
0.0107357
0.0198626
-0.0274695
0.0133220
-0.0279728
0.0002256
0.0197443
0.0028865
-0.0274337
-0.0072246
0.0050156
-0.0085754
0.0098831
0.0038116
-0.0017426
-0.0216985
0.0128007
0.0277258
-0.0120955
-0.0267378
-0.0058843
-0.0063259
0.0104954
-0.0318240
0.0211505
-0.0127446
0.0005934
-0.0095004
0.0241458
0.0168769
-0.0157429
0.0346644
0.0096586
0.0026073
0.0265825
0.0296077
0.0227581
0.0053695
0.0013715
-0.0113240
-0.0102044
-0.0428790
-0.0217466
0.0022810
0.0306078
0.0063877
0.0410293
0.0236262
0.0485199
0.0542505
0.0586442
0.0249360
-0.0315549
-0.0680409
-0.0828763
-0.1892673
-0.2152474
-0.1029091
0.1375600
0.3026385
0.2737709
0.1201492
-0.0591193
-0.1571298
-0.1412442
-0.0627214
0.0033323
-0.0407007
-0.0228088
0.0126761
0.0278245
0.0339216
-0.0019097
0.0357774
0.0111453
0.0274669
-0.0036083
-0.0107271
-0.0216119
-0.0242628
-0.0358279
0.0123952
-0.0193685
-0.0257041
0.0027999
-0.0189642
0.0004561
