0.0396881
-0.0616042
0.0175740
0.0218306
-0.0315549
0.0184411
0.0351609
0.0641013
0.0172174
0.0977013
0.0934750
0.0051191
-0.0214064
-0.0717114
-0.0839501
0.0579333
0.1964467
0.1144615
-0.0345289
-0.2654409
-0.3107835
-0.2307995
0.0845065
0.2453016
0.3423460
0.2411829
0.1082236
-0.0220084
-0.1119654
-0.0794954
-0.1463748
-0.2157121
-0.2914630
-0.2243633
0.0985315
0.4853459
0.5743948
0.3261315
-0.0464737
-0.3527986
-0.3206696
-0.1496373
-0.0050422
0.0177700
-0.0423707
0.0321756
0.0479534
0.0296973
0.0160250
0.0362922
0.0380792
0.0024942
-0.0116084
-0.0543870
-0.0272185
-0.0617075
-0.0577128
0.0246399
0.0370095
0.0355080
-0.0335427
0.0474256
0.0131921
0.0340043
-0.0330465
0.0482897
-0.0370801
-0.0254627
-0.0140526
0.0258788
0.0174421
0.0025637
0.0380086
0.0083648
0.0124668
-0.0300953
0.0016808
0.0070362
-0.0362481
0.0113983
-0.0411446
-0.0376317
-0.0210261
-0.0195448
0.0260506
-0.0240779
-0.0174639
-0.0097063
0.0187949
0.0185761
0.0080958
0.0347451
0.0119694
0.0573840
0.0606422
0.0270772
-0.0219581
-0.0562995
-0.0524694
-0.0726068
-0.0698714
-0.0092738
-0.0269715
0.0079849
0.0584443
0.0520087
0.0160984
0.0228254
-0.0222542
-0.0387052
0.0109370
0.0277619
-0.0001080
-0.0014073
0.0233664
-0.0615665
-0.0479497
-0.0432956
0.0184844
0.0243341
0.0172197
-0.0385764
0.0222169
0.0095313
0.0294617
0.0569938
0.0659487
0.0131470
-0.0289486
-0.0733357
-0.0997068
-0.1159159
-0.0205101
-0.0461714
-0.0264833
0.1403601
0.1991193
0.1707619
-0.0956708
-0.2653217
-0.1599724
0.0723039
0.1546156
0.0810388
0.0257379
-0.0191061
-0.0269753
0.0279718
-0.0316061
0.0085281
-0.0182004
-0.0279442
0.0306551
-0.0077702
-0.0513121
-0.0342209
-0.0025477
0.0142167
-0.0143991
-0.0454395
-0.0514199
-0.0089608
0.0125926
0.0360610
-0.0325221
-0.0181315
-0.0046051
0.0087050
-0.0515095
0.0274824
0.0335866
0.0063464
-0.0313434
0.0149762
0.0401683
0.0194719
-0.0071725
-0.0237790
0.0106826
-0.0255132
0.0193883
0.0140598
0.0319178
0.0316045
-0.0431817
0.0312467
0.0263931
0.0086021
-0.0082129
-0.0073140
0.0237897
-0.0316384
0.0064969
0.0549415
-0.0127849
0.0174776
-0.0075111
-0.0135169
-0.0734704
-0.0555928
0.0207764
0.0070216
0.0486208
-0.0273191
0.0059523
0.0679429
0.0714160
0.0696878
0.0615980
0.0122457
-0.0541111
-0.0855925
-0.0496785
-0.0908948
-0.0142802
-0.0389522
0.0342342
0.0432710
0.0568137
0.0676096
-0.0205466
-0.0116597
-0.0057242
-0.0221090
0.0629846
0.0128672
0.0442960
0.0134070
-0.0240404
-0.0200975
-0.0976600
-0.1385331
-0.1207387
-0.1146951
-0.0192902
0.3179034
0.5039678
0.3735305
0.0683239
-0.3007976
-0.4250510
-0.2488947
-0.0779685
0.0257580
0.0415743
0.1053897
0.1563946
0.1808653
0.0866640
0.0504918
-0.0432113
0.0079501
-0.0556738
-0.0081746
-0.0721595
-0.0542575
0.0035367
0.0318853
-0.0126179
-0.0169214
-0.0201339
0.0589953
0.0095797
-0.0280284
-0.0004083
-0.0085622
-0.0346253
-0.0316327
0.0348456
0.0003365
-0.0153554
-0.0082904
0.0294352
-0.0364456
-0.0510803
-0.0041356
0.0094435
0.0367161
-0.0033311
0.0448195
0.0011930
0.0523368
-0.0245203
-0.0201636
0.0159217
-0.0043127
0.0388192
-0.0423508
-0.0119676
-0.0395399
-0.0060579
0.0155129
0.0429161
-0.0522447
-0.0293452
0.0000017
0.0280332
-0.0140135
-0.0354492
-0.0534645
0.0433502
-0.0092516
0.0545816
-0.0038685
0.0572580
0.0129720
-0.0005994
-0.0231436
0.0474975
0.0313872
-0.0330163
-0.0292281
-0.0389908
-0.0269966
0.0133591
-0.0449049
-0.0517271
0.0499547
-0.0407438
-0.0245724
0.0748609
0.0183970
0.0476590
0.0709306
0.0493833
-0.0246137
-0.0162522
-0.0717316
-0.0519873
-0.0545622
-0.0387251
-0.1340126
-0.1671521
-0.1014326
0.1589779
0.3762927
0.4195690
0.0473075
-0.2925825
-0.3517487
-0.2513710
-0.0345275
-0.0206136
0.0042427
0.0317983
0.1264613
0.0861971
0.0761717
-0.0341219
-0.0002724
-0.0282182
-0.0374781
-0.0295801
-0.0463375
-0.0213863
-0.0309712
0.0166450
0.0210600
-0.0369490
-0.0193452
0.0243885
-0.0142458
0.0454907
-0.0165058
0.0344797
0.0536423
-0.0201883
0.0236606
-0.0394634
0.0323101
-0.0442212
-0.0024566
0.0145737
0.0501587
0.0109325
-0.0258043
-0.0166054
0.0431019
-0.0207000
0.0159051
-0.0362109
0.0083721
0.0344413
-0.0295707
-0.0321157
0.0317152
0.0188598
-0.0220311
0.0356381
-0.0236097
-0.0067043
-0.0086038
0.0447644
0.0473557
0.0149844
-0.0074325
-0.0335716
0.0065249
-0.0203684
0.0118256
-0.0492941
-0.0113417
-0.0005653
-0.0343404
0.0351395
-0.0029866
0.0000639
0.0369778
-0.0407396
0.0399521
0.0417147
0.0168220
-0.0433739
-0.0401640
-0.0237287
0.0254950
0.0209344
0.0536926
-0.0257012
0.0104764
-0.0792938
-0.0349609
-0.0633029
0.0349687
0.0324873
0.0638456
0.1139229
0.0289342
0.0031533
-0.0733291
-0.0005161
-0.0687792
-0.1071955
-0.2172387
-0.0783554
0.1760587
0.3476680
0.3430701
0.0571728
-0.1936978
-0.2122525
-0.1143898
-0.1267533
-0.1144496
-0.1146386
0.0346785
0.1729545
0.1976777
0.0260797
0.0175040
-0.0121691
-0.0379255
0.0152669
-0.0666881
0.0093130
0.0106499
-0.0434250
-0.0394231
0.0027620
0.0014619
0.0094005
0.0118302
-0.0137812
0.0336017
-0.0189894
0.0489808
0.0013667
0.0094800
0.0120366
0.0456543
0.0440960
-0.0500767
-0.0247536
-0.0200266
-0.0147139
-0.0134989
0.0368888
-0.0194935
0.0037912
-0.0280131
0.0465255
-0.0351021
0.0333978
-0.0317645
0.0054183
0.0111241
0.0331178
-0.0228080
-0.0415997
-0.0468464
0.0201086
-0.0265190
0.0082803
0.0120293
-0.0012043
0.0236325
-0.0325087
-0.0135277
-0.0341493
0.0235751
0.0411998
-0.0259030
0.0076993
0.0234866
0.0200351
-0.0243872
0.0520141
0.0342348
-0.0238162
0.0348791
-0.0318630
0.0474347
-0.0446677
-0.0428278
0.0314453
-0.0038746
-0.0516131
0.0089626
-0.0030068
0.0197548
0.0277378
0.0676094
0.0795523
0.0052508
0.0043624
0.0737260
-0.0011641
-0.0093566
0.0040283
-0.0590464
-0.0706192
-0.1077184
-0.1291500
-0.1187388
-0.0503491
0.1865745
0.2989553
0.1847894
-0.0799709
-0.2343652
-0.1220527
0.0680903
0.0844885
-0.0181930
-0.0875528
-0.0595278
0.0289057
0.0079388
-0.0306209
-0.0564830
0.0894383
0.0440856
0.0573102
0.0303543
0.0317818
0.0430525
-0.0059257
0.0154805
-0.0527714
-0.0074240
-0.0373635
-0.0237757
-0.0046632
-0.0482912
-0.0199415
-0.0046418
-0.0018829
-0.0132150
0.0058118
0.0076190
0.0092304
0.0314769
-0.0368592
0.0024749
0.0294450
-0.0467068
0.0333744
0.0455601
-0.0459971
0.0439648
-0.0226865
0.0266118
-0.0249171
0.0470989
0.0197789
-0.0377616
0.0498381
-0.0496521
0.0372126
-0.0151819
-0.0265279
-0.0078726
-0.0202421
0.0207129
0.0181115
-0.0401100
-0.0293125
0.0086825
-0.0336668
0.0082805
-0.0386288
0.0038088
-0.0091715
-0.0510740
-0.0455858
0.0206224
0.0017024
0.0450971
0.0264099
-0.0117554
-0.0313142
-0.0268810
0.0355200
0.0132024
-0.0319912
-0.0214477
0.0363254
-0.0505930
-0.0525133
-0.0000261
-0.0257824
0.0123518
-0.0189310
0.0042904
0.0177249
-0.0137295
-0.0001261
-0.0325633
-0.0330784
0.0155673
-0.0072077
-0.0395894
-0.1383030
-0.1187133
0.0521943
0.3098534
0.3895837
0.0390807
-0.1948241
-0.2751998
-0.1390244
0.1233079
0.1694681
0.0970471
0.0032251
-0.0103917
-0.0934913
-0.0995998
-0.0835157
-0.0159275
0.0757828
0.0712157
0.0479849
0.0593441
0.0166268
0.0020136
0.0088986
0.0232959
-0.0067508
-0.0160961
0.0191505
-0.0381838
0.0461841
0.0135577
-0.0339188
-0.0164117
0.0125644
0.0381100
0.0464967
-0.0265366
-0.0495012
-0.0499678
-0.0448138
0.0129544
-0.0377894
-0.0479663
-0.0042769
-0.0435967
-0.0428709
0.0349415
0.0204791
0.0304286
-0.0515047
-0.0394816
0.0064995
-0.0396444
-0.0022895
-0.0422080
-0.0023212
-0.0063917
-0.0172269
0.0040268
0.0262217
-0.0421506
0.0304001
0.0311600
-0.0146780
0.0462250
0.0303198
-0.0061079
-0.0135317
-0.0070264
-0.0151918
-0.0392135
0.0223712
0.0089662
-0.0309341
0.0564272
-0.0224030
-0.0009567
-0.0470549
0.0087076
-0.0089064
0.0434232
-0.0079059
0.0380159
-0.0572974
0.0043294
0.0168409
-0.0148950
-0.0540101
-0.0132238
-0.0130655
0.0528502
0.0015215
0.0494405
0.0680976
0.0218754
0.0215643
0.0085918
-0.0465907
-0.0703305
-0.0936753
-0.1929411
-0.0585216
0.1591442
0.3256303
0.1615824
-0.1433618
-0.3566268
-0.1075773
0.1950517
0.2447057
0.0824169
-0.0861011
-0.0593037
-0.0749156
-0.0447871
-0.0544316
-0.0268848
0.0006239
0.0320847
0.0187406
0.0501914
0.0572705
-0.0052478
0.0523766
0.0078231
0.0332167
-0.0283518
-0.0117368
-0.0514926
-0.0425291
0.0415740
-0.0032940
-0.0361914
0.0236578
-0.0415879
0.0085672
-0.0159625
0.0228551
0.0280403
-0.0370936
0.0205110
0.0172058
0.0325204
-0.0386437
-0.0297956
0.0218381
-0.0280010
0.0243604
0.0428694
-0.0055468
0.0456670
0.0274746
-0.0096350
-0.0079676
0.0309564
0.0231583
0.0118859
-0.0415351
-0.0140494
0.0222790
0.0257163
-0.0405157
-0.0562807
0.0311451
-0.0342635
0.0288456
-0.0239730
-0.0067820
0.0351659
0.0518100
0.0224822
0.0358548
0.0087763
-0.0202594
0.0008981
0.0161714
0.0467747
0.0119823
0.0433618
-0.0376588
-0.0397499
-0.0022402
0.0248595
-0.0519321
0.0337051
-0.0461561
0.0396775
-0.0064669
-0.0345909
-0.0082445
0.0245823
0.0253981
0.0531017
0.0026931
0.0578018
0.0293033
-0.0616569
-0.0116743
-0.0857276
-0.1281407
-0.1930613
0.0016044
0.2899348
0.3903970
0.1247436
-0.1296378
-0.2858249
-0.1010422
0.0563534
0.0963646
0.0715935
-0.0515960
0.0046328
-0.0551239
-0.0422689
-0.0223319
-0.0660568
0.0254777
0.0052490
0.0254144
0.0164982
-0.0273617
0.0488565
0.0087776
-0.0654439
-0.0501874
-0.0519102
-0.0228065
-0.0459599
-0.0427423
0.0315410
-0.0072747
0.0564332
-0.0263314
-0.0104416
-0.0020337
-0.0252379
0.0305233
-0.0224705
-0.0499020
-0.0411690
0.0441373
-0.0396540
0.0394941
-0.0202042
0.0510647
0.0335021
0.0022106
-0.0319463
-0.0447268
0.0092301
0.0341621
0.0360129
-0.0367492
-0.0095940
0.0298218
0.0335581
0.0226447
0.0414073
0.0097956
0.0435529
0.0049348
-0.0184689
-0.0095450
-0.0565708
0.0174412
0.0066024
-0.0207902
-0.0477246
0.0093119
-0.0374582
-0.0097735
-0.0157492
0.0103568
-0.0439719
-0.0520171
-0.0325814
0.0452459
-0.0210178
0.0134446
-0.0140068
0.0224445
-0.0395516
-0.0174485
-0.0126073
-0.0045537
0.0043887
0.0555081
0.0403432
0.0027151
-0.0273162
-0.0115664
0.0276281
-0.0249047
0.0238656
-0.0789159
0.0231980
-0.0082472
-0.1119776
-0.1500926
-0.0888945
0.1652358
0.3134159
0.3062988
0.0552270
-0.3722878
-0.3689119
-0.1851449
0.1677246
0.1738151
0.1482808
-0.0217291
-0.0123182
-0.0013545
-0.0409359
-0.0676677
-0.0373247
0.0230175
0.0836402
0.0762531
0.0646268
0.0058813
0.0374443
-0.0509160
-0.0032702
-0.0122344
-0.0389111
-0.0057037
-0.0215073
0.0496895
-0.0383950
-0.0215088
-0.0087790
0.0349521
-0.0197318
0.0014927
0.0121209
-0.0165448
0.0098478
0.0334892
-0.0448307
0.0300571
0.0464121
0.0441587
-0.0297608
-0.0463912
0.0513395
0.0272814
0.0390840
0.0077640
0.0036976
0.0397340
-0.0155380
-0.0139769
0.0078998
0.0018398
0.0349009
-0.0460670
0.0161842
0.0074014
0.0499220
0.0006240
-0.0219674
0.0197181
0.0414620
0.0301812
-0.0004247
0.0183614
0.0238555
0.0291364
-0.0214879
-0.0395347
0.0418001
0.0198720
-0.0063256
-0.0023339
-0.0216570
0.0004599
0.0337542
0.0240224
0.0183240
-0.0553276
-0.0176113
-0.0142156
-0.0399047
0.0417542
0.0424463
-0.0233046
-0.0009050
-0.0254837
0.0457655
0.0715552
0.0042306
0.0394173
-0.0463825
-0.0187231
-0.0022977
-0.1036905
-0.0942506
-0.1675878
-0.1654652
0.1612871
0.4712622
0.3965367
0.0378542
-0.3550311
-0.3764301
-0.2561350
0.1167569
0.1550635
0.1740734
0.0308155
-0.0259562
-0.0633080
0.0112795
-0.0269170
0.0083525
-0.0034287
-0.0029206
0.0254942
-0.0127899
0.0574348
-0.0019095
0.0596385
0.0431328
-0.0536096
-0.0627224
-0.0376115
0.0356648
-0.0438153
0.0343115
0.0191738
-0.0332290
-0.0132911
0.0452906
0.0571072
-0.0193057
-0.0250501
0.0462667
-0.0439672
0.0136501
-0.0188559
0.0454451
0.0453808
-0.0451109
-0.0234552
-0.0222547
-0.0510509
0.0275479
0.0521069
0.0337842
0.0251986
-0.0097180
0.0540930
0.0114683
-0.0290135
-0.0442975
-0.0097017
0.0414967
-0.0207479
-0.0080896
0.0298948
0.0027579
0.0183993
0.0255814
0.0328152
-0.0001778
0.0307595
0.0009285
0.0177096
-0.0346969
-0.0434107
-0.0201337
0.0454121
0.0493176
0.0403669
0.0000999
0.0252752
0.0489829
0.0414270
0.0337021
0.0155562
0.0276549
-0.0414820
0.0038251
-0.0542683
-0.0523858
-0.0071567
0.0173525
0.0046813
-0.0016200
0.0406967
-0.0014110
0.0204266
-0.0552895
-0.0806583
0.0034925
-0.0157960
-0.1426791
-0.1371464
-0.0823882
0.1422047
0.4130198
0.3394713
0.0306921
-0.4016335
-0.4654664
-0.1634511
0.1564989
0.2558289
0.1572433
0.0164300
-0.0256231
-0.0836740
-0.0812392
-0.0164331
-0.0506397
0.0559776
0.0525242
0.0339125
0.0230187
0.0173330
0.0396216
-0.0401817
0.0148889
-0.0343094
0.0196358
-0.0596154
0.0176589
-0.0234965
0.0220415
0.0354580
0.0187585
-0.0426169
-0.0339818
-0.0382745
0.0330548
-0.0342511
0.0103101
0.0147602
-0.0287871
0.0395831
-0.0386125
0.0451217
-0.0001621
-0.0224242
0.0269357
0.0341815
-0.0339388
-0.0282638
0.0043000
-0.0338611
-0.0081926
0.0441086
-0.0419983
0.0411120
-0.0074465
-0.0326925
-0.0318259
-0.0040629
-0.0030181
-0.0311266
0.0190540
-0.0213635
0.0340451
-0.0498351
-0.0194938
0.0449920
0.0021080
-0.0402480
0.0100994
0.0572132
0.0107888
-0.0036833
0.0279440
-0.0035831
-0.0246809
0.0197988
-0.0475687
0.0084707
-0.0126450
0.0084124
0.0069549
-0.0088903
-0.0234877
-0.0237606
0.0214490
0.0102397
0.0201032
-0.0298416
0.0082814
-0.0034549
0.0712206
-0.0169996
-0.0442509
-0.0141057
-0.0814204
-0.0518483
-0.1015531
-0.1233442
-0.0806070
0.1539610
0.3891887
0.3353292
-0.0667154
-0.3124014
-0.3251725
-0.1335357
0.0885337
0.1474240
0.0273101
-0.0052916
0.0030041
0.0103721
-0.0725639
-0.0670981
0.0238292
