0.0412097
0.0202241
-0.0012603
-0.0144693
0.0206603
-0.0111133
-0.0548781
0.0307322
-0.0580913
0.0125088
0.0348531
0.0380344
0.0465251
-0.0198208
-0.0069192
-0.0308161
0.0099476
0.0354617
-0.0539392
-0.0539395
0.0403799
-0.0011204
0.0301925
-0.0288512
0.0141864
-0.0471293
-0.0208326
-0.0410345
-0.0499682
-0.0192894
-0.0478181
0.0099239
0.0437755
0.0468361
-0.0075954
-0.0451821
0.0128742
0.0320442
-0.0317760
0.0139887
-0.0140384
-0.0015047
-0.0224454
-0.0297681
0.0354504
-0.0467054
-0.0039463
0.0177284
0.0081381
-0.0193758
0.0109127
0.0493757
-0.0411878
0.0276626
0.0359613
0.0020682
0.0627862
-0.0345255
-0.0009205
-0.0000928
-0.0161020
-0.0831414
0.0059464
-0.0688634
0.0262178
0.0400521
0.0052210
0.0302168
0.0800813
0.0166702
0.0820334
0.0308416
0.0620293
-0.0184831
-0.0290049
-0.0301657
-0.0997699
-0.1202712
-0.0672034
0.0098014
0.0547861
0.0204905
0.0326467
0.0089458
-0.0333697
-0.0245284
0.0898045
0.2156403
0.1689963
-0.0164552
-0.2279822
-0.3576042
-0.2574776
0.0030247
0.1436441
0.1866987
0.1880335
0.0731497
0.0709613
-0.0047522
0.0034247
-0.0317028
-0.0532675
-0.1090513
-0.0053559
-0.0106519
-0.0392260
-0.0210448
0.0343516
0.0182689
0.0771215
0.0190098
-0.0029966
0.0613933
0.0359429
-0.0232825
0.0436485
-0.0504090
0.0341741
-0.0144009
0.0327760
0.0313670
-0.0380926
-0.0041668
-0.0216784
0.0156034
-0.0012083
-0.0301503
-0.0074540
0.0477116
-0.0290406
-0.0486746
0.0108915
-0.0297821
-0.0293872
-0.0331586
-0.0277830
0.0390663
0.0169195
-0.0115162
0.0385465
-0.0443327
-0.0121520
0.0492386
0.0079020
0.0565248
-0.0177703
0.0036828
-0.0067183
-0.0206035
0.0197998
-0.0123888
-0.0342117
-0.0560819
-0.0404618
-0.0535945
-0.0094580
-0.0095977
-0.0345570
0.0478000
0.0043422
0.0021011
0.0320752
-0.0409859
0.0360532
-0.0001239
-0.0344779
-0.0014977
-0.0595931
-0.0231643
-0.0041764
-0.0454687
0.0520737
-0.0061280
0.0372415
0.0024289
0.0749468
0.0707585
0.0079530
-0.0427857
-0.0591887
-0.0528275
-0.0556567
-0.1096298
0.0030030
0.0133024
0.0410120
0.0181451
0.0715750
0.0519175
0.0398212
-0.0437036
-0.0400815
0.0164714
0.0736313
0.0596361
0.0044506
-0.0845291
-0.2320657
-0.2026835
-0.1052750
0.0885599
0.0951313
0.1406198
0.1351735
0.0715126
-0.0335974
-0.0032143
-0.0950559
-0.0690306
-0.0706592
-0.0572871
-0.0364605
0.0076774
-0.0279670
-0.0161847
-0.0183748
0.0308856
-0.0232279
0.0661757
-0.0302115
0.0393950
-0.0245843
0.0151226
-0.0276554
0.0123185
0.0329208
-0.0082318
-0.0344095
0.0389412
0.0193903
-0.0360271
0.0520867
-0.0112479
-0.0069670
-0.0154372
-0.0272169
0.0358258
-0.0423565
0.0191137
-0.0147319
0.0023375
-0.0236639
0.0063825
0.0203105
-0.0167081
0.0451086
-0.0537412
-0.0058766
0.0412120
-0.0281412
-0.0428178
0.0082559
0.0135556
-0.0255767
0.0501505
0.0345035
-0.0190785
-0.0173774
0.0070001
0.0142093
0.0252902
-0.0288889
-0.0200664
0.0307867
0.0220462
0.0503441
0.0437655
-0.0379314
-0.0176532
0.0417072
0.0094789
0.0466062
-0.0184201
0.0531266
-0.0418968
-0.0485492
-0.0092685
0.0261025
-0.0265625
0.0015204
-0.0476361
-0.0211927
0.0137369
0.0047421
0.0592114
-0.0028075
0.0663928
0.0060877
-0.0051311
-0.0705718
-0.0393026
0.1124921
0.1212368
0.0967223
-0.0734678
-0.1337550
-0.1385427
-0.1337153
0.0107143
0.0598872
0.0900263
0.0477907
0.0355319
0.0686385
-0.0555526
0.0100673
-0.0208379
-0.0715320
-0.0634618
-0.0297891
-0.0038002
-0.0516273
0.0282799
0.0245035
0.0164720
0.0505501
0.0229916
0.0420999
0.0616244
-0.0150971
-0.0316282
0.0210714
0.0367644
-0.0367758
0.0093860
-0.0372941
-0.0545604
0.0415995
0.0215305
0.0395223
0.0442016
-0.0474331
-0.0100700
-0.0266964
0.0020305
-0.0386503
0.0006320
-0.0504436
-0.0522383
0.0456783
-0.0362738
-0.0051229
-0.0048360
-0.0001495
0.0288821
-0.0081615
-0.0246239
0.0288519
-0.0375757
-0.0296087
0.0554337
-0.0460707
0.0284252
0.0034867
0.0303610
-0.0403095
-0.0408733
-0.0437162
0.0122562
-0.0560606
0.0123428
0.0314675
0.0499380
0.0533963
0.0592998
0.0180166
0.0303923
0.0058755
0.0037808
0.0122858
0.0102253
-0.0602312
-0.0461012
0.0071246
-0.0054580
-0.0455989
-0.0449274
-0.0196508
-0.0000069
0.0258116
0.0313083
0.0297341
0.0042045
-0.0410160
-0.0256713
0.0467077
-0.0387180
0.0312692
0.0537316
-0.0381103
-0.0448101
-0.0155780
-0.0496379
-0.0655017
-0.0648083
-0.0657481
-0.0197105
0.0625924
0.0777825
0.0462098
0.0180882
-0.0481318
0.0423836
0.1369744
0.2402258
0.1034315
-0.0975683
-0.3066316
-0.3214812
-0.2505287
0.0621742
0.1525816
0.2491823
0.1606622
0.1221946
-0.0221188
0.0272385
-0.0451623
-0.0843516
-0.0748807
-0.0269688
-0.0906379
-0.0714939
0.0319999
0.0307699
-0.0250489
0.0431269
0.0049688
-0.0181263
-0.0021532
0.0412359
-0.0457855
0.0305430
0.0236907
-0.0523063
-0.0346640
-0.0060319
0.0353581
-0.0106242
-0.0584672
-0.0033725
-0.0414767
0.0158029
0.0309195
-0.0439808
0.0317904
0.0084907
0.0461101
-0.0053204
-0.0327136
-0.0481648
-0.0313638
0.0083834
0.0010607
-0.0438532
-0.0215243
0.0419884
-0.0182769
-0.0429843
-0.0413962
-0.0455527
0.0245864
0.0438335
-0.0337426
-0.0029799
-0.0134932
-0.0193287
-0.0525302
-0.0101696
-0.0461109
0.0010811
-0.0000369
0.0390090
0.0032271
-0.0008233
-0.0158926
-0.0491979
-0.0100101
-0.0303620
-0.0614302
-0.0249267
-0.0360460
0.0160353
0.0683026
-0.0128065
-0.0084427
-0.0015974
-0.0104010
0.0130744
0.0086697
-0.0203818
-0.0858548
-0.0386920
-0.0484789
0.0415171
-0.0194997
0.0533634
0.0003222
0.0264372
-0.0253472
-0.0025297
0.0267349
-0.0050482
0.0420532
0.0199228
-0.0387804
0.0070546
-0.0772539
-0.0058924
-0.0550973
-0.0294751
0.0307628
-0.0147600
0.0166621
0.0745310
0.0550739
-0.0515926
0.0005670
0.0260366
0.1156608
0.1008331
0.0131737
-0.1356898
-0.3452034
-0.2729025
-0.1292507
0.1017351
0.2433666
0.2117683
0.1436188
0.0323314
0.0276177
-0.0508721
-0.0624502
-0.0412193
-0.0174143
-0.0786019
-0.0449004
-0.0481216
0.0383865
0.0096494
0.0330267
0.0567747
0.0116251
0.0335100
0.0441162
-0.0155793
0.0299710
-0.0502140
-0.0561174
-0.0432646
-0.0460661
0.0353113
-0.0152176
0.0103090
0.0229395
0.0015486
-0.0092899
0.0122117
0.0233500
0.0021022
0.0548134
0.0101426
-0.0079880
-0.0264218
-0.0558849
0.0158731
0.0001264
0.0380938
-0.0135725
0.0281932
0.0175703
0.0288912
0.0546445
-0.0073920
-0.0089759
0.0213547
-0.0259126
0.0112112
-0.0218182
-0.0478651
0.0298984
0.0299984
-0.0233668
0.0382410
-0.0009888
-0.0478050
-0.0083287
0.0436552
-0.0477641
-0.0350523
-0.0057582
-0.0337777
0.0405186
-0.0342081
0.0381938
0.0288937
0.0076336
-0.0025138
-0.0293501
-0.0117395
-0.0357665
0.0414437
-0.0478959
0.0178304
0.0033678
-0.0017684
-0.0286976
0.0624292
0.0495771
0.0322630
0.0494257
-0.0111206
-0.0141114
-0.0210714
-0.0570568
-0.0506372
0.0158343
-0.0421670
0.0264854
0.0773055
0.0280352
0.0877331
0.0275930
-0.0474993
-0.0215217
-0.0964538
-0.0358667
0.0240792
0.0808987
0.0134745
0.0514573
-0.0477167
-0.0701419
-0.0780492
0.0043489
0.0320952
0.0913613
0.0412232
0.0134827
-0.0576683
0.0206877
-0.0276902
-0.0256285
0.0317183
-0.0470755
0.0236307
0.0366256
0.0095672
-0.0149167
0.0013472
0.0314655
-0.0358612
-0.0500821
0.0319678
-0.0183614
0.0262373
0.0227366
0.0347812
0.0033762
-0.0000001
0.0283066
0.0109857
-0.0500986
0.0409909
-0.0395846
0.0208104
0.0030584
-0.0067075
-0.0063603
0.0537644
0.0104370
0.0348420
-0.0307116
-0.0010822
-0.0180649
0.0362003
-0.0015808
-0.0069216
-0.0498097
-0.0578450
-0.0545158
0.0433138
-0.0486250
-0.0067604
-0.0276655
-0.0401806
-0.0321248
0.0201592
-0.0165568
0.0151568
0.0114206
-0.0283321
0.0518637
0.0013302
-0.0487170
0.0007264
-0.0169019
-0.0326708
-0.0456890
-0.0529715
-0.0214009
-0.0348583
0.0007995
-0.0363447
-0.0199706
0.0077697
0.0515505
0.0441402
0.0450311
0.0289925
0.0268155
-0.0971704
-0.0651675
-0.1703020
-0.1393120
0.0018449
-0.0023466
0.0631666
0.1168682
0.0665969
0.0784109
-0.0084618
-0.0339789
-0.0562248
-0.0312940
0.0749170
0.0422933
-0.1624785
-0.1862940
-0.1668064
-0.0699967
0.0520833
0.1254791
0.1708342
0.0827026
0.0551817
0.0205020
0.0142737
-0.0560032
-0.0822956
-0.0616183
-0.0861676
-0.0838428
-0.0079149
-0.0492260
-0.0010656
-0.0089840
0.0620185
0.0423204
0.0658175
-0.0287289
0.0130398
-0.0371203
0.0264953
-0.0559715
-0.0491350
0.0223458
-0.0609156
0.0298543
-0.0154003
0.0318238
0.0056937
0.0317682
-0.0147577
0.0507853
-0.0379626
-0.0140395
0.0174765
-0.0147395
-0.0015212
-0.0204467
-0.0534817
0.0386342
-0.0244002
-0.0446426
0.0127042
-0.0456894
-0.0359413
0.0496320
0.0143572
0.0120132
0.0317571
-0.0251010
0.0110684
0.0114022
-0.0441452
-0.0182773
0.0360633
0.0281314
0.0040434
0.0381147
0.0034775
0.0338240
0.0469644
-0.0174983
0.0257037
0.0339588
-0.0391211
0.0211744
-0.0527567
-0.0430978
-0.0366628
-0.0463188
0.0131566
0.0142560
0.0013964
0.0077678
-0.0210505
0.0627833
0.0802937
0.0837841
0.0719214
-0.0070008
0.0183071
-0.0398214
-0.1012802
-0.0856830
-0.0497533
-0.0592772
-0.0197166
0.0585858
0.0650240
-0.0052572
0.0158809
0.0776889
0.0561531
-0.0690529
-0.0726418
0.0332141
0.1089880
0.1980900
0.1205670
-0.0604550
-0.3473280
-0.3432057
-0.1279560
0.0783121
0.2017530
0.2478873
0.2008751
0.1215426
0.0344600
0.0322121
-0.0276176
-0.0658399
-0.0290055
-0.0906299
-0.0828732
-0.0047250
-0.0196909
0.0193228
0.0375939
-0.0211629
0.0716168
-0.0014325
0.0489582
-0.0015102
0.0365097
0.0068720
-0.0292702
-0.0156332
0.0261583
-0.0161799
0.0401461
0.0165450
-0.0519983
0.0513975
-0.0023580
-0.0352459
-0.0320079
0.0028571
-0.0289243
0.0498464
-0.0442204
0.0441458
0.0251121
-0.0296622
0.0451378
-0.0347598
-0.0487122
0.0342808
-0.0053620
-0.0434041
0.0336435
-0.0150710
0.0107653
-0.0497694
-0.0346703
0.0006533
0.0239374
-0.0088188
-0.0408669
0.0250053
0.0306907
0.0106077
0.0370225
-0.0137828
-0.0047511
-0.0223180
-0.0482281
-0.0401798
0.0308382
0.0374254
-0.0266256
0.0626868
-0.0027123
-0.0381725
0.0125825
-0.0343656
-0.0626597
-0.0684829
-0.0356092
-0.0213794
0.0308680
0.0341845
-0.0278601
-0.0179248
-0.0043577
-0.0221994
0.0056453
0.0135484
0.0215993
0.0119845
-0.0222251
-0.0252883
0.0609071
0.0160223
0.0358008
0.0588719
0.0373502
0.0154135
-0.0549602
-0.0392642
-0.0325576
-0.0319130
-0.0125756
-0.0356096
0.0251747
0.0880334
0.0472474
-0.0124097
-0.0656927
-0.0521457
0.0646425
0.1980356
0.1772948
0.0257235
-0.2439228
-0.3082546
-0.2968563
-0.0861093
0.1918425
0.2406109
0.1844650
0.1087230
0.0776181
-0.0204459
-0.0393221
-0.0758610
-0.0871166
-0.0203301
-0.0613875
0.0085745
0.0265890
0.0371418
0.0230518
0.0354098
-0.0178933
0.0410871
0.0306805
-0.0347927
-0.0124985
-0.0350494
-0.0437928
-0.0112446
-0.0035456
-0.0341503
0.0179415
-0.0305786
0.0324216
0.0348766
-0.0074922
-0.0377758
0.0329256
-0.0035962
0.0379293
0.0374022
0.0152265
-0.0218242
-0.0116962
0.0083110
0.0328945
-0.0182625
-0.0148536
-0.0069368
0.0282177
-0.0367233
-0.0072827
-0.0533197
-0.0438582
0.0548840
-0.0036357
-0.0093847
0.0278155
-0.0148161
0.0517542
0.0074265
-0.0309361
-0.0285451
-0.0493727
-0.0251324
0.0308578
-0.0378198
0.0448495
-0.0297665
0.0029535
0.0071180
-0.0199883
0.0166246
0.0278426
0.0439105
0.0035905
-0.0338740
-0.0467547
-0.0587090
-0.0235989
-0.0042005
-0.0248025
-0.0317936
0.0236488
0.0661753
0.0201080
0.0603471
0.0036616
0.0438129
0.0779560
0.0457767
0.0144398
0.0016792
-0.0208365
-0.0524017
-0.0027061
-0.0459400
-0.0454254
-0.0318981
0.0121904
0.0750471
0.0756036
0.1062949
0.0770153
-0.0414096
-0.0185894
-0.0265866
0.0076813
0.0167428
-0.0990144
-0.1397974
-0.2003942
-0.1186626
0.0475735
0.1614466
0.0712649
0.0749130
0.0084353
0.0410461
-0.0302973
-0.0219385
-0.0853571
-0.0063229
-0.0520786
-0.0718873
-0.0147959
0.0374918
0.0486592
0.0551257
0.0263862
-0.0156824
0.0363386
0.0315206
-0.0153381
0.0456564
0.0120691
-0.0331129
0.0099226
-0.0244795
0.0218274
0.0099483
0.0143896
0.0367489
-0.0281296
-0.0166560
0.0436819
-0.0044488
0.0164368
-0.0107050
-0.0444668
0.0196593
0.0170172
0.0185610
-0.0447438
-0.0091806
-0.0341220
0.0214756
0.0237829
-0.0193955
-0.0426654
-0.0436461
0.0183287
0.0164258
0.0409938
-0.0290112
0.0044431
-0.0047422
0.0296171
-0.0411522
0.0005733
-0.0301344
-0.0146065
-0.0172493
-0.0532014
-0.0378137
0.0219955
-0.0535411
0.0111065
0.0205085
-0.0290090
0.0526260
0.0486278
0.0239864
0.0251985
-0.0091164
-0.0068983
-0.0480858
0.0029952
-0.0361780
-0.0458966
-0.0337209
-0.0443256
-0.0217235
-0.0460273
0.0181625
0.0553102
0.0036948
0.0263762
0.0364915
-0.0257313
-0.0388995
-0.0518286
-0.0275193
-0.0482553
-0.0179010
0.1074026
0.1071358
0.1017360
0.0051096
-0.0666324
-0.1380181
-0.1364661
-0.0424234
0.0088656
0.0165446
0.0995407
0.0283089
-0.0347112
-0.0556297
-0.0559245
-0.0245069
-0.0033953
-0.0544986
-0.0257873
0.0094054
-0.0178193
0.0224902
0.0524336
-0.0003595
0.0484723
0.0028980
-0.0111577
-0.0134090
-0.0270974
-0.0406108
-0.0139000
-0.0284977
-0.0072376
-0.0510417
-0.0268071
-0.0603763
0.0023439
-0.0307923
0.0014373
-0.0128376
0.0367388
-0.0173300
0.0020382
0.0262329
0.0311686
-0.0486873
-0.0035613
-0.0444922
-0.0018273
0.0084982
-0.0087960
0.0146444
-0.0511323
0.0137296
0.0387503
-0.0362035
0.0034975
-0.0169232
-0.0372195
-0.0214765
-0.0353217
0.0608370
0.0481128
0.0247293
0.0137567
-0.0284106
-0.0044816
-0.0023857
-0.0320444
-0.0163407
-0.0191717
-0.0483123
-0.0398923
0.0416922
-0.0290296
-0.0147427
0.0880422
0.0584425
0.0645000
0.0756350
-0.0165655
-0.0650265
-0.0872229
-0.1309948
-0.0818602
-0.0707087
-0.0239637
0.0613365
0.0164722
-0.0073532
0.0047345
0.0453028
-0.0317951
0.0315547
-0.0075044
0.0549616
-0.0227528
