0.1133642
-0.0114441
0.0034655
0.0183306
0.0288576
0.0709932
-0.0592257
0.0357970
-0.0572891
-0.0801200
-0.0546211
0.0064297
-0.0283629
-0.0014165
-0.0552211
0.0594616
0.0199588
0.0784507
0.0768542
-0.0110653
0.0272606
-0.0436806
0.0005702
0.0321716
0.0393115
0.0351204
0.0240563
0.0480418
0.0577486
-0.0439358
0.0004892
-0.0587287
-0.0098451
0.0543692
-0.0219594
0.0307763
-0.0195323
0.0493845
0.0580294
-0.0495713
-0.0739656
-0.0633902
0.0498514
0.0509189
-0.0353323
0.0645868
0.0027483
-0.0159364
-0.0165537
-0.0077039
0.0388603
-0.0147655
0.0105515
0.0045228
-0.0431994
0.0283665
-0.0209065
-0.0085896
0.0089770
-0.0416924
0.0490907
0.0180816
0.0276295
-0.0250290
-0.0106591
-0.0170310
0.0751386
0.0615288
-0.0169602
0.0409557
-0.0038183
-0.0183920
-0.0377208
0.0376148
0.0307962
0.0030338
-0.0806590
0.0340496
-0.0015933
-0.0591470
-0.0210410
0.0767889
0.1121969
0.0432597
0.0032034
0.0779921
-0.0094695
0.0260759
0.0186129
-0.1219711
-0.2147520
-0.2138925
-0.2311047
-0.1429903
-0.0513482
0.0448833
0.3294132
0.5950443
0.5143750
0.2201133
-0.0867611
-0.4078511
-0.5377064
-0.3281574
-0.2279495
-0.0934379
-0.0050540
0.0841137
0.2139706
0.2475107
0.2099222
0.1250804
0.0362204
-0.0811542
-0.0808152
-0.1021709
-0.0952842
-0.0543490
-0.0894612
-0.0066008
0.0073435
-0.0458296
0.0820838
0.0334447
-0.0122760
0.0632784
0.0900495
0.0000806
-0.0147379
-0.0179304
0.0092196
-0.0038909
-0.0663820
0.0177920
0.0077015
0.0171222
0.0130788
-0.0497119
-0.0540456
-0.0444729
-0.0482813
0.0768287
-0.0422871
0.0460652
0.0047018
-0.0364525
0.0658521
0.0152023
0.0354724
-0.0135390
-0.0383908
0.0550744
0.0558430
0.0386025
0.0241628
0.0359469
0.0729926
-0.0315788
0.0345594
0.0624835
0.0456283
-0.0161082
-0.0613132
-0.0171275
0.0239299
0.0141946
-0.0045534
0.0572418
-0.0685018
-0.0707500
-0.0130700
-0.0395603
0.0055319
0.0230617
0.0319254
0.0135496
0.0630535
0.0217952
0.0525276
0.0651716
0.0014427
-0.0237900
0.0369384
-0.0473285
-0.0274955
0.0507604
-0.0449755
0.0158577
0.0416383
-0.0083175
-0.0163330
0.0143983
0.0758920
0.0035443
0.0268808
0.0693358
0.0119860
0.0240885
0.0067632
-0.0643824
-0.0482776
-0.0523377
-0.0174864
0.0047203
0.0215357
0.0456632
-0.0182855
0.1120440
0.1211206
0.1031134
0.0833485
0.1364935
0.0146477
-0.0354764
-0.0752614
-0.1337285
-0.1619707
-0.2064350
-0.1718763
-0.1695257
0.0645484
0.1713537
0.4334646
0.5588596
0.4296198
0.0174524
-0.3289100
-0.4024189
-0.3591096
-0.2485255
-0.1573346
-0.1062520
0.0520850
0.2036069
0.1980974
0.2013765
0.2341751
0.1498389
-0.0487371
-0.0907432
-0.0382017
-0.1258618
-0.0615878
-0.0741577
-0.1250181
-0.0088935
-0.0845755
-0.0412095
0.0700352
0.0545957
-0.0016878
-0.0128977
0.0501456
0.0830155
-0.0305326
-0.0111861
-0.0671371
-0.0660186
-0.0560809
-0.0280734
-0.0810964
0.0034609
-0.0168674
0.0668084
-0.0438897
0.0367346
-0.0408061
-0.0472619
-0.0431467
0.0160466
-0.0141433
-0.0113584
-0.0139527
-0.0029101
0.0460615
-0.0112557
-0.0183370
-0.0792518
0.0568248
-0.0689542
-0.0219843
-0.0540488
-0.0238850
0.0060556
0.0214152
0.0103057
0.0004464
0.0100906
0.0295709
-0.0439460
-0.0403987
-0.0661525
-0.0510833
-0.0232091
-0.0264276
-0.0162581
-0.0324184
0.0130036
-0.0021354
0.0429751
-0.0358292
0.0209409
-0.0167266
-0.0327940
-0.0264572
-0.0315789
-0.0076970
0.0153106
-0.0714541
-0.0208774
-0.0545015
-0.0650772
0.0164115
-0.0541508
-0.0375691
-0.0199078
0.0266404
0.0242366
0.0338953
0.0630589
0.0181674
-0.0442441
-0.0862952
-0.0111062
-0.0665465
0.0008238
0.0106518
0.0535560
0.0420590
0.0710782
0.0759001
0.0292118
0.0066965
0.1000152
0.0938271
0.0888125
0.0578180
-0.0232531
-0.1064469
-0.1966621
-0.2275791
-0.3018875
-0.1447705
-0.0979628
0.0815679
0.3677962
0.6446839
0.5677895
0.1805236
-0.2492401
-0.4241476
-0.4886997
-0.3007631
-0.1982991
-0.1149382
-0.0105426
0.0650713
0.3050193
0.3119938
0.2110543
0.1987409
-0.0113607
-0.0594385
-0.1048665
-0.0638907
-0.1874699
-0.1195091
-0.0913346
-0.0023845
0.0308512
0.0641921
0.0226468
0.1191437
0.1343771
0.0832581
0.0734117
0.1020899
0.0141169
0.0697283
-0.0245657
0.0385356
-0.0765118
-0.0238986
0.0274870
-0.0182074
0.0067569
-0.0156627
-0.0140445
0.0195982
0.0392742
0.0301520
-0.0367036
-0.0370899
0.0232709
-0.0213979
0.0206847
-0.0531809
-0.0128527
0.0479530
0.0004726
-0.0446663
0.0602368
-0.0452518
0.0161936
0.0170957
-0.0250823
0.0349527
0.0613264
0.0510847
0.0022380
-0.0363391
-0.0621487
0.0019813
0.0427601
-0.0599991
-0.0301907
0.0241938
-0.0387385
0.0594629
-0.0218010
0.0035580
-0.0101429
-0.0394974
0.0359019
0.0229134
0.0471411
0.0359708
-0.0256365
-0.0301914
-0.0015472
0.0226306
0.0336309
-0.0237669
0.0442065
0.0551889
-0.0255875
0.0509055
0.0798282
0.0211314
-0.0062075
-0.0438101
0.0314199
0.0311740
-0.0423593
0.0653442
-0.0611885
-0.0866980
-0.0075053
0.0255518
-0.0156998
-0.0218290
-0.0052878
-0.0347800
0.0520140
0.0117063
0.1083945
0.0374463
0.1040904
0.0600498
0.0210464
0.0320851
0.0669596
-0.0472463
-0.1278323
-0.2350261
-0.2509430
-0.2227874
-0.0861255
-0.0064683
0.1559584
0.4828129
0.5381722
0.5057470
0.0948395
-0.2841256
-0.4546152
-0.4666213
-0.2495506
-0.1000874
-0.0236584
-0.0030367
0.2135266
0.2793367
0.2191061
0.1973695
0.1493926
0.0235446
-0.0627729
-0.0474640
-0.0309906
-0.0801849
-0.1270802
-0.1505808
-0.0930613
-0.0325557
-0.0458963
0.0317113
0.0546540
0.0494450
0.1096847
-0.0105288
0.0555305
-0.0322126
0.0445322
-0.0581946
-0.0073288
-0.0199217
-0.0890361
0.0320821
-0.0232614
-0.0230988
0.0599484
0.0328127
0.0015569
0.0253448
-0.0021720
-0.0011559
0.0723506
-0.0049705
0.0490476
-0.0029961
-0.0607012
0.0289710
-0.0774683
0.0105882
0.0402780
0.0187934
-0.0446606
0.0680031
-0.0179246
0.0347167
0.0020768
-0.0356295
-0.0120487
-0.0211484
0.0187989
-0.0689678
0.0332927
-0.0553818
-0.0070331
0.0331003
-0.0719733
-0.0624758
0.0457276
-0.0385118
0.0290698
0.0145238
0.0317543
0.0584570
-0.0401973
0.0007489
0.0692660
0.0536068
-0.0514732
-0.0010161
-0.0298433
-0.0475053
-0.0297465
-0.0378031
-0.0713991
-0.0645012
-0.0576258
0.0269691
-0.0234250
0.0906138
-0.0252731
-0.0148341
0.0715809
0.0502295
-0.0687582
-0.0845504
-0.0046057
-0.0023044
-0.0919103
-0.0102053
-0.0558430
-0.0484853
0.0418013
0.0074730
0.0926277
0.0289756
0.0425544
0.0072477
0.1052969
0.1168925
-0.0452823
-0.0608619
-0.1657316
-0.1635265
-0.2277632
-0.2373243
-0.0715782
-0.0508298
0.1975933
0.5197502
0.5953947
0.3642183
-0.0754610
-0.4190833
-0.6165276
-0.5026491
-0.2177949
-0.1194073
-0.0098128
0.0995353
0.1242609
0.2114371
0.2383470
0.0900180
0.1038252
0.0047775
-0.0885175
-0.0369758
-0.1629452
-0.1364012
-0.0554748
-0.1050621
0.0274195
-0.0430072
0.0406155
0.0464141
0.0191856
0.0264799
0.0710723
-0.0191568
-0.0035749
-0.0068862
-0.0523340
-0.0090652
0.0392223
0.0350937
-0.0309647
0.0209064
0.0294324
0.0184074
-0.0485238
-0.0266519
-0.0365088
-0.0424765
0.0122961
-0.0354008
0.0392588
0.0257679
-0.0652231
-0.0391695
-0.0086472
0.0001502
0.0176574
0.0591391
0.0039663
-0.0050112
0.0107966
-0.0075360
-0.0512711
0.0716803
-0.0019226
0.0140419
-0.0121307
0.0198106
-0.0179394
0.0442428
-0.0572103
0.0640823
0.0416118
0.0376118
-0.0331408
0.0354557
-0.0407999
-0.0087178
-0.0216718
-0.0263350
0.0262671
-0.0102784
0.0626503
0.0743990
0.0001958
0.0658001
0.0287809
0.0498873
0.0535187
0.0404558
0.0208528
-0.0399016
-0.0299514
-0.0480511
-0.0367795
-0.0406642
0.0473800
0.0211761
-0.0425405
-0.0476192
0.0346464
0.0290641
-0.0445030
0.0385666
-0.0048125
0.0326170
-0.0698728
-0.0893255
-0.0568285
-0.0160239
0.0285269
-0.0656333
0.0013987
0.0798491
0.0354848
0.1095347
0.1142163
0.0772760
0.0351382
0.0407588
0.0071410
-0.1092178
-0.2100791
-0.2100348
-0.1706078
-0.2009955
-0.1667178
0.0532629
0.2843915
0.6512718
0.5811203
0.2338472
-0.2087527
-0.4533365
-0.5883332
-0.3764613
-0.0972877
0.0489581
-0.0044231
0.0575717
0.1581027
0.1811996
0.1470467
0.1485737
0.0069613
0.0042704
-0.1298626
-0.1283327
-0.1218883
-0.1368325
-0.0637642
-0.0940105
-0.0715979
0.0069759
-0.0065692
-0.0143310
0.0525222
0.0153442
-0.0212162
0.0266510
0.0148504
-0.0436507
-0.0023161
-0.0846157
-0.0709466
-0.0928975
0.0018863
-0.0382055
-0.0661825
-0.0293066
-0.0353749
0.0098645
0.0651972
-0.0114505
0.0333239
0.0213937
0.0658726
-0.0374909
0.0066907
0.0010101
0.0519345
-0.0135183
0.0203010
0.0176035
0.0003226
-0.0497159
-0.0441647
-0.0353293
-0.0304382
0.0130519
0.0194179
0.0695020
0.0193102
-0.0662982
-0.0372499
-0.0602168
-0.0313191
0.0008121
-0.0644551
-0.0492416
-0.0210422
-0.0362901
-0.0455141
-0.0193839
0.0702362
-0.0203399
-0.0491948
-0.0597800
0.0403496
-0.0388804
-0.0286426
0.0262425
0.0220657
0.0041266
-0.0518983
0.0504884
0.0019099
-0.0157731
0.0634981
0.0085022
0.0564496
0.0689539
0.0383453
-0.0526855
-0.0161320
0.0579646
0.0570314
-0.0168583
0.0188221
-0.0552841
0.0363546
-0.0672870
-0.0601522
-0.0192746
0.0462060
-0.0509077
-0.0114672
0.0505852
0.0979149
0.1077393
0.0845078
0.1136441
0.0860293
0.0026379
-0.0179521
-0.0608445
-0.1559920
-0.2692403
-0.1341522
-0.1453745
-0.1722189
0.0384686
0.3101924
0.6187110
0.5659149
0.3138864
-0.1119557
-0.4192220
-0.5401175
-0.4119242
-0.2038544
-0.0927873
0.0702841
0.1105165
0.1232947
0.1858885
0.2623609
0.0643087
0.0160562
0.0108044
-0.1015456
-0.0514302
-0.0866006
-0.1284110
-0.0959128
-0.0613480
0.0385190
0.0416772
0.0262545
0.0515080
0.0738656
0.0720202
0.1153781
0.0008752
0.0029118
-0.0119332
-0.0555522
-0.0204692
-0.0243405
-0.0987654
-0.0974760
0.0294340
-0.0188385
0.0207832
-0.0320541
-0.0164125
0.0061705
-0.0220956
0.0565185
0.0217159
0.0214786
0.0036134
0.0397745
-0.0158011
-0.0196268
-0.0731810
0.0204761
0.0148681
0.0042914
0.0445818
-0.0010963
0.0159831
0.0221582
-0.0250118
0.0338836
-0.0468668
-0.0364635
-0.0580926
-0.0388773
-0.0046203
0.0403900
-0.0230657
-0.0282156
0.0522708
-0.0199934
-0.0453171
-0.0222019
-0.0432054
0.0331824
0.0274257
0.0601295
0.0246392
0.0524520
-0.0429132
0.0064489
0.0191740
0.0335447
-0.0143355
0.0043509
-0.0867388
-0.0660554
-0.0042868
0.0346933
0.0881952
0.0550514
0.0418090
0.0848256
0.1317775
0.0214299
0.0463710
-0.0686520
-0.1521368
-0.1572161
-0.1626953
-0.1543074
-0.1722243
-0.1276149
0.0811649
0.2173730
0.4502661
0.5270065
0.3731880
-0.0614086
-0.4577075
-0.6338121
-0.4591480
-0.1406366
-0.0408123
0.1663500
0.1343983
0.1833634
0.2534830
0.1188873
0.0889087
-0.0039094
-0.0545739
-0.0706343
-0.1279292
-0.0977255
-0.1741209
-0.0116848
-0.0087510
0.0527098
0.0733276
0.0040195
0.0742298
0.0358406
0.0429252
0.0052047
0.0043127
0.0718880
0.0725957
0.0062417
0.0417160
-0.0442008
0.0212505
-0.0205879
-0.0875343
-0.0237329
0.0394963
0.0000581
-0.0422846
-0.0560806
-0.0259456
-0.0433394
0.0261901
0.0574184
-0.0293692
-0.0532405
0.0648545
-0.0578563
0.0417406
0.0480299
-0.0373267
-0.0348799
-0.0218383
-0.0611665
0.0568092
0.0476196
0.0414555
-0.0176348
0.0354649
0.0428494
-0.0438294
0.0065849
-0.0030810
-0.0676079
-0.0637239
0.0286443
0.0049908
-0.0704453
0.0335569
0.0235538
-0.0502275
-0.0068479
-0.0698571
0.0470519
-0.0429598
0.0553406
0.0202040
-0.0171662
-0.0104159
-0.0408191
0.0131801
0.0336653
0.0541414
-0.0253751
-0.0596142
0.0215603
0.0479820
-0.0227875
0.0100585
0.0128024
0.0467080
0.0182161
0.0676454
0.0445330
0.0391658
0.0705795
-0.0218322
0.0236882
-0.0158623
0.0343876
0.0065635
0.0528246
-0.0478679
0.0546597
-0.0589613
-0.0198570
0.0106609
0.0034664
-0.0342500
-0.0549867
-0.0028938
-0.0356468
-0.0398151
0.0514363
0.0237392
-0.0015883
-0.0639918
-0.0524788
0.0085675
-0.0448322
0.0132047
0.0004996
-0.0815466
-0.0636005
-0.0754251
-0.0360413
-0.0213706
0.0647558
0.1091465
0.0219837
0.0431906
0.0785536
0.0093585
0.0877874
-0.0593271
-0.1112402
-0.1798962
-0.1818320
-0.1778158
-0.1548180
-0.1403794
0.0371055
0.2217069
0.4303422
0.5139065
0.2657431
-0.1939382
-0.3983550
-0.5452613
-0.3262699
-0.1684397
0.0645465
0.0189315
0.1258739
0.1678607
0.2547503
0.2395241
0.0679986
-0.0596226
0.0277437
-0.0947002
-0.1077191
-0.0767025
-0.0151434
-0.0114598
-0.0717966
-0.0213705
-0.0469177
-0.0384845
0.0741833
0.0505557
0.0051932
0.0362425
0.0437029
0.0838663
-0.0535380
0.0240691
-0.0695900
-0.0623101
-0.0409575
-0.0165661
-0.0250709
-0.0748571
0.0623450
-0.0454952
0.0420942
0.0408781
-0.0032326
0.0356660
0.0421313
-0.0350834
0.0439268
0.0585423
0.0017284
0.0579006
-0.0010556
-0.0653005
-0.0516200
-0.0158797
0.0158558
0.0638074
-0.0167575
-0.0434191
0.0715720
-0.0419847
0.0142613
-0.0615912
0.0546161
0.0037792
-0.0142015
-0.0369469
0.0188674
-0.0666814
0.0382470
0.0381902
0.0202201
0.0210322
-0.0328074
-0.0120518
-0.0281104
0.0307703
-0.0646021
-0.0316083
-0.0591157
-0.0068485
0.0322282
-0.0305421
0.0145375
0.0094657
-0.0596439
-0.0545757
-0.0543498
0.0510334
0.0161781
-0.0085354
0.0641545
0.0448214
-0.0267032
-0.0192115
0.0063134
0.0371191
-0.0553492
-0.0834170
0.0316898
-0.0135602
-0.0962482
-0.0466521
0.0319627
-0.0092585
-0.0402370
-0.0238183
0.0872271
0.1198236
0.1102136
0.0538879
0.0960496
-0.0332231
-0.0727883
-0.0963728
-0.1525988
-0.1550821
-0.1397612
-0.1010305
0.0154124
0.2398470
0.4581651
0.6252304
0.4320737
0.0272483
-0.4342522
-0.5284977
-0.4448692
-0.1543114
-0.0767465
0.0412227
0.1332598
0.2000354
0.2907196
0.2599244
0.1461792
-0.0044386
-0.0111826
0.0017692
-0.0786213
-0.1282335
-0.1109986
-0.0846612
-0.0471301
0.0333111
-0.0793310
0.0249698
0.0774775
0.0630273
-0.0164154
0.0370240
0.0025789
