0.0012832
0.0095601
0.0364890
0.0401217
-0.0344882
0.0105281
-0.0067013
0.0361357
-0.0455358
0.0519500
-0.0392912
0.0319281
0.0022614
-0.0223653
0.0519456
0.0171257
-0.0274462
-0.0167874
0.0303444
-0.0440651
0.0144984
-0.0558378
-0.0120862
-0.0441404
0.0172502
0.0256625
0.0460232
-0.0405447
-0.0091479
0.0301184
-0.0021273
-0.0362518
-0.0379749
-0.0409355
-0.0430329
-0.0264157
-0.0109186
-0.0435560
-0.0534605
-0.0183193
0.0151626
-0.0422868
0.0046424
0.0001599
-0.0001596
0.0165613
-0.0091107
0.0385944
0.0464102
0.0589302
-0.0297035
0.0430411
-0.0570177
0.0355171
-0.0165418
0.0159503
0.0142045
-0.0524209
-0.0094345
-0.0554998
0.0348685
-0.0428736
0.0337397
-0.0193731
-0.0457539
-0.0061583
0.0559588
-0.0191109
0.0557201
0.0223824
0.0512581
0.0512946
-0.0141120
0.0338335
-0.0500607
0.0298085
-0.0336642
-0.0245410
-0.0225979
-0.0171951
0.0410994
-0.0071226
-0.0450237
-0.0336701
-0.0479238
-0.0054290
-0.0438586
-0.0102968
-0.0017657
0.0277764
-0.0314214
-0.0335824
0.0398099
-0.0462774
0.0038659
-0.0369049
0.0222135
0.0444508
0.0347631
0.0058240
-0.0088882
0.0360287
-0.0138709
-0.0504000
0.0367229
-0.0296791
-0.0598178
0.0050522
0.0508611
0.0406417
-0.0305546
0.0250054
0.0567973
0.0528847
-0.0400138
-0.0131897
-0.0093917
-0.0207240
0.0523620
-0.0260846
0.0525565
0.0558475
-0.0065190
-0.0040899
0.0299301
-0.0521097
0.0180073
0.0037523
-0.0571001
-0.0202900
0.0373571
0.0372475
-0.0428061
0.0231602
0.0232997
-0.0462102
-0.0384613
-0.0057100
0.0180812
0.0176071
0.0169929
-0.0254295
-0.0316937
0.0414230
-0.0432576
-0.0198741
0.0365769
0.0445321
0.0367698
-0.0423915
-0.0360554
-0.0177233
-0.0131766
0.0534528
0.0434829
0.0215984
-0.0030855
0.0009333
-0.0024108
-0.0230362
0.0133157
0.0516917
0.0628749
0.0098061
0.0555757
-0.0461126
-0.0151955
-0.0261182
0.0389691
0.0444737
-0.0567122
0.0195599
0.0163769
0.0429148
0.0333282
0.0252975
0.0562901
-0.0034063
-0.0126329
0.0404235
0.0146514
-0.0095221
0.0397225
-0.0738862
-0.0672291
-0.0222329
-0.0753498
-0.0637794
0.0286081
-0.0187713
0.0233671
0.0685459
0.0645927
0.0386222
0.1015165
0.1028762
0.1066606
0.0253518
0.0170593
-0.0306840
-0.1376526
-0.1210429
-0.1468869
-0.1441336
-0.1941921
-0.0717827
0.0564412
0.2997894
0.5278454
0.4766992
0.2137874
-0.1603750
-0.4880431
-0.6481028
-0.3682378
-0.1133472
0.0894561
0.2312536
0.1269988
0.1706131
0.1094813
0.1243308
-0.0093283
-0.0137235
-0.0607154
-0.0905114
-0.0562944
-0.0836308
-0.1010111
-0.0082448
-0.0655866
-0.0494094
-0.0273056
0.0376616
0.0416458
0.0575383
-0.0047124
0.0693758
0.0564409
-0.0345840
0.0086106
-0.0090390
-0.0698827
0.0002377
0.0358592
0.0076641
0.0314936
0.0323202
-0.0503445
-0.0155100
-0.0085141
-0.0390883
-0.0407413
-0.0134100
-0.0389529
-0.0532672
0.0100809
0.0298108
0.0510310
-0.0355240
0.0054756
-0.0252750
-0.0502310
0.0420250
-0.0247082
-0.0224995
-0.0272338
0.0238262
0.0055207
0.0328285
0.0319768
-0.0470301
-0.0182955
0.0133099
0.0060719
0.0089962
0.0523027
-0.0240093
-0.0511853
-0.0403483
-0.0414698
-0.0524315
-0.0458915
0.0293446
-0.0254325
0.0205397
0.0387334
-0.0191605
0.0197246
-0.0165664
0.0081511
0.0216151
-0.0035282
0.0037337
0.0320554
-0.0240169
0.0395371
0.0360237
-0.0256623
0.0143583
-0.0563136
-0.0398406
0.0507892
-0.0323941
0.0366782
0.0428617
-0.0386425
0.0322943
0.0084705
-0.0289926
-0.0591846
0.0007272
0.0120287
-0.0202337
-0.0132668
-0.0114469
-0.0190973
-0.0259429
0.0551730
-0.0316705
0.0424542
0.0307773
-0.0345204
0.0060009
0.0075778
-0.0169743
0.0148622
-0.0329628
-0.0300992
-0.0076945
-0.0068279
-0.0460506
-0.0498159
0.0023417
0.0137593
-0.0154111
0.0080246
-0.0429056
0.0410447
-0.0261367
-0.0376563
-0.0455363
-0.0344426
0.0178860
-0.0162861
0.0484169
-0.0358052
-0.0150786
-0.0387647
-0.0059716
0.0260546
-0.0487234
-0.0174906
0.0128876
-0.0609256
0.0322911
0.0489378
0.0352244
0.0461556
0.0120722
-0.0403824
-0.0490593
0.0070403
-0.0039949
0.0335402
-0.0509891
0.0318297
-0.0395382
-0.0568821
-0.0477717
-0.0186801
-0.0556449
-0.0184716
-0.0342886
0.0317469
-0.0026808
-0.0427221
0.0159163
0.0213874
0.0425588
0.0023192
-0.0003945
0.0408593
-0.0118569
0.0399164
0.0150861
-0.0578994
-0.0122158
-0.0407976
0.0074671
0.0334264
-0.0485660
0.0285048
-0.0044086
-0.0202403
-0.0248615
0.0068406
-0.0419172
0.0161771
0.0217193
-0.0440404
0.0230021
0.0226123
0.0503296
-0.0233359
-0.0232902
-0.0353425
0.0390699
-0.0206920
-0.0500062
0.0342380
0.0155622
0.0350431
0.0070406
-0.0288168
0.0540563
-0.0055456
0.0284581
0.0355977
0.0235579
-0.0029381
-0.0280921
-0.0514591
-0.0608759
0.0097314
-0.0421750
-0.0203351
0.0503813
-0.0300584
0.0209486
0.0650189
0.0418953
0.0251037
0.0235187
0.0693788
-0.0241648
0.0266727
-0.0075148
0.0306313
-0.0581875
-0.0826239
-0.0165095
-0.0179102
-0.0205097
-0.0404972
-0.0393078
0.0831530
0.0024241
0.0613100
0.0636196
0.1037397
0.0839488
0.0609459
0.0278749
-0.0905696
-0.1500256
-0.1451103
-0.1260619
-0.1972509
-0.1326568
-0.0746334
0.1527698
0.3159712
0.5016349
0.4941042
0.0637969
-0.3353753
-0.6266119
-0.5446093
-0.2556306
-0.0281342
0.1502279
0.1693394
0.1992103
0.1803994
0.1304979
0.0974404
0.0085834
-0.0227522
-0.0599632
-0.0827496
-0.0169665
-0.0088502
-0.0011376
0.0097273
-0.0272607
0.0311862
0.0608930
0.0255586
-0.0071461
0.0207755
0.0839760
0.0004936
0.0064895
-0.0098067
0.0191054
-0.0494067
-0.0233319
-0.0091589
-0.0046719
-0.0667998
0.0424973
-0.0346540
0.0178374
0.0517355
0.0429529
0.0230427
-0.0101010
0.0640786
-0.0128640
-0.0441253
-0.0312508
0.0278479
0.0047239
-0.0626611
-0.0498415
0.0157029
0.0465864
-0.0501849
0.0509248
-0.0188816
0.0449753
-0.0284186
0.0214080
0.0411949
-0.0126870
-0.0539410
0.0357321
0.0530978
-0.0209434
-0.0139186
-0.0483592
0.0379767
0.0378591
0.0264394
0.0003180
0.0341737
-0.0449687
-0.0497712
0.0157195
-0.0204304
0.0517853
-0.0174251
0.0193971
-0.0095913
-0.0179509
0.0393822
0.0352885
-0.0062210
-0.0276193
0.0445026
-0.0239446
-0.0319856
-0.0236750
0.0543004
0.0412767
-0.0069945
-0.0286635
-0.0069185
-0.0200810
0.0010739
-0.0295913
-0.0237150
-0.0114644
-0.0500593
0.0392698
0.0139338
0.0267312
0.0495376
0.0024877
0.0333087
-0.0339819
0.0338784
0.0071944
-0.0432627
0.0406569
-0.0025272
-0.0430510
-0.0137272
0.0438273
-0.0372169
0.0017910
0.0084470
-0.0306295
-0.0480402
0.0262949
-0.0154987
0.0269482
0.0279606
0.0549015
-0.0063998
0.0032594
0.0264424
-0.0111617
-0.0379250
-0.0132035
-0.0216300
0.0187196
-0.0090424
0.0512020
0.0529212
-0.0569873
0.0138616
-0.0454090
-0.0498402
0.0062581
-0.0101673
0.0390124
-0.0339329
-0.0245051
0.0191325
0.0147736
-0.0285037
0.0132135
0.0140497
0.0360787
0.0445242
0.0111321
-0.0438111
-0.0181711
-0.0425158
0.0125324
-0.0151974
-0.0250005
-0.0202141
0.0512043
-0.0073501
0.0499768
0.0128892
0.0257906
-0.0251501
0.0098280
-0.0316810
-0.0003328
-0.0203027
0.0221409
0.0390646
-0.0334062
-0.0283328
-0.0301939
0.0417947
-0.0343007
-0.0251118
-0.0292710
-0.0254552
0.0102751
-0.0187661
0.0331310
-0.0459776
0.0026521
0.0174334
-0.0472243
0.0316408
0.0177372
0.0582711
0.0585081
-0.0253386
0.0022264
-0.0207620
-0.0142412
-0.0487988
0.0124118
0.0274785
0.0185681
0.0091934
-0.0055421
0.0352524
-0.0542540
-0.0434256
-0.0381508
0.0293422
0.0472506
-0.0301366
0.0227589
-0.0506638
0.0478200
-0.0103321
0.0349980
-0.0386145
0.0106018
-0.0063656
-0.0275237
-0.0167565
0.0066615
-0.0591274
-0.0305178
0.0093628
0.0664465
0.0520589
-0.0171158
-0.0033762
-0.0346797
0.0105576
0.0302849
0.0088925
-0.0160659
-0.0799763
-0.0177505
-0.0004954
-0.0202451
-0.0731999
-0.0176485
-0.0007674
0.0139493
0.0451791
0.0285402
0.0450665
0.0471445
0.0116739
0.0157876
-0.0470037
-0.0911939
-0.1444440
-0.1426316
-0.1888757
-0.1313108
-0.1275516
0.0228411
0.2117162
0.3633346
0.5176723
0.4708333
0.1123234
-0.3530681
-0.6091912
-0.5070766
-0.2683056
-0.0173299
0.2198268
0.1583086
0.1429242
0.1559182
0.1495494
0.0921815
0.0538022
0.0093313
-0.0022099
-0.0589610
-0.0218662
-0.0520197
-0.0024204
0.0102161
-0.0332538
0.0593444
0.0010403
0.0701482
0.0100039
0.0391746
0.0582057
0.0772109
0.0026645
0.0328992
0.0239286
0.0364338
0.0259751
-0.0711138
0.0356211
-0.0466761
0.0052894
-0.0603070
0.0444700
0.0626259
0.0276011
-0.0079442
-0.0226774
0.0418085
0.0115170
-0.0379113
0.0073566
0.0221310
-0.0610435
-0.0007773
-0.0484149
-0.0110131
0.0407938
0.0073717
0.0457833
-0.0224619
0.0535490
-0.0246856
-0.0113241
-0.0037753
-0.0217868
0.0118811
-0.0461131
-0.0542612
-0.0224480
0.0122417
0.0320192
0.0089913
-0.0187771
-0.0301641
0.0164162
-0.0073278
0.0415175
0.0042646
0.0265332
-0.0118051
0.0569225
-0.0336231
0.0255015
-0.0309827
-0.0021760
0.0082604
-0.0250691
0.0298025
0.0000777
-0.0154107
0.0415686
-0.0178213
0.0336883
0.0282983
0.0546243
0.0384833
0.0394854
-0.0298628
-0.0389619
-0.0530019
0.0530534
0.0337910
-0.0537400
0.0190866
0.0280828
-0.0193239
0.0541416
0.0505678
-0.0133894
0.0439132
0.0211906
-0.0315098
-0.0171047
-0.0267462
-0.0421453
0.0520873
0.0379279
-0.0154980
-0.0293820
-0.0500788
0.0205968
0.0053578
-0.0531190
-0.0226879
-0.0519647
0.0457590
0.0522853
0.0311367
0.0563238
-0.0039713
-0.0158961
-0.0297911
-0.0070069
-0.0487800
-0.0306694
-0.0092989
0.0265412
-0.0336752
0.0017669
0.0160269
0.0492531
0.0416366
-0.0230921
-0.0082375
0.0264316
-0.0507874
0.0387143
-0.0451881
0.0536907
0.0166351
-0.0477212
0.0500065
-0.0086946
-0.0101256
-0.0138964
0.0432317
0.0273046
-0.0446379
-0.0404032
-0.0521577
0.0222532
0.0494934
0.0545410
-0.0250216
-0.0446210
0.0496078
0.0221056
0.0174164
-0.0002537
-0.0578296
0.0049489
0.0082217
0.0479496
0.0509213
-0.0453669
-0.0212416
0.0104173
-0.0471459
0.0144742
0.0520767
-0.0019484
-0.0038778
0.0261587
-0.0401009
0.0492389
-0.0558329
-0.0026434
-0.0210716
0.0074135
0.0367853
-0.0245349
-0.0017163
0.0213472
-0.0459393
0.0508856
0.0337009
0.0051720
0.0060651
0.0383345
0.0464260
0.0208835
-0.0499463
-0.0501922
0.0272275
-0.0250715
-0.0127939
0.0320171
-0.0407955
-0.0152204
-0.0496731
0.0381937
0.0603723
0.0606855
0.0198360
0.0067845
-0.0468167
0.0481190
0.0415751
0.0190016
0.0421096
0.0319636
-0.0409757
0.0459503
0.0347415
-0.0258087
0.0329508
0.0744613
-0.0343174
0.0155872
0.0393276
0.0368268
0.0521974
0.0071548
-0.0122495
0.0106940
-0.0724722
-0.0381627
-0.0130301
-0.0004354
-0.0557672
0.0327283
0.0462976
0.0661725
0.0779771
0.0376006
0.0104547
-0.0178774
-0.0429353
0.0346762
-0.0007191
-0.0968356
-0.1487573
-0.1540640
-0.2241979
-0.0919368
0.0150752
0.2661783
0.3857513
0.5019684
0.3768872
0.0047851
-0.3706190
-0.5891858
-0.5007179
-0.2453008
0.0952116
0.2115379
0.1982005
0.0966005
0.1130565
0.1437479
0.0978814
0.0360078
0.0163801
-0.0144507
-0.0874720
-0.0764879
-0.0673781
-0.1035246
-0.0105233
-0.0666067
0.0120226
0.0432016
0.0129311
0.0830528
0.0361077
0.0787524
0.0145482
-0.0188146
0.0086486
0.0201034
-0.0303853
-0.0503656
0.0337120
-0.0451067
0.0195251
-0.0545027
0.0287052
0.0038256
0.0221809
-0.0271501
0.0363820
0.0056392
0.0612806
-0.0099287
-0.0241314
-0.0413182
-0.0440678
-0.0381243
0.0373085
-0.0214081
0.0391672
-0.0033261
-0.0182703
0.0470088
0.0020663
-0.0357903
-0.0090835
0.0534261
0.0506059
-0.0519137
0.0187448
0.0111705
-0.0084391
-0.0304439
-0.0011370
0.0047586
-0.0255288
-0.0073980
-0.0367162
0.0196208
0.0469317
0.0020601
0.0204690
0.0306023
-0.0112644
0.0081548
0.0133703
-0.0501847
0.0516727
0.0452831
0.0140812
-0.0285205
-0.0097448
0.0001496
0.0019139
0.0354117
-0.0498238
0.0431629
-0.0022342
0.0430987
0.0365297
0.0362790
0.0380280
0.0575360
0.0402397
-0.0344387
-0.0115769
0.0342943
-0.0403178
0.0001004
-0.0482710
0.0144399
0.0223843
-0.0538608
0.0475170
-0.0055337
-0.0210766
0.0112015
0.0127060
0.0027595
0.0303988
0.0076546
0.0174909
-0.0376271
0.0477595
-0.0120511
0.0073204
-0.0403398
0.0219875
0.0236339
-0.0105842
-0.0255100
-0.0097187
-0.0380659
0.0531256
-0.0250805
0.0215394
-0.0533710
0.0228962
-0.0504574
-0.0485405
0.0098999
-0.0482443
0.0458749
0.0527575
-0.0513973
0.0179552
-0.0245610
-0.0547963
-0.0184933
0.0547405
-0.0437460
-0.0555587
0.0172581
0.0392029
-0.0270759
-0.0481850
0.0474547
-0.0148931
-0.0529492
0.0167862
-0.0168252
-0.0391665
0.0111752
0.0232683
0.0589058
0.0021666
-0.0343189
0.0295114
0.0107960
0.0357401
0.0171201
0.0004024
-0.0003075
-0.0275962
-0.0511188
0.0273193
-0.0140970
-0.0552601
0.0149111
-0.0181198
0.0078543
0.0415554
-0.0047718
0.0004666
0.0124832
-0.0511348
0.0000118
0.0251671
0.0319461
-0.0427898
-0.0203220
-0.0030621
-0.0192086
0.0296370
0.0415047
-0.0270522
-0.0007047
0.0499784
0.0290249
-0.0351917
-0.0438312
-0.0504690
0.0435224
0.0237161
0.0205772
-0.0266701
-0.0033849
-0.0425756
0.0169460
0.0131359
-0.0496528
-0.0179525
0.0346503
0.0333213
0.0401852
-0.0308144
-0.0284030
0.0172642
0.0371020
0.0220871
-0.0203381
0.0163874
0.0085260
0.0193615
-0.0453388
-0.0165473
0.0020888
-0.0096526
-0.0292049
0.0281830
0.0549672
0.0304529
0.0064388
-0.0344925
0.0583771
-0.0128432
-0.0143531
0.0148223
-0.0787596
0.0184184
-0.0382832
-0.0521171
-0.0093271
-0.0159199
0.0344690
0.0398694
0.1029429
0.0312754
0.1072345
0.0421316
0.1013608
0.0362195
0.0259197
-0.1067084
-0.1451391
-0.1120986
-0.1332927
-0.1758034
-0.1051629
-0.0607698
0.2034657
0.3503462
0.4615341
0.4937014
0.1340538
-0.2670668
-0.6166715
-0.5229184
-0.2599695
-0.0550306
0.1477551
0.1475524
0.1828366
0.1929880
0.1023876
0.0953955
-0.0156093
0.0249731
-0.0487185
-0.0754342
