0.0298087
-0.0225192
0.0391692
-0.0976429
-0.0012566
-0.0802403
-0.0816373
-0.0451775
-0.0123203
0.0540686
0.0929846
0.1136162
0.0152042
0.1314664
-0.0009896
0.0296992
0.0641580
-0.0634899
-0.1233052
-0.2030673
-0.2163629
-0.2226350
-0.1439764
-0.0586966
0.1227609
0.5103829
0.5917564
0.4574821
0.0575474
-0.2522981
-0.4415070
-0.4676639
-0.1657482
-0.0488558
-0.0557577
0.0011200
0.1923656
0.2189239
0.1539543
0.2172332
0.0407952
-0.0311322
-0.0379693
-0.1017485
-0.1050392
-0.0764641
-0.0925415
-0.1231369
-0.0466442
0.0193544
-0.0101903
0.0280110
-0.0128170
0.0450084
0.1148914
0.0824485
0.0990153
0.0239901
-0.0214045
-0.0474740
-0.0715693
-0.0492871
-0.0177910
-0.0672407
-0.0509121
-0.0766733
-0.0228145
-0.0396821
0.0238627
0.0694640
0.0118428
-0.0010099
0.0332268
0.0756889
-0.0184036
-0.0457576
0.0223350
-0.0522164
0.0181075
0.0343664
0.0439703
-0.0241671
0.0241286
-0.0417065
0.0169282
0.0648070
0.0438341
-0.0453936
-0.0225079
-0.0474428
0.0530976
0.0567432
0.0185225
0.0627741
-0.0025018
0.0561625
0.0242513
-0.0505272
-0.0336924
-0.0566029
-0.0441088
-0.0019166
-0.0648348
0.0667736
-0.0346146
0.0035079
-0.0397025
0.0625406
0.0280576
0.0499312
0.0431639
-0.0335284
0.0306555
-0.0039908
0.0121769
0.0577326
0.0605313
-0.0314274
-0.0227989
-0.0272024
-0.0531372
0.0211378
-0.0464880
0.0068596
0.0440150
0.0517483
0.0453804
-0.0489801
-0.0061947
-0.0227114
-0.0197578
-0.0821378
-0.0825295
-0.1024696
-0.0532973
-0.0673561
0.0529459
0.0478376
0.0568824
0.0165975
0.1169389
0.0123617
0.0979813
-0.0150007
-0.0224293
-0.0696560
-0.2376404
-0.1362383
-0.2280605
-0.1460689
-0.0786454
0.1811152
0.3569626
0.4577023
0.3394868
0.0946070
-0.2138432
-0.3343716
-0.3243602
-0.2623257
-0.1438560
-0.1643759
-0.0295237
0.0947743
0.2289171
0.2998338
0.1849124
0.0941787
0.0194392
-0.1004441
-0.0459833
-0.0209260
-0.1441724
-0.1202601
-0.0670918
-0.1150491
0.0370835
-0.0573240
0.0665892
0.0748236
-0.0009273
0.0038422
0.0053602
0.0074961
-0.0505966
0.0702683
0.0242067
-0.0043442
0.0020236
-0.0541576
0.0118211
-0.0899538
0.0497580
0.0605706
0.0255386
0.0222513
0.0776506
-0.0285879
0.0366450
-0.0020085
-0.0202302
0.0013237
0.0614308
0.0073647
-0.0514994
-0.0320319
-0.0388350
-0.0743676
0.0146016
0.0108429
-0.0228920
-0.0666377
-0.0566348
-0.0406721
0.0336109
-0.0569319
-0.0527280
0.0320382
-0.0527363
0.0031108
-0.0085942
-0.0623756
-0.0349737
-0.0450275
-0.0343783
-0.0583162
-0.0235676
-0.0031652
-0.0096621
0.0181048
-0.0194157
0.0338464
0.0085409
-0.0211794
0.0293674
-0.0589306
0.0465829
0.0469770
-0.0633405
-0.0240677
0.0081089
0.0356420
-0.0004090
-0.0213254
-0.0266414
-0.0614728
-0.0099679
0.0304708
0.0809472
0.0383405
0.0584800
0.0542839
0.0056277
-0.0584726
-0.0418548
-0.0349889
-0.0742887
-0.0630407
-0.0346022
-0.0347448
0.0431450
-0.0042644
0.0269910
0.0180638
0.1122490
0.0156737
0.0345738
0.0814742
0.0913539
-0.0120039
-0.0214358
-0.1916344
-0.2363310
-0.1474840
-0.2052320
-0.2014633
-0.0317993
0.1728890
0.3861181
0.5720454
0.5109044
0.0899587
-0.2631730
-0.4481414
-0.4020179
-0.2917080
-0.1437836
-0.0789109
0.1154807
0.1211945
0.2160290
0.2754899
0.2164691
0.0711522
0.0154225
-0.0780540
-0.0048634
-0.0255725
-0.0419250
-0.0820002
-0.1234190
-0.0337392
-0.0889755
-0.0690518
-0.0094598
0.0375435
0.0020646
0.0031545
0.0974066
0.0597571
0.0227142
-0.0487935
0.0007016
-0.0642216
0.0013672
0.0140021
0.0254093
0.0230541
0.0320995
-0.0479109
-0.0429005
-0.0089904
0.0781304
-0.0467457
-0.0256648
0.0189840
-0.0177800
-0.0371655
0.0447120
-0.0013378
-0.0759746
-0.0322068
-0.0492570
0.0158669
0.0481390
0.0390551
0.0535018
0.0047366
0.0258340
0.0143264
0.0206791
-0.0246441
-0.0493438
-0.0629390
-0.0578315
-0.0523011
0.0037751
-0.0294854
0.0207603
-0.0106092
-0.0006137
-0.0609837
-0.0609177
-0.0212116
0.0572356
0.0279163
-0.0312819
0.0505496
-0.0355181
-0.0421408
0.0523013
-0.0551997
0.0595867
0.0443199
0.0566582
0.0020555
0.0303706
-0.0488048
0.0007271
0.0488749
0.0599066
-0.0439221
0.0706175
-0.0308424
0.0790606
0.0616235
-0.0391135
0.0814970
0.0022230
-0.0127881
0.0346818
-0.0427476
0.0088205
-0.0809508
0.0154281
-0.0667166
0.0137307
0.0247333
0.0739152
-0.0034840
-0.0186723
0.0090841
0.0291030
0.0231584
0.0098995
0.0880449
-0.0514786
0.0244810
-0.1419969
-0.2212430
-0.2289052
-0.1826155
-0.1152979
-0.0053214
0.1311298
0.3597530
0.5307545
0.5567489
0.1698798
-0.1961001
-0.5833701
-0.4276592
-0.2784128
-0.0886131
0.0277516
0.0886363
0.1223187
0.2397196
0.1545275
0.1237704
0.0716058
0.0365822
-0.1054109
-0.1003259
-0.1363720
-0.1028810
-0.0741200
-0.0349985
0.0050766
0.0102250
-0.0178417
-0.0318866
0.0492618
0.0821117
0.0234975
0.1054127
0.0539919
-0.0245228
-0.0526992
-0.0466103
0.0289971
-0.0097310
-0.0687177
-0.0083953
-0.0628908
-0.0703736
-0.0547761
0.0611215
0.0376314
-0.0280387
0.0052905
0.0784746
0.0703102
0.0567599
-0.0622783
-0.0088020
-0.0578378
-0.0099982
-0.0237251
-0.0473314
-0.0170402
0.0549558
0.0378911
-0.0141921
-0.0367126
-0.0240340
0.0559259
-0.0479276
0.0762454
0.0210586
0.0145944
-0.0216252
-0.0346393
-0.0019603
0.0103052
0.0630399
-0.0060140
0.0074709
-0.0694821
-0.0718843
-0.0008433
0.0235008
-0.0596232
-0.0110727
-0.0501544
-0.0324029
0.0595329
0.0178348
0.0354634
0.0308747
-0.0393900
-0.0485517
-0.0798063
-0.0520515
0.0459518
-0.0681625
-0.0203448
-0.0673537
-0.0557902
0.0061146
0.0659620
-0.0051210
0.0559415
0.0647797
0.0561288
0.0543342
0.0387228
0.0053499
-0.0769515
0.0198052
-0.0644405
-0.0972474
-0.0901638
0.0338981
-0.0460268
0.0504420
0.0741402
0.0827061
0.0792137
0.0605046
0.1341579
0.1176763
-0.0195468
0.0539013
-0.1205653
-0.1472190
-0.2534826
-0.1613524
-0.1176229
-0.0992921
-0.1030446
0.1649769
0.4467874
0.6660725
0.4012210
0.0087534
-0.3194579
-0.5668039
-0.4642951
-0.2479858
-0.0716185
-0.0249867
0.0930252
0.1563143
0.2392372
0.2377864
0.1477142
0.1023435
0.0029593
-0.1038493
-0.0363883
-0.1291364
-0.1260911
-0.0188645
-0.0542587
-0.0161547
-0.0423332
0.0059699
-0.0122859
0.0672176
0.0168551
-0.0152817
0.0685460
0.0496009
0.0453082
0.0525419
0.0223581
-0.0835111
0.0029765
-0.0130070
-0.0729291
-0.0574080
-0.0081159
-0.0285971
-0.0343837
-0.0109109
0.0459259
0.0047578
0.0413568
0.0644217
0.0666679
0.0092662
0.0198044
-0.0109010
-0.0369014
-0.0558679
0.0181497
0.0593768
-0.0661640
0.0459232
0.0595002
0.0452397
0.0656953
0.0160024
-0.0392192
0.0745638
-0.0045464
0.0023132
-0.0366978
-0.0074175
0.0357701
0.0088409
0.0445438
0.0583980
-0.0384339
-0.0077748
-0.0043924
-0.0597694
-0.0324808
-0.0194649
-0.0039067
0.0686568
0.0082803
-0.0160574
0.0621495
0.0079330
-0.0374461
-0.0539038
0.0281731
-0.0075730
-0.0030874
-0.0033378
0.0601834
0.0456698
0.0233191
0.0126657
0.0155561
-0.0233233
0.0067173
-0.0382778
0.0392942
0.0110768
0.0589913
-0.0107571
0.0391711
0.0434577
0.0451902
-0.0264044
0.0334811
-0.0054524
-0.0549074
-0.0688956
-0.0442532
0.0108959
-0.0074911
-0.0068702
0.0093398
0.0809189
0.0079531
0.1022495
0.0580242
0.0238528
-0.1287721
-0.1985782
-0.1595860
-0.1788002
-0.2220161
-0.1501385
-0.0309526
0.1964509
0.4425047
0.5528333
0.2918771
0.0522840
-0.2175170
-0.3546056
-0.3898632
-0.2039716
-0.0929768
0.0191758
0.0477054
0.2156318
0.1789522
0.2823356
0.0902344
0.0583579
0.0093770
-0.1147333
-0.0139554
-0.0380221
-0.0677823
-0.0181571
-0.0333447
0.0196802
0.0242389
-0.0596139
-0.0109109
0.0248464
-0.0078153
-0.0173965
0.0258305
-0.0388707
0.0055927
0.0323184
-0.0112314
-0.0852043
0.0273475
-0.0484582
-0.0829373
0.0013103
0.0032937
0.0470142
-0.0047678
0.0081787
-0.0140872
0.0016151
-0.0323261
0.0160896
0.0041314
-0.0238831
-0.0059553
-0.0477287
0.0612880
-0.0767902
-0.0147252
-0.0448173
-0.0586931
0.0244966
-0.0094745
-0.0441760
-0.0399684
-0.0410283
-0.0291989
-0.0624506
-0.0117535
-0.0146577
-0.0340844
0.0025586
0.0657807
-0.0280374
-0.0189381
-0.0113094
-0.0532955
-0.0205375
-0.0675116
0.0449275
-0.0114822
-0.0574592
0.0701725
0.0500038
0.0094479
-0.0435393
-0.0590320
-0.0082402
0.0328500
0.0193181
-0.0081690
-0.0308741
-0.0369963
0.0303184
-0.0182874
0.0555836
0.0295706
0.0274894
-0.0435280
0.0173787
0.0824162
0.0602583
-0.0184695
0.0797147
0.0544713
-0.0174580
-0.0125622
-0.0045095
-0.0827384
-0.0062353
-0.0182073
-0.0489454
-0.0816486
0.0330173
0.0409885
0.0075440
0.0071497
0.0136692
0.0529694
0.0724589
0.0599837
0.0080044
0.0117766
-0.0868550
-0.1948691
-0.2346662
-0.2515560
-0.1419050
-0.0617209
0.0134351
0.3995805
0.5856563
0.4758996
0.2415540
-0.1377107
-0.4211129
-0.4421811
-0.3832673
-0.2282601
-0.0828718
-0.0556517
0.1288171
0.1700584
0.1795573
0.1384921
0.1677947
-0.0011410
-0.0235291
-0.0149771
-0.0495653
-0.0779770
-0.0428591
-0.0759402
-0.0176932
0.0100705
-0.0595723
0.0216192
0.0520244
0.0382362
0.0037058
0.0291936
0.0617338
0.0233437
-0.0399217
0.0602687
0.0313837
0.0351279
-0.0625389
-0.1020156
-0.0516667
0.0308262
0.0257473
0.0375182
-0.0348486
-0.0096186
0.0128801
0.0789720
0.0064281
0.0472628
0.0598573
0.0012843
-0.0587420
-0.0299514
0.0033780
0.0046852
0.0208453
-0.0158994
-0.0121643
0.0199078
-0.0097411
0.0306779
-0.0043230
-0.0262593
-0.0424258
-0.0074498
0.0015767
-0.0127375
0.0381878
-0.0477749
0.0061847
-0.0694985
0.0544852
0.0161278
0.0271076
-0.0680142
-0.0648491
-0.0523548
-0.0076503
0.0672198
0.0410784
0.0194659
0.0437750
0.0417210
-0.0415030
-0.0325834
0.0401263
-0.0187415
-0.0581163
0.0240053
-0.0717794
-0.0159524
0.0472256
-0.0324843
0.0077813
0.0331251
-0.0414786
-0.0412624
0.0638509
0.0606058
-0.0257200
0.0857205
-0.0494755
0.0240128
0.0608430
0.0156478
-0.0765691
0.0276979
-0.0504129
-0.0103611
0.0198152
-0.0539919
-0.0609318
0.0032737
0.1242764
0.0080004
0.0349965
0.0951554
0.1230523
0.0789365
-0.0286196
-0.0385482
-0.0752837
-0.2123521
-0.1403664
-0.1687423
-0.1597586
-0.0604280
0.0941340
0.3224295
0.4552856
0.4278160
0.0893994
-0.1602486
-0.3098157
-0.3935998
-0.4026856
-0.2214788
-0.0655315
0.0278954
0.1109643
0.2735553
0.2738050
0.1820765
0.1467185
-0.0343737
-0.0603392
-0.0606526
-0.1328203
-0.1485132
-0.0995803
0.0061229
-0.0529336
-0.0261179
-0.0154601
0.0108004
-0.0034927
0.0505598
0.0424285
0.1023123
0.0921672
0.0753244
0.0582286
-0.0437272
-0.0048150
-0.0766744
0.0065768
-0.0694857
-0.0335400
0.0521962
0.0408213
0.0096355
-0.0130426
0.0337958
-0.0058611
0.0383377
0.0050241
0.0329339
0.0541230
0.0588503
-0.0503536
0.0053785
0.0392554
-0.0036706
0.0167362
-0.0539212
0.0046747
-0.0189348
0.0068776
0.0146268
-0.0220068
0.0545549
-0.0233386
0.0418143
0.0735436
0.0270825
-0.0047387
-0.0197455
0.0423658
0.0340054
-0.0209047
-0.0421179
0.0249667
-0.0362992
0.0068730
-0.0039653
0.0098203
0.0747670
0.0245621
0.0087961
-0.0405846
0.0592343
-0.0521169
-0.0218275
0.0493460
-0.0331789
0.0246345
-0.0060759
-0.0173304
-0.0669908
-0.0656322
0.0587578
0.0533688
0.0375818
0.0025453
0.0526503
-0.0389201
-0.0302985
-0.0118842
-0.0571201
0.0361626
-0.0121124
-0.0798665
0.0041424
-0.0814708
-0.0706717
-0.0615406
-0.0278519
-0.0797807
0.0115543
0.0419179
0.0541712
0.0411258
0.0793801
0.0163975
0.0541396
0.1103056
0.1013853
-0.0362034
-0.0719738
-0.0968144
-0.2024758
-0.2359028
-0.1737977
-0.1260696
-0.0366590
0.2701514
0.4843100
0.5781821
0.3631079
-0.0108169
-0.3570539
-0.5038482
-0.3544312
-0.2734279
-0.0823276
-0.0598031
0.0628737
0.1476854
0.3095960
0.2275939
0.1818701
0.0961565
-0.0628888
-0.0763838
-0.1238538
-0.0631714
-0.1408029
-0.0540662
-0.1280688
-0.1162564
-0.0311758
0.0320601
-0.0011801
0.0949809
0.0824304
0.0729585
0.0316790
0.0964026
0.0292903
-0.0004056
0.0436675
0.0102579
-0.0648320
0.0298830
0.0061716
0.0060345
-0.0750029
0.0612031
0.0696555
0.0405452
0.0595360
0.0597139
-0.0033950
-0.0379355
-0.0092883
0.0252279
0.0116927
-0.0058463
0.0448344
0.0126958
-0.0679381
0.0280078
0.0355885
-0.0193411
0.0077703
-0.0129340
0.0138747
0.0148979
0.0608208
-0.0645029
0.0627106
0.0145192
0.0284644
-0.0454676
0.0324307
-0.0678958
0.0248526
0.0042231
-0.0158365
-0.0437075
0.0212288
-0.0411835
0.0415633
-0.0598517
0.0174551
-0.0381486
0.0560804
0.0207583
0.0254718
-0.0341443
0.0221621
0.0132701
0.0628920
-0.0162976
-0.0441547
0.0354289
-0.0705220
0.0336932
-0.0422890
0.0124341
0.0210114
0.0330662
0.0556491
0.0102407
-0.0228849
0.0023730
0.0523868
0.0681554
0.0440122
0.0293854
-0.0696795
-0.0170839
-0.0227642
-0.0325658
-0.0760863
-0.0527247
0.0507605
0.0662665
0.0619574
0.0725694
0.0676251
0.0928601
0.0295138
0.0801179
0.0633137
-0.0477857
0.0113349
-0.2052589
-0.2236968
-0.1855867
-0.1113169
-0.1567139
-0.0726311
0.1540475
0.4589785
0.5010133
0.4818070
0.1056463
-0.3313660
-0.6060898
-0.5023110
-0.3665329
-0.0195894
0.1276066
0.1678453
0.2352462
0.1971726
0.2064109
0.1060067
0.0607709
-0.0394907
-0.0944835
-0.1518635
-0.0594069
-0.1062679
-0.0385749
-0.0754423
-0.0286214
0.0472039
0.0730909
0.0358420
0.0123383
0.0323126
0.0201219
0.0222269
-0.0075018
-0.0166520
-0.0336188
0.0226241
0.0402411
-0.0969012
-0.0460159
0.0283949
0.0138785
-0.0167218
0.0526760
0.0107174
0.0015517
0.0084667
0.0082090
0.0754836
0.0399957
0.0449116
0.0256152
-0.0160393
-0.0469234
-0.0110806
0.0306411
-0.0523277
-0.0517734
-0.0211828
-0.0136490
0.0660775
-0.0177870
0.0142941
0.0483380
0.0389860
0.0660332
0.0255164
0.0135867
0.0680264
-0.0476763
-0.0563018
0.0641342
-0.0709621
-0.0356741
0.0061535
-0.0363297
-0.0327973
0.0442539
0.0153464
-0.0442458
0.0384001
0.0696044
