0.0254338
0.0929920
-0.0242127
-0.0726789
-0.1232028
-0.1832505
-0.1892319
-0.1913791
-0.0558230
0.0351941
0.2285685
0.4576440
0.5099154
0.3550512
0.0617983
-0.3031579
-0.5066661
-0.4263325
-0.1859329
-0.0910476
0.0223511
0.0341769
0.1049568
0.1814823
0.1807886
0.1319189
0.0898979
-0.0278232
-0.1154013
-0.0834327
-0.0732087
-0.0506032
-0.1037934
-0.0726136
-0.0332991
-0.0609538
-0.0108582
0.0406093
-0.0034094
0.0415918
0.0753336
-0.0097736
0.0611875
-0.0376396
0.0403706
0.0312582
-0.0266538
-0.0627317
-0.0560809
-0.0377138
0.0304074
-0.0042910
0.0519089
0.0017540
0.0053345
-0.0270843
0.0766555
0.0689021
0.0342254
-0.0433365
0.0532291
0.0096991
0.0246290
0.0404595
0.0466389
0.0071029
0.0303741
0.0221431
-0.0008285
0.0152443
-0.0246082
-0.0349612
0.0012151
-0.0299684
-0.0469817
-0.0102449
0.0182512
0.0169441
-0.0436255
-0.0377937
0.0376514
0.0121588
0.0489702
-0.0526268
0.0039178
0.0043874
-0.0380463
0.0332337
0.0464991
0.0580513
-0.0554379
-0.0050843
-0.0120675
0.0282814
0.0416079
-0.0526218
0.0548574
0.0144203
0.0453408
-0.0458371
-0.0175429
-0.0138691
-0.0235907
-0.0468597
-0.0093986
-0.0660862
0.0220903
-0.0136770
0.0569356
0.0518804
0.0029287
-0.0250969
0.0686417
0.0349398
-0.0397463
0.0390253
-0.0499971
-0.0428072
-0.0313651
-0.0381196
-0.0137270
-0.0805531
0.0176229
0.0310117
-0.0754177
-0.0179553
0.0262896
0.0615612
0.0724027
0.1058411
0.0982329
0.0634518
0.0803252
0.0461802
0.0544459
-0.0772491
-0.1294653
-0.1558654
-0.2131098
-0.1672020
-0.1579710
-0.0231737
0.2021447
0.4579412
0.5378001
0.3968219
0.1166959
-0.2670368
-0.4314800
-0.3849378
-0.3136744
-0.1410073
-0.0644232
0.0643984
0.1945898
0.2100552
0.2679655
0.1028271
0.0365728
-0.0154685
-0.0464687
-0.0473414
-0.0327952
-0.0426199
-0.1174376
-0.0178791
-0.0891754
-0.0021048
-0.0472376
0.0172578
0.0203955
0.0188489
0.0744025
-0.0117809
0.0541077
0.0133484
-0.0111387
-0.0162722
-0.0034394
-0.0241492
-0.0087351
-0.0684769
-0.0757305
-0.0353272
0.0187659
0.0492002
0.0534152
0.0413701
-0.0380019
0.0458841
-0.0479145
-0.0262406
-0.0061094
-0.0123751
-0.0123513
-0.0640736
-0.0409913
-0.0630685
-0.0373580
-0.0069843
0.0424349
-0.0251519
-0.0378571
0.0540768
0.0398588
-0.0402407
-0.0207218
-0.0152277
-0.0555224
-0.0149625
-0.0458584
-0.0168023
0.0144451
0.0130592
-0.0081742
0.0522075
-0.0278908
-0.0664710
-0.0196169
-0.0397364
0.0594362
0.0291130
0.0332605
0.0078609
-0.0006725
-0.0578428
-0.0500283
0.0346068
-0.0500416
-0.0120843
0.0645876
0.0503863
0.0621419
-0.0299787
-0.0150107
0.0414156
-0.0328193
0.0057394
-0.0282182
0.0016391
-0.0083957
0.0239795
-0.0317848
-0.0286377
0.0285759
-0.0155691
0.0469078
0.0096427
-0.0094311
-0.0210893
-0.0547856
0.0258325
-0.0307252
-0.0796168
-0.0900112
0.0256878
0.0433340
-0.0473389
0.0140265
0.0103777
0.1144512
0.0726255
0.1254696
0.0915885
0.0203797
0.0783135
-0.0776633
-0.0652361
-0.1707410
-0.1540926
-0.1268668
-0.1638635
-0.0802598
-0.0018451
0.2522972
0.4573398
0.6220449
0.3043737
-0.1356896
-0.4967685
-0.5373259
-0.4000955
-0.1929951
-0.0304169
0.0645876
0.0916098
0.1364754
0.1622499
0.1776992
0.1180021
0.0784473
-0.0733188
-0.0725817
-0.0637605
-0.1110374
-0.0546634
-0.0312610
-0.0746149
-0.0567864
-0.0401015
-0.0542418
-0.0123226
0.0320617
0.0917398
0.0229465
0.0950077
-0.0069925
0.0246617
0.0523088
-0.0759167
-0.0787331
-0.0595330
-0.0744747
-0.0414207
-0.0418277
-0.0222540
-0.0139802
0.0440884
0.0044560
0.0606421
0.0058356
0.0616686
0.0310996
0.0476340
-0.0346325
-0.0400137
-0.0467710
0.0293228
-0.0612325
-0.0152301
-0.0438892
-0.0483902
0.0235684
0.0576795
-0.0198471
-0.0041729
-0.0159539
0.0192682
0.0592193
-0.0463792
-0.0081530
0.0475483
-0.0035601
-0.0575001
0.0360558
-0.0557021
-0.0370336
-0.0057695
-0.0582207
0.0181771
-0.0016008
0.0547648
0.0146348
0.0203982
-0.0360204
-0.0515967
-0.0235037
0.0292867
-0.0236945
0.0100096
0.0299094
0.0524242
0.0319188
-0.0447383
0.0021022
-0.0329155
0.0357423
-0.0048440
0.0092504
-0.0265962
-0.0146807
-0.0587603
-0.0286700
-0.0260086
-0.0463754
-0.0298379
0.0761466
0.0207143
0.0103577
-0.0323670
0.0496323
0.0371922
-0.0639132
0.0195569
-0.0681829
0.0070999
0.0052548
-0.0172056
0.0019254
-0.0405117
0.0612222
0.0565079
0.0259286
0.0652465
0.0127761
0.0408302
0.0340638
0.0613625
-0.0198347
-0.1051851
-0.1028852
-0.1475257
-0.1563344
-0.2052728
-0.0659194
-0.0261363
0.1889580
0.5342849
0.5715776
0.3116628
-0.0529040
-0.4482649
-0.5226850
-0.4292977
-0.1385737
-0.0535978
0.0225856
0.1463022
0.1619007
0.2363814
0.2250136
0.0629878
0.0201234
-0.0252240
-0.0068869
-0.0462633
-0.1178485
-0.1222418
-0.0108704
-0.0740343
0.0173654
0.0214771
-0.0255832
0.0903258
0.0427035
0.0748826
0.0842335
-0.0039932
-0.0350065
-0.0476758
0.0215952
-0.0343259
-0.0664089
-0.0674010
-0.0079502
0.0110492
-0.0651243
-0.0452305
0.0174933
-0.0360539
-0.0233211
-0.0092827
0.0315088
0.0064553
0.0663462
-0.0262803
-0.0406125
0.0512463
-0.0368249
-0.0319787
0.0441225
0.0142297
-0.0271872
0.0157079
-0.0023964
-0.0314430
0.0374170
-0.0420055
-0.0289468
-0.0036010
0.0122900
-0.0374734
0.0196393
-0.0322796
0.0338692
-0.0516311
0.0104582
-0.0349404
-0.0465374
0.0478172
0.0316418
-0.0126593
-0.0339578
0.0344749
-0.0476268
0.0527782
-0.0577679
0.0274364
-0.0241486
-0.0017145
0.0618724
-0.0400785
0.0181535
0.0379780
-0.0380715
0.0286371
-0.0440101
0.0568888
-0.0478642
-0.0521212
0.0117689
0.0298824
-0.0482815
-0.0349639
-0.0170276
0.0568917
-0.0176160
0.0774895
-0.0019784
0.0333259
0.0605607
0.0168080
-0.0091553
0.0293187
-0.0749432
-0.0463908
0.0178739
0.0212952
-0.0233105
-0.0628301
-0.0327715
0.0354467
0.0379092
-0.0093264
-0.0039611
0.1216541
0.0547086
0.0413636
0.0422361
0.0386153
-0.0011667
-0.0841010
-0.1417156
-0.2603667
-0.2024553
-0.2000592
-0.1161633
0.0533823
0.2915442
0.5075823
0.4822192
0.2349886
-0.2531871
-0.4430585
-0.5341016
-0.3008772
-0.1430318
0.0495054
0.0227327
0.0846134
0.2080980
0.2583272
0.1383249
0.0424984
0.0071714
0.0027381
-0.1297273
-0.1441173
-0.0886850
-0.0992440
-0.0933347
-0.0205502
-0.0149213
0.0205193
0.0021698
0.0061197
0.0043111
0.0956768
0.0381646
0.0669649
0.0331645
-0.0207091
-0.0652993
0.0126282
-0.0837081
-0.0145628
0.0260546
0.0145843
0.0422033
0.0325354
-0.0196001
0.0377059
0.0654681
-0.0074122
0.0398570
0.0205760
-0.0533808
-0.0501136
-0.0635629
0.0288385
-0.0650854
0.0229978
-0.0392222
0.0162688
0.0008657
-0.0339639
-0.0570659
-0.0223518
0.0109768
-0.0146582
-0.0501943
-0.0020400
0.0313654
-0.0275585
0.0484446
0.0521227
0.0017046
-0.0339890
-0.0445447
-0.0413578
-0.0590852
-0.0156301
0.0388943
-0.0253227
-0.0428079
-0.0251330
0.0150138
-0.0055271
-0.0215295
-0.0003845
-0.0120785
-0.0463414
-0.0256277
0.0408664
-0.0540925
0.0214447
0.0222065
0.0561541
-0.0199440
0.0086810
0.0345944
-0.0337624
-0.0011843
0.0350900
-0.0174211
0.0259612
-0.0442614
0.0083533
-0.0375614
-0.0431746
0.0009659
0.0044368
0.0391761
0.0023656
0.0475890
0.0085335
-0.0368037
-0.0763381
0.0008523
-0.0838892
-0.0625979
-0.0204269
-0.0443209
-0.0621173
0.0285426
0.0774056
0.0233256
0.0684908
0.1225824
0.0935621
0.1304059
0.0344577
0.0200254
-0.0703075
-0.1409408
-0.1705031
-0.2363875
-0.1912205
-0.1077736
-0.0583700
0.1710404
0.5190464
0.5430533
0.4238935
0.0097876
-0.3898258
-0.5264907
-0.3410050
-0.2184731
-0.0444750
-0.0610463
0.1161462
0.1810725
0.1854957
0.2602417
0.2012592
0.1037250
-0.0523257
-0.0059340
-0.0479859
-0.0647206
-0.1223201
-0.0822002
-0.0203606
-0.0368233
0.0099487
0.0268556
0.0837841
0.0942557
0.0765909
0.0860335
0.0547612
-0.0132148
0.0570807
-0.0158355
0.0236110
-0.0144491
-0.0123625
-0.0911291
-0.0607459
-0.0548489
0.0307476
-0.0048645
0.0154952
0.0195061
0.0711959
0.0340051
0.0280789
-0.0482862
0.0547182
0.0430723
-0.0623650
0.0124257
-0.0215130
-0.0371150
-0.0163054
-0.0647432
-0.0573133
-0.0346244
0.0575911
0.0276738
0.0568734
0.0429730
-0.0332765
-0.0190827
0.0284024
-0.0317237
-0.0200974
-0.0217058
0.0017342
-0.0442206
-0.0085222
-0.0510529
-0.0244105
0.0045943
0.0260629
-0.0071069
-0.0283710
-0.0522412
0.0460275
-0.0272858
-0.0101788
0.0091180
-0.0297538
0.0561369
-0.0056935
-0.0163069
0.0207202
-0.0339631
-0.0513031
0.0367966
0.0213832
0.0500859
-0.0271080
0.0164385
0.0097476
-0.0306114
-0.0634540
0.0471135
0.0294196
0.0325847
0.0621203
0.0661505
0.0143157
0.0532568
0.0576146
-0.0052478
0.0543624
-0.0682648
-0.0325724
0.0100421
-0.0909908
-0.0631329
-0.0637145
0.0265022
-0.0564519
0.0208420
0.0206163
0.0264637
0.0423763
0.0426294
0.0653500
0.0558580
-0.0290044
0.0385211
-0.1237872
-0.2220812
-0.1942729
-0.1499447
-0.1976645
-0.0302782
0.0337137
0.3025581
0.4752625
0.5802602
0.3327854
-0.1525285
-0.4895248
-0.5505111
-0.3290852
-0.0770951
-0.0162350
0.0370785
0.1689746
0.1583729
0.2317037
0.1273835
0.1368862
0.0499548
-0.0075138
-0.1170249
-0.0330288
-0.1322152
-0.0462693
-0.0802234
-0.0458858
-0.0599934
-0.0472516
0.0609346
0.0144529
0.0661582
0.0732035
0.0769214
0.0193144
0.0728498
0.0089684
-0.0263480
-0.0493605
-0.0392127
-0.0678555
-0.0539329
0.0080426
-0.0012545
0.0412832
0.0330521
0.0583672
0.0689003
0.0433218
0.0456255
0.0330583
0.0388578
-0.0269506
0.0597355
-0.0037894
-0.0607929
0.0083247
0.0506041
-0.0638382
-0.0677519
0.0171849
-0.0200202
-0.0293675
-0.0319066
-0.0082650
-0.0475314
-0.0288878
0.0169944
-0.0038239
0.0011039
0.0565140
0.0025777
-0.0492056
-0.0500344
-0.0320293
-0.0268486
0.0154345
-0.0143562
0.0152308
0.0175576
-0.0544595
-0.0355331
0.0224166
-0.0241511
0.0255644
0.0535730
-0.0152935
0.0226387
0.0309328
0.0040173
0.0162165
-0.0449693
-0.0380853
0.0248664
0.0460564
0.0044696
-0.0603384
0.0357022
-0.0227598
-0.0448424
-0.0513280
-0.0100531
-0.0466989
-0.0077609
-0.0403891
-0.0097353
0.0376940
0.0027758
-0.0266267
0.0369350
0.0192078
0.0380278
-0.0584098
0.0200083
-0.0580503
-0.0830919
-0.0714950
-0.0207343
-0.0148119
-0.0204415
0.0878888
0.0245284
0.0908936
0.1122187
0.0873373
0.0454576
0.0419363
0.0144366
-0.1388821
-0.2386885
-0.1872864
-0.2438897
-0.1764596
-0.0850500
0.1242126
0.4036153
0.4919262
0.4523410
0.1839154
-0.2079903
-0.5334944
-0.4761106
-0.3421252
-0.0903373
0.0315867
0.1242333
0.1957226
0.2323929
0.1396953
0.1673017
0.1358912
-0.0403231
-0.0687236
-0.0998691
-0.1074111
-0.0906992
-0.0816511
-0.0375678
0.0229987
0.0294572
-0.0490193
-0.0431687
0.0681266
0.0563626
0.0674799
0.0876080
0.0017749
-0.0119888
-0.0213488
-0.0083564
0.0400630
-0.0278184
-0.0451003
-0.0451216
-0.0690953
-0.0151169
-0.0302675
-0.0255350
0.0147841
0.0450841
-0.0307436
0.0565582
0.0694840
0.0035964
0.0594803
-0.0058624
-0.0627764
0.0365587
-0.0565232
-0.0246166
-0.0464205
0.0548095
-0.0390591
0.0503068
-0.0229444
0.0363305
0.0426004
0.0538184
-0.0232484
0.0642827
-0.0396419
-0.0038971
-0.0247809
0.0377540
0.0549942
0.0016213
0.0107035
-0.0287018
0.0399432
-0.0483849
0.0017717
-0.0314328
0.0339202
-0.0323982
0.0125325
-0.0593429
0.0569537
-0.0459471
-0.0221208
0.0516594
0.0269476
0.0051576
0.0643313
-0.0305577
-0.0575026
-0.0219272
0.0438785
-0.0100265
0.0349713
0.0127528
0.0217615
0.0192843
-0.0475657
0.0166639
-0.0010997
0.0638958
0.0260738
-0.0227296
0.0080370
-0.0181311
0.0695595
0.0409905
-0.0209524
-0.0504940
-0.0535166
0.0242757
0.0095287
0.0159168
0.0012694
0.0366561
0.0125005
0.0551160
-0.0363184
0.0576688
0.0560971
0.0379972
0.0640700
-0.0030179
0.0237169
-0.0385135
-0.0860592
-0.1171287
-0.1532535
-0.1582230
-0.1489714
-0.1577968
0.0104853
0.1014726
0.3467311
0.5980201
0.4972022
0.1317953
-0.2599727
-0.5481411
-0.5281347
-0.3420471
-0.0656354
0.0971070
0.1244551
0.2215418
0.1719257
0.1805530
0.0973429
0.0828053
-0.0704487
-0.0886699
-0.0243508
-0.0785442
-0.0482706
-0.0340565
-0.0635730
-0.0891392
-0.0704493
-0.0272484
-0.0134338
0.0831727
0.0181506
0.0500107
0.0735303
-0.0154772
0.0069953
0.0469031
0.0279684
0.0104151
0.0058355
-0.0647341
0.0238764
-0.0434714
0.0239947
-0.0537015
0.0082585
-0.0386241
-0.0059810
0.0214585
0.0220751
-0.0063329
0.0035226
-0.0141678
-0.0099791
0.0100765
0.0226564
0.0201462
-0.0151329
0.0530224
0.0235217
-0.0032481
0.0155785
0.0228050
-0.0390135
-0.0396425
-0.0390792
-0.0465156
0.0155298
-0.0306104
-0.0606189
0.0395746
0.0022851
-0.0260656
-0.0088217
0.0146046
0.0072473
-0.0066422
0.0134003
0.0451124
0.0125867
-0.0608792
0.0418880
0.0356579
-0.0584769
0.0359418
-0.0517728
-0.0069681
0.0101475
-0.0049674
-0.0349886
0.0303374
0.0293006
0.0615954
0.0161893
0.0494640
-0.0314424
0.0228036
-0.0679726
-0.0354433
0.0179302
-0.0409699
-0.0592722
0.0207963
-0.0445410
-0.0485153
0.0524249
0.0504900
0.0696038
0.0469469
0.0071435
0.0314291
-0.0300597
-0.0571716
-0.0852247
-0.0910543
-0.0804959
-0.0387613
-0.0188087
0.0260922
-0.0313155
-0.0036024
-0.0073411
0.0446789
0.0375341
0.1267805
0.0984873
0.1243239
0.0406343
0.0083722
-0.1448219
-0.2214795
-0.2481793
-0.1578366
-0.1284276
-0.0420538
0.1238766
0.3217271
0.5494039
0.4845306
0.1660784
-0.1521772
-0.3907507
-0.4390563
-0.2886610
-0.2124751
-0.0198882
0.0767960
0.1699804
0.1661073
0.1660154
0.2258593
0.1428300
0.0758020
-0.0829734
-0.0729834
-0.0563652
-0.0608276
-0.0158405
-0.0483984
-0.0392859
-0.0611053
-0.0506804
0.0115121
0.0390974
0.0397131
0.1175428
0.0597330
0.0881208
0.0132512
-0.0176176
0.0014901
-0.0308143
-0.0365865
-0.0909373
-0.0570316
-0.0320197
-0.0694958
-0.0163106
0.0307827
-0.0040988
0.0622271
0.0142546
0.0072717
0.0742389
0.0553066
0.0089942
