-0.1201532
-0.0846853
-0.0234347
0.1022240
0.1727108
0.1221906
0.0525444
0.0058154
-0.0734172
-0.0734513
-0.0568890
-0.0426149
-0.0573482
-0.0230159
0.0059585
0.0159835
0.0565319
0.0024977
0.0225241
0.1257034
0.1222990
0.1094315
0.0120005
0.0155802
0.0504448
-0.0919125
-0.0811825
-0.1361666
-0.1239689
-0.1391150
-0.1067217
-0.0612391
0.0914030
0.2097299
0.1735945
0.2020156
0.2069379
0.2012174
0.0992947
-0.1916878
-0.5400371
-0.6286461
-0.4257927
0.0227991
0.3418716
0.3929536
0.2549235
0.1204029
0.1382333
-0.0017379
-0.0380207
-0.0629332
-0.1206701
-0.0984183
-0.0955396
-0.0392238
-0.0325853
-0.0544397
-0.0063234
0.0321705
-0.0131719
0.0231440
-0.0012983
0.0890529
-0.0069294
0.0288305
0.0443055
-0.0498644
0.0373166
-0.0548038
-0.0472855
0.0151198
-0.0739597
-0.0535685
-0.0089925
0.0160153
-0.0359930
-0.0282183
0.0706106
-0.0056208
-0.0146249
-0.0465013
0.0452740
-0.0143650
0.0079516
0.0114123
-0.0364503
0.0375783
0.0417363
0.0486978
0.0568566
0.0424533
0.0214264
0.0022934
0.0070007
0.0238239
0.0571208
0.0302216
0.0285881
0.0591032
0.0511489
-0.0218778
-0.0174635
0.0306147
-0.0634075
0.0401880
0.0482076
-0.0041562
-0.0265270
-0.0383877
0.0021207
-0.0320905
-0.0254799
-0.0530113
0.0347701
-0.0197210
-0.0032057
0.0383055
-0.0582991
0.0163412
-0.0524524
0.0025611
0.0490784
0.0326408
-0.0160325
0.0540211
-0.0059252
0.0001601
0.0136610
0.0414081
-0.0262149
-0.1062127
-0.0978078
-0.0573366
0.0646338
0.0959514
0.1484134
0.1288726
-0.0057930
0.0014197
-0.0845821
0.0179141
-0.0841061
-0.0683564
0.0067803
0.0114448
-0.0397286
0.0415915
0.0106638
0.0668727
0.0204673
0.0389847
0.0985166
0.0906400
0.0506601
0.0861982
-0.0623264
-0.0122114
-0.1249237
-0.0853276
-0.1424840
-0.1697998
-0.1318409
-0.0089179
0.0480340
0.1579832
0.2026287
0.2193607
0.2739665
0.1844512
0.0361195
-0.2925410
-0.5779077
-0.6189158
-0.2971778
0.1196721
0.3095639
0.3265255
0.2708121
0.1731978
0.1229992
0.0333506
-0.0114235
-0.1004212
-0.0978790
-0.1283876
-0.1186656
-0.0559833
0.0061446
-0.0029204
0.0652881
0.0423676
0.0471709
0.0070607
0.1047876
0.0672925
0.0705723
-0.0041348
-0.0152116
-0.0269154
-0.0273825
0.0337046
0.0296086
-0.0644282
-0.0613311
0.0335637
-0.0229718
0.0092684
-0.0443859
0.0465774
-0.0132154
0.0554831
0.0275525
-0.0298998
-0.0067782
-0.0411620
0.0165721
-0.0188056
0.0374892
-0.0475095
0.0173382
0.0050463
-0.0116578
0.0157966
0.0339409
0.0190777
-0.0437937
-0.0087442
0.0378049
-0.0379523
-0.0120220
0.0393114
0.0276279
0.0160733
-0.0411526
0.0206775
-0.0590940
0.0106794
-0.0423138
-0.0133868
-0.0519333
0.0371461
-0.0188283
-0.0327800
0.0009139
0.0255837
0.0213744
0.0516923
-0.0519654
-0.0002654
-0.0154106
0.0442024
-0.0068728
-0.0334489
-0.0467006
0.0217969
-0.0249933
0.0384153
-0.0196862
-0.0362019
0.0354003
-0.0481728
-0.0200311
-0.0715757
-0.0569225
-0.0690345
0.0076467
0.0591545
0.0973472
0.1118838
-0.0204324
-0.0487780
0.0077851
-0.0800468
-0.0261865
-0.0060763
-0.0683639
-0.0180907
-0.0367528
0.0076110
-0.0308755
0.0131583
0.0104186
0.0593808
0.0677435
0.0501128
0.0972215
-0.0259496
-0.0496200
-0.0621224
-0.1107310
-0.1530376
-0.2300518
-0.1625881
-0.0839118
-0.0115165
0.1963191
0.2191411
0.2860098
0.2797108
0.3021852
0.1486165
-0.1404683
-0.4731981
-0.6346340
-0.5442017
-0.2191276
0.1878461
0.2697379
0.3567842
0.1626666
0.1956387
0.0519519
0.0697253
-0.0077006
-0.0295192
-0.0897373
-0.1087159
-0.0632774
-0.0590125
-0.0636555
-0.0044908
0.0314896
0.0863738
0.0649824
0.0511028
0.0357737
-0.0129914
-0.0284300
0.0102590
-0.0220454
0.0402340
-0.0804812
-0.0024579
-0.0518250
-0.0181615
-0.0454540
-0.0151332
-0.0290511
0.0535260
0.0250414
-0.0217741
0.0619533
0.0280815
0.0532749
-0.0403435
-0.0441021
0.0260053
0.0176240
0.0443475
0.0545752
-0.0581695
-0.0624662
0.0087684
0.0462088
0.0387722
0.0423248
-0.0313645
0.0210168
0.0205286
0.0035083
0.0143388
0.0664635
0.0124100
-0.0245817
-0.0120913
-0.0335208
0.0198909
0.0059360
-0.0427312
0.0419098
0.0585280
0.0081544
0.0624153
0.0308354
0.0575172
-0.0296210
0.0469917
-0.0553111
0.0456534
0.0080021
-0.0621770
-0.0333763
0.0369428
-0.0534108
0.0520359
-0.0515122
-0.0204345
0.0360725
-0.0450932
0.0503970
0.0633666
0.0343639
-0.0041558
-0.0419772
0.0219349
-0.0503859
-0.0331111
0.0269196
0.0783930
0.1070956
0.0288544
0.0138100
0.0524676
0.0251785
-0.0263690
-0.0790751
-0.0383040
0.0183478
-0.0967155
0.0203175
-0.0707001
-0.0661724
0.0550764
0.0764313
0.1034274
0.0493395
0.0561239
0.0674788
0.0324970
-0.0006499
-0.0052724
-0.0006204
-0.1481011
-0.1545557
-0.1204047
-0.0997215
-0.0699441
0.0275407
0.0217622
0.1340905
0.1853963
0.2876143
0.3257522
0.2745869
0.0268778
-0.3449808
-0.5528502
-0.4738043
-0.2140757
0.1759967
0.2375717
0.2186545
0.1536889
0.1129305
0.1218109
0.0033718
-0.0257218
-0.0160634
-0.1251245
-0.1349845
-0.0723449
-0.0269243
-0.0932082
-0.0570631
0.0561080
-0.0068974
0.0382956
0.0052986
0.0941793
0.0148643
-0.0013878
-0.0010795
-0.0558449
-0.0681687
-0.0192072
0.0048004
-0.0198138
0.0352491
0.0033547
-0.0612178
-0.0414875
-0.0193858
-0.0403713
0.0663512
0.0562373
-0.0428772
0.0204362
-0.0362534
-0.0045815
0.0111862
-0.0046789
-0.0482945
-0.0286202
-0.0122667
0.0268492
-0.0328467
-0.0196700
0.0434829
-0.0293665
-0.0349205
-0.0282691
-0.0596398
0.0229659
0.0447605
0.0199479
-0.0188220
-0.0102672
0.0143088
0.0426715
-0.0458808
-0.0511761
0.0300439
-0.0389377
0.0525602
-0.0550278
-0.0011405
0.0315364
0.0023318
-0.0103786
-0.0040902
0.0067567
-0.0214080
0.0527884
-0.0162705
-0.0429436
-0.0398650
-0.0271522
0.0464950
-0.0010950
0.0103018
0.0011776
0.0142778
0.0440316
0.0072394
0.0558841
0.0190463
0.0062690
-0.0612845
0.0157170
0.0565578
0.0788119
0.0752961
0.0301667
0.0546928
0.0338750
-0.0201438
0.0055912
0.0043560
-0.0681512
-0.0140153
-0.0224848
0.0206421
0.0328295
0.0024477
0.0526083
0.0704865
0.0211883
0.0851760
0.1212678
0.0179863
0.0982338
0.0086732
-0.0098879
-0.0507396
-0.1409259
-0.0768045
-0.1934379
-0.1588636
-0.0702173
0.0072566
0.0943494
0.1614399
0.2600787
0.3330072
0.2467842
0.1875548
-0.1267715
-0.4436690
-0.5603913
-0.3709294
-0.1421504
0.2121548
0.2765285
0.2315022
0.1417434
0.1282766
0.1154993
0.0728663
-0.0907936
-0.0586829
-0.0684251
-0.1271423
-0.1149476
-0.1034573
-0.0749233
-0.0117773
0.0168034
0.0339467
-0.0047631
-0.0083182
0.0822514
0.0035223
-0.0367614
-0.0435992
-0.0244279
0.0423483
0.0177300
-0.0516386
0.0101853
-0.0038208
0.0052712
0.0278156
0.0565396
-0.0396018
-0.0446626
0.0645852
-0.0026564
0.0549962
0.0410229
-0.0388306
0.0343363
-0.0036398
0.0153805
0.0226644
0.0106137
0.0019824
0.0022645
0.0245361
-0.0234259
-0.0116198
-0.0137142
-0.0466414
-0.0002687
0.0404721
-0.0398185
0.0101441
0.0192583
-0.0262582
-0.0359474
0.0638973
-0.0531977
-0.0387377
0.0085271
-0.0266746
-0.0473843
0.0192456
0.0277544
0.0044501
0.0234495
0.0221482
-0.0112197
0.0344870
-0.0105425
0.0246237
0.0144763
-0.0034910
0.0441950
0.0352962
0.0073756
-0.0453185
-0.0039224
0.0355057
0.0453346
-0.0362017
-0.0337031
0.0420977
0.0013539
-0.0546436
-0.1280059
-0.0535057
-0.0387551
0.0455178
0.1545483
0.1064027
0.0300787
-0.0336154
-0.0227233
-0.0226854
-0.0126159
0.0020035
0.0016016
-0.0617826
-0.0407420
0.0291507
0.0085696
0.0226647
0.0134450
0.0829913
0.1163937
0.0298499
0.0768986
-0.0039200
0.0136262
0.0113192
-0.0771791
-0.1587790
-0.1650305
-0.2110126
-0.1607224
-0.0684023
0.0681536
0.1754958
0.2101899
0.2566246
0.3054368
0.2841148
0.0813324
-0.2375446
-0.5571755
-0.5872859
-0.3427784
-0.0320955
0.2994289
0.3185564
0.2315428
0.1059745
0.1069929
0.1030600
0.0210823
-0.0120837
-0.0706667
-0.1239280
-0.1320700
-0.1186787
-0.0993899
-0.0669208
-0.0051871
-0.0008526
0.0670396
0.0282064
0.0985622
0.0258263
-0.0312977
0.0147650
0.0093892
-0.0541260
-0.0657655
0.0025204
0.0027575
-0.0401578
-0.0356339
-0.0112752
0.0025708
-0.0370929
-0.0520206
-0.0422694
0.0032512
0.0182487
-0.0042074
-0.0296494
0.0057050
0.0552122
-0.0040389
0.0194116
0.0486777
-0.0331718
0.0183726
0.0345254
-0.0092198
0.0289455
0.0610669
-0.0187779
-0.0241834
-0.0082942
-0.0184967
-0.0335579
0.0147352
0.0066919
0.0563909
0.0294552
0.0479709
-0.0284391
0.0445077
0.0500012
-0.0148066
0.0277205
0.0016950
-0.0501597
0.0398685
0.0101817
0.0424464
-0.0170344
-0.0264230
-0.0511099
-0.0514454
0.0125260
0.0046188
0.0102079
0.0359474
-0.0405864
-0.0424955
-0.0489648
0.0041231
-0.0313483
0.0179049
0.0211951
-0.0025486
0.0612103
0.0049047
-0.0355983
-0.0731884
-0.0605012
0.0181498
0.1406245
0.0756719
0.0541875
0.0291473
0.0224165
-0.0056110
-0.0044757
-0.0317942
-0.0873143
-0.0438443
-0.0302705
-0.0155722
-0.0709045
-0.0306527
0.0613037
0.0536531
0.0716223
0.0243235
0.0727761
0.0246026
0.0900534
0.0304105
-0.0406423
-0.0721758
-0.1680203
-0.1286317
-0.1091851
-0.1000155
0.0258897
0.1185641
0.2329389
0.2711506
0.2107496
0.2931121
0.2125773
0.0525029
-0.3191828
-0.5388812
-0.5631553
-0.3254870
0.0782079
0.3544331
0.3144634
0.2183320
0.1826701
0.1108043
0.0498618
-0.0210742
-0.0547457
-0.1121125
-0.0671551
-0.0464267
-0.0268206
0.0041811
-0.0223675
0.0507182
0.0886984
0.0031035
0.1071312
0.0599780
0.0111852
0.0458190
-0.0415632
-0.0595377
0.0122055
-0.0141748
-0.0731153
-0.0711010
-0.0828827
-0.0890128
0.0202444
0.0012125
-0.0128029
0.0168272
-0.0093371
0.0882220
0.0300418
0.0586124
0.0465257
0.0404380
0.0151632
-0.0372289
0.0093780
-0.0779115
-0.0533121
-0.0462857
-0.0040790
0.0217593
-0.0265341
0.0090229
0.0919163
0.2394139
0.2382561
0.0415634
-0.0823106
-0.2878265
-0.1569401
-0.0634437
0.0416699
0.0302716
-0.0005442
-0.0686944
0.0266431
0.0528300
0.1792568
0.1280699
0.0362828
0.0116674
-0.0308411
-0.0564315
-0.0949906
-0.0791022
-0.0128386
-0.0359761
0.0167416
0.0406713
0.0751051
0.0808927
0.0601638
0.0457540
-0.0031630
0.0180574
-0.0151041
-0.0101733
0.0012474
-0.0279544
-0.0320430
-0.0071537
0.0248198
0.0121972
0.0645176
0.0788673
0.0609225
-0.0258371
0.0159957
-0.0407483
-0.0438174
0.0280854
-0.0128557
-0.0157289
-0.0014982
-0.0278160
-0.0168000
0.0204698
0.0654174
0.0061150
0.0164427
0.0479041
0.0540755
0.0483258
0.0486590
-0.0284955
0.0075246
-0.0267548
0.0331608
-0.0071906
-0.0169927
-0.0158661
0.0203934
-0.0051310
-0.0327509
0.0048601
-0.0479291
0.0308294
-0.0045886
0.0448598
-0.0105508
-0.0337836
0.0260354
0.0136755
-0.0109271
-0.0437929
-0.0550211
-0.0162700
0.0119614
0.0042047
-0.0247617
-0.0324818
-0.0520460
-0.0222203
-0.0357124
0.0165877
-0.0485991
0.0438452
0.0210770
-0.0233136
-0.0120420
0.0198177
-0.0340919
-0.0306838
-0.0388834
0.0206396
0.0237251
-0.0366859
0.0250091
-0.0170586
0.0168855
-0.0067952
0.0154174
0.0488049
-0.0021398
0.0389652
0.0350603
0.0083203
0.0588468
-0.0563358
0.0201830
0.0373030
0.0153400
-0.0386169
0.0210471
0.0003536
-0.0175368
-0.0556180
0.0074142
0.0586933
-0.0209418
0.0222492
0.0428872
0.0329673
0.0593045
0.0165002
-0.0400022
-0.0565670
-0.0242836
0.0058856
-0.0311563
0.0170956
0.0445477
-0.0494251
-0.0038264
0.0373954
-0.0207319
0.0422552
0.0451074
0.0381395
0.0314434
-0.0504756
-0.0244204
-0.0569921
-0.0514411
0.0527325
-0.0331150
-0.0359751
0.0590742
0.0295616
-0.0490920
-0.0048365
-0.0238592
0.0398001
-0.0078590
-0.0083602
-0.0623768
0.0439289
-0.0383236
0.0215217
0.0278407
-0.0135358
-0.0370504
0.0723954
-0.0171011
0.0525285
0.0259728
-0.0087822
-0.1321119
-0.0641703
-0.0163572
0.0891495
0.1339767
0.1482610
0.0959250
-0.0464181
-0.0134769
-0.0019337
-0.0836239
0.0078883
-0.0598991
-0.0269430
-0.0556620
-0.0582251
-0.0566082
-0.0365890
0.0840446
0.0011413
0.0105561
0.0799400
0.0467684
0.0399542
0.0638282
0.0084369
-0.1076415
-0.1541933
-0.0669623
-0.1024771
-0.1106660
-0.0349599
0.0452329
0.1633458
0.2262781
0.2719432
0.1766376
0.1954738
0.1256803
-0.1050335
-0.3481261
-0.5132043
-0.3390255
-0.1502266
0.1125689
0.2554372
0.2750404
0.1737238
0.1202473
0.0205383
0.0339524
0.0155151
-0.0230996
-0.0669996
-0.1111673
-0.1130561
-0.1049470
0.0140858
-0.0261330
0.0474441
-0.0039884
0.0068230
0.0243126
0.0733672
0.0131405
0.0132919
-0.0345542
-0.0071094
0.0015879
0.0266077
0.0029829
0.0102862
-0.0005194
-0.0292624
-0.0028582
0.0156712
0.0373266
-0.0295703
0.0682400
0.0449534
-0.0111412
-0.0443614
-0.0441499
-0.0474400
-0.0080153
-0.0387898
0.0414541
-0.0519805
0.0420264
0.0332371
0.0388950
0.0101468
0.0327463
0.0470787
0.0038839
0.0005931
0.0247856
0.0323523
-0.0018080
-0.0268208
-0.0569182
0.0088029
0.0437533
-0.0002194
0.0638041
0.0092440
-0.0209513
-0.0200988
0.0242087
0.0399274
-0.0474398
-0.0025886
-0.0473424
0.0341581
-0.0602301
-0.0093469
-0.0371072
0.0525700
0.0076068
0.0078535
0.0227768
0.0132129
-0.0307541
0.0142820
0.0598011
0.0399385
0.0050278
-0.0207808
-0.0515056
-0.0070267
-0.0284889
-0.0430501
-0.0526428
-0.0258178
-0.0318563
0.0373810
0.0143426
0.0772020
-0.0145925
0.0504844
0.0051716
-0.0415035
-0.0507605
-0.0292295
-0.0462329
-0.0206218
-0.0440451
-0.0098458
-0.0556984
-0.0220600
-0.0080013
0.0013688
0.0367013
0.1124598
0.0524616
0.0532895
0.0066132
0.0003960
-0.0963044
-0.0573825
-0.1297406
-0.1898951
-0.1757023
-0.1044172
0.0305614
0.1251741
0.1497498
0.2657853
0.3130830
0.2659307
0.2518547
0.0036001
-0.3291712
-0.5172106
-0.4573087
-0.1337679
0.0806994
0.2143850
0.2290438
0.1870000
0.1088646
0.0921363
0.0288578
-0.0441854
-0.0116804
-0.0549640
-0.0372159
-0.1259221
-0.0264126
-0.0975520
0.0003599
0.0222665
