-0.1506023
-0.2002407
-0.1053317
-0.0867037
-0.0403717
-0.0006983
0.1138875
0.0053338
0.1051403
0.1418360
-0.0328988
-0.0280446
0.0007982
0.0072737
-0.0164594
-0.0068447
-0.0372280
-0.0379940
-0.0595268
0.0243889
-0.0564627
0.0249245
-0.0023439
-0.0338177
0.0391927
0.0227525
-0.0041940
-0.0313553
0.0235316
-0.0605829
-0.0835917
0.0672347
0.0694267
0.0566979
0.0246788
0.0008444
-0.0267903
-0.0947437
0.0196789
0.0061075
0.0870330
-0.0380658
-0.0478509
-0.0599220
0.0427062
0.0771028
0.0540911
0.0881097
-0.0547775
0.0314574
0.0825538
-0.0771574
0.0048377
-0.0332773
0.0266472
-0.0192545
-0.0556749
0.0805131
0.0242626
-0.0352661
0.0281736
-0.0377321
0.0452685
-0.0228317
0.0554357
-0.0805474
-0.0152433
0.0315953
0.0503758
0.0694927
-0.0143567
-0.0112671
-0.0887314
0.0747892
0.0643212
-0.0875305
-0.0906812
0.0265176
-0.0031620
0.0665574
0.0322914
-0.0289795
-0.0186763
0.0542836
0.0153405
0.0086993
0.0313776
-0.0848490
0.0130846
0.0380875
-0.0532019
0.0920922
0.0347696
0.0094973
-0.0136420
0.0524698
0.0175119
-0.0780774
0.0536659
-0.0379410
0.0194177
0.0792427
0.0714409
-0.0402865
-0.0137125
-0.0364677
-0.0882319
-0.0876306
-0.0929299
-0.0713833
0.0676967
-0.0158147
0.0013693
0.0784568
-0.0482840
0.0640139
-0.0018683
0.0418775
-0.0215940
-0.0470862
-0.1201014
0.0167512
0.0628894
0.0142713
0.0111646
0.0932989
-0.0376849
0.0812183
0.0333046
0.0351884
0.0594725
-0.0491052
0.0877146
-0.0546478
-0.0698528
-0.2087515
-0.2004894
-0.1410608
-0.1140056
-0.0970452
-0.0677373
0.1815322
0.4694191
0.6413507
0.5891196
-0.0172126
-0.6735275
-0.8962350
-0.6324964
0.0463853
0.4119299
0.3630010
0.1889521
0.0427053
0.1004431
0.0449370
0.0955397
-0.1167641
-0.0688387
-0.1343100
0.0083018
-0.0592757
-0.1105862
-0.0040349
0.0208466
0.0229411
0.0623141
-0.0189067
0.0395899
0.0179906
0.0340397
-0.0560189
0.0786885
-0.0242351
0.0288193
0.0346125
-0.0227548
-0.0487427
-0.0946135
-0.0237350
-0.0695154
0.0347618
-0.0476748
0.0224920
-0.0352525
-0.0305610
0.0778461
-0.0825581
0.0138524
0.0358568
-0.0844328
0.0463358
-0.0375765
-0.0884973
0.0419807
0.0167155
0.0339059
0.0068136
0.0227232
-0.0046392
0.0692084
-0.0255854
-0.0147900
0.0125980
-0.0200258
0.0236241
0.0141515
0.0666387
0.0160316
0.0431413
-0.0422529
-0.0853744
0.0750891
0.0442412
0.0422877
-0.0867681
-0.0180186
0.0716564
0.0435635
0.0357536
0.0794455
-0.0333498
-0.0569667
0.0074317
0.0162934
-0.0518172
-0.0232860
-0.0143891
0.0472121
0.0267372
0.1035424
0.0108804
0.0845895
0.0076797
0.0206757
0.0287112
0.0241642
-0.0068380
-0.0756385
0.0236819
-0.0540634
-0.0202536
0.0678901
0.1103111
0.1349023
0.1096770
0.1251264
0.0912436
-0.0643104
-0.1031332
-0.0540795
-0.0846688
-0.1189466
-0.1610354
-0.2016375
-0.1651944
-0.0007633
0.1972281
0.1728683
0.4858618
0.4738270
0.5223470
-0.0052813
-0.5781862
-0.9323537
-0.7056337
-0.1861492
0.2961170
0.5494333
0.3907530
0.1524109
0.0116049
0.1113854
-0.0190352
0.0089465
-0.1783922
-0.0841292
-0.0987090
-0.0813620
-0.1232542
-0.1105015
0.0623452
-0.0356802
-0.0177893
0.0214077
0.0608251
0.0283388
0.0427407
-0.0616354
-0.0465815
0.0357555
-0.0612202
-0.0812734
-0.1164814
-0.0336488
0.0152560
-0.0868222
0.0260718
0.0437773
-0.0580002
-0.0063504
0.0438670
0.0933729
-0.0422372
0.0762482
-0.0555438
-0.0871371
-0.0082655
-0.0238113
0.0637287
-0.0317066
-0.0712556
0.0606637
-0.0738175
0.0783113
0.0588837
-0.0837944
0.0203282
0.0437913
-0.0850743
-0.0827291
0.0532334
-0.0458649
0.0268740
0.0797827
0.0858387
-0.0303089
0.0066791
0.0661452
-0.0891691
-0.0022654
0.0319854
-0.0927191
-0.0666776
0.0444253
0.0589643
-0.0067142
0.0586977
-0.0080532
-0.0362646
0.0283406
-0.0814602
-0.0897057
-0.1307154
-0.0835343
-0.0509676
0.0277596
0.0896190
0.0016904
0.0429022
0.0455164
0.0443974
-0.0403723
-0.1367606
-0.1371480
-0.1049059
0.0300133
0.0707686
0.0286371
0.0859029
0.0396086
0.0373563
0.1076222
-0.0161082
0.1075980
0.0378480
-0.0100590
-0.0782657
-0.1138250
-0.1322225
-0.1572934
-0.1319862
-0.0878878
0.1697307
0.2429934
0.4528435
0.5193903
0.4657068
0.1737891
-0.3616509
-0.8438444
-0.8750332
-0.4373986
0.2069181
0.4269975
0.3462510
0.3175427
0.1416387
0.0402695
0.1245008
0.0808230
-0.0263441
-0.1172426
-0.0295048
-0.1105392
-0.0804648
-0.1296669
-0.0223318
0.0341934
0.1044280
0.0059482
0.1010923
0.0634795
0.0551957
0.0501283
0.0504488
-0.0358823
-0.0768024
-0.0283959
-0.0470085
0.0369013
-0.0359561
-0.0324363
-0.0779163
0.0266731
-0.0120748
0.0897338
-0.0315128
0.0959983
-0.0236969
-0.0409242
-0.0522037
0.0446285
-0.0314918
-0.0877176
0.0528317
-0.0918742
0.0614008
-0.0379475
0.0708689
0.0965493
-0.0371473
-0.0544531
0.0428992
0.0346707
0.0508564
-0.0329788
0.0645636
0.0745989
0.0091243
0.0865967
0.0919184
0.0840690
0.0101272
0.0514457
-0.0772081
-0.0685283
0.0823699
-0.0443977
-0.0450115
-0.0751137
-0.0544998
-0.0643609
0.0760103
0.0165047
-0.0500059
0.0082091
-0.0560260
0.0290244
-0.0875833
-0.0990505
-0.0958685
0.0127332
0.0070553
0.0696798
0.0062518
0.0439904
0.0473026
-0.0921432
0.0106011
-0.0163532
-0.0600363
-0.1450531
-0.0896528
0.0489251
-0.0069331
0.0190061
0.0641458
0.1402277
0.1188250
0.0318083
0.1363779
-0.0174436
-0.0387491
0.0205134
-0.0657067
-0.1524069
-0.1806298
-0.1104378
-0.1530759
-0.0027356
0.0614568
0.2197367
0.3719823
0.4381476
0.4324925
0.2811621
-0.2401050
-0.7975342
-0.9011766
-0.5286499
0.0207945
0.3493892
0.4070453
0.2675854
0.0637131
0.0605778
0.0066126
0.0353881
-0.0700690
-0.1002589
-0.1442316
-0.1336144
-0.1024094
-0.1107030
-0.1239699
0.0786902
0.0062953
0.0795536
0.1270674
0.0966091
0.1029018
0.1149455
0.0391754
0.0736892
-0.0842562
-0.1073868
-0.0249350
-0.0138756
-0.0626517
0.0685350
0.0013534
0.0059541
-0.0806273
0.0474874
-0.0750509
0.0044356
-0.0198268
-0.0233123
0.0878648
-0.0832673
0.0877430
0.0134048
0.0197741
0.0050160
-0.0687075
-0.0292499
-0.0593632
-0.0340259
-0.0055264
0.0222380
0.0249672
0.0635222
0.0021854
0.0042402
-0.0182998
-0.0048196
-0.0117374
0.0563595
-0.0211229
0.0004062
0.0383853
-0.0202632
0.0765418
0.0479517
0.0643700
0.0052780
0.0846676
0.0115767
-0.0362043
0.0724610
0.0561566
0.0456926
-0.0182640
0.0796284
0.0940094
0.0590207
-0.0069991
-0.1167653
-0.1036919
-0.0119616
-0.0579696
0.0765532
0.1204003
0.1299932
0.0457677
-0.0999965
-0.0577926
-0.1326043
-0.1381022
0.0021467
-0.0646959
0.0376728
-0.0255409
-0.0120984
0.0968006
0.0039768
0.0994573
0.0847355
0.0799787
0.1007148
0.0655254
-0.0304118
-0.0433718
-0.1547455
-0.2653659
-0.1288804
-0.0379319
0.0186749
0.1112302
0.1879723
0.3983652
0.5166779
0.4972670
0.2496571
-0.3053235
-0.7631680
-0.7558290
-0.5226552
0.0704489
0.4559209
0.4899380
0.2720104
0.1289134
0.0244889
0.0465910
0.0959768
-0.0329495
-0.1734460
-0.1615888
-0.0221051
-0.0979558
0.0205114
-0.0918994
-0.0831451
0.0296096
-0.0256701
0.0851756
0.0919099
0.0634075
0.0459776
-0.0092504
-0.0474104
-0.0776499
-0.0207938
-0.0921096
-0.0980446
-0.1041070
0.0290706
0.0137621
0.0267912
-0.0834935
0.0005241
0.0387167
-0.0591314
0.0181687
-0.0150870
-0.0205654
-0.0123368
-0.0434248
0.0718447
-0.0319890
-0.0540103
0.0823762
-0.0728308
-0.0124608
-0.0797297
-0.0265452
0.0310010
0.0850859
-0.0356264
-0.0371669
-0.0293135
-0.0617428
-0.0398446
-0.0127409
0.0396746
-0.0419043
0.0549460
-0.0487348
0.0136063
0.0203643
0.0718221
-0.0820159
0.0603801
0.0312824
0.0756313
0.0000969
-0.0933060
-0.0274357
0.0834860
-0.0515162
0.0976133
-0.0058407
0.0185511
-0.0478382
-0.0500284
-0.0080732
-0.0814296
-0.0358460
0.1133835
0.1042113
0.0380290
0.0247555
-0.0682697
-0.0239090
-0.0878024
0.0145991
-0.0749182
0.0042922
0.0257470
0.0505678
-0.0354885
0.0916916
0.0556874
0.0168593
0.1132788
0.0518974
0.0911377
0.0207802
0.0111672
-0.0647332
-0.1424803
-0.0921811
-0.1613058
-0.2466736
-0.0915849
-0.0345894
0.2339536
0.2280676
0.4183448
0.5175124
0.3506393
0.1185908
-0.3724664
-0.8128117
-0.8781943
-0.4754338
0.0003606
0.4320793
0.4442219
0.3494500
0.1188423
0.0230454
0.1100569
-0.0149490
-0.0358975
-0.0988495
-0.0442742
-0.0152831
-0.0159973
-0.1002410
-0.0409771
0.0819160
-0.0174722
0.1206134
0.0060465
0.0765981
0.0702566
-0.0103417
-0.0055976
-0.0945347
0.0016442
0.0624637
-0.0272897
-0.0230527
-0.0952958
-0.0044265
-0.0968589
0.0052713
-0.0462577
-0.0180217
0.0109532
0.0731794
0.0110462
0.0855248
0.0699778
0.0254257
-0.0901130
0.0209193
-0.0453170
-0.0672179
0.0077240
-0.0709935
0.0729661
-0.0478101
-0.0135419
-0.0746880
-0.0650485
0.0199837
0.0697153
0.0079341
0.0367263
-0.0821331
-0.0653812
-0.0285054
0.0669951
0.0392710
-0.0758908
0.0211426
-0.0702667
0.0519337
0.0848292
-0.0229756
-0.0690760
0.0691851
0.0566436
0.0441514
0.0185587
-0.0765393
0.0370334
-0.0718035
0.0720760
-0.0249146
0.0423160
-0.0444727
-0.1180187
-0.0895321
0.0272833
-0.0175755
0.0672748
0.0664814
-0.0616989
-0.0939337
0.0043372
-0.0178392
0.0026524
-0.0022528
-0.1344489
-0.0899114
0.0090334
-0.0231353
0.1461722
0.0473333
0.1109705
0.1731784
0.1530238
0.1352392
-0.0515280
0.0232409
-0.1501968
-0.1285536
-0.2771701
-0.2816664
-0.1423037
-0.1011476
0.0634461
0.1380275
0.2250451
0.3681499
0.3648140
0.3031246
-0.0114578
-0.4305715
-0.7479020
-0.7096668
-0.3302195
0.2295893
0.3595457
0.3472193
0.3006048
0.1088598
0.1125664
-0.0247451
0.0571802
-0.0328073
-0.1174676
-0.1771976
-0.0703234
-0.0820037
-0.1445195
-0.0536457
0.1031442
-0.0053464
0.0853934
-0.0332726
0.0390584
0.0064904
0.0602445
0.0374846
-0.0356761
0.0704863
-0.0474849
0.0263798
-0.0041143
-0.0788195
-0.0231330
-0.0225526
-0.0141224
-0.0128415
-0.0562865
0.0160823
0.0590278
0.1028080
0.0316523
0.0661406
0.0733225
-0.0668915
0.0728728
-0.0326061
-0.0588537
-0.0932620
-0.0848895
-0.0040739
0.0706950
0.0425713
0.0389815
-0.0820950
0.0041485
0.0490779
0.0844898
-0.0427115
-0.0802087
0.0113493
0.0135312
0.0880161
-0.0310375
-0.0773891
0.0680680
0.0524721
0.0109800
0.0347623
-0.0714395
-0.0500706
0.0103718
0.0257260
0.0846992
0.0691280
-0.0310841
-0.0638402
0.0758753
0.1183292
-0.0665250
0.0557478
-0.0245563
-0.1696398
-0.0919347
0.0019043
0.1662431
0.1828186
0.0949436
0.0880992
-0.0693248
0.0311733
0.0163796
-0.0831915
-0.1001714
0.0459965
-0.0826830
0.0944040
0.0197310
0.0102547
0.0891482
0.0762737
0.0909375
0.0102254
0.0107724
0.0016610
0.0245680
-0.0989569
-0.0594983
-0.1047097
-0.1646948
-0.1224692
-0.0025036
0.0528892
0.1643778
0.2829408
0.2089691
0.3229884
0.2135923
0.0288682
-0.4833330
-0.6827652
-0.5716654
-0.1764285
0.1237019
0.3362933
0.3498470
0.2696210
0.0840215
0.0763714
0.1096794
-0.0294639
-0.0155097
-0.0653222
-0.1467507
-0.1679130
-0.0481015
-0.0526654
0.0349846
0.0672316
0.0800314
0.0060131
0.0588809
0.1181696
0.0002699
0.0101514
0.0434711
-0.0431931
0.0684786
0.0401249
-0.1076978
-0.0764600
0.0038273
0.0421692
-0.0203121
-0.0835756
-0.0366619
-0.0368066
-0.0187992
0.0246942
-0.0117424
-0.0685843
0.0673759
-0.0158450
0.0384269
0.0832264
-0.0080022
-0.0585476
-0.0494216
0.0090681
-0.0517627
0.0442272
0.0359104
0.0516148
-0.0853247
0.0805647
-0.0506614
-0.0627193
0.0814496
0.0382874
0.0067882
-0.0387152
0.0193818
0.0693984
0.0598713
-0.0191806
0.0775931
0.0117484
-0.0307843
0.0710146
0.0198293
0.0473390
0.0652017
-0.0875826
0.0906065
0.0566832
-0.0720179
0.0079439
0.0600075
0.0325757
0.0216698
-0.0577808
-0.0664821
-0.1000481
0.1328433
0.1656599
0.0766628
0.0536857
-0.0694543
-0.0294613
-0.0391204
-0.0704605
-0.0293670
-0.0858344
0.0240169
0.0569407
-0.0401701
-0.0386355
-0.0299991
0.1012128
0.1359328
0.1426389
0.1181780
-0.0093737
-0.0261719
-0.1320378
-0.1088383
-0.1594463
-0.1784201
-0.1866569
-0.1383157
0.1419910
0.2356684
0.2895439
0.1811938
0.2274290
0.3898376
0.0866893
-0.2735725
-0.5442887
-0.7242598
-0.4545665
-0.0685639
0.3561724
0.3103619
0.2943328
0.2018839
-0.0041128
0.1073758
0.0298856
-0.1406824
-0.0680685
-0.1387059
-0.1050893
-0.1640407
-0.1131397
0.0165982
-0.0021206
0.0501666
0.0964948
0.0362518
-0.0087495
-0.0270682
-0.0242293
-0.0673957
-0.0910405
0.0432774
-0.0136013
-0.0649077
0.0073950
-0.0526324
-0.0911989
-0.0592972
-0.0373755
0.0456186
0.0558388
-0.0446187
0.0399394
0.0053100
0.0715748
-0.0343961
0.0551839
0.0892974
0.0324327
-0.0871984
-0.0556438
-0.0677087
0.0693030
-0.0872937
0.0095044
0.0447292
0.0013277
0.0250118
-0.0557043
-0.0675903
0.0021365
-0.0510949
0.0017472
-0.0020827
-0.0250679
-0.0125105
-0.0405695
-0.0307911
-0.0121635
-0.0358947
-0.0338863
0.0064721
0.0089246
-0.0732152
0.0219031
0.0371255
0.0800792
0.0733945
0.0607900
0.0481008
0.0335939
-0.0418145
-0.0193356
0.0296993
-0.0440046
-0.0996377
0.0257343
0.1082261
0.0023768
-0.0097211
0.0899178
-0.0444259
-0.0834173
0.0095429
-0.0882290
-0.0619250
-0.0871177
0.0226920
0.0759998
0.1017003
0.1177429
0.1122104
0.0875300
0.0728158
-0.0201176
0.0863600
0.0274084
-0.0870168
-0.1112199
-0.2041441
-0.1445063
-0.2069103
-0.0318322
-0.0501294
0.1444926
0.3195971
0.3433344
0.2754255
0.3103513
0.1894845
-0.0521248
-0.3779068
-0.7006037
-0.6704623
-0.2731426
0.1628199
0.4453043
0.4736448
0.3520822
0.0959532
0.0266815
0.0518481
-0.0541537
-0.0448606
-0.1225825
-0.0793340
-0.0093165
0.0090395
-0.1249848
-0.0316775
0.0152555
0.0204906
0.0015739
-0.0062261
0.1180327
-0.0472716
-0.0435272
0.0294299
-0.0673966
-0.0684379
-0.0077262
-0.0988880
0.0153282
-0.0529841
0.0678159
-0.0694599
0.0647906
-0.0483317
-0.0676415
-0.0353963
0.0535239
-0.0433703
0.0265721
