-0.1697159
-0.1858366
-0.0056105
0.0242114
0.0976688
0.0741144
0.1006739
-0.0174985
-0.0086735
-0.0673644
-0.0703687
0.0088605
-0.0051458
-0.1063056
-0.0408880
0.0326533
-0.0379147
0.0342957
0.0261492
0.0015342
-0.0575637
-0.0256243
0.0119373
0.0027826
-0.0001586
0.0594833
0.0466921
-0.0062222
0.0114517
0.0278823
0.0721963
-0.0122481
0.0456053
-0.0101975
0.0161993
-0.0282769
0.0124320
0.0251848
0.0381697
0.0379868
-0.0247559
-0.0731057
-0.0990994
-0.0022794
-0.1397697
-0.1311790
-0.0216171
-0.0489635
0.1629397
0.2686402
0.3824583
0.0817005
-0.3039518
-0.4064438
-0.3486515
-0.0592738
0.0013225
0.1702811
0.0070505
0.1076290
0.0342568
0.1626735
0.0814478
0.0798718
-0.0263372
0.0490222
-0.1113122
-0.1330976
-0.1356237
-0.0689264
-0.0778243
-0.0135537
0.0998485
0.0334849
-0.0477629
0.0100276
0.0977615
0.0773179
-0.0468088
-0.0136315
-0.0164704
0.0643048
-0.0211035
0.0212965
0.0295035
0.0341457
0.0253461
-0.0050488
0.0947538
0.0014670
0.0265118
0.0330684
-0.0096582
0.0284718
-0.0203562
-0.0308465
-0.0963384
0.0475755
-0.0633771
0.0192330
-0.0847870
0.0225402
-0.0252127
0.0211867
0.0348155
0.0997014
0.1059195
0.0359625
0.0033337
-0.0029637
0.0520090
-0.0806129
-0.0144707
-0.0807323
-0.1333069
-0.0620667
-0.0120881
0.0371392
0.0987411
0.2680864
0.1640532
0.0188029
-0.0006520
-0.1545377
-0.1831688
-0.0695881
-0.1374687
-0.0954990
0.0713827
0.0353200
0.0960443
-0.0033967
0.0621229
0.0740414
-0.0441507
-0.0532131
-0.0466000
-0.0421037
0.0378359
0.0544474
-0.0534103
-0.0343018
-0.0470381
-0.0601797
-0.0323176
0.0141578
-0.0121902
0.0450314
-0.0303907
-0.0639741
0.0193842
-0.0131655
-0.0134795
-0.0315349
-0.0836846
-0.0497576
-0.0449431
-0.0332007
-0.0266293
0.0594397
-0.0338505
-0.0194996
-0.0437349
0.0053107
-0.0148074
0.0287599
0.0601383
-0.0740706
-0.0637881
-0.0644400
-0.0090676
0.0606546
-0.0147752
-0.0050937
-0.0239449
0.1193046
0.0088198
0.0771128
-0.0875280
-0.0753610
-0.0804516
-0.1080276
-0.2022854
-0.0586215
0.0497640
0.1915429
0.1715879
0.2772480
0.1788058
-0.0016767
-0.0396024
-0.1177220
-0.2146744
-0.2316721
-0.1024366
0.0608991
0.0491748
0.1514993
0.1379783
0.0653702
0.0087722
0.0937518
-0.0077327
-0.0089274
0.0787106
0.1007098
-0.0437492
0.0425423
-0.0993310
-0.1144378
-0.0445197
-0.1085285
-0.0412777
-0.0689330
-0.0239186
-0.0051542
0.0907932
0.1056463
0.0922116
0.0710133
0.0652304
-0.0464607
-0.0140413
-0.0571803
-0.0511429
-0.0081936
0.0314196
-0.0467921
-0.0337396
-0.0637018
0.0312880
-0.0349526
0.0294096
0.0666221
0.0208983
-0.0181465
0.1084884
0.0899374
0.0491918
0.0605217
0.0862386
0.0918749
-0.0923278
-0.0918758
-0.1082576
-0.0884681
-0.1435487
-0.0368647
-0.0687658
-0.1332809
-0.0125689
0.1725920
0.4503324
0.5898719
0.1607404
-0.1994368
-0.4989446
-0.5326489
-0.2515428
-0.0729833
0.2099588
0.0659485
0.1280168
0.0760111
0.0483542
0.0113625
0.0131622
0.0578836
-0.0882783
-0.0341920
-0.1240175
-0.0637411
-0.0301176
0.0894238
0.0367358
0.0626594
0.0475829
-0.0499123
-0.0121093
0.0408933
0.0478922
0.0422741
0.0828370
-0.0153976
0.0842001
-0.0608334
-0.0516583
0.0831095
0.0687636
0.0624268
-0.0580322
-0.0479480
0.0285523
-0.0463098
-0.0982500
0.0098214
-0.0561525
-0.0815211
0.0396983
0.0035340
-0.0250747
0.0366270
0.1259208
-0.0301087
0.0206522
0.0434780
0.0491811
0.0093917
-0.0742960
-0.1299968
-0.0494868
-0.0757295
-0.2163291
-0.1738862
-0.1304690
0.0016418
0.0809291
0.1699152
0.2545951
0.4589149
0.4921470
0.1044408
-0.2116524
-0.4868083
-0.5508492
-0.3014444
-0.0699467
0.2476948
0.3159752
0.2584690
0.1777307
0.0479211
0.0795343
-0.0079336
0.0128705
-0.1264469
-0.0754450
0.0246348
-0.0251567
0.0158063
-0.0002743
-0.1131186
-0.0760602
-0.0686990
0.0866866
0.0850243
0.1248465
0.0047205
0.0360503
-0.0050273
0.0149910
-0.0634721
-0.0388330
-0.1122478
0.0171276
0.0366188
-0.0058630
0.0442264
0.0495422
-0.0279331
0.0720607
0.0260402
-0.0080626
-0.0515551
0.0321895
0.0428095
0.0372784
-0.0373073
-0.0775037
0.0933451
-0.0100107
-0.0004512
-0.0042615
-0.0161267
0.1090275
-0.0142312
-0.0118725
-0.1081628
-0.0671869
-0.1002629
-0.0555248
-0.1231116
-0.0011954
0.0773367
-0.0292356
0.0274016
0.1886223
0.4358811
0.3609575
0.1588258
-0.2068026
-0.5003583
-0.5616988
-0.3288854
-0.0936789
0.1313106
0.2995989
0.2432418
0.0863390
0.1368839
0.0833250
-0.0575881
-0.0250690
-0.0606996
0.0068677
-0.0176729
0.0315275
-0.0156241
-0.0650233
0.0364430
-0.0136664
0.0250998
-0.0022377
-0.0549662
-0.0206793
0.0442285
0.1506045
0.0144614
-0.0505153
0.0407252
-0.1037705
-0.1018176
-0.0249032
-0.0138731
0.0094432
-0.0772378
-0.0560902
0.0714079
0.0716475
0.0077378
-0.0662241
-0.0429194
0.0233196
-0.0713685
-0.0787415
-0.0343599
0.0004816
-0.0163743
0.0580479
0.0394348
0.0674063
0.0832183
-0.0518706
0.0622829
0.0054753
-0.0357292
-0.0878424
-0.1539681
-0.1172282
-0.0572587
-0.1046048
-0.0207251
0.0548777
0.1231999
0.3096707
0.4297188
0.4131444
0.0834307
-0.2647627
-0.5879918
-0.6129855
-0.2303820
0.0014471
0.2149524
0.2591106
0.1231228
0.0951226
0.0433959
-0.0190680
-0.0086940
-0.1003927
-0.0053786
-0.0945676
0.0366842
-0.0053251
-0.0605700
-0.1131613
0.0297040
-0.1092743
-0.0244497
0.0276744
-0.0382269
0.0249674
0.0330784
-0.0000464
0.0457767
-0.0734592
-0.1053666
-0.0873243
-0.1309870
-0.0324266
0.0249057
0.0157364
0.0427366
-0.0656247
0.0788266
-0.0039084
-0.0121007
-0.0112704
-0.0747964
-0.0657134
-0.0035718
-0.0784636
-0.0477636
-0.0221900
0.0633121
0.1021268
0.1177126
-0.0114024
-0.0263672
0.0228836
0.0294261
-0.0198478
-0.0793055
-0.1242011
-0.1252351
-0.1320341
-0.0770029
-0.1226283
0.0652966
0.0238894
0.1306151
0.1831395
0.3444617
0.3450820
0.2616170
-0.1146727
-0.4714245
-0.6366126
-0.3004968
-0.0178978
0.1815800
0.2216207
0.2207026
0.1887591
0.2015368
0.0268150
-0.0674492
0.0497560
-0.1106217
-0.0767703
-0.0878496
-0.0133564
0.0008652
-0.0125004
-0.0138207
-0.0530325
-0.0843734
0.0473644
0.0019614
0.0537391
0.1675516
0.1114465
-0.0418843
-0.0322205
-0.0235137
-0.1248434
-0.0558208
-0.0244950
-0.0777256
-0.0586774
-0.0283712
-0.0476250
-0.0424795
0.0590409
0.0041653
0.0114806
0.0141252
-0.0254081
-0.0879609
0.0430617
-0.0632773
-0.0357281
0.0647957
-0.0299542
-0.0031205
0.0994322
-0.0011147
-0.0112906
0.0652926
0.0406777
-0.0931039
-0.0535761
-0.1003788
-0.1162851
-0.1049948
-0.0477171
-0.1319872
0.0511219
0.0111626
0.0174112
0.2045344
0.3807258
0.4029941
0.3150813
-0.2049719
-0.4384443
-0.6622696
-0.3267788
-0.0964665
0.1664440
0.1364038
0.1590013
0.2254723
0.1045366
0.0366191
-0.0235859
-0.0244607
0.0299892
-0.1108101
-0.0417427
-0.0300986
-0.0959006
0.0037600
-0.0323227
-0.0230217
-0.0820570
-0.0105477
0.0471773
0.0111713
0.1585359
0.0610085
0.0221499
-0.0062362
-0.0765417
0.0083981
-0.0459385
-0.0395005
-0.0071355
-0.0314554
-0.0151589
-0.0025598
0.0280748
0.0541536
0.0466105
-0.0837891
0.0090009
-0.0542324
-0.1048366
0.0223994
0.0228346
-0.0034413
-0.0364542
-0.0636915
0.0714427
0.1177558
0.0180257
0.1252665
-0.0423206
-0.0315535
-0.0564415
-0.0626314
-0.0056972
-0.1556647
-0.0800787
-0.0597842
-0.0353222
0.0658217
-0.0570464
0.1345954
0.1890061
0.4369831
0.4808854
0.1830619
-0.2024395
-0.6115349
-0.5986146
-0.3489385
-0.0749227
0.1664842
0.2090794
0.2380130
0.1790632
0.0977342
0.1198824
0.0001783
-0.0944610
-0.0747423
0.0300447
0.0310728
-0.0893329
0.0152628
-0.0698144
-0.1276522
-0.0512110
-0.0795143
0.0420266
-0.0373208
0.0704592
0.1125383
0.1037433
0.0408332
0.0862868
-0.0452461
-0.0458272
0.0121170
-0.0598850
0.0571923
-0.0275617
0.0822059
-0.0655432
0.0111141
0.0937031
0.0012812
-0.0509271
-0.0097251
-0.0413361
-0.0535735
-0.0735319
-0.0614014
0.0118633
0.0266668
0.1094653
0.0365628
0.1228316
0.1277764
-0.0414175
-0.0395985
-0.0911961
-0.1141457
-0.0296036
-0.0364635
-0.1616759
-0.0658320
-0.0175860
0.0328603
-0.0442455
0.1330052
0.1912525
0.3430475
0.4481047
0.3879079
-0.0319551
-0.4597227
-0.5633093
-0.4919156
-0.1397506
0.2055984
0.1908939
0.2480325
0.2358175
0.0908760
0.1230795
0.0831653
-0.0262978
-0.0222080
-0.0372127
-0.0076441
-0.0507603
-0.0756995
-0.0190027
-0.0010013
-0.0302248
-0.0718188
0.0067983
0.0008344
0.0703277
0.1398536
0.1178191
0.0723174
0.0204894
0.0282069
-0.1165116
-0.0664076
0.0071180
-0.0057261
0.0719982
-0.0274586
0.0553856
0.0861451
0.0447619
-0.0205198
-0.0132061
0.0037669
0.0043677
-0.0914213
-0.0608944
-0.0142835
-0.0322249
0.0616665
0.0920420
-0.0209402
0.0606414
-0.0023561
0.0143899
-0.0245247
0.0079969
-0.0025266
-0.0112098
0.0014353
-0.1475285
-0.0461909
-0.0622408
-0.0454350
-0.0207312
-0.0038598
0.0710021
0.2158040
0.4108742
0.3497075
0.2786548
-0.1410254
-0.5295241
-0.6366230
-0.3776755
-0.0181776
0.1598566
0.1628932
0.2879196
0.1489222
0.0723916
0.0567434
0.0488416
-0.0443250
-0.0366259
0.0234545
0.0285802
-0.0533170
-0.0397801
-0.0068757
0.0025013
-0.0019242
0.0081236
-0.0103119
-0.0622945
0.1341821
0.0176476
0.1699040
0.0698628
0.0568588
0.0557852
-0.0823920
0.0148597
-0.1230285
0.0088319
-0.0170990
0.0717709
0.0026774
0.0987530
0.0084900
-0.0185432
0.0206726
-0.0588510
0.0002709
-0.0998489
-0.0167804
0.0523633
-0.0249444
0.0234726
-0.0399844
0.0524868
0.0648303
0.0750954
0.0918175
-0.0334527
-0.0375207
0.0652334
-0.0194965
-0.0089276
-0.0822090
-0.1878231
-0.1035555
-0.1359696
-0.0305729
-0.0393999
0.0297182
0.2502026
0.4074309
0.3926303
0.1954307
-0.1452067
-0.5888640
-0.6190446
-0.4122885
-0.0741618
0.1537727
0.1893557
0.1928996
0.2087082
0.1364011
0.1429566
0.0803235
-0.0665995
-0.1361435
-0.0021695
-0.1364153
0.0041220
0.0231014
-0.0101400
0.0138343
-0.0591500
-0.0127052
-0.0435527
0.0598264
0.0016217
0.1118646
0.0894681
-0.0117578
-0.0226242
0.0064809
-0.0794437
0.0225038
-0.0958166
-0.0095712
-0.0771661
0.0500690
-0.0130113
0.0456990
0.1037881
0.0410563
-0.0171658
0.0643835
0.0609211
-0.0909133
-0.0160405
-0.0393398
-0.0511042
0.0030762
0.0786589
0.0004734
0.1019261
0.0013205
0.0711958
0.0949204
0.0717506
-0.0870362
-0.0110794
-0.0923064
-0.1851480
-0.1415572
-0.2038111
-0.0728197
-0.0753154
0.1096990
0.1253906
0.1921629
0.4357691
0.5263308
0.2384650
-0.1883774
-0.5854895
-0.7132179
-0.5075587
-0.0396083
0.1752504
0.2814512
0.1856294
0.1598183
0.1414377
0.0939889
0.0351961
0.0117672
-0.1188865
-0.0304388
-0.0987618
-0.0591445
0.0138797
-0.0602685
-0.0583371
0.0212551
0.0684645
0.0391532
0.0092564
-0.0656104
0.0870549
0.0917504
0.0735893
-0.0048415
0.0928374
-0.0154720
0.0162734
-0.0533780
-0.0253703
0.0171240
-0.0773552
-0.0608168
0.0597708
0.0916468
-0.0328885
-0.0177127
-0.0527105
-0.0056199
0.0553944
-0.0951143
-0.0964972
0.0518103
-0.0595516
0.0060041
0.0747432
0.0144405
-0.0028768
0.0933434
0.0519212
0.0251782
-0.0651330
0.0056040
-0.0326131
-0.1828054
-0.2215112
-0.1754673
-0.1199961
0.0331912
0.1289754
0.1739443
0.4224615
0.5363073
0.5123516
0.1446216
-0.4159286
-0.6371332
-0.6304423
-0.4049081
0.0697415
0.1822126
0.2973181
0.2595295
0.2602436
0.2254605
0.0943793
-0.0468872
-0.1058538
-0.1173958
-0.1034788
-0.1335145
-0.1074141
0.0040383
0.0038478
-0.0414248
-0.0638439
0.0170587
-0.0880299
-0.0454601
0.0586029
0.0233959
0.1590559
0.0961540
0.0433422
-0.0034350
0.0350653
-0.1018714
-0.1175293
-0.0068849
-0.0638167
-0.0682434
0.0655866
-0.0410204
-0.0468812
0.0221290
0.0131115
0.0036087
-0.0492355
-0.0372566
-0.0519783
0.0032984
0.0749632
0.0553707
0.0312478
0.1269599
0.0291957
0.0725115
0.0225696
-0.0770694
-0.1230031
-0.1099699
-0.0941296
-0.1530161
-0.0777507
-0.1692484
0.0241969
-0.0171623
0.2150837
0.1838510
0.3713132
0.5150131
0.3728570
-0.1407305
-0.4358559
-0.7705752
-0.6484266
-0.1921951
0.1549970
0.3502759
0.2532286
0.3111661
0.1587651
0.2175113
-0.0206571
-0.0374635
-0.0675729
-0.1812530
-0.0494565
-0.0441554
-0.0316733
0.0511992
-0.0803672
0.0526876
0.0636545
-0.0136134
-0.0630496
-0.0105738
0.0474958
0.0661527
-0.0158524
0.1233076
-0.0143604
-0.0020685
0.0050463
-0.0598021
0.0114290
-0.0355464
0.0267996
0.0661092
-0.0232510
-0.0200894
-0.0672517
-0.0005551
0.0112535
-0.0143926
-0.0881232
0.0424231
0.0528937
0.0039506
-0.0165511
0.0546880
-0.0385495
0.0405379
0.0437443
0.0591135
0.0937787
0.0366896
-0.1123358
-0.1323970
-0.1840172
-0.1151479
-0.1608977
-0.1497286
-0.1665701
0.0129824
0.1488221
0.1047051
0.3915382
0.4253036
0.4016029
0.2392457
-0.2852438
-0.6023309
-0.6614276
-0.5714773
-0.1562247
0.1098682
0.3242166
0.3406999
0.2191280
0.1794360
0.1729024
0.0390346
-0.1547304
-0.0881093
-0.1545912
-0.0939798
-0.1291646
-0.0153294
0.0550336
-0.0684126
-0.0371654
-0.0537643
0.0732315
0.0883695
0.0881328
0.0990077
0.0904008
-0.0059378
0.1236582
0.0797337
0.0325045
-0.0990523
-0.0040671
-0.0851167
0.0338457
-0.0822499
-0.0195025
0.0202978
-0.0219624
0.0941610
0.0537441
0.0456574
-0.0060720
-0.1049472
0.0174516
0.0419271
-0.0015431
-0.0543426
-0.0567729
0.0202302
0.0326923
0.0850186
0.0422004
0.0941692
-0.0351990
0.0044747
-0.0082192
-0.1122928
-0.0637217
-0.1024795
-0.0934524
-0.0475609
-0.0468457
0.0627031
0.1953188
0.2896019
0.4120958
0.4633410
0.3793439
-0.0176346
-0.5009030
-0.7361318
-0.6078030
-0.2927990
0.0077846
0.3275495
0.4027409
0.3742256
0.2131066
0.1525788
0.0307571
-0.0348728
-0.1157785
-0.1866645
-0.0654839
-0.0504000
-0.0019647
-0.0589233
-0.0549516
-0.0245796
-0.0620897
-0.0207557
0.0056620
0.0816394
0.0522427
-0.0164097
0.1095411
-0.0001161
0.0469894
-0.0449889
-0.0947596
-0.0012450
-0.0243528
-0.0971765
0.0559928
0.0226998
