-0.1548238
-0.1107495
0.1052803
0.1605120
0.3569542
0.5062505
0.4960036
0.3237673
-0.2360122
-0.6424293
-0.9142640
-0.5645555
0.0103614
0.2749742
0.3862704
0.2675834
0.1327580
0.1123256
0.1267635
-0.0029380
0.0154403
-0.0430101
-0.1484327
-0.0375155
-0.1677134
-0.0590920
-0.0410655
0.0699568
-0.0586953
0.0661281
0.0791989
0.0979701
-0.0217672
0.0430016
0.0842908
-0.0173174
-0.0654270
-0.0784848
0.0355299
-0.0469041
-0.1150656
-0.0333044
-0.0647248
0.0120130
0.0740384
0.0053375
-0.0452036
0.0221764
0.0640404
0.0168651
-0.0375743
-0.0584954
0.0731191
-0.0665948
-0.0003874
0.0702586
-0.0790002
-0.0516794
0.0303935
-0.0110876
0.0242329
-0.0416026
-0.0562421
0.0351134
0.0226549
-0.0177384
0.0844620
-0.0631196
0.0065272
0.0105702
-0.0860818
0.0687470
-0.0142534
0.0195778
-0.0654405
0.0690138
0.0864929
-0.0180128
-0.0331262
-0.0312309
0.0808199
-0.0654253
0.0646254
0.0674311
0.0482570
0.0546604
0.0300391
-0.0478131
-0.0816364
0.0715343
0.0476305
0.0728854
-0.0467841
-0.0260434
-0.0398427
-0.0324570
0.0477103
0.0087434
0.0673447
-0.0250575
0.0324521
-0.0617447
-0.0903111
-0.0950890
-0.0294907
0.1271734
0.1491206
-0.0109408
-0.0501342
-0.0668136
-0.0107125
0.0340129
-0.0790853
-0.0832887
-0.1155114
-0.1163542
-0.0099325
0.0685405
0.0002163
0.1049230
-0.0345885
0.0904803
0.0745665
0.1183285
0.0939486
0.0439734
-0.0425818
0.0266731
-0.0295076
-0.1821041
-0.2049887
-0.0893943
-0.0235595
0.0566565
0.0688019
0.1604387
0.2156897
0.1702351
0.1928628
0.1726979
0.1817688
-0.2868381
-0.5396607
-0.5484980
-0.3115616
0.0190117
0.3501757
0.3330457
0.2223168
0.1394916
-0.0240109
0.0769813
0.0197399
-0.0759991
-0.0765716
-0.0853313
-0.0433839
-0.1284357
-0.1251460
-0.0538351
-0.0332956
-0.0406331
0.1085133
-0.0158647
-0.0185012
0.0812341
0.0299565
-0.0589489
-0.0571098
0.0104710
-0.1016120
0.0460177
-0.0989814
-0.0482562
-0.0234198
-0.0852163
-0.0752883
0.0047073
0.0014589
-0.0032031
-0.0240421
0.0212920
-0.0751927
-0.0615894
-0.0364388
0.0375851
0.0669564
-0.0486939
-0.0438493
0.0101623
0.0131701
-0.0507669
-0.0286791
0.0692366
-0.0674148
-0.0559562
-0.0063153
-0.0260803
0.0436221
0.0121570
-0.0817334
-0.0421699
-0.0399153
-0.0024676
-0.0021942
0.0578311
-0.0784120
-0.0114220
-0.0045974
0.0151759
0.0815479
-0.0108968
0.0816759
-0.0639253
0.0587180
-0.0173588
0.0133931
-0.0094798
0.0363518
0.0363974
-0.0339134
0.0646974
0.0376041
0.0167033
-0.0729730
0.0091981
-0.0302032
0.0891037
0.0245308
-0.0618438
0.0454039
-0.0289255
0.0233271
-0.0772775
-0.0847137
-0.0440927
0.0454432
0.0586562
0.0187881
0.0367005
-0.0494355
0.0329180
-0.0016167
0.0016191
-0.0308748
-0.0545224
0.0400961
0.0529800
-0.0454457
0.0634245
0.0825180
0.0201391
-0.0145581
0.1220534
0.1060303
0.1022121
0.0552311
-0.0489871
0.0116910
-0.0445655
-0.0524753
-0.1522596
-0.0976638
-0.1365886
0.0834707
0.1636104
0.1138334
0.2257017
0.1723257
0.1105073
0.1490480
0.0222177
-0.2231506
-0.5166741
-0.5347158
-0.2437877
0.0599924
0.2182251
0.3804792
0.3002928
0.1414680
0.0965779
0.0717834
-0.1047651
-0.0438871
-0.0595177
-0.1696072
-0.0413451
-0.0003274
-0.1112909
0.0293275
-0.0222502
-0.0164630
0.1127903
0.0441919
0.1041871
0.0491683
-0.0340621
-0.0691669
0.0070101
-0.0743386
0.0186445
0.0181287
0.0443107
-0.0343498
0.0405117
0.0430557
0.0049791
-0.0149585
-0.0433281
-0.0658163
0.0284385
-0.0344744
-0.0163389
-0.0176846
0.0641042
0.0385437
0.0702975
-0.0603289
-0.0201925
0.0625879
-0.0412627
-0.0439600
0.0443912
0.0289966
0.0806419
0.0217634
0.0024676
0.0682450
0.0134233
-0.0725424
0.0685359
0.0453582
0.0741695
0.0651591
0.0063077
-0.0504044
0.0772557
0.0553521
0.0375652
0.0794478
0.0429330
-0.0582929
-0.0070893
0.0021381
0.0501729
0.0210968
0.0238307
-0.0738216
0.0715636
0.0446096
0.0612163
0.0720196
0.0239971
-0.0177535
-0.0445012
0.0231798
-0.0692872
-0.0261742
0.0753146
0.0402858
-0.0314662
0.0584496
0.0858094
-0.0479155
-0.0512996
-0.1237356
-0.0345634
0.0872645
0.1027541
0.1612597
0.0410322
-0.0592681
-0.1031735
-0.0477061
-0.0814213
0.0356772
-0.0062974
-0.0543751
-0.0378127
-0.0340244
0.0626347
0.0633809
0.0439448
0.0057948
0.0689650
0.1175586
0.0008462
-0.0499310
0.0041114
-0.0680785
-0.1593256
-0.0670937
-0.1253655
-0.1112233
-0.0576593
0.0904176
0.1678354
0.1947630
0.2256067
0.1498569
0.1733484
0.2227427
0.0503848
-0.2496250
-0.3801450
-0.3751624
-0.1525431
0.0344954
0.2924269
0.3783769
0.2265093
0.0474334
0.0079190
0.0290453
-0.1089282
-0.1207730
-0.0675616
-0.1125344
-0.0379788
-0.1203316
-0.1039744
0.0484212
-0.0454709
-0.0380156
-0.0196260
0.0151004
0.0854837
-0.0217968
0.0597129
-0.0050746
0.0381048
0.0111826
0.0096775
0.0164143
-0.0727418
-0.0903802
0.0173224
0.0074803
0.0280924
0.0034802
-0.0548835
-0.0560418
0.0533195
-0.0108849
0.0696383
0.0371650
-0.0516026
-0.0158401
0.0375920
0.0175180
0.0696138
0.0424223
0.0405895
0.0020617
-0.0364069
-0.0193099
0.0582501
0.0393671
0.0237111
0.0709369
-0.0012669
0.0793627
-0.0817585
0.0069054
0.0126190
-0.0042919
0.0434840
-0.0646719
0.0430423
-0.0554960
0.0011779
0.0269829
0.0416267
-0.0442689
0.0498241
0.0793829
0.0406476
0.0647958
-0.0544922
-0.0661489
0.0227521
-0.0664655
0.0314645
0.0830615
-0.0574212
0.0829201
-0.0149683
0.0446646
0.0843065
0.0602522
0.0901568
0.0078561
0.0295843
0.0252964
-0.0623749
-0.0964439
-0.1397014
-0.0261631
0.0848485
0.0525368
0.0481558
0.0368670
0.0760929
-0.0309894
0.0366257
0.0383850
-0.0985560
0.0264449
-0.0188143
-0.0686922
0.0480661
-0.0375364
0.0750703
-0.0509600
-0.0051623
0.0881320
0.0363119
-0.0012710
0.0734879
-0.0332136
-0.0336854
-0.0797776
-0.0988623
-0.1240733
-0.0685092
-0.1020456
-0.0445299
0.0488236
0.0382827
0.0748346
0.1396390
0.1285040
0.2738163
0.2148975
0.1033930
-0.1618343
-0.5685944
-0.4912108
-0.3291594
-0.0123796
0.3253757
0.2730347
0.2766572
0.0635873
0.0509926
-0.0207280
0.0295990
-0.0143057
-0.0626194
-0.1230612
-0.1386573
-0.0326434
0.0223571
0.0363939
-0.0009728
-0.0158416
0.1109463
-0.0397890
0.0700018
0.0160474
-0.0384589
0.0207669
0.0462566
-0.0072173
-0.0844528
-0.0003573
-0.0751408
0.0324575
-0.0953903
-0.0273562
-0.0518464
-0.0258403
-0.0502529
-0.0315717
-0.0263471
-0.0207021
-0.0558547
0.0414977
0.0425611
0.0440448
-0.0244527
0.0312482
-0.0379877
0.0220063
-0.0446032
0.0398249
0.0222553
-0.0317623
0.0072930
-0.0441123
-0.0342390
0.0044253
-0.0789404
-0.0505499
-0.0691456
-0.0549292
0.0654047
-0.0320291
-0.0170061
-0.0671236
0.0448177
-0.0432758
0.0335840
0.0336139
-0.0073284
0.0263551
0.0057009
0.0196070
-0.0345584
0.0530973
-0.0645308
-0.0846099
-0.0372855
0.0284288
-0.0819022
0.0785567
-0.0301514
0.0208886
0.0587183
0.0861025
-0.0483830
0.0307396
0.0056774
0.0632326
0.0224839
0.0314554
-0.0272856
-0.0128439
0.0089685
-0.0693411
-0.0513590
-0.0158182
0.0472516
0.0263401
-0.0421104
0.0825392
-0.0539121
-0.0919310
-0.0433459
0.0174414
-0.0453793
-0.1189719
-0.0788373
0.0166169
-0.0592029
0.0788483
-0.0286794
0.1350502
0.0087234
0.1179690
0.0407128
0.0675824
-0.0181447
-0.0465218
0.0118809
-0.1966570
-0.1015550
-0.1388822
-0.0787815
-0.1179274
-0.0439690
0.0821244
0.3398141
0.5527087
0.5072174
0.3173546
-0.2411410
-0.8390907
-0.7506722
-0.4151976
0.2290226
0.4983624
0.3913848
0.0862945
-0.0354269
-0.0133339
0.1556592
-0.0013668
-0.0337382
-0.0132910
-0.0924205
-0.1186124
-0.0795957
-0.0392601
-0.0680031
-0.0247839
-0.0354917
0.0165944
-0.0464365
0.0540651
-0.0196614
0.1067303
0.0521527
0.0473963
-0.0458030
-0.0560329
-0.0605027
-0.1028464
-0.0537374
-0.0260301
-0.0550287
-0.0438287
0.0034624
-0.0294761
-0.0572556
-0.0261976
-0.0647675
0.0193824
0.0068002
0.0394340
0.0305758
-0.0007802
-0.0512739
0.0248796
-0.0130703
-0.0602549
0.0239156
0.0731935
0.0089498
0.0051368
-0.0690811
-0.0676186
0.0303387
-0.0622608
0.0737626
-0.0110789
0.0688189
-0.0226090
-0.0129675
-0.0209753
-0.0061428
-0.0483094
-0.0100150
0.0596502
0.0054418
0.0690498
0.0369579
-0.0407111
-0.0055987
-0.0540502
-0.0344054
-0.0431203
-0.0515831
-0.0342006
-0.0788882
0.0244599
0.0427694
-0.0704263
-0.0051604
-0.0475962
0.0572140
0.0314320
-0.0672881
-0.0507630
-0.0597991
0.0017014
-0.0736302
0.0234316
0.0223562
-0.0441315
-0.1078392
-0.0060841
0.0678804
-0.0091681
0.0875589
0.0263733
-0.0181160
0.0679206
0.0012305
-0.0684526
0.0075936
-0.0200634
-0.0110336
-0.0931206
-0.0669640
-0.0286372
0.0962411
0.0176891
0.0766029
0.0237304
0.0211152
0.1501804
0.0343535
-0.0218710
0.0336578
-0.0477321
-0.1164543
-0.1306458
-0.1620918
-0.2427258
-0.1579157
0.0919848
0.1017245
0.3245403
0.4541222
0.5292888
0.3904948
-0.1259011
-0.6444678
-0.8900912
-0.6114497
-0.0007955
0.3775318
0.4627060
0.3390063
0.1164973
0.1398391
0.1654831
0.0735424
-0.0099818
-0.1071373
-0.1577265
-0.0060589
-0.0481768
-0.0571938
-0.0439382
-0.0921580
-0.0320151
-0.0013333
0.0214158
0.0328080
0.1165155
0.0344508
-0.0310489
-0.0299889
-0.0708881
0.0205075
0.0355132
-0.0429347
-0.0105594
-0.0085987
-0.0122403
0.0227949
0.0213317
-0.0631088
0.0886284
0.0034382
-0.0392510
0.0371668
0.0789546
0.0197023
-0.0031400
0.0450324
-0.0188067
-0.0519151
0.0090561
0.0510526
-0.0270223
-0.0692657
0.0180656
0.0096457
-0.0378814
-0.0551935
-0.0175898
-0.0421688
0.0143567
0.0594103
-0.0113558
-0.0716218
0.0703668
-0.0035930
0.0353190
0.0691494
-0.0094450
0.0157081
0.0367813
-0.0263116
-0.0215774
0.0382996
-0.0507097
0.0110901
-0.0531096
0.0543498
-0.0841438
-0.0135429
0.0105673
0.0703090
-0.0843327
-0.0590939
0.0670089
0.0561987
-0.0142858
-0.0240443
0.0854677
-0.0026416
-0.0021996
-0.0614429
0.0234246
-0.0615851
-0.0438448
-0.1390243
0.0010343
-0.0130851
-0.0283724
0.0699373
0.0504943
0.0209338
0.0145967
0.0365031
0.0275349
-0.0442378
-0.0677609
-0.0307419
-0.0751371
-0.0488560
-0.0393707
0.0156934
-0.0254817
-0.0170169
0.0714811
0.1101083
0.0593266
0.1019854
0.1372498
-0.0605256
-0.0967235
-0.0434656
-0.0674026
-0.2071630
-0.2241529
-0.2239980
-0.0893164
-0.0142850
0.1488037
0.2207821
0.4848040
0.4771095
0.4890437
0.0319316
-0.5546694
-0.9254272
-0.7988933
-0.2564727
0.2206811
0.4941432
0.3292078
0.2681635
0.0893570
0.0700358
0.0088542
-0.0152211
-0.1378959
-0.0948648
-0.0296115
-0.0464968
-0.0463548
-0.0679472
-0.0850281
-0.0572603
0.0980960
0.0288752
0.0935873
0.0928441
0.0858632
-0.0147156
0.0795927
-0.0796750
-0.0807845
-0.0591295
-0.0011171
-0.1123824
-0.0054679
-0.0423139
0.0381031
-0.0497096
-0.0661979
0.0075075
0.0631755
0.0539248
0.0724723
0.0469672
-0.0538344
0.0397301
0.0001644
0.0247105
0.0026796
-0.0849933
0.0320146
-0.0116492
0.0659015
-0.0699912
-0.0657289
-0.0131730
0.0527477
0.0023804
0.0374983
0.0769096
-0.0281178
-0.0368269
0.0374434
0.0474568
-0.0852379
0.0090959
0.0347105
0.0333810
-0.0127110
0.0580919
-0.0432409
0.0509362
0.0557300
-0.0185642
0.0238360
-0.0310926
-0.0402506
-0.0083787
0.0786030
-0.0414335
-0.0456350
-0.0009728
-0.0589513
0.0579303
0.0397232
-0.0687158
-0.0395030
-0.0418210
0.0599623
0.0288243
-0.0389035
-0.0104494
-0.0562598
-0.0703826
-0.0072150
-0.1433274
-0.0670825
0.0255681
-0.0380985
0.1444397
0.0370277
0.1093537
0.0471027
-0.0627359
-0.0950308
0.0058764
0.0229191
-0.0912777
-0.0903745
-0.0619116
-0.0924793
0.0224686
0.0603552
0.1146973
0.0755611
0.1191730
0.1641755
0.0410993
0.0726262
-0.0373153
0.0468159
-0.1289871
-0.1186761
-0.2028499
-0.2209854
-0.2202017
-0.0659554
0.0540140
0.1899303
0.3453310
0.3292165
0.4268477
0.4372305
0.1082874
-0.3222368
-0.8029118
-0.7247984
-0.4469237
0.1542780
0.4355974
0.4574777
0.2416663
0.0866035
0.1362059
-0.0031652
-0.0387489
-0.0456017
-0.1709149
-0.1599095
-0.0730967
-0.0216519
-0.0918191
-0.1048220
-0.0521492
-0.0189400
0.1028203
0.0936870
0.0802614
0.1271226
0.1059353
-0.0015043
0.0095615
0.0641487
-0.0180579
0.0249241
-0.0634135
-0.0775168
-0.0337324
-0.0885388
0.0382450
0.0094995
0.0899578
0.0122566
-0.0472386
0.0607766
0.0261656
0.0239034
-0.0839693
-0.0337851
0.0081090
-0.0164527
0.0233529
0.0111240
0.0675252
-0.0663183
0.0193565
-0.0680185
0.0675935
-0.0371571
0.0362612
0.0676866
0.0004939
0.0509717
-0.0201443
0.0211802
-0.0792095
0.0663762
-0.0368665
-0.0491281
0.0618838
0.0179843
0.0074591
0.0476955
-0.0580766
0.0101762
-0.0023088
0.0379125
0.0574132
-0.0155499
0.0684744
0.0498398
-0.0274752
-0.0446317
0.0657478
-0.0623603
0.0367845
-0.0379820
-0.0552759
-0.0736672
-0.0194018
0.0566508
-0.0520416
-0.0100441
-0.0259401
0.0006727
0.0060534
-0.0611848
-0.0549696
-0.1161899
-0.0115886
-0.0127139
0.1789162
0.0943366
0.1140496
-0.0148172
-0.0284611
-0.0536793
-0.0441067
-0.0167340
0.0247293
-0.0734937
-0.0007163
-0.0281227
-0.0271343
0.0539600
0.0565982
0.0839415
0.1171949
0.1038717
0.0191451
0.0140977
-0.0720589
-0.1035615
-0.1386034
-0.1921610
-0.1709472
-0.1710949
-0.0191781
0.0997375
0.1333420
0.2358056
0.1091970
0.1047867
0.1907148
0.1112513
-0.0813092
-0.2833642
-0.5459259
-0.4424888
-0.2463837
0.1898181
0.3161348
0.2915394
0.2681199
0.0579271
0.1103394
0.0305753
-0.0409822
-0.0062378
-0.0992869
-0.1624108
-0.1267308
0.0064720
-0.0308484
-0.0227889
0.0402063
-0.0046079
0.1110069
0.0294897
0.0274556
-0.0105612
0.0208115
0.0440847
-0.0364070
0.0220896
0.0043293
0.0157741
0.0453064
0.0537843
0.0569060
-0.0430406
0.0083374
0.0749410
-0.0272130
-0.0528730
0.0162938
0.0452026
0.0560299
0.0502474
-0.0691561
-0.0628006
-0.0168807
0.0243371
-0.0847996
0.0633964
0.0647786
-0.0715939
-0.0187817
-0.0548041
0.0789765
-0.0376897
-0.0418273
