0.3242166
0.3406999
0.2191280
0.1794360
0.1729024
0.0390346
-0.1547304
-0.0881093
-0.1545912
-0.0939798
-0.1291646
-0.0153294
0.0550336
-0.0684126
-0.0371654
-0.0537643
0.0732315
0.0883695
0.0881328
0.0990077
0.0904008
-0.0059378
0.1236582
0.0797337
0.0325045
-0.0990523
-0.0040671
-0.0851167
0.0338457
-0.0822499
-0.0195025
0.0202978
-0.0219624
0.0941610
0.0537441
0.0456574
-0.0060720
-0.1049472
0.0174516
0.0419271
-0.0015431
-0.0543426
-0.0567729
0.0202302
0.0326923
0.0850186
0.0422004
0.0941692
-0.0351990
0.0044747
-0.0082192
-0.1122928
-0.0637217
-0.1024795
-0.0934524
-0.0475609
-0.0468457
0.0627031
0.1953188
0.2896019
0.4120958
0.4633410
0.3793439
-0.0176346
-0.5009030
-0.7361318
-0.6078030
-0.2927990
0.0077846
0.3275495
0.4027409
0.3742256
0.2131066
0.1525788
0.0307571
-0.0348728
-0.1157785
-0.1866645
-0.0654839
-0.0504000
-0.0019647
-0.0589233
-0.0549516
-0.0245796
-0.0620897
-0.0207557
0.0056620
0.0816394
0.0522427
-0.0164097
0.1095411
-0.0001161
0.0469894
-0.0449889
-0.0947596
-0.0012450
-0.0243528
-0.0971765
0.0559928
0.0226998
0.0849402
-0.0563033
0.0188209
0.0195740
0.0247188
-0.0797650
-0.0616572
-0.0654285
0.0325229
-0.0066462
0.0638008
0.0948629
-0.0029723
0.0917931
0.1063037
0.0076103
-0.0077617
0.1026040
0.0452569
-0.0724415
-0.1189555
-0.1178603
-0.1229419
-0.1155220
-0.0410180
-0.0033658
0.0859064
0.0660376
0.2035127
0.3568710
0.4439656
0.4002340
-0.0520805
-0.4770031
-0.7532780
-0.6114109
-0.1637589
0.0376480
0.3600580
0.3832253
0.2177889
0.2146825
0.1110916
-0.0010653
-0.0029091
-0.0798997
-0.1139703
-0.0241607
-0.0331796
-0.0722125
-0.1151508
-0.0459335
-0.0600688
0.0344328
-0.0294204
0.0754586
0.1024398
0.0148193
0.1331401
0.1136930
0.0024879
-0.0542931
0.0050579
0.0102281
0.0144074
-0.0148680
0.0165229
0.0251187
-0.0653966
0.0241787
-0.0348309
-0.0183344
-0.0582407
0.0303210
0.0371709
-0.0808723
-0.0490965
-0.0223805
-0.0312460
0.0393546
-0.0250173
0.0141633
-0.0051833
0.0466481
0.0341921
0.0585505
0.0776123
-0.0133287
-0.0133981
-0.1861677
-0.0784982
-0.1158278
-0.0951663
-0.1943694
0.0314143
0.0132179
0.1338728
0.2657045
0.4415933
0.5534235
0.3174833
-0.0133188
-0.6426071
-0.9131617
-0.6152987
-0.2072703
0.0982469
0.3046176
0.3381903
0.3634644
0.1868293
0.0916310
0.0493919
-0.0215332
-0.0439905
-0.1808089
-0.1053438
-0.1791407
-0.0850968
-0.0208682
0.0103480
-0.0176616
-0.0697097
0.0202426
0.0628010
-0.0701292
0.0494514
0.1135477
0.0053252
0.0913406
0.0829233
0.0535798
-0.1130677
0.0150940
-0.0965102
-0.0994670
-0.0238380
0.0176184
0.0803026
-0.0403973
0.0556073
0.0724182
0.0535770
0.0507464
0.0222186
-0.0291635
0.0285817
-0.0724235
0.0530661
-0.0454208
-0.0025235
0.1358553
0.0910562
0.0649749
0.0852181
0.0971649
-0.0531133
-0.1445362
-0.1390237
-0.0622652
-0.2025767
-0.1515785
-0.2108648
-0.0442775
0.0132722
0.1318816
0.3367446
0.5450216
0.6351793
0.5025021
-0.0949965
-0.6120399
-0.9479415
-0.8733045
-0.2558342
0.1175977
0.3052257
0.3660045
0.3913408
0.2116261
0.2392947
0.0656001
-0.0032381
-0.0450707
-0.2171748
-0.0874365
-0.2022508
-0.1477444
-0.0261284
-0.0265203
-0.0654753
0.0970479
0.1144600
-0.0020876
-0.0210614
0.1065041
0.0595866
0.0103040
0.0088171
-0.0459468
0.0161839
0.0423487
-0.0786065
-0.0076736
-0.0111501
0.0016712
-0.0645865
0.0631121
0.0492645
0.0438879
-0.0135731
-0.0187729
-0.0574696
-0.0955450
-0.0429310
-0.0429933
0.0276608
0.0069355
-0.0366514
0.0856997
0.1280189
0.0126003
-0.0032200
0.0545609
0.0764117
-0.0239319
-0.0073003
-0.0873595
-0.2211316
-0.1058540
-0.1714849
-0.1274702
-0.1248159
-0.0287095
0.1920855
0.2616828
0.4750791
0.5352113
0.3898597
0.0350220
-0.6401285
-0.7952125
-0.7630643
-0.3934220
0.1131738
0.3714751
0.4070090
0.3563699
0.2241599
0.1831626
0.0960657
-0.0591780
-0.0925205
-0.2126107
-0.1786896
-0.1225057
-0.0201379
-0.1063867
0.0203436
0.0822354
0.0444649
0.1088818
0.0558001
-0.0367020
-0.0133387
0.0747913
0.0155538
0.0403543
0.0495532
0.0014747
0.0054599
-0.1007516
-0.0335328
-0.0112621
-0.0939272
-0.0325050
-0.0013676
-0.0307251
0.0444894
-0.0079427
-0.0153726
0.0461771
-0.0232269
0.0588551
0.0211114
0.0684573
-0.0434955
-0.0247858
0.0598238
0.1295544
0.1130853
0.1070542
-0.0365261
0.0194957
0.0171745
-0.1129103
-0.0660956
-0.1135773
-0.1288013
-0.1304416
-0.1576976
-0.0319436
0.0963197
0.1521142
0.3583187
0.4643489
0.5376133
0.3209028
-0.2246958
-0.6397877
-0.8258876
-0.6024789
-0.1167490
0.1548075
0.4007836
0.3420723
0.2989104
0.1588523
0.1572722
0.0714025
-0.0823941
-0.0923678
-0.1888428
-0.1569621
-0.0747079
-0.0736003
-0.0569117
-0.0040961
0.0261698
0.0465496
0.0046617
0.0946881
-0.0595431
-0.0343694
0.0824158
0.1091402
0.0756947
0.0671879
-0.0055629
-0.0414381
-0.0350026
-0.0739579
-0.0127408
0.0412737
-0.0329440
-0.0373577
0.0339799
0.0008031
0.0679295
-0.0631810
-0.0795538
0.0140862
-0.0693462
-0.0247612
0.0048302
0.0208458
0.0315541
0.0433290
0.0486015
0.1141982
0.0138968
0.0607108
0.0072981
0.0498578
-0.1237256
-0.1126696
-0.1567641
-0.1479773
-0.2191560
-0.1729056
-0.0482085
0.0559569
0.0670046
0.3374469
0.5566107
0.6491434
0.5021054
-0.0309927
-0.6181664
-0.7972282
-0.8112007
-0.3311264
0.0483301
0.3186630
0.3966916
0.3996610
0.2576723
0.2220090
0.1567393
-0.0072780
-0.0360269
-0.1907382
-0.1281718
-0.1521038
-0.0206678
0.0041343
0.0618963
-0.0399731
0.0330271
0.0879185
0.1013564
0.0464802
-0.0553047
-0.0251772
-0.0467063
0.0637374
0.0479661
0.0674152
-0.0608841
0.0081213
-0.0773261
-0.0484314
0.0252349
-0.0809657
-0.0326344
-0.0003987
-0.0648134
0.0735472
-0.0721780
-0.0408226
-0.0751699
-0.0194486
-0.0916839
-0.0354253
-0.0696176
0.0391642
0.0404007
-0.0298620
0.0788404
0.1016938
0.0001552
0.0417465
0.0541601
-0.0958413
-0.0354825
-0.0919006
-0.1373571
-0.0983421
-0.1976828
-0.0675649
0.0256253
0.1410461
0.1585988
0.3760813
0.6278456
0.5644900
0.1877285
-0.2975133
-0.7196142
-0.8969241
-0.5974945
-0.0916347
0.2494643
0.3065875
0.3666849
0.3364967
0.3314012
0.1797049
-0.0176312
-0.1407048
-0.0909473
-0.1445627
-0.1899750
-0.0782490
-0.0180134
0.0242672
0.0745993
0.0050476
-0.0029676
0.0858760
0.0695416
0.0211526
-0.0202080
0.0214472
0.0826536
-0.0392303
-0.0420810
-0.0219978
-0.0002519
-0.0053907
-0.0152227
0.0180730
-0.0103784
-0.0476263
0.0084878
-0.0548770
0.0352107
0.0772457
0.0511615
-0.0730527
-0.0531756
-0.0008362
0.0114017
-0.0528002
-0.0222674
-0.0408381
-0.0317389
0.1228988
0.1010291
0.1089056
0.0837357
-0.0320888
-0.0232137
-0.0507311
-0.0529928
-0.0684719
-0.1179771
-0.0967063
-0.2216638
-0.0228912
0.0147462
0.1594446
0.3545820
0.5386479
0.6932430
0.4426417
-0.0179218
-0.5955610
-0.9088594
-0.8578563
-0.3927064
0.1571623
0.3397942
0.4553658
0.3803929
0.2854766
0.2453851
0.1512004
-0.0172885
-0.0944176
-0.1891639
-0.1649370
-0.0399721
-0.0314809
-0.1164718
-0.0412986
0.0222131
0.0695934
0.0299657
0.0341055
-0.0202819
0.0798796
0.0941855
0.0372910
0.0046001
-0.0317392
-0.0054098
-0.0505904
-0.0782089
-0.1175246
-0.0372998
-0.0285492
-0.0480291
-0.0382591
-0.0217976
0.0351107
0.0325127
0.0221633
-0.0828401
0.0460226
-0.0006580
0.0555309
-0.0714527
0.0542571
-0.0058399
-0.0165499
0.1078005
0.0736750
0.0108127
0.0781945
-0.0324828
-0.0718995
-0.0584237
-0.0570784
-0.1598741
-0.1256376
-0.2125762
-0.1779835
-0.1119037
0.0041147
0.0501569
0.1522340
0.3701384
0.6321772
0.5766071
0.1459373
-0.3833366
-0.8725075
-0.8358126
-0.4684584
-0.0281258
0.3424077
0.3827390
0.3223492
0.2334327
0.1410770
0.0612454
0.0329859
-0.1600356
-0.1610032
-0.1802031
-0.1053719
-0.1173624
-0.1156454
0.0398319
0.0036187
-0.0675486
-0.0580850
0.0922959
0.0012016
0.0504767
0.0893636
0.1358163
0.0371661
0.0133407
-0.0069352
0.0121145
-0.0411653
0.0105187
-0.0017796
0.0190444
-0.0020401
0.0108850
-0.0547052
0.0608171
-0.0339704
-0.0555283
0.0467073
-0.0318287
0.0147010
-0.0185215
0.0324338
-0.0147969
0.0693752
0.0350219
0.1085452
0.0875167
-0.0102445
0.0469153
0.0130833
0.0236451
-0.0367215
-0.0987913
-0.1185352
-0.1867190
-0.2076472
-0.1841865
-0.1382707
-0.0415087
0.0346702
0.2162890
0.3260638
0.5668894
0.6244884
0.3137502
-0.2130410
-0.7821214
-0.9735206
-0.6298595
-0.1527318
0.2637870
0.3010488
0.4325380
0.3412356
0.2933000
0.1832956
0.0282320
-0.0143926
-0.0333940
-0.1085780
-0.0759014
-0.1394290
-0.0680073
-0.1295397
0.0496764
0.0534001
-0.0200303
0.0594054
0.0606184
0.0523091
0.0351230
0.1191170
0.1006153
-0.0234265
0.0001863
-0.0235727
-0.0947379
-0.1135164
-0.0161148
-0.0948496
0.0007361
-0.0112678
0.0140985
0.1053684
0.0593080
-0.0197646
-0.0520294
-0.0602938
-0.0330191
-0.0391383
0.0449019
-0.0170639
0.0569532
0.0610804
-0.0230137
0.0293503
0.0343246
0.0487846
0.0825097
0.0984205
-0.0481835
-0.0245881
0.0245888
-0.1270751
-0.0622245
-0.1880801
-0.0822849
-0.1690766
0.0088781
-0.0138439
0.0883654
0.2910959
0.4469620
0.5513524
0.4448379
0.0174183
-0.5916919
-0.7938529
-0.6057173
-0.2717391
0.1785601
0.2256733
0.2706616
0.2275288
0.3142370
0.0834637
0.0183945
0.0491931
-0.1559023
-0.0232075
-0.0673291
-0.0136491
-0.1329549
-0.0356843
-0.1023601
-0.0004365
-0.0670438
-0.0696723
0.0340074
0.0439903
0.0432124
0.1206314
0.0134111
0.0555240
0.0673175
-0.0656613
-0.0505548
-0.0168829
-0.0390781
-0.0143994
-0.0718939
0.0391117
0.0221726
0.1143523
0.0507776
0.0998826
0.0100954
-0.0717250
-0.0124576
-0.1088233
0.0057081
0.0012941
-0.0519945
-0.0028044
0.0995618
0.1120233
0.0927884
0.0810989
0.1435297
0.0165776
0.0043073
-0.0474913
-0.0005024
-0.0940877
-0.0359671
-0.1407671
-0.1345726
-0.1145382
-0.1072380
0.0265056
0.1089137
0.1399737
0.3920684
0.4873372
0.4333715
-0.0884268
-0.5053750
-0.7932138
-0.6153520
-0.2513616
0.1250850
0.3342950
0.3441007
0.2411513
0.3011819
0.2263037
0.0263047
0.0284259
0.0029591
-0.1020442
-0.1259255
-0.0380781
0.0144903
-0.0869516
-0.1131855
-0.0768562
-0.0372142
0.0246233
-0.0655189
0.0649432
0.0823482
0.0973382
0.0113582
0.0642760
0.0417858
0.0421097
-0.0500080
-0.1098915
-0.0325169
-0.0629845
0.0058078
0.0916356
0.0010120
0.0121505
0.0279726
-0.0434426
0.0731386
-0.0993727
-0.0725778
-0.0112661
0.0344308
-0.0195011
-0.0283751
0.0766563
-0.0312165
0.0370571
-0.0090672
0.0497908
0.0232444
0.0755088
-0.0429182
-0.0536989
-0.0115183
-0.1923215
-0.1002870
-0.0913742
-0.1533484
-0.0351178
0.0021365
0.1023336
0.2668294
0.4660822
0.6359334
0.3656655
0.0144993
-0.5461989
-0.7597606
-0.6508189
-0.2090067
0.1173424
0.3839995
0.3508866
0.3204504
0.1681904
0.2189298
0.0339660
0.0325459
-0.0970145
-0.0438305
-0.0998090
-0.1288366
-0.0895757
-0.0877078
-0.0053927
0.0535035
-0.0705172
0.0299298
0.0467236
0.0222696
0.0999093
0.1368306
0.0572205
-0.0211077
-0.0033240
0.0033435
-0.1199156
0.0037139
-0.0069847
-0.0600730
-0.0101672
0.0713702
0.0608857
-0.0539936
-0.0314810
0.0567766
-0.0634469
-0.0360820
0.0316264
0.0230102
-0.0062272
-0.0367574
0.0626525
0.0298425
-0.0011752
-0.0079592
-0.0011221
0.0855591
0.0855820
0.0818748
-0.0342532
-0.0728504
-0.0181923
-0.0375032
-0.0741846
-0.1452504
-0.1209352
-0.0623304
0.0321837
0.1008905
0.2189723
0.2862258
0.5583870
0.5521240
0.2515846
-0.1654310
-0.7251420
-0.8184109
-0.5243214
-0.0456760
0.2445921
0.4260237
0.2895096
0.2900533
0.2340104
0.0598024
0.0363023
-0.1499009
-0.0855356
-0.0578044
-0.1284546
-0.1354321
-0.0737124
-0.1108815
-0.0520583
-0.0857395
-0.0122390
0.0071985
0.0504411
0.0404425
0.0292083
0.1262604
0.1623896
0.0271052
-0.0533897
-0.0557948
-0.1414938
-0.0183694
-0.0974039
-0.1072275
0.0339567
-0.0588734
0.0268535
0.0524866
0.0758658
-0.0686734
-0.0757174
0.0700369
0.0457210
-0.1124566
-0.1034371
-0.0523866
-0.0308861
-0.0203437
0.0204506
0.0091827
0.0043864
-0.0008803
0.1452526
0.1231481
-0.0250833
0.0288319
-0.0596507
-0.0166794
-0.1308579
-0.1343789
-0.1562247
-0.1866010
0.0191596
0.0649835
0.0735948
0.2185104
0.5085042
0.5274954
0.4727969
-0.0920599
-0.5130035
-0.9101312
-0.7115730
-0.2452403
0.0884791
0.3548892
0.3047030
0.2657555
0.1848725
0.1725002
0.0524957
0.0211908
-0.0320778
-0.0432985
-0.1215154
-0.0271799
-0.0650792
-0.0024974
-0.0515842
0.0172493
0.0328845
0.0099701
0.0173347
-0.0234200
0.0193335
0.0376276
0.0906732
-0.0029679
-0.0603991
-0.0457068
-0.1263687
-0.1375318
-0.1089258
-0.0585053
-0.0829051
0.0200812
-0.0230256
0.0460431
0.0417272
0.0361109
0.0347099
0.0681523
-0.0080027
-0.0071289
-0.0434452
-0.0489926
-0.0904761
-0.0087246
-0.0317643
0.0131046
0.0612449
0.1376571
0.0111797
0.0372035
0.0171745
-0.0578664
-0.0704352
-0.1067892
-0.0990705
-0.2326942
-0.1790918
-0.1343098
-0.1067967
-0.0079496
0.0500672
0.1995049
0.4508612
0.5652702
0.3862375
-0.0506092
-0.5821570
-0.8741231
-0.7141150
-0.3829962
0.1357272
0.3237789
0.3863863
0.3921680
0.1843118
0.1809972
0.0054318
0.0152491
-0.1219109
-0.1879350
-0.1051536
-0.1695212
-0.0478010
0.0285753
0.0104064
0.0197662
-0.0119780
0.0386009
0.0423700
0.1172037
0.1169786
0.0937764
0.1058362
0.1045339
0.0889583
0.0296195
-0.0267091
-0.0849284
-0.1197370
-0.0520126
-0.0869054
-0.0215227
0.0214053
0.0057635
0.0313444
0.0045326
0.0750309
-0.0445225
-0.0272076
-0.1016647
-0.0458244
0.0300523
-0.0790102
-0.0688363
0.0176324
0.0534733
0.0688858
0.0169125
0.1397669
0.0630115
0.0023145
0.0605411
-0.0031199
-0.1778740
-0.1790798
-0.1386477
-0.0770110
-0.0800175
0.0102148
0.0564566
0.1365961
0.2456872
0.5057999
0.5851473
0.2526293
-0.2189718
-0.7259386
-0.7847467
-0.6170048
-0.1179922
0.2373272
