-0.0798985
0.0492612
0.0360485
0.0783834
-0.0824650
-0.0415879
-0.0489166
-0.0186179
-0.0630560
0.0061931
-0.0496676
-0.0218817
-0.0539266
-0.0324960
0.0642124
0.0488200
-0.0792614
-0.0853296
0.0255263
-0.0153881
0.0514218
0.0839977
-0.0476476
0.0271607
0.0108502
-0.0048657
0.0155367
0.0090980
-0.0497027
0.0106327
-0.0479077
-0.0627494
0.0489136
-0.0232034
0.0872906
-0.0789233
-0.0662416
-0.0974467
0.0133950
-0.1216045
0.0264680
0.1007677
-0.0236320
0.1169706
0.0141537
-0.0641382
-0.0406544
-0.0861882
-0.0306905
-0.1039525
-0.1291033
-0.0990818
0.0297002
0.0415957
-0.0429011
0.0279606
0.1152622
0.0774731
0.0626674
0.0228984
0.0717821
0.0981799
0.0559033
-0.0930876
-0.1660827
-0.1794354
-0.1141962
-0.2056247
-0.0847021
0.0874105
0.1635866
0.1123560
0.1688801
0.3997387
0.2661996
0.1159982
-0.1564417
-0.5874132
-0.6432956
-0.4996262
0.0340027
0.4200392
0.3983221
0.3508201
0.0877272
0.0995608
0.0109053
-0.0807668
0.0047356
-0.1309316
-0.1526484
-0.0772259
0.0114505
0.0374490
-0.0486950
-0.0141156
-0.0443623
0.0448081
0.0424834
-0.0005680
-0.0175503
0.0211839
-0.0109072
-0.0585740
0.0744272
-0.0463766
-0.0031730
-0.0122274
0.0001163
-0.0475039
0.0797058
-0.0506420
0.0325700
-0.0185861
0.0675818
0.0072138
0.0619169
0.0019363
-0.0353360
-0.0694154
-0.0594684
-0.0472411
-0.0998323
-0.0590046
0.0785005
-0.0904811
0.0871875
-0.0212672
0.0959486
0.0177892
0.0763532
0.0809498
0.0232555
-0.0665896
0.0244863
-0.0276383
-0.0491358
-0.0913156
0.0074487
-0.0262549
-0.0019956
-0.0271761
-0.0313356
-0.0187082
-0.0692646
0.0188928
-0.0297015
-0.0488175
-0.0681177
-0.0683129
0.0815443
0.0302586
-0.0539268
0.0919661
-0.0600577
0.0365739
0.0618655
-0.0382123
-0.0324562
-0.0309816
-0.0905618
-0.0662308
-0.0092478
-0.0761330
-0.0642167
0.0944732
-0.0092619
0.0533289
-0.0441288
-0.0315296
0.0047265
-0.0772340
-0.1209002
-0.0512395
-0.0190922
0.1338552
0.1604511
0.0613633
0.0420651
0.0559004
0.0010248
0.0070437
-0.0895179
-0.0375670
0.0347059
-0.0013926
-0.0545464
0.0505114
0.0607071
0.0665717
0.1363393
0.0272938
0.0614086
0.0465111
-0.0013514
0.0102172
0.0256627
-0.1701342
-0.1041402
-0.1117151
-0.1761837
-0.0232815
-0.0501603
0.0366869
0.0771871
0.1604640
0.2588045
0.2208240
0.2641257
0.2327535
-0.2828682
-0.5986557
-0.5777629
-0.3878687
-0.0102102
0.3523596
0.3613222
0.3144471
0.0877505
-0.0208195
-0.0085289
0.0125338
0.0223308
-0.0561058
-0.1352252
-0.0239569
-0.0689764
-0.1220626
-0.0925264
0.0719937
-0.0252608
0.1200981
0.0740828
0.1313319
0.0433260
0.0899513
0.0753276
0.0712026
-0.0482895
-0.0111194
-0.0463610
-0.0830671
0.0302762
-0.0380686
0.0401806
0.0013270
-0.0063953
0.0795908
0.0047536
-0.0742936
0.1008804
0.0636388
0.0531173
0.0321881
-0.0286206
-0.0904550
0.0216892
0.0183965
-0.0593368
-0.0124573
0.0887891
0.0231868
0.0111457
-0.0358972
-0.0117655
-0.0414436
-0.0449050
0.0853729
-0.0340363
-0.0420808
-0.0748456
-0.0340790
-0.0529575
0.0024929
0.0676821
-0.0826888
-0.0489286
-0.0051632
-0.0799041
-0.0257807
0.0527388
-0.0320898
0.0901394
0.0802226
-0.0003286
0.0363037
-0.0224385
0.0354229
0.0804031
0.0201515
0.0711186
0.0716319
0.0608269
0.0423043
0.0465545
0.0168690
-0.0575361
0.0518541
-0.0887384
0.0432473
-0.0456234
-0.0487752
-0.0633108
0.0172483
0.0287758
-0.0152667
-0.1154631
-0.1027024
-0.0573092
-0.0444255
0.0893516
-0.0022967
0.0518477
0.0072854
0.0422929
0.0007820
-0.1166754
-0.0422880
-0.0285615
-0.1024689
0.0139554
-0.0531609
0.0237851
-0.0386327
0.0198957
0.0257485
0.0103721
0.0964798
0.0593887
0.0974144
0.0106514
-0.0051695
-0.0008300
-0.1464755
-0.1023916
-0.2214032
-0.0959257
-0.1388515
-0.0354795
0.1144857
0.1819100
0.1444931
0.1974825
0.2167572
0.1848967
-0.0445260
-0.4353124
-0.7015060
-0.5372063
-0.1512201
0.2778214
0.3889048
0.3320125
0.1760546
0.0987938
0.1000719
-0.0155865
-0.1229170
-0.0003131
-0.1242597
-0.0917246
-0.0423714
-0.0949402
0.0304764
0.0173025
0.0805242
0.0765224
-0.0221300
-0.0268670
0.0687874
-0.0063327
-0.0688725
-0.0257346
-0.0483772
0.0297848
-0.0932177
-0.0984926
-0.1021005
-0.0246422
0.0396560
-0.0245050
-0.0568229
-0.0187370
0.0643113
0.1009870
-0.0059413
-0.0398293
-0.0628467
-0.0237848
0.0388663
0.0371994
0.0155446
-0.0804041
0.0177206
0.0807809
0.0374270
0.0356554
-0.0336959
0.0440046
-0.0394308
0.0624412
-0.0172475
-0.0718281
-0.0181577
0.0375289
-0.0527302
0.0468584
-0.0107913
0.0196296
-0.0455039
0.0820636
0.0810158
0.0665533
-0.0223177
-0.0762890
0.0870375
0.0622051
-0.0285523
0.0178815
-0.0715348
-0.0484156
0.0805376
-0.0024562
0.0955161
0.0845679
0.0410032
-0.0361320
-0.0474887
-0.0931759
-0.0886402
0.0382548
-0.0653407
0.0206834
-0.0685262
0.0570387
0.0108712
0.0874186
0.0157535
0.0604597
0.0374118
0.0875022
-0.0130553
-0.1251709
-0.1493424
-0.1164548
-0.0555555
0.1246850
0.1281344
0.1146500
0.0582650
-0.0266478
-0.1113804
0.0476111
-0.0003678
0.0440850
-0.1027909
-0.0369203
-0.0005009
0.0136006
0.0136677
0.0463111
0.0926863
-0.0120019
-0.0250186
0.0278587
0.0074085
-0.0115876
-0.1480809
-0.0454815
-0.1108950
-0.1525782
-0.1838835
-0.1216103
0.0031415
0.1920201
0.1223662
0.3238255
0.3837296
0.3339680
0.1426783
-0.2979432
-0.6297014
-0.7683686
-0.4820653
0.1126608
0.3399524
0.4327542
0.2455864
0.0963651
-0.0145972
0.0139489
-0.0037077
-0.0384835
-0.1012137
-0.1740171
-0.0334994
-0.0133113
-0.0875695
-0.0500606
0.0676160
0.0632446
0.0565323
-0.0162906
-0.0181158
0.0848619
-0.0558902
0.0523632
0.0097504
-0.0010784
0.0178165
-0.0987044
-0.1040649
-0.1020156
-0.0656581
0.0476175
-0.0383649
0.0289129
0.0995065
0.0320764
0.0010092
0.0239829
0.0097215
0.0907502
0.0283792
-0.0671834
-0.0065085
-0.0226921
-0.0450792
0.0127938
-0.0543881
0.0507833
-0.0440706
-0.0064698
0.0581809
-0.0277076
-0.0038257
0.0036769
-0.0508977
0.0341553
-0.0846122
0.0231387
-0.0548798
0.0658988
-0.0399890
-0.0094658
-0.0772551
0.0839185
0.0448102
-0.0771597
0.0312884
-0.0028717
-0.0728630
-0.0154774
-0.0274084
0.0231725
0.0204382
-0.0572965
-0.0554261
0.0702711
0.0521796
-0.0794234
0.0103678
0.0099595
0.0162656
0.0640423
-0.0524363
-0.0793659
0.0658870
0.0431437
0.0591304
-0.0048330
-0.0055238
-0.0407581
0.0095876
-0.0264904
-0.0761530
-0.0722952
0.0461858
0.0168756
0.0069716
0.0597056
-0.0060783
0.0661040
-0.0613196
-0.0592196
0.0044429
-0.0827400
-0.1018476
-0.1277055
-0.0243278
0.0674738
0.0129710
0.0772268
-0.0064702
0.0706776
0.0061133
0.0069888
0.1420560
0.0518209
0.0972825
0.0302923
-0.1318298
-0.1549666
-0.0291189
-0.0795527
-0.0741229
-0.0522567
0.0589063
0.1452545
0.1709954
0.1350640
0.2733502
0.3012557
0.1666621
-0.0285038
-0.4434590
-0.5590334
-0.4027572
-0.0879575
0.3658700
0.3023526
0.2715244
0.1769675
0.0063920
-0.0023023
0.0876599
-0.1096528
-0.1352436
-0.0715461
-0.0151175
-0.0645005
-0.0630716
0.0584569
0.0821460
0.0801895
0.0879092
0.0836791
-0.0462229
0.0568236
0.0650527
0.1018825
-0.0608090
0.0021901
-0.0819972
-0.0941175
-0.1081575
-0.0349551
-0.1034338
-0.0883129
-0.0341149
0.0912792
-0.0770111
0.0077825
-0.0644928
-0.0305733
-0.0259866
0.0881046
-0.0544672
0.0003553
-0.0779423
-0.0613682
-0.0808783
0.0487332
-0.0039206
0.0033421
0.0464248
0.0891895
-0.0271719
-0.0408088
-0.0367789
0.0746503
-0.0043484
-0.0589773
-0.0547136
-0.0134040
0.0467653
0.0728003
0.0279917
-0.0796391
0.0000515
0.0484994
0.0244660
-0.0635478
-0.0427015
0.0910599
-0.0747981
-0.0208067
-0.0722012
0.0871729
-0.0874902
-0.0799708
0.0324632
-0.0327531
-0.0841865
-0.0762922
0.0481781
0.0291948
-0.0287854
0.0604838
-0.0340315
-0.0780562
-0.0894144
0.0875652
0.0499738
-0.0521662
0.0857468
-0.0706954
-0.0329567
0.0529859
-0.0535189
0.0118752
0.0545273
0.1087800
-0.0216198
0.1056075
0.0410237
0.0847581
-0.1046888
0.0311105
-0.1179450
-0.1309055
0.0139052
-0.0846145
-0.0826598
0.0468394
0.0260957
0.0887685
-0.0055299
0.0971269
0.1269569
0.1143856
-0.0578276
-0.0261159
0.0162889
-0.0406385
-0.1250042
-0.1077223
-0.1654212
-0.0631370
0.0129051
0.1631375
0.1980117
0.2787242
0.2706450
0.4682017
0.3013366
-0.1885372
-0.7216316
-0.7901684
-0.5454362
0.1404784
0.5162610
0.5257220
0.2928683
-0.0580446
-0.0069987
-0.0555606
-0.0776486
-0.0560653
-0.1835531
-0.0222300
-0.0367187
-0.1093135
0.0179583
-0.0131307
-0.0055860
0.0165351
-0.0044837
0.0085175
0.0296439
0.0634109
-0.0115685
-0.0419905
-0.0149834
0.0603349
0.0392446
-0.0208514
-0.0079814
0.0188268
0.0190628
0.0330720
-0.0585373
-0.0358079
-0.0618919
0.1083301
-0.0568677
-0.0454039
0.0024100
-0.0350614
0.0186619
-0.0851046
-0.0999884
-0.0377307
-0.0308522
-0.0344323
-0.0421664
0.0743985
0.0471369
-0.0701550
-0.0697414
0.0937943
-0.0013715
-0.0470238
0.0668295
-0.0145287
-0.0596827
0.0231050
-0.0007162
-0.0459848
-0.0657101
0.0804353
-0.0361618
0.0187537
-0.0662208
-0.0652662
0.0641163
-0.0850452
-0.0695401
-0.0398074
-0.0185788
0.0651222
0.0744731
0.0107247
0.0409962
-0.0049029
-0.0521065
-0.0457208
-0.0447879
-0.0742622
-0.0164117
-0.0819593
0.0853039
-0.0518388
0.0387826
-0.0810814
0.0638020
0.0007463
0.0480763
-0.0628420
-0.0471493
-0.0570135
-0.0049652
-0.0709135
0.0525138
0.0738219
0.0615541
0.0420435
-0.0169908
0.0363976
-0.0895682
0.0277867
0.0303846
-0.1329482
-0.0946303
-0.0037219
-0.0260724
0.0787226
-0.0088227
0.1419733
0.1212278
0.0371247
0.1034707
-0.0209858
-0.0501767
-0.0156957
-0.0792720
-0.0099066
-0.0823402
-0.0684774
-0.1155408
-0.0154100
0.0315147
0.0999401
0.1202714
0.2328434
0.2888864
0.3329554
0.2716755
0.0487699
-0.5494518
-0.7736438
-0.5374277
-0.2091781
0.2417172
0.4253094
0.4284276
0.2274336
0.0936735
-0.0120510
0.0424912
0.0220129
-0.0270874
-0.0412175
-0.0688419
-0.0066674
-0.0622163
-0.1078566
-0.0069669
0.0825460
0.0262407
0.1359443
-0.0077891
0.0414119
0.0656552
-0.0664976
0.0764367
-0.0829178
-0.0346869
-0.0072258
0.0086678
0.0501916
-0.0372054
0.0744327
0.0880187
-0.0546271
-0.0604411
0.0248015
0.1010682
0.0804985
0.0962536
-0.0386152
0.0643141
-0.0399165
-0.0343234
-0.0002376
0.0030771
-0.0544513
0.0602491
-0.0642233
-0.0846906
-0.0544177
-0.0397126
0.0705213
0.0583848
0.0582619
0.0344611
-0.0619337
0.0599134
0.0463032
-0.0396190
0.0400581
0.0116883
0.0637286
0.0725528
-0.0868902
-0.0876842
-0.0789251
0.0698078
-0.0014219
-0.0087472
-0.0745694
0.0364773
-0.0712912
-0.0355689
0.0436739
0.0078619
0.0047766
-0.0647614
-0.0660812
-0.0754638
-0.0509422
-0.0176953
0.0540588
-0.0467141
0.0332638
-0.0296851
-0.0400040
-0.0213797
0.0197818
0.0163473
0.0852235
-0.0489674
-0.0943597
-0.1596114
-0.0292091
-0.0061923
0.1214199
0.1382635
0.1205981
0.0485171
-0.0247814
-0.0222607
-0.1186183
-0.1247570
-0.0138603
-0.1119509
-0.0010432
0.0505661
0.0334079
-0.0188559
0.0431574
0.0777440
0.1069026
-0.0070232
-0.0138557
-0.0064690
-0.0005927
-0.0358866
-0.1078006
-0.1729351
-0.1070938
-0.1260808
-0.0782764
-0.0213877
0.1854320
0.1919891
0.1096617
0.2694742
0.2121261
0.2734771
-0.0457240
-0.4069969
-0.6246909
-0.6649646
-0.2923003
0.2218629
0.3019145
0.3090106
0.1295628
0.1578313
0.0210744
0.0430334
0.0474937
-0.0676275
-0.1824015
-0.0669503
-0.0579190
-0.0952249
-0.1161995
0.0122881
0.0861293
-0.0149306
-0.0194663
0.0176739
0.0506637
-0.0086548
-0.0247050
0.0868558
-0.0221557
0.0438079
0.0486203
0.0081038
0.0196400
-0.0026956
-0.0546036
0.0238338
0.0518511
0.0960284
-0.0107325
0.0179849
0.0373604
0.0586390
0.0014085
-0.0248631
0.0463462
-0.0489746
-0.0900412
0.0080573
-0.0589558
-0.0359329
-0.0150896
0.0218467
0.0245265
0.0832811
0.0155184
0.0096720
-0.0148787
-0.0531592
-0.0803842
0.0075282
0.0832297
0.0852622
0.0375437
0.0633800
-0.0253673
-0.0025138
-0.0130706
0.0004406
-0.0060611
-0.0611659
-0.0551435
-0.0281988
0.0583388
-0.0043683
0.0316252
0.0433487
-0.0766860
-0.0361160
0.0202293
0.0256149
-0.0735569
-0.0721093
-0.0109344
0.0666898
0.0683357
0.0585630
0.0308495
0.0565737
0.0580142
-0.0640997
0.0645109
0.0703932
-0.0032407
0.0101410
-0.1704556
0.0377096
0.0449325
0.1315858
0.0551966
0.1378447
-0.0439217
0.0261597
-0.1090129
-0.1100031
0.0299326
0.0205960
-0.0287073
-0.0190849
-0.0078978
0.1070367
0.0218525
0.0400742
0.1138712
0.0395035
0.1235146
-0.0298158
0.0327058
-0.0321252
0.0022610
-0.1361914
-0.1640402
-0.2312544
-0.0690252
0.0194924
-0.0281970
0.0899134
0.2092071
0.1844925
0.2897452
0.4119429
0.0971405
-0.2206761
-0.6263763
-0.8753122
-0.5111421
0.0054340
0.4760955
0.4918828
0.2762272
0.1963285
0.1179842
0.0076508
0.0256515
-0.1531551
-0.0979187
-0.1387234
-0.0556435
-0.0413041
0.0028262
-0.0632510
-0.0755765
0.0252991
0.0188720
0.1491498
-0.0186262
0.0559632
0.0744768
0.0515301
-0.0261808
0.0027666
-0.0991962
-0.0953944
-0.0086909
-0.0832872
0.0641716
0.0033662
-0.0644200
-0.0037780
0.0649431
0.0331416
0.0548951
0.0340358
-0.0049360
-0.0207375
-0.0970559
0.0191521
-0.0284479
0.0217116
-0.0865862
0.0134883
-0.0583555
0.0525413
-0.0590361
-0.0668250
0.0576767
-0.0820777
0.0077720
0.0413924
0.0597294
-0.0337198
0.0694860
-0.0408187
0.0680367
0.0148776
0.0558998
-0.0730342
0.0267347
0.0764804
0.0475743
-0.0725072
-0.0665794
-0.0484583
0.0329801
-0.0230242
-0.0678168
0.0616836
-0.0031837
-0.0831196
-0.0923082
-0.0306673
0.0695385
0.0885530
0.0254365
-0.0350196
-0.0819473
0.0935371
0.0062360
0.0781105
-0.0361707
-0.0302298
-0.0581971
0.0369144
0.0458546
-0.0369012
-0.1093509
0.0019781
-0.0626212
-0.0188324
0.0182967
0.0458414
0.0046270
0.0285960
0.0230991
0.0114621
-0.0294414
0.0418278
-0.0002351
-0.1097644
-0.0568032
-0.0634600
