0.0290595
0.0615467
-0.0897158
0.1152646
-0.1176058
-0.0806842
-0.0482932
0.0832212
-0.0178860
0.1212643
0.0396608
-0.1056587
0.1219251
0.0690070
0.0994859
0.0631334
-0.0257831
0.0087868
-0.0774933
-0.1432718
-0.1191944
0.0750646
0.0557251
0.1710390
-0.0098971
0.0563642
0.1289578
0.1654234
-0.0051058
-0.0390727
-0.0977169
-0.0981341
-0.3180894
-0.1982437
-0.1063538
-0.0098160
0.3591935
0.6798313
0.6510247
0.0830632
-0.2660472
-0.5338366
-0.4373558
-0.2343868
0.1058299
0.0621577
0.2414991
0.1400691
0.0305965
0.1237848
0.0315507
-0.1463292
0.0207196
0.0416522
-0.0058119
-0.0900069
0.0859651
0.0598274
0.1273161
-0.0753655
0.0784334
-0.0609982
0.0905360
0.0358437
0.0676724
0.0912869
0.1245190
-0.0627617
0.0917940
0.1070587
0.0131281
0.0272270
0.0399874
-0.1114113
0.0808856
0.0841163
0.1124711
0.0429619
-0.0982627
-0.0035691
-0.0472067
0.1242771
0.0702510
-0.0788782
0.1111534
0.0911173
-0.0270509
-0.0952513
0.0000978
-0.0920310
0.0588131
0.0275903
-0.0776796
0.0527296
-0.0375586
0.0667747
0.0797427
-0.0331447
0.0105515
-0.1189772
-0.1072980
-0.0793819
0.0610811
-0.0640049
-0.1212891
0.1218658
-0.0445595
0.0972451
0.0024863
-0.0339566
0.1080787
-0.0647814
0.1122313
0.0323674
-0.0247385
0.0516143
0.0524729
0.0088743
-0.0299767
0.0868777
0.0049758
-0.0538755
0.0915453
-0.0537448
-0.0805128
0.0343792
0.0767160
0.0324149
0.0765590
-0.0647779
0.0121671
-0.1053143
-0.0004605
-0.0394155
-0.1162384
0.0745723
0.0216689
0.0992597
0.1069182
0.0977265
-0.1149256
-0.0393768
-0.1140661
-0.0977391
0.0390270
-0.0272259
-0.1152436
0.0945457
-0.0329466
-0.0087711
0.0700021
-0.0626150
-0.0533943
-0.0287851
0.1316836
-0.0512041
-0.0207277
0.0717260
0.0906081
-0.0761634
-0.0765829
-0.1097401
0.0420712
-0.0944728
0.0076662
0.0057331
-0.0868525
0.0598396
0.0364277
-0.0042033
-0.1231640
-0.0144236
-0.0148205
-0.0829004
0.0179498
-0.0901697
0.0230471
-0.0244247
-0.0285150
0.0206278
0.0723764
0.0017602
0.1024593
-0.0189845
-0.0847998
0.0241099
-0.0562485
-0.0923686
-0.0152758
0.0163754
0.0884254
0.0320494
-0.0465523
-0.0196544
-0.0824723
-0.0601554
0.0494056
-0.1272417
0.0007300
-0.0802995
0.1809322
0.0366333
0.0245315
-0.0044263
0.0337591
-0.0125818
-0.0775852
-0.0150671
-0.2374935
-0.2957746
-0.1567182
-0.0955009
0.0932438
0.3298124
0.5000228
0.5119350
0.2814814
-0.2801006
-0.5447446
-0.3917723
-0.2534841
-0.0167403
0.1628419
0.0196733
0.0854767
0.1015925
0.2143654
0.1885106
-0.0073711
0.0427006
-0.1550184
-0.1637150
-0.0669384
0.0254361
0.1656667
-0.0102450
0.0590624
0.0980925
-0.0501108
-0.0749823
0.0563533
-0.0283583
0.0585282
0.0390448
0.0464560
-0.0940931
-0.0056622
0.1350336
-0.0367660
-0.0815844
-0.0553597
-0.0839948
0.0177052
0.0763904
-0.1135057
0.0845234
-0.0144768
-0.0843239
0.0918403
-0.0221433
-0.0283232
-0.0507524
-0.0626364
-0.0682547
0.1319928
-0.0858568
0.0169403
-0.0260803
-0.0961000
-0.0061459
-0.0068434
0.0664780
-0.1045521
-0.1181485
-0.0303143
-0.0222907
0.0327043
0.0041008
0.1081603
0.0292767
-0.0669039
0.1309583
-0.0091953
0.0746717
0.0719324
-0.0279638
-0.0216694
0.0695202
0.0977677
-0.0743049
0.0666543
-0.0167477
-0.0345820
0.0848290
-0.0355820
-0.1184264
0.1178763
0.0932201
-0.1019865
-0.0311759
0.0602119
0.0510683
0.0365195
-0.0314589
-0.0627715
0.0597421
-0.0628779
-0.0126906
0.1147704
0.0618693
0.0004031
0.0560178
-0.1310387
-0.0043259
0.1085519
-0.0944951
-0.0801057
0.0327892
-0.1005781
0.1194804
-0.1173976
-0.0473600
-0.0807548
-0.0682226
0.0564795
-0.0182895
0.1165229
-0.0210273
-0.0020654
-0.0720645
-0.0802581
0.0857401
0.0290000
0.0894462
0.0972059
0.0037441
-0.1082207
0.0029459
-0.0869394
0.0279591
0.0436367
0.0835797
-0.0437441
-0.0076597
-0.0126542
0.0486875
0.0018566
-0.0632158
0.0781950
-0.0494286
-0.1069957
0.1071424
0.0779463
-0.1252674
-0.1209561
0.1155348
-0.0913706
0.0348758
0.0526040
0.0542460
0.0962197
0.0804099
0.0547652
0.1268847
-0.0390428
-0.0814094
-0.0646885
-0.0291592
0.1103511
-0.1509458
-0.0217761
-0.1324695
-0.1354264
0.0502161
0.0059795
-0.1055795
-0.0271219
0.1402145
-0.0310920
0.0586715
0.0100456
0.0268156
0.0499191
0.0998533
-0.2069491
-0.0600803
-0.2367484
-0.1783995
-0.2077065
-0.0166229
0.1190273
0.3920207
0.5017775
0.1969515
-0.1086873
-0.2141173
-0.2932863
-0.1797273
-0.0807638
-0.1168579
-0.1393692
-0.0771096
0.1808504
0.0430717
0.1735958
0.0476601
0.0641634
0.1014854
0.1285185
0.0554555
0.0534023
0.0438264
0.0834093
-0.0424655
-0.0234878
0.0169410
0.0888483
0.1309597
-0.0835395
0.0138188
-0.0758700
-0.0400563
-0.0130424
-0.0491007
0.0119005
0.1265502
-0.1288645
0.0440548
0.0350776
0.0963451
-0.0064569
-0.0744378
-0.0827953
0.0614776
-0.0581344
0.0376682
0.1071594
0.1038393
-0.0818436
-0.0831963
-0.0102404
-0.0083177
-0.0805394
0.0011087
0.1131485
-0.0663699
-0.0561411
-0.0350685
-0.0653888
0.0218052
0.1145532
0.0799080
-0.1128053
-0.0777868
0.0679837
-0.0548434
0.0439364
0.0662788
0.0550246
0.0694210
0.0551166
-0.0317634
0.0088315
0.0860847
-0.0827407
-0.0017032
-0.0726427
-0.0731848
-0.1290816
-0.1366519
0.0043871
0.0624768
-0.0223667
0.1152711
-0.0172047
-0.0696915
0.0352242
-0.0876501
-0.1189719
-0.0990948
0.0139262
-0.1280671
-0.0718857
-0.0355045
-0.0558030
0.1215611
0.1002433
0.1272503
0.0620238
-0.0323526
-0.0196863
0.0156194
0.0717238
-0.0079809
0.1192222
-0.1199318
0.1184464
-0.0391725
-0.0254467
-0.0262437
-0.0198195
0.1334897
0.0849817
-0.0913916
0.0851384
0.0391006
-0.0032883
-0.0434323
-0.1059495
0.1321023
0.0374659
0.0457490
-0.1112692
-0.1001601
-0.0246087
-0.0921661
-0.0399520
-0.0663757
0.1203366
-0.0484029
-0.0906578
0.0216206
-0.0647293
0.0140321
0.0428728
-0.0549747
0.0481781
0.0317930
-0.0574896
-0.0417110
0.0073751
0.0946257
0.1041105
0.1155380
0.1266644
0.0182860
0.0091961
0.1355980
0.0850880
-0.1072839
0.0840222
-0.0920738
0.0985522
-0.1211524
-0.0726232
-0.1295611
-0.0532135
0.0587393
-0.0057925
0.0196288
-0.0344790
0.0849356
-0.0754010
0.0484868
0.0728499
0.1440938
0.0734828
-0.0503059
0.0448531
-0.0462452
0.0501111
-0.1744572
0.0242375
-0.0574804
-0.2414961
-0.2003046
-0.2108275
0.0352035
0.4483199
0.4117722
0.3733946
0.1265060
-0.1710601
-0.3216820
-0.1651062
-0.0645490
-0.0616399
-0.0974406
-0.0727000
-0.0049066
0.1159629
0.1141657
0.0396778
0.0741295
0.1434101
0.0472829
0.0478354
0.0438151
-0.0549128
-0.0799288
-0.0509686
-0.1592903
-0.0188036
-0.0551844
-0.0547724
-0.1002177
0.0796950
0.0236288
0.0041178
-0.1094279
0.0442427
0.1032199
-0.1022572
0.0983051
0.0850228
-0.0070306
0.0032301
0.0730326
-0.0179314
-0.0083175
-0.1262495
-0.1066843
0.0455951
0.0000823
0.0747394
0.0897730
-0.0842514
0.1154405
-0.0379802
-0.0284333
-0.0751144
0.1255227
-0.0857045
-0.0282832
0.0113720
-0.0155176
0.0761416
0.0350107
0.0396158
-0.0766771
0.0557120
0.0560085
0.1060919
-0.0418616
0.1139057
-0.0958540
-0.0353953
-0.0037622
-0.0633993
-0.0256029
-0.1237554
0.1215452
0.0097249
-0.0261150
-0.0614519
-0.1265246
0.0640718
-0.0237362
-0.0021955
0.0265425
0.0464340
0.0009417
0.0722049
0.0903040
-0.0529424
0.0638167
0.0576995
-0.0926659
-0.0858719
-0.0575802
-0.0235530
-0.0452034
-0.0710155
-0.0179745
0.1179196
0.0766339
-0.0277422
-0.1171408
-0.0732373
0.1042355
-0.0392521
0.1120226
-0.0662671
-0.0763352
0.0472441
0.0912783
0.0905116
-0.0806165
0.0433791
0.0044149
-0.0330230
0.0382745
-0.0711197
0.1029147
0.0267103
0.1183939
-0.0819515
0.0872741
0.1058569
0.0156961
-0.0184202
-0.1173731
-0.0461825
0.0800007
-0.1095666
-0.0391259
0.0765904
-0.0650858
-0.0855190
-0.0008841
0.1312700
-0.0523097
-0.0411706
-0.0124555
-0.0071203
0.0005930
0.1148108
-0.0991173
0.0373751
-0.0732589
0.0541171
0.0317705
-0.0140933
-0.0094992
-0.0096465
0.0003605
0.0188219
0.1512349
0.0369950
-0.0364187
0.0221514
-0.0705358
-0.1218540
0.0730316
-0.0746471
-0.0608898
0.0137515
-0.1530400
-0.1610071
0.0408954
0.1160962
0.1102645
0.0205577
0.1799343
0.1952574
0.0622906
0.1754032
0.1698173
0.0765934
0.0330620
-0.0081926
-0.0935516
-0.1410665
-0.3926869
-0.2660117
-0.0800796
0.4037716
0.7051305
0.6675642
0.3502999
-0.3200437
-0.5833422
-0.5529586
-0.1304426
0.0958450
0.1867846
0.2335401
0.0539450
0.1181600
0.1677051
0.0090420
-0.1163054
-0.0348999
-0.1158888
-0.0922014
0.0684389
0.1142089
-0.0726192
0.0997860
0.0140846
-0.0146390
-0.1354936
0.0919193
-0.1172159
-0.1278972
-0.0526026
-0.0888005
0.0713065
0.1277648
0.1262839
-0.0862147
0.1372185
0.0039657
-0.1210819
-0.0495032
0.0555670
-0.0936604
-0.0250636
0.1095036
0.0041092
-0.1006546
-0.0153901
0.0988331
-0.0043981
0.0729090
-0.0669989
0.0922227
-0.0184288
-0.0919987
-0.0518447
-0.0824569
0.0724358
-0.0624489
-0.1188406
-0.0739116
-0.1274465
-0.1169396
-0.1162798
-0.0620161
0.0081506
-0.0596768
0.0401961
-0.0941754
-0.0134307
-0.0806143
-0.1149329
0.0071439
-0.0989746
0.1215033
0.0862988
0.1459310
0.1015091
-0.0557647
-0.0551263
-0.0776671
-0.1470314
-0.0590020
0.0682687
-0.0651853
0.1107481
0.0043596
0.1210145
0.0659473
0.0989519
-0.0836372
0.0240175
0.0336911
0.0460921
-0.0246154
0.1128414
0.0147726
-0.0588683
0.0025686
-0.0800434
-0.1135529
-0.1036115
0.0073150
0.0670915
-0.0439054
0.0707795
0.1332328
0.2315887
0.2865138
0.2375450
0.0109063
0.0927902
-0.1394979
-0.0209101
-0.3379751
-0.4780735
-0.6340445
-0.5012069
-0.2084586
0.3176084
0.7047155
0.9870196
0.8493018
0.1703870
-0.3307767
-0.5313415
-0.5660259
-0.4736570
-0.3013064
-0.1215515
0.0065290
0.1874367
0.1284142
0.1998342
0.0881969
0.2396635
0.0882239
0.0315304
-0.0591947
-0.0952824
-0.0841868
-0.1712474
-0.0513159
0.0012404
-0.0168936
0.0611159
0.0472431
-0.0320791
0.0860762
0.0982684
0.1571585
-0.0483859
-0.0321919
-0.0441768
0.0215298
-0.0084770
-0.1463808
-0.0709846
0.0694962
-0.1106497
-0.0155730
0.0549547
0.1063664
0.0475398
0.0353032
-0.0053317
0.0426149
-0.1035780
-0.0278339
-0.0898888
-0.0698474
0.0567451
0.0761696
-0.1010262
-0.1351714
-0.1298602
-0.0354220
-0.1036809
0.0116535
-0.0121887
0.0983583
-0.0475017
-0.1002685
-0.0807161
0.1195928
0.1230628
0.0598797
0.0037084
0.0112359
0.0127560
-0.0886577
-0.1384819
-0.0353942
0.0288801
0.0560618
-0.1066249
0.1319687
0.0750810
0.0951205
0.1189293
0.0153070
-0.0982540
-0.0291266
0.1145895
0.0668401
-0.0938029
0.0121707
-0.0724172
-0.0346072
-0.0174002
0.0929188
-0.0212220
-0.1237059
0.0783778
0.1216727
0.0399544
-0.0958561
0.1103773
-0.0195316
-0.0134590
-0.1260768
0.0594460
0.1081811
-0.0556407
-0.0295403
0.0120502
-0.1038172
-0.0680306
0.1118975
0.0127881
0.0423746
0.0439293
0.1045495
0.0405881
-0.0391557
0.0388075
0.0175264
-0.0684324
-0.1040274
0.0000194
-0.0459269
-0.0707842
0.0952071
-0.0250977
-0.1236099
-0.0559401
0.0357810
-0.0492555
0.1205340
0.0981790
-0.0072447
-0.0174595
-0.0814624
-0.1111447
-0.0377327
-0.0705873
0.0782320
-0.0383271
0.1204531
0.1295274
0.0132590
-0.0101799
0.0069443
0.0607152
0.0322436
0.0118278
-0.0074616
-0.1230135
-0.0205609
0.0368608
0.0883906
-0.0244773
0.0567641
0.0256608
-0.1228471
0.0346920
0.1259247
-0.0120367
0.0005561
0.0086139
0.0347275
0.0518980
0.0585710
0.0675334
0.0093893
0.0700287
-0.1006396
-0.0142513
-0.1145376
0.0940328
0.0746165
0.0276481
-0.0058330
0.1131762
0.1255887
0.0012548
-0.0240552
0.0373138
-0.0847512
0.0933310
0.0484385
0.0551473
-0.0777967
-0.0581512
-0.0494948
-0.0850342
-0.0607804
0.1243509
0.0111983
0.0336165
0.0686322
0.0045453
0.1100729
0.0689125
0.1293730
0.0858996
-0.0299909
-0.0297930
-0.1069693
-0.0460437
-0.0318164
-0.0934730
-0.0419674
-0.1075090
-0.0152114
0.0682363
-0.0267146
-0.0318356
-0.0999922
-0.0500614
-0.1155359
0.0897932
0.0167743
0.0616074
-0.1105634
-0.0630252
-0.0572609
0.0457518
0.0390008
0.0512814
-0.1450753
0.0723101
0.0325446
-0.0506407
0.0622287
-0.0239461
0.1152468
-0.1017388
-0.0089330
-0.0655970
0.1009502
0.1434288
-0.0717567
-0.0190074
0.1325024
-0.0473018
0.0221019
-0.1377221
-0.1376694
-0.2525759
-0.1235872
-0.0638848
0.1601486
0.3898441
0.5546479
0.1878937
-0.1623780
-0.3788135
-0.4415602
-0.2221382
-0.1985872
-0.0103481
0.0434722
0.1692514
0.0826345
0.0542599
-0.0024971
-0.0249207
0.0466734
-0.1227284
-0.2065884
-0.1371787
0.0299469
0.1519534
-0.0384021
0.0522352
-0.0681790
-0.0780841
0.0462222
-0.0647681
0.0952690
0.0577614
0.0755097
0.0228939
-0.0197571
-0.1158920
-0.0967018
0.0592438
0.0363662
0.1281082
0.0696190
0.0042555
0.0123746
0.0085668
-0.1206690
-0.1099272
-0.0636077
-0.0754517
-0.0429586
0.0244701
0.0786596
0.0973756
0.1053423
-0.0305508
0.0638242
0.0462745
-0.0588448
0.0677068
0.0775034
-0.1082204
-0.0178061
-0.0789221
0.1272303
-0.1047284
-0.0160295
0.0534076
0.0392766
0.1256472
-0.1156067
0.0275519
0.0051024
-0.0624222
-0.1124824
-0.1220265
0.0469519
-0.1114218
-0.1194466
-0.0739090
0.0825467
0.0236948
-0.0673620
-0.0049185
-0.1239611
0.0483874
-0.1242096
-0.1284726
-0.0529496
0.1286428
0.0614745
0.1130354
0.0913744
0.0628595
0.0349316
-0.1133825
0.0859332
0.1112507
0.0874780
-0.0392314
0.0489648
-0.0248203
0.0543635
0.0717921
0.0714603
0.0742408
0.0317314
0.0072440
0.0263652
-0.0795667
-0.0855509
0.0350195
0.0014598
0.0519414
-0.0788848
0.0003115
-0.0040552
-0.0078442
0.1283345
-0.0718639
0.0664203
0.0414713
0.0673016
-0.0707415
0.0778463
-0.0487374
-0.1163779
0.1104336
-0.0649338
0.1043093
-0.0661868
-0.0319369
-0.0604666
-0.0117696
-0.0128610
-0.0531489
0.0787054
-0.0217169
0.1141948
0.0172772
0.1335507
0.0879003
0.1225666
0.0879177
-0.0737256
0.0465246
-0.0650206
-0.0406512
