0.0766706
0.0069838
-0.0517800
-0.0283578
-0.0000208
0.0528202
-0.0299264
-0.0525407
-0.0151167
0.0418624
-0.0543118
-0.0051704
0.0554906
-0.0359298
-0.0291335
-0.0167176
-0.0721452
-0.0360419
0.0004140
-0.0712205
-0.0827114
0.0146615
0.0293522
0.0213454
0.0243290
0.0538431
-0.0125351
0.0631301
0.0767391
0.0761131
0.0489757
0.0361018
-0.0604170
0.0018930
0.0246636
0.0496573
-0.0075792
-0.0041899
-0.0305555
-0.0724179
-0.0460089
0.0591535
0.0162191
0.0682404
0.1286017
0.0227638
0.0700396
0.0452577
0.0602738
-0.0030959
0.0069068
-0.0602130
-0.1750428
-0.1936199
-0.1578668
-0.2381699
-0.0964038
0.1699335
0.5312195
0.6888025
0.5442719
0.0014611
-0.4431994
-0.5093034
-0.4435492
-0.2186289
0.0462558
0.0723407
0.1474636
0.1054217
0.2117643
0.1516116
0.0865070
0.0426506
-0.0646436
0.0108610
-0.1114307
-0.0687392
-0.0526201
-0.0544738
0.0530321
-0.0050756
0.0093931
-0.0073697
-0.0513471
0.0038823
0.0308715
0.0390237
-0.0526682
-0.0609712
0.0530454
-0.0275682
0.0294619
0.0400656
-0.0765085
0.0151901
0.0091571
0.0719490
0.0246106
0.0044597
0.0715707
-0.0624707
0.0608397
-0.0282639
0.0594670
-0.0153934
0.0305995
0.0601198
-0.0578108
-0.0620122
-0.0062253
-0.0101218
-0.0135986
-0.0256346
0.0293430
0.0569093
0.0224515
0.0914543
0.0059112
0.0809423
0.0504293
0.0155786
-0.0599922
0.0293848
-0.0448294
-0.1026360
-0.0178052
0.0122430
0.0149293
-0.0132860
0.0187079
0.1213087
0.0634126
0.0004012
-0.0630510
0.0303063
-0.0940185
-0.0189062
-0.0686829
-0.0156359
0.0088662
-0.0585846
-0.0509585
-0.0255671
-0.0216726
0.0115411
0.0770478
-0.0509219
0.0780485
0.0012875
-0.0227260
-0.0207099
-0.0026446
0.0298817
-0.0493898
0.0533376
-0.0227227
-0.0090870
0.0672807
-0.0469875
-0.0623383
0.0378166
0.0791581
0.0231732
-0.0372881
-0.0207134
0.0388848
0.0416320
-0.0699960
0.0589155
-0.0078055
-0.0649251
-0.0699840
-0.0774535
-0.0749446
-0.0690905
0.0301374
-0.0244416
0.0049553
-0.0343857
-0.0157221
0.0564105
0.0864672
0.0146986
0.0154741
0.0120610
-0.0104266
-0.0379627
0.0315910
0.0059085
-0.0156210
-0.0604417
-0.0083458
0.0616402
0.0109313
-0.0221974
0.0224932
-0.0006481
-0.0020709
0.0188905
0.0486501
-0.0329194
-0.0489224
-0.0938996
-0.1389150
-0.1939498
-0.2828913
-0.1940263
0.0463477
0.3837229
0.5457476
0.4357400
0.1414674
-0.2386966
-0.3477809
-0.3386429
-0.1882605
0.0780420
0.1245497
0.0878295
0.0627828
-0.0025225
-0.0136690
0.0325499
0.1283105
0.0786970
0.0640982
0.0626265
-0.0192575
-0.1017659
-0.0770112
-0.0017698
-0.0454375
0.0002209
-0.0877378
0.0213927
0.0226817
0.0299901
-0.0095394
-0.0177021
0.0208734
-0.0366285
0.0130914
-0.0018504
-0.0567787
-0.0159045
0.0090341
0.0115397
-0.0754258
-0.0837053
-0.0155309
-0.0423797
-0.0482620
0.0310662
-0.0402512
-0.0226822
0.0329655
0.0370664
0.0533411
-0.0157126
0.0101210
-0.0040095
0.0422630
-0.0038579
-0.0828550
-0.0676584
-0.0426097
-0.0271692
0.0911224
0.0466557
0.0034273
0.0823134
-0.0273077
0.0518503
0.0465560
0.0262172
0.0078960
0.0064850
-0.0268082
-0.0209337
0.0045173
-0.0276926
0.0149875
0.1240755
0.0033546
-0.0022336
0.0458281
0.0063711
-0.0050822
0.0001905
-0.0473468
-0.0420435
-0.0806428
-0.0796296
0.0661453
0.0600621
0.0204394
0.0890686
-0.0535013
-0.0173403
-0.0393229
0.0345633
-0.0405731
0.0474485
-0.0443513
-0.0300018
0.0221929
-0.0041637
-0.0591409
0.0663203
0.0517260
0.0297251
-0.0517344
-0.0452383
0.0681571
-0.0530500
-0.0629467
0.0681874
0.0649078
0.0612592
-0.0285722
0.0346360
0.0634484
-0.0242205
-0.0640545
-0.0421614
0.0005966
0.0367006
0.0309238
-0.0180001
0.0180980
-0.0093291
0.0165680
-0.0639571
0.0372316
-0.0215807
-0.0446005
0.0669535
-0.0037046
0.0353488
-0.0432607
-0.0446547
0.0173675
0.0025449
0.0600469
0.0544435
-0.0214368
-0.0701261
-0.0417125
0.0464538
0.0749966
-0.0613208
0.0449509
-0.0069740
-0.0118969
-0.0411201
0.0656294
0.0117381
0.0132233
0.0603509
0.0194916
0.0128666
-0.0013043
0.0328781
-0.0070532
0.0295363
0.0110767
0.0353622
-0.0014275
-0.0682676
0.0160553
-0.0556522
0.0409631
0.0333811
0.0067279
0.0771097
-0.0441942
0.0683456
-0.0134060
-0.0265973
-0.0450808
-0.0380844
-0.0663398
-0.0490785
-0.0641636
-0.0400923
0.0369187
0.0484509
0.0317364
0.0357636
0.0816058
-0.0004430
0.0537174
-0.0525572
-0.0552909
-0.0638245
-0.0524867
-0.0458094
-0.0165374
0.0232504
-0.0337963
-0.0086809
-0.0347622
0.0077322
0.0646294
0.0673899
0.0246833
0.0542595
0.0888588
0.0991406
0.0465828
0.0645166
0.0151422
-0.1281541
-0.0358632
-0.1571095
-0.2767264
-0.2307774
-0.1244959
0.1560187
0.4563278
0.5556465
0.4526628
-0.0427732
-0.4432314
-0.5204516
-0.2730494
-0.1104778
0.0234946
0.1152132
0.1212853
0.1268548
0.1411019
0.0260077
-0.0705320
0.0194779
0.0429375
0.0708600
0.0446161
-0.0217042
-0.0586143
0.0277368
-0.0205384
-0.0464572
-0.0331324
0.0159991
-0.0121852
-0.0450041
-0.0085064
0.0070411
-0.0381987
0.0218835
0.0611014
0.0618315
-0.0661515
-0.0371576
0.0416446
-0.0103266
0.0458653
0.0242952
0.0452963
-0.0774497
-0.0462306
0.0087544
0.0413843
0.0631257
-0.0422437
-0.0197213
0.0478525
0.0084635
-0.0047720
0.0578354
-0.0251666
-0.0761153
-0.0835395
0.0308856
-0.0753081
-0.0231253
0.0354183
-0.0546386
0.0029778
-0.0447741
0.0265037
0.0584790
-0.0197727
-0.0019274
0.0555796
-0.0957975
-0.0966560
0.0055056
-0.0775538
-0.0415896
-0.0358221
0.0606127
-0.0217385
0.0308358
0.0080129
0.0366587
0.0408055
-0.0150532
0.0369534
-0.1037526
-0.0027564
-0.0822920
-0.0269512
-0.0047359
0.0658311
0.0391541
0.0578712
0.0137355
0.0532651
0.0285637
-0.0263491
0.0621761
-0.0445638
-0.0591436
-0.0355168
-0.0017173
-0.0008092
-0.0300072
-0.0720044
0.0226214
0.0688926
0.0043374
-0.0548341
-0.0523962
0.0446818
-0.0586018
0.0332952
0.0264277
0.0260295
-0.0705495
-0.0494847
-0.0206305
-0.0486048
0.0554030
-0.0703762
-0.0179235
0.0366844
-0.0213225
0.0146706
-0.0031627
0.0627794
-0.0618894
-0.0466742
0.0414817
0.0483814
0.0360830
-0.0405288
0.0044493
-0.0398396
0.0310112
-0.0634880
-0.0290269
0.0349661
-0.0370117
-0.0394764
0.0465566
-0.0391438
0.0436523
-0.0739808
-0.0289520
0.0379258
-0.0595867
0.0039712
-0.0468702
0.0320106
-0.0283006
0.0537221
0.0144991
-0.0330780
0.0270247
0.0433427
0.0128030
0.0457631
-0.0074972
0.0646319
-0.0039774
0.0402609
0.0627130
-0.0333931
-0.0128659
-0.0153382
-0.0166995
-0.0088163
-0.0184209
0.0124517
0.0665852
0.0345529
-0.0184797
0.0709177
-0.0081625
-0.0540376
-0.0101831
-0.0578752
0.0555079
-0.0496129
-0.0693480
0.0161962
0.0732896
0.0640784
0.0645057
0.0299382
0.0474832
-0.0609310
0.0065427
0.0668372
0.0657014
0.0479586
0.0231219
-0.0723965
-0.0914433
-0.0722732
0.0476571
-0.0023801
0.0013163
0.0881430
-0.0091796
-0.0104744
0.1169439
0.1166785
0.0233140
0.0585092
0.0336295
-0.0220332
-0.1450291
-0.1844589
-0.1384860
-0.2198236
-0.2745969
-0.0526321
0.2532968
0.5367833
0.4684419
0.3233233
-0.0669824
-0.4142457
-0.3992098
-0.2584445
-0.0311130
0.1318518
0.0920010
0.1298452
0.1220970
0.0525450
-0.0453762
0.0208227
-0.0783481
-0.0056489
0.0294793
0.0058067
-0.0156805
-0.0572067
0.0052146
-0.0788721
0.0177774
0.0091149
-0.0750648
-0.0101672
0.0341783
0.0480937
0.0686931
-0.0017781
0.0053872
0.0036804
-0.0076899
0.0529111
-0.0100480
-0.0470482
-0.0775551
-0.0046021
-0.0587606
0.0337976
-0.0181947
0.0364937
-0.0357612
0.0324920
-0.0376679
-0.0549808
-0.0588566
0.0370021
0.0557462
-0.0679614
0.0364376
-0.0388686
-0.0373843
-0.0495418
-0.0653039
-0.0757674
0.0526293
0.0031652
-0.0558310
0.0605473
-0.0272186
0.0248290
-0.0400002
-0.0282299
-0.0489868
-0.0539012
-0.0815242
-0.0449723
-0.0072337
0.0304428
0.0350214
-0.0219319
-0.0014391
0.0678126
0.0272760
-0.0164098
-0.0274505
0.0047584
-0.0402015
-0.0077026
-0.0410716
0.0165860
0.0164902
-0.0396532
0.0054516
-0.0295309
-0.0252690
-0.0159970
0.0267878
-0.0521044
-0.0587379
0.0457654
-0.0546868
-0.0430048
0.0297748
0.0499666
-0.0321629
-0.0334079
0.0183790
0.0600903
-0.0329011
-0.0126363
-0.0355585
-0.0512419
-0.0551054
0.0179936
0.0070765
0.0243855
0.0744145
-0.0710930
-0.0107618
-0.0666157
-0.0579596
-0.0213968
0.0457126
-0.0720083
0.0575319
0.0316123
0.0285377
0.0485779
0.0679605
-0.0428026
-0.0738160
0.0408954
-0.0242560
-0.0519556
-0.0729131
-0.0301490
-0.0532628
0.0303858
0.0328503
-0.0243416
-0.0157894
0.0310294
0.0540798
-0.0159469
0.0432260
0.0484686
0.0564809
-0.0470144
0.0098813
0.0352073
-0.0132295
-0.0737673
-0.0753503
0.0304454
0.0516031
0.0205429
0.0170426
-0.0299441
0.0695514
0.0678746
0.0644021
-0.0261579
0.0613836
-0.0690580
-0.0523289
-0.0309587
0.0587022
0.0097670
-0.0581987
0.0007916
-0.0331869
0.0391557
-0.0488035
-0.0444364
-0.0155754
0.0680396
-0.0320732
0.0167033
-0.0338672
-0.0452572
0.0670836
-0.0514183
-0.0577358
0.0056446
-0.0088788
0.0358999
-0.0410495
-0.0163209
0.0266129
0.0112545
0.0623358
0.0648420
0.0020238
0.0959458
0.0626265
0.0029910
-0.0289058
-0.0427892
-0.0356642
-0.1501216
-0.2373929
-0.2111906
-0.2384491
-0.0317374
0.3568631
0.5386602
0.4577875
0.1426107
-0.3006027
-0.4641080
-0.3492251
-0.2330427
0.0736045
0.1727798
0.1081852
0.0970173
0.0996883
0.0024703
0.0170784
-0.0399743
-0.0411118
-0.0202031
0.0189851
0.0595833
0.0358343
-0.0584353
-0.0860332
0.0161202
-0.0400340
-0.0281780
-0.0316064
-0.0573494
-0.0252147
-0.0236908
0.0002368
0.0032719
-0.0534069
-0.0131591
0.0118710
0.0378939
-0.0805852
0.0300261
-0.0524366
-0.0182697
0.0283980
0.0230308
0.0131088
-0.0523470
-0.0233306
0.0385985
-0.0111249
0.0419271
-0.0353016
0.0150578
0.0056258
-0.0728187
-0.0707458
-0.0313904
0.0293983
-0.0509172
-0.0815086
-0.0192929
0.0534068
0.0500683
0.0707598
0.0511136
-0.0063277
0.0795924
0.0054291
0.0139613
0.0358152
-0.0470311
0.0192338
-0.1067385
-0.0068929
-0.0569901
-0.0782664
-0.0246055
0.0216233
0.0276756
0.0385812
0.0300251
0.1041027
-0.0210158
-0.0445420
0.0095922
-0.0851884
-0.0138195
-0.0195125
-0.0109825
-0.0723349
0.0191228
-0.0076982
-0.0465702
0.0804728
-0.0405148
0.0157380
-0.0071589
-0.0173889
-0.0377698
0.0301082
-0.0456415
-0.0257991
-0.0061497
0.0645772
-0.0350904
0.0481478
-0.0560979
-0.0512681
0.0330747
0.0387437
-0.0094417
-0.0466507
-0.0219214
-0.0608301
-0.0088180
0.0242450
-0.0440833
0.0541206
0.0168144
0.0211067
0.0654365
0.0679223
-0.0728824
-0.0032180
-0.0705626
0.0155565
-0.0122830
-0.0405244
-0.0559083
0.0697260
-0.0503624
-0.0356003
-0.0083417
0.0572370
-0.0668842
-0.0382906
0.0258079
0.0106344
-0.0182654
0.0012168
0.0671168
-0.0414876
0.0080982
0.0172689
-0.0052472
-0.0305160
-0.0338761
0.0691778
0.0345089
-0.0313878
-0.0692022
0.0697236
-0.0482404
0.0589262
0.0606885
-0.0460983
-0.0131146
0.0628068
0.0088231
0.0686359
0.0227248
-0.0016757
-0.0661411
0.0381954
0.0263026
-0.0092640
0.0001798
-0.0457224
-0.0650638
-0.0619533
-0.0562082
-0.0420249
0.0363260
0.0547422
0.0106816
0.0488230
-0.0340552
-0.0311052
-0.0564822
0.0808958
-0.0119877
0.0519199
-0.0011209
0.0421706
-0.0507568
0.0091208
-0.0694333
-0.0410521
0.0434919
0.0549571
-0.0463520
-0.0340755
0.0888346
0.0364126
0.0484005
0.0981476
0.1082576
0.0591350
0.0085446
-0.0691700
-0.1199296
-0.1317026
-0.2370684
-0.2602944
-0.2464967
-0.0147729
0.3368294
0.5561737
0.4117669
0.2038176
-0.2718978
-0.3940912
-0.3699124
-0.2087495
-0.0211326
0.0392624
0.1754469
0.0456603
0.0618984
-0.0280458
-0.0192447
0.0203081
0.0456070
0.0134392
0.0515051
-0.0006433
0.0229523
0.0149808
0.0141955
-0.0062335
-0.0613281
0.0433079
0.0107642
-0.0424773
-0.0367966
0.0773965
0.0764234
0.0085050
0.0194540
-0.0560509
0.0742069
0.0652395
0.0256190
-0.0743516
-0.0245537
0.0518752
-0.0234079
0.0039847
0.0132658
0.0122357
-0.0081751
-0.0379894
-0.0046002
0.0011346
0.0783879
-0.0129756
0.0222606
-0.0200387
0.0095384
-0.0314090
0.0316547
-0.0468223
-0.0217833
0.0634703
-0.0652428
-0.0248405
-0.0196430
-0.0197946
-0.0121957
-0.0372750
-0.0120152
0.0293033
-0.0060854
-0.0771585
-0.0809497
-0.0800250
0.0177265
-0.0307437
-0.0394158
-0.0427915
0.0103657
-0.0328082
0.0441999
0.0278724
-0.0190476
0.0174799
-0.0653204
-0.0358147
-0.0062212
-0.0789830
-0.1008063
-0.0087246
0.0340536
-0.0301193
-0.0451807
-0.0339929
0.0553446
-0.0305400
0.0501530
-0.0265587
0.0761304
-0.0461875
0.0317432
-0.0343791
-0.0220422
-0.0757916
-0.0040740
-0.0526938
-0.0728568
0.0070866
-0.0713899
0.0402243
-0.0032800
-0.0404925
-0.0394518
-0.0654457
0.0635251
-0.0622154
0.0004971
0.0277956
0.0068988
0.0141587
0.0336278
-0.0442401
0.0305281
0.0649428
-0.0604978
-0.0642182
0.0113059
-0.0111798
-0.0121926
-0.0696252
-0.0493360
-0.0478015
0.0158374
-0.0556247
0.0079977
-0.0647093
-0.0317952
0.0280250
-0.0342201
0.0597936
-0.0301093
0.0563380
0.0359310
0.0143539
-0.0702532
0.0361317
-0.0390160
0.0109604
0.0004011
-0.0321083
0.0707796
0.0421187
-0.0369317
0.0025205
-0.0192342
-0.0443494
0.0665852
0.0603377
0.0623854
-0.0271951
-0.0267939
-0.0496445
-0.0409592
-0.0558325
-0.0150085
-0.0668457
0.0295439
0.0455385
0.0079310
-0.0450970
0.0742582
0.0508958
0.0308485
0.0557057
0.0300984
-0.0591382
-0.0465558
-0.0540872
-0.0940404
-0.0204532
-0.0771232
-0.0546184
-0.0318832
0.0779708
-0.0159951
0.0211231
0.1219082
0.0822944
0.0702058
-0.0356561
0.0187058
-0.0309680
-0.1382824
-0.2185369
-0.2788606
-0.2384690
-0.0775138
0.2102149
0.5799691
0.5520012
0.1250792
-0.2388296
-0.4315496
-0.4252696
-0.2139235
0.0593073
0.1472776
0.0902266
0.1240462
0.0666251
-0.0428415
0.0443097
-0.0525574
-0.0435129
-0.0191354
-0.0024705
0.0264173
0.0000796
0.0058432
-0.0489946
-0.1017557
-0.1006885
