0.1640688
0.1131195
0.0537725
-0.1902462
-0.1720505
0.0634368
0.1451985
0.0154960
0.0257480
-0.0042022
0.0041296
0.0739522
-0.1757982
-0.0718983
-0.0753873
0.0408451
-0.1122125
-0.0058569
-0.1059173
0.1547631
0.0942984
0.0856385
0.0222306
0.0007536
-0.0166545
-0.1188971
-0.0863252
0.0688540
-0.0421555
-0.0168031
0.0553493
0.0417086
-0.1189661
-0.0744198
0.0435567
-0.0168730
0.0978326
0.0276131
-0.0407216
0.1222571
-0.0561064
-0.0628032
0.0337008
0.0227516
-0.0281689
0.1065876
-0.0775059
0.1222773
0.0408507
-0.0887238
0.1118865
0.0846252
-0.0136865
-0.0986003
-0.0149881
-0.1293902
0.0381248
-0.1130603
-0.1099011
0.0966827
-0.0039423
0.0650868
-0.0635341
0.0753912
0.1008752
-0.0503072
0.1008442
0.0379789
0.0880358
-0.0156294
0.1273282
-0.0249004
-0.0301666
-0.0404783
0.0814883
0.0059331
0.1194034
-0.1226874
-0.0986128
-0.1132248
-0.0012085
-0.1028329
-0.0952938
-0.0463671
0.0801236
0.0099879
0.0689647
0.0182866
0.0549440
-0.0048706
0.0955788
-0.0814000
0.0286272
-0.0971838
-0.0938187
-0.0975816
0.1150027
0.1056746
-0.0342615
0.0687852
-0.0495947
-0.0738906
0.0293480
-0.0223584
0.0207728
0.1123766
-0.0738016
-0.0658598
-0.0855595
-0.0763775
-0.0466767
-0.0185391
-0.0677246
0.0520282
0.1242756
-0.0988087
0.0435619
0.1174063
-0.0545738
0.0122895
0.0694104
0.1053407
-0.0011495
0.0205058
-0.0350705
0.0551940
0.0921885
0.0364157
-0.0757653
-0.1051327
-0.0155793
0.0899722
0.0066079
-0.0868731
-0.0206523
0.0290697
0.0079017
-0.0822603
-0.1408314
-0.0755118
0.0083912
0.1111411
-0.0415062
0.0483879
-0.0787812
0.1131123
0.0180178
0.0088229
-0.0785566
-0.0250647
0.0218876
-0.0134963
-0.0737197
-0.1404203
0.0792065
0.0209842
0.0226002
0.0103961
0.0954701
0.1483814
0.0182714
-0.0233613
0.1448819
0.1880895
0.1719948
-0.0774551
-0.0252669
-0.0069079
-0.2066812
-0.0873352
-0.3854208
-0.3602932
-0.1415627
0.1233727
0.4462837
0.6209394
0.3569453
-0.1608154
-0.4747344
-0.5293034
-0.2719384
-0.1198319
0.1310910
-0.0128945
0.0167421
0.1682325
0.2424702
0.1606745
-0.0319244
-0.0292058
-0.2230734
-0.1771517
-0.0882367
-0.0455615
-0.0629091
0.1796308
0.0990814
0.0162417
-0.0891304
-0.1005763
-0.0754468
0.0191538
0.1146847
0.0939689
0.0006193
0.1356439
0.1126996
-0.0609985
-0.1186995
-0.0453053
-0.0461747
-0.1318736
-0.0804907
0.0652357
-0.1023593
-0.0781502
0.0430476
0.0789518
0.0921776
-0.0773801
0.0732553
0.1225296
-0.1196796
-0.0537287
0.0567857
-0.0539684
-0.0203926
0.1296303
-0.0410994
-0.0625237
-0.0270478
-0.0428471
-0.0861093
-0.1132083
0.0949222
0.0094195
0.1093074
0.0765910
0.0779258
0.0572090
0.0667736
0.0247707
-0.1123290
-0.0823900
0.1190842
-0.0118788
0.0215243
0.0883935
0.0007673
0.1178377
-0.1059988
0.0265337
0.1158507
0.0656181
0.1246129
0.0200815
-0.1242824
-0.0478906
0.0987772
0.0642099
-0.1165694
-0.0976798
0.0025407
0.0517604
-0.1014967
0.1084607
0.0979568
-0.0606937
0.0222487
0.0562825
-0.1320606
-0.0218902
-0.1382595
-0.0310952
-0.0449704
-0.0052611
0.0732691
0.0005117
0.1317837
0.1239622
0.0617689
-0.0327584
-0.1178323
0.0992809
-0.0286247
0.0679962
0.0830746
-0.0492329
0.0684204
0.1243545
0.0180083
-0.1127004
-0.0167770
0.0377517
0.0414975
-0.0354432
-0.0014302
0.0800432
-0.0295748
-0.0665573
0.1104040
-0.0116549
0.0329792
-0.1008266
0.0501695
-0.0196899
0.1244878
-0.1088027
-0.0349532
-0.0663340
-0.1218738
0.1018907
0.0720822
-0.0049673
-0.0469132
-0.0659014
-0.1274436
0.0503237
-0.1078143
0.0446169
0.1179808
-0.0628303
-0.0268764
-0.0207472
-0.1164893
0.1184620
0.0031209
0.0473956
-0.0729890
-0.0028399
0.0250691
0.1097912
0.0092037
-0.1017168
-0.0785798
-0.0722739
-0.1364493
0.0669930
-0.0226069
-0.0934156
-0.0489298
-0.0055847
0.0401527
0.0019080
-0.0616121
-0.0362031
0.1126495
0.0711061
-0.0530930
0.1547656
0.1549699
0.0585814
-0.1278202
0.0210633
-0.2184807
-0.2067895
-0.3666773
-0.0814098
0.0649013
0.4081174
0.6883770
0.5749474
0.0365869
-0.4190733
-0.4157108
-0.3317487
-0.1892792
-0.0499713
0.1644003
0.1997492
-0.0003226
0.1069534
0.0693332
-0.0045963
0.0787948
-0.0141537
-0.1361357
-0.1102565
-0.0789279
-0.0611354
-0.0620755
0.0235042
0.0456464
-0.1037154
0.0875990
-0.0469477
-0.0464008
-0.0601765
-0.0235665
0.1155845
0.0171947
-0.0068734
-0.0316643
-0.0570326
-0.0404595
-0.1196636
0.0043675
-0.0225472
-0.0482450
0.0925679
-0.0931214
-0.1357295
-0.0687279
0.0975152
-0.0311184
-0.0361951
0.0357475
0.0293753
-0.0111106
0.0389250
-0.0442434
0.1035616
0.0288995
-0.0589515
0.0525971
0.0666449
0.0051870
-0.1122864
0.1222215
-0.0734278
0.0185496
0.0015848
-0.0820729
-0.1149618
0.0017780
0.0895869
0.0197102
-0.0616982
-0.0715329
0.0101013
0.0818620
0.0182076
0.0721252
-0.0518035
0.0423014
0.1207739
-0.1125765
-0.0061875
0.0961058
-0.0910556
0.0030222
0.0803848
0.1249612
0.0876937
-0.0797335
0.0284906
-0.0658406
-0.1028466
0.0164717
0.0195073
-0.0882522
0.0943911
-0.1222674
0.0739772
0.0637252
0.0188070
-0.0975621
0.0082686
-0.1299695
-0.0756042
0.1088035
-0.0531851
0.0261906
-0.1085148
-0.1122642
-0.0268343
0.1106425
-0.0666393
0.0485131
-0.1209583
-0.0543954
0.0180219
-0.0430795
-0.1305340
0.1150195
0.0079583
-0.0137223
0.1294759
-0.0511476
0.0124665
-0.0440388
0.0620317
-0.0548462
0.1029779
0.0536486
0.0823918
0.0100751
-0.1294222
0.0241570
0.0791147
-0.1062346
-0.0689004
0.0979907
0.1075958
-0.0937837
0.0424433
-0.0228023
-0.1176420
-0.0089667
-0.1191700
-0.0690032
0.0007967
0.0234774
0.0940486
0.0676344
0.0166798
-0.0462885
0.0621123
-0.1331634
-0.0334299
0.0172200
0.0673842
0.0034424
-0.0075937
0.0887820
0.0156863
0.0783939
0.0565488
0.1054962
-0.1123521
0.0055253
-0.1100125
0.0605981
-0.1319616
0.0030523
-0.0505738
-0.0252792
0.0258382
-0.0204914
0.0797179
0.0440793
-0.0408982
0.0100555
0.0966712
0.1173684
-0.0629447
-0.0746601
-0.0252519
-0.0738124
-0.2303854
-0.1364889
-0.1660828
-0.2781182
-0.0733481
0.0952274
0.3184656
0.4063895
0.1700458
-0.0741828
-0.3027561
-0.3164545
-0.1575452
-0.0466045
0.0769700
-0.0995411
0.0375769
0.0355988
0.1380768
0.2064100
0.0691322
0.0263132
0.0996462
-0.0262929
-0.0376957
0.0431270
-0.0119600
-0.0031897
-0.1366324
-0.1026519
-0.0479799
-0.0323559
-0.1181352
0.1030775
-0.0381475
-0.0512169
0.0357714
0.0228259
0.1051410
0.0130342
0.0144174
-0.1185550
-0.0519133
0.0682606
0.1199969
0.0398794
-0.0977227
0.1227508
0.0526411
0.1262774
0.0704377
-0.0079911
0.1123262
0.1205154
0.0827435
-0.0356556
-0.0533421
0.0872626
-0.1263582
0.0350786
0.0675695
0.0808259
-0.1085138
0.0026513
-0.0061133
-0.0360829
0.0335856
0.1282846
0.0052072
0.0667393
-0.0285183
-0.1197661
0.0196839
0.0385158
-0.1045856
-0.0528784
0.0762398
0.0127917
-0.0079467
0.0827871
-0.0858748
-0.1077635
-0.0946694
-0.1133884
-0.0452864
0.0384895
0.0749567
-0.0005192
0.1346977
0.0115494
0.0409307
-0.0629768
-0.0307601
0.0911595
0.1225867
-0.0264827
0.0291525
0.0099287
-0.0175611
0.0868892
0.0010276
0.0608019
0.0133132
0.1009862
-0.0398141
-0.0458968
0.0555349
0.1304123
-0.0787725
0.0712307
0.1267483
-0.0013173
0.1124246
0.0903278
0.0146722
0.0536349
-0.0154951
-0.0011201
-0.0098198
-0.0838162
0.1215903
-0.0535406
-0.1191567
-0.0385287
0.0680395
0.0314985
0.0143542
0.0381731
-0.0774971
-0.1110356
0.0439553
0.0030969
-0.1125795
-0.0457849
0.1198471
-0.1079395
0.1113153
0.0287651
0.0062295
0.0522566
-0.0663013
0.0645251
-0.0760040
-0.0282222
0.0042329
0.0122422
0.0151664
-0.1074639
0.0289953
0.0631132
-0.0143286
-0.1015162
0.0161763
-0.0221000
-0.0080200
-0.0714587
-0.0593788
-0.0692884
0.0657486
0.0326987
-0.1234703
-0.0698434
-0.0981775
-0.0855725
0.0049202
-0.0789220
-0.0800607
-0.0350650
0.1022633
-0.0235582
0.0344435
-0.0128268
-0.0928080
-0.1080468
-0.0558559
-0.1058886
-0.1184318
-0.0165010
0.1257300
0.0019330
0.0356814
0.1172755
-0.0633939
0.0344513
0.0256261
0.0295443
-0.1378193
-0.1367912
-0.3515172
-0.2822335
-0.0930969
0.0497089
0.3904836
0.4714335
0.2463833
-0.0556113
-0.2078925
-0.4628912
-0.3158352
-0.1963300
-0.0902096
0.0133452
-0.0858574
-0.0045431
0.2028466
0.1687721
-0.0145891
-0.0199572
0.1220828
-0.0173063
0.0323945
0.0473998
-0.1074433
0.0271993
-0.0228529
0.0800763
-0.0211373
0.0268878
-0.1081460
-0.0290672
0.0522596
0.0748432
0.1417873
-0.0073307
0.0882085
-0.0386101
0.0985055
-0.1089395
-0.0150743
-0.0092765
-0.0719108
-0.0771591
-0.1337885
-0.0934493
-0.1201021
-0.0606719
-0.1182289
0.1311963
-0.1014441
-0.0282920
0.0810301
-0.0306752
0.0907791
-0.0180213
-0.0052639
0.0061983
0.1018849
0.0334503
-0.0268312
-0.0046588
-0.0601605
0.0362208
-0.1071578
0.0196229
0.0211035
-0.0089592
-0.0892054
-0.0235500
0.0015584
0.0524464
-0.1233407
-0.1162077
-0.0085074
0.0120356
-0.0720568
0.0710934
-0.0776206
-0.0006786
0.0964199
-0.0652212
0.0271553
-0.1243447
0.0668262
0.0154104
0.0318122
0.0675097
0.1327216
0.0985833
-0.0580803
0.0904563
-0.0620557
-0.0491728
0.0377282
-0.0463705
0.0178663
-0.0040039
-0.0036961
-0.0681656
0.0800938
0.0074509
-0.0575344
-0.0701900
-0.1063726
-0.1219996
0.0677957
-0.0507147
0.1216419
0.0074484
-0.1277012
-0.0809761
0.1250620
-0.1047611
0.0153921
-0.0782872
0.0913504
-0.0031765
-0.0784190
-0.0105812
0.1055925
0.1056317
0.0250224
0.1063546
0.0512087
-0.1165201
-0.0334984
0.1052414
0.1007358
0.0051773
-0.0406994
0.0677558
-0.0875622
-0.0384036
-0.0458986
0.0825539
0.1276957
-0.0645293
0.0718755
0.0333409
0.0810213
0.1167932
-0.1184071
-0.0649594
-0.1022476
0.0195085
-0.1166884
0.0057226
-0.0963913
0.1068089
-0.0360512
-0.0040031
-0.0525331
-0.1335692
-0.0339860
-0.1146315
0.0946685
-0.1035972
0.0154051
0.0074310
-0.0310903
0.0145607
0.1171216
-0.0690416
0.0937957
0.0397108
0.0442522
-0.1251303
-0.1648024
-0.0539789
0.0323888
0.0674335
0.0423144
0.1365972
-0.0731752
-0.0204012
0.1729230
0.0546603
0.1331614
-0.0521019
0.0943792
-0.1232719
-0.1995671
-0.0881667
-0.3859469
-0.3743825
-0.2295277
-0.0601311
0.3163220
0.6646376
0.4844674
0.0637508
-0.2354630
-0.3803674
-0.4773921
-0.2002785
-0.0568966
0.1574069
0.1484505
-0.0412085
-0.0748113
0.0255735
-0.1522798
-0.0484364
0.1065408
0.0559712
0.1267563
-0.0519469
-0.0727279
0.0735977
0.0206679
-0.0782530
-0.0080926
0.0691567
-0.1357709
0.0476325
-0.0140731
0.0071274
0.0259071
0.0181976
0.0988490
0.1559986
0.0307703
-0.0998524
-0.1201630
0.0687558
-0.0087112
-0.0306896
-0.1115660
0.0632613
0.1079631
0.0795499
0.0452379
0.0942514
0.1108037
0.0279114
-0.0750361
-0.0114076
0.0017711
-0.0122725
0.0250581
-0.1197039
0.1216009
-0.0785615
-0.0743497
-0.1193972
0.0743848
0.1277225
0.0898616
-0.0738327
-0.0590141
-0.0999389
0.0484899
-0.0897386
-0.1041934
0.0004902
-0.0504225
-0.0627940
-0.0961635
-0.0252771
-0.1157665
-0.0542002
-0.0288842
0.0375560
0.1158386
0.0546737
0.1099936
0.0183120
-0.0318751
-0.1290244
-0.1142379
-0.0430453
0.0782533
-0.0756579
0.0565229
0.1117706
0.0369647
-0.1224154
-0.0542253
-0.1253659
0.0184589
0.0720495
0.0764335
-0.1107233
0.1093084
-0.0479947
0.1195404
-0.1141844
-0.0909935
-0.1301344
-0.1065811
-0.0116404
-0.0665504
0.0516248
-0.0460375
0.0851661
-0.0864684
0.0660780
0.0992126
-0.0355979
-0.0469366
0.0226589
0.0032332
-0.0444481
0.0757389
-0.1313826
0.0452773
-0.0120417
0.0487456
0.0002656
0.1198526
-0.0718271
0.0620716
-0.1041254
0.0363430
0.0976320
0.0464291
-0.0010629
-0.0229314
-0.0086206
-0.0440744
0.0885562
-0.0201333
-0.1280540
0.0374460
-0.0550675
-0.0658597
-0.0627430
-0.1171857
0.0191037
-0.0807410
0.1327650
0.1150220
-0.1090323
-0.1036801
0.0608238
0.0574101
0.0992536
-0.0208270
0.0681946
0.0635011
0.1380905
-0.0747270
-0.0539309
0.1355600
0.0445813
-0.0546349
0.0684809
-0.1072443
0.0322264
-0.1297414
0.0580245
0.0854150
0.0275004
-0.0195610
-0.1489059
-0.0293967
0.0189763
0.0947301
0.1428156
0.0766182
0.1084714
0.1325963
0.0941018
-0.0790178
-0.1180708
0.0040947
-0.0995179
-0.2825893
-0.3387417
-0.1508265
-0.1424875
0.3183493
0.6949545
0.7599723
0.2484638
-0.2732915
-0.4869479
-0.5432764
-0.2922269
0.0268165
0.0401066
0.1998445
0.1806104
0.2103047
0.0731266
0.0432247
0.0394030
-0.1049433
0.0245739
-0.0352819
-0.0519125
0.0285451
0.0274530
-0.0751667
-0.0435951
-0.0831059
-0.0038137
0.0984789
-0.0327137
0.0955960
-0.1048900
-0.0750197
-0.1188171
0.0717905
0.1218695
-0.0265522
-0.0314501
0.0437373
-0.0564420
-0.0748440
0.1135029
-0.0719194
-0.0366901
-0.0417246
-0.0737565
0.0847631
0.1215584
-0.0453294
0.0209842
0.0725814
-0.0778068
-0.1010557
-0.1236959
0.0097755
-0.0766541
0.0938733
0.1035596
0.0002840
0.0030756
0.0136342
-0.0439515
0.0801349
0.0503924
0.1029043
0.0969489
-0.0560878
-0.0717770
-0.1040992
0.1009066
-0.1150302
-0.1040888
-0.0485146
0.0388169
0.0239798
-0.0989007
-0.0622285
0.0283054
0.0388676
0.0455140
-0.1004444
-0.1326745
-0.1089407
-0.0786741
-0.0327075
-0.0640893
0.0914684
0.1168761
0.0124392
-0.1070335
-0.0141775
-0.0672872
-0.0594195
0.0533248
0.1170611
-0.0209931
-0.0240206
-0.0943775
0.0648372
-0.0278527
-0.0834995
-0.0367970
-0.1279139
-0.0225576
0.0470321
-0.0421302
-0.0416175
0.0372561
0.0326647
-0.0912159
-0.0624182
-0.0864919
-0.0028825
0.0543800
0.0550078
0.0862363
-0.1198967
0.0776907
-0.0208692
-0.0284043
-0.0036143
-0.0784910
0.0318065
0.0132398
-0.0002335
-0.0718799
0.1285541
0.0184082
0.0811173
-0.0194589
0.0678098
-0.0043839
0.0873445
-0.0461522
0.1025414
0.0238006
-0.0457160
-0.0420322
0.0733000
0.0277827
0.0446554
0.0378061
0.1359223
-0.0525024
0.1248267
0.0257476
0.1120978
0.1045208
-0.0932166
-0.0085058
0.0056783
-0.1061134
-0.0733115
