0.1050479
0.1092038
-0.0245564
-0.0424327
-0.0319747
0.0502220
-0.0292049
0.1030244
-0.0689146
0.0358685
0.1173826
-0.0930682
0.0827593
-0.0343161
-0.1313477
0.0864654
-0.1087006
-0.0676092
-0.0217564
-0.0758504
0.0362944
-0.0423084
0.1131430
0.0562248
-0.0412247
0.0103434
0.0617830
0.1781680
0.0441312
0.0796376
0.0100243
-0.1082733
-0.1761455
-0.2792349
-0.2084837
-0.0282199
0.1235598
0.4913468
0.6137890
0.2916411
0.1349982
-0.3825517
-0.3569423
-0.4290345
-0.1792909
0.0604299
-0.0022601
0.0434257
0.2383792
0.1134014
0.1049631
0.0579496
0.0765514
-0.1430185
-0.2192176
-0.0951197
-0.1782196
-0.0034439
0.1444831
-0.0438127
-0.0615386
0.1062341
-0.0842654
-0.0149005
-0.1391130
-0.1113448
0.0558057
0.0624346
0.0068470
0.0671561
0.1007171
-0.1196109
0.0565047
-0.0965638
0.0324559
-0.0580729
0.0378188
-0.1128753
-0.0017145
-0.0304848
-0.0785936
-0.1260216
0.1193032
-0.1025607
-0.0470646
-0.1309596
-0.0845664
-0.0597283
-0.0206197
0.0774449
0.1269755
-0.0865642
-0.0687815
0.1102454
0.0948718
-0.0782863
-0.0788129
0.0522412
-0.1051281
0.0717164
-0.0454456
0.0906506
-0.0739388
-0.0146162
-0.0082426
0.0276350
0.0500530
0.0972503
-0.0658090
-0.0870345
0.1453045
-0.0808230
-0.0135350
-0.1080886
0.1283095
0.1022344
-0.0386610
-0.1187470
-0.0531262
0.0192786
-0.0659887
-0.0278922
0.1045528
0.0259501
-0.1055178
0.1249098
0.1366699
-0.0384068
0.1626479
0.1587494
-0.0335087
-0.0923702
0.0146928
0.0439623
0.0510720
-0.0948711
-0.0586259
-0.1218908
0.0415893
-0.0051817
-0.0840216
0.1624592
0.1312126
0.0865803
0.1713114
0.1904347
0.0607307
0.1333404
-0.1090154
-0.1564880
-0.2839568
-0.5252190
-0.4065564
-0.3264860
0.0335938
0.5980741
0.9484687
0.7876402
0.3956699
-0.1840238
-0.4882619
-0.5199727
-0.3073363
-0.2616381
-0.2313626
0.0095573
0.0358957
0.1527932
0.1139258
0.1868132
0.0884930
0.0484552
-0.0231715
0.0527268
0.0014672
-0.1906977
-0.2034482
-0.1593673
-0.1032111
0.0976957
-0.0243096
0.0253533
-0.0686314
-0.1131952
-0.0073560
0.0083253
0.0882655
0.0939740
-0.0862080
0.0583154
0.1367156
-0.0252799
-0.0046392
-0.1217885
0.0577363
0.1035176
-0.0467982
0.0813222
0.0416324
-0.0622803
-0.1074488
0.0075666
0.1192891
0.1216251
-0.1103809
-0.0012708
0.0553525
0.1322074
0.1107429
-0.0438485
-0.0374917
0.0337936
-0.0017095
-0.0026592
0.0188494
-0.0031681
0.0938888
0.0755331
-0.0576503
0.1268847
0.1309148
0.0369150
0.1270455
0.0932959
0.1319451
-0.1137899
-0.0323522
0.1046462
0.0572276
0.1138329
0.0159223
-0.0289201
-0.0917828
0.0655211
-0.0393601
0.0250766
0.0306965
0.0403855
0.0690260
-0.1203849
-0.0478390
-0.0040458
0.0918229
-0.1336276
0.0786277
0.0795981
0.0653307
-0.0961647
-0.0313039
0.0882400
0.0843234
-0.0304226
-0.0204681
0.1015609
-0.0738702
0.0533345
0.0704364
-0.0894970
-0.0971619
-0.0386589
0.0924181
0.0146658
-0.0184755
-0.0661647
-0.1167605
0.0567957
0.0918020
0.0679250
-0.1141765
0.0108693
-0.0542912
-0.0769886
-0.0316064
0.0370638
0.0542876
0.0744433
-0.0695331
-0.0269208
0.0065867
-0.0416469
-0.0905209
0.0493617
-0.0350522
-0.1283573
0.0767767
-0.0882614
-0.1240843
0.0744330
-0.0253550
-0.1082341
-0.0862644
-0.0819107
-0.0174802
-0.1116562
-0.0789698
-0.1007041
-0.0055080
-0.0554973
0.0424435
-0.0929992
-0.0110765
0.0602428
-0.1130282
-0.1173702
0.0183167
-0.0334868
0.1017431
-0.0853242
-0.0958327
-0.0957686
-0.1167133
0.0192888
-0.0651903
0.1146461
-0.0045951
-0.1107907
-0.1233765
0.0872920
-0.1154756
0.0519291
0.0817849
-0.0284072
-0.0901097
-0.0611631
-0.0273484
-0.0014569
-0.0419441
0.1097389
-0.0606346
0.0909983
-0.0960843
0.0480608
-0.0816825
0.0803237
0.0454456
0.0627724
0.1307054
-0.0373457
-0.0119976
-0.0272110
0.0383456
0.1246377
-0.1227233
0.1041892
-0.0175067
0.0720759
-0.1192040
0.0403179
0.1052997
0.0670387
-0.1217938
0.0694008
-0.0556334
0.1084460
-0.0332159
0.1138639
0.0728168
0.1407948
0.0067324
-0.0639893
0.0483305
0.0382644
-0.1131569
0.0790907
0.0756709
-0.0708582
-0.0686099
0.1013839
-0.0287325
-0.0412367
0.1115853
0.1707637
0.0412049
0.0242068
0.0429680
0.0414576
0.0887996
-0.0618763
0.0105639
-0.0511628
-0.2655102
-0.1346593
-0.1210716
0.0332764
0.0754401
0.5098622
0.5794032
0.4267911
-0.0511406
-0.2806704
-0.3709858
-0.3016586
-0.1449238
-0.0722452
-0.0071811
0.1181438
0.1065641
0.0081250
0.1137992
-0.0225174
0.0205341
0.1331500
-0.0903761
0.0141135
-0.0654531
-0.0839970
-0.0648923
-0.0996236
0.0526242
0.0474417
-0.0636738
-0.0223547
-0.0370396
-0.0661146
-0.0385235
-0.0690689
-0.0726789
0.0738709
-0.0115079
0.0044645
-0.0560863
0.0643660
0.0484837
0.0013909
0.0949361
0.1056049
-0.0319487
-0.1033190
-0.0030381
-0.1044968
0.1339946
0.0773486
-0.0374351
0.0706687
0.0976564
-0.0133549
0.0157950
-0.0420072
0.0246691
0.0499895
-0.0445354
0.0049093
0.0519226
0.1061766
0.0876341
0.0884282
0.1105503
-0.1191528
-0.0761572
0.0180192
-0.0612308
-0.0774468
0.0895488
0.0119164
-0.1272060
-0.1136730
0.1178473
-0.0048198
-0.0559387
-0.0391160
0.1280469
0.0281206
0.0477432
-0.0809035
0.1154775
-0.0993771
-0.0330201
0.1124703
0.0776339
0.0311087
0.1047106
0.1307539
0.0449582
0.1189081
0.0920729
-0.0819290
-0.0297534
-0.0640331
0.0579566
0.0952799
0.0198569
0.1043401
0.1269436
0.0568857
-0.0263540
0.0758101
0.0119554
-0.0814486
0.1115920
-0.0080998
-0.1180718
0.0862555
-0.0071220
-0.0008609
-0.0609543
-0.0603569
-0.0438947
0.0413130
-0.1143132
0.0231604
-0.0256633
-0.1168677
0.0148025
-0.0330022
-0.0134633
0.0866555
-0.0156927
0.0522704
0.0856978
-0.0436850
-0.1184147
0.1360687
0.0262647
-0.1037367
0.1140442
0.0559740
0.0636293
0.0191893
-0.0972236
-0.0700790
0.0997814
-0.0759017
0.0876841
-0.0289833
0.0027165
-0.0094975
0.0775856
0.1304818
0.1166347
0.1005343
-0.0611088
0.0528754
-0.0313833
-0.0029605
0.0281433
-0.0891068
-0.0115450
0.0376164
-0.0869078
0.0783761
0.0655944
0.0709406
-0.0111404
-0.0380781
0.0609288
-0.0371877
0.1310009
0.0395330
0.1620044
0.1328588
-0.0143125
0.0271131
-0.1773679
-0.3207651
-0.3811679
-0.3218937
-0.0773970
0.1662037
0.3888714
0.5759128
0.5470575
0.0447147
-0.2886129
-0.4223156
-0.4990895
-0.0293137
0.0785218
-0.0026822
0.0595600
0.0927096
0.0403398
-0.0522871
-0.0527305
-0.0714450
-0.0590397
-0.0120071
-0.0367320
0.1249375
0.1444007
0.0157938
-0.0070292
-0.1160944
-0.0420508
-0.0272928
-0.0281659
0.0561488
0.0599977
-0.0604893
0.1049356
0.1418701
0.0642485
0.0862256
0.1028931
0.0051218
0.0999306
-0.1124761
0.1122164
0.0326190
-0.1318535
-0.1008172
0.0490303
-0.0244555
-0.0188055
0.1007016
0.1215545
-0.0509212
0.0922435
0.0592235
0.1240947
-0.1165468
0.0019200
-0.0224257
-0.1174998
-0.1105133
0.1055094
0.1226096
0.0347613
0.0071386
0.0319744
-0.1309994
-0.0635188
0.0039675
0.0855352
-0.1310213
-0.0442794
-0.0083538
0.0600189
0.0911445
0.1008440
-0.1218767
-0.0687854
0.1171268
0.0172968
0.0565335
0.0543497
0.0473646
0.1155214
0.0139945
0.0809722
0.1013553
0.0691764
-0.1079369
0.0774548
-0.0391919
0.0025683
-0.0688603
-0.0232323
-0.0316578
-0.0400958
0.0581333
0.1068957
-0.0337866
-0.0578759
0.0670634
0.1069500
-0.0684466
0.1197848
0.0609871
0.1003088
-0.0222724
-0.0982152
0.1234169
-0.0986769
0.1045188
0.0705077
-0.0188665
-0.0829774
-0.0203161
0.0868471
0.1088246
-0.0273402
-0.1331700
-0.0358425
0.0096892
0.0493294
-0.0457336
-0.0186614
0.0806626
0.0273660
0.1079797
-0.0522980
-0.0437962
0.1066106
0.0489618
0.0156323
-0.0656098
-0.1227399
-0.1120991
-0.0108459
-0.1308973
-0.0158639
-0.0353939
0.0663356
-0.0756627
-0.0129031
-0.1203076
0.0302478
-0.1114146
-0.0968828
0.1397025
0.0432293
0.0216984
-0.0070032
-0.0708857
-0.0104920
-0.0747199
0.0439170
-0.0642928
-0.0087351
-0.1124445
-0.0963886
-0.0806485
-0.0865057
0.1302251
0.1340762
0.1850427
0.0225628
0.0673399
0.0362504
0.0411161
-0.0233994
-0.0966148
-0.0485352
-0.2903220
-0.1884134
-0.2656870
-0.0475816
0.4550948
0.5911570
0.6729696
0.2789462
-0.2050196
-0.5011598
-0.4228036
-0.2096090
-0.0813405
0.1711671
0.1543202
0.0243169
0.1135114
0.1643217
-0.0170400
-0.0875246
-0.2111865
-0.0197667
-0.1070231
-0.0870261
-0.0114717
0.0438266
0.0693420
0.0860786
-0.1544520
0.0780419
0.0429335
-0.0142479
-0.0900726
0.0304263
0.0318030
0.0863591
0.1172860
0.1316701
0.0744082
0.0734066
-0.0590312
0.0676813
0.0985319
0.0155216
0.0603794
0.0993726
0.0698273
-0.1245668
-0.0548091
-0.0416334
0.0975782
0.0789882
0.0325119
-0.1246984
0.0785063
0.0924985
-0.0941385
0.0415305
0.1114066
0.0834917
0.0546828
-0.0369029
-0.0279077
0.0674098
0.0939481
-0.0629783
-0.0704329
-0.0155389
-0.0645442
-0.1101950
0.0739882
0.1028434
0.1013519
0.0991138
0.1357561
0.1223509
0.0266178
-0.0265288
0.1327440
-0.0299214
0.1103084
0.1009687
-0.0746084
0.0222930
-0.0395122
0.0905844
-0.0616882
0.0380960
0.0851081
0.0229245
-0.0986465
-0.0257040
-0.1078583
0.0579841
-0.0733637
0.0763606
0.0164515
0.0320572
0.0612686
-0.1134447
-0.0608257
-0.0401420
0.0807152
0.0944394
-0.0791399
0.0962766
-0.0038504
-0.0470113
0.0189604
-0.0940640
-0.1117994
-0.0865714
0.0292841
0.0928669
0.0464756
0.0289844
0.0605981
-0.0345357
-0.0313588
-0.0018770
-0.1043302
-0.1055382
0.0262164
0.1308219
0.0061065
0.0474758
-0.0402857
-0.0422212
0.0419526
0.1258238
0.0568938
-0.0774188
0.0460880
0.0302971
0.1187040
-0.1145446
-0.0641447
-0.1334902
-0.1318153
0.0968563
0.0105441
0.1241194
0.1164108
0.1237510
0.1327039
0.0856835
0.1021857
-0.0271934
-0.0112756
-0.0607891
0.1025796
-0.0440755
-0.0568392
-0.1161546
-0.0160353
-0.0795751
-0.1124331
-0.0299945
0.0144894
0.0198580
0.0659233
0.0484580
0.1106261
0.1827135
-0.0356330
0.1659914
0.0132815
0.0303167
-0.0521460
-0.1760554
-0.1952910
-0.3358711
-0.1438726
0.1679939
0.2441314
0.4433579
0.4495443
0.2060398
-0.1450627
-0.3796015
-0.2123547
-0.1867417
-0.1937774
-0.0529294
-0.0188190
-0.0464783
-0.0113301
0.1551571
0.1044825
0.1510344
-0.0412195
-0.0726627
0.0981908
-0.1013693
0.0841164
0.0481593
0.0584312
-0.1040752
0.0160372
0.0297594
0.0486549
-0.0914184
-0.0535802
0.1145546
0.1385986
-0.0611741
0.0476809
0.1145017
0.0117049
0.0523292
0.0789913
-0.1356115
-0.0160818
-0.0265071
0.0484899
0.0499664
0.0503059
0.0496587
-0.1183881
0.0189796
-0.0629893
0.1275695
0.0066063
0.0707777
0.0088731
-0.0114070
0.1264398
0.1053679
-0.0028446
-0.0518833
-0.0765871
-0.0430827
-0.0743680
0.0106935
0.1078743
0.0736060
0.1108166
-0.0892997
-0.1250688
-0.0701170
0.0949260
0.1171587
-0.0478939
0.0062684
0.0562405
0.0389354
0.0918817
-0.1093069
-0.0553146
-0.0760724
-0.1064196
-0.0192599
0.0447301
-0.1205154
-0.1068739
-0.0154242
-0.0458502
0.0289302
-0.0438348
-0.0271932
-0.0897215
0.1061122
0.1252601
-0.1013748
-0.0882791
0.0942640
0.1005874
-0.0910065
-0.1074082
0.0275226
0.0853542
-0.0951426
-0.1173504
0.0795243
-0.0895953
0.1131088
0.1253046
-0.1024395
0.0207136
0.1064102
0.0013441
-0.0139345
0.0413950
-0.1316867
0.0660900
-0.1155370
0.0558051
-0.0669108
-0.0932605
-0.0618906
0.0999099
0.0149620
0.1208174
-0.0497672
0.0232608
0.0305473
-0.0691710
-0.0728401
-0.0240685
-0.0750226
0.0657714
-0.0404218
-0.0355716
0.0966460
0.0306024
0.0962541
0.0647408
0.1150798
-0.0474469
0.0890066
-0.0351452
-0.0237764
0.0633675
0.0862575
-0.0265290
-0.1081541
0.0842498
0.0525481
-0.0856370
-0.0531970
-0.1011873
0.0981568
0.0206738
-0.0484618
-0.0839047
0.0539668
-0.0032735
0.0846244
-0.0149882
0.0821626
0.0125148
-0.0292244
0.0970217
0.1175715
0.0071744
-0.0268525
0.1126413
-0.0771931
-0.1188133
-0.0378065
-0.2271234
-0.2077134
-0.1781651
-0.3156593
-0.1996836
0.1238145
0.3206947
0.4478552
0.3867799
0.2968795
-0.1876404
-0.3077431
-0.4074636
-0.3126133
-0.0910475
-0.0659342
0.0291934
0.0219223
-0.0064906
0.1810501
-0.0031628
0.0897844
0.0369754
0.0010956
0.1156812
0.0197361
-0.0132614
-0.1080864
-0.0042000
-0.0738803
0.0757066
0.0301090
0.0718713
0.0099967
0.1487577
0.0637030
0.0152898
0.0557747
0.1137419
0.1072318
-0.0571438
-0.0775236
0.0372886
-0.1049818
-0.1345494
-0.1021427
-0.0123731
-0.0962582
-0.0234466
-0.1244847
0.1256820
0.0251973
-0.1119009
-0.1025899
0.0777965
0.0036439
0.0671304
-0.1265830
-0.0824309
-0.0454069
-0.0012836
0.1093926
-0.1288634
-0.0452265
0.1272600
-0.1220849
-0.0994088
0.1061862
-0.0297911
0.0772173
-0.0461344
0.0087387
-0.0249085
0.1260096
0.1145043
-0.0383479
-0.0778886
0.0326751
0.0010219
-0.0775240
-0.0967608
-0.0694262
0.0974485
-0.0568402
-0.0458605
-0.1100761
0.1158461
0.0010944
-0.1240982
0.0915927
0.1147786
-0.0301383
-0.1034556
0.0640931
-0.0580757
0.0411670
-0.1155862
0.1115860
0.0266715
0.1127508
-0.0135972
0.0110107
-0.0186932
-0.0840562
-0.0073932
-0.1078764
-0.0867272
-0.0011338
-0.0807133
0.1050819
0.1021079
-0.0921416
-0.0246170
-0.0555732
0.0568609
-0.0922473
0.1169906
0.0489408
-0.0216143
0.0026432
0.1034709
-0.0189105
0.0192780
0.0982357
0.0984745
0.0089281
0.0406283
-0.1251744
-0.0197688
0.0095582
-0.1028172
0.0821605
0.0178864
-0.0678325
-0.0313271
-0.0227849
-0.0751601
0.0314035
-0.1061204
0.0550373
-0.1114817
-0.0760725
0.0454146
0.0252470
-0.0512764
-0.0366428
-0.0404593
-0.0766625
0.1078751
-0.0980630
-0.0245783
-0.0931298
-0.0115614
0.1128677
-0.0849995
-0.1364509
0.0673723
-0.0279671
0.0108050
-0.1415712
-0.0559523
-0.1062852
-0.0996106
0.1304161
0.0514210
0.0357346
0.0717383
0.1217733
0.1598711
0.0869369
0.0222349
0.1192607
-0.0395951
-0.2577564
-0.2346563
-0.2353009
-0.4046851
-0.0641997
0.1365521
0.5326736
0.7367493
0.3731065
0.1027335
-0.2744941
-0.3284626
-0.4326414
-0.0592356
