-0.1500880
-0.0398908
-0.1632096
-0.0832647
-0.0330246
-0.0571388
0.0084494
-0.0233910
0.0188420
0.0172364
-0.0016331
0.0725298
0.0787788
0.0043632
0.0114998
0.0353484
-0.0987747
-0.1014694
-0.0900849
-0.0696334
0.0274664
-0.0560171
0.0635771
0.0316431
0.0043839
0.0218575
0.0632229
-0.0044326
0.0405776
-0.0554006
-0.0067644
-0.0646506
0.0558278
0.0028965
0.0034493
-0.0442502
0.0148836
-0.0482078
-0.0067426
-0.0049060
0.0615229
0.0488976
0.0004766
-0.0571301
-0.0537038
0.0716134
0.0793290
-0.0632434
-0.0114917
0.0701007
-0.0357171
0.0521294
0.0015420
0.0622680
0.0070641
-0.0096866
0.0084381
-0.1023733
-0.0602888
-0.0026298
-0.0695707
-0.0159926
-0.0144671
-0.0201903
-0.0141224
0.0574663
0.0116595
0.0283006
0.1122423
0.1143368
0.0954036
0.0638883
-0.0458112
-0.0977292
-0.2050955
-0.2183788
-0.1974328
-0.1655463
-0.1481255
0.0104317
0.2138567
0.2037913
0.3450049
0.4034827
0.3530355
0.2043230
-0.1809816
-0.7051220
-0.7521439
-0.5637232
0.0864591
0.4706760
0.5662116
0.3797724
-0.0177328
-0.1103049
0.0154007
-0.0219384
0.0557132
-0.0033241
-0.0828521
0.0115099
-0.0508113
-0.0907275
0.0203307
0.0250768
0.0576909
0.0988100
0.0140137
0.0259785
0.1133244
0.0893969
0.0632295
0.0755925
-0.0577520
-0.0601643
0.0018004
0.0007657
-0.0411273
-0.0596044
-0.0680071
-0.0171688
0.0726267
-0.0152263
-0.0443396
-0.0295174
-0.0532920
0.0558403
0.0239522
0.0791462
0.0091225
-0.0301946
0.0523040
0.0738930
0.0734780
-0.0749443
0.0279741
-0.0079530
0.0560658
0.0032615
-0.0085328
-0.0429459
-0.0123888
-0.0418470
-0.0852601
-0.0324618
0.0007606
0.0485985
-0.0533065
0.0801410
-0.0035621
-0.0293075
0.0950229
0.0020059
-0.0531241
-0.0740769
-0.0284402
-0.0044783
-0.0461845
0.0358676
0.0205434
0.0066626
0.0313369
0.0198743
0.0755887
0.0947804
-0.0005314
0.0447206
0.0045419
0.0784108
0.1151069
0.1039950
-0.0111961
-0.0778018
-0.1646055
-0.1746612
-0.1086124
-0.0785105
-0.0862044
-0.0422050
0.0217453
0.1232469
0.2780065
0.2620675
0.3389979
0.3612519
0.0981341
-0.2629428
-0.6523608
-0.7310705
-0.4752002
0.0515280
0.4050148
0.4362572
0.2794228
0.1339064
0.0016438
0.1327415
0.0794592
-0.0802070
-0.0060579
-0.0660411
-0.0424354
-0.1568307
-0.0677009
-0.0186733
0.0364511
-0.0362995
0.1105674
0.0425446
0.0024762
0.1283188
0.0124583
0.0077696
0.0859149
-0.0103189
-0.0871107
-0.0428498
-0.1062990
-0.0816649
-0.0298080
0.0674092
0.0460840
-0.0138619
0.0442372
-0.0498088
-0.0071920
0.0496715
-0.0304923
0.0644534
-0.0471566
-0.0663400
-0.0233330
0.0755571
0.0229920
0.0125553
0.0823751
0.0538442
-0.0650028
-0.0062427
0.0383523
0.0518601
-0.0532922
-0.0881856
0.0270326
0.0582749
0.0593114
-0.0436727
-0.0109286
0.0625860
-0.0143957
-0.0228426
0.0825024
0.0908000
0.0591180
-0.0226305
-0.0147171
0.0429469
0.0251242
-0.0258876
-0.0256658
-0.1195548
0.0149751
-0.0226567
0.0257334
0.0663525
0.1001536
0.1188867
0.0471370
0.0556504
0.1462744
0.1043935
0.1174088
-0.0579088
-0.0230995
-0.2096506
-0.1735103
-0.2816603
-0.2658244
-0.1467776
-0.1136894
0.1085656
0.1831325
0.3923928
0.4122836
0.6264684
0.4618121
0.0038239
-0.6001560
-0.9251795
-0.9455173
-0.3571746
0.1885646
0.5219467
0.5072383
0.2627055
0.0499527
0.0737529
0.0970048
-0.0529361
-0.0791779
-0.1780801
-0.1052881
-0.0382857
-0.1723130
-0.0614932
-0.1034013
-0.0646637
-0.0166192
-0.0183829
0.0995020
0.0144785
0.0586561
0.0596474
-0.0416708
0.0048839
0.0631795
-0.0635441
-0.0916484
-0.0918992
0.0399813
-0.0030109
-0.0621575
-0.0742905
0.0362891
0.0731148
-0.0287358
0.0267010
0.0852682
-0.0427756
0.0595120
-0.0454280
0.0632237
0.0625825
-0.0283340
0.0371233
-0.0711036
-0.0527398
-0.0803622
-0.0245818
-0.0211091
-0.0204422
-0.0393199
0.0563417
-0.0738854
0.0482391
0.0165397
0.0329676
-0.0186207
-0.0304449
0.0589748
0.0701285
0.0467694
-0.0136726
0.0938275
0.0544529
0.0705607
-0.0196328
0.0462585
-0.0669101
-0.0449092
0.0292390
0.0243892
-0.0958640
-0.0631486
-0.0021446
0.0804350
0.1103489
0.0458480
0.0650218
0.1228873
0.0470049
0.1142168
0.0872040
0.0085256
-0.1256331
-0.1392684
-0.1125065
-0.2080456
-0.1622262
-0.1572803
-0.1188979
0.0364488
0.1699687
0.3875856
0.4941365
0.5209490
0.3988220
0.0304700
-0.5380915
-0.9287486
-0.8628751
-0.3195388
0.1721858
0.4708168
0.4347530
0.2285150
0.1120237
0.1453154
0.0764695
0.0185079
-0.1074497
-0.0531225
-0.1741358
-0.0945193
-0.0498609
-0.0223622
-0.0634287
-0.0296109
0.0160234
0.0897250
0.1393868
0.0355782
0.1547211
0.0826275
-0.0287230
-0.0669041
-0.0537361
-0.0622392
0.0245201
-0.0208205
-0.0563762
0.0286919
-0.0835449
-0.0113231
0.0065642
0.0814170
0.0886483
0.0664572
0.0374551
0.0273723
-0.0148142
0.0739103
0.0438206
-0.0805640
-0.0383110
0.0026618
0.0233547
-0.0051680
-0.0009863
0.0291068
-0.0374517
0.0072942
0.0426743
-0.0493144
-0.0563742
0.0069703
0.0544307
0.0426561
-0.0171602
0.0716003
0.0107920
0.0584070
0.0074558
0.0840273
0.0038972
0.0935439
0.0092715
0.0513614
-0.0001250
0.0381136
0.0221227
-0.0389945
0.0166860
-0.0773464
-0.0417732
0.0579139
0.0109686
0.0856920
0.0021011
0.0833461
0.0932310
0.1099350
0.1480062
0.0166342
-0.0078949
-0.1330656
-0.1012751
-0.1602317
-0.2697222
-0.1810242
-0.1168419
-0.0232911
0.0757405
0.2629139
0.3252142
0.4625257
0.6172961
0.2609560
-0.2574745
-0.8309271
-1.0392598
-0.7317807
0.0009112
0.4784009
0.6242975
0.4350195
0.2069804
0.0762220
0.1522497
0.0863440
0.0652733
-0.1643416
-0.0604332
-0.1940547
-0.0329935
-0.1143478
-0.0143854
-0.0871795
0.0623800
0.1085163
0.0474365
0.0236485
0.0714857
0.0549669
0.0855112
-0.0321150
-0.0056595
-0.0149160
-0.0680650
-0.0060049
0.0326164
0.0345530
-0.0303948
0.0250262
-0.0635704
-0.0170907
0.0615068
0.0317521
0.0254392
0.0685312
0.0585207
-0.0125583
0.0096846
-0.0404885
0.0568747
-0.0390502
-0.0373944
-0.0644929
-0.0233777
0.0185267
-0.0061216
-0.0591402
0.0778345
0.0737575
0.0603405
0.0426282
-0.0185173
0.0082312
0.0520995
0.0486256
0.0014797
0.0181418
0.0971870
-0.0528072
0.0594872
0.0834742
0.0399684
0.0005448
-0.0174745
0.0414047
0.0378191
0.0122013
-0.0543523
-0.0365334
-0.0122290
-0.0210057
-0.0662442
-0.0439980
-0.0317632
0.0009786
0.1072812
0.0843395
0.1019792
0.1623111
0.1022537
0.0054153
-0.0528416
-0.0658863
-0.1763533
-0.1388603
-0.2433557
-0.0969079
-0.0877633
0.0280863
0.2136616
0.4457060
0.5068169
0.5205327
0.3910758
-0.0456061
-0.5996606
-0.9138949
-0.8473971
-0.3061793
0.2199418
0.4845950
0.5309671
0.2541934
0.1174488
0.0397027
0.0649540
0.0696519
-0.0834536
-0.1865489
-0.1003978
-0.0673338
-0.0599917
-0.1009206
-0.0734669
0.0308246
0.1012777
0.0020757
0.0265322
0.1311091
0.0690051
0.0178570
0.0786900
-0.0501044
-0.0807876
-0.1030679
-0.0291172
0.0030260
-0.0239422
-0.0746351
0.0641731
-0.0590430
0.0424491
-0.0024719
0.0275958
-0.0351282
0.0031570
0.0755376
0.0385176
0.0054765
0.0804357
0.0120214
-0.0266528
-0.0818179
-0.0249880
0.0312700
0.0755856
0.0392800
0.0567347
-0.0841281
0.0208966
0.0266612
0.0554781
0.0716431
0.0703139
0.0670345
-0.0167165
-0.0450893
-0.0554404
0.0373430
0.0657787
0.0842687
-0.0014405
-0.0517463
-0.0371295
0.0106623
-0.0647555
-0.0844056
-0.0618185
-0.0611224
-0.0646872
0.0268531
0.0158106
0.0344219
0.0650757
0.1159622
0.0758285
0.0303055
0.0425796
0.0728045
0.0616409
-0.0690252
-0.0192329
-0.0699278
-0.2009481
-0.1396995
-0.2457978
-0.2113720
-0.0425724
-0.0355492
0.2160952
0.3286580
0.4020220
0.5689053
0.4517594
0.1138261
-0.4461795
-0.8620059
-0.8849189
-0.4890520
0.2045119
0.5062740
0.5484483
0.2298779
0.1455462
-0.0061359
0.1525863
0.1262641
-0.0707599
-0.0526941
-0.1024903
-0.0201529
-0.1558685
-0.0934101
-0.1131896
-0.0243062
-0.0558566
0.0465136
0.0243401
0.1229467
0.0172033
0.0893645
-0.0416745
0.0307277
-0.0075029
0.0064795
-0.0572418
0.0185413
-0.0491167
-0.0370328
-0.0498046
-0.0787586
0.0029901
-0.0417613
0.0841725
0.0069376
0.0224051
0.0223955
-0.0482081
-0.0456929
-0.0202461
0.0281740
-0.0471164
-0.0135280
0.0445939
-0.0442863
0.0305558
-0.0107879
0.0279593
-0.0372004
-0.0466543
0.0555908
-0.0383570
-0.0316614
-0.0351462
-0.0898706
-0.0006137
-0.0477475
-0.0221729
0.0603244
-0.0443835
0.0752425
-0.0465055
0.0369055
0.0714230
0.0147175
-0.0457769
-0.0309672
-0.0738745
-0.0218804
0.0229032
-0.0506250
-0.0722648
-0.0769051
-0.0073207
0.0143927
-0.0054291
0.0789367
0.0079233
0.1111168
0.0571985
0.0629166
0.1117140
0.0519838
-0.0221844
-0.0408225
-0.1251806
-0.1996809
-0.1270965
-0.2150542
-0.0721848
-0.0161431
0.1439765
0.3263319
0.3801646
0.4149931
0.3196764
0.1228716
-0.4562869
-0.8494234
-0.7972463
-0.3739652
0.2844158
0.5474414
0.4317702
0.2289143
0.1022579
0.0084933
0.0088439
-0.0228094
-0.0161823
-0.1024024
-0.1125631
-0.0139573
-0.0840230
-0.1579485
-0.0039458
-0.0028890
0.0088215
0.0035747
0.0914411
0.0555105
0.0582364
-0.0205049
-0.0586587
0.0390802
-0.0442107
-0.0988796
-0.0056816
0.0248838
-0.0799918
-0.0935511
0.0581385
0.0135721
0.0577494
0.0516075
-0.0288663
-0.0276391
-0.0408453
0.0086990
0.0373452
-0.0026574
0.0160110
-0.0217860
0.0297078
0.0390796
-0.0523933
0.0528796
-0.0604005
-0.0293885
-0.0280088
-0.0454807
0.0289013
0.0433572
0.0444826
0.0367930
0.0606918
-0.0574271
0.0030341
0.0753953
0.0729892
0.0260066
0.0461978
0.0511694
0.0503991
-0.0397737
0.0484721
0.0247752
-0.0374706
-0.0116480
-0.0492649
0.0169290
0.0321508
-0.0444258
0.0249587
-0.0686013
-0.0447684
-0.0172533
0.1414841
0.1303413
0.1220186
0.1181274
0.0429630
-0.0785384
-0.0436156
-0.0472240
-0.1549903
-0.2196455
-0.0879163
-0.1814147
-0.0103173
-0.0342658
0.1923387
0.2502674
0.3190641
0.4666693
0.4644066
0.1328647
-0.3204126
-0.6394067
-0.8564696
-0.4023221
0.0510615
0.5272320
0.4749769
0.2272916
0.0475708
-0.0206796
-0.0033950
0.0206186
-0.0256258
-0.0025121
-0.0537054
-0.1273559
-0.0303068
-0.1057639
-0.0370087
0.0504456
0.0690319
-0.0103338
0.0618661
0.0255617
-0.0057388
-0.0036086
0.0633783
-0.0399647
-0.0618467
0.0006812
-0.1085266
-0.0105806
-0.0302119
0.0025359
-0.0932893
-0.0447305
-0.0210838
-0.0670498
-0.0526031
0.0862947
-0.0441388
0.0897421
0.0370392
0.0615957
0.0418141
-0.0438671
-0.0418350
0.0152316
0.0660641
-0.0620713
0.0114213
0.0089610
-0.0180545
-0.0620051
0.0155157
0.0091991
0.0543342
0.0665826
-0.0213547
0.0554688
-0.0060052
0.0606493
0.0516222
-0.0378058
-0.0193830
0.0115153
-0.0387290
0.0686890
0.0184300
-0.0100249
-0.0351166
-0.0528941
0.0416918
0.0517571
-0.0038574
-0.0704242
-0.0739523
0.0123589
0.0056362
0.0163872
0.0213128
0.0247922
0.0586040
-0.0201318
0.0204317
0.1351738
0.0012516
0.0044880
-0.0881606
-0.1073008
-0.0448019
-0.0656539
-0.0625656
-0.1568524
-0.1222513
0.0865639
0.1415362
0.2487090
0.2086185
0.2920708
0.3177605
0.1173880
-0.2437868
-0.7173667
-0.6545160
-0.2605921
0.1638286
0.5411756
0.4049092
0.1672457
0.0509245
-0.0798952
-0.0197970
-0.0469935
0.0404113
-0.0298656
-0.1345005
-0.0424341
-0.0494007
-0.0066520
-0.0688684
0.0075189
0.0572734
0.1118011
0.0356577
0.0832298
-0.0245742
0.0899922
-0.0500417
-0.0559850
-0.0062499
-0.0125688
0.0536171
-0.0466550
0.0439860
-0.0420840
-0.0112663
-0.0279731
-0.0102627
0.0548443
-0.0599451
0.0654682
0.0719898
0.0166008
0.0651796
-0.0515384
-0.0719311
0.0082137
0.0196024
-0.0026826
0.0385398
-0.0124977
-0.0309945
0.0337467
0.0215748
-0.0749546
0.0392867
0.0603935
0.0141380
-0.0314932
0.0018767
-0.0605008
-0.0698077
0.0642200
0.0714559
0.0817287
0.0895333
0.0442371
-0.0068447
-0.0576586
-0.0223686
-0.0588285
-0.0424658
-0.0505734
0.0114320
0.0419836
-0.0057022
-0.0050092
-0.0728250
0.0150504
-0.0390344
0.0672327
0.0802458
0.1358568
0.0163201
0.0339159
-0.0133013
-0.0487002
0.0197274
-0.1433947
-0.1111547
-0.1176507
-0.0953674
-0.1254300
-0.0899027
-0.0642949
0.1097632
0.1461047
0.2839663
0.3480086
0.3333785
0.3112297
-0.1054416
-0.5485714
-0.6795254
-0.4648749
-0.0592373
0.4436597
0.4978015
0.3027673
0.0625358
-0.0497389
-0.0100258
0.0743310
-0.0110033
-0.1166522
-0.1024363
-0.1327130
-0.0336148
-0.0911160
-0.0231124
-0.0513869
-0.0518027
-0.0363532
0.0010988
0.0054486
0.1085052
0.0258605
-0.0336927
-0.0554505
0.0634449
-0.0160061
0.0068928
-0.0039865
-0.0152056
0.0127459
-0.0667615
0.0034003
-0.0042763
-0.0276478
-0.0472248
0.0421262
0.0865096
0.0229446
-0.0666975
0.0500056
0.0109797
0.0190832
-0.0660216
0.0456600
0.0246687
0.0392504
0.0460153
-0.0282200
-0.0221095
0.0165384
0.0725285
0.0219621
-0.0682971
0.0435946
0.0152168
-0.0890357
0.0101653
0.0411500
0.0389907
-0.0035345
0.0651826
0.0594238
-0.0533753
-0.0450730
-0.0415527
0.0807632
0.0062582
0.0178129
-0.0910713
-0.0600831
0.0124189
-0.0341456
0.0176824
0.0482771
0.0181943
0.0436056
-0.0416743
0.0401904
-0.0234279
0.0697409
0.0966739
0.0085790
-0.0275923
0.0436304
-0.1123304
-0.0366120
-0.0626034
-0.1003611
-0.1288808
-0.1497322
-0.0967212
0.0800955
0.1666385
0.1653774
0.3009218
0.4194503
0.2721797
0.1812235
-0.3244393
-0.6084866
-0.7934676
-0.4055103
0.1317768
0.4449509
0.4682043
0.1563532
-0.0433398
-0.0404982
0.0115122
0.0562318
0.0046860
-0.0040490
0.0033624
-0.0785866
-0.0319458
0.0108094
-0.0054470
-0.0544002
0.0824572
0.1103674
0.0552460
0.1259928
0.0791944
-0.0204034
0.0056742
-0.0370467
-0.0587626
0.0598920
-0.0000039
0.0349431
-0.0755511
-0.0392162
0.0589543
-0.0756017
-0.0055503
0.0338542
-0.0330042
-0.0237697
-0.0055490
0.0184129
0.0741308
-0.0581037
-0.0637134
0.0044299
0.0260851
0.0337882
-0.0474561
-0.0008026
0.0667725
0.0103412
-0.0622581
