-0.0093060
0.0081165
0.0135165
-0.0197494
0.0271141
0.0071898
-0.0148350
0.0158859
0.0119581
0.0000191
-0.0161092
0.0137857
-0.0224778
-0.0247543
-0.0162561
0.0011092
-0.0269844
0.0202207
-0.0138395
0.0124375
0.0133628
-0.0203044
0.0149101
-0.0092330
0.0051022
-0.0079827
0.0182199
-0.0076642
-0.0187311
-0.0013705
-0.0241648
0.0242305
-0.0110753
-0.0123326
0.0049273
-0.0217572
-0.0014449
0.0212001
0.0017531
0.0038531
-0.0067877
-0.0120915
-0.0229998
-0.0155698
0.0261582
-0.0141257
0.0104443
-0.0275222
0.0040299
0.0172554
0.0079592
-0.0071258
0.0006229
-0.0124458
0.0206498
-0.0293224
-0.0068552
0.0207690
-0.0143002
-0.0059835
-0.0139930
0.0130713
-0.0206832
-0.0010576
0.0061936
0.0041308
0.0266189
0.0183854
-0.0065998
-0.0049446
0.0075813
0.0014091
0.0130845
-0.0015578
0.0085322
-0.0227478
-0.0062765
0.0031201
0.0185180
-0.0043871
0.0167077
-0.0112337
0.0162822
0.0166178
-0.0132533
-0.0082882
0.0243237
-0.0212423
-0.0206513
0.0229982
-0.0024300
0.0217585
0.0180312
-0.0141652
0.0104386
-0.0045155
0.0027592
-0.0200506
-0.0144931
-0.0086318
-0.0086591
0.0242845
-0.0123378
0.0244019
-0.0083501
-0.0254408
-0.0148056
-0.0259849
-0.0180866
0.0088858
-0.0241402
0.0273286
-0.0033169
0.0272400
0.0179800
0.0234101
0.0183624
-0.0167046
-0.0265849
-0.0035651
0.0089924
-0.0131036
0.0177670
-0.0193905
0.0228547
0.0142633
-0.0140892
0.0259404
-0.0244347
0.0146704
0.0037242
-0.0116087
0.0123336
-0.0238790
-0.0224891
-0.0249512
0.0285441
-0.0191532
-0.0277374
0.0058691
0.0115924
-0.0112870
-0.0075265
-0.0102153
-0.0241175
-0.0185770
-0.0002168
-0.0192195
-0.0110849
-0.0025849
0.0143172
0.0185486
-0.0160419
0.0157982
0.0091731
0.0016663
0.0053943
-0.0133360
-0.0196739
0.0088473
0.0070063
-0.0085477
0.0024485
0.0068613
0.0080766
0.0355805
0.0043391
-0.0100946
-0.0117515
-0.0146672
-0.0445581
-0.0568406
-0.0894866
-0.1097874
-0.0901064
0.0278044
0.2162272
0.2671490
0.1843447
0.0567051
-0.1573628
-0.2016214
-0.1694052
-0.0937686
-0.0423945
0.0322097
0.0690639
0.0542758
0.0437474
0.0779273
0.0536633
0.0413123
0.0298307
0.0114799
-0.0130671
-0.0146808
-0.0593990
-0.0292576
-0.0230262
-0.0300052
-0.0309858
0.0132223
0.0248412
0.0400745
0.0225997
0.0135144
0.0271864
0.0257275
0.0031573
-0.0117353
0.0181766
-0.0105529
0.0173838
-0.0214677
-0.0158592
0.0044230
0.0075123
-0.0083791
-0.0005269
-0.0145676
0.0188611
0.0147188
0.0241819
0.0023434
0.0191972
-0.0058076
-0.0031408
-0.0277230
-0.0084669
-0.0175141
-0.0220850
-0.0314847
0.0196050
0.0039597
-0.0061944
-0.0065528
0.0211945
-0.0270974
-0.0265729
-0.0004405
0.0063048
0.0234875
0.0255866
0.0170629
-0.0044927
-0.0146060
-0.0173362
0.0010484
0.0026214
0.0253234
0.0252457
0.0120557
0.0159516
0.0237231
0.0217984
-0.0089331
0.0276476
0.0238758
-0.0109203
0.0179854
0.0093871
0.0211002
0.0197366
-0.0040778
-0.0204618
-0.0293329
0.0002491
0.0152959
0.0235068
0.0166499
-0.0117853
-0.0224724
0.0281268
-0.0128111
0.0069629
0.0012370
0.0014133
0.0285633
-0.0208962
-0.0129131
-0.0162680
0.0189566
0.0085426
0.0156845
-0.0291200
-0.0062638
0.0234432
-0.0253383
-0.0217183
0.0217121
-0.0192411
-0.0196516
-0.0128297
0.0230342
0.0085976
-0.0004746
-0.0095737
-0.0123435
-0.0011920
-0.0102342
-0.0174415
-0.0094336
-0.0185036
-0.0145520
-0.0105097
-0.0183443
0.0135697
0.0157076
0.0253124
-0.0135726
-0.0237397
-0.0103995
0.0145540
0.0169628
-0.0136913
0.0034345
0.0143562
0.0224542
-0.0061919
-0.0161433
0.0133608
0.0192717
0.0097815
-0.0246847
-0.0000006
0.0043476
0.0266103
0.0144363
-0.0276990
0.0238685
0.0246243
-0.0140253
-0.0069195
0.0236096
-0.0274067
-0.0255514
0.0015432
0.0159598
-0.0017969
-0.0133398
0.0230578
0.0044698
-0.0091743
0.0225777
-0.0196802
0.0289647
-0.0001721
-0.0152912
0.0219856
0.0158185
-0.0067679
-0.0053552
0.0113498
0.0273208
-0.0060395
-0.0232098
-0.0221487
0.0115873
-0.0160771
-0.0209158
0.0094971
0.0229684
-0.0004692
0.0113557
-0.0115493
-0.0158870
-0.0014103
0.0068500
0.0123157
-0.0225873
0.0114742
-0.0003187
-0.0135648
-0.0220780
0.0003851
-0.0234317
0.0024654
-0.0136404
0.0303009
0.0213594
-0.0243175
0.0016547
0.0174168
0.0040898
0.0012422
-0.0043764
-0.0189024
-0.0171904
0.0082274
-0.0122460
0.0140400
-0.0189254
-0.0260103
0.0144757
0.0114957
0.0177178
0.0151235
0.0031837
0.0078404
0.0111389
-0.0296810
0.0228261
0.0023394
0.0089160
-0.0266927
0.0051821
0.0130412
-0.0145614
0.0253364
0.0070016
0.0290408
0.0271702
-0.0267432
0.0160630
0.0193209
0.0242917
0.0101202
-0.0105341
0.0247658
-0.0264760
0.0048217
0.0008447
-0.0149140
0.0059562
-0.0256079
0.0281442
0.0156044
0.0094473
-0.0186270
0.0019277
-0.0076374
-0.0285237
0.0021900
-0.0216834
0.0140805
-0.0398603
-0.0072904
0.0117855
-0.0094608
0.0107304
-0.0041386
0.0372899
0.0076444
0.0331147
0.0251226
-0.0036983
-0.0091212
0.0231706
0.0208412
0.0097746
-0.0297451
-0.0583266
-0.0874768
-0.1136713
-0.1116132
0.0236936
0.1817573
0.2840607
0.2279438
0.0743138
-0.1333847
-0.1917438
-0.1969635
-0.1041477
-0.0223022
-0.0044666
0.0449190
0.0477578
0.0767775
0.0635455
0.0362250
0.0100991
-0.0062391
-0.0166096
-0.0122384
-0.0176923
-0.0089077
-0.0087262
-0.0031169
-0.0131657
0.0070571
0.0107232
-0.0191019
0.0030469
-0.0041962
0.0032078
0.0388261
-0.0014488
0.0260647
0.0244074
0.0031826
-0.0298435
-0.0250600
0.0114268
0.0141645
0.0107911
0.0127578
0.0063212
-0.0225697
0.0006368
-0.0046380
0.0187437
0.0097595
0.0274180
-0.0183707
-0.0097072
-0.0196640
-0.0231760
-0.0181941
-0.0230749
0.0225544
0.0144616
-0.0181113
0.0038250
0.0266009
0.0115753
-0.0006158
0.0119153
-0.0156348
0.0247114
0.0131234
-0.0069912
0.0031433
-0.0189546
0.0045395
0.0242315
-0.0001079
-0.0109632
-0.0113344
0.0122635
0.0056906
-0.0086519
-0.0189207
0.0243596
0.0212311
-0.0083143
0.0124333
0.0212789
-0.0289694
-0.0232177
0.0071301
-0.0158015
0.0078313
0.0038949
-0.0318345
0.0258831
-0.0244786
-0.0006995
-0.0056134
0.0146807
-0.0079569
-0.0228366
-0.0282087
-0.0095055
-0.0223068
-0.0246994
-0.0051410
-0.0257403
-0.0162922
0.0280856
-0.0138350
0.0030585
0.0033006
-0.0190784
-0.0072238
-0.0125201
0.0107573
-0.0151019
-0.0018090
0.0108838
0.0173888
0.0185823
-0.0180874
-0.0117026
0.0094465
-0.0107693
0.0164807
0.0009974
0.0153930
0.0251197
0.0258204
-0.0252983
-0.0245873
0.0237236
0.0225178
-0.0050722
-0.0191223
0.0257629
0.0147900
-0.0117138
0.0204070
0.0017171
0.0111799
-0.0212461
-0.0092322
0.0261128
-0.0252407
-0.0201323
-0.0053187
-0.0121239
0.0010583
-0.0242141
0.0174680
-0.0127148
0.0128747
-0.0195730
-0.0025208
-0.0019662
-0.0082568
0.0180558
0.0063965
-0.0129601
0.0062778
0.0159075
-0.0217598
0.0181352
-0.0174485
0.0229120
-0.0250661
-0.0034926
0.0210705
0.0073060
0.0063637
0.0147192
-0.0279302
0.0139177
0.0061832
-0.0080376
0.0207927
0.0039534
-0.0093566
-0.0089457
0.0221420
0.0213386
0.0071819
0.0085716
-0.0195482
0.0169318
0.0270775
0.0233991
-0.0113045
-0.0045970
0.0262451
-0.0290089
-0.0158897
-0.0091762
0.0027099
0.0183718
0.0110366
0.0183318
0.0162704
-0.0185860
-0.0130812
-0.0054253
-0.0284198
-0.0061589
-0.0194718
0.0110145
0.0204688
0.0256955
0.0129736
0.0193406
0.0161071
-0.0252870
0.0147818
-0.0290877
-0.0071612
-0.0243059
0.0217486
0.0097051
-0.0274376
0.0036278
-0.0240875
0.0125589
-0.0226521
-0.0072837
-0.0148154
0.0224467
0.0142726
-0.0201081
-0.0052831
-0.0091512
0.0014704
-0.0075698
0.0232721
0.0115079
-0.0218727
0.0048192
-0.0123584
0.0195995
0.0177114
0.0038378
0.0287281
0.0273846
0.0015301
-0.0150617
-0.0058211
-0.0289563
0.0128176
0.0169512
-0.0106780
-0.0064089
-0.0118376
0.0011044
0.0161723
0.0193103
-0.0255924
0.0222000
-0.0209299
-0.0349894
-0.0229706
-0.0125021
0.0153552
-0.0034052
0.0035584
0.0003939
-0.0004796
0.0418966
0.0406957
0.0254187
0.0271971
0.0162431
0.0185053
0.0016534
0.0001354
-0.0344485
-0.0289455
-0.0797233
-0.1213933
-0.0998417
0.0285630
0.1955274
0.2701779
0.2186219
0.0669334
-0.0947472
-0.1900375
-0.1834815
-0.1219208
-0.0288441
0.0235741
0.0627957
0.0420687
0.0989492
0.0515088
0.0636158
0.0372242
-0.0005648
0.0133933
-0.0458004
-0.0335139
-0.0050233
-0.0539179
-0.0335520
-0.0226292
-0.0311094
0.0251234
0.0111108
-0.0146524
0.0115516
0.0210387
0.0189999
0.0312238
0.0264004
0.0101836
-0.0147309
-0.0326459
-0.0142031
-0.0242698
0.0056537
0.0064490
-0.0249968
-0.0231136
-0.0151482
0.0016080
0.0120961
-0.0167898
0.0149818
-0.0097772
-0.0062267
0.0174580
0.0141245
0.0216616
0.0010667
-0.0143577
-0.0011841
-0.0000807
-0.0189580
-0.0210167
0.0235660
0.0122051
-0.0048572
0.0187129
0.0108010
-0.0055232
-0.0003202
0.0000696
0.0151806
-0.0195116
-0.0079086
-0.0162667
-0.0101827
-0.0077384
-0.0243487
0.0041145
-0.0061874
0.0152465
-0.0010048
0.0214980
0.0179400
0.0202221
-0.0153337
0.0145076
0.0086964
0.0283822
0.0115197
0.0214968
0.0254560
0.0202494
0.0207731
-0.0259974
-0.0231365
0.0166451
0.0123148
0.0231030
-0.0005819
-0.0006135
-0.0089449
0.0240971
0.0192314
0.0131047
-0.0162970
0.0271106
-0.0149211
0.0027348
-0.0245612
-0.0141875
-0.0021067
0.0057068
0.0027479
-0.0095733
0.0222442
0.0107540
-0.0039285
0.0144879
0.0272677
-0.0173763
-0.0279633
0.0177643
0.0221736
0.0032923
-0.0228642
0.0061046
-0.0029973
-0.0000636
0.0203832
0.0216829
-0.0169258
-0.0038983
-0.0102926
0.0275131
-0.0016830
0.0268005
-0.0009026
0.0083076
-0.0157800
0.0145346
-0.0125684
-0.0092638
0.0118864
0.0093710
0.0074400
-0.0249190
-0.0238436
0.0193302
-0.0142147
-0.0022421
-0.0059613
0.0185810
-0.0295377
-0.0183170
0.0122420
0.0093464
0.0023629
-0.0249373
0.0088992
-0.0041240
-0.0010009
0.0073277
0.0187113
-0.0164553
0.0138024
0.0235455
-0.0194284
0.0220491
-0.0109801
-0.0272817
0.0080861
0.0254622
0.0027016
-0.0019044
-0.0034173
0.0093093
-0.0072227
-0.0188575
-0.0030304
0.0057513
0.0221679
-0.0112964
-0.0062747
-0.0265252
-0.0197923
0.0045672
0.0120530
0.0196059
0.0055090
-0.0066848
0.0186009
-0.0020158
0.0034774
0.0181453
0.0145423
-0.0225769
0.0019513
0.0214323
-0.0263585
-0.0165478
-0.0250056
-0.0125175
-0.0045000
-0.0059739
-0.0127365
-0.0124702
0.0030400
-0.0027600
0.0093242
0.0149998
0.0088032
0.0253220
-0.0045643
-0.0079029
0.0130151
0.0043254
-0.0061576
0.0009672
-0.0071419
-0.0209383
0.0169967
0.0115621
-0.0101035
-0.0147201
-0.0127232
0.0117187
-0.0218012
0.0040845
-0.0133348
0.0051896
0.0090847
-0.0137458
0.0293937
0.0292345
0.0136013
-0.0100981
0.0201055
-0.0080612
-0.0230723
-0.0120344
0.0076716
-0.0196415
-0.0217486
-0.0190860
0.0180700
-0.0285408
0.0029647
-0.0153679
-0.0207369
0.0152673
-0.0130908
0.0076182
-0.0059560
-0.0113200
0.0144736
-0.0037428
-0.0087324
0.0146255
-0.0275100
0.0036513
-0.0323828
0.0072113
0.0183894
-0.0048562
0.0216098
0.0283485
0.0449784
0.0274350
0.0080808
0.0153844
0.0327310
0.0076476
-0.0159829
-0.0153783
0.0036590
-0.0039271
-0.0961789
-0.1109042
-0.1132177
-0.0697249
0.0794052
0.2404274
0.3027268
0.2059018
0.0057613
-0.1532523
-0.2270931
-0.1651363
-0.1084148
0.0047529
0.0132421
0.0436760
0.0477157
0.0908762
0.0336559
0.0491222
-0.0007059
-0.0157781
0.0159442
-0.0528831
-0.0269614
-0.0589571
-0.0504936
-0.0017154
0.0178204
-0.0101462
-0.0145625
0.0357006
-0.0032630
0.0300693
-0.0122930
0.0394122
0.0121672
-0.0034414
0.0023394
-0.0295488
-0.0010616
-0.0264432
0.0075767
-0.0049282
-0.0026487
-0.0175703
-0.0138716
-0.0010349
-0.0135694
0.0061677
-0.0213058
-0.0003479
0.0275652
0.0235905
-0.0031103
0.0039852
0.0131083
0.0122539
0.0140707
0.0046492
0.0239860
0.0131058
0.0188189
-0.0218982
-0.0266359
-0.0059869
-0.0157600
-0.0102188
0.0301572
0.0189970
0.0241926
0.0221684
0.0063759
-0.0184953
0.0240146
-0.0137196
-0.0092347
-0.0214273
-0.0139763
-0.0098737
-0.0191765
0.0272809
-0.0011531
0.0186911
-0.0162372
0.0250515
-0.0221496
0.0183949
-0.0155111
-0.0244241
0.0201750
-0.0014807
-0.0082276
-0.0174460
0.0087469
0.0290401
0.0206380
0.0153152
0.0055166
-0.0108440
0.0134062
-0.0233729
0.0077001
-0.0153469
-0.0265664
0.0228450
-0.0249680
-0.0261177
-0.0250664
-0.0178049
-0.0142827
0.0262404
-0.0157998
-0.0264294
0.0120354
-0.0150336
-0.0034358
-0.0055542
0.0233271
-0.0156392
0.0081001
-0.0137410
-0.0067938
0.0137625
-0.0114169
0.0041120
-0.0114906
-0.0116512
-0.0249612
-0.0019744
0.0199934
-0.0082431
-0.0206676
0.0206959
0.0084988
0.0204968
-0.0047700
-0.0216627
0.0234314
0.0266915
-0.0059919
-0.0221065
-0.0144968
0.0072286
-0.0065882
-0.0192632
-0.0226582
0.0051527
-0.0176984
0.0008606
0.0208235
-0.0087990
-0.0202348
0.0068994
-0.0114702
-0.0130770
0.0008424
0.0165775
-0.0238857
0.0206201
0.0243628
-0.0289195
0.0239688
0.0059060
0.0104150
-0.0125190
0.0170796
-0.0140733
-0.0016260
-0.0266954
0.0173931
0.0055686
0.0012758
0.0142825
0.0259064
-0.0025856
-0.0182111
-0.0069140
-0.0113086
-0.0240395
0.0031065
0.0169905
-0.0213138
-0.0229108
0.0025099
0.0128012
0.0118142
-0.0063365
0.0268909
-0.0248858
-0.0125273
-0.0000021
0.0039748
0.0198677
0.0265748
0.0197478
0.0135570
0.0281295
0.0227042
0.0054508
0.0033336
0.0142440
0.0123246
0.0125809
0.0283209
-0.0121307
0.0026751
0.0259129
-0.0070950
-0.0256790
-0.0283796
-0.0217471
-0.0116581
0.0067057
-0.0236119
-0.0037003
-0.0208617
-0.0174545
0.0262053
-0.0104055
0.0101412
-0.0124138
0.0053715
-0.0252428
0.0011147
0.0258570
-0.0290330
-0.0222542
-0.0118832
0.0157934
0.0080112
0.0089149
0.0020949
-0.0094183
-0.0256167
-0.0192963
0.0075321
-0.0213149
0.0199343
0.0161516
-0.0241192
0.0004239
0.0101305
-0.0010564
0.0074319
-0.0141312
-0.0307894
