-0.0689242
0.0119637
0.0314535
-0.1299301
-0.0787446
0.0288610
-0.0120823
-0.1019925
0.0248043
0.0853042
-0.0114034
-0.0234335
-0.0141467
0.0774417
-0.0157250
-0.0808511
-0.0084445
0.0147016
-0.0203722
0.0482059
0.1116860
0.1150487
0.0217253
-0.0316927
0.1491147
-0.0115341
0.0065596
0.0730773
-0.0811409
0.0474168
-0.0386010
-0.0869538
-0.1974742
-0.2400730
-0.0782820
-0.0154999
0.0356698
-0.0538443
0.0720777
0.3908474
0.7574950
0.6439482
0.0065645
-0.4760644
-0.9420019
-0.6279681
-0.2526885
0.0101473
0.1833589
0.1497864
0.2151947
0.1149710
0.2307725
0.1724003
-0.0600503
-0.1441878
-0.0270567
-0.0725437
-0.2068333
-0.0341965
0.0397495
-0.1021313
-0.1143997
0.0863195
0.0579327
-0.0652272
0.0922578
-0.0334296
0.0920736
0.0769686
0.0362739
0.1083364
-0.0762635
0.0150692
-0.1001486
-0.0893396
-0.0351502
-0.0705265
-0.0596294
-0.0866390
0.0688474
0.0856652
0.0498361
0.0211170
0.0722309
-0.0818234
0.0818264
0.0138432
0.0356210
0.0347684
0.0416354
-0.0319667
0.0739274
-0.1249559
-0.0009982
-0.0242999
-0.0426176
0.0203459
-0.0850890
0.0357512
-0.0145113
0.0099433
-0.0479151
-0.0711854
0.0577384
-0.0563750
-0.0177419
0.0140494
-0.0763169
-0.0639258
0.1088069
0.1072806
0.0880468
0.1384050
0.0997300
0.0678613
-0.0078925
-0.1032865
0.0131079
-0.1200909
-0.1225433
0.0307974
-0.1829953
-0.1508641
-0.0757080
0.0008806
0.0012822
0.0711799
0.0226161
0.1305039
0.1680757
0.1202456
0.0436448
-0.0858625
-0.0154778
-0.2674871
-0.3484060
-0.2966506
-0.0954262
-0.2580052
-0.1103798
0.1692424
0.7179157
0.9172271
0.9398354
0.2226435
-0.5536868
-0.9065604
-0.7658330
-0.4225089
-0.0739420
0.0182221
0.0756761
0.1564199
0.2781351
0.2141102
0.2985474
0.0955343
-0.0734695
-0.0130825
0.0339040
-0.1374163
-0.0223160
-0.1631549
-0.1942143
-0.1048485
-0.1292899
0.1164177
0.1566268
0.0185903
-0.0175125
0.1220196
0.1350769
0.0817986
0.0460298
-0.0249611
-0.1361916
-0.1256351
0.0063047
-0.1218457
-0.0591229
0.0571315
-0.0852898
0.0925679
-0.0447499
-0.0890656
-0.0615191
0.1267319
0.1090938
0.0301446
0.0462283
0.1178400
-0.0335906
-0.0916389
-0.0158370
0.0553874
-0.0341747
0.0955734
-0.0021693
-0.0927399
-0.0145700
-0.0256089
-0.0938666
0.0132701
0.1228518
-0.1057441
-0.0825229
-0.1181457
-0.0954021
-0.0159012
-0.1227599
0.0970140
0.0902925
0.0347037
0.0199484
0.0646958
0.1227444
-0.0457883
-0.0806880
0.1334610
0.0301869
-0.0992708
0.0594344
0.0488001
-0.1058866
-0.1515989
0.0161593
-0.1150930
0.0675266
0.0581105
0.0335993
0.1896695
0.0255707
0.0531988
0.0918744
0.0207220
-0.0580786
0.0001855
-0.1711860
-0.2327112
-0.0765038
-0.1240524
-0.1471566
-0.2306511
-0.0946294
0.3445436
0.8139655
0.9443536
0.5285707
-0.0624487
-0.6966393
-0.5996325
-0.5031421
-0.0354157
0.0889468
0.0679113
0.0515960
0.0895886
0.2421456
0.2634467
-0.0141554
0.0754582
-0.1076559
0.0224747
-0.0258431
-0.1381357
-0.1793207
-0.1076049
-0.0257455
-0.1443523
0.0307377
0.0094726
0.0074804
0.0829195
0.0508811
0.0020448
0.0132705
0.0151507
0.0286749
-0.0610903
0.0714582
0.0805133
-0.1234213
-0.0095409
-0.0912881
-0.0407007
0.0995452
0.1108792
0.0981587
-0.0062219
-0.0769846
-0.0717066
0.1296477
0.1282382
0.0539224
0.0103594
0.1035978
-0.0364127
-0.0249380
-0.0362011
-0.0520979
-0.0958107
0.0466139
-0.0012489
-0.0268024
0.0807605
0.0338466
0.1052185
0.0086978
0.1137294
0.1095120
-0.1158294
-0.1291897
-0.0084904
-0.0486214
0.0678417
-0.1082968
0.1226019
-0.0055004
0.1220793
0.0504047
0.1130438
0.1031647
0.0977833
0.0568727
-0.1251798
0.0241838
-0.0468236
-0.0246469
-0.1105876
-0.0768529
0.0819317
-0.1097803
0.0480192
0.0050533
0.0192965
0.1784131
0.1687449
0.0389646
0.1374875
0.0185765
0.0145314
-0.0038523
-0.1529902
-0.2391133
-0.0363300
-0.2545650
-0.1387674
-0.2326997
-0.1088284
0.5536003
0.9765384
0.9331105
0.2689535
-0.5267761
-0.7332438
-0.7161191
-0.2947727
0.0465089
0.2165397
-0.0117851
0.0808836
0.1840583
0.1701805
0.2573843
0.0763887
0.0057199
-0.1357264
-0.1345702
-0.1610641
-0.2078507
-0.0765452
-0.0711832
0.0124535
0.0577769
-0.0751440
0.1030450
0.0983405
0.0889889
0.1407352
-0.0253184
0.0070226
-0.0601038
0.0624618
-0.1347750
-0.0192429
0.0747360
-0.1473064
0.0092410
-0.0555408
-0.1178727
-0.0651186
-0.0848605
0.0302253
-0.0301810
0.1041635
-0.0642048
-0.0012672
0.0852883
-0.0956708
-0.0345907
0.0092247
-0.0058029
-0.0634073
0.0928020
0.0905988
0.0070625
0.0047613
-0.0962396
0.1195349
-0.0160349
0.1210622
0.0278070
-0.0542655
0.0997870
0.0970085
-0.0404358
-0.0026346
-0.1113373
0.0192217
-0.0543943
-0.0458454
0.1035998
-0.0040568
-0.0816357
0.0144481
0.1357336
0.1321253
-0.0275731
0.0415160
-0.1391915
0.0258638
-0.0202288
0.0555883
-0.1528817
-0.0328555
-0.1321276
0.0399465
0.0262813
0.0193758
0.1995322
0.2212532
0.2146362
0.1499101
0.0518643
-0.0825860
-0.0574928
-0.0152165
-0.2391393
-0.1473679
-0.2179226
-0.0829698
-0.0806323
-0.0700454
-0.0449234
0.5632203
0.7508597
0.8289850
0.1387416
-0.4049840
-0.9912363
-0.7761589
-0.4381404
0.0317047
0.1565939
0.0673964
0.3155453
0.1359323
0.2493600
0.1906353
0.0572305
-0.0804743
0.0009976
-0.0592486
-0.1468388
-0.0773662
-0.0260228
-0.0375663
0.0481040
-0.0891875
0.0203883
0.0113503
0.1371152
-0.0534955
0.1514915
-0.0706559
0.0656380
0.1078860
0.0101884
0.0577045
-0.0148028
-0.0814242
-0.0310761
-0.0907943
0.0261322
0.0070752
0.0821551
0.1363795
-0.0098077
-0.0798929
-0.0564932
-0.0661919
0.0960865
0.0274736
0.0675585
0.0307974
0.0960495
-0.0766214
0.0306294
0.0385668
0.0549063
-0.0816237
-0.0743435
0.1212536
0.0455460
0.0134121
-0.0611858
0.0250321
0.0968270
0.0126667
-0.1212656
-0.0544098
-0.0281760
0.0595104
0.1135144
-0.0296095
0.1331865
-0.0631632
0.1354581
0.0404058
0.0359263
0.1181171
0.0211338
0.0939734
-0.0811284
-0.0637364
0.0197777
-0.0542653
0.0553765
-0.1150058
-0.0449573
0.1253416
0.1240521
-0.0155730
0.1816420
0.1911621
0.0402229
0.0188303
-0.0106580
-0.0591560
-0.0043560
-0.0682654
-0.0760119
-0.0935898
-0.0772009
-0.1147106
-0.2743033
-0.1543601
0.2234321
0.7317650
0.8245963
0.4690744
-0.3853717
-0.9653606
-0.7626500
-0.5018001
-0.1472960
0.1686707
0.1505400
0.1888021
0.2760755
0.1942210
0.1774992
0.0295405
0.0845582
-0.0948013
-0.0028651
-0.1682389
-0.2246626
0.0048898
-0.0156266
-0.0234325
-0.1252715
-0.0359443
-0.0431486
0.1098919
0.0667821
0.1046900
0.0237598
0.0024298
-0.0897704
-0.0421091
0.0386662
0.0201037
-0.1154607
-0.1171298
-0.0365671
0.0404291
-0.1219236
0.0785707
-0.0918663
-0.0880246
0.0835353
0.1188863
-0.0672439
0.1036214
-0.0020653
-0.1213408
-0.0161187
0.0299939
-0.1273920
0.0920156
0.0306144
-0.1052643
-0.0060321
-0.0957434
-0.1040169
0.0394116
0.0061253
-0.0844039
0.0281526
-0.0781922
-0.0771457
-0.0297542
-0.1304781
-0.1464681
0.0062687
-0.1289441
-0.0511817
0.0382001
0.0630900
0.0700617
-0.0043505
0.1068075
-0.0249448
0.0263957
0.0991557
-0.0930345
0.0571450
-0.0676075
-0.1105324
-0.1424434
-0.0951351
-0.0393106
-0.0590899
-0.1372676
0.1307010
0.0186146
0.0196853
0.1701033
0.1499456
0.0792559
0.0546645
0.1175717
-0.1022558
-0.0318721
-0.2179255
-0.1988985
-0.1600428
-0.0316470
-0.1868608
-0.1694556
-0.1320525
0.2023581
0.7732923
0.9433217
0.7562813
-0.2294087
-0.8826261
-1.0514917
-0.5143835
-0.1521640
0.1086460
0.1697746
0.1840003
0.2723164
0.3615067
0.2604700
0.2007364
-0.0215258
-0.0460447
-0.0621621
-0.0476124
-0.2521715
-0.2265525
-0.2023584
-0.1932201
0.0522105
-0.0390050
0.0028850
0.0626274
0.0518285
-0.0551005
0.0958407
0.1330473
-0.0209838
0.0684796
0.0256986
-0.0115568
-0.1439999
-0.1066893
-0.1164722
0.0066538
-0.0281730
0.0063639
-0.0840012
0.0832516
-0.0906487
-0.0716009
0.0780741
0.0068580
-0.0556585
0.1057494
-0.0237124
0.0109724
-0.0873141
-0.0977253
0.0495075
0.0279217
0.1151770
-0.0206362
-0.0694806
-0.0211617
-0.1050766
0.0442453
0.0703446
0.0569520
0.0118708
-0.1074908
-0.0392431
0.0802534
-0.1156204
0.1085032
-0.0924422
0.0618821
0.0748741
0.0121867
-0.0339393
0.1122133
0.0580111
0.0064417
0.0889118
-0.0538061
-0.1405693
-0.1230986
-0.0723653
0.0228551
-0.0269516
-0.1010041
0.1131248
0.0840615
0.0800896
0.0351870
-0.0151771
0.0328948
0.1285832
0.0231945
0.0649686
0.0105621
-0.0092829
-0.0645126
-0.1309910
-0.0507075
-0.1551927
-0.1552147
-0.0871957
-0.0648281
0.3767479
0.6636632
0.7642136
0.2474891
-0.4792875
-0.7752463
-0.7068245
-0.3398265
0.0157171
0.1274536
0.0703597
0.2562332
0.1011215
0.2121256
0.0831398
-0.0429439
-0.0620856
-0.1414662
0.0517307
-0.1172097
-0.1848960
-0.1200230
-0.0489106
0.0474202
0.0353692
0.0380930
0.1002304
0.1372504
0.1445073
0.0301111
0.1626122
0.0527658
0.0972122
-0.0240685
-0.0182966
-0.0513674
0.0464160
-0.1414266
0.0382502
-0.0540871
-0.1076538
-0.0719963
-0.0952398
0.0747977
-0.0242172
-0.0073846
-0.0735983
0.0424806
0.0257723
-0.0312949
-0.1238430
-0.0342078
0.0468150
-0.0763599
0.0870838
0.0683578
0.0524065
0.1265428
0.0438892
0.0819304
-0.0210985
0.0092251
0.0232695
0.1164188
0.0223196
0.0369832
-0.0488721
-0.1027287
-0.0195939
-0.0800697
-0.0775072
0.0114574
0.1003091
-0.0212852
0.1080832
0.1245337
0.0001126
0.1314819
0.1005170
-0.0652212
0.0180337
-0.1369591
-0.1028615
-0.0196378
-0.1795542
-0.0362727
-0.0385303
-0.1135327
-0.0587090
0.1176125
0.0745341
0.0952543
0.2426077
-0.0044580
-0.0036273
0.0675264
-0.0026565
-0.0003229
-0.1538670
-0.1401865
-0.2804327
-0.1191535
-0.2909767
-0.3609200
0.0781961
0.6438349
1.0322958
0.9210406
0.2846676
-0.5553988
-0.7693594
-0.7680528
-0.2834522
0.0871170
0.1902523
0.1384565
0.0625660
0.1366598
0.2242706
0.2651006
0.1930442
-0.0456782
0.0164174
-0.1001214
-0.0822207
-0.1167968
-0.0320273
-0.1941273
-0.1477930
-0.0758102
-0.1002662
-0.0857813
0.1046904
0.1788792
0.1700071
0.0875024
0.1192379
0.0752962
-0.0815888
-0.0551700
-0.1509202
-0.0753867
0.0222004
-0.0736327
-0.0810166
0.0469445
0.0895117
0.0530924
-0.0280414
0.1411476
0.1038463
0.0799793
-0.0968898
-0.0179379
-0.1210301
0.0619868
0.0126397
-0.1040734
-0.0531240
0.0940443
-0.0852341
0.0362028
-0.0053904
-0.0614439
-0.1036227
0.0540632
-0.0802862
-0.1025794
0.0974914
-0.0519726
0.0163766
0.0536975
-0.1056986
-0.1036633
-0.1219386
-0.0922054
0.0064304
-0.0450749
0.0894248
-0.0682273
0.1470192
-0.0432148
0.0269735
0.0589240
-0.0706293
-0.0835527
-0.0116318
0.0199008
-0.0175776
-0.0460838
0.0427298
-0.1232497
0.1018520
0.0747268
-0.0614746
0.1253022
0.1580119
0.1251020
0.1780731
-0.0291139
-0.0674340
0.1208821
0.0345132
-0.1616657
-0.2384185
-0.0303296
-0.2720026
-0.2969134
-0.3583837
0.0021955
0.5240405
0.9349097
0.6732229
0.0677789
-0.6070384
-0.6323400
-0.5275755
-0.1456689
-0.1258817
-0.0000002
0.0468876
0.0638319
0.2677327
0.3017276
0.0211213
0.0749122
0.0053948
0.0181047
-0.1563843
0.0004510
-0.1388699
-0.1597827
-0.0442260
-0.1008318
-0.0393055
-0.1009798
-0.0430605
0.0893431
0.0385714
0.1553270
-0.0241920
0.0427075
-0.1128573
-0.0280476
-0.0155855
0.0011393
0.0539933
-0.0069791
-0.0023960
0.0056694
-0.1164315
0.0655344
0.0644732
-0.0891317
0.1100843
0.0509935
0.0957672
-0.0457914
-0.0744273
0.0961968
-0.0041872
-0.1259421
-0.1046276
0.0422497
-0.0566076
-0.0050880
-0.0005123
0.0418977
0.0953644
0.0437264
0.0967059
0.0971377
-0.0757923
0.0592319
0.1155107
-0.0423379
-0.0251493
-0.0305919
0.0819658
-0.1176948
-0.1284498
-0.0794864
-0.0431145
0.0971321
-0.0963462
-0.0736938
0.0065771
0.1220840
-0.0359507
0.1158036
-0.0748523
-0.0066080
-0.1502713
-0.1454381
-0.0867706
-0.1204748
0.0374888
0.0013322
0.0189391
0.1553930
0.0556988
-0.0006022
0.2333545
0.1032388
-0.0058313
-0.0279030
-0.0270558
-0.1483687
-0.0714766
-0.1905477
-0.2798207
-0.1873018
-0.1552770
-0.1993342
-0.1448394
0.2516503
0.8827541
1.0651507
0.5378643
-0.0399805
-0.6802232
-0.8577983
-0.5641858
-0.2400945
0.1026678
0.0763330
0.0725317
0.3090649
0.2983898
0.2309800
0.1846969
0.1250604
0.0834163
-0.0718613
-0.0124016
-0.2263434
-0.0111025
-0.2146235
-0.0302465
0.0834660
-0.0773321
0.1463319
-0.0648552
0.1604452
0.1179037
0.0731254
0.0063562
0.0055831
0.0055469
0.0046096
-0.1407894
-0.0651173
0.0470191
-0.1303655
0.0093210
0.0198619
0.0346965
0.0881943
-0.0562719
0.1012580
0.0319324
0.1072978
-0.0068195
0.0835010
0.0832465
-0.0807555
0.0524380
-0.0840839
0.0212310
0.0878214
0.0386565
-0.0142570
-0.0194331
0.0518932
-0.0569945
-0.0514104
-0.0112720
0.0355694
-0.0900987
0.0563611
0.0021965
-0.1222871
-0.0749029
-0.0721390
0.0044172
0.0197519
0.0185029
0.0004650
0.0014025
-0.0140132
-0.0002884
0.1285974
-0.0001464
-0.0128734
-0.0859118
-0.0185759
-0.1042090
-0.1618778
-0.0659276
-0.0216012
0.0319350
-0.1601032
0.0069196
0.0689712
-0.0659173
0.1255289
0.2033819
0.2355774
0.2281151
0.1991347
0.0425920
0.0694075
0.0109116
-0.0279191
-0.2313654
-0.1065291
-0.1977570
-0.2426606
-0.3143959
-0.1761177
0.0689854
0.5754889
1.1045974
0.9110460
0.2591217
-0.4462162
-1.1355127
-1.0480449
-0.4813614
0.1060632
0.1015712
0.0842807
0.3169241
0.3708907
0.2982421
0.1501761
0.0328689
-0.1036688
-0.1605911
-0.0978979
-0.0338632
-0.1419592
-0.1930296
-0.0278884
0.0207458
0.0641179
-0.0570413
-0.0407133
0.0920711
0.1290927
-0.0145682
-0.0268064
-0.0326733
0.0031784
-0.0475432
-0.0536282
0.0143300
-0.1070674
-0.1159812
0.0636616
-0.0665941
-0.0125313
-0.1128031
-0.0992735
0.0277405
-0.0626083
-0.0873086
-0.0974566
0.0268032
0.1151044
0.0916389
-0.0522852
0.0574254
0.0980472
-0.0989884
0.0796887
-0.0488790
-0.0935925
-0.0292187
0.1049787
0.1166928
0.1382559
-0.0075344
