0.0069487
0.0143464
-0.0257335
-0.0113980
0.0351694
0.0337741
0.0045619
0.0026778
0.0299126
0.0257969
0.0088684
0.0311447
-0.0091960
0.0027604
0.0057295
0.0065854
-0.0249537
-0.0211839
0.0180605
0.0073366
0.0087732
0.0056717
0.0174247
-0.0010065
-0.0280149
-0.0291737
-0.0329455
0.0286570
0.0241361
0.0121808
-0.0168871
-0.0173528
0.0231718
-0.0231277
-0.0298966
0.0323750
0.0175721
0.0347647
0.0043435
0.0200019
-0.0185908
0.0271482
-0.0248715
-0.0133188
-0.0272217
-0.0082086
0.0027518
0.0024532
0.0328665
0.0273785
0.0314150
0.0033066
-0.0165488
0.0158189
0.0110182
-0.0074956
-0.0053710
-0.0117419
-0.0139937
-0.0106981
0.0246876
0.0142695
-0.0009615
0.0289126
0.0284192
0.0347215
0.0151757
0.0161404
0.0317816
0.0144848
-0.0128110
0.0189656
-0.0103446
-0.0242584
0.0264135
0.0273628
-0.0168796
-0.0176593
0.0058527
0.0331166
-0.0118454
0.0289994
-0.0178940
-0.0129663
-0.0150055
-0.0285608
-0.0122511
0.0030374
0.0291801
-0.0240672
0.0206554
-0.0190937
0.0007957
0.0047873
0.0249110
-0.0268455
0.0026695
0.0309678
-0.0152177
0.0355635
-0.0173765
0.0570196
0.0333798
0.0214256
0.0381070
-0.0269861
-0.0245857
-0.0773359
-0.1214388
-0.1560929
-0.0947967
0.0236842
0.2426372
0.2924584
0.1774637
0.0107407
-0.1113988
-0.1696969
-0.1689920
-0.1033052
-0.0032199
0.0295193
-0.0160066
0.0424004
0.0792881
0.0364638
0.0709503
0.0359555
-0.0049230
-0.0268436
0.0185663
0.0080560
-0.0050536
-0.0120391
-0.0512973
-0.0088310
-0.0016357
0.0033420
-0.0083522
0.0134422
-0.0221020
-0.0193437
-0.0010242
0.0154598
-0.0221733
0.0251559
0.0247088
-0.0240969
-0.0335756
0.0271367
-0.0211750
-0.0127970
0.0139814
-0.0219108
-0.0326632
0.0259232
0.0320457
-0.0032309
0.0396339
0.0338409
0.0369495
-0.0030425
-0.0343479
-0.0118617
-0.0249912
0.0060488
0.0062623
-0.0312850
-0.0028080
-0.0204787
0.0269364
0.0107996
0.0208572
-0.0008696
0.0323314
0.0063471
-0.0226845
0.0294277
-0.0173658
0.0029732
-0.0145483
-0.0120117
0.0224836
0.0018507
0.0185061
-0.0194892
0.0137453
0.0138849
0.0054690
-0.0069861
-0.0031649
-0.0239167
-0.0176402
0.0223766
-0.0167369
0.0282710
0.0289377
-0.0351517
-0.0164025
0.0120230
-0.0292530
0.0229846
-0.0122537
-0.0068960
0.0093143
0.0239565
0.0017246
-0.0232410
-0.0078291
-0.0092951
0.0333754
-0.0249168
-0.0020935
-0.0232876
-0.0298752
-0.0106049
0.0001984
-0.0323661
0.0078183
0.0023603
0.0187379
-0.0307999
0.0047764
-0.0263484
0.0043229
0.0109517
0.0293493
0.0025801
-0.0169621
0.0159489
-0.0032592
-0.0289120
-0.0101870
-0.0352967
-0.0176240
-0.0148029
0.0256363
0.0205051
-0.0331040
-0.0132356
-0.0259697
-0.0111341
-0.0041653
0.0251569
-0.0087234
-0.0260982
0.0242332
-0.0094232
-0.0036873
0.0073672
0.0188849
-0.0284525
-0.0171013
0.0081250
-0.0293853
0.0114307
-0.0112253
-0.0274737
0.0041932
0.0031899
-0.0099566
0.0149453
0.0202625
0.0155167
-0.0301014
-0.0308239
-0.0231612
0.0289303
-0.0234252
-0.0141031
0.0151242
0.0339439
-0.0112745
0.0317702
0.0307039
-0.0195596
-0.0286411
0.0357723
0.0233706
-0.0108863
-0.0172257
0.0062647
-0.0225926
-0.0289611
-0.0284492
0.0324538
-0.0170204
0.0228292
0.0336343
0.0214633
-0.0208837
0.0324715
0.0201936
0.0094769
-0.0008359
0.0124581
0.0038817
-0.0117966
-0.0010660
0.0020340
-0.0321390
-0.0191116
0.0289431
-0.0142300
-0.0235248
0.0141789
-0.0249525
0.0174945
0.0177727
-0.0192743
0.0144514
-0.0339673
0.0008346
0.0350528
-0.0284502
-0.0265042
-0.0198518
-0.0105933
0.0364279
-0.0169072
-0.0072692
-0.0334448
0.0190217
-0.0004592
0.0324449
0.0202220
0.0197705
0.0077357
-0.0036392
-0.0344743
-0.0126741
0.0092325
0.0202461
-0.0134278
-0.0278216
-0.0249185
-0.0038788
0.0003892
0.0357150
-0.0253455
-0.0273501
0.0008225
0.0113034
-0.0281146
0.0322588
-0.0072586
0.0209791
0.0109690
0.0043915
0.0328594
-0.0163023
-0.0030465
-0.0037153
-0.0228881
0.0162027
-0.0120432
0.0178974
0.0161845
0.0284512
0.0046429
0.0014363
0.0307002
0.0232324
0.0226901
-0.0307500
-0.0082245
-0.0493243
-0.0348662
-0.0102943
-0.0198086
-0.0195216
0.0284486
-0.0025684
0.0416119
0.0556648
0.0926855
0.1072453
0.0919092
0.0744875
0.0092691
-0.0923409
-0.1504056
-0.2789093
-0.2618681
-0.1572599
0.0784458
0.2759282
0.3569478
0.2694243
0.0967794
-0.1206672
-0.2090320
-0.1521051
-0.0910736
-0.0470109
-0.0263045
-0.0293563
0.0067987
0.0490523
0.0461492
0.0559026
0.0498252
0.0233171
0.0086293
0.0062759
0.0195045
-0.0147541
-0.0332138
0.0006025
0.0088703
-0.0055831
-0.0042122
-0.0377522
-0.0175668
0.0024728
-0.0156092
0.0313464
0.0353299
0.0269507
-0.0038562
0.0255070
0.0283930
0.0033690
-0.0380686
-0.0055116
-0.0317341
-0.0003523
-0.0174098
0.0038836
0.0172432
0.0046081
0.0126924
-0.0245906
-0.0052498
0.0314610
-0.0309599
0.0339268
0.0023843
0.0026342
-0.0185690
-0.0056384
-0.0350255
-0.0154655
0.0277849
-0.0021695
-0.0369937
0.0226283
-0.0341673
-0.0131119
-0.0262817
-0.0132057
-0.0223657
0.0039604
0.0251101
0.0091932
-0.0335499
0.0116741
0.0159581
-0.0182894
0.0017155
-0.0330326
0.0016045
0.0233819
-0.0114614
-0.0121988
-0.0290470
-0.0134643
-0.0335964
0.0106165
0.0107401
0.0147215
0.0016236
-0.0093903
0.0164596
0.0103361
0.0009227
0.0014617
-0.0096776
-0.0231091
0.0329972
0.0226506
-0.0166314
-0.0337361
0.0247765
-0.0047220
-0.0092723
0.0065118
0.0105812
-0.0355497
0.0330406
0.0277320
-0.0021362
-0.0221569
0.0218680
0.0246163
-0.0251057
0.0362934
0.0343389
0.0285035
-0.0191897
0.0265649
-0.0076188
-0.0262413
0.0095091
0.0074491
0.0040264
-0.0006515
-0.0018557
0.0153520
0.0279875
-0.0239410
-0.0196382
0.0067367
0.0264685
-0.0038511
0.0061288
-0.0066198
0.0179760
-0.0172737
0.0038598
-0.0022160
0.0156897
-0.0326826
0.0302669
0.0298816
-0.0083901
-0.0084935
-0.0310073
0.0086824
0.0125605
0.0118666
0.0239110
0.0291082
0.0118387
0.0086124
-0.0126160
-0.0101877
-0.0031033
0.0352172
-0.0179550
-0.0036501
0.0324102
-0.0283304
0.0271621
-0.0229466
-0.0045106
0.0027906
0.0277670
0.0338494
-0.0296618
-0.0275047
-0.0018579
0.0061858
0.0298208
-0.0232730
0.0253023
-0.0199965
-0.0267719
-0.0262668
-0.0190338
0.0274491
0.0007650
0.0050287
-0.0191355
0.0181869
-0.0293872
-0.0228797
0.0343421
-0.0222756
-0.0356059
-0.0308339
-0.0141113
0.0346733
0.0293669
0.0092141
0.0333346
-0.0019775
-0.0111096
0.0333728
0.0037602
0.0130075
-0.0077785
-0.0130270
0.0173269
-0.0037216
0.0026916
0.0023098
-0.0079621
-0.0142058
-0.0149709
-0.0084442
-0.0297002
0.0054760
-0.0374489
0.0246842
0.0025865
0.0108774
0.0134019
0.0330922
0.0020307
-0.0025668
0.0342497
-0.0232219
-0.0215965
-0.0279797
0.0058074
-0.0220587
-0.0360380
-0.0272363
0.0176266
-0.0079718
-0.0014070
0.0014934
0.0054339
0.0312941
-0.0257212
-0.0126739
-0.0198786
0.0234195
0.0118000
-0.0212682
0.0108293
-0.0096023
0.0147145
0.0524686
0.0436261
0.0222607
0.0149630
0.0268444
-0.0043385
-0.0224099
-0.0050091
-0.0575088
-0.0277121
-0.0207624
-0.0050486
-0.0208317
-0.0197333
0.0261645
0.0558237
0.0623963
0.1351391
0.1108737
0.0599447
-0.0235114
-0.0858423
-0.1732710
-0.3019539
-0.2875633
-0.1013177
0.1311267
0.3007813
0.3623246
0.2628087
0.0243907
-0.1063141
-0.1986098
-0.1796476
-0.1053001
-0.0614271
0.0032509
-0.0383179
0.0153604
0.0682739
0.0573245
0.0546084
0.0349480
0.0605711
-0.0128746
-0.0266712
-0.0432130
-0.0462822
-0.0030952
-0.0244564
-0.0391599
-0.0067209
0.0069919
-0.0234528
-0.0157941
0.0371798
0.0073065
-0.0156216
-0.0102536
0.0017487
-0.0089361
-0.0145916
0.0116271
0.0242047
-0.0268880
-0.0177743
-0.0370448
-0.0232571
-0.0034012
-0.0007521
0.0171793
-0.0028967
0.0173889
0.0029978
0.0108925
-0.0123280
-0.0033340
0.0184483
-0.0314344
0.0177530
0.0273738
0.0016889
-0.0169944
0.0208258
0.0238280
-0.0255305
0.0030795
0.0158205
-0.0311049
0.0049368
-0.0229876
0.0082700
-0.0037571
-0.0306594
-0.0159156
-0.0111736
-0.0206517
0.0139002
-0.0300565
0.0194256
0.0315258
-0.0247132
0.0309275
0.0106508
0.0289502
0.0131175
0.0277646
-0.0250618
-0.0174280
0.0024846
-0.0318912
-0.0092273
0.0139526
-0.0198778
-0.0330658
-0.0291077
-0.0036896
0.0238147
-0.0290693
-0.0077327
-0.0312509
-0.0126880
0.0165078
-0.0026996
0.0330721
0.0101727
-0.0086092
-0.0246176
-0.0057331
0.0215929
0.0301728
-0.0295522
0.0188367
0.0059158
-0.0080605
0.0159920
-0.0000084
0.0107582
-0.0256689
-0.0187863
0.0296791
-0.0138613
-0.0287553
0.0164151
-0.0132100
-0.0148965
0.0145043
0.0253368
0.0234575
0.0185656
0.0171691
0.0333938
-0.0133618
0.0023033
0.0046366
0.0105257
0.0157626
-0.0029747
-0.0212042
0.0210847
-0.0275701
-0.0192340
-0.0260861
-0.0074498
0.0327196
0.0252487
-0.0203363
-0.0139959
-0.0317584
-0.0274532
0.0101872
0.0216926
-0.0056786
-0.0203828
-0.0000979
-0.0331964
0.0326694
-0.0181211
-0.0189689
-0.0067810
-0.0154757
-0.0119209
-0.0188541
0.0158943
0.0145025
0.0176461
-0.0140484
-0.0341908
0.0050192
0.0165308
0.0013536
-0.0129328
-0.0105590
0.0298695
-0.0311113
-0.0079411
-0.0115705
0.0007613
-0.0341527
-0.0043487
-0.0249498
0.0101236
-0.0194873
-0.0030854
-0.0072228
-0.0034842
0.0226988
0.0081342
0.0239740
-0.0149844
0.0037774
-0.0295930
-0.0192958
-0.0229669
-0.0215406
0.0157058
0.0330016
-0.0214324
-0.0108171
0.0079215
-0.0208645
-0.0336500
-0.0121394
-0.0225124
-0.0126992
0.0300143
0.0221939
0.0274680
-0.0024909
0.0130180
-0.0063030
0.0243631
0.0029436
0.0032154
-0.0208874
0.0377199
-0.0162960
-0.0170969
-0.0334594
-0.0294212
-0.0087337
0.0054763
-0.0054972
-0.0118100
-0.0367372
0.0235610
0.0276418
-0.0088093
0.0335024
0.0330106
0.0209113
-0.0253619
0.0062925
0.0275756
0.0034112
-0.0188092
-0.0325198
0.0014530
-0.0292026
-0.0253708
0.0144627
-0.0025804
-0.0256396
-0.0252596
0.0306102
-0.0034564
-0.0092597
0.0396158
-0.0250631
0.0268225
0.0313762
-0.0196996
0.0264241
0.0197174
-0.0370223
-0.0126685
-0.0230057
0.0263281
-0.0393830
0.0271635
-0.0079036
-0.0243722
0.0349557
0.0776573
0.0509378
0.0341500
0.0210342
0.0110652
-0.0339448
-0.1000593
-0.1896163
-0.2117424
-0.0942840
0.1432254
0.2955779
0.2945842
0.1267971
-0.0889169
-0.1666939
-0.1533753
-0.0681963
-0.0172794
-0.0189445
-0.0335557
0.0143151
0.0083632
0.0685229
0.0398368
0.0145843
0.0308673
0.0253949
-0.0111654
0.0171029
-0.0458061
0.0216065
0.0046410
-0.0088920
-0.0470218
-0.0246154
0.0241716
0.0011631
0.0075217
0.0047920
-0.0039503
0.0400969
0.0369407
0.0361810
-0.0280815
0.0270834
-0.0173042
0.0031811
-0.0392969
-0.0165475
-0.0205369
0.0312246
-0.0180943
-0.0169729
-0.0046817
-0.0008554
0.0385371
-0.0288234
-0.0214281
0.0326959
0.0355043
-0.0050255
0.0285206
-0.0084979
-0.0296128
-0.0099001
0.0306790
0.0246745
-0.0166684
0.0268210
0.0065392
-0.0205033
-0.0063804
0.0253206
0.0297796
0.0017999
-0.0354879
-0.0021281
0.0329034
0.0223347
0.0258529
-0.0008887
0.0016607
0.0152002
-0.0117619
-0.0256859
-0.0239047
0.0262073
0.0203396
-0.0292497
-0.0324619
-0.0228160
0.0003992
0.0213843
0.0010526
-0.0336470
0.0197405
-0.0077994
0.0333561
-0.0247145
0.0088893
0.0246197
-0.0308658
-0.0008052
0.0329195
-0.0110736
-0.0090718
-0.0091576
0.0184085
-0.0225393
0.0024648
-0.0060495
-0.0273008
-0.0333933
-0.0027442
-0.0204914
-0.0193136
-0.0295332
-0.0162869
0.0133783
0.0255033
0.0235926
0.0325503
-0.0203983
-0.0269945
-0.0350528
-0.0198122
-0.0089141
0.0122229
0.0109619
-0.0138348
0.0083997
0.0021260
0.0153793
-0.0301409
-0.0088266
0.0275441
-0.0306131
-0.0105641
-0.0104781
-0.0234931
-0.0051466
-0.0028478
0.0280685
-0.0072641
-0.0151074
-0.0104283
0.0211158
0.0167234
-0.0252082
-0.0173019
-0.0204945
0.0371355
0.0170502
-0.0095283
-0.0152451
-0.0103266
0.0201838
-0.0004413
0.0044562
-0.0141485
-0.0029238
0.0105363
0.0135494
0.0208537
0.0026856
-0.0298343
0.0333308
0.0018074
-0.0035172
0.0174423
0.0241305
-0.0323236
-0.0097864
-0.0279103
-0.0103576
0.0063614
0.0072680
0.0258851
0.0225710
0.0082864
-0.0282609
0.0016067
0.0293519
-0.0036983
-0.0292373
0.0199911
-0.0129263
0.0122129
-0.0006232
-0.0320870
0.0244110
-0.0239197
-0.0150322
0.0119798
-0.0072270
0.0179671
-0.0055314
0.0033111
0.0275536
-0.0002762
0.0347531
0.0235811
0.0280762
0.0089562
-0.0015249
0.0339870
-0.0229956
-0.0283080
-0.0145484
-0.0203548
0.0034893
-0.0230571
-0.0266022
0.0103058
-0.0118071
0.0105590
0.0165142
0.0278402
0.0315888
0.0093910
0.0212068
0.0233462
-0.0137417
0.0006527
-0.0105477
-0.0226703
0.0230872
0.0312097
-0.0042731
0.0290436
0.0168897
0.0295922
-0.0243714
0.0029060
-0.0117772
0.0040360
0.0310873
-0.0014973
0.0279068
-0.0357650
-0.0167759
-0.0120382
-0.0265255
0.0258678
0.0349887
0.0226899
-0.0279140
-0.0184967
0.0359490
0.0253780
-0.0231475
0.0097945
0.0292981
0.0306100
-0.0343318
0.0198171
-0.0372708
0.0152299
-0.0342371
-0.0090829
0.0321600
-0.0027784
0.0211118
-0.0013692
-0.0271996
0.0046868
0.0289928
-0.0075012
-0.0025453
-0.0421138
-0.0030687
0.0033366
-0.0141308
-0.0315992
-0.0173865
-0.0037472
-0.0204066
-0.0093647
0.0195305
-0.0139504
0.0413527
-0.0050970
0.0085196
0.0079532
-0.0030053
-0.0000885
0.0056184
-0.0570287
-0.1080562
-0.1644883
-0.1623517
0.0164500
0.1512344
0.2623633
0.1939203
0.0883064
-0.1042216
-0.1844754
-0.1694437
-0.1088390
0.0008208
0.0191995
0.0277007
0.0484868
0.0810306
0.0456037
0.0558016
0.0067081
0.0359371
0.0284152
0.0254818
-0.0116787
0.0037864
-0.0283538
-0.0399721
-0.0202954
-0.0344133
0.0004007
-0.0019757
0.0107539
0.0124067
0.0320735
0.0284295
-0.0244910
-0.0130095
0.0154184
-0.0169287
0.0339600
-0.0260628
0.0110553
-0.0220100
-0.0237858
0.0094387
-0.0078418
-0.0230583
-0.0107370
-0.0139536
-0.0295387
-0.0149328
0.0166601
0.0384092
-0.0288087
