0.0171089
-0.0452239
0.0424007
0.0297193
-0.0583897
-0.0554153
0.0193449
0.0303745
0.0570101
-0.0008795
0.0221381
-0.0480249
0.0252584
-0.0629428
-0.0183492
-0.0014529
-0.0143021
-0.0123816
0.0460637
0.0018346
-0.0457548
0.0606727
0.0127802
-0.0417276
-0.0512355
-0.0523482
-0.0131747
0.0232397
0.0420586
-0.0212229
-0.0514596
0.0036163
0.0473080
-0.0310558
0.0445555
-0.0532021
-0.0119161
0.0405091
0.0374826
0.0300428
-0.0156551
0.0581772
-0.0075548
-0.0404892
0.0402432
-0.0589503
0.0233155
0.0149877
0.0623572
-0.0320490
0.0511211
-0.0388949
-0.0582756
-0.0207510
0.0523758
-0.0438190
-0.0452585
-0.0598569
0.0311970
0.0200471
-0.0244680
-0.0394392
0.0237526
-0.0057140
-0.0065247
0.0067501
0.0467322
0.0471088
-0.0276454
0.0038733
-0.0495418
-0.0381389
-0.0629470
0.0113280
-0.0360738
0.0092419
0.0416615
0.0632137
-0.0381531
-0.0239294
0.0369016
0.0713199
-0.0245220
0.0103868
-0.0532705
-0.0463811
-0.0312232
-0.0434747
-0.0611582
-0.0291115
-0.0276399
0.0330186
0.0724142
0.0047475
0.0656148
-0.0013722
0.0459336
0.0790614
0.0087227
-0.0336619
-0.0287890
-0.0741293
-0.1157131
-0.1784326
-0.1462073
-0.2064506
0.0598969
0.3177722
0.4873811
0.4068283
0.0729191
-0.2800248
-0.4522406
-0.3769161
-0.1571501
0.0161941
0.0533559
0.0400823
0.0035982
0.0142716
0.0487591
0.0815922
-0.0363841
0.0376524
-0.0093594
0.0417869
-0.0495744
-0.0193569
-0.0097447
0.0219968
-0.0147532
-0.0414238
0.0186890
-0.0187107
0.0109736
-0.0082565
0.0549063
0.0685607
0.0506175
0.0101079
-0.0420326
0.0297514
0.0081946
-0.0422199
-0.0434863
-0.0344507
-0.0591515
-0.0629954
-0.0150559
0.0474892
0.0306687
0.0392502
-0.0267809
-0.0480698
0.0412832
0.0607818
-0.0039636
-0.0603652
0.0357097
-0.0460274
0.0157611
0.0138586
-0.0171545
0.0313151
-0.0371287
0.0226448
0.0352497
0.0442188
0.0258028
0.0077655
0.0514861
0.0414780
-0.0166229
-0.0672156
0.0029029
-0.0754893
-0.0149316
-0.0466799
-0.0519754
-0.0159190
-0.0392887
-0.0602388
0.0213237
0.0122488
-0.0550813
0.0135258
-0.0610553
-0.0624572
0.0046027
0.0174366
-0.0453256
0.0415387
-0.0430957
0.0065935
0.0252682
0.0470996
-0.0366663
0.0307645
0.0068063
-0.0326319
-0.0395657
-0.0088970
0.0546052
0.0105139
0.0247137
-0.0559614
0.0297674
0.0285341
0.0023984
-0.0470185
0.0560109
-0.0021305
0.0369308
0.0004078
0.0235983
-0.0505264
-0.0040257
-0.0330516
0.0417338
-0.0446880
-0.0141684
0.0588585
0.0389466
-0.0041041
-0.0154557
-0.0325692
-0.0092741
-0.0553154
-0.0252121
0.0453274
-0.0144320
0.0530081
0.0450264
-0.0651991
-0.0023257
0.0282056
0.0534403
0.0412568
0.0139067
-0.0015807
-0.0012598
-0.0210642
0.0593164
0.0634943
0.0376343
-0.0653730
0.0198511
-0.0543211
-0.0028652
0.0016264
-0.0066141
-0.0284404
0.0339635
-0.0559271
-0.0475087
-0.0099785
0.0775215
0.1053136
0.0811063
0.0912079
0.0213555
-0.0381448
-0.0778082
-0.1108263
-0.1754884
-0.2037850
-0.1701227
-0.0902843
0.1446019
0.2960432
0.4305397
0.3265479
0.0043293
-0.3516601
-0.3277409
-0.2717817
-0.0824145
0.0414721
0.0930076
0.0400784
0.0816110
0.0680465
0.0313852
-0.0252881
-0.0515532
-0.0295019
-0.0000062
0.0212082
-0.0053332
-0.0303127
0.0345816
0.0476792
-0.0136885
0.0458781
-0.0209178
0.0156226
-0.0499506
-0.0264526
-0.0402394
-0.0168370
-0.0299701
-0.0165155
0.0424596
0.0121412
-0.0363989
-0.0662225
-0.0304805
-0.0497088
-0.0568486
-0.0249927
0.0094241
-0.0443788
-0.0033585
0.0164602
0.0071005
-0.0524345
0.0306437
0.0413729
-0.0374115
0.0263413
-0.0404946
-0.0642840
-0.0586091
-0.0518405
-0.0300906
0.0576850
-0.0061750
-0.0215176
-0.0269442
0.0782917
0.0325963
-0.0345099
-0.0251151
-0.0062467
-0.0703300
0.0008447
-0.0619177
-0.0340598
0.0284339
0.0030608
-0.0022017
0.0953249
0.0161399
0.0900355
-0.0503118
-0.0569296
-0.0093930
-0.1049970
0.0140729
-0.0178498
-0.0239279
0.0461110
0.0114159
0.0464414
-0.0010555
0.0288611
0.0638814
-0.0582601
-0.0000790
0.0045827
0.0216789
-0.0016004
-0.0269102
0.0141877
0.0139451
-0.0518936
-0.0012977
0.0481414
-0.0230696
0.0421072
0.0276365
-0.0588588
-0.0276489
-0.0458808
-0.0138308
-0.0102370
-0.0379021
0.0303544
-0.0027524
-0.0259332
0.0084602
0.0583614
0.0019045
-0.0262009
-0.0279829
-0.0244925
-0.0459631
-0.0168368
0.0332163
0.0210296
0.0435230
0.0446122
-0.0493761
-0.0375333
0.0482987
-0.0590016
-0.0017584
-0.0086415
0.0094464
-0.0544771
0.0565915
-0.0487035
0.0114378
0.0557309
-0.0545298
-0.0561841
-0.0028169
-0.0603229
-0.0007016
0.0465780
-0.0265624
-0.0038389
-0.0240564
-0.0067511
0.0298270
-0.0611056
0.0297006
0.0009633
0.0510325
-0.0448375
-0.0004932
0.0554932
0.0521656
0.0305073
-0.0266019
0.0288985
-0.0433124
-0.0000465
-0.0432231
-0.0770770
0.0219821
-0.0056380
-0.0201911
-0.0340326
0.0354626
0.0073148
-0.0263588
-0.0170638
0.0829988
0.0262877
-0.0344528
-0.0398334
-0.0233947
-0.0155523
-0.1841050
-0.1216703
-0.1999879
-0.0497718
0.2736031
0.3537122
0.3300634
0.0800020
-0.2138377
-0.3194784
-0.2239863
-0.1011439
0.0612353
0.0600229
0.0821105
-0.0057457
0.0951938
-0.0049959
0.0275108
0.0011206
-0.0270129
0.0415139
0.0421611
0.0468278
-0.0068524
0.0031800
-0.0166245
-0.0320699
0.0062675
-0.0179715
-0.0514721
0.0011157
0.0469397
-0.0201549
-0.0355124
-0.0134502
-0.0115779
-0.0607075
-0.0476863
-0.0143967
-0.0110148
-0.0269001
-0.0369567
0.0539656
-0.0394053
0.0241960
-0.0430094
-0.0052790
-0.0322173
-0.0556391
0.0200312
0.0156878
0.0345418
-0.0345453
-0.0166341
0.0218396
-0.0121797
-0.0297145
-0.0069317
0.0177138
-0.0667492
0.0313484
-0.0322320
0.0354835
0.0098567
-0.0383827
0.0154748
0.0363758
-0.0326474
0.0226281
0.0002238
0.0303786
0.0219051
-0.0655898
-0.0501981
0.0107744
-0.0221539
0.0302051
0.0314601
-0.0316615
-0.0528054
0.0059225
0.0000234
-0.0060776
0.0368770
0.0547537
0.0250679
-0.0449530
-0.0416453
0.0606716
-0.0573675
0.0556674
0.0198806
0.0418496
0.0180950
0.0562409
-0.0473072
-0.0537320
-0.0364482
-0.0145343
-0.0274011
-0.0255346
0.0601904
-0.0118177
-0.0619732
0.0025779
0.0467369
-0.0517774
0.0439989
-0.0429285
-0.0308152
-0.0560986
-0.0138498
0.0023301
0.0024798
0.0375429
-0.0113944
0.0192558
0.0184153
0.0213986
-0.0503604
-0.0101634
-0.0208280
-0.0453505
-0.0470472
-0.0355648
-0.0124559
-0.0164531
0.0444626
0.0028613
-0.0080797
-0.0179516
-0.0588725
0.0068195
0.0610384
-0.0243683
0.0655722
-0.0195865
0.0031526
0.0314416
0.0075342
-0.0375333
-0.0576057
-0.0091795
-0.0372719
-0.0550595
-0.0501208
-0.0055530
-0.0341393
0.0005113
0.0137863
-0.0477735
-0.0107043
0.0266592
0.0466306
0.0731872
0.0792970
-0.0083944
0.0191779
-0.0349024
-0.0131880
-0.0153734
-0.0536898
-0.1447292
-0.1430159
-0.0367404
0.0530518
0.2925575
0.3652791
0.1711985
-0.0170175
-0.2212876
-0.2401395
-0.1050086
-0.0685833
-0.0009389
0.0443157
0.0497009
0.0382160
0.0442901
0.0108892
0.0370930
-0.0279655
-0.0403806
0.0395963
0.0473396
-0.0796981
0.0094396
-0.0653022
0.0025382
0.0583436
-0.0612574
-0.0408990
-0.0437234
0.0336581
0.0564757
-0.0508668
0.0521991
-0.0107322
-0.0132172
0.0125773
-0.0353780
0.0140867
-0.0187948
-0.0244794
0.0403817
0.0204255
0.0017583
-0.0324960
-0.0462705
-0.0476069
-0.0021205
-0.0177306
-0.0242711
-0.0431009
0.0573307
-0.0175949
0.0058423
-0.0004025
-0.0196885
-0.0417530
-0.0362443
-0.0040376
-0.0481021
0.0072499
-0.0275504
-0.0534748
-0.0453576
0.0450993
-0.0599833
-0.0009846
0.0525541
0.0469566
-0.0304784
-0.0626797
-0.0669785
0.0199936
-0.0306549
-0.0237884
-0.0456801
-0.0116571
-0.0538589
-0.0065371
0.0472548
-0.0492212
-0.0366411
-0.0520292
-0.0127673
-0.0354321
-0.0574243
0.0451071
-0.0604083
-0.0128298
-0.0399455
-0.0460496
0.0152268
-0.0131063
-0.0389450
-0.0303540
-0.0211504
0.0063666
-0.0314875
-0.0029637
-0.0211858
0.0358614
-0.0302579
-0.0482499
-0.0549522
-0.0138089
0.0063612
0.0509334
0.0146086
0.0410490
-0.0174373
-0.0364559
0.0358752
-0.0523985
0.0469094
-0.0032294
0.0257234
0.0149732
-0.0469796
0.0271110
-0.0252954
0.0387939
0.0555384
0.0102269
-0.0199684
0.0247754
-0.0255077
-0.0559751
0.0455652
-0.0322447
-0.0025294
0.0299222
-0.0067759
0.0285654
0.0046258
0.0181483
0.0531237
0.0455619
0.0493528
-0.0035878
-0.0199876
-0.0091366
-0.0798891
0.0449849
0.0033744
0.0553186
-0.0179375
-0.0118624
0.0194966
0.0750071
-0.0109826
0.0819427
0.0910948
0.0492932
0.0283480
-0.0770474
-0.0940398
-0.0663220
-0.1465621
-0.0833869
-0.0585370
0.1062373
0.3467782
0.3034842
0.0860420
-0.0918688
-0.2403322
-0.2264786
-0.1030079
0.0026227
0.0766541
0.0338342
0.0304686
0.0230333
0.0149649
-0.0072081
0.0145178
0.0111465
-0.0244358
-0.0094705
0.0130449
-0.0612019
-0.0399009
-0.0257715
0.0154823
-0.0376830
-0.0084249
0.0168688
0.0518076
0.0018040
0.0138867
0.0580733
0.0363142
-0.0045866
-0.0379862
0.0193747
0.0331948
0.0184399
0.0210569
-0.0383078
0.0578521
-0.0004152
-0.0363808
0.0207587
0.0563259
-0.0121452
-0.0623067
0.0012128
0.0127860
0.0606646
0.0457271
-0.0307051
0.0583259
0.0185029
-0.0477091
-0.0152186
0.0054811
-0.0612691
0.0216992
-0.0496659
-0.0434863
0.0428105
0.0118917
-0.0139227
0.0605545
0.0073994
-0.0395940
0.0045526
-0.0087158
0.0021083
-0.0336832
-0.0170489
0.0486110
0.0029592
-0.0402309
-0.0228975
-0.0331129
0.0312947
0.0320029
0.0008481
-0.0504085
0.0355385
-0.0016804
0.0469158
0.0374042
0.0008721
-0.0048699
-0.0098445
0.0004350
0.0649324
-0.0148522
0.0307485
-0.0307611
-0.0372069
-0.0077564
-0.0304587
0.0523553
-0.0095466
0.0368832
0.0426632
0.0035151
-0.0522868
-0.0385725
0.0030604
-0.0625934
0.0528822
0.0514499
-0.0455262
-0.0469926
0.0238371
-0.0230981
-0.0346971
-0.0316536
-0.0266233
0.0384223
0.0419618
-0.0447769
-0.0548303
-0.0173295
0.0324381
-0.0176781
-0.0523791
-0.0102135
-0.0087034
0.0580113
-0.0530515
-0.0203490
0.0244888
0.0054213
0.0647856
-0.0033115
-0.0464963
-0.0396049
0.0277947
-0.0605573
0.0483161
-0.0085977
-0.0243895
-0.0168235
0.0210758
-0.0190997
0.0354649
-0.0083504
-0.0353829
-0.0269956
-0.0308305
-0.0182367
-0.0451496
-0.0388726
0.0008677
0.0265788
-0.1147554
-0.0603834
-0.0598152
-0.0871780
0.0591332
0.1144016
0.1150414
0.0717483
0.0250590
-0.0638101
-0.2001322
-0.1424227
-0.0208447
-0.0191629
0.0820534
0.0392910
0.0771970
-0.0194695
-0.0031247
-0.0212536
-0.0399257
-0.0014127
-0.0405913
-0.0532667
0.0407620
-0.0182623
0.0167474
-0.0221031
0.0149818
0.0150550
-0.0174356
0.0241505
-0.0139454
0.0403907
0.0248124
0.0477599
0.0287370
-0.0342318
-0.0556471
-0.0643098
-0.0621316
-0.0002908
-0.0008623
0.0023567
-0.0048562
0.0174091
-0.0585095
-0.0145473
0.0496699
-0.0418389
-0.0131414
0.0098169
0.0520784
-0.0233527
-0.0023710
-0.0252826
-0.0160705
-0.0074764
-0.0035342
-0.0474427
-0.0215721
-0.0154838
0.0493030
-0.0223804
0.0511562
-0.0070413
0.0643375
0.0003104
0.0255808
0.0435148
-0.0550999
0.0016965
0.0455480
-0.0283018
0.0080483
0.0172961
-0.0626620
-0.0239213
-0.0702971
0.0039680
-0.0396810
0.0896878
0.0351025
0.0283476
0.0332148
-0.0091915
-0.0159841
-0.0696683
-0.0317308
0.0052635
-0.0419918
-0.0420560
-0.0222031
0.0353565
0.0591147
0.0139734
-0.0020448
0.0048169
-0.0207547
0.0294200
-0.0568535
-0.0478151
0.0206586
0.0471324
0.0055048
-0.0631281
0.0410582
0.0563933
0.0435349
0.0459443
-0.0374037
-0.0135876
0.0404833
-0.0566060
-0.0437501
-0.0343516
-0.0227618
0.0008265
0.0471625
0.0007526
-0.0557045
0.0399872
0.0040742
0.0020062
0.0235135
-0.0008449
0.0461664
0.0220955
0.0426392
0.0139364
0.0403343
0.0418384
0.0262023
-0.0385338
-0.0015354
0.0360904
0.0253225
0.0506161
-0.0019770
-0.0674971
-0.0399521
-0.0014059
-0.0149222
-0.0328421
-0.0369339
-0.0003184
0.0321608
0.0600040
0.0544317
0.0905911
0.0180727
0.0098896
0.0153142
-0.0261574
-0.0184240
-0.0148168
-0.0856312
-0.1189671
-0.1197254
-0.0918929
-0.0724312
-0.0677296
0.0924317
0.2745624
0.2707519
0.2106579
-0.0257419
-0.2339271
-0.2974428
-0.1635897
-0.1299957
-0.0194423
0.0679984
0.0103704
0.0343278
0.0925627
0.0171235
0.0091448
0.0589999
0.0478109
-0.0362286
-0.0168116
0.0093458
0.0305463
-0.0233607
0.0070879
-0.0409148
-0.0518916
0.0349582
0.0111332
-0.0286041
-0.0056491
0.0425835
-0.0454750
-0.0552295
-0.0365287
-0.0387473
0.0266555
-0.0430959
-0.0589188
0.0101372
-0.0123554
-0.0127335
-0.0347738
-0.0298176
-0.0337848
0.0599414
0.0167099
-0.0562622
-0.0482005
-0.0428361
0.0412658
0.0374294
0.0250273
-0.0127236
-0.0462648
0.0575187
-0.0181172
0.0212400
-0.0525548
0.0157415
0.0303388
0.0345891
-0.0351149
0.0174513
0.0150867
-0.0410047
0.0233207
0.0307614
0.0093866
-0.0074127
-0.0393509
-0.0199874
-0.0572229
0.0214749
-0.0473576
0.0459605
0.0392809
-0.0456863
0.0025008
-0.0069182
-0.0326964
-0.0426807
0.0204968
0.0010604
-0.0311544
-0.0119705
0.0004671
-0.0228028
0.0521761
-0.0218059
0.0306489
0.0524606
-0.0419057
-0.0237145
0.0390050
-0.0359803
0.0120932
0.0252700
-0.0133183
-0.0453741
0.0102036
-0.0197764
0.0437439
-0.0474384
-0.0236501
-0.0600497
0.0096776
0.0382403
-0.0120517
-0.0351065
-0.0148939
0.0568851
0.0510373
0.0088194
0.0223187
-0.0485050
-0.0230260
-0.0507468
0.0484558
-0.0104536
0.0061760
0.0306129
0.0100289
-0.0576397
0.0264568
0.0490189
-0.0356185
0.0088181
0.0187482
-0.0194327
-0.0457611
0.0204283
0.0267268
-0.0240546
-0.0300960
-0.0404311
0.0127680
-0.0594922
-0.0757178
0.0413395
0.0036458
-0.0475597
0.0418523
-0.0528212
-0.0149650
-0.0148456
-0.0286801
0.0021600
-0.0102625
0.0392287
0.0127078
0.0468719
-0.0277099
-0.0731960
-0.0754456
-0.0511683
-0.1023072
0.0353744
0.1239540
0.1195485
0.1329734
0.0857218
-0.0913104
-0.1965764
-0.1666570
-0.1344597
-0.0208002
-0.0014192
0.1063101
0.0074440
0.0320551
