0.0160141
-0.0797779
-0.1300267
-0.1719398
-0.1317336
-0.1117122
-0.0309234
-0.0075407
0.0007463
0.0366858
0.0706843
0.0876925
0.0334501
0.0158044
0.0118348
0.0415684
-0.0151151
-0.0343825
-0.0838933
-0.0856285
-0.0453800
0.0301394
0.0177964
-0.0403537
0.0238975
-0.0348389
0.0031040
-0.0497962
-0.0305056
0.0033146
0.0338888
-0.0574349
-0.0070060
0.0323533
0.0206836
0.0637397
0.0400572
-0.0303252
-0.0462691
0.0360847
0.0388304
-0.0115191
-0.0016041
0.0137842
-0.0045055
0.0084126
0.0445817
-0.0300970
-0.0293310
-0.0282030
0.0216179
-0.0350055
0.0523206
-0.0408837
-0.0289660
0.0247626
0.0328703
-0.0306072
-0.0124686
0.0254306
0.0579404
-0.0034321
-0.0041484
0.0449490
0.0396466
0.0270160
0.0050898
-0.0154690
0.0560681
0.0125857
-0.0638640
0.0125308
0.0577786
0.0569765
0.0375547
0.0308794
0.0260657
0.0319092
-0.0158650
0.0417732
-0.0356407
0.0294754
0.0519887
0.0239323
0.0378533
0.0013817
0.0471942
0.0195336
-0.0340534
0.0146332
-0.0478009
-0.0602403
0.0035125
-0.0307940
0.0550833
0.0225895
0.0130144
0.0369514
-0.0252961
0.0145373
-0.0653397
-0.0262174
-0.0066414
-0.0182095
0.0438330
-0.0330031
0.0425803
0.0297910
0.0470788
0.0340641
0.0246541
0.0499465
-0.0076631
-0.0157268
-0.0079452
0.0066470
-0.0508088
0.0566118
0.0407758
0.0357480
0.0611617
-0.0335830
-0.0396133
-0.0318244
-0.0679104
-0.0673691
-0.0484515
-0.0365170
-0.0436816
-0.0283580
-0.0324767
-0.0477055
-0.0242255
-0.0597226
0.0021476
-0.0058299
-0.0224522
0.0573604
-0.0528921
0.0367161
-0.0569874
-0.0494413
0.0546094
0.0577913
-0.0387180
0.0275659
0.0026582
-0.0169671
-0.0197984
-0.0518335
-0.0301390
0.0617512
0.0351257
-0.0442191
0.0349945
-0.0594026
-0.0173739
-0.0485815
0.0259488
0.0217863
-0.0031951
-0.0029843
-0.0017407
0.0476031
0.0576624
0.0169745
-0.0497342
-0.0081474
0.0565283
0.0615904
0.0406432
-0.0352425
0.0554358
0.0496018
0.0457514
-0.0166996
-0.0066029
0.0043185
0.0234605
-0.0430504
0.0098801
-0.0156574
-0.0526310
0.0458303
0.0256545
0.0304403
-0.0227219
-0.0602550
0.0174563
0.0046812
0.0591108
0.0089650
-0.0534393
0.0587503
0.0520854
0.0176570
0.0141536
-0.0242500
0.0076573
-0.0539460
0.0642189
0.0419925
-0.0182485
0.0324045
0.0218536
0.0066497
0.0594130
0.0104227
0.0363606
0.0568027
-0.0003443
0.0615724
0.0198245
0.0197626
0.0409237
0.0102862
0.0025295
-0.0249537
-0.0581449
-0.0112693
-0.0030169
-0.0561264
0.0035514
0.0093694
-0.0193693
0.0078088
0.0570474
-0.0090929
-0.0575442
0.0578945
0.0533246
-0.0340816
-0.0209342
0.0607979
-0.0405299
-0.0352660
0.0069336
0.0319761
-0.0052555
-0.0161658
0.0423484
0.0161688
-0.0058790
-0.0568644
-0.0227073
-0.0455242
-0.0404624
-0.0325911
-0.0131307
-0.0229663
0.0110601
0.0593906
-0.0324373
-0.0066090
0.0065092
0.0426932
-0.0500188
-0.0113747
-0.0607983
0.0043331
-0.0615962
0.0375206
-0.0497092
0.0307052
-0.0472300
-0.0269509
0.0095690
-0.0041784
0.0605793
0.0145226
0.0304132
-0.0262990
-0.0029213
-0.0257207
0.0052390
-0.0014817
-0.0812295
-0.0556818
-0.0652516
-0.0058622
-0.0273393
0.0374241
0.0191663
0.0594182
0.1196882
0.0254456
-0.0297144
0.0665913
0.0524908
-0.0218760
-0.1066900
-0.2429421
-0.2783384
-0.0736230
0.0876692
0.2571398
0.2133643
0.1553291
0.0244648
0.0064503
-0.0822668
-0.1118453
-0.1158718
-0.0649191
-0.0163263
-0.0324578
-0.0131077
0.0283881
0.0145124
0.0901009
0.0289546
0.0154492
0.0949289
0.0315845
0.0231702
0.0525117
0.0344951
0.0187369
0.0257608
0.0278470
0.0107979
-0.0706425
-0.0133554
0.0166829
-0.0068305
0.0701365
0.0264015
0.0793319
-0.0105504
-0.0118928
-0.0416652
-0.0068825
-0.0727279
-0.0742151
0.0099353
-0.0505676
0.0155762
0.0573475
0.0521388
-0.0240088
0.0316017
-0.0406758
0.0468976
-0.0205112
0.0038242
-0.0374373
-0.0430902
-0.0539000
-0.0046546
-0.0178432
0.0312010
0.0335242
-0.0122911
-0.0383789
-0.0512079
-0.0028663
-0.0296045
0.0193921
0.0309002
0.0243484
-0.0629308
-0.0375538
-0.0327986
-0.0214283
-0.0393111
0.0142989
0.0156058
0.0027520
-0.0147477
-0.0434725
-0.0542415
0.0390238
-0.0073161
-0.0112904
-0.0492161
-0.0306345
0.0388088
-0.0380439
-0.0533288
-0.0076674
-0.0252378
-0.0592137
-0.0043513
-0.0323104
-0.0211058
0.0371357
0.0283821
0.0445816
-0.0439294
0.0650221
0.0606672
-0.0157625
0.0631950
-0.0582061
0.0403782
-0.0114960
-0.0012031
-0.0123108
0.0209271
-0.0034152
0.0471576
-0.0287969
0.0279101
0.0475852
0.0142970
0.0328828
0.0028019
-0.0437581
-0.0117008
0.0316414
0.0429183
0.0077529
-0.0275172
-0.0363087
0.0059238
0.0065226
0.0397248
-0.0058160
-0.0017473
0.0033827
-0.0457244
0.0509227
0.0052637
-0.0289694
-0.0300660
0.0397993
0.0130525
-0.0134226
-0.0378700
-0.0011118
-0.0590930
-0.0699495
-0.0610488
-0.0169678
-0.0113809
-0.0308601
0.0002000
-0.0339803
0.0543446
-0.0068854
-0.0480329
0.0231414
0.0007612
0.0047543
-0.0461661
0.0134397
0.0207736
-0.0027304
0.0083771
-0.0391013
-0.0407185
-0.0461340
0.0047389
-0.0220686
0.0182015
0.0121041
-0.0220437
0.0171724
0.0153107
-0.0399277
-0.0055173
0.0525610
0.0293898
0.0486296
-0.0236079
-0.0230603
0.0441160
0.0291702
0.0175886
0.0453506
-0.0067844
-0.0201392
-0.0621656
-0.0461266
0.0012719
-0.0316885
0.0586252
0.0130435
-0.0509597
-0.0378059
-0.0513564
-0.0572610
-0.0366330
-0.0124430
0.0353045
-0.0519139
0.0625537
0.0255312
0.0278224
-0.0233162
0.0031617
0.0440219
-0.0563940
-0.0124981
-0.0609970
0.0135052
0.0280126
-0.0211505
0.0627297
-0.0037914
-0.0294834
-0.0566635
0.0473442
0.0168950
0.0041451
-0.0312931
0.0416810
0.0532529
-0.0034840
-0.0290310
0.0224422
0.0211590
-0.0574458
-0.0102222
-0.0121331
-0.0067518
0.0173909
-0.0230493
-0.0577955
0.0483058
0.0396940
0.0209645
-0.0287839
-0.0588277
-0.0430605
0.0378547
-0.0080194
0.0463448
0.0519541
-0.0298042
0.0389481
0.0312755
0.0569946
-0.0622470
-0.0638275
-0.0602377
0.0078449
0.0255088
-0.0641418
-0.0268333
0.0407308
-0.0188950
0.0324931
-0.0434137
-0.0586635
0.0008664
-0.0279052
-0.0110051
-0.0599150
-0.0487672
-0.0554331
-0.0622651
0.0348902
-0.0250041
-0.0249770
0.0346509
-0.0639805
0.0505774
0.0485137
0.0188155
0.0036389
-0.0184968
0.0054589
0.0483728
0.0084847
-0.0233759
0.0297628
0.0301428
0.0136680
0.0350763
0.0382032
-0.0383876
0.0368175
0.0393478
0.0047948
-0.0217904
-0.0018972
-0.0072888
0.0090195
0.0537920
-0.0094911
-0.0268710
-0.0297352
-0.0264285
-0.0232052
-0.1157955
-0.0191040
-0.0039878
-0.0283896
-0.0311249
0.0812180
0.0382424
0.0535605
0.0659270
0.0641687
0.0668687
0.0607023
-0.0547900
0.0300375
-0.1582697
-0.2156740
-0.2962387
-0.0714114
0.0289033
0.2436993
0.2352303
0.1532040
0.0810091
0.0175936
0.0248357
0.0126625
-0.0704149
-0.0433928
-0.0952739
-0.0679690
-0.0692971
-0.0147439
-0.0246161
-0.0217718
0.0808021
0.0621247
0.0706152
0.0584832
-0.0124554
-0.0404660
0.0191958
-0.0538878
0.0170398
0.0273536
0.0306623
-0.0549816
-0.0550931
-0.0345514
0.0519559
-0.0239427
0.0050333
0.0297539
-0.0078954
0.0489610
0.0461310
-0.0117070
-0.0546605
-0.0405609
0.0006205
-0.0007294
-0.0428888
-0.0287609
-0.0346097
0.0473490
0.0661028
0.0526299
0.0243772
0.0425878
0.0226773
0.0314355
-0.0717869
-0.0340324
-0.0625221
-0.0330963
-0.0592847
-0.0522507
0.0068895
0.0190518
0.0396293
0.0141638
-0.0321153
-0.0474457
-0.0092932
0.0503492
0.0429822
-0.0506230
-0.0149024
0.0228317
-0.0647315
-0.0430093
-0.0335757
-0.0499384
0.0003804
0.0029686
0.0255289
0.0317472
-0.0312605
-0.0547409
-0.0267693
-0.0123590
-0.0431798
0.0302759
0.0315661
0.0156200
0.0068349
0.0318084
-0.0088413
-0.0295607
0.0364924
0.0534453
0.0565164
0.0137535
0.0388743
0.0134614
-0.0458818
0.0013904
0.0102483
0.0213265
0.0389405
0.0141485
-0.0410472
-0.0088632
0.0610419
-0.0129256
0.0446091
0.0556440
-0.0297075
-0.0320917
0.0249809
0.0507442
0.0437592
-0.0589891
0.0244910
-0.0587033
0.0519485
-0.0549893
0.0411585
-0.0191441
0.0182773
0.0099077
0.0331051
-0.0205116
-0.0375336
-0.0031289
-0.0020596
0.0605580
-0.0410744
0.0229574
-0.0403780
-0.0014684
-0.0368292
-0.0371219
-0.0425107
0.0624355
0.0251823
0.0283351
0.0457626
0.0599665
-0.0084426
-0.0209416
-0.0191257
-0.0065487
0.0198743
0.0071007
-0.0077486
-0.0283896
0.0212939
-0.0427664
-0.0031238
0.0085686
-0.0085725
-0.0080681
0.0301355
0.0545554
0.0401132
-0.0105996
0.0143812
0.0318816
0.0532129
-0.0478358
-0.0602797
0.0189698
0.0319238
0.0530757
0.0319865
0.0272017
-0.0375148
-0.0234009
0.0335646
-0.0420790
-0.0336532
0.0234427
0.0508928
0.0046763
0.0553514
0.0149977
0.0155701
-0.0324727
-0.0281804
-0.0112426
0.0059185
-0.0257709
-0.0179280
-0.0263518
0.0594244
-0.0187848
0.0292777
-0.0567531
0.0032198
-0.0363231
-0.0552361
-0.0475696
0.0272209
-0.0153142
-0.0117173
-0.0141689
-0.0319417
0.0309429
-0.0074255
-0.0527478
0.0522736
0.0569854
-0.0082233
0.0428017
-0.0322928
0.0532316
0.0336363
-0.0292438
-0.0208255
0.0207680
-0.0238456
0.0146890
0.0171319
0.0618080
0.0146251
0.0255033
-0.0264623
-0.0627035
-0.0560833
-0.0183891
0.0231616
-0.0368153
0.0241965
0.0402352
0.0624453
-0.0551213
-0.0325962
0.0513779
-0.0317162
0.0019765
-0.0242485
-0.0210991
0.0411253
0.0473895
0.0438934
-0.0494827
0.0193323
0.0621435
-0.0245334
-0.0277908
-0.0523493
-0.0335035
-0.0410663
-0.0447040
0.0598704
-0.0442674
-0.0131437
-0.0534652
0.0487268
-0.0483801
-0.0326357
-0.0569286
0.0252775
-0.0137978
-0.0509057
0.0394954
-0.0372411
0.0466527
-0.0184320
0.0383969
0.0500053
0.0078942
-0.0220166
-0.0040102
-0.0530734
0.0607706
0.0612675
0.0403782
0.0045612
-0.0087047
-0.0368906
-0.0196616
-0.0091501
0.0591988
-0.0604704
0.0565249
0.0293127
-0.0220907
0.0553701
0.0592372
-0.0165217
-0.0301506
0.0608045
-0.0240015
-0.0502913
-0.0224423
-0.0378923
0.0412166
-0.0540241
-0.0280952
-0.0168653
-0.0519588
-0.0614386
-0.0629568
0.0262278
-0.0268959
-0.0396399
-0.0396233
0.0144164
0.0422977
0.0367617
0.0569935
0.0471121
-0.0102651
0.0171661
0.0478296
-0.0464681
-0.0106299
-0.1068155
-0.0605298
-0.1317499
-0.0636544
-0.0124736
0.0498384
0.0574550
0.0357387
0.0878393
0.0321711
0.0476643
0.0690618
0.0783180
0.0216059
0.0241383
-0.1784089
-0.2143030
-0.2545688
-0.1232180
0.0627078
0.1167741
0.2019678
0.2305899
0.1533998
-0.0415490
-0.0094758
0.0009604
-0.0990069
-0.0816807
-0.0338450
-0.0973712
-0.0616875
0.0345575
0.0684961
-0.0173435
0.0586444
0.0514459
-0.0082957
0.0936926
-0.0145085
0.0614593
-0.0676003
-0.0408530
-0.0146580
0.0131554
-0.0498115
0.0332557
-0.0448855
-0.0534870
0.0614042
-0.0291752
-0.0019403
-0.0044069
0.0651965
-0.0072997
0.0528288
-0.0234015
0.0145334
-0.0349137
-0.0498331
0.0312798
0.0146895
0.0189930
0.0152088
-0.0498897
0.0401593
0.0309216
0.0372327
0.0136642
0.0743647
0.0129936
-0.0097278
-0.0741646
-0.0676942
0.0420528
0.0171344
0.0150128
0.0400935
-0.0240913
0.0232838
-0.0342531
0.0069404
-0.0002207
0.0210390
0.0179572
-0.0429007
-0.0004188
-0.0563011
-0.0315930
0.0374441
0.0215434
-0.0488784
-0.0440051
0.0551269
0.0550914
0.0483099
-0.0302593
-0.0175441
-0.0561760
0.0284158
-0.0528827
-0.0486746
-0.0000040
0.0241592
0.0524694
-0.0012053
-0.0077464
-0.0120400
0.0022236
-0.0171263
0.0408224
0.0048983
0.0121664
0.0474058
-0.0364105
-0.0246210
-0.0606714
0.0429879
-0.0510575
-0.0226343
-0.0389342
-0.0327284
-0.0364599
-0.0351550
0.0394505
0.0120080
-0.0464522
0.0339789
-0.0449228
0.0339257
0.0266769
0.0346012
0.0143322
0.0104157
-0.0543238
-0.0596990
0.0177516
-0.0036826
0.0346011
-0.0621393
0.0285991
-0.0471722
0.0494938
-0.0458949
-0.0508577
-0.0005756
0.0034569
0.0734310
0.0352242
-0.0078847
0.0028446
-0.0227899
-0.0663224
-0.0116746
-0.0750253
0.0473236
0.0378194
-0.0122743
0.0350083
0.0261586
-0.0468982
0.0302075
0.0355766
-0.0264624
-0.0382233
-0.0322126
-0.0484615
0.0405066
-0.0413487
0.0560180
0.0062041
0.0627654
0.0187998
0.0467336
0.0156027
0.0068688
-0.0425000
0.0639296
-0.0353344
-0.0211427
0.0252308
0.0382350
0.0264435
-0.0109366
0.0347622
0.0475049
-0.0630811
0.0215911
0.0256428
-0.0310800
-0.0242441
-0.0296956
0.0586054
0.0269990
0.0430740
0.0101089
0.0556720
0.0003451
-0.0209996
-0.0101678
-0.0333444
-0.0477926
0.0089109
0.0012169
-0.0296145
0.0124876
0.0004505
-0.0161774
0.0196569
0.0066072
0.0342569
-0.0610540
0.0605840
0.0438869
0.0161989
0.0192596
-0.0606088
-0.0297988
-0.0524452
0.0143296
-0.0527392
0.0532760
0.0126116
-0.0208018
-0.0364488
-0.0534490
0.0638575
-0.0543413
-0.0341088
0.0452348
-0.0203084
-0.0581208
0.0480677
0.0397366
-0.0002378
-0.0227522
-0.0036496
0.0579680
0.0187541
-0.0582914
-0.0453263
0.0360229
0.0366111
-0.0590174
0.0329220
-0.0518648
-0.0147860
0.0311535
0.0373226
0.0111000
0.0589163
0.0313163
-0.0593958
0.0342374
0.0387470
0.0465677
0.0250342
0.0462545
-0.0497930
-0.0321103
0.0211201
-0.0128933
-0.0055362
-0.0223395
-0.0094721
0.0211659
-0.0544886
-0.0060019
-0.0572246
-0.0070780
0.0584983
0.0174993
0.0019009
-0.0215035
-0.0296283
-0.0397943
0.0389122
-0.0526279
-0.0437779
0.0589040
0.0023534
0.0480835
-0.0226851
0.0312592
-0.0133466
-0.0728861
-0.0379055
-0.0112819
-0.0480157
0.0215001
0.0586915
0.0423572
-0.0213770
0.0858927
0.0197643
0.0716180
-0.0507778
-0.0507543
-0.0501301
-0.0271542
-0.0544646
-0.0569763
-0.0142836
-0.0221423
0.0040162
0.0693731
0.0352776
0.0346328
0.0421595
0.0518027
0.1063435
0.0722264
-0.0932533
-0.1872157
-0.2592718
-0.1963844
-0.0878473
-0.0172474
0.1519713
0.1692046
0.2456361
0.1189308
0.0891123
0.0119560
-0.1032311
-0.1036587
-0.1099901
-0.0764160
-0.0905457
0.0230469
0.0353472
0.0614938
0.0502547
0.0298332
0.0211280
0.0463103
0.0121278
