-0.0598367
0.0275983
-0.0208622
0.0285970
-0.0500513
-0.0355439
0.0472299
0.0043537
0.0031896
0.0170130
0.0082237
0.0490028
-0.0339875
0.0455196
0.0306918
-0.0037432
0.0433960
-0.0420546
-0.0014959
-0.0588427
0.0438911
-0.0623164
-0.0530178
-0.0503839
-0.0261441
0.0115533
-0.0258498
0.0187968
0.0553275
-0.0552286
-0.0258881
0.0164722
0.0465816
-0.0296974
0.0623660
-0.0316402
-0.0130654
-0.0335635
0.0573324
0.0138150
0.0596856
0.0336985
-0.0218653
0.0256826
0.0397289
-0.0064892
0.0315666
0.0607605
-0.0308879
0.0384791
0.0530034
-0.0158024
-0.0458354
-0.0316603
0.0398499
0.0253458
-0.0170983
0.0343400
-0.0561289
0.0323960
-0.0591365
-0.0596199
0.0040816
-0.0025970
0.0167283
-0.0110798
0.0578032
-0.0226296
-0.0336551
0.0560728
-0.0212367
-0.0175396
-0.0167831
-0.0618271
-0.0536661
0.0000130
0.0579363
0.0269194
0.0472393
-0.0078349
-0.0250752
-0.0216843
-0.0580817
0.0434156
-0.0506279
0.0195004
-0.0277035
-0.0308718
0.0449995
0.0010918
-0.0630230
-0.0117091
-0.0568914
0.0538597
0.0416100
0.0386617
-0.0260835
-0.0285588
0.0407679
0.0006772
0.0612098
-0.0270956
0.0444984
-0.0559229
0.0476163
0.0020918
0.0133912
0.0330021
-0.0099702
-0.0390129
-0.0236128
-0.0096085
0.0614814
0.0785447
0.0056525
0.0945539
0.0235081
-0.0081318
0.0170478
-0.0378163
-0.0494844
-0.0187404
-0.1292245
-0.2048029
-0.2184727
-0.0798395
0.1245877
0.3284022
0.3807551
0.3151630
0.0867137
-0.1345566
-0.2685038
-0.2185204
-0.0221056
0.0025413
0.0620797
0.0734132
0.0865712
0.0742151
0.0671408
0.0826127
-0.0328567
0.0072855
-0.0178069
0.0050759
-0.0360837
-0.0301892
-0.0604485
0.0283701
-0.0686685
0.0115291
0.0489040
-0.0497979
0.0569638
0.0411174
-0.0088247
0.0144333
0.0224158
-0.0547726
-0.0544601
-0.0069856
-0.0095720
0.0294304
0.0306046
0.0193273
0.0305321
0.0124508
-0.0272882
0.0327169
0.0148182
0.0444087
0.0346116
0.0385140
-0.0203013
0.0010774
0.0476451
-0.0236350
-0.0205261
0.0323192
-0.0349819
-0.0406001
0.0664873
0.0580379
-0.0167597
-0.0641197
-0.0701224
-0.0747301
0.0011823
0.0017276
-0.0164104
-0.0206779
-0.0191072
-0.0162997
-0.0543327
-0.0109946
-0.0258661
-0.0203713
-0.0565064
0.0278333
-0.0172629
0.0596008
-0.0361999
0.0526233
0.0532947
0.0159005
0.0002849
0.0263822
0.0266488
-0.0423629
0.0219968
-0.0159588
-0.0057615
0.0291075
-0.0330913
0.0072614
0.0203961
0.0104515
0.0307943
-0.0059554
-0.0036840
-0.0553337
-0.0509455
0.0540008
0.0201349
-0.0262065
-0.0435466
0.0009146
0.0364596
-0.0383082
0.0030023
0.0080400
-0.0033849
0.0050949
0.0444946
0.0603268
-0.0114157
-0.0057687
0.0560459
0.0009597
0.0448654
0.0196206
0.0472966
-0.0195472
-0.0343835
-0.0160842
0.0086569
0.0084205
0.0530739
0.0233417
0.0189655
0.0202602
0.0519172
-0.0542548
0.0207306
0.0188056
0.0495873
-0.0145201
-0.0213200
-0.0273483
0.0407005
0.0532668
0.0189795
-0.0446917
0.0278343
-0.0390785
-0.0507541
-0.0287492
-0.0416389
0.0510101
0.0119915
-0.0305426
-0.0325094
-0.0369992
-0.0301445
0.0341283
-0.0346117
-0.0611297
-0.0426262
0.0407552
-0.0442337
0.0314738
-0.0077986
-0.0120347
-0.0003035
-0.0264279
0.0065750
0.0770366
-0.0325243
-0.0411811
-0.0307940
0.0165635
-0.0173995
0.0160894
0.0333522
0.0112245
0.0357415
0.0082428
0.0701164
-0.0149763
0.0499960
0.0088182
0.0497083
-0.0278735
0.0498129
-0.0569736
-0.0509672
0.0409851
0.0317205
-0.0529782
-0.0226404
-0.0378790
-0.0312997
-0.0464072
-0.0565429
0.0394631
-0.0275761
0.0513284
0.0194048
0.0491205
-0.0184014
-0.0071833
0.0013880
-0.0331110
0.0081188
-0.0030653
0.0435371
-0.0413207
0.0187483
-0.0281121
0.0361486
-0.0345150
0.0194439
0.0613843
0.0510947
-0.0222123
0.0357903
0.0535791
0.0573125
-0.0108145
0.0545765
0.0272689
-0.0203286
-0.0749836
-0.0778312
-0.0301526
0.0333133
-0.0495312
0.0684984
0.0680282
-0.0117886
0.0752497
0.0801528
0.0255162
0.0166119
0.0432302
-0.0598207
-0.0495337
-0.0563094
-0.1005782
-0.1474024
-0.1171626
0.0623330
0.2006332
0.2918427
0.2855656
0.0581819
-0.1236155
-0.2266409
-0.1530889
-0.1358718
-0.0104943
0.0003639
0.0850028
0.0078266
0.0723693
0.0520689
0.0475130
0.0147666
-0.0343748
0.0401535
-0.0120758
-0.0135665
0.0158041
-0.0094689
-0.0350884
0.0104177
0.0430182
0.0036415
0.0466876
0.0619316
0.0231747
0.0404185
0.0083403
-0.0420369
-0.0484058
0.0382422
0.0290525
-0.0137114
-0.0147678
-0.0232800
0.0560983
0.0414642
0.0296487
-0.0236961
-0.0005959
-0.0490159
0.0290235
-0.0048172
-0.0547434
0.0010665
0.0435676
-0.0016241
0.0487909
0.0633173
-0.0507756
0.0532690
0.0209191
-0.0489068
0.0444414
0.0048334
0.0502337
-0.0009988
-0.0538665
0.0031236
-0.0244744
0.0125230
0.0669647
0.0513542
-0.0303551
0.0447421
-0.0588249
-0.0298946
-0.0005555
0.0510083
-0.0541674
-0.0204996
-0.0061810
0.0545297
0.0510330
-0.0560313
0.0401935
0.0573004
0.0531608
-0.0276845
-0.0583204
-0.0413092
-0.0423643
-0.0181664
-0.0423773
0.0398402
-0.0460338
0.0474098
0.0139212
-0.0219499
0.0338431
-0.0210824
0.0005948
0.0458791
-0.0262015
0.0100078
0.0577893
0.0358244
0.0173439
-0.0506671
0.0385620
0.0085782
0.0372852
0.0266021
0.0629046
0.0271006
-0.0047549
0.0318678
0.0096812
-0.0141350
0.0361768
-0.0316241
-0.0369261
0.0040862
-0.0382054
0.0013120
-0.0460610
0.0379609
0.0361127
-0.0517487
-0.0178523
0.0169927
-0.0203711
0.0460239
0.0351950
-0.0365757
0.0500765
0.0557700
0.0258375
-0.0339406
0.0037540
0.0220301
-0.0598645
-0.0568919
-0.0352555
-0.0207898
-0.0436044
0.0402899
0.0541105
-0.0328542
-0.0304456
0.0421469
0.0455091
0.0131985
0.0076697
-0.0152797
-0.0365895
-0.0553906
-0.0354331
0.0420568
0.0435664
0.0476060
0.0049923
-0.0499588
-0.0475742
0.0065366
0.0583408
0.0495305
0.0065749
0.0318993
-0.0166732
0.0269060
-0.0182520
-0.0592955
0.0075980
0.0437273
-0.0063600
0.0435776
-0.0599867
0.0536065
0.0280918
-0.0167267
0.0560772
0.0632053
0.0113326
-0.0365898
-0.0612601
0.0573439
-0.0511788
-0.0004646
0.0547364
0.0134762
0.0087936
0.0452496
0.0308910
-0.0454270
-0.0328532
-0.0582063
-0.0100558
-0.0294699
0.0506638
0.0486793
0.0535950
0.0358837
0.0271276
0.0159983
0.0429226
0.0073439
-0.0147541
0.0554764
-0.0214768
-0.0098120
0.0164816
-0.0397719
-0.0416571
-0.0138105
0.0167227
0.0647088
0.0296206
0.0477354
0.0379898
-0.0386302
-0.0169547
-0.0043400
-0.0091553
-0.0335665
-0.0571232
0.0159285
-0.0037382
0.0530864
0.0769039
0.0099563
0.0089277
0.0884784
-0.0092732
0.0124473
-0.0262300
-0.1384207
-0.0901578
-0.1086934
-0.1344653
-0.1143467
0.1814624
0.3438179
0.4362143
0.3043465
-0.0150756
-0.3272975
-0.3683944
-0.2240518
-0.0727645
0.1218753
0.0979071
0.0520491
0.0834038
0.1084017
0.0587708
0.0058195
-0.0269718
0.0265644
-0.0300938
-0.0731191
-0.0517522
-0.0068665
-0.0398628
0.0395016
-0.0428065
0.0598928
-0.0501604
-0.0362604
0.0426815
0.0021597
0.0283794
-0.0339068
-0.0521632
-0.0336808
0.0531534
-0.0343107
0.0193623
-0.0352689
0.0424457
-0.0132043
-0.0271425
-0.0594853
-0.0514161
0.0636454
0.0261463
-0.0344702
0.0190903
0.0512066
0.0481257
0.0240472
0.0142641
0.0334783
-0.0447944
0.0521488
0.0187148
-0.0199042
-0.0209089
-0.0329886
0.0520987
0.0671398
0.0098296
-0.0587104
0.0035686
-0.0349750
-0.0188749
0.0161233
-0.0460840
-0.0417371
0.0672466
0.0240119
-0.0327667
0.0045927
0.0180562
-0.0497901
0.0527892
0.0173256
0.0512688
0.0232382
0.0484572
-0.0245239
-0.0297304
-0.0493708
-0.0052216
0.0587145
0.0511687
-0.0191937
0.0585581
-0.0356835
0.0095012
0.0115043
0.0253386
-0.0466883
-0.0631662
0.0003687
-0.0107059
0.0196800
-0.0193566
-0.0613229
0.0524681
-0.0324549
-0.0150689
0.0228508
-0.0260511
-0.0529827
0.0102466
0.0396859
-0.0180691
0.0236754
-0.0505550
-0.0349466
0.0150266
0.0513794
-0.0208533
0.0190931
-0.0248140
-0.0106769
-0.0584252
-0.0037670
-0.0052325
0.0454023
0.0358933
0.0280846
0.0139535
-0.0478368
-0.0078856
-0.0555700
-0.0432042
-0.0158244
0.0500828
-0.0461527
0.0195910
0.0277118
-0.0608705
0.0345996
-0.0245294
0.0451976
-0.0580741
0.0107312
0.0141045
0.0288249
0.0585590
-0.0203691
-0.0378439
0.0285641
-0.0409163
-0.0404507
-0.0345282
-0.0318545
0.0141700
-0.0461649
0.0257858
0.0232122
0.0267841
-0.0066164
0.0454471
0.0494221
-0.0075496
0.0462429
-0.0090957
-0.0553573
0.0200998
-0.0250746
-0.0094816
-0.0387713
-0.0577475
0.0208101
-0.0499203
-0.0413313
-0.0430875
0.0525340
0.0021307
0.0390241
-0.0063251
-0.0469394
0.0635291
0.0038014
-0.0416503
0.0036100
-0.0225556
-0.0522486
0.0099600
-0.0454727
-0.0594144
-0.0460758
-0.0236328
0.0195976
0.0588089
0.0472600
0.0227272
-0.0189221
0.0920158
0.0564648
-0.0523734
-0.0676404
-0.0466795
-0.0445864
-0.0763623
-0.1376767
-0.1181430
-0.0222948
0.1916587
0.3674495
0.3167378
0.1001641
-0.1772999
-0.2679848
-0.2092169
-0.1327943
0.0676218
0.0638827
0.1025548
0.0341985
0.0650764
0.0958330
0.0272089
0.0261591
0.0370521
-0.0210731
-0.0316417
-0.0785090
-0.0621618
-0.0435626
0.0030570
0.0513624
0.0077996
0.0569820
0.0282367
-0.0042633
-0.0128383
0.0066767
0.0497752
-0.0031130
0.0274717
0.0418226
-0.0223076
0.0542617
-0.0086572
-0.0245216
-0.0467778
0.0130145
-0.0649126
-0.0359852
-0.0354586
0.0118687
-0.0392249
0.0298059
-0.0066024
0.0226670
0.0508457
-0.0379038
0.0366355
-0.0323288
-0.0031211
0.0113564
0.0153517
-0.0335633
0.0266424
0.0213236
-0.0459276
0.0761259
-0.0225485
-0.0489799
0.0456974
-0.0608814
0.0307247
0.0166869
0.0262233
0.0121876
0.0053064
-0.0531467
-0.0390954
0.0204338
-0.0061879
0.0347201
0.0152349
-0.0516477
0.0152545
-0.0123588
-0.0008013
-0.0295990
-0.0603118
-0.0532048
0.0520233
-0.0109044
0.0313216
-0.0527600
-0.0213036
0.0216843
0.0319705
-0.0527541
0.0043755
-0.0524527
-0.0415911
-0.0246011
-0.0170224
0.0395847
0.0061529
0.0040429
-0.0205982
-0.0430247
-0.0488392
-0.0219654
-0.0493440
-0.0251546
0.0531026
-0.0056637
-0.0054404
-0.0543695
0.0150451
0.0315947
0.0451080
-0.0636617
-0.0133599
0.0281956
0.0326428
0.0405212
0.0101966
-0.0505260
-0.0156901
0.0036510
0.0245832
0.0589906
0.0241165
0.0093781
-0.0430800
0.0005266
0.0158361
-0.0051647
0.0066093
0.0296990
0.0538961
-0.0169052
-0.0523309
-0.0347150
0.0594768
0.0129363
0.0127789
0.0200053
-0.0530936
0.0135113
0.0199392
0.0384059
-0.0370475
-0.0360306
0.0191214
0.0238857
-0.0271484
0.0193591
0.0145373
-0.0515851
0.0667038
-0.0103659
0.0400308
-0.0474398
0.0090675
0.0299802
-0.0327572
0.0008046
-0.0123721
-0.0558232
-0.0271984
-0.0404006
-0.0323076
0.0403372
-0.0557231
-0.0392374
0.0222502
0.0704369
0.0247432
0.0873455
-0.0082424
0.0729060
0.0232826
-0.0168190
-0.0800567
-0.1029515
-0.1869473
-0.1563917
-0.0318323
0.1647822
0.3488900
0.4086774
0.2385324
-0.0987386
-0.3041880
-0.2868435
-0.1147320
0.0262402
0.0152409
0.0854730
0.0218297
0.0971263
0.0370946
0.0836175
0.0643464
-0.0483151
0.0180705
0.0382783
-0.0035337
0.0161818
-0.0378531
-0.0067667
-0.0421597
-0.0531676
0.0178380
-0.0572583
-0.0058779
0.0108731
-0.0535499
-0.0301668
0.0453647
0.0191027
0.0371529
-0.0344008
-0.0125797
0.0145880
-0.0238623
0.0523116
-0.0464618
-0.0561168
-0.0508950
-0.0020909
0.0016265
-0.0535140
-0.0413021
-0.0106331
-0.0524132
0.0086307
-0.0555156
0.0407361
0.0192837
-0.0390935
-0.0199345
-0.0050838
0.0424514
0.0580528
-0.0327289
0.0440557
-0.0144215
-0.0264194
0.0461750
0.0700121
-0.0080432
0.0294972
0.0145539
-0.0137755
0.0352977
0.0273304
-0.0335235
-0.0282099
0.0314390
-0.0318130
-0.0107851
0.0027522
0.0414955
-0.0354076
0.0509038
-0.0336629
0.0321788
-0.0058345
-0.0462206
0.0345910
0.0327733
-0.0059843
0.0122434
-0.0075747
-0.0350291
-0.0591840
0.0319215
-0.0188268
0.0057005
-0.0042047
-0.0239633
0.0048759
0.0594503
-0.0561506
0.0313479
0.0539101
0.0095139
-0.0480665
0.0560975
-0.0087021
-0.0016074
-0.0083205
-0.0116040
0.0125732
-0.0064696
0.0203871
-0.0528908
0.0374783
0.0589368
-0.0162004
-0.0328010
0.0432046
0.0495884
0.0169010
0.0335005
0.0284487
-0.0474778
-0.0130402
-0.0312628
-0.0272030
-0.0497324
-0.0265908
-0.0422198
0.0280141
-0.0423551
-0.0231256
0.0400832
-0.0132980
-0.0050684
-0.0446319
0.0036288
0.0406079
0.0235597
-0.0505801
0.0004258
-0.0551218
-0.0560044
0.0306744
0.0050304
0.0329728
0.0615339
0.0543543
-0.0044130
0.0467758
-0.0067733
-0.0050243
0.0308192
0.0511796
0.0083685
0.0366720
-0.0296731
-0.1017861
-0.1250859
-0.1486072
-0.0896943
0.0859636
0.1473731
0.2245912
0.1764927
0.0330005
-0.1278439
-0.1166540
-0.1206716
-0.1139822
-0.0061339
0.0103643
-0.0069119
0.0403172
0.0404903
0.0321368
0.0488094
0.0602839
-0.0132421
0.0415826
-0.0169035
-0.0095496
0.0256269
0.0209384
-0.0369748
0.0487424
-0.0241888
-0.0578363
0.0163180
-0.0452424
-0.0386701
0.0130505
-0.0438942
-0.0415944
-0.0518482
0.0058503
0.0335775
0.0416647
0.0480560
-0.0148761
0.0456925
-0.0114313
0.0281465
-0.0049858
0.0529999
-0.0539056
0.0460625
0.0166296
0.0007682
-0.0432641
0.0558704
0.0116267
-0.0140117
0.0316774
-0.0492502
-0.0389807
0.0388715
-0.0560965
0.0017871
-0.0576311
-0.0330733
-0.0219626
0.0440360
0.0002842
-0.0075664
-0.0449789
-0.0190226
-0.0176487
0.0046449
0.0173161
0.0326155
0.0175440
-0.0347418
0.0313001
-0.0116696
-0.0303761
-0.0363384
-0.0447645
0.0559988
0.0613668
0.0222581
0.0545992
0.0525903
0.0369578
0.0133422
0.0092063
-0.0114889
-0.0051465
-0.0043840
-0.0041893
-0.0045715
0.0585850
-0.0527104
-0.0280549
-0.0159579
-0.0592210
0.0010502
0.0187720
-0.0493287
0.0405388
0.0489036
-0.0413419
0.0437334
0.0526560
0.0604016
0.0616169
0.0099238
0.0611492
-0.0148460
-0.0594903
0.0395339
0.0326229
0.0543077
-0.0497322
0.0379100
0.0153720
-0.0282461
