0.0271596
-0.0215576
-0.0259557
-0.0393735
-0.0467098
0.0033564
-0.0276887
-0.0239909
-0.0490000
-0.0480991
-0.0091437
0.0346525
0.0270324
-0.0582860
-0.0570084
-0.0025797
0.0268870
-0.0363177
0.0625798
0.0030420
-0.0155109
0.0348076
0.0315195
-0.0166461
-0.0454311
-0.0236419
-0.0406673
-0.0056482
-0.0609819
-0.0599836
0.0382829
-0.0514767
-0.0180487
0.0301879
-0.0073994
0.0060259
0.0106146
-0.0317671
0.0203960
-0.0254429
0.0060455
-0.0145629
-0.0444538
0.0454583
0.0058493
-0.0356456
0.0187994
-0.0591499
-0.0121220
-0.0586543
0.0171344
-0.0408007
-0.0027533
0.0032560
-0.0549168
-0.0063138
0.0090689
0.0255224
0.0223475
-0.0590447
-0.0367294
-0.0592443
0.0292750
-0.0054255
-0.0271267
-0.0112089
0.0238958
0.0085537
0.0639679
-0.0162384
-0.0257067
-0.0413968
-0.0201281
0.0490183
0.0252818
0.0010257
-0.0411490
-0.0150107
-0.0186994
0.0448915
0.0558979
0.0132133
0.0249844
0.0054744
0.0656791
0.0244606
0.0130966
0.0361680
0.0147281
0.0519671
0.0003189
-0.0136297
0.0048489
-0.0425182
0.0063891
-0.0476096
-0.0690351
0.0093199
-0.0029000
0.0222454
0.0006161
-0.0218543
-0.0323347
0.0588551
-0.0165361
-0.0198626
-0.0482678
0.0216115
-0.0664639
-0.0418868
-0.1220538
-0.0349045
-0.1334610
-0.0761631
0.0498721
0.1006776
0.2104034
0.0381127
-0.0410568
-0.1228484
-0.1697549
-0.0891560
-0.0690936
0.0170240
0.0346793
0.0797988
0.0082597
-0.0295777
0.0335866
0.0535173
-0.0089414
-0.0578808
-0.0519032
0.0158049
0.0210986
-0.0641321
0.0490940
0.0425025
0.0149032
-0.0504468
0.0551216
-0.0118419
0.0107136
-0.0082206
-0.0390282
0.0481026
-0.0224429
0.0422339
-0.0168936
0.0408216
-0.0093656
0.0596443
-0.0161698
-0.0026143
-0.0401048
0.0372111
0.0568796
-0.0135478
0.0255920
-0.0461396
0.0349430
-0.0420774
-0.0546004
0.0211903
0.0066243
-0.0160212
-0.0562006
0.0600672
0.0412306
0.0228440
-0.0380065
-0.0493776
0.0016495
-0.0345310
-0.0558410
0.0326910
0.0409736
-0.0415931
0.0026916
0.0082666
0.0288077
-0.0086790
-0.0382293
-0.0167734
0.0384455
-0.0521947
-0.0264440
-0.0292351
0.0561926
-0.0509575
0.0047653
0.0412437
-0.0391688
0.0410193
0.0478321
0.0293736
-0.0118178
0.0439561
-0.0295904
0.0283280
0.0639305
0.0006869
-0.0306585
0.0138444
-0.0359028
0.0482870
0.0177638
-0.0038116
0.0333577
0.0162127
-0.0468207
-0.0277411
-0.0122749
-0.0576152
-0.0073823
0.0308845
-0.0049509
0.0389124
0.0305945
0.0360579
0.0209699
-0.0442135
-0.0115084
-0.0220569
-0.0354870
0.0410426
0.0498993
-0.0229944
-0.0509893
-0.0130030
-0.0024874
0.0246770
-0.0370541
0.0491521
-0.0262124
-0.0133419
-0.0089429
-0.0321842
-0.0078636
-0.0147555
-0.0365937
0.0363738
-0.0324725
-0.0295193
-0.0129383
-0.0567430
0.0152604
0.0412211
-0.0347397
0.0201446
0.0637288
-0.0467363
-0.0046765
-0.0106089
0.0234294
0.0256793
0.0101992
-0.0025785
0.0039319
-0.0278464
-0.0237734
-0.0990476
-0.0581114
-0.0561612
0.1107105
0.1301337
0.1614261
0.0386082
0.0330272
-0.0867753
-0.1831078
-0.0445430
-0.0355766
0.0516813
0.0287277
0.0374169
0.0589420
0.0206405
0.0319084
-0.0078797
0.0043471
0.0139916
-0.0402357
-0.0381959
0.0411146
-0.0411030
-0.0604576
-0.0239755
-0.0240564
0.0164422
-0.0365881
0.0500203
-0.0161101
-0.0210207
-0.0277109
0.0061444
0.0085184
0.0606504
-0.0193788
0.0094349
0.0220243
0.0575872
-0.0526443
0.0368149
-0.0343615
-0.0068088
0.0400796
0.0031213
-0.0189427
0.0446650
0.0392186
-0.0445500
-0.0365289
-0.0635777
-0.0446826
0.0496612
0.0111730
0.0618300
-0.0535094
-0.0617396
-0.0285484
-0.0612106
0.0350729
-0.0294696
-0.0245540
0.0034513
-0.0382130
-0.0491956
-0.0231645
0.0360450
-0.0126113
0.0435610
0.0201153
0.0547374
0.0146773
-0.0467277
-0.0133394
-0.0384374
-0.0496841
0.0098080
-0.0124792
-0.0485176
-0.0278227
-0.0098964
0.0214824
-0.0200367
0.0239877
0.0503275
0.0476760
0.0558826
-0.0113031
0.0195092
-0.0390745
0.0270199
-0.0200220
-0.0483487
0.0215227
-0.0173058
-0.0066130
-0.0245861
0.0087944
-0.0126877
-0.0280720
0.0020503
0.0061556
0.0396486
0.0254767
-0.0558256
-0.0193935
-0.0602999
-0.0394895
0.0111421
-0.0426299
0.0495249
0.0125698
-0.0397890
0.0246306
-0.0457452
0.0399691
-0.0164166
0.0266025
0.0434499
-0.0484914
-0.0457522
0.0347422
0.0288222
0.0596098
0.0091800
-0.0441991
-0.0283771
-0.0355906
-0.0366935
-0.0155056
-0.0108120
-0.0254990
-0.0523735
-0.0520399
0.0319077
-0.0039511
0.0504689
0.0477676
0.0478924
0.0001644
0.0250561
-0.0255530
-0.0276476
0.0590955
0.0529531
-0.0207609
-0.0420330
0.0316755
0.0210293
-0.0221234
-0.1215516
-0.0690415
-0.0881760
0.0611831
0.1592860
0.1447105
0.0818771
0.0014155
-0.1013441
-0.1846250
-0.1674245
-0.0205763
-0.0462579
0.0267921
-0.0199481
-0.0022227
0.0368962
0.0606552
0.0004036
-0.0577491
-0.0514518
0.0365912
0.0207029
-0.0431596
0.0299831
0.0404146
-0.0643794
0.0148571
-0.0482868
-0.0242020
-0.0270872
0.0010700
-0.0115602
0.0597005
-0.0421109
0.0414792
0.0413906
-0.0226659
0.0385448
-0.0599058
0.0522732
0.0532552
-0.0030711
0.0361612
-0.0221774
0.0101759
-0.0491176
0.0636349
-0.0597219
0.0128000
0.0264727
0.0397919
0.0009946
-0.0194356
0.0457391
0.0068044
0.0346135
0.0302618
-0.0323403
0.0109366
-0.0161428
-0.0488151
0.0308665
-0.0215161
0.0265745
-0.0546968
0.0047506
-0.0626981
0.0396480
-0.0401341
-0.0233192
0.0335179
-0.0003904
0.0603271
-0.0325761
0.0028593
-0.0237954
0.0121811
-0.0212420
-0.0335262
0.0487024
0.0242638
-0.0582942
-0.0205090
0.0652325
-0.0452575
-0.0087860
0.0495684
-0.0431917
0.0365425
0.0250643
0.0254901
0.0274816
0.0336075
-0.0281077
0.0389195
-0.0425089
-0.0425328
0.0419020
-0.0572873
-0.0450960
0.0285010
0.0034905
-0.0200302
-0.0189346
0.0429387
-0.0347065
0.0037194
0.0501003
0.0393976
-0.0320153
0.0274777
-0.0524092
0.0279561
0.0625053
-0.0093577
0.0051936
0.0153624
0.0469177
-0.0263538
-0.0447921
0.0068556
-0.0640184
0.0045955
-0.0322658
0.0093506
0.0255882
0.0320037
0.0622456
0.0381678
-0.0441956
0.0062643
-0.0247596
0.0277990
-0.0632175
-0.0449815
0.0335238
-0.0640289
0.0328312
-0.0111891
-0.0482848
0.0276701
0.0571563
-0.0255212
0.0062016
0.0409485
-0.0210909
0.0276156
0.0539584
-0.0566582
-0.0560217
-0.0611886
-0.0787710
-0.1175201
0.0561557
0.0541623
0.0853814
0.0889671
0.0162117
0.0036649
-0.0842505
-0.0461554
-0.0512237
0.0535752
-0.0183771
-0.0442716
-0.0516013
-0.0513047
-0.0047424
0.0161528
-0.0352718
0.0291569
-0.0387119
-0.0206678
-0.0277754
-0.0383577
-0.0458043
-0.0010364
0.0003341
0.0092405
-0.0393951
0.0058221
0.0026010
-0.0547681
-0.0261506
-0.0096746
0.0460428
0.0475223
0.0624959
-0.0111310
-0.0589474
-0.0398183
-0.0019713
0.0356461
0.0266114
-0.0377535
-0.0560152
-0.0397938
0.0366593
-0.0131430
-0.0362283
0.0311362
-0.0213048
0.0302933
0.0582755
-0.0373453
0.0572682
0.0554864
-0.0168858
0.0025661
0.0031009
-0.0650665
0.0000693
0.0169447
-0.0216789
0.0378978
-0.0116211
0.0247185
-0.0563035
-0.0451812
0.0213900
-0.0405255
0.0098139
0.0153944
-0.0176041
-0.0392272
0.0090523
0.0106301
0.0148974
-0.0262191
-0.0384036
-0.0188087
0.0326076
-0.0420684
-0.0275814
0.0393613
0.0112563
-0.0140096
-0.0069404
-0.0444250
-0.0484712
0.0405446
0.0524079
-0.0532644
0.0421567
0.0578102
-0.0573989
0.0424248
-0.0450837
0.0518584
0.0547154
0.0030069
0.0384920
-0.0194161
-0.0125570
0.0071513
-0.0473428
0.0464791
0.0106045
0.0602136
-0.0235340
0.0434588
-0.0443256
-0.0201401
0.0036006
0.0088512
0.0205830
-0.0234473
-0.0231947
0.0131322
-0.0066734
-0.0476229
-0.0526873
0.0301310
-0.0598635
-0.0162046
0.0249032
-0.0144722
0.0559473
0.0247574
-0.0227954
0.0025066
-0.0205559
0.0003766
-0.0580701
-0.0298616
-0.0104411
-0.0273885
0.0151220
0.0108550
-0.0215270
-0.0442250
0.0034549
0.0320194
-0.0459993
-0.0245620
-0.0465045
-0.0221849
0.0163089
-0.0415422
-0.0597075
-0.0587180
0.0418651
0.0307602
0.0079605
0.0066422
0.0273305
-0.0081405
0.0273454
0.0386194
0.0013948
-0.0587922
-0.0207262
-0.1386219
-0.0538514
-0.0661132
-0.0295270
0.0745934
0.2522917
0.2145035
0.1664879
-0.0627400
-0.1099935
-0.1059548
-0.1523576
-0.0544907
0.0640527
0.0075918
0.0538352
0.0445291
-0.0215931
0.0532272
-0.0373725
-0.0464706
0.0497169
0.0412623
-0.0280670
-0.0710764
-0.0579517
-0.0182258
-0.0326451
0.0534570
0.0352175
0.0473159
0.0212441
-0.0253913
-0.0350997
0.0062589
-0.0423447
0.0207153
0.0445171
0.0049949
0.0576012
0.0272489
-0.0027761
-0.0194817
0.0474982
-0.0220882
-0.0250828
-0.0192968
-0.0232110
-0.0251253
0.0043662
-0.0127164
-0.0500945
0.0224994
0.0464080
0.0521396
0.0553637
0.0331707
-0.0472798
-0.0381979
0.0555034
0.0250826
0.0078923
0.0407500
-0.0180088
-0.0304122
-0.0506528
0.0500970
-0.0154354
0.0660311
0.0069279
0.0036908
-0.0089918
-0.0513799
-0.0181416
-0.0002870
0.0644479
0.0097660
0.0600605
0.0405324
-0.0595707
-0.0472477
-0.0091191
-0.0315897
-0.0225659
0.0390192
-0.0073947
0.0556050
0.0369862
-0.0121657
0.0148219
0.0275670
0.0573949
0.0056033
-0.0274272
0.0266757
-0.0030376
0.0311963
-0.0617599
-0.0490795
0.0455634
-0.0067537
-0.0339402
0.0408700
-0.0091211
-0.0186386
-0.0574826
-0.0062895
-0.0020206
0.0542872
0.0274074
0.0090303
0.0383132
0.0007511
-0.0093018
-0.0368736
0.0122575
-0.0114480
0.0200622
0.0580823
-0.0065357
-0.0570031
0.0421536
0.0649703
-0.0424980
-0.0263745
-0.0338847
0.0506212
-0.0065018
0.0459855
0.0176286
-0.0043342
-0.0589815
0.0135948
0.0229828
0.0325811
-0.0430372
-0.0015275
0.0063294
-0.0244849
0.0391270
0.0840820
-0.0087569
-0.0321220
-0.0157233
-0.0383486
-0.0671255
-0.0728739
-0.1314236
-0.0849843
-0.1183966
0.0024630
0.1491709
0.1640708
0.2025036
0.0328663
-0.1075967
-0.1459619
-0.1971382
-0.0617485
0.0023832
0.0516916
0.0037379
0.0058097
0.0600995
0.0146271
0.0458351
-0.0017827
0.0396986
-0.0111540
0.0503683
0.0312193
-0.0355846
0.0433807
-0.0332711
0.0258984
0.0352485
0.0467979
0.0344515
-0.0534680
0.0514714
0.0166490
0.0198001
0.0122864
-0.0447002
0.0571085
-0.0478644
0.0132088
-0.0634505
0.0523320
0.0544513
-0.0148260
0.0533138
0.0085271
-0.0336411
0.0275736
-0.0290711
0.0602550
0.0345252
0.0573239
-0.0126282
0.0443116
-0.0387423
0.0614246
-0.0063292
0.0553527
-0.0045737
0.0001746
-0.0607731
0.0403977
0.0509743
-0.0107079
0.0427737
0.0394450
0.0145191
-0.0222055
0.0176895
-0.0166420
0.0072615
-0.0538751
0.0168681
-0.0323796
0.0458060
0.0477159
0.0101785
0.0216261
-0.0551889
0.0614554
-0.0097161
0.0111728
0.0348943
0.0495773
0.0051383
-0.0066233
-0.0245382
0.0049747
0.0518664
-0.0177680
0.0311728
0.0310612
0.0317956
0.0047105
0.0193985
-0.0129915
0.0300325
0.0315845
0.0129468
0.0206031
0.0456397
-0.0251723
-0.0572199
-0.0075956
-0.0312926
-0.0348877
-0.0409500
0.0636810
-0.0256357
-0.0221066
-0.0544948
0.0344773
0.0065878
0.0116413
-0.0263564
-0.0063887
-0.0293191
-0.0453081
0.0073078
0.0315689
-0.0257018
-0.0398710
-0.0429255
-0.0319031
0.0566063
0.0064279
0.0311547
-0.0327065
-0.0201075
0.0206716
0.0224980
-0.0595894
-0.0398113
0.0217649
-0.0750417
-0.0114279
0.0118004
-0.0196835
-0.0199245
0.0016424
0.0283911
0.0290384
0.0791368
0.0121887
0.0473646
0.0507670
0.0657087
-0.0518704
-0.0539850
-0.1199795
-0.0427243
-0.1060770
-0.1260002
0.0090160
0.1402590
0.2454216
0.2274039
0.1171870
-0.0487719
-0.1378614
-0.1632777
-0.0875694
-0.1037017
-0.0109191
0.0443648
0.0619606
0.0599481
0.0010545
0.0610394
-0.0230620
0.0387337
0.0036885
0.0492615
-0.0446603
-0.0378706
-0.0722581
-0.0755621
-0.0448966
-0.0351009
0.0626913
-0.0070600
0.0231069
-0.0069449
0.0526273
0.0115743
0.0259876
-0.0092396
-0.0310882
0.0338831
0.0446884
0.0265989
0.0305819
0.0040909
0.0517818
-0.0058858
0.0019233
0.0240116
0.0435282
0.0078273
-0.0368546
0.0049132
0.0363511
0.0572931
-0.0576636
0.0318011
0.0392477
-0.0520541
-0.0211922
-0.0442216
-0.0083024
-0.0611646
-0.0407402
-0.0072558
-0.0035475
0.0162410
-0.0601491
-0.0605307
-0.0298068
-0.0497159
-0.0368781
-0.0179940
0.0310629
-0.0216884
0.0673630
-0.0167236
0.0103203
0.0364219
0.0336884
0.0141564
-0.0293510
0.0660041
-0.0404914
0.0121809
0.0652361
0.0447153
0.0095966
-0.0120610
-0.0118564
-0.0252690
0.0507381
-0.0556916
0.0342102
-0.0499105
0.0098285
0.0278456
0.0101300
0.0633669
-0.0552047
-0.0494051
0.0280029
0.0293873
0.0540521
-0.0090583
-0.0127894
0.0393945
-0.0206640
-0.0327388
-0.0359825
-0.0454380
-0.0173544
0.0108736
-0.0115554
0.0339068
0.0626736
-0.0560192
-0.0210468
-0.0270839
0.0142701
-0.0071263
0.0290429
0.0356085
-0.0153432
-0.0497297
0.0449281
0.0039737
0.0616242
0.0315160
0.0334667
-0.0185721
-0.0479956
0.0111008
0.0140259
0.0129182
0.0426607
-0.0386088
0.0530364
0.0275067
0.0211039
-0.0210918
-0.0438024
0.0369813
0.0069158
0.0681670
0.0215604
-0.0128450
0.0601152
0.0841836
0.0663855
-0.0451791
-0.0207850
-0.0558893
-0.0165605
-0.1175437
-0.0244912
-0.0170882
-0.0194161
0.1675636
0.2303812
0.0919113
0.0536176
-0.1195755
-0.1632571
-0.0948901
-0.0993932
0.0181031
0.0438695
0.0378944
0.0689002
0.0138783
-0.0235672
-0.0512651
-0.0577439
0.0092121
-0.0385558
0.0533949
-0.0545366
-0.0227223
0.0419668
-0.0157005
0.0523093
-0.0175833
-0.0130518
0.0433395
0.0478555
-0.0495148
-0.0326894
0.0390081
-0.0530065
0.0480757
0.0210711
0.0384633
-0.0267017
0.0459976
-0.0092187
-0.0514833
0.0444671
0.0383465
0.0511725
0.0617734
0.0502191
-0.0438164
-0.0507287
0.0011569
-0.0496861
0.0358638
0.0257682
0.0393224
-0.0077562
-0.0601481
-0.0460872
-0.0170718
-0.0444960
0.0060459
-0.0284654
0.0634636
0.0427436
0.0320899
-0.0479396
0.0169139
-0.0400554
0.0495468
0.0583753
-0.0490597
-0.0444947
0.0128208
-0.0096577
0.0058090
