-0.0273247
0.0445717
0.0708802
0.0846596
0.0295237
0.0464702
-0.0055358
-0.0070908
-0.0152802
-0.0809872
-0.1159746
-0.2105887
-0.1830472
-0.1061702
0.1747766
0.3750205
0.3998551
0.0917453
-0.1369801
-0.2985795
-0.2904642
-0.0709490
0.0808623
0.0801454
0.0574367
0.0120598
-0.0080810
0.0102762
0.0380135
0.0034340
-0.0233467
-0.0453357
-0.0481196
-0.0459809
0.0430830
-0.0461217
-0.0051121
-0.0052445
0.0496699
0.0018115
-0.0001003
0.0141694
-0.0165606
0.0377088
-0.0486528
-0.0354794
0.0588379
0.0085387
-0.0438519
0.0155285
-0.0417676
0.0033881
-0.0163098
-0.0113004
-0.0532747
-0.0246262
-0.0534086
-0.0280244
-0.0221328
-0.0605836
0.0342973
0.0244785
0.0600207
-0.0046535
-0.0158208
0.0572500
-0.0079017
-0.0330849
-0.0318995
-0.0351933
-0.0645542
-0.0343229
-0.0064728
-0.0184222
0.0003169
0.0286806
0.0565547
0.0387032
-0.0545740
-0.0109907
-0.0125011
0.0348155
0.0140225
0.0440304
0.0355115
0.0506533
0.0260859
0.0376971
0.0352577
0.0393731
0.0304533
0.0232220
0.0083876
0.0588618
0.0007783
0.0125776
-0.0302534
0.0056997
0.0460782
-0.0220081
-0.0436334
-0.0285797
0.0129708
-0.0587388
-0.0183012
0.0606113
0.0135167
0.0167822
-0.0329081
-0.0147238
0.0044978
0.0195425
0.0627281
-0.0249133
0.0255748
0.0371313
0.0559368
0.0532901
0.0237617
0.0231939
0.0396215
0.0250769
0.0470312
0.0256999
-0.0308354
-0.0424609
0.0020575
-0.0562825
-0.0119933
0.0565227
-0.0302731
-0.0552563
-0.0017433
0.0256232
0.0580411
-0.0149546
-0.0516713
-0.0535087
-0.0165807
-0.0082620
-0.0378317
-0.0201796
-0.0295190
0.0300430
-0.0609771
0.0104448
0.0295817
-0.0197612
0.0642401
0.0171942
-0.0403678
0.0168005
0.0492065
0.0198025
0.0234558
0.0422819
-0.0259018
-0.0597884
-0.0358130
0.0353894
0.0582986
0.0293873
-0.0220070
-0.0359556
0.0601122
0.0684311
0.0639308
0.0026598
-0.0430922
0.0350890
-0.0746976
-0.0771192
-0.1331138
-0.1001441
-0.0532830
0.1267163
0.1524490
0.1604653
0.0759820
-0.0100798
-0.0860318
-0.1359381
-0.1042145
-0.0283681
0.0396935
0.0343217
0.0114224
0.0585114
0.0705698
0.0499374
0.0465798
-0.0012489
0.0321044
-0.0448293
-0.0587719
-0.0242324
0.0439675
0.0007324
-0.0401825
-0.0545015
0.0209523
0.0055882
-0.0171667
-0.0300908
0.0358246
0.0592285
0.0138552
0.0563620
0.0337196
-0.0113663
0.0271152
0.0041638
0.0477831
-0.0340229
-0.0000968
0.0383470
0.0537742
0.0547208
0.0512866
0.0510579
-0.0617603
-0.0243554
-0.0123493
-0.0422411
0.0482369
0.0580703
-0.0514329
-0.0360785
-0.0043904
-0.0304913
-0.0057879
-0.0021147
0.0215806
0.0128267
-0.0097983
-0.0356578
-0.0011578
-0.0454737
0.0214884
-0.0032426
0.0342799
-0.0275940
0.0183530
-0.0312095
-0.0252925
0.0597608
0.0255104
0.0348657
0.0248220
-0.0070095
-0.0352585
0.0139322
0.0076805
0.0173693
-0.0276883
-0.0355216
-0.0550935
0.0086459
-0.0049934
-0.0443914
-0.0590810
0.0548684
-0.0567218
0.0138314
-0.0176523
0.0081533
0.0374863
0.0103718
-0.0051169
-0.0116409
0.0103050
-0.0096566
0.0167639
0.0040121
-0.0146096
-0.0484163
0.0112575
0.0538347
0.0105950
0.0632389
0.0385350
0.0557366
-0.0440421
0.0024696
-0.0177768
-0.0488677
-0.0200663
0.0606247
0.0333729
0.0127363
0.0380920
0.0130532
-0.0458784
-0.0278458
-0.0178501
-0.0372331
-0.0103091
0.0243053
-0.0018144
0.0244784
-0.0095952
0.0289311
-0.0511499
0.0361641
-0.0406455
0.0114266
0.0523981
0.0037643
-0.0450577
-0.0155700
0.0364635
-0.0530642
-0.0639937
-0.0718650
0.0134812
-0.0555704
-0.0670971
-0.0477979
-0.0404667
0.0267909
0.0492620
0.0297780
0.0705441
-0.0173549
0.0042400
-0.0104332
0.0175755
-0.0414237
0.0046573
-0.0449573
-0.1190760
-0.1263276
-0.0598724
0.0009740
0.0997686
0.1604952
0.1855090
0.1177789
0.0657345
-0.0969586
-0.1524878
-0.1782458
-0.0644267
-0.0371262
0.0490068
0.0532250
0.0001325
0.0366707
0.0869626
-0.0050007
0.0250416
-0.0475227
-0.0135307
-0.0179592
-0.0538837
0.0303671
-0.0383728
0.0276492
0.0235155
-0.0415881
0.0437524
0.0593107
0.0498394
0.0430127
0.0135521
-0.0257669
0.0077769
0.0426239
-0.0559401
0.0062556
0.0547421
-0.0356245
0.0067241
0.0215170
-0.0252048
0.0618145
0.0175925
-0.0431814
0.0457893
-0.0206482
0.0176169
-0.0498758
0.0150486
-0.0169869
0.0384891
0.0404642
0.0152792
0.0284604
0.0216972
-0.0608825
0.0443964
-0.0139461
-0.0206375
0.0456276
-0.0355668
-0.0507578
0.0627188
0.0412143
-0.0512269
0.0281260
0.0480367
-0.0586299
0.0615896
-0.0040190
0.0667254
-0.0433275
0.0416287
-0.0190894
0.0409630
-0.0131990
0.0444739
0.0541920
0.0489175
0.0285277
0.0064561
-0.0422876
0.0609228
-0.0111644
-0.0151063
-0.0347526
0.0026939
0.0222523
-0.0501173
0.0466866
-0.0160961
-0.0289508
-0.0594421
-0.0487833
-0.0308382
-0.0322516
-0.0604227
-0.0527426
-0.0325146
-0.0280559
-0.0235552
-0.0239931
-0.0055335
-0.0524375
-0.0448707
-0.0608939
-0.0526977
0.0489622
0.0387467
-0.0052969
-0.0135894
0.0134426
-0.0067707
0.0027793
-0.0235071
0.0508847
0.0410165
-0.0397081
-0.0515324
0.0451178
-0.0529102
0.0461952
0.0197634
0.0067879
-0.0448985
0.0352475
0.0390053
-0.0602846
0.0201345
-0.0067768
0.0248013
-0.0229762
-0.0388267
0.0062070
0.0331733
0.0537281
-0.0552798
-0.0296419
-0.0001477
-0.0272502
-0.0579509
-0.0360308
-0.0023463
0.0254900
0.0352463
0.0249944
-0.0440718
-0.0121613
-0.0262531
0.0185105
0.0332881
0.0574617
0.0561729
-0.0540677
-0.0542517
-0.0565856
-0.0560283
-0.0434113
-0.0350542
-0.0807586
-0.0206848
-0.0745008
-0.0088427
0.0056679
0.0464081
-0.0169201
0.0622004
0.1022858
0.0430238
0.0431493
-0.0144339
-0.0245848
-0.0819173
-0.0511312
-0.1685358
-0.1500792
-0.1770724
-0.0171237
0.1969605
0.4404785
0.3723350
0.1833077
-0.1558943
-0.3967901
-0.3281269
-0.1059406
0.0539023
-0.0007291
0.0704431
0.0428445
0.0626349
0.0488138
0.0488044
0.0126088
0.0209607
0.0234275
-0.0079102
0.0159972
0.0067310
-0.0537091
-0.0183634
-0.0111600
-0.0473438
0.0195145
0.0534141
-0.0523388
0.0583787
0.0493158
-0.0341946
-0.0256838
0.0017919
0.0051943
-0.0214273
0.0520540
-0.0077481
0.0530750
0.0121038
-0.0651427
0.0140869
0.0282949
-0.0362964
-0.0576797
-0.0528203
-0.0242274
0.0456122
0.0365638
0.0315853
0.0108101
-0.0329175
-0.0466461
0.0339598
0.0246419
0.0337745
-0.0250602
-0.0252223
-0.0033387
0.0540003
-0.0134168
0.0006979
0.0474903
-0.0406683
-0.0618034
-0.0352578
0.0419998
0.0655274
-0.0107261
0.0024664
-0.0705260
0.0264468
-0.0308602
-0.0093496
-0.0116742
-0.0029129
0.0489061
0.0253566
0.0322991
-0.0182955
0.0061378
0.0529633
0.0028324
-0.0176847
-0.0514796
0.0349062
0.0374840
-0.0244634
0.0278350
-0.0265426
-0.0560274
0.0450025
0.0388196
0.0411160
0.0397213
0.0521909
0.0581071
-0.0405900
-0.0064999
-0.0258941
-0.0384446
-0.0438748
-0.0532481
0.0452391
-0.0508903
-0.0225336
-0.0242891
-0.0072982
0.0124522
-0.0512036
0.0261789
0.0068359
0.0336390
0.0309329
0.0425353
-0.0444872
0.0539413
0.0359657
-0.0368127
0.0060897
-0.0039262
0.0273227
0.0098148
0.0309900
0.0515535
0.0247731
-0.0043258
-0.0251241
0.0477566
0.0418225
-0.0411237
0.0396630
0.0586019
-0.0473118
0.0104414
-0.0186484
-0.0090341
0.0394234
-0.0469454
0.0439000
0.0431474
-0.0611648
-0.0534754
-0.0741607
0.0322093
-0.0404184
-0.0118063
-0.0379249
0.0315777
-0.0425825
-0.0106517
-0.0237222
0.0071141
-0.0219807
-0.0360458
-0.0257009
-0.0347669
0.0372109
-0.0908359
-0.0906791
-0.1639884
-0.0372884
0.0629491
0.1150643
0.2105445
0.1226500
-0.0371786
-0.1798204
-0.2051490
-0.1538340
-0.0337863
0.0122006
-0.0013117
0.0007710
0.0466503
0.0022463
0.0198831
0.0627064
-0.0595414
0.0466380
-0.0627547
0.0356977
-0.0436819
-0.0388138
0.0306233
-0.0680704
-0.0649653
0.0247821
0.0250982
0.0062847
-0.0383486
0.0182957
-0.0412258
-0.0480673
0.0043428
-0.0033101
-0.0390533
0.0490237
0.0227651
0.0429271
-0.0336031
-0.0110565
0.0124544
0.0083075
-0.0603322
0.0585949
-0.0169849
0.0211290
0.0246251
0.0503654
-0.0092184
0.0165195
-0.0356766
-0.0249151
-0.0240630
0.0510827
-0.0561083
-0.0238818
-0.0266326
-0.0021698
0.0443387
-0.0327001
0.0286344
0.0149024
-0.0140575
-0.0232551
0.0483334
0.0609550
-0.0393567
-0.0397908
0.0252727
-0.0534022
-0.0292716
0.0266453
0.0004215
0.0119869
-0.0693640
-0.0152288
-0.0094686
0.0645127
0.0590515
-0.0178377
0.0609735
0.0355938
-0.0161367
0.0140355
0.0055814
-0.0050716
-0.0465804
-0.0381233
0.0185013
0.0202565
-0.0391707
-0.0148205
0.0297702
-0.0256630
0.0134299
0.0597435
-0.0652737
0.0506953
0.0324604
0.0347877
-0.0285821
0.0546421
-0.0182949
-0.0328317
0.0150192
0.0265808
0.0635203
0.0431901
-0.0053390
0.0641177
-0.0597380
-0.0002640
-0.0316912
-0.0373934
0.0050091
-0.0151147
-0.0401022
0.0379694
0.0322425
0.0564587
-0.0199421
0.0201534
0.0638202
-0.0450610
-0.0021582
0.0509546
-0.0398784
0.0038233
-0.0454028
-0.0009537
0.0303407
0.0584695
-0.0476257
-0.0050758
0.0313417
-0.0232555
0.0011039
0.0033827
0.0574449
0.0273784
-0.0407403
-0.0448151
0.0527341
-0.0064408
-0.0026330
-0.0326903
-0.0175799
0.0091108
-0.0151449
0.0175409
0.0282978
0.0272226
0.0156390
-0.0344234
-0.0507651
0.0233515
0.0350762
-0.0055859
-0.0506043
0.0522046
0.0724760
-0.0386520
0.0202694
-0.0361392
-0.0535090
-0.0753258
-0.0669943
-0.0671601
0.0256784
-0.0347469
-0.0228118
0.0510378
0.0047922
0.0557264
0.0008198
0.0976878
-0.0154568
-0.0164490
0.0310487
-0.0421991
-0.0938239
-0.0159943
-0.0562421
-0.1208418
-0.0781240
0.0152376
0.2103628
0.3573467
0.3078636
0.0478549
-0.1470407
-0.2803415
-0.1471449
-0.0358921
-0.0320611
-0.0025304
0.0938040
0.0690409
0.0807841
0.0349876
-0.0046636
-0.0153588
-0.0354390
-0.0606653
0.0543273
0.0230154
-0.0531207
0.0484157
-0.0379464
-0.0426458
-0.0633353
-0.0480140
-0.0507448
-0.0112918
-0.0053878
-0.0254269
0.0082277
0.0072717
0.0267900
-0.0217204
-0.0329111
0.0560077
-0.0002323
0.0577643
-0.0452024
-0.0083240
0.0199654
0.0174385
-0.0173482
-0.0155817
-0.0633605
-0.0559912
-0.0595809
-0.0070132
-0.0402107
-0.0305121
-0.0220657
0.0002775
0.0222675
-0.0312801
-0.0320990
0.0065864
-0.0444101
0.0500704
0.0225003
-0.0258310
0.0204016
-0.0347706
0.0220665
0.0433402
-0.0174737
-0.0473647
0.0168698
-0.0256636
0.0481316
-0.0389471
0.0225300
-0.0096761
-0.0439018
0.0476064
0.0427406
-0.0355055
0.0110103
-0.0048360
-0.0425106
-0.0090441
0.0433971
0.0099472
0.0138002
0.0072129
0.0521273
-0.0071474
0.0374274
-0.0370850
0.0283608
-0.0248372
-0.0327393
-0.0140007
0.0044440
0.0528608
0.0569640
0.0062553
0.0050724
0.0013518
0.0265507
0.0130320
0.0346566
-0.0585592
0.0632184
0.0219656
-0.0350022
0.0343904
0.0398064
0.0192108
-0.0010991
-0.0615996
-0.0458669
0.0033827
-0.0561797
-0.0128945
0.0604629
-0.0472169
-0.0508431
-0.0030096
0.0349974
-0.0137065
-0.0018177
-0.0010562
0.0264294
-0.0213798
-0.0141413
-0.0098896
0.0368200
-0.0477619
-0.0229359
0.0556126
0.0144471
0.0548507
-0.0296821
0.0577846
0.0049473
0.0388645
-0.0269328
-0.0208659
-0.0203410
-0.0015039
0.0691956
0.0399382
-0.0378659
0.0485198
0.0447551
0.0374299
0.0394126
0.0125427
-0.0034929
-0.0672205
-0.0669622
-0.0269598
0.0344791
-0.0073659
0.0815375
0.0893532
0.0601059
-0.0316666
-0.0245968
0.0506267
-0.0280969
-0.1149289
-0.0764524
-0.1255058
-0.0813451
-0.0423810
0.0894896
0.2408831
0.2037976
0.1792935
0.0460762
-0.1927416
-0.1223033
-0.0722749
-0.0972947
0.0275797
0.0274053
-0.0059790
0.0029259
-0.0011337
0.0270316
-0.0461586
0.0268234
0.0522454
0.0114277
0.0371596
0.0454037
0.0364154
-0.0682940
-0.0170299
-0.0454904
0.0565047
0.0485919
0.0416250
0.0512850
-0.0520973
-0.0501126
0.0149225
0.0025577
-0.0483047
0.0296540
0.0493531
0.0241690
-0.0082688
-0.0651689
0.0179092
-0.0359803
0.0272300
0.0600321
-0.0336960
-0.0018157
-0.0472273
-0.0063707
-0.0047097
0.0114741
0.0143722
0.0168384
0.0056689
-0.0375339
-0.0067992
-0.0219704
0.0176963
-0.0527078
0.0307416
0.0167001
0.0078532
-0.0176693
-0.0219650
0.0289071
0.0545791
-0.0699905
-0.0081425
-0.0370989
0.0250628
0.0383734
0.0683890
0.0570095
0.0230826
0.0193047
-0.0032009
-0.0335733
0.0430298
0.0241388
-0.0157712
-0.0550374
-0.0163999
0.0089641
-0.0269936
0.0582625
0.0537031
-0.0272916
-0.0147716
-0.0465595
0.0470481
0.0045524
-0.0463158
-0.0447261
0.0304735
-0.0131089
-0.0340381
0.0485359
-0.0316747
-0.0503134
0.0484358
0.0140909
0.0468858
0.0557054
-0.0369361
-0.0427272
-0.0208301
-0.0326664
-0.0128608
-0.0196133
0.0142764
-0.0318294
-0.0441612
-0.0371161
0.0465423
-0.0289450
-0.0306992
-0.0255451
0.0192413
0.0164793
-0.0323631
-0.0593587
-0.0548006
0.0227030
0.0223617
0.0018555
0.0421066
0.0410209
0.0257595
-0.0106236
0.0552312
-0.0390641
-0.0135842
0.0086004
0.0575022
-0.0241804
0.0597672
-0.0538205
0.0689388
0.0129697
-0.0010111
0.0169781
-0.0548922
-0.0037975
0.0380897
-0.0060442
-0.0448684
0.0123732
-0.0360699
-0.0380081
-0.0244892
-0.0281270
-0.0208395
0.0699901
0.0562045
-0.0103617
-0.0050012
0.0531407
-0.0271514
-0.0013031
-0.0717380
-0.1437062
-0.1656423
-0.1301669
0.0085355
0.1213135
0.1795255
0.2540046
0.0537479
-0.1035906
-0.1796113
-0.2525925
-0.1181964
0.0252577
0.0827721
0.0241656
0.0462455
0.0702526
-0.0058610
0.0485494
0.0498583
0.0078824
-0.0183906
-0.0341896
0.0445259
-0.0398186
-0.0209944
0.0149652
0.0457618
-0.0010905
0.0300375
-0.0171931
0.0025362
-0.0476633
0.0365433
0.0345924
0.0240840
0.0539401
-0.0203479
-0.0601759
0.0283456
-0.0409585
0.0051743
-0.0492974
0.0021692
0.0013226
0.0554078
0.0464639
0.0360310
0.0277001
0.0570948
-0.0434120
-0.0584892
0.0597685
-0.0400156
0.0537686
0.0005946
0.0043683
-0.0152878
-0.0099421
-0.0479727
-0.0259085
0.0439616
-0.0338305
-0.0070201
-0.0413091
-0.0078776
-0.0367142
