0.0485685
-0.0981125
-0.0399688
0.0406334
-0.0287492
0.0122960
0.0384929
-0.0262995
-0.1361969
0.1042615
-0.0256256
0.0719892
0.0395732
0.1158034
-0.1489990
0.1227717
-0.0510522
0.0644606
0.0046274
0.1351176
-0.1034082
-0.1158465
0.1085641
0.1482575
-0.0601300
-0.0835263
-0.0624919
-0.1514618
0.0551333
-0.1163329
-0.0113621
-0.0489505
0.0870267
0.0812128
0.0537450
0.0473756
0.0319553
0.0766239
-0.0897664
0.0134802
-0.0692535
-0.0487360
-0.1387908
-0.0395573
-0.0295913
-0.0922440
0.0159049
-0.1496212
-0.0145074
0.1072265
-0.0678030
0.1212146
-0.0936809
-0.0230773
0.0872360
-0.0673793
-0.0663898
-0.1282830
0.0361348
-0.0165352
0.0565430
-0.0454812
-0.1208211
-0.1654398
0.0637584
0.0211796
0.1151466
0.0651493
-0.0235217
0.1193136
0.1184248
0.1349432
0.2034528
-0.0616842
-0.0882453
-0.1891660
-0.3130734
-0.4015717
-0.1551141
0.0304425
0.1265971
0.2450037
0.1732191
0.1824092
0.0865579
0.0506399
0.0224248
-0.1919627
0.0089737
-0.1143726
-0.1798860
0.0082765
-0.0155168
0.0191046
0.1054227
0.1030905
-0.0987390
-0.0299348
0.1504707
-0.1111831
-0.0916571
0.0946449
0.1116173
-0.1461113
-0.1206299
-0.1024099
0.0633207
-0.0620719
-0.0681128
-0.1341664
-0.0758565
0.1260331
0.0142443
0.1413359
-0.0747675
-0.0874995
-0.0977743
-0.0004339
-0.0348160
-0.0765533
-0.0351393
-0.1218325
-0.0400351
0.0637308
-0.0077684
-0.1138332
0.0315899
0.0859290
0.0418885
-0.0479173
-0.0115186
0.0279851
0.0737201
0.1116694
-0.0042742
0.0069362
-0.0343569
-0.0593050
0.0679822
-0.1157127
0.0956276
0.0576003
-0.0293693
-0.1404879
0.1337673
-0.0137095
0.1083049
0.0733911
0.0434696
0.1026308
0.0432097
0.0050873
0.0029400
0.1266387
-0.1211603
-0.0070082
0.0136330
0.0863890
0.0685823
0.1119044
0.0910405
0.1092047
0.1374123
0.0311687
0.0185410
-0.1269955
0.0656896
-0.0879246
0.0872905
0.0315080
0.0388888
0.1348097
-0.1496801
0.0589406
0.1166595
0.0190183
-0.0190470
0.0428844
0.1249269
0.1408205
-0.1434887
0.1089065
-0.1023104
-0.1051941
0.0415295
-0.0478941
0.0615563
0.1452871
-0.0225150
-0.0974097
-0.0437810
-0.0035499
0.1530966
0.1368278
0.1103773
-0.1242521
0.1111345
0.1382948
-0.1138109
-0.0770792
-0.1209741
0.0605602
-0.0071665
-0.1087754
0.0468384
-0.0085246
-0.0107734
0.1356772
0.0429285
0.1258985
-0.0091162
0.0426509
0.1376000
-0.0834261
0.0819929
-0.0248366
-0.0850156
0.0458835
-0.0951014
-0.1216189
-0.1137721
-0.1107177
0.0630456
0.1496585
-0.0619107
-0.0615219
-0.0121505
-0.0608967
0.0230517
0.0432928
-0.0691636
-0.0508146
-0.1689567
0.0459827
-0.1030135
0.1213902
0.1131452
0.0408818
-0.0662800
-0.1027236
0.1009385
-0.0192435
-0.1097560
-0.0399660
-0.1428159
-0.1394373
-0.0287716
-0.0869493
-0.2154010
0.0002153
-0.1178453
0.0061528
-0.1198308
-0.0391763
0.2053733
0.1295084
-0.0042693
0.2316821
0.1970380
0.0696767
0.0593260
-0.2666716
-0.5709515
-0.5861921
-0.2200888
0.1933794
0.3047550
0.2963424
0.3503447
0.1476859
0.0399045
-0.1006348
0.0179304
-0.0596503
-0.2509709
0.0184401
-0.2197312
-0.0319844
-0.1545510
-0.1458917
0.1607903
0.0880589
0.0627257
0.1174831
0.1543586
-0.0007180
0.1194397
-0.0317124
0.0874795
-0.0969256
0.0320872
-0.0482628
-0.0223479
0.0211890
0.1078149
-0.1083599
0.0203211
0.0301969
0.0692372
0.0762288
0.0642810
0.0958956
0.0226991
0.0071810
-0.1219789
-0.0320918
0.0397144
0.0980336
-0.1482640
-0.0613023
0.1372783
-0.1260345
-0.0623290
0.0439936
-0.0636521
-0.0816963
-0.0887021
-0.0920618
-0.1218551
0.0327842
-0.0954767
0.1266034
-0.1133837
0.0308325
0.1012233
0.1219201
-0.0069178
0.0051999
0.0604540
0.0191212
-0.1103118
0.0644116
0.1379951
-0.1306694
-0.0107058
0.1365887
-0.0578077
0.0386932
0.0322543
-0.0642466
-0.0592631
-0.0545087
-0.1248122
-0.1063769
-0.0783179
-0.1128826
0.0611783
-0.0090220
0.0894252
-0.0489434
0.0646126
-0.1125628
-0.0521466
-0.0412777
-0.0984320
-0.0520912
0.1343379
0.0080111
0.0412009
-0.1364009
-0.0230865
-0.0328916
-0.1264999
0.0280243
-0.1141077
-0.0092582
0.0403019
-0.1171867
-0.0380159
0.1185466
0.0168130
0.0029491
-0.0412643
0.0687660
0.1389492
-0.0805542
0.0198093
0.0670209
0.1157464
0.1022015
-0.0888344
0.0410290
0.0645108
0.0487131
-0.0710506
0.0845799
-0.1086940
-0.1038681
-0.0364430
-0.0056793
0.0760260
-0.0852736
-0.1015190
0.0800020
-0.1072739
-0.0980211
-0.0413407
0.0071232
-0.0865050
0.1311124
-0.0388479
0.0785859
-0.0219565
0.0703820
-0.1121344
-0.1343612
-0.0044747
-0.0542888
0.0939064
0.0160400
0.0335738
0.0517030
0.1317608
-0.1182290
0.0343416
0.0433660
-0.0190834
-0.1421169
-0.0116740
-0.0540773
-0.1113882
0.0110958
0.0085886
0.0106137
0.0703038
0.1105783
0.0747238
0.0616858
0.1086279
-0.0891821
0.0256422
-0.0119936
-0.0280392
0.0293765
0.0153570
-0.1717979
-0.1209235
-0.0625800
0.1060021
-0.0535448
0.0092483
0.0639142
0.1688795
0.2077503
0.2430990
0.1820423
0.0030094
-0.3518352
-0.5132414
-0.5011070
-0.2345796
0.3046790
0.3809557
0.4894115
0.1556477
0.1021326
-0.0479623
-0.1089193
0.0038318
-0.0920386
-0.2246636
-0.2273081
-0.0195562
-0.0017702
-0.0165346
-0.1185291
0.0481207
0.0280353
-0.0240208
-0.0071713
0.0022980
0.1433397
0.0696371
-0.1219364
-0.0990431
-0.0724703
-0.0207830
0.0783898
0.1118612
0.0638660
-0.0511550
0.0257828
-0.0942466
-0.0368225
0.0450253
0.0053542
0.1201102
0.1079071
0.1259584
0.1174788
-0.1141559
-0.0999035
0.0818683
-0.1107653
0.1392754
-0.0829643
0.0952606
0.0137609
0.0211584
0.0586967
0.0262237
-0.1059414
-0.1180037
-0.1178574
0.0661290
-0.1260041
0.1477112
0.0658051
0.0514488
-0.0176359
-0.0000712
-0.1390109
0.0245131
0.1159526
0.0174902
0.0059824
-0.1491243
0.1232205
0.0257847
0.0143387
0.0934579
0.1383050
-0.0176084
0.0003377
-0.0658330
0.1334521
-0.0570766
0.0948426
-0.1060159
0.0356452
-0.0829564
0.0319127
-0.0829496
-0.0621685
-0.1402387
0.0076052
0.1273415
-0.1340395
0.0190744
-0.0540805
-0.0391139
-0.0744396
0.0961744
-0.1474365
0.1306384
-0.0698906
0.0663299
-0.1374110
-0.1404709
-0.0172602
0.0373197
-0.0676749
-0.0588983
0.0184780
-0.0723435
-0.0296158
-0.0717002
0.0510917
0.1268150
-0.0618147
0.0647754
-0.0704578
0.1012549
-0.0041215
-0.0022428
0.0861782
0.0554508
0.0828647
0.0507044
0.0207513
0.0237223
0.0506511
0.1152506
-0.0546268
-0.0810924
0.0213686
-0.0162200
0.0977804
0.1418479
-0.0178041
0.1279133
-0.1144252
-0.0759204
-0.0544663
0.0845107
0.0241539
-0.0483492
0.0899259
0.0096329
0.0618868
-0.0822674
-0.1004209
0.1503729
0.0490802
0.0564759
0.0151071
0.0755094
0.0362614
-0.1382215
-0.0628808
0.0737377
0.0043091
-0.1357488
-0.0358216
-0.0821288
0.1042403
-0.0003290
0.1297838
0.1052121
0.0122349
-0.0849352
0.1250073
-0.0171969
0.0251557
0.0802184
0.1366902
0.1334095
-0.0085416
0.0067721
0.0876917
-0.1611384
-0.0572764
-0.0431308
-0.2141491
-0.1061385
-0.1739084
-0.1557593
-0.0978633
0.1486105
0.1818517
0.1295029
0.0432738
0.0320898
0.1103604
0.2180296
0.1601899
-0.1286732
-0.2388421
-0.4265418
-0.2159223
-0.0456912
0.4265383
0.4664222
0.2706973
0.0752517
0.0950534
-0.0925260
-0.0947865
-0.0327278
-0.2505218
-0.0872534
-0.0843456
-0.0317581
-0.1544164
-0.1215889
0.0609527
-0.0084293
0.1124664
-0.0401845
-0.0948630
0.0256332
0.0417798
0.1447703
-0.1216891
0.0400759
-0.0656580
-0.0514791
-0.1456828
0.0097906
0.0549375
0.0727032
-0.0387712
-0.0364645
0.0875281
0.1478146
-0.0048670
0.1411886
0.0291021
0.0799008
0.0068907
-0.1374406
0.0899118
0.1079756
-0.1495400
0.0485225
-0.0959189
-0.0241505
0.0209965
0.0176900
0.1327999
-0.0288117
0.0331631
0.0138399
0.0323551
0.0626280
0.1262827
-0.0991667
0.0538729
0.0368041
0.1071754
-0.1334550
0.1084076
-0.1545515
-0.0850698
-0.0062834
-0.0301948
0.1337521
0.0008592
-0.1393896
-0.0738026
-0.0921990
0.0930589
-0.0170279
0.1209808
0.0673665
-0.1400522
-0.0159318
0.1129655
0.0515877
0.0149239
-0.1079381
-0.1509499
-0.1297659
-0.1343860
-0.0181375
-0.0354889
-0.0635732
-0.0704258
0.0262973
-0.1300485
0.1032775
0.0475509
0.1333541
-0.0328060
0.0523011
0.0066081
0.1046764
-0.0467758
-0.0536542
0.1067344
-0.1059156
-0.1399862
-0.0735209
-0.1049465
0.1218168
-0.1392959
0.1063162
-0.1457083
-0.1313338
0.0027242
-0.0442658
-0.1161517
-0.1213054
-0.0323014
-0.0710930
0.1328922
0.0582567
0.0568345
-0.1382437
-0.0654650
0.1245738
-0.1129010
-0.1016516
-0.1444848
-0.0886932
-0.0239480
0.1300808
0.1425723
-0.0640814
0.1345127
-0.0068892
-0.0777458
-0.0045906
0.0827837
-0.0246396
-0.1276314
-0.1504578
-0.0881359
0.0390540
-0.0707553
0.1457534
0.0536476
-0.1090084
0.1612878
0.0825332
0.0574065
-0.1290212
-0.0208185
-0.0916685
0.0220184
-0.0609907
0.0196507
0.0413640
0.1267704
0.0707118
0.0408161
-0.0419886
0.0210721
0.1034690
0.0411429
-0.1158522
0.0787550
-0.0442341
0.0744367
-0.0909754
-0.1005855
0.0054793
0.0892461
-0.1072302
-0.0931265
0.0400968
0.0079882
0.0539571
-0.0516360
-0.0487092
-0.0735093
0.1420962
-0.0658081
0.1361041
0.0304009
0.1078593
0.2874210
0.1810592
0.2929424
0.0663628
-0.4155783
-0.5957959
-0.3261702
-0.1832590
0.1345377
0.2613594
0.2624934
0.2159283
0.2313440
0.0772123
0.0494503
-0.0369357
-0.0322860
0.0505664
-0.0900725
-0.0128236
-0.1074139
0.0927839
0.0455627
-0.0517204
0.1718986
-0.0104597
0.1206140
-0.0972389
0.0382017
-0.1342332
0.0417013
-0.0129692
-0.1287937
0.0117426
-0.1627520
-0.1553277
0.0137872
0.0029351
-0.1151675
-0.0535703
0.1415661
0.1204942
-0.0385680
-0.0537483
-0.0410682
-0.1052545
-0.0798661
-0.0598793
-0.1249426
-0.0267983
0.1328492
-0.0264344
-0.1164452
-0.0378684
0.0688471
-0.1096828
0.0576318
-0.0005623
0.0669866
-0.0656960
0.0153618
0.0474636
0.0520489
-0.1060659
-0.1211542
-0.0733284
-0.0307230
0.1508809
-0.1049192
0.0234931
0.0647786
0.0427512
0.1300779
-0.1278940
-0.1408591
0.0455110
-0.0685444
0.1158220
0.0373280
-0.0217157
-0.0399172
-0.1173642
-0.0674003
-0.0630421
-0.1054012
-0.1054069
-0.1277954
0.1406101
-0.0294700
-0.0117894
-0.0508302
-0.1058481
0.0986488
-0.0026979
0.1303323
0.0280786
0.0233824
0.0884498
0.0249991
0.0036437
-0.0800456
0.0589178
-0.0113117
0.0560808
-0.0364589
-0.0699841
0.1407283
-0.0934392
0.0050761
-0.0699946
-0.0440158
0.1331126
-0.0361446
-0.1179915
0.1372468
-0.0081225
0.0390135
0.0461298
0.0579204
-0.1466522
0.0558399
0.0297344
-0.0296680
-0.0026065
-0.1063906
0.0894170
-0.0902212
-0.1123509
0.0434411
-0.0871965
-0.0244419
-0.0177067
0.0994679
-0.1068870
0.0125169
-0.0886454
-0.0074813
-0.0591664
0.0674417
0.0777480
0.0979371
0.0291079
0.1274248
-0.0142702
-0.1540911
-0.1114450
-0.0795293
-0.0370727
-0.0519761
-0.0738536
0.0598472
-0.0574779
-0.1283833
0.1045935
0.0373297
0.0647027
-0.0188647
-0.1733832
-0.0603649
-0.1616412
-0.1400321
-0.0356037
0.1549996
-0.0387579
0.1776276
0.1144802
0.1781492
0.0483178
0.0573293
0.0293732
-0.0088568
-0.0446476
-0.0990619
0.0193042
-0.1274264
0.1032853
0.1233359
-0.0952996
0.1061701
0.1418772
0.1846695
0.2362100
0.2114464
0.2664469
0.2017360
-0.0771182
-0.3314530
-0.5021195
-0.2275586
-0.2158923
0.0022684
0.3353231
0.1788928
0.2340925
-0.0347207
0.1276793
0.0700349
0.0322228
-0.1739467
-0.0189838
-0.1272475
-0.1698028
-0.0542052
-0.0996485
0.0543763
0.1361128
0.0957312
-0.1111600
0.1234197
-0.0240007
-0.0063076
0.0619696
-0.0650246
-0.1194788
-0.0857409
-0.0649232
-0.0089037
0.0115910
0.0080578
0.0248942
0.0044246
0.0816806
-0.1146010
-0.0750022
0.0786683
0.0578216
-0.0877928
0.1497128
0.0213402
-0.0573585
0.1381229
0.0377222
-0.0806879
0.0010970
-0.0980293
0.0634721
-0.0090607
0.1260221
-0.0840087
0.0540897
0.1403610
0.0127328
0.1111440
-0.1416309
0.0588389
-0.1328176
-0.0943189
-0.1176649
0.0562943
-0.1003412
0.0701621
-0.0325228
0.0108541
0.0172211
-0.0218345
-0.0122158
-0.0267001
0.1383549
0.1150586
0.0784264
0.0990102
0.0854264
0.1294111
0.1351064
-0.0362036
-0.1458077
0.0654417
0.1195861
0.0719912
0.1143120
-0.0868200
-0.0677354
0.0452565
0.1367043
0.0044092
-0.0410525
0.1066919
-0.0008153
0.1436321
0.0711463
0.0567861
0.0213656
0.0076130
-0.1279948
0.0190077
-0.0690732
0.0444268
-0.1014866
0.0704097
0.1022587
0.1095865
-0.0850228
-0.0947357
0.0780078
0.0653094
0.0661831
-0.0562815
0.0867605
0.1160704
-0.0846624
0.1437574
0.1155601
0.0984329
0.0589653
-0.1035309
0.0661295
0.0644728
0.1479175
0.1460252
0.0404953
0.0033166
-0.1365392
0.1319175
-0.1533274
0.1391324
0.0955728
0.0304887
0.0984237
-0.0284619
0.1227503
0.0447878
0.0917063
0.0276166
-0.0205823
0.0062050
-0.0996587
0.1024025
-0.0086759
-0.1183912
0.1089074
0.0106037
-0.0007612
-0.0337455
-0.0856317
-0.1188594
-0.0819728
0.1502555
0.0552581
0.0706719
0.0013054
0.0259333
-0.1673902
0.0400691
0.0236940
-0.0285656
0.0084721
0.0445058
-0.1075747
-0.1393291
0.1194694
0.1325741
0.0184192
0.1216532
0.0392008
0.0120533
0.2453542
-0.0235105
-0.1736336
-0.4701702
-0.5642063
-0.3892128
-0.0157503
0.2745801
0.4223591
0.4163165
0.0934876
0.0232285
0.0735155
0.0738664
-0.0382980
-0.1922474
-0.2253850
-0.0323224
0.0796443
-0.1544800
0.0808194
0.1489814
0.0798475
0.0311394
0.1232971
0.0088184
0.1880765
0.0482903
0.0275147
-0.0831163
-0.1650862
-0.0135958
0.1022444
-0.0000081
-0.1295711
-0.1241984
-0.1463348
-0.1026470
0.1142382
0.0353462
0.0946372
-0.0463747
-0.0174557
0.1469759
0.1204118
0.0169528
0.0506198
-0.0799898
-0.0065458
-0.1057990
0.1222568
-0.1486114
0.0805371
0.1042332
-0.0209096
-0.0728832
0.0983721
0.1399325
-0.0965753
0.0675889
0.1184612
-0.0563354
-0.0440296
0.1095640
-0.0805898
-0.0415032
-0.0422112
-0.1061760
0.0102644
0.0544481
0.0483627
0.0089761
-0.0630718
0.0688608
