-0.0582780
-0.0472235
0.0146654
-0.0653679
0.0168644
-0.0572698
-0.0581971
-0.0214920
0.0238436
0.0027795
-0.0261085
0.0492444
0.0180356
-0.0058568
-0.0444837
-0.0477442
-0.0069792
-0.0570759
0.0254066
0.0554183
-0.0324926
-0.0497267
-0.0208256
-0.0277513
-0.0191150
-0.0285855
-0.0144448
0.0636042
-0.0249590
0.0060776
-0.0047880
-0.0218793
0.0005942
0.0064630
0.0377322
0.0330019
0.0285646
-0.0388270
-0.0044886
0.0463441
0.0699062
0.0219461
0.0257561
-0.0320203
-0.0368287
0.0547508
-0.0395408
0.0188409
-0.0097686
-0.0223287
0.0365508
0.0085052
0.0147180
-0.0539785
0.0339127
-0.0373979
-0.0178935
0.0554966
0.0014335
0.0559895
0.0089433
0.0029788
0.0449106
0.0305680
-0.0574425
-0.0004017
0.0084167
0.0175040
0.0355882
0.0689000
-0.0127989
-0.0182424
-0.0185551
-0.0032018
-0.0205991
-0.0097835
0.0021073
0.0439132
-0.0529324
0.0437231
0.0576549
-0.0068747
0.0462158
-0.0282416
0.0252072
0.0274288
-0.0335179
0.0619301
-0.0133041
-0.0010598
-0.0090186
0.0115356
-0.0499616
0.0223822
-0.0206209
0.0393341
-0.0069629
-0.0366859
-0.0362985
0.0239053
0.0071087
0.0454984
0.0316312
0.0085410
0.0184469
0.0146198
0.0012992
0.0173906
-0.0137827
-0.0064611
-0.0455411
-0.0285052
-0.0211403
0.0079936
-0.0441673
0.0528342
0.0302213
-0.0623311
0.0113306
-0.0081386
-0.0533738
0.0531900
0.0142503
0.0430423
0.0394481
0.0071985
0.0485624
-0.0635007
-0.0279934
0.0147992
0.0569268
-0.0263585
-0.0132169
0.0563005
0.0402214
-0.0237539
-0.0284875
0.0343314
-0.0139025
0.0464970
0.0361432
-0.0094358
-0.0355573
-0.0118842
0.0051950
-0.0195552
0.0262817
-0.0208134
0.0182120
0.0628719
0.0215025
0.0482487
-0.0308652
-0.0200444
-0.0464174
0.0480832
-0.0518165
-0.0345138
-0.0238467
-0.0515702
-0.0518236
0.0156467
0.0162214
-0.0455548
-0.0090043
0.0110138
0.0446729
0.0301968
-0.0214216
0.0538016
-0.0203804
0.0222568
-0.0257913
-0.0489863
0.0240283
-0.0113339
-0.0099100
-0.1001707
0.0059348
-0.0791893
-0.0121960
0.0819714
0.0476335
0.1109068
0.0536667
0.0266554
0.0521715
0.0334231
-0.0046448
0.1677956
0.0595745
-0.0232296
-0.2059488
-0.3189314
-0.1544247
0.0408954
0.2560231
0.2336642
0.1879239
-0.0122653
0.0336040
0.0292744
-0.0418457
-0.0102009
-0.0145678
-0.0478970
-0.0310539
-0.0013525
-0.0200475
0.0290785
0.0708251
0.0244103
-0.0065908
0.0681231
0.0001205
0.0545093
-0.0001209
-0.0383415
-0.0627921
0.0433320
-0.0283363
0.0113363
0.0162884
-0.0133577
-0.0300087
0.0639172
0.0691143
-0.0068852
-0.0270003
0.0210062
-0.0159025
0.0134232
0.0215114
0.0224694
-0.0073241
-0.0287234
0.0547607
0.0151533
-0.0002263
0.0676315
0.0378315
0.0334960
-0.0108024
0.0432961
0.0400023
0.0113808
0.0059689
-0.0049102
0.0465947
0.0363498
-0.0052360
0.0531796
-0.0216665
0.0538940
-0.0447922
0.0510225
0.0112498
-0.0093575
-0.0090148
0.0521464
0.0144706
-0.0008478
-0.0200135
0.0081510
0.0309113
0.0012259
0.0146791
-0.0027775
0.0182890
-0.0282118
-0.0219553
-0.0261373
0.0652709
0.0223670
-0.0294175
0.0315018
-0.0338679
0.0319804
-0.0355872
0.0552714
0.0562762
0.0058607
0.0286532
0.0603875
-0.0290051
-0.0126917
0.0393698
0.0392591
-0.0287723
-0.0567010
-0.0243504
-0.0238418
0.0109300
0.0558187
-0.0447730
-0.0010905
-0.0518940
0.0330937
-0.0322982
-0.0071139
0.0323669
0.0088223
-0.0527227
-0.0571355
0.0136560
0.0390291
0.0536786
0.0393586
-0.0268083
0.0428517
0.0369769
0.0003332
0.0122955
-0.0211084
-0.0553472
0.0309887
0.0430476
-0.0174562
0.0105195
0.0080293
-0.0383337
-0.0175616
-0.0193396
0.0359806
0.0576913
0.0624749
-0.0473830
0.0430569
-0.0077284
0.0083110
0.0326953
0.0140154
-0.0365011
-0.0420849
0.0084994
-0.0615356
-0.0480995
0.0069179
0.0445376
0.0100935
-0.0633544
-0.0212505
-0.0178526
0.0573368
-0.0298624
0.0438481
-0.0520884
0.0015779
-0.0174755
-0.0091747
0.0060322
0.0023318
-0.0010596
-0.0011632
-0.0063748
0.0051563
-0.0116235
-0.0260736
-0.0293603
0.0085089
0.0331792
-0.0117076
0.0446860
0.0461236
0.0228515
0.0610799
0.0541913
-0.0166685
0.0560190
-0.0420878
-0.0018620
0.0048663
-0.0518693
0.0641451
-0.0157633
0.0161065
-0.0378316
-0.0093837
-0.0564428
-0.0502363
0.0389454
0.0373054
0.0239244
-0.0462261
0.0083145
0.0372869
0.0138168
-0.0503134
0.0345632
-0.0225018
0.0327805
-0.0641707
0.0524629
0.0330223
-0.0179175
-0.0012901
-0.0155459
0.0182636
0.0025805
-0.0331548
-0.0110524
0.0442342
0.0238413
0.0089106
0.0012283
-0.0345296
0.0139758
0.0360170
0.0409340
-0.0942881
-0.0606945
-0.1171993
-0.0801411
-0.0295896
0.0347899
-0.0117418
0.0005405
0.1164386
0.1213656
0.1086646
0.0231933
-0.0585607
-0.0037149
0.0971355
-0.0045543
-0.0488423
-0.2527338
-0.3251506
-0.1393216
0.1617094
0.2217594
0.1934849
0.1191906
0.0245144
0.0475594
-0.0794618
-0.0527550
-0.0487925
-0.1395461
-0.1053037
-0.0868779
-0.0430886
0.0652105
-0.0262630
0.0847918
0.0543634
0.0945837
0.0187191
-0.0043646
0.0332889
0.0491733
-0.0428663
-0.0610669
0.0006065
0.0229994
0.0027624
-0.0649438
0.0585597
-0.0216456
0.0157474
-0.0076333
0.0616732
0.0155917
0.0577005
0.0492205
-0.0415035
-0.0694770
-0.0059422
0.0069700
-0.0230945
0.0169318
0.0000823
-0.0120536
0.0489253
0.0682076
-0.0404429
0.0460880
-0.0492988
-0.0220018
-0.0345633
0.0373916
0.0161326
0.0468494
0.0347872
-0.0245533
0.0050018
-0.0281652
0.0073538
0.0170230
0.0619555
0.0424162
0.0073147
-0.0358256
-0.0125968
0.0296320
0.0266008
-0.0631541
-0.0029171
0.0554667
-0.0136820
0.0139906
0.0540587
0.0060723
0.0150329
-0.0545600
-0.0587405
0.0367459
0.0473783
-0.0265450
-0.0542821
0.0233720
-0.0458070
0.0103051
0.0151831
-0.0506159
-0.0000564
-0.0409180
0.0078070
-0.0561582
-0.0539989
0.0244411
0.0524426
-0.0344586
0.0284349
0.0311189
-0.0034707
0.0371451
0.0127125
-0.0232038
-0.0072715
-0.0604494
-0.0224707
-0.0695832
-0.0394119
-0.0124308
0.0520293
0.0247780
-0.0206052
-0.0159828
-0.0384273
-0.0396620
0.0299894
0.0189776
-0.0605721
0.0339520
0.0055708
-0.0106897
0.0070759
-0.0539384
-0.0091602
-0.0268520
0.0099534
0.0210890
-0.0232881
-0.0419866
-0.0149799
-0.0560149
-0.0078896
0.0463096
-0.0386474
0.0461399
-0.0064099
0.0608854
-0.0586861
-0.0354631
0.0148598
-0.0601042
-0.0573504
0.0025598
-0.0560621
0.0568821
-0.0555294
0.0131216
-0.0233950
-0.0213397
-0.0393404
-0.0455897
-0.0439010
0.0385166
-0.0403188
-0.0095502
-0.0265413
-0.0545162
-0.0087150
0.0614727
-0.0139712
0.0055974
0.0238177
-0.0565499
-0.0620408
0.0556771
0.0541550
-0.0617748
0.0404894
-0.0539308
0.0479721
0.0338885
0.0261122
-0.0625184
0.0125191
-0.0561740
0.0036027
-0.0567881
-0.0515675
0.0533384
-0.0285410
-0.0034945
-0.0603988
-0.0504873
0.0323927
0.0458316
0.0258504
0.0560410
-0.0522737
0.0553405
0.0065263
0.0605062
0.0437347
-0.0211271
-0.0103131
0.0498430
-0.0312543
0.0177018
-0.0000685
0.0346647
-0.0299271
0.0241314
0.0263840
0.0020639
-0.0535725
-0.0060484
0.0559798
0.0732530
-0.0139973
0.0149826
0.0487342
0.0357698
0.0136020
-0.0414304
0.0069533
-0.0088356
-0.0114978
-0.0455009
-0.0322030
-0.0149830
0.0395153
-0.0434123
0.0728192
0.0311155
0.0117759
0.0607182
0.0587848
0.1188999
0.0713200
0.0233324
-0.0944056
-0.1642311
-0.3858646
-0.2387882
-0.0991742
0.1866305
0.2892149
0.2796212
0.1900356
0.0765761
-0.0488518
0.0139074
-0.0293158
-0.0459654
-0.0840935
-0.0754461
-0.0144555
0.0058335
0.0412072
0.0044034
0.0165436
0.0566720
0.0886092
0.0845052
0.0514582
0.0475253
0.0108056
0.0329140
-0.0426650
0.0261706
0.0293507
-0.0062721
0.0048797
0.0250603
-0.0402363
0.0281642
0.0010776
0.0025972
-0.0224505
-0.0398944
-0.0219606
-0.0166565
0.0053789
0.0346233
0.0580737
0.0598280
-0.0306453
-0.0444168
0.0630957
-0.0137206
0.0499908
0.0164276
0.0303173
-0.0018841
0.0139509
0.0001520
0.0162072
-0.0463059
-0.0333714
0.0484650
0.0507297
0.0433557
0.0757377
-0.0247653
0.0131895
0.0293347
-0.0271552
-0.0430039
-0.0187456
-0.0719899
-0.0141975
0.0019054
0.0261435
-0.0248343
0.0820609
0.1032116
0.0973893
-0.0218444
0.0150104
0.0966711
0.2421849
0.2833649
-0.0094937
-0.4933112
-0.6939195
-0.4402903
0.0017395
0.4338592
0.5676097
0.3057314
0.0744149
-0.0728916
-0.0353756
-0.1132316
-0.0882769
-0.1025270
-0.1537530
-0.0036844
-0.0123570
0.0663475
0.0509864
0.0431454
0.0367602
0.0658019
0.0219507
0.0184168
0.0231672
-0.0428819
-0.0161006
0.0069136
-0.0652551
-0.0714655
-0.0628586
0.0371973
-0.0082108
-0.0160147
0.0161615
0.0468691
-0.0426818
-0.0334249
0.0292566
-0.0149084
-0.0365833
-0.0279558
-0.0303693
-0.0510437
0.0366821
0.0120074
0.0603726
-0.0406750
-0.0397832
-0.0584091
-0.0621150
-0.0567770
0.0061171
0.0147790
-0.0499323
0.0009126
-0.0359318
-0.0115199
0.0742326
-0.0121033
-0.0508906
-0.0497472
0.0139321
-0.0291726
-0.0611472
0.0050243
-0.0404474
0.0364423
-0.0197566
-0.0126084
0.0273452
0.0374516
-0.0034899
0.0366770
-0.0094991
-0.0008841
0.0321945
0.0166960
-0.0219553
0.0007553
0.0166892
0.0114254
0.0502440
0.0348321
0.0464371
-0.0069022
-0.0022716
-0.0337765
-0.0510828
0.0396358
-0.0044616
-0.0527140
0.0102583
-0.0486204
0.0372226
0.0587641
0.0663704
0.0629770
0.0092840
-0.0403894
-0.0494145
-0.0334051
-0.0627367
-0.0048173
0.0368314
-0.0330778
-0.0533051
0.0150563
-0.0134923
-0.0464668
0.0445774
0.0435339
0.0134886
-0.0473106
-0.0521693
-0.0523211
-0.0329957
0.0359046
-0.0618456
-0.0000361
0.0325815
0.0133985
-0.0330099
0.0327909
-0.0460771
-0.0515811
-0.0494922
0.0000801
0.0313882
0.0526527
0.0123274
-0.0068025
-0.0102996
0.0089964
-0.0048545
0.0148343
0.0237205
-0.0475794
0.0279644
-0.0359187
-0.0004428
-0.0166013
0.0546368
0.0363023
0.0127928
0.0337879
0.0466490
-0.0370571
0.0613333
0.0071457
0.0124036
0.0266085
0.0431073
0.0176571
-0.0021633
0.0247794
-0.0215505
-0.0322249
0.0044353
0.0042249
0.0005685
-0.0631383
-0.0155978
0.0255989
0.0482139
0.0433039
-0.0194894
0.0397047
-0.0181354
-0.0222605
0.0559303
0.0442045
0.0531569
0.0191877
-0.0311271
-0.0029694
-0.0052152
0.0029703
-0.0248851
-0.0558946
0.0572042
0.0541499
0.0428332
-0.0244210
-0.0434945
0.0071321
-0.0190822
0.0132259
0.0086183
-0.0297749
-0.0101396
-0.0381870
-0.0196450
0.0007337
-0.0612458
0.0421221
0.0593273
0.0109196
-0.0497625
0.0411253
-0.0083938
-0.0277964
-0.0344535
0.0491826
-0.0048580
0.0056703
-0.0599039
-0.0484150
0.0573427
-0.0319415
0.0010772
-0.0396373
-0.0233466
0.0526399
-0.0101352
-0.0176942
-0.0045190
-0.0135832
0.0515421
0.0201002
0.0422483
0.0541148
0.0574515
-0.0315704
0.0541366
0.0430733
-0.0015567
-0.0190240
-0.0386264
0.0070035
-0.0502051
0.0359054
0.0061887
-0.0473179
-0.0179157
-0.0467275
0.0428237
0.0056603
0.0568486
-0.0087938
0.0641852
0.0360701
-0.0104575
0.0043794
-0.0407773
-0.0098597
-0.1079582
-0.0153494
0.0135809
-0.0101866
-0.0114554
-0.0067110
0.0567068
0.1001291
0.0934016
0.0514691
0.0177014
0.0028488
-0.0100366
0.1400205
0.0128717
-0.1548624
-0.3424989
-0.2102532
-0.0899554
0.1326862
0.2219406
0.2299574
0.0664077
-0.0234318
-0.0238011
0.0144033
-0.0093655
-0.0325947
-0.0323836
-0.0129887
-0.0551476
0.0301142
0.0156578
0.0658588
-0.0209787
0.0900395
0.0296994
-0.0256133
-0.0027444
-0.0200815
-0.0060852
-0.0381714
-0.0569789
-0.0071955
-0.0771642
0.0248291
-0.0268701
-0.0026835
0.0017979
0.0642946
-0.0281270
-0.0388944
-0.0052626
-0.0573607
0.0537769
-0.0601032
0.0243481
-0.0427540
-0.0003027
-0.0270274
-0.0218672
0.0337692
0.0370801
-0.0458933
0.0291551
-0.0368272
-0.0472885
-0.0132406
0.0342805
0.0250526
0.0176694
-0.0191976
-0.0370903
0.0222179
0.0128807
-0.0497629
-0.0306502
-0.0033782
0.0009095
0.0535469
-0.0492074
-0.0468725
0.0398346
-0.0515143
0.0154983
-0.0173997
-0.0077961
-0.0067096
-0.0453380
-0.0327730
0.0069934
-0.0295125
-0.0074513
0.0020114
0.0208769
-0.0322259
-0.0573614
-0.0084312
0.0170224
0.0025272
0.0278770
0.0332365
-0.0327048
-0.0152293
0.0068565
0.0222041
0.0402027
-0.0606480
-0.0410522
0.0498663
0.0344400
0.0152652
0.0127547
-0.0392901
0.0570986
0.0028414
0.0500221
0.0616997
0.0135978
0.0521389
-0.0102371
0.0135261
-0.0640733
-0.0728792
-0.0131009
-0.0070394
-0.0513932
-0.0022481
0.0346380
-0.0285540
0.0289932
-0.0335656
0.0129992
-0.0132001
0.0344212
-0.0127647
0.0088031
-0.0336484
0.0166615
-0.0529697
-0.0067675
0.0650640
-0.0448049
-0.0366056
0.0200436
-0.0516103
0.0414157
-0.0158390
0.0101233
0.0434524
0.0136601
0.0185256
0.0084257
0.0025337
-0.0541783
0.0345152
0.0046592
0.0052702
0.0237946
0.0149890
0.0236736
0.0284990
0.0585546
0.0202507
-0.0171350
0.0081471
0.0219540
0.0234836
-0.0077946
0.0285883
-0.0191148
0.0089226
-0.0415982
-0.0310576
-0.0459896
-0.0048917
-0.0228152
0.0513002
0.0275938
-0.0504067
0.0285529
-0.0201178
-0.0057029
0.0188757
-0.0136553
-0.0349620
0.0482637
-0.0294649
-0.0330865
-0.0496402
0.0253397
0.0509716
0.0030152
-0.0029819
0.0367796
0.0012031
-0.0476602
0.0152702
-0.0133655
-0.0580920
-0.0588726
-0.0402494
0.0098509
0.0070948
0.0119008
0.0586342
-0.0428006
-0.0351732
-0.0512202
0.0448116
-0.0320858
0.0083527
-0.0068430
-0.0626981
-0.0173642
0.0095096
-0.0215975
0.0176577
0.0202813
-0.0171947
0.0257341
0.0020710
0.0551646
-0.0416841
-0.0515689
0.0599761
0.0635244
0.0684746
0.0617843
0.0582532
-0.0248917
-0.0210239
-0.0404832
0.0333351
-0.0750183
-0.0567808
-0.0393824
0.0235840
-0.0241077
0.0083639
0.0844454
-0.0260367
0.0075944
-0.0096541
-0.0212355
-0.0502723
0.0059577
-0.0294642
-0.0838449
-0.0384812
-0.0045071
-0.0912180
-0.0229186
-0.0134181
-0.0002889
0.0237513
0.0290998
0.0348800
0.0894626
0.0701623
-0.0328683
0.0346853
0.0445252
-0.0342440
-0.2753136
-0.3196226
-0.2262632
