0.0335170
-0.0264033
0.0371581
-0.0523939
-0.0491422
0.0865956
-0.0088995
-0.0184109
0.0427996
0.0584349
-0.0163071
-0.1007344
-0.0466303
-0.1567214
-0.1529415
0.0879821
0.1570436
-0.0500574
-0.0153625
0.0341679
0.2441305
0.3130300
-0.0264599
-0.2490016
-0.3019286
-0.3683512
-0.1248768
0.0003168
0.1478630
0.2230140
0.1702095
-0.0046439
0.0564305
0.0710487
-0.1366359
0.0333414
-0.0655574
-0.2199185
-0.1948891
0.0100116
-0.1524032
0.0853486
0.0782591
0.0405243
0.1056830
0.1234925
-0.0922908
-0.0272088
0.0265212
0.1232547
-0.0533592
0.1340525
0.0608994
-0.0052124
0.0720488
-0.0744576
0.0396513
-0.1272604
0.0233067
-0.0835177
-0.1268365
0.1017568
0.1079958
0.0819415
-0.0194722
-0.1271023
0.0088902
0.1097709
-0.0953415
-0.0302343
0.0169750
0.1122459
0.0723272
0.0981406
-0.0680765
0.0391253
-0.0461375
-0.0522305
-0.1307065
0.1046346
-0.1260119
-0.0931645
-0.0522953
-0.1274146
0.0985104
-0.1072113
-0.0903393
-0.0676110
0.0852915
-0.1376523
-0.0333226
0.1140606
-0.0785910
-0.1318947
-0.0954279
0.0677722
0.0178141
0.0195432
0.0910265
0.0915362
0.0671764
-0.1060511
-0.0618341
0.1031240
0.1146025
0.0702351
-0.0671466
-0.1336654
-0.0905132
0.1331197
0.0305849
0.1121622
0.1351439
0.1018123
0.0485841
0.0157274
-0.0968310
-0.0247633
0.0607254
0.1353221
0.0889978
-0.0373302
0.0303600
-0.0571746
0.0588598
-0.0421732
0.0743706
-0.1169903
-0.1312716
0.1425494
-0.1070496
0.1153434
-0.0895181
-0.0993900
-0.0048010
-0.1132315
0.0800258
-0.0451893
0.0967601
0.0306562
-0.0899742
-0.0392073
-0.1295825
0.0871003
-0.1487144
0.0451617
-0.1652173
-0.1053247
-0.0674767
0.0496743
0.0205869
-0.1293802
0.0056629
0.0683367
0.0438175
-0.0416974
-0.0523866
0.1453093
0.0370003
-0.0397973
0.0891595
-0.1127305
-0.0665970
0.0810613
0.0464367
0.1274618
0.1388710
0.0011968
0.1342548
0.0294963
0.1669955
0.0733885
0.0970200
0.1016816
-0.0120517
0.0245819
-0.1192944
0.0182368
-0.1534975
0.0636051
-0.1467849
0.1034179
0.1398752
-0.0951942
0.0669855
0.1859622
-0.0283815
0.1436458
-0.0900286
0.0463787
-0.1453137
-0.1905641
-0.1505390
-0.2279004
-0.1018739
0.0607112
0.0886016
0.0793240
-0.0796516
0.0034435
0.1894219
0.1951594
0.0599535
0.0078429
0.0923341
0.1915067
-0.0406282
-0.1937479
-0.3684281
-0.5216567
-0.0821917
0.2627900
0.3771296
0.4696030
0.3409873
0.0298031
-0.1082382
-0.0339551
-0.0505869
0.0197834
-0.0474002
-0.2312554
-0.1184490
0.0831699
0.0528692
-0.1131063
-0.0028065
-0.0346016
0.0326210
0.0695093
0.1701564
-0.0494968
0.1443864
0.1064314
-0.0101482
-0.1449556
-0.0672171
-0.1407709
-0.0483468
-0.0122778
0.0206880
-0.0181702
0.1257822
0.0120005
-0.1144537
0.1071996
-0.0430631
0.0538414
-0.0686856
0.1422002
-0.0198557
-0.0975125
-0.0460334
0.0194328
-0.0471497
-0.1239400
-0.0848934
-0.1039918
0.0701440
0.0904657
-0.0390664
-0.0092421
0.1398023
0.0092164
0.0838592
0.1203544
-0.0094078
-0.0314858
0.1284709
0.1497426
0.0756007
-0.1539338
0.0463595
0.0165287
-0.0965625
-0.0128544
0.1404703
0.0754797
-0.0057729
-0.0738755
0.0267854
-0.0959579
0.1342296
0.0948679
-0.0936426
0.0518078
0.0766833
-0.1130144
0.0101180
-0.1243021
-0.1175182
0.0075324
-0.0071721
-0.0937775
-0.1043554
-0.1254292
-0.0371350
0.0752075
-0.0941289
0.1222989
-0.0533060
0.0500433
0.0647603
-0.1431259
-0.0472702
0.1413081
-0.0014948
0.1186212
-0.0904639
-0.0730458
0.0213534
-0.1273951
0.1252146
-0.1255720
0.1219387
-0.0264338
0.0380659
0.0800510
-0.0266587
-0.0143110
0.0607121
-0.0294117
-0.0811431
0.0937214
-0.0362389
-0.0618809
0.0790307
0.0430222
0.1265460
-0.1131289
-0.0476129
0.0466820
-0.0266778
-0.0215995
-0.0027074
0.0887559
0.1258009
0.1034783
0.1087113
0.0747426
-0.0356726
0.1019504
-0.1352510
0.1446123
0.1391794
0.1142907
0.0449997
-0.0146610
0.0515035
0.1202429
-0.1267834
0.1169378
0.0331635
-0.1074810
0.1604366
-0.1112989
-0.0350976
-0.1406973
-0.0995259
-0.0798926
-0.0973802
-0.0222164
0.0599248
-0.0180417
0.0877632
0.0968110
-0.0729904
0.1172843
0.1845894
0.1478868
0.1305067
0.1545562
-0.1029746
-0.0830670
-0.0441763
0.0412367
-0.2117847
-0.1153956
0.0390628
0.0826412
0.0146575
0.1348944
0.1230743
0.2688547
0.0465232
0.2969591
0.2797320
0.2322902
0.0702681
-0.3280890
-0.6337303
-0.5592949
-0.3667584
0.1989461
0.3724470
0.3741423
0.2716670
0.0076130
0.1338835
-0.1309568
-0.0554584
-0.1916396
-0.1718125
-0.1610845
-0.2182005
-0.1488497
0.0824774
-0.0808970
0.1456093
0.1947887
0.0121074
0.0696314
0.0171256
-0.0879748
0.0544074
0.1236640
0.0042568
0.0585450
-0.1696250
0.0117852
-0.0856919
-0.1183302
0.0431168
-0.1303362
-0.0606290
0.0476823
0.1567053
0.1320449
0.0311373
0.0049139
-0.1186375
0.0764192
0.0544117
-0.0507624
-0.0776632
0.0804117
0.1169546
0.0482969
0.1038526
0.1351636
-0.0089483
0.1314184
0.0491273
0.1116342
-0.0433282
-0.0383468
0.0032799
-0.1225477
0.0168432
-0.0468093
-0.0767299
-0.1046900
-0.1310332
-0.1003646
-0.0592110
-0.0181959
0.0482620
0.0716118
0.0986493
-0.0169356
0.0930793
0.0172600
0.0813982
0.0634082
0.1122743
-0.0112536
-0.0893553
-0.0704275
-0.0116078
-0.0372817
-0.0570410
0.1035577
-0.0303223
0.0786259
-0.1731963
0.0169116
0.0705213
0.0247152
0.1665245
0.0635800
-0.0327913
-0.0434612
0.1219900
-0.0747411
0.0755837
-0.1110256
0.0336732
-0.0081538
-0.2171350
-0.1216240
-0.1605504
-0.0308455
-0.2144442
0.0180860
0.1334767
0.0302750
0.3216372
0.2020573
0.3731315
0.1385601
0.1734400
0.0023355
-0.2358413
-0.5654973
-0.5545081
-0.5987907
-0.6306436
-0.3939311
-0.0219937
0.6605142
1.2030874
1.2324569
0.4743012
-0.3214539
-1.1169289
-0.9189918
-0.4146762
-0.1461130
-0.0233878
0.0399503
-0.0262214
0.0975291
0.2752148
0.2770294
0.2614083
0.2253124
0.1197112
0.0779940
0.0928891
-0.2251252
-0.0235537
0.0041329
-0.2052521
0.0113952
-0.0808241
-0.1414318
-0.0998706
0.0879774
0.1888507
0.1731632
0.0537585
0.0434297
-0.1060815
-0.0197671
-0.0850471
-0.0398072
0.0458038
0.0658067
0.0458902
0.0787557
-0.0863544
-0.0738896
-0.0523758
0.1082049
-0.0533048
-0.0480374
-0.0954305
-0.0856040
-0.0492712
-0.1353302
-0.0664265
-0.0703481
-0.0751195
0.0368257
0.1207499
0.0475741
0.0801533
-0.0566441
0.0105596
-0.1792048
-0.0964500
0.0082498
0.1065757
0.0034759
0.0030280
-0.0085689
0.1788175
0.1184440
0.0981825
-0.1383723
0.0885502
-0.1464573
-0.0051993
-0.1605419
0.0835505
0.0280547
0.0469620
-0.0960890
0.0484395
-0.0566401
-0.0939749
-0.0836522
0.0712315
-0.0537992
0.0969810
0.1455397
0.0315990
-0.0239450
-0.0108925
0.0683915
0.1397694
-0.0489189
0.0713370
-0.0496550
0.0052942
0.0204430
-0.0274041
0.1207534
0.0083909
0.0010458
0.0216157
0.0721831
-0.1022766
-0.0368422
0.0075011
-0.1118454
0.0842171
0.1146536
-0.1104148
0.0988458
0.0136450
-0.0079316
-0.0814507
0.1224779
-0.1059050
-0.0944560
0.1089599
0.0469429
0.1284189
0.0854440
0.0771286
0.0618939
-0.0451177
-0.0482672
-0.0334267
0.1380693
0.0102236
-0.1451872
0.0755535
-0.1302006
0.1059806
0.0840939
-0.0195149
0.0141445
-0.1118691
0.0866777
0.0272429
0.1160041
0.1305836
0.0757183
0.1059493
0.0471309
-0.1047967
0.0887992
0.0375182
-0.0789182
0.0402782
0.1136793
0.0206677
-0.1395686
-0.0084958
-0.1148831
0.1248541
0.0880833
-0.0945570
0.0420947
0.0831545
0.0459995
0.0222673
-0.1101879
0.0960146
-0.0397180
0.0556721
0.1076310
-0.0693306
0.1446534
0.1428333
-0.1467837
0.1123487
-0.0107913
0.0912025
0.0988067
0.0187328
-0.0107307
0.0869897
0.0279672
-0.0207164
0.0327251
0.0859173
0.0890391
0.0284207
-0.0638481
0.1114022
0.0220057
-0.0981760
-0.0677121
0.0825856
0.1165625
-0.0611240
0.0802952
0.0127367
-0.1315885
-0.0461699
-0.0672574
-0.1339888
-0.0531124
0.0341991
-0.0274124
-0.0742720
-0.0174816
0.1257238
-0.0356008
-0.0729599
-0.1028506
-0.0858424
-0.0140246
-0.0616082
-0.0483016
0.0101718
-0.0048178
0.0301165
0.1395819
-0.0259393
0.1139313
-0.0787913
0.1274123
-0.1312016
0.1258418
0.0826694
-0.1063744
0.0972622
-0.1314519
0.0096532
0.0808337
-0.0121436
-0.1338595
0.0144248
0.0792506
-0.0077751
0.0599027
0.1659673
-0.0386252
0.1374413
-0.0079905
-0.0361513
-0.0483028
0.0317029
0.0057713
-0.0075836
0.0734760
0.0681989
-0.1526345
-0.1324700
0.0938854
0.0473856
0.0431705
0.0142664
0.1249004
0.0358483
0.2496708
0.1027862
0.0122186
-0.3177146
-0.3585098
-0.2969473
0.0919771
0.2526251
0.2212682
0.1091267
0.1024390
0.1019939
0.0531057
-0.1283797
-0.0589950
-0.0845822
-0.2229195
-0.0147528
-0.0647389
-0.0651621
-0.1024139
-0.1011766
0.1099779
0.1465078
0.1702342
0.0967218
-0.1041966
0.0075463
0.0370907
-0.1371740
0.0352076
0.0696242
-0.1203154
-0.0613401
-0.0932705
0.0284078
0.1315832
0.1122668
-0.0135132
-0.0869231
0.1539790
-0.0948488
0.1310086
-0.0235889
-0.0275292
0.0343224
0.1404069
0.0374820
-0.0272824
-0.0305813
0.0864731
0.0347455
0.0002391
0.0301320
-0.0768789
-0.0877771
0.1161545
0.0659500
-0.0934993
0.0304788
-0.1351912
-0.0111294
0.0981744
-0.0360957
-0.0041795
-0.0167203
0.0059437
0.0489424
0.1019208
0.0146180
-0.0787004
0.0341190
0.0653757
-0.0240367
0.1335776
-0.1271724
-0.1287123
-0.0756849
-0.0588048
-0.0679948
0.1130927
0.0776081
-0.1375908
-0.0921788
0.0224421
-0.0330743
-0.0044827
-0.0360288
-0.0460069
-0.1510286
0.0398636
0.0397609
0.0924384
0.0881387
-0.0737303
0.1128993
-0.0053800
0.0265795
0.1193204
0.0904008
-0.0681616
-0.0732077
-0.0470772
0.0361829
-0.0820827
0.0739576
0.0533506
0.0156016
-0.0374619
0.1410301
0.0904698
-0.0217837
-0.0779257
-0.0351731
-0.0697841
-0.0840412
0.0791048
-0.0520402
-0.0983738
0.0614619
-0.0734958
-0.0829947
0.0450894
-0.0578034
-0.0428631
-0.1088189
-0.1388109
-0.0674450
0.0876257
-0.0012065
0.0419317
-0.0190715
0.1431858
0.1543929
0.0211431
0.0683285
0.0920120
-0.1212035
0.0921170
0.1097371
0.0065548
-0.0326145
0.0251064
-0.1031526
0.0086073
-0.0905411
0.1244987
-0.0573191
0.0563659
-0.1116563
0.1135408
0.1097041
-0.0707730
-0.0701028
-0.0716551
0.0373237
-0.0088970
-0.0508822
-0.0997662
0.0005361
-0.0020330
0.0481515
-0.0960201
0.0334609
-0.0343072
-0.0693987
0.1847545
0.1621167
0.3935499
0.1653811
0.0841771
-0.2018551
-0.6241603
-0.3831403
-0.2015426
0.1004725
0.1979662
0.3171750
0.2524187
0.1666851
0.0478068
-0.1359802
-0.1274597
-0.1960753
-0.0012183
0.0056579
0.0784391
0.1017061
0.0563814
0.0943901
0.0659914
0.1127545
-0.0349496
-0.0182931
0.0235095
0.0597853
0.1040427
-0.0741668
0.0703262
0.0853170
0.0414684
-0.1151464
-0.1138986
-0.0130357
0.1316393
-0.1132656
0.0717306
-0.0536431
-0.0997788
0.0893783
-0.0991859
0.0290715
0.0127742
-0.1290720
-0.0972476
-0.0453472
0.0261435
0.1023618
0.0507352
0.0120079
0.0116630
0.0856393
-0.0974078
0.0556615
0.0202713
0.1420419
0.0593668
-0.1432806
0.0664419
-0.0223495
0.1099400
0.0990728
-0.1152826
-0.0907038
-0.0609288
-0.1186209
-0.1097655
0.1340081
-0.0167125
0.1249629
-0.0308214
0.0331985
0.1116989
-0.0894406
0.1258754
0.1476659
0.0624288
-0.0582863
-0.0972078
0.0756392
0.0485802
-0.1265614
-0.0030911
-0.0351112
0.0057149
0.0976682
-0.0526947
-0.1484158
-0.0296294
0.1452412
0.1253090
0.0024256
0.0576079
-0.0532840
-0.0612550
-0.0718135
-0.1228498
0.0593566
-0.0772447
-0.0050486
0.0571747
-0.1454349
0.0720080
-0.1340967
0.0067405
-0.0878599
0.0425028
0.0630928
0.0848317
-0.0287527
-0.0615447
0.0467899
0.0868549
-0.1424107
-0.0151435
-0.1234515
0.0306338
-0.0379398
-0.1303127
-0.1070965
0.1299464
0.0396219
-0.1311594
0.0776814
0.0331429
-0.1220788
0.1192142
0.0593919
0.0644545
0.1022167
0.0984065
-0.1181430
-0.0164275
-0.0707083
0.1111319
-0.1063594
-0.0249402
-0.0023180
0.0026857
0.0108770
0.0932943
-0.0470302
-0.0757216
-0.0497761
0.1538982
-0.0438079
0.0758806
0.0844381
0.0234418
0.0828352
-0.0186645
0.0500627
-0.1255777
-0.0366480
0.0743969
-0.0993467
-0.2125948
-0.2034716
0.0842269
0.1078813
0.0847280
0.1016185
0.1556401
0.0064594
0.0642753
0.0030640
0.2190903
-0.1045220
-0.1220215
-0.2324413
-0.3614995
-0.3187302
-0.1017098
0.0815039
0.3160502
0.4216226
0.1991111
0.1699937
-0.1102677
0.0902330
-0.0618163
-0.1786248
-0.0722569
-0.0539754
-0.1257454
-0.1659687
0.0945002
0.0752771
0.0838199
0.0167519
0.0200440
0.0516963
0.1256897
-0.0098173
0.0058618
0.0645012
0.0700027
0.0808229
0.0100079
0.0632099
-0.1224510
-0.0997926
0.1153791
0.0551674
0.1308439
0.0488390
0.1310407
-0.0813128
-0.0519200
-0.0800412
-0.0784426
0.1269651
-0.1242923
0.1176830
0.1157179
-0.0376375
0.0016020
-0.0186465
-0.1124140
-0.1393170
-0.0303082
-0.0595398
0.0399276
0.0204013
0.0403188
0.1294405
-0.0552040
0.0261710
0.1046076
-0.0550847
-0.0144669
-0.0087893
-0.1333397
-0.1113960
-0.0712028
-0.0941073
-0.0906979
0.0408293
-0.0964344
-0.1164597
-0.0623553
0.0362007
-0.0373862
-0.0915996
-0.0217731
0.0195723
0.1147253
-0.0880185
-0.1256366
-0.0566408
-0.0081970
0.1402898
-0.0723064
0.0221072
0.1272117
-0.0809988
-0.1316160
-0.1278054
0.0271245
-0.0925107
0.1258889
-0.0299475
-0.0129084
-0.0905563
0.0667719
-0.1025397
0.1273134
-0.1481962
-0.1373514
0.0720778
-0.0394064
0.0849518
0.0603454
-0.0418220
0.0323099
-0.0574466
0.0640836
0.0158317
0.0677789
-0.0154533
0.1021906
0.1071261
0.0120292
-0.1067559
-0.0090389
0.1293458
-0.0933472
-0.1035253
0.1440743
-0.1146287
-0.0052123
-0.1177335
-0.0867896
-0.0773983
-0.0096291
-0.0779893
0.0585195
0.0167387
0.0877539
-0.1122900
-0.0058919
0.1046736
-0.1194615
-0.0060981
-0.1200563
0.0329053
-0.0426791
-0.0772707
-0.0859794
-0.0187674
-0.1086012
-0.0191326
-0.0326302
0.0378727
0.0101881
0.1053821
-0.0157283
-0.0736553
-0.0345456
-0.1550349
-0.0421522
