-0.1130088
0.1317436
-0.0281474
0.1047213
-0.0116556
0.1786070
0.0997730
0.0128074
0.1104013
0.0007027
-0.0132399
-0.0473234
0.0452067
-0.1550193
-0.0942184
0.1481999
-0.0811400
-0.0212548
0.1137509
0.1390547
-0.0006654
0.0845325
0.1332151
-0.0738667
-0.1529806
-0.4144713
-0.4986584
-0.1918136
-0.0865295
0.3236482
0.3818429
0.2323278
0.2518035
-0.0125881
-0.0829281
0.0898834
-0.1738404
-0.0064900
-0.1303679
-0.1384149
-0.1459102
-0.0018122
-0.1237604
0.1409482
0.1211371
0.0689874
0.0491580
0.0680557
0.0931050
0.1130351
0.1093704
-0.0583418
0.0235560
-0.0800356
-0.0518054
0.0154532
-0.0292604
0.0402296
0.1250114
-0.0934244
-0.0044425
-0.0882091
-0.0872315
0.1587045
0.1074240
-0.1285082
-0.1054957
0.0189453
0.0629002
-0.1291874
0.0704768
-0.1466843
0.0671449
0.0193760
-0.0931484
-0.0120546
0.0968650
-0.0347167
0.0137097
0.0994738
0.1348129
0.0384398
-0.0712429
0.0349824
0.1451918
-0.0637814
-0.0419751
0.0573332
-0.0961179
-0.1036320
-0.0760160
-0.1297142
0.1326895
0.0067444
0.0788595
-0.0720116
0.0181729
-0.1194220
0.0088742
0.0120647
0.0428886
0.0138250
0.1425737
-0.0214563
0.0238542
-0.0607420
0.0944871
-0.0402461
0.1049133
-0.0070979
-0.0718419
-0.0676481
0.0845111
0.1171391
0.1356612
0.0269460
-0.0888194
-0.0077617
-0.1117794
-0.0200596
-0.0301737
0.0702224
0.0885342
0.1063418
0.0666951
0.1435991
0.0018708
-0.0230851
0.0165902
0.0839265
-0.0304616
-0.0734327
-0.0363761
-0.0682515
0.1153004
0.1363691
0.0443493
-0.0710936
0.0008480
0.0792817
-0.0290662
-0.0886357
0.1145436
0.0637476
0.0153877
0.1055290
-0.1355655
-0.0910541
-0.0172851
0.1489142
0.0187792
0.1418374
-0.0655959
0.1224836
-0.1580952
-0.0879342
0.1242798
0.0916919
-0.0057064
-0.0931034
0.0473644
0.1144656
0.1457779
-0.1146720
0.0519387
-0.0033865
-0.0689292
0.0836287
0.0662279
-0.0483143
-0.0832914
-0.0300767
-0.0490089
-0.0502062
-0.0546931
0.1226794
-0.0714587
0.0061265
0.0464645
0.1546194
-0.0929360
0.0792206
0.0011938
0.0367736
0.0163539
0.0070049
-0.1005896
-0.0481967
0.0231668
0.0220185
0.0586310
0.0866284
0.0747827
0.0675505
0.1264881
0.3097060
0.1596804
0.1866750
0.0516326
0.0213411
-0.2515031
-0.4158438
-0.5632979
-0.2011413
-0.0144661
0.2838192
0.4352327
0.3121578
0.2438433
-0.0526469
-0.0386382
-0.0783004
-0.2221102
-0.0898736
-0.1744000
-0.0286374
-0.0811090
-0.0669400
-0.0828524
-0.1177070
0.1209580
0.1511162
-0.0200633
-0.0050404
0.1606175
-0.0798200
0.0293903
0.1089075
-0.0860384
0.0857480
-0.0927285
0.0147517
-0.0742282
-0.0553586
0.0781756
-0.0676954
0.1531541
-0.0724486
0.0731055
0.1491070
-0.0240537
-0.0354752
-0.1005058
0.0313718
-0.0302556
-0.1079313
0.0129374
0.0308959
0.0387627
0.1384281
-0.0742836
0.0470259
-0.0479861
-0.1068893
0.1040048
-0.0536164
0.0558910
-0.1106301
-0.0577065
-0.0874944
-0.0858675
0.0980196
-0.1017672
0.1440987
-0.0141504
-0.1402970
-0.0518500
0.0140291
0.0443985
-0.0337000
0.0335341
-0.0305959
-0.0265360
0.0961755
-0.0881948
-0.0763472
-0.1239448
0.0599426
0.0503147
-0.0694941
0.0895949
0.0694630
-0.1374822
0.0363876
0.0520789
-0.0995932
-0.1344707
-0.0711093
0.0936728
-0.0496162
0.1134887
0.1305321
0.0724333
0.1236787
0.1172245
0.0382893
0.1306466
-0.1091065
0.0068167
-0.0911231
-0.1051524
-0.0840449
-0.1347957
0.1414664
-0.0492434
-0.0331249
-0.1063050
0.0784796
0.0636944
0.0171448
-0.0948070
-0.0310042
0.1072100
-0.1197112
0.0910518
0.0271419
0.0475618
-0.0073927
-0.1247608
-0.1080061
-0.0621605
0.0618383
-0.0644404
0.0407791
-0.0239051
-0.0379049
-0.1342074
-0.0199247
-0.1304795
0.0669966
-0.0269544
0.1505633
-0.0719331
-0.0324347
-0.0159981
-0.1151026
-0.1264746
-0.1238196
-0.1599000
0.0509382
0.0213540
-0.0772720
-0.1098937
0.0740217
-0.1494010
-0.0843312
0.0823206
-0.1196616
-0.0818258
0.1207972
-0.0787923
0.1585025
0.1351258
-0.0369849
-0.0105194
-0.1127484
0.0409696
-0.0791362
-0.1399934
-0.0174696
-0.2003146
-0.0145345
-0.0202369
-0.0555397
0.1191689
0.0767253
0.1279896
0.2747043
0.0760414
0.1155102
0.2020663
0.3357087
0.1254078
-0.2358954
-0.4813142
-0.5812347
-0.4242850
0.0081126
0.4020233
0.4500642
0.2962462
0.0688012
-0.0865750
0.0516447
-0.0689910
0.0004191
-0.1076682
-0.0474002
-0.0480937
-0.1737943
0.0567185
-0.1214869
0.1200139
-0.0286753
0.0244795
0.0063446
0.1227122
0.1377452
-0.1171489
-0.1056294
0.0613049
-0.0749815
-0.1571085
-0.1304204
-0.0317080
0.1113293
-0.0293089
-0.0223969
-0.1216776
-0.1006962
0.1193842
0.0797342
0.0280910
0.1637932
-0.1096253
0.0646698
-0.0893692
0.1133783
-0.0265670
-0.0842805
0.1255521
0.1147265
-0.0776447
-0.1090314
0.0426584
0.1421758
-0.0444818
-0.0399870
0.0141179
0.1006078
0.1419978
-0.0115543
0.0752132
-0.0607139
-0.0518867
-0.0118910
0.0031026
0.1134804
-0.0455275
0.0595369
-0.0069140
0.1161939
-0.1187452
0.1395418
0.0788474
-0.1022987
0.1047294
0.0130508
0.0997895
-0.0633281
0.1005892
-0.0915423
0.0828399
0.0993688
-0.1476368
-0.1082097
0.0688478
0.1236182
-0.1375975
0.0593707
0.0031282
0.1203528
0.0533218
0.1312261
-0.0554780
0.0319310
-0.1024338
-0.0104409
0.0210285
-0.0543394
-0.0345437
0.0189424
0.0737588
-0.0093011
-0.1325359
0.0796567
0.1058664
-0.0523947
-0.0139308
0.0344387
0.0720681
-0.0248025
-0.0126033
0.0592947
0.0247464
-0.0174252
-0.0103680
-0.0457135
-0.0988810
0.0576456
0.0780225
-0.0672448
0.0670271
0.0420689
0.1063569
-0.0542299
-0.0250981
0.1130425
-0.0319575
0.1071622
-0.0933052
-0.0686704
-0.0238878
0.0013968
-0.1344827
0.1294255
0.1297966
-0.0634860
-0.0888947
0.0119940
-0.0823063
0.0355724
0.1488645
-0.0974490
-0.0335533
-0.0985592
0.1186713
-0.0636650
-0.0313585
-0.0260679
-0.0029476
0.0242581
0.1121004
-0.0962878
-0.0407912
-0.0921896
0.0806008
0.0599312
0.0639235
-0.1104474
-0.0608944
0.1432412
0.1433216
0.1056977
-0.0289347
-0.0499503
-0.0213724
-0.0844005
-0.1522639
0.0448790
-0.1461166
0.0457615
0.1264741
0.1791996
0.0056117
0.2081147
0.2825483
0.2170573
0.1247143
0.0960583
-0.1676475
-0.1567042
-0.4642441
-0.3809005
-0.2225721
0.1615125
0.2856586
0.2711356
0.2414418
0.1316005
0.0762503
-0.1045992
-0.0736879
-0.1991674
-0.0045597
-0.2501472
-0.1403369
-0.0661378
-0.1145499
-0.1107052
0.0872748
0.0643717
0.0448298
0.1847410
0.1828194
0.1439753
-0.0630707
-0.0157830
-0.1542957
-0.0455528
0.0073493
-0.0154247
0.0803790
0.1018553
0.1325286
-0.1001268
-0.1048736
0.1172087
-0.0321534
0.0285976
0.0439162
0.0525528
-0.1016962
-0.0957734
-0.0126978
-0.0085469
-0.0419149
-0.0504202
-0.1293900
-0.0668987
-0.0970161
-0.0051078
-0.1412859
-0.1306035
0.0491706
-0.0906893
0.0553059
-0.1031378
-0.0199982
-0.0008506
-0.0983742
-0.0663107
0.0037265
0.0433666
0.1165921
0.0930786
-0.1287854
0.1303854
-0.0776728
0.0521603
0.1403719
-0.0869099
-0.0389850
0.1306827
0.0025326
0.0039520
-0.0403727
-0.0929704
-0.0591330
0.0054486
0.1162014
0.0055863
-0.0292737
0.1166731
-0.1487612
-0.0996863
-0.0562985
-0.0987566
-0.0577647
-0.0486058
0.0852744
-0.0417171
-0.0402222
0.1244866
0.0124964
-0.1011068
0.1250222
-0.1465650
0.0709204
0.1043196
-0.1408979
0.1328379
-0.1072491
0.0770110
0.1422094
-0.0505319
-0.0480887
0.0779298
-0.0728894
0.1312343
-0.0027649
0.0457026
-0.0828635
-0.1183708
0.1465030
0.0045448
-0.0091504
0.0992761
0.1210911
0.0858542
-0.0397574
-0.0762855
0.1245198
-0.0949693
-0.0099960
-0.0228523
-0.1300732
0.0566231
0.0674259
0.1072359
0.0596031
-0.0069584
0.0641733
0.0989783
0.0052717
0.0776803
0.1242338
-0.0756118
0.0233343
-0.1088229
-0.0988653
0.0135348
0.0325966
0.0371496
-0.0863801
-0.1709791
0.1188843
-0.1273999
-0.0266817
0.0374905
0.0767762
-0.0187889
-0.0368935
0.0331160
0.1009808
0.0861674
0.1325752
-0.0346243
0.1173695
0.0807955
0.0646236
0.1652535
-0.0744530
0.0706028
0.0312853
0.0847759
-0.1635398
-0.0009206
0.0925980
-0.0130605
-0.0962405
0.0947467
0.0523803
-0.0994370
0.1262510
0.3046723
0.3700140
0.1294462
-0.0170239
-0.4121977
-0.5583100
-0.4701103
-0.0901688
0.0752671
0.2281953
0.3995083
0.1031680
0.0607996
0.0909760
0.0632336
0.0001588
-0.0958544
-0.0044420
0.0260199
-0.1718824
-0.1134848
-0.1224551
0.0001991
0.0434316
0.1416940
-0.0826839
-0.0406884
0.1341076
0.0748321
0.0942623
0.1184002
0.1027744
0.0316368
-0.1416939
0.0373818
-0.1090448
-0.0003548
0.0506088
-0.1472509
0.0072156
0.1225513
-0.0895496
-0.0413161
0.1376202
-0.0158618
-0.1025604
0.0464931
0.0977112
-0.0777428
-0.0448294
-0.0899581
-0.1241366
0.0418807
-0.0987437
-0.1209149
0.1385713
-0.0422207
-0.0423242
-0.0425611
0.0497562
-0.1110264
-0.0043310
-0.0668736
-0.1437513
-0.0257656
0.0876591
-0.0655346
-0.1193580
-0.1198388
0.0171776
0.1066393
0.0954408
0.1130324
-0.1059478
0.0521775
0.0340750
-0.0969662
0.0172769
0.1206906
-0.0390358
0.1081359
0.0162102
-0.1156657
-0.1139627
-0.1165503
0.0392960
-0.1405806
0.1426850
0.0710359
0.1090104
-0.1358215
-0.0601585
-0.0773543
-0.1190735
0.0950294
-0.0909085
-0.1053918
-0.0319715
-0.0305138
0.0899197
0.0186695
0.0730631
-0.1034200
-0.1244680
0.1428473
0.0427874
-0.1188899
-0.0058401
0.1067363
0.0753800
-0.0001361
-0.0028486
0.0027008
-0.1399898
-0.1050677
0.0334425
0.0193655
0.1083958
-0.0215188
-0.0235185
0.1240514
0.1561670
0.0809541
-0.1128089
-0.1142931
-0.1194289
0.0096752
-0.0490177
-0.0782937
-0.1367891
-0.1575514
-0.1626646
-0.0649606
0.1665270
-0.0641247
-0.0800002
-0.0522645
0.0710213
-0.1428183
-0.1751885
-0.0002337
-0.0899727
-0.1119043
0.0004755
0.0486251
-0.1019636
0.0131903
0.1758078
0.1640153
0.0418464
0.0806871
0.1361477
0.0528636
-0.1274481
0.0416025
-0.0057577
0.0310658
-0.0676008
-0.1958078
0.0700315
0.0845942
-0.0581001
-0.0002586
0.0195610
-0.0351956
0.1273552
0.1925613
0.2966613
0.0421543
-0.2627085
-0.3391034
-0.3278757
-0.1794105
0.0571536
0.2503787
0.2856772
0.3114841
0.2362591
0.1607032
0.0517828
0.0173803
-0.1131050
0.0264279
-0.1615320
0.0259787
-0.1071768
0.0336424
-0.0779139
0.0539687
-0.0769226
-0.0764908
0.0588328
0.1792092
0.0638488
-0.0016381
0.0645115
-0.1371541
-0.1179888
-0.0767531
-0.0681278
0.0606780
0.0991103
0.0976686
-0.0395434
-0.1418797
-0.0747175
0.1090538
0.0821208
0.1334577
0.0326738
-0.1156980
-0.0207997
0.0292318
-0.0138975
0.0802228
-0.1421779
0.1004144
0.0815952
-0.0855130
0.0533213
0.0540441
-0.1306685
-0.0730814
0.0911090
-0.0214547
-0.1179921
-0.0734454
0.0126715
0.0566815
0.1078005
0.0583597
-0.0358307
0.1444533
-0.1314439
-0.0645204
0.0997000
0.0510676
-0.1120776
0.1119689
0.0038515
0.1106532
-0.1447814
-0.1063895
0.0820896
-0.0405085
0.0334885
0.1126743
-0.1457499
-0.1441336
-0.0132369
0.0570310
-0.0797944
-0.0366639
-0.0833724
0.1124106
-0.1188340
-0.0675770
-0.1211920
0.0926497
-0.0060083
0.0702677
-0.1405563
0.1034468
0.1423312
-0.1418809
0.1089203
-0.0066172
0.0734865
0.1274007
0.0184253
-0.0700380
0.0012760
-0.0833547
-0.0143564
0.1183840
0.0575932
-0.1074808
-0.0052498
-0.0657775
0.0650476
0.0524563
0.1343302
0.0000650
-0.1181709
-0.0742431
-0.0489091
-0.1408769
0.0845746
0.0331388
0.0141096
-0.0739678
0.0878785
0.0774487
0.0548352
-0.1230871
-0.0664635
-0.0268190
-0.0895342
0.1272232
-0.1260202
0.0688022
-0.0201777
0.0898119
-0.1430799
0.1055633
0.1449393
-0.0625735
0.1174109
0.0078353
0.1009901
0.0038358
-0.0887566
0.0001859
0.0585830
-0.0065370
-0.0030493
0.1618411
0.0582439
0.1163408
0.0083371
-0.0607919
0.0183744
-0.1435217
-0.1436045
-0.0957376
0.0347944
-0.1092320
0.0180250
-0.1015299
0.1366720
0.0133397
0.1414554
0.1435560
-0.0096524
0.0752821
-0.1145894
0.0280618
-0.0124279
0.0154356
-0.0076467
-0.1613625
0.0569843
0.0706618
-0.1156248
0.1958085
-0.0150288
0.0145304
0.0199092
0.0008345
0.0847430
-0.0347608
-0.0545779
-0.3045445
-0.3613970
-0.3723975
-0.3035315
0.1021686
0.5489008
0.2414662
0.2819569
-0.0341384
0.0597407
-0.1071154
-0.0252863
-0.0458792
-0.0377019
-0.2280167
0.0426132
-0.1080347
0.1145314
0.1123145
-0.1133748
0.1093199
0.1068308
0.0239415
0.1284330
-0.0067793
-0.0772328
-0.0342687
-0.0785030
0.0054358
-0.0323034
-0.1292932
0.0195517
-0.0396445
-0.0001102
0.1368158
-0.0185629
0.0190478
-0.0255096
-0.1355164
0.0071122
-0.0188092
0.0735719
0.0887313
0.1054710
0.0214944
-0.1392921
0.1434375
-0.1011712
-0.1214706
-0.0886484
0.1289413
-0.1051305
0.1075807
0.0325557
-0.0663744
-0.1631020
-0.1560833
-0.1632984
0.0930579
0.1246130
0.1118949
-0.0888308
0.1083440
-0.0547016
0.1885037
0.1213712
0.0347307
0.1066029
0.0625957
-0.0019436
-0.1729217
-0.2339583
-0.0342906
-0.1754503
-0.0103777
-0.0125145
-0.1037894
0.1699708
0.2890885
0.0828684
0.1687494
0.0306345
0.3429367
0.5009309
0.2384809
-0.0525723
-0.8377772
-1.4614110
-0.7949067
0.0337851
0.8569599
1.0178779
0.6846099
0.1259662
-0.1456678
-0.2438011
-0.0272616
-0.2440518
-0.4116241
-0.2464116
-0.0906200
-0.1708958
-0.0448535
0.0008886
0.0069248
-0.0293983
0.0959360
-0.0378042
0.2108265
0.0242145
0.0873842
0.1208305
-0.1685217
0.0135066
-0.1056808
-0.1721250
0.0143553
-0.0875923
0.0747611
0.0403364
-0.1148188
-0.0269521
0.1538643
-0.0918153
0.0261493
0.0831485
0.0765812
0.1099323
0.0011717
-0.0475193
-0.0875162
0.0031321
0.0707569
0.0904978
0.0151023
-0.0289818
0.0513058
0.0634003
-0.0628074
-0.1048114
0.1446183
-0.0055869
0.1670148
0.1051052
0.0374953
0.0391308
-0.1222560
0.1074589
-0.0654925
-0.0072800
-0.0482095
0.0882666
0.0834151
-0.1656355
0.0955375
-0.0607675
0.1324543
-0.1069141
0.1607537
0.0785396
0.0149192
0.1051306
-0.0260186
0.0543782
-0.1051715
-0.0180726
-0.0874086
-0.2295881
-0.1885176
-0.1088480
-0.1681311
-0.0863276
0.0236810
