0.0463988
-0.0603337
0.0325053
0.0469408
0.0139607
-0.0224738
-0.0188485
0.0294279
-0.0002388
0.0155999
0.0260320
0.0244794
0.0414827
-0.0579556
0.0087070
-0.0063668
-0.0355876
-0.0192668
-0.0057960
-0.0016299
0.0152224
0.0102077
-0.0234647
0.0052276
-0.0550347
0.0517002
-0.0202124
0.0558305
0.0365742
-0.0601806
0.0478561
0.0129975
-0.0002820
0.0784490
0.0476691
-0.0171218
0.0013586
-0.0150334
0.0092761
-0.0459075
-0.0441392
0.0338363
-0.0489827
0.0422419
0.0111684
-0.0538396
-0.0382016
0.0289203
-0.0332180
-0.0105468
0.0591036
0.0016549
-0.0564018
-0.0087201
0.0075544
0.0325653
0.0316788
-0.0103161
-0.0456236
-0.0046132
0.0028850
0.0230963
0.0257185
-0.0329115
-0.0619037
-0.0448484
-0.0005630
0.0580697
-0.0203784
0.0602777
-0.0350210
0.0580192
0.0363593
-0.0394962
-0.0108645
0.0451691
-0.0109047
-0.0493953
0.0623357
0.0541553
-0.0471584
0.0230227
0.0083904
-0.0208562
0.0068397
-0.0175497
0.0320083
0.0509146
0.0212903
-0.0002630
0.0432385
0.0521995
-0.0592509
0.0317134
-0.0270749
0.0060334
0.0015394
-0.0124117
-0.0359259
-0.0424222
-0.0421974
0.0508477
0.0144073
-0.0455964
-0.0008262
0.0055523
0.0323558
0.0493033
0.0275599
-0.0410186
0.0413166
-0.0235031
-0.0034638
0.0051949
0.0338842
0.0424047
-0.0249952
-0.0170355
-0.0546666
-0.0216519
0.0088716
0.0317432
-0.0134684
0.0392704
-0.0520042
0.0554719
0.0000477
-0.0392164
-0.0294319
-0.0254959
0.0459757
-0.0034524
0.0250723
-0.0272136
-0.0274837
0.0465956
0.0328479
0.0260325
0.0041452
-0.0487259
-0.0147783
0.0364785
0.0479522
0.0398207
0.0164816
0.0338668
-0.0226914
-0.0026539
0.0382413
-0.0193903
-0.0608401
-0.0505585
-0.0519589
-0.0343731
-0.0374521
0.0151121
0.0282391
-0.0106291
-0.0540242
-0.0576878
0.0430905
-0.0281444
-0.0492508
-0.0381197
-0.0477265
-0.0191207
0.0014227
0.0465588
0.0401222
0.0037434
0.0290927
-0.0527628
0.0397794
0.0536579
0.0470354
-0.0370741
-0.0385024
0.0054609
0.0161964
-0.0406767
-0.0087471
-0.0462570
0.0528080
-0.0536729
-0.0098735
-0.0540371
0.0193845
-0.0447658
0.0300038
-0.0114068
0.0362426
0.0505584
-0.0039534
-0.0431311
-0.0532372
-0.0290974
0.0190803
-0.0037571
0.0168301
0.0487036
0.0025109
0.0069302
0.0051708
-0.0559579
-0.0178401
0.0101713
-0.0492676
-0.0719209
-0.0709185
0.0042302
-0.0228766
0.0740300
0.0870946
-0.0033264
0.0270352
0.0020323
0.0583444
0.0317723
0.0304195
-0.0178434
-0.1614492
-0.1600993
-0.2153396
-0.0509205
0.0819813
0.2292529
0.3211628
0.2147427
0.1038071
-0.1631465
-0.2581029
-0.2824623
-0.0822715
0.0276784
0.0894544
0.0159819
0.0253455
0.1051227
0.0855647
-0.0253135
0.0623732
-0.0373252
0.0464141
0.0340131
-0.0452907
-0.0695043
0.0139644
0.0373167
-0.0437030
0.0227472
-0.0280576
0.0033227
0.0686662
0.0383061
-0.0250784
0.0339416
-0.0485814
-0.0327573
0.0451588
-0.0270208
0.0345856
-0.0618288
-0.0268327
0.0180671
0.0273500
-0.0484234
0.0166040
0.0262737
-0.0275265
0.0466368
0.0330866
-0.0367679
0.0052373
0.0377122
-0.0355679
-0.0128108
-0.0110584
-0.0299911
0.0434993
0.0067909
-0.0238667
0.0196609
-0.0304939
0.0061067
0.0248668
-0.0592358
0.0474276
-0.0124793
-0.0081289
-0.0400025
-0.0234805
0.0135452
0.0212132
-0.0347440
0.0394520
0.0644207
0.0247668
0.0525058
0.0484863
-0.0550192
-0.0578396
-0.0167362
-0.0519873
-0.0234219
-0.0116849
-0.0476122
0.0401124
-0.0056360
0.0113415
-0.0184713
0.0616985
0.0095221
-0.0145753
0.0517815
0.0031431
0.0040162
-0.0454577
-0.0225705
-0.0024706
0.0490075
-0.0350510
0.0200634
-0.0131363
-0.0310767
-0.0580418
0.0149654
-0.0331971
-0.0155989
-0.0141330
-0.0445577
0.0477931
-0.0386201
0.0160094
0.0488307
0.0500693
0.0319577
-0.0008830
0.0175211
-0.0524391
-0.0400321
-0.0402553
-0.0239305
-0.0232882
0.0370390
-0.0414382
0.0112357
0.0595363
0.0317928
-0.0416968
0.0507262
0.0605642
0.0014623
-0.0158059
-0.0366638
0.0491500
0.0093472
-0.0248312
0.0503734
-0.0006207
0.0424550
0.0064816
-0.0447995
-0.0142615
0.0188965
-0.0011634
-0.0302174
0.0499259
0.0044396
-0.0568988
0.0210885
0.0211611
-0.0116795
0.0186220
0.0159324
-0.0059362
0.0311346
0.0410225
0.0387349
0.0404863
0.0175065
0.0164633
0.0401417
-0.0179775
0.0603876
0.0436234
0.0074832
0.0315359
-0.0265093
0.0051569
0.0032949
-0.0186394
-0.0062846
0.0397175
-0.0435690
-0.0392851
-0.0457897
0.0222387
0.0048551
-0.0429707
0.0184348
-0.0298643
0.0103541
-0.0322573
0.0604913
-0.0457411
0.0628196
-0.0502707
0.0017199
-0.0410328
-0.0253212
0.0407819
0.0560104
-0.0599027
0.0099116
0.0509761
0.0199773
0.0490906
-0.0142467
-0.0508944
0.0458617
-0.0191770
0.0358564
-0.0038688
-0.0027228
0.0176563
0.0392607
-0.0403244
-0.0568568
0.0058227
0.0347296
0.0219456
0.0296346
-0.0481219
0.0541588
0.0315314
0.0335585
0.0338827
0.0154248
-0.0247893
-0.0582882
-0.0400168
-0.0422674
0.0488947
0.0063524
-0.0123579
0.0434727
0.0585283
0.0265188
-0.0189953
-0.0330307
-0.0353715
-0.0098662
0.0247296
-0.0272593
0.0071173
0.0319136
-0.0391079
-0.0304348
0.0353326
0.0277963
-0.0387895
-0.0594296
0.0372584
0.0408476
0.0328548
-0.0285029
0.0558599
-0.0038406
0.0948108
0.0886830
0.0854046
0.0671639
-0.0487562
-0.0133269
-0.1244741
-0.2021905
-0.1492237
-0.1661020
-0.0238498
0.2448325
0.4236906
0.3599939
0.1903042
-0.1240501
-0.3045393
-0.2411652
-0.1469266
-0.0617843
0.0603641
0.0865055
0.0191841
0.0037055
0.0519896
0.0309930
0.0356336
0.0145510
0.0408262
0.0073515
0.0248158
0.0102419
-0.0686575
-0.0098497
0.0224945
-0.0525370
-0.0496146
-0.0010603
0.0164872
-0.0088921
-0.0449897
0.0001866
0.0602324
-0.0154680
0.0154712
0.0290325
0.0223896
-0.0024625
0.0308234
0.0143564
0.0466482
-0.0084234
-0.0039264
0.0221236
-0.0474073
0.0004432
-0.0579997
0.0376495
-0.0114416
0.0506278
0.0209266
-0.0259522
0.0206630
-0.0565311
-0.0478498
-0.0276702
0.0019087
-0.0112878
0.0495292
0.0350761
0.0064076
-0.0236972
-0.0595768
0.0416264
0.0702542
0.0263275
-0.0114116
0.0187986
0.0329056
0.0544245
0.0454845
0.0212598
0.0467464
0.0479586
-0.0408925
-0.0482298
0.0024293
0.0098429
-0.0084230
-0.0317527
-0.0566897
0.0099684
-0.0180455
0.0056699
-0.0056332
0.0249206
-0.0019531
0.0317348
-0.0078511
0.0175582
0.0430297
0.0138175
-0.0417204
-0.0439390
0.0418404
0.0315792
0.0153429
-0.0365638
0.0395679
-0.0047131
0.0017561
0.0045710
-0.0533279
0.0106101
0.0309625
0.0106248
0.0363258
-0.0001107
0.0270309
0.0386708
0.0606734
-0.0638105
-0.0118866
0.0369345
0.0014204
0.0087580
-0.0501122
-0.0048327
-0.0101297
-0.0177128
0.0562680
0.0319852
-0.0598367
0.0275983
-0.0208622
0.0285970
-0.0500513
-0.0355439
0.0472299
0.0043537
0.0031896
0.0170130
0.0082237
0.0490028
-0.0339875
0.0455196
0.0306918
-0.0037432
0.0433960
-0.0420546
-0.0014959
-0.0588427
0.0438911
-0.0623164
-0.0530178
-0.0503839
-0.0261441
0.0115533
-0.0258498
0.0187968
0.0553275
-0.0552286
-0.0258881
0.0164722
0.0465816
-0.0296974
0.0623660
-0.0316402
-0.0130654
-0.0335635
0.0573324
0.0138150
0.0596856
0.0336985
-0.0218653
0.0256826
0.0397289
-0.0064892
0.0315666
0.0607605
-0.0308879
0.0384791
0.0530034
-0.0158024
-0.0458354
-0.0316603
0.0398499
0.0253458
-0.0170983
0.0343400
-0.0561289
0.0323960
-0.0591365
-0.0596199
0.0040816
-0.0025970
0.0167283
-0.0110798
0.0578032
-0.0226296
-0.0336551
0.0560728
-0.0212367
-0.0175396
-0.0167831
-0.0618271
-0.0536661
0.0000130
0.0579363
0.0269194
0.0472393
-0.0078349
-0.0250752
-0.0216843
-0.0580817
0.0434156
-0.0506279
0.0195004
-0.0277035
-0.0308718
0.0449995
0.0010918
-0.0630230
-0.0117091
-0.0568914
0.0538597
0.0416100
0.0386617
-0.0260835
-0.0285588
0.0407679
0.0006772
0.0612098
-0.0270956
0.0444984
-0.0559229
0.0476163
0.0020918
0.0133912
0.0330021
-0.0099702
-0.0390129
-0.0236128
-0.0096085
0.0614814
0.0785447
0.0056525
0.0945539
0.0235081
-0.0081318
0.0170478
-0.0378163
-0.0494844
-0.0187404
-0.1292245
-0.2048029
-0.2184727
-0.0798395
0.1245877
0.3284022
0.3807551
0.3151630
0.0867137
-0.1345566
-0.2685038
-0.2185204
-0.0221056
0.0025413
0.0620797
0.0734132
0.0865712
0.0742151
0.0671408
0.0826127
-0.0328567
0.0072855
-0.0178069
0.0050759
-0.0360837
-0.0301892
-0.0604485
0.0283701
-0.0686685
0.0115291
0.0489040
-0.0497979
0.0569638
0.0411174
-0.0088247
0.0144333
0.0224158
-0.0547726
-0.0544601
-0.0069856
-0.0095720
0.0294304
0.0306046
0.0193273
0.0305321
0.0124508
-0.0272882
0.0327169
0.0148182
0.0444087
0.0346116
0.0385140
-0.0203013
0.0010774
0.0476451
-0.0236350
-0.0205261
0.0323192
-0.0349819
-0.0406001
0.0664873
0.0580379
-0.0167597
-0.0641197
-0.0701224
-0.0747301
0.0011823
0.0017276
-0.0164104
-0.0206779
-0.0191072
-0.0162997
-0.0543327
-0.0109946
-0.0258661
-0.0203713
-0.0565064
0.0278333
-0.0172629
0.0596008
-0.0361999
0.0526233
0.0532947
0.0159005
0.0002849
0.0263822
0.0266488
-0.0423629
0.0219968
-0.0159588
-0.0057615
0.0291075
-0.0330913
0.0072614
0.0203961
0.0104515
0.0307943
-0.0059554
-0.0036840
-0.0553337
-0.0509455
0.0540008
0.0201349
-0.0262065
-0.0435466
0.0009146
0.0364596
-0.0383082
0.0030023
0.0080400
-0.0033849
0.0050949
0.0444946
0.0603268
-0.0114157
-0.0057687
0.0560459
0.0009597
0.0448654
0.0196206
0.0472966
-0.0195472
-0.0343835
-0.0160842
0.0086569
0.0084205
0.0530739
0.0233417
0.0189655
0.0202602
0.0519172
-0.0542548
0.0207306
0.0188056
0.0495873
-0.0145201
-0.0213200
-0.0273483
0.0407005
0.0532668
0.0189795
-0.0446917
0.0278343
-0.0390785
-0.0507541
-0.0287492
-0.0416389
0.0510101
0.0119915
-0.0305426
-0.0325094
-0.0369992
-0.0301445
0.0341283
-0.0346117
-0.0611297
-0.0426262
0.0407552
-0.0442337
0.0314738
-0.0077986
-0.0120347
-0.0003035
-0.0264279
0.0065750
0.0770366
-0.0325243
-0.0411811
-0.0307940
0.0165635
-0.0173995
0.0160894
0.0333522
0.0112245
0.0357415
0.0082428
0.0701164
-0.0149763
0.0499960
0.0088182
0.0497083
-0.0278735
0.0498129
-0.0569736
-0.0509672
0.0409851
0.0317205
-0.0529782
-0.0226404
-0.0378790
-0.0312997
-0.0464072
-0.0565429
0.0394631
-0.0275761
0.0513284
0.0194048
0.0491205
-0.0184014
-0.0071833
0.0013880
-0.0331110
0.0081188
-0.0030653
0.0435371
-0.0413207
0.0187483
-0.0281121
0.0361486
-0.0345150
0.0194439
0.0613843
0.0510947
-0.0222123
0.0357903
0.0535791
0.0573125
-0.0108145
0.0545765
0.0272689
-0.0203286
-0.0749836
-0.0778312
-0.0301526
0.0333133
-0.0495312
0.0684984
0.0680282
-0.0117886
0.0752497
0.0801528
0.0255162
0.0166119
0.0432302
-0.0598207
-0.0495337
-0.0563094
-0.1005782
-0.1474024
-0.1171626
0.0623330
0.2006332
0.2918427
0.2855656
0.0581819
-0.1236155
-0.2266409
-0.1530889
-0.1358718
-0.0104943
0.0003639
0.0850028
0.0078266
0.0723693
0.0520689
0.0475130
0.0147666
-0.0343748
0.0401535
-0.0120758
-0.0135665
0.0158041
-0.0094689
-0.0350884
0.0104177
0.0430182
0.0036415
0.0466876
0.0619316
0.0231747
0.0404185
0.0083403
-0.0420369
-0.0484058
0.0382422
0.0290525
-0.0137114
-0.0147678
-0.0232800
0.0560983
0.0414642
0.0296487
-0.0236961
-0.0005959
-0.0490159
0.0290235
-0.0048172
-0.0547434
0.0010665
0.0435676
-0.0016241
0.0487909
0.0633173
-0.0507756
0.0532690
0.0209191
-0.0489068
0.0444414
0.0048334
0.0502337
-0.0009988
-0.0538665
0.0031236
-0.0244744
0.0125230
0.0669647
0.0513542
-0.0303551
0.0447421
-0.0588249
-0.0298946
-0.0005555
0.0510083
-0.0541674
-0.0204996
-0.0061810
0.0545297
0.0510330
-0.0560313
0.0401935
0.0573004
0.0531608
-0.0276845
-0.0583204
-0.0413092
-0.0423643
-0.0181664
-0.0423773
0.0398402
-0.0460338
0.0474098
0.0139212
-0.0219499
0.0338431
-0.0210824
0.0005948
0.0458791
-0.0262015
0.0100078
0.0577893
0.0358244
0.0173439
-0.0506671
0.0385620
0.0085782
0.0372852
0.0266021
0.0629046
0.0271006
-0.0047549
0.0318678
0.0096812
-0.0141350
0.0361768
-0.0316241
-0.0369261
0.0040862
-0.0382054
0.0013120
-0.0460610
0.0379609
0.0361127
-0.0517487
-0.0178523
0.0169927
-0.0203711
0.0460239
0.0351950
-0.0365757
0.0500765
0.0557700
0.0258375
-0.0339406
0.0037540
0.0220301
-0.0598645
-0.0568919
-0.0352555
-0.0207898
-0.0436044
0.0402899
0.0541105
-0.0328542
-0.0304456
0.0421469
0.0455091
0.0131985
0.0076697
-0.0152797
-0.0365895
-0.0553906
-0.0354331
0.0420568
0.0435664
0.0476060
0.0049923
-0.0499588
-0.0475742
0.0065366
0.0583408
0.0495305
0.0065749
0.0318993
-0.0166732
0.0269060
-0.0182520
-0.0592955
0.0075980
0.0437273
-0.0063600
0.0435776
-0.0599867
0.0536065
0.0280918
-0.0167267
0.0560772
0.0632053
0.0113326
-0.0365898
-0.0612601
0.0573439
-0.0511788
-0.0004646
0.0547364
0.0134762
0.0087936
0.0452496
0.0308910
-0.0454270
-0.0328532
-0.0582063
-0.0100558
-0.0294699
0.0506638
0.0486793
0.0535950
0.0358837
0.0271276
0.0159983
0.0429226
0.0073439
-0.0147541
0.0554764
-0.0214768
-0.0098120
0.0164816
-0.0397719
-0.0416571
-0.0138105
0.0167227
0.0647088
0.0296206
0.0477354
0.0379898
-0.0386302
-0.0169547
-0.0043400
-0.0091553
-0.0335665
-0.0571232
0.0159285
-0.0037382
0.0530864
0.0769039
0.0099563
0.0089277
0.0884784
-0.0092732
0.0124473
-0.0262300
-0.1384207
-0.0901578
-0.1086934
-0.1344653
-0.1143467
0.1814624
0.3438179
0.4362143
0.3043465
-0.0150756
-0.3272975
-0.3683944
-0.2240518
-0.0727645
0.1218753
0.0979071
0.0520491
0.0834038
0.1084017
0.0587708
0.0058195
-0.0269718
0.0265644
-0.0300938
-0.0731191
-0.0517522
-0.0068665
-0.0398628
0.0395016
-0.0428065
0.0598928
-0.0501604
-0.0362604
0.0426815
0.0021597
0.0283794
-0.0339068
-0.0521632
-0.0336808
0.0531534
-0.0343107
0.0193623
-0.0352689
0.0424457
-0.0132043
-0.0271425
-0.0594853
-0.0514161
0.0636454
0.0261463
-0.0344702
0.0190903
0.0512066
0.0481257
0.0240472
0.0142641
0.0334783
-0.0447944
