-0.0375703
-0.0851098
0.1225217
0.0286206
0.1233488
0.1036626
0.0696060
0.0412739
-0.0484918
0.0609566
0.1085030
-0.0278418
0.0991535
-0.1268141
-0.0060740
-0.1441926
-0.0024399
-0.0214921
0.0786686
-0.0269152
-0.1401171
0.0322168
-0.1283039
-0.0263187
0.0073735
0.1281526
-0.0068427
-0.0316230
-0.1348735
0.0077710
0.0239960
-0.1244559
-0.0890037
-0.0839392
0.0266041
0.1330833
-0.0523680
0.0783809
-0.0379630
0.0219684
-0.1144830
0.0266186
0.0614951
0.1382682
-0.0956343
-0.0871049
0.0685008
-0.1078089
-0.0213236
0.0213795
0.0071789
-0.0268460
0.0591297
-0.0417839
0.0562401
0.0975212
-0.0925210
0.0816240
0.0427271
0.0432277
0.1151979
0.0638923
-0.0700052
-0.0279178
0.0132252
0.0470562
-0.0028826
0.0212633
-0.0947264
0.0576718
0.0736788
0.1295440
0.0610487
0.1425256
0.1164940
-0.0159778
0.0241848
-0.0440484
-0.0445302
-0.1172527
-0.0811996
-0.0821601
-0.0721316
-0.1478028
-0.0695000
-0.0747661
-0.0938777
0.0707582
-0.1038607
-0.0206637
0.0411847
0.0949995
-0.0037927
0.0465437
-0.1430191
-0.1175593
0.1244174
0.0303105
0.1352186
0.1267421
0.0704331
0.1478836
-0.0627880
0.1314073
0.0960937
-0.0657081
-0.1296945
-0.1329482
0.0925563
-0.0919758
-0.1565458
-0.0668893
0.0355336
-0.1073248
-0.0498950
-0.0819496
-0.1584101
-0.0035855
0.0640822
-0.0264441
0.1850056
-0.0295918
0.0323322
-0.0150888
0.0785161
0.1493175
-0.1133953
0.0355243
-0.1328105
-0.0914710
-0.1289619
0.0238399
-0.1171372
-0.0881289
0.2050455
0.1252797
0.1023798
0.3221164
0.0612322
0.2819226
-0.0515046
-0.2509999
-0.2571259
-0.5659783
-0.3410243
-0.1473605
0.0192988
0.3598223
0.5119745
0.2115524
0.2278962
-0.0016938
-0.1609048
0.0234892
-0.0652161
-0.1964934
-0.2042795
-0.0544127
-0.0426937
0.0758937
0.0243081
0.1019116
0.0565348
-0.0435668
0.0356426
0.1135816
-0.0629839
-0.1271424
0.0479780
0.1050049
-0.1531578
-0.0703903
-0.1555173
-0.1432561
0.0177467
0.0801433
0.0341525
0.0579156
0.1437900
0.0445765
0.0307656
0.1069168
0.1585062
-0.1038657
-0.0473522
-0.0127180
-0.0748988
0.0100972
-0.0781934
-0.0750589
-0.1139920
-0.1104060
-0.0246542
0.0389928
-0.1398543
0.1142462
0.1027576
-0.0018232
-0.1223177
0.0046383
0.0223788
0.0421965
0.0256955
0.0638577
-0.0322942
-0.1233302
-0.0809334
0.0820535
-0.0788325
-0.0947479
-0.0922698
-0.1029482
-0.0821648
0.1142687
0.0190302
0.0691216
0.1032477
0.1115510
-0.0079707
0.0615339
0.0835442
0.0415004
0.0061474
-0.0189176
-0.0697661
0.0074412
-0.1157323
0.1020321
-0.0004614
0.0237460
0.0019926
-0.0454803
0.0184820
0.0881261
-0.1269299
0.0219677
0.0183245
0.0647915
0.1435512
0.1331542
-0.1344579
-0.0928141
0.1396576
-0.0995343
0.0021219
0.0642274
0.1397808
0.0749049
-0.0529523
-0.0186964
-0.0475205
-0.1346298
-0.1142510
-0.1135055
-0.1171051
-0.0910145
-0.1116513
-0.0745820
0.0460226
0.0266872
0.1156402
0.1310849
-0.1150562
0.1389542
0.0425828
-0.0028712
-0.0123292
-0.1459490
0.1457167
-0.1143855
-0.0110720
-0.0806404
-0.1376096
-0.0281814
0.0988438
-0.1188878
0.0736824
0.0471398
0.0049338
0.0235579
0.0020037
-0.1014994
-0.1032332
-0.0693428
-0.0754400
0.1034767
0.0963575
-0.1163815
0.0576070
-0.0253913
-0.0904697
-0.0394574
0.0729902
0.1117292
-0.0007342
-0.0439336
-0.0236275
-0.0483240
0.0471586
0.0646952
-0.0045557
-0.0679320
0.1257513
0.0204257
0.0049528
-0.0787745
0.0838560
0.1442297
0.0573878
-0.0070539
-0.1189988
-0.0145180
0.1040496
0.0596190
-0.0260759
0.0952701
0.0594972
0.0473648
0.0298170
0.0789331
0.1277551
-0.0598929
0.0902722
-0.0032720
-0.0644638
-0.0209243
0.0623291
0.0876619
0.1144132
0.0921078
-0.0899817
-0.1058513
-0.1085457
-0.0497424
0.1381351
-0.1170653
-0.0332377
0.1432537
-0.1212509
0.1056934
0.0887398
-0.0675266
-0.0813967
-0.1054007
-0.0341215
0.1129291
-0.0957319
0.1276298
0.0773154
-0.0044756
-0.0254096
-0.0842824
-0.0587569
-0.1093429
0.0566176
0.1409832
0.0151169
0.0440124
0.0369281
0.0296036
0.0024764
-0.0751564
0.0440853
0.0300785
-0.1538644
-0.1568957
-0.1737286
-0.0693153
-0.0928125
0.0897384
-0.0009213
0.2066661
0.0814394
0.2748418
0.1468466
0.1079425
0.2067168
-0.1327449
-0.3040964
-0.4296687
-0.4377180
-0.0517238
-0.0448556
0.1187705
0.2931590
0.1966955
0.3171560
0.1576893
0.1587420
-0.1639279
0.0065114
-0.2119592
-0.1791835
-0.0765598
-0.0548182
-0.1381816
0.1101157
0.0482027
0.0932965
0.0196123
0.0952282
0.1697787
0.1152364
0.0949794
0.1548387
-0.0753246
0.0597055
-0.0711535
0.0624498
-0.1416003
-0.0302623
-0.1494550
0.0803422
-0.0317244
0.0159198
0.0633018
0.1460628
0.0351987
-0.1041324
0.0184717
0.0785755
-0.0619476
-0.1172946
0.0021852
-0.0898062
-0.0121458
-0.1246026
-0.0483276
-0.0205987
-0.0685101
0.0581266
0.0983148
-0.0282583
-0.1398860
-0.1051201
-0.0017402
0.1358900
-0.0953160
-0.0086106
0.0237656
-0.0811423
0.0948671
0.0283884
-0.0029391
0.1054443
0.0897455
0.0365273
0.1386272
-0.1317171
0.1470367
0.1073117
-0.0295147
-0.1144578
-0.0653422
0.0279734
-0.0039958
-0.0519691
0.0743139
-0.0131387
0.0239461
0.0839562
0.0312085
-0.0942234
0.0951431
-0.0458111
0.0210308
-0.1127712
0.0038930
-0.0494387
0.1250278
-0.0686638
0.0251331
-0.0914655
-0.0828332
0.1073380
0.0799344
-0.1348591
0.1067790
0.0228473
-0.1109005
0.0359249
0.1276570
0.0390491
0.1249694
-0.0704638
0.0884959
-0.0561632
0.0135569
-0.0614723
0.0305315
-0.1445633
0.0109613
0.1076597
0.1021680
-0.1393753
0.0462897
0.1274678
-0.1167697
0.0972237
0.1359928
-0.0384760
-0.0634588
0.1258206
0.0022307
0.0847024
-0.0327536
-0.0097211
-0.0692177
-0.0009024
0.1354368
0.0096021
0.0330574
0.1076304
0.0818621
-0.1282659
0.0289961
-0.0143433
-0.0663436
-0.0344939
0.0157456
0.0332227
0.0637717
-0.0384143
0.0685261
-0.0992404
-0.0313332
-0.0735151
-0.0373276
-0.1409975
-0.0470490
-0.0736395
0.0442273
-0.0685445
-0.0759778
0.0128126
-0.0794636
0.0327562
0.1288902
0.0376254
-0.0428082
-0.1402218
0.0662371
-0.0904512
-0.0787791
0.0838741
0.0096292
-0.1189728
0.0316409
-0.1271415
-0.0352135
-0.0641643
0.0986089
-0.0095860
-0.1186673
0.0055111
-0.0423237
-0.0173467
0.0632471
0.0695234
0.0373472
-0.0886003
0.0880334
-0.1198887
0.0229907
0.1227744
0.1649792
0.1860550
0.1852707
-0.0952007
0.0682525
0.0320260
-0.0486751
-0.1138217
-0.0249977
-0.1116048
-0.0936766
-0.0003006
0.0056653
-0.1376032
0.0673926
0.1073882
0.1804393
-0.0227880
0.1366713
0.1617282
0.2009727
0.1007837
-0.2485764
-0.5850813
-0.6219504
-0.2469274
0.1965194
0.3199859
0.1891670
0.1653201
0.1943145
-0.0536265
0.0011595
0.0109487
-0.0160358
-0.1029723
-0.2313247
-0.1115261
0.0774809
-0.0154467
-0.0054947
0.0694335
0.0533538
0.1563663
-0.0658418
0.0096784
-0.0944981
0.1094562
-0.0997485
0.0875318
-0.0931504
-0.1433603
0.0605680
-0.0628741
-0.0976564
0.1023512
0.0031033
0.1117603
0.0387471
-0.1110768
-0.0458359
-0.0898154
0.1294740
-0.0028013
-0.1238097
-0.0981445
-0.0127693
0.0260040
-0.1558189
-0.1233761
0.0555256
0.1338318
0.0021854
0.0154752
0.1011190
-0.1425412
0.1278603
-0.1272918
0.1387023
-0.0785935
0.0913295
-0.0823909
0.0822952
0.0781297
-0.0481905
0.1113972
0.0492707
-0.0084368
-0.0823026
-0.0686173
0.0711114
-0.0722204
0.1441538
0.0604590
0.1522809
0.1490865
-0.1222412
0.0886419
0.1128182
0.0447697
0.0090033
-0.0891332
0.1325137
0.0827757
-0.1179070
0.0875284
0.1137660
-0.1051221
0.0804757
0.0256479
-0.0992387
0.0913900
-0.0860779
0.1035907
0.1309075
-0.1093385
0.0030781
0.0451913
0.1304607
-0.0794793
-0.0129209
-0.0218502
0.0209191
0.0298860
-0.1473258
-0.0588680
0.1058003
-0.0682015
-0.1434506
-0.0703867
0.0259459
-0.0216775
-0.0835700
-0.1000048
-0.1181796
-0.0440677
0.0595942
-0.0712391
0.0023779
-0.1281646
-0.1484598
-0.1021239
0.0344183
-0.0460275
-0.0834030
-0.0592824
-0.0632828
0.1470028
0.0522006
-0.0150552
0.1241453
0.1332181
0.0444911
-0.0580168
0.0096923
0.1209121
0.0435679
0.0715250
0.0784630
-0.0275606
-0.0209085
-0.0860848
-0.0001549
-0.0615647
-0.1173363
0.0887039
0.1003126
-0.1093086
-0.1500618
0.0311054
-0.0985088
0.0961433
-0.0074703
0.0317015
-0.0385223
0.0511389
-0.1307635
0.1000940
0.1293187
-0.1308066
0.0646325
0.0346429
0.0596672
-0.1445022
0.0246052
-0.1047110
-0.0695760
0.0576205
-0.0670225
0.0465180
-0.1219758
-0.0012256
-0.0059072
-0.0506780
0.0760438
-0.0886970
-0.1209027
0.0475834
-0.0035763
0.1312877
0.0051323
-0.1494790
0.0640433
-0.1493832
0.0121006
-0.0605642
0.0605371
0.1081323
0.0198139
-0.0701943
0.1350589
-0.0729917
-0.0263425
-0.0412839
-0.0732704
0.0466037
0.0146602
0.0301543
-0.1913423
-0.0983349
-0.0161337
0.0494197
-0.0331003
0.1629382
0.0392836
0.3124658
0.2710479
0.1455889
0.0595137
-0.0233376
-0.1331250
-0.3892660
-0.4748239
-0.3060907
-0.2372638
0.1384900
0.2347111
0.3405391
0.2247119
0.2105627
-0.0869630
0.0245529
-0.0615378
-0.1930694
-0.0467815
-0.0825019
-0.1410890
-0.0398563
0.1068773
0.0694206
0.0514584
-0.0274824
-0.0274612
-0.0786750
0.0671454
-0.0816017
-0.1175633
0.0354239
0.0720012
0.0957790
-0.0677619
-0.1627947
0.0304148
-0.0621384
0.1181103
0.0627146
-0.1003026
-0.0253603
-0.0910360
-0.0047926
-0.0181757
0.0245177
0.0846919
-0.1374099
-0.1182338
-0.1414501
0.0933770
-0.1246223
-0.0881782
-0.0178231
0.0662444
0.1287374
-0.0511758
-0.0480998
-0.1514020
0.0699254
0.0632568
0.0079975
0.1253239
0.0811055
0.0152757
-0.0250817
0.1449228
0.0071254
-0.0916801
-0.0642079
-0.0875600
0.0421280
-0.0223641
0.0881406
-0.2018361
-0.0306246
-0.0027529
-0.1684962
-0.1254838
-0.0633484
-0.0718202
0.2354818
0.1551027
0.1800098
0.0048508
0.1738975
0.0492562
-0.0948020
-0.2163710
-0.2069633
-0.3634581
-0.2762404
-0.3913120
-0.3531988
-0.0808668
-0.0864850
0.3333335
0.4357319
0.6977567
0.7882738
0.4942816
0.1869372
-0.1975497
-0.7967776
-1.1466732
-1.0191946
-0.9666846
-0.1842681
0.6891257
1.0210120
1.1007167
0.7094715
0.1978777
0.0945549
-0.1792304
-0.1685666
-0.3000599
-0.3624253
-0.2324373
-0.1057147
-0.0265095
0.0272805
-0.0084834
0.0284406
0.0918466
0.1749893
0.2591017
0.2316118
0.0895061
-0.0989237
-0.0300762
0.0634487
-0.2236647
-0.0492039
-0.2090345
-0.1862073
0.0935629
0.0312116
-0.0113192
-0.1118963
-0.0480075
0.1693858
-0.0269718
0.1521191
0.1254615
-0.0681072
-0.1011531
-0.1390201
0.0440092
-0.0667745
0.0509967
-0.1625436
-0.0174898
-0.0965638
0.0886655
0.1300439
-0.0254086
0.0679946
0.1039718
-0.0797565
-0.0140365
0.1317913
0.0547049
0.1285978
0.1258628
0.0668986
0.0131438
-0.0246822
-0.0075120
0.0316523
-0.0165800
0.0609672
0.0720404
0.1547391
0.0415514
0.0878595
0.0012527
0.1230058
-0.1356449
-0.0952506
0.1233215
-0.0610132
0.0676428
-0.0982615
-0.0609460
-0.1022322
0.0696109
-0.0580641
0.0217409
-0.0205945
-0.1085024
-0.1040031
0.1327583
-0.0970573
-0.1173568
0.1406106
-0.0883423
-0.0671278
0.0883369
0.1372985
0.0911064
0.1144556
0.0869054
-0.0815178
-0.0455921
0.0494648
0.0726421
0.0173661
0.0327799
0.0379544
0.1308673
-0.1068478
0.1029348
-0.0344402
0.1288003
-0.0103258
0.0116951
0.0749824
-0.1239954
-0.1175741
0.1431640
0.0842092
-0.1106504
0.1218298
-0.0889308
-0.0952747
-0.0557541
-0.0282359
-0.1366572
0.0154676
0.1012880
0.0750739
-0.0113723
-0.1084271
-0.0943958
-0.0625190
-0.0376997
0.0650079
-0.0809068
0.0367654
-0.0157144
-0.1138303
0.1290999
-0.0540569
0.0572898
-0.0999153
-0.0919580
-0.1280710
-0.0340453
0.0213782
-0.0893198
-0.1230724
0.0920739
-0.0026801
-0.0446753
-0.1315793
0.0997059
-0.0550839
-0.0700877
-0.0301010
-0.1420807
-0.0438326
-0.0232598
-0.0941943
0.0990787
-0.0502560
-0.0102197
-0.1066401
-0.0956312
0.0930326
-0.0803874
-0.0381881
0.0323467
0.0290253
0.0342241
-0.1384462
-0.0138821
-0.0730262
-0.1186856
-0.0814956
0.1443000
-0.0282537
0.0489084
-0.1150136
-0.0558300
0.0072203
-0.0747425
0.0898783
-0.0042356
-0.0006571
-0.0931948
-0.1409075
-0.0107977
0.1323531
0.0288150
0.0256133
0.0074361
0.0779639
0.0247541
-0.0519915
-0.0916786
-0.0802383
0.0201455
-0.0305726
-0.0509220
0.0707760
-0.1281100
-0.0628679
0.1182965
0.1388831
-0.0923623
0.0505301
0.0377047
0.0492214
-0.0041661
-0.0347484
0.0668139
0.0377267
-0.0949944
-0.1107001
0.0225044
-0.0297006
0.0835090
-0.0598211
0.0145376
-0.0387383
0.0508529
0.1194608
-0.0388204
-0.0650777
0.1187907
0.0207846
0.0880482
0.0745132
-0.1208819
0.0511274
0.0643803
-0.0091093
0.0947010
-0.1378399
-0.0663425
-0.0748492
0.0091976
-0.1291171
-0.0901963
0.1125892
-0.0282819
0.0812804
0.0114766
-0.1132717
-0.0750309
0.0682007
0.1144531
0.1223613
-0.0971057
0.0838784
-0.1080578
-0.0495426
-0.0735678
-0.0157164
-0.1010560
-0.1296342
-0.0670838
0.0490931
-0.0160260
-0.0098815
0.0337529
-0.0179772
0.0032164
0.0212524
0.0844902
-0.0401048
-0.0711486
-0.0696971
0.0130607
-0.1369477
-0.0395217
0.0124294
0.0991660
-0.1171100
0.1124808
-0.0724587
0.0181981
-0.0215193
0.1248000
-0.1134443
-0.0222190
0.0128727
0.1100775
-0.0381398
0.0410138
0.1078331
-0.0299364
0.0312561
-0.0801743
0.0494398
-0.0306816
0.1181936
0.1345314
-0.0433395
-0.0781172
0.0276954
0.1490422
0.0180437
-0.0404412
-0.0387025
0.1464101
-0.0616329
-0.0397972
0.0538283
0.0387194
0.0338298
-0.1579350
-0.0076435
-0.0559539
0.0125199
0.1372207
0.0047824
0.0600921
-0.0110542
0.0648914
0.0975008
-0.0374220
-0.0503904
-0.1259319
-0.0939634
-0.1455985
-0.1402640
-0.2282678
-0.1830328
-0.1104199
-0.1537817
-0.0823771
0.0003976
0.0911672
0.2719724
0.3020712
0.1349642
0.0181807
0.0948537
-0.2106560
-0.1950835
-0.1881448
-0.0992630
0.0023048
-0.0482391
0.2124973
0.1015257
0.1563760
0.0227917
0.0558732
0.0706545
0.0025878
-0.0651547
-0.0586469
-0.2035565
-0.0276641
0.0245677
-0.0973514
