-0.0542665
0.0649270
-0.0541428
0.0257125
0.1115229
0.1157545
0.1280136
0.0406844
0.0313974
0.1139432
-0.1069097
0.0004747
-0.0868333
-0.1118163
-0.0247919
0.0692313
0.0522499
-0.0261023
-0.1073378
0.1140803
0.0325886
-0.0826938
-0.0166746
-0.0369234
0.1028148
-0.0429446
0.0892465
-0.0347313
0.0644428
-0.0239417
0.0190496
0.0798668
-0.0688077
0.0993211
0.0646173
-0.1090075
0.0871382
-0.0233715
-0.1084642
-0.0516576
0.0856753
0.1264861
-0.1424162
0.0079996
0.0750691
-0.1069558
0.0380981
-0.1260192
0.1440240
0.0626975
0.1189072
0.1210747
0.0413756
-0.0071448
0.1067134
0.0462729
0.1116558
0.0938581
0.1390158
-0.1187977
-0.0767093
0.0162764
-0.1343808
-0.0411915
-0.0781393
0.0954325
0.0297872
-0.0347704
0.0178747
-0.1107678
-0.0807370
0.1067846
0.0817267
-0.0393515
0.1290190
0.0085696
-0.0504322
0.0793241
-0.1014742
-0.1213130
0.0908039
0.1141024
0.1174702
0.0712806
-0.0825057
0.0138941
0.0720732
0.0971183
-0.0091665
0.0929478
0.1074763
-0.0155993
0.0924045
-0.0465200
-0.1226044
-0.1128834
-0.0308107
-0.0375719
-0.0025741
-0.0444324
-0.0826759
0.0497893
-0.0795098
0.1093387
-0.0190552
-0.0644187
0.0187894
-0.1382249
0.0890356
-0.0918399
0.0360839
-0.1187684
0.0626615
0.1351614
-0.0128835
0.0579302
0.1139793
-0.0394542
0.1221996
-0.0510855
-0.1584116
0.0845308
-0.0644398
-0.0860036
-0.0697827
0.0691127
0.0867624
-0.0690362
-0.0772114
-0.0961621
-0.1157368
-0.0777586
-0.0783286
-0.1664686
-0.1471711
-0.0320275
-0.1291080
-0.0383479
-0.0738689
0.1671005
0.1227947
0.0954112
0.1005528
0.1365791
0.1316469
0.1633188
-0.2489833
-0.4927684
-0.3607641
-0.3034248
-0.1050597
0.2793627
0.1560474
0.1364873
0.0871266
-0.0493179
0.1210060
-0.0762090
-0.0377746
-0.0825516
-0.1465179
-0.1766075
-0.0011945
0.0639085
0.0230032
-0.0521337
0.1438786
-0.0489634
0.0040635
0.1460662
0.1067610
0.0000519
0.0951195
0.1447874
0.1052586
-0.1523927
-0.0525436
0.0256813
-0.0604531
0.1105740
0.1016433
0.0798864
0.0952909
0.1174185
-0.1167155
-0.0079692
0.0252188
-0.1236747
-0.0793955
-0.0430192
0.0716122
-0.1207366
-0.0560533
0.0887300
-0.1408085
-0.1124455
0.0024283
-0.0363429
-0.0429513
0.0630612
-0.1108502
0.1213446
0.0771455
0.0257376
0.0191679
0.1393355
-0.0651128
-0.0936631
-0.1003227
-0.0923979
0.1129055
0.1333341
0.0779715
-0.0513204
0.1408229
0.0377172
-0.0884004
0.0443045
-0.1042947
-0.0923195
0.1379444
0.0760337
-0.0910348
0.1244775
-0.1055763
0.0969376
0.0582679
0.1113991
-0.1160825
-0.0243712
0.0452496
0.0504445
-0.0822071
0.0596040
0.1329519
-0.1195411
-0.0213782
-0.1032563
0.0180662
-0.0832593
-0.1014896
-0.0254164
-0.0938907
0.1352760
0.0329243
-0.0626190
-0.0989458
-0.1355606
-0.0134505
0.1193375
0.0694762
-0.1074868
-0.1313885
0.0460879
0.0321126
-0.1367096
0.0979702
0.0611937
-0.0498745
-0.0918215
-0.1289654
0.0991393
-0.0209651
-0.0111972
0.0445008
0.1326334
0.0007351
-0.0159456
0.0614210
-0.0048958
0.1314702
0.0773621
-0.1175652
0.0912936
-0.1439475
-0.0852697
0.0580449
-0.0784974
0.0466003
0.1444749
0.1145512
-0.0953393
-0.0070935
0.0184048
0.0504082
0.0895138
0.0956370
-0.0038565
-0.0298555
0.0238456
0.0449844
0.0492205
0.0443824
0.0075959
-0.0573588
-0.0661075
-0.0487965
-0.0690174
0.0764319
0.1324471
0.0145417
0.0741284
0.1347723
-0.0372644
-0.1795651
-0.0741473
-0.1355248
-0.0679718
-0.0859586
-0.1457258
-0.1043642
0.1259299
-0.0049131
0.1921540
0.1088118
0.1541171
0.2144102
-0.1796086
-0.2772344
-0.5342480
-0.4371785
-0.1152376
0.1812956
0.2105209
0.2829658
-0.0048416
0.1918342
0.1746640
0.1334054
0.1030421
-0.1221083
0.0351552
-0.0840166
-0.0743208
-0.2068580
0.0817517
-0.0519857
0.0569672
-0.1097007
0.1016794
-0.0618767
0.0512920
-0.0714682
-0.0925705
0.1418550
0.0833235
-0.0261611
-0.0931109
-0.1084614
-0.0203139
-0.0642030
0.1051546
0.0664584
-0.0737874
-0.0512797
-0.1294941
-0.1037140
-0.0672374
-0.0201555
0.1376151
-0.0114088
0.1102452
0.0921906
0.0332724
0.0522431
-0.0994092
-0.0136928
-0.0283044
-0.0370060
0.1052598
-0.0348413
0.1253577
0.0228737
0.0492001
0.1056796
-0.0452777
0.0825932
-0.0385118
-0.1076267
-0.0361796
0.1071976
-0.1236555
-0.1226004
0.1262119
-0.0286216
-0.1234532
0.1395837
0.1309906
-0.0342679
0.0469204
0.0403480
0.0612201
0.1316524
-0.0233212
0.0117884
-0.1155469
0.0401863
-0.0784062
0.1411807
0.0893015
-0.1383860
-0.0510664
-0.0949582
-0.1039016
0.0756551
-0.0360122
0.0639447
-0.0691627
-0.0459861
-0.0838844
-0.0475050
0.0905628
-0.1138938
0.0085960
0.0588570
-0.1194933
0.0997829
0.0099297
0.1060158
0.1199508
-0.0691243
-0.0138582
-0.0091204
-0.1353955
0.0355267
-0.1544751
-0.1035547
0.0679388
-0.0787363
0.0943178
-0.0320165
0.0298181
-0.1220069
0.1084750
0.0768370
0.0712935
0.0812180
0.0754587
-0.0782374
-0.0822967
0.0535438
-0.0250293
0.1085284
0.0974983
0.0161443
-0.1147471
0.0221153
0.0548317
0.1222367
-0.0300504
0.0100507
0.0597793
-0.0209885
0.0480755
0.0224776
-0.0986358
-0.0446567
-0.1241134
-0.0321176
-0.0675238
-0.0401329
-0.1819904
0.0381658
-0.1199196
-0.0251505
0.0593203
0.1072852
0.2944260
0.2708612
0.2750909
0.0026893
-0.1033139
-0.3112114
-0.5688039
-0.5850536
-0.1999748
-0.0787142
0.1690753
0.4797372
0.3935606
0.1919983
0.1901338
-0.0386131
0.0462100
-0.0848498
-0.0170473
-0.0769480
-0.1648735
-0.2133361
0.0224691
-0.1393160
0.0809049
0.1024633
0.1260262
0.2106645
0.0094655
-0.0037107
0.0924906
0.0079376
-0.1095369
0.0914807
-0.0863545
-0.0721935
-0.0292520
0.0038797
-0.0846809
-0.1044579
-0.0960803
0.0905515
0.0959040
0.1127567
-0.0825485
0.1509825
-0.0976288
0.0198714
-0.1128113
-0.0627417
0.0983772
-0.0809148
0.1046098
0.0938912
0.0808266
-0.0420403
-0.0057627
0.1299820
0.0141097
0.0352201
0.0870783
-0.0315749
-0.0572905
-0.0138044
0.1426351
0.1181149
-0.1279395
0.0121837
0.0209423
-0.1016823
0.0791705
0.0297283
-0.0847142
-0.0123984
0.0796493
-0.0727286
0.0492669
-0.0366699
0.1174388
0.0955170
-0.0303971
0.1746666
0.1179865
-0.0179061
-0.0296237
-0.1274833
-0.3021442
-0.1657811
-0.1586092
-0.2752574
-0.0561663
-0.0536898
0.1637677
0.4036440
0.4078521
0.5834940
0.5651003
0.4932191
0.2880784
-0.5060969
-1.1818996
-1.5669395
-1.0836529
-0.0701802
0.8130097
1.3323936
0.8856633
0.3338370
0.1233168
0.1025669
-0.1998173
-0.3049836
-0.2529509
-0.4428991
-0.2897561
-0.1138028
0.0528860
0.0251539
0.1257136
0.1379324
0.0708997
0.1027190
0.1008726
0.1440659
-0.0608827
0.1262101
-0.0364013
0.0403708
-0.0670006
-0.1710402
-0.1909791
-0.0396350
-0.0160208
-0.1300295
-0.0231074
-0.0607984
0.1309504
-0.0245547
0.1710558
-0.0711543
-0.0268805
-0.1262252
-0.1099141
0.0219053
0.1201796
0.0222513
0.0776894
-0.0544314
-0.0011787
0.0593642
0.1214136
-0.0954427
0.1293313
-0.0316456
0.1001712
0.0497478
0.1296849
-0.0164401
0.0884737
0.1283214
0.0511615
-0.1435558
0.0761328
0.0695817
0.0117805
-0.0725985
-0.1112657
0.1222504
0.0137854
-0.0906633
-0.0733282
-0.0697069
-0.1360509
-0.0632634
0.0973242
0.0383185
0.0657511
-0.0697710
-0.0707716
0.0804046
0.0073897
0.0050937
-0.0000468
0.0086363
0.0107358
-0.0016524
0.0378390
-0.0774736
-0.0327508
-0.1135992
0.1119423
0.1105491
0.0678992
0.0695781
-0.1087922
-0.1114663
0.0030457
0.0987373
0.0116937
-0.1348486
-0.1298472
-0.0431391
-0.0986929
-0.0852301
-0.0865066
-0.0567323
0.0960690
0.0774338
-0.0776376
-0.1088576
0.0657612
0.1402227
-0.0742634
0.1218872
0.0256048
0.0249974
0.0156274
-0.0607891
0.1236209
-0.0122935
-0.1370658
-0.1059125
-0.0931955
-0.0706635
0.0641447
-0.1131342
0.0410656
0.0644633
0.0436331
-0.0563666
0.0919552
-0.0239606
-0.0806697
0.0719870
-0.0620860
-0.0622294
0.1218924
-0.0215762
0.0091167
-0.1440721
0.0608429
-0.0465143
-0.0007910
0.0773793
-0.0324569
-0.0601365
0.0711626
-0.0908498
-0.0784386
-0.1017669
0.0709099
-0.0607727
0.0208734
0.1383393
-0.1423812
-0.0207484
0.0261449
0.1053579
-0.1136888
0.1316787
-0.0965728
0.1130435
-0.0663414
-0.0328568
0.0790427
0.0983356
-0.1062294
-0.1267464
-0.0471980
0.1336018
-0.1378185
-0.0198854
-0.0355081
-0.1600587
-0.0422297
0.1050613
-0.0724775
-0.1270832
-0.0899817
0.1698808
0.1729366
-0.0201616
0.1250454
0.1718908
0.0203304
-0.1041270
-0.0622999
0.0462885
-0.1355143
0.0200131
-0.1920681
-0.1753763
-0.1038716
0.0181437
0.1304251
0.1782983
0.2278141
0.2354742
0.2152362
0.1982157
0.0432469
-0.2183546
-0.2969133
-0.2956768
-0.2341357
-0.0370643
0.2078956
0.3677095
0.4034634
0.2967840
0.2208565
0.1115330
-0.1208557
0.0086020
-0.0233276
-0.0503790
0.0245573
0.0013116
-0.1133857
-0.0735656
0.0777381
-0.0412964
0.1116741
0.1282644
0.0757577
0.1750440
0.1374822
0.0448683
-0.1037660
-0.0223722
-0.0216527
0.0056499
-0.0360184
0.0807401
0.0893630
0.0104661
0.0777144
-0.1174700
0.0719845
0.0667079
0.0951897
0.1072508
0.1424198
-0.1148896
0.0429647
-0.0371762
0.0615644
0.1238151
0.1274284
-0.0578524
-0.1254926
0.0959191
0.1393978
0.0927835
-0.0698094
0.1324842
0.1381134
-0.1344612
0.0355587
-0.0658596
-0.0194099
0.0756010
0.0115490
0.1323223
0.1217189
0.0496028
-0.1366602
0.0947371
-0.0436341
0.1023815
-0.0593246
-0.0327348
-0.0507722
-0.0798511
-0.0604851
0.0759741
0.0047680
-0.1009223
-0.0933025
-0.0555095
-0.0443624
0.0654296
-0.0135851
-0.0327926
-0.0567804
-0.0992827
0.0168497
0.0221883
-0.0508759
0.0798239
0.0458590
-0.0598817
-0.0304516
-0.0447517
-0.0371001
0.0303036
-0.0319296
0.0633074
0.0045552
0.0461894
-0.0090765
0.0160606
-0.0858608
0.0083057
-0.0985099
-0.0001119
-0.1035192
0.0089734
-0.0909804
0.1085456
-0.0648433
-0.0068114
0.0400241
0.0424023
0.1283806
-0.1027481
-0.0968136
-0.0599806
0.0991695
0.0083413
0.0144885
0.0987945
-0.1562681
0.0633848
-0.0639526
-0.0154339
0.0487397
0.0162900
0.0767267
-0.0070044
0.1997838
0.1507359
0.1703480
-0.1023985
0.0611373
0.0214868
-0.1002928
-0.1092015
-0.0115872
-0.0879597
-0.0954969
-0.1554252
0.0431632
-0.1137292
0.1645235
0.1298989
0.2451109
0.1981546
0.1080932
0.1724592
-0.0751843
-0.2764003
-0.3790297
-0.5229701
-0.3891223
-0.1645728
0.0798235
0.4294021
0.3790390
0.2123752
0.1308002
-0.0500644
-0.1405594
-0.1515016
-0.0635766
-0.0625029
-0.0465563
-0.1131583
-0.1439992
0.1258591
0.1223468
-0.0371383
0.0814188
0.0569798
0.1811098
-0.0199444
0.0509138
0.0174759
0.0992565
0.0830576
0.0203444
0.0425224
-0.0375289
-0.1518335
-0.0598901
-0.0066308
-0.0400792
0.1012876
-0.0956826
0.0775828
0.0425902
-0.1032570
0.1162734
0.0214290
0.0047282
0.0224456
0.0440870
-0.0698664
0.0244297
-0.1286490
0.1231020
-0.0769458
0.1099076
0.0883230
-0.0983948
0.0318747
0.1288184
-0.0614192
0.0869961
0.0572863
-0.1298467
0.0435870
0.1016319
0.0661891
0.0293888
-0.1287380
-0.0500694
0.0672351
0.0440879
0.0384327
-0.0566954
0.0576205
-0.0116138
-0.0452821
0.0800964
0.1300528
0.0839267
0.0493178
0.0601304
0.0111353
0.1110008
-0.0982919
0.1382537
-0.1302483
0.0531540
-0.0376301
0.0930402
-0.1097686
0.1042627
-0.1134783
-0.0929618
-0.0101305
-0.1080927
-0.0670691
-0.0993047
0.0263415
-0.0954828
-0.0850968
-0.0161505
-0.1437256
0.0976111
0.0011386
0.0457518
0.0708633
0.1273317
0.1093164
0.0247159
0.0716811
0.1550279
0.0904430
0.0798205
-0.0270605
0.1375090
-0.1298469
-0.0222310
-0.1610856
0.0664086
0.0782449
0.0425273
-0.0657274
-0.0421864
-0.1494493
0.1119536
-0.0278726
-0.0007003
0.1762018
0.1513820
0.1009450
-0.0428682
-0.0877572
-0.1504668
-0.0578056
-0.1075296
-0.1457999
-0.1029634
0.0297469
-0.0732329
-0.0515446
0.1212802
-0.0638777
0.0584045
0.1963529
0.2632850
0.2188033
0.2733120
0.1629593
-0.2136995
-0.5373997
-0.5262554
-0.3316438
-0.1267012
0.2339157
0.2859148
0.1067850
0.3003322
0.2628919
0.2293030
0.1916724
-0.1198561
-0.0571751
-0.2631378
-0.1316196
-0.1928665
-0.1917574
-0.0750818
-0.0001423
0.1157167
0.0462560
0.1207850
-0.0566607
0.1377513
0.1798977
0.1510506
0.1343579
0.0749891
-0.1485170
-0.1513212
0.0265840
0.0510106
-0.1074278
0.1054551
-0.0454583
-0.1306972
0.0829817
-0.0245193
0.1227594
0.0505560
0.1369007
-0.0695798
-0.1252512
-0.1278518
-0.0274336
0.0932498
-0.0121790
-0.0574634
-0.1229296
-0.0586982
-0.1098665
0.0887947
0.0526812
-0.0152102
-0.0056124
-0.1036513
-0.0959903
-0.1097233
0.1075569
-0.0415724
0.0239334
-0.1326689
-0.0171340
0.0359300
-0.0493470
0.1130205
-0.0991906
0.0916828
-0.0494804
0.1322520
0.1282502
-0.0273208
0.0361145
-0.0973538
-0.0001311
0.0818982
0.1310507
-0.0436495
0.0907098
0.0546195
-0.0391211
-0.1092197
-0.0451440
0.1019421
-0.1453089
0.0732783
-0.1322482
0.1045917
0.1315424
-0.0467049
-0.0574930
-0.0968595
-0.0453962
-0.1236958
0.0626504
-0.1139506
0.0047006
0.0336130
0.0921160
0.0963733
0.0325152
0.1263191
-0.0849791
0.0404231
0.1066987
-0.0450330
0.0472438
-0.0273096
0.0528770
0.0109097
0.0473729
0.1455285
0.0021173
0.1214267
-0.1005476
-0.0678954
-0.0340168
-0.0901383
0.0957938
-0.1077150
-0.0329018
0.0343144
0.0862928
0.0943203
0.0901425
-0.0391970
-0.0831605
0.1577869
-0.0202145
-0.0250527
0.0241897
-0.1828053
0.0071244
-0.1277795
-0.0723706
-0.1340948
-0.1452444
-0.0736963
-0.0546791
0.1433597
0.1974045
0.0774440
0.3422310
0.0651295
-0.1025295
-0.0360927
-0.2435849
-0.4807636
-0.3060952
-0.1641621
0.1762567
0.0350607
0.1461179
0.1602968
0.1701956
0.0601855
0.0683193
0.0806168
0.0385038
-0.0821112
-0.0582984
-0.0770642
-0.1995423
0.0686320
0.0469957
-0.1153526
0.0840189
0.1863015
0.1431688
0.1662781
-0.0202917
0.1624303
-0.0725870
-0.0480843
0.0717520
-0.1084041
-0.0853946
-0.0697260
-0.0960866
0.0272006
0.1056605
-0.1264246
0.1492159
-0.0335003
0.0098947
-0.1137545
