-0.1053629
0.0558529
-0.0023668
0.0902239
0.0886788
0.1798980
0.1239690
0.1165871
0.1937533
0.1133203
-0.0806786
-0.0622397
-0.1485586
0.0373145
-0.0048156
-0.2069600
-0.2780455
-0.0675028
-0.0133482
0.2919670
0.6708993
0.1820131
-0.1755870
-0.5318246
-0.4020517
0.1311653
0.2392049
0.1133365
0.1650615
-0.2228056
-0.0824251
-0.0971514
-0.1575075
0.0322179
-0.0239872
0.0993421
0.2497075
0.0015056
0.1080307
0.0325716
0.0125030
-0.0614257
-0.1597707
-0.1035557
-0.1733559
0.0177639
0.0190140
-0.0765449
-0.0382749
0.1554652
0.1121837
0.1905711
0.0803863
0.1354643
0.0915707
0.1208746
-0.0229006
-0.0241328
0.0402654
0.0242401
-0.1926339
-0.0794066
-0.1585459
-0.1109659
0.1565378
0.6139820
0.3288617
-0.1959695
-0.4788021
-0.2171211
0.0998511
0.2119181
0.3404621
0.0657746
-0.1792002
-0.1181944
-0.3577663
-0.2760223
-0.0310556
0.0952234
0.1838683
0.2000782
0.0693283
0.0956615
0.0687093
-0.0108208
-0.1580337
0.0068532
-0.1891119
-0.1174860
0.0499224
-0.0215374
-0.1527675
-0.0148051
-0.0167250
-0.0310572
0.0661529
-0.0129502
-0.0682094
0.1856224
0.1048144
0.1382013
-0.0979341
0.0333328
-0.0822462
-0.1330613
-0.0824869
-0.3016835
0.0329239
0.1367352
0.5728065
0.2656069
-0.0446998
-0.3843355
-0.3585054
0.0151489
0.1291501
0.3679863
0.2818514
-0.0334333
-0.1067344
-0.2120348
-0.0433258
-0.1580078
0.0773631
0.2804743
0.1831962
0.0932761
0.1210647
0.0954444
0.0028919
-0.1429267
-0.1945790
-0.0840041
-0.0783786
0.0337439
0.0810308
-0.0437763
-0.1063532
-0.0715657
0.2165315
0.0987087
0.1064354
0.1182230
0.1474077
0.1724584
0.0331104
-0.0761514
0.0215586
0.0072143
-0.2496478
-0.2617656
-0.2641739
-0.0719908
0.2575270
0.7539677
0.2870395
-0.1402686
-0.5755750
-0.3526023
-0.2051200
0.2785520
0.4174311
0.1385440
-0.1046772
-0.1228051
-0.3010077
-0.1060495
0.1089758
0.1457774
0.0639299
0.1746753
0.1276599
-0.0825414
0.0545159
0.0395955
-0.0246221
-0.0754078
0.0012351
0.0789312
-0.1904062
-0.1625013
-0.0022446
0.0290619
-0.0266082
-0.0151904
0.1907395
0.1953629
-0.0670494
0.1768986
0.1338561
0.0729115
0.0518559
-0.1472565
-0.0664220
-0.1826008
-0.1243881
-0.1793228
-0.1008413
0.2426705
0.5187795
0.5205427
0.1271796
-0.4079783
-0.3859461
-0.1104150
0.2211120
0.4530106
0.2508550
0.0167345
-0.3174131
-0.2795341
-0.3789805
-0.0243972
-0.0788101
0.0809572
0.2193508
0.0178365
0.0091690
-0.0161368
0.1090609
-0.0456999
0.0924847
-0.0768255
-0.0220420
0.0204634
-0.2083637
-0.1661053
-0.0373181
-0.1095027
0.0476736
0.0039814
-0.0697168
-0.0213890
0.0139254
0.0931992
-0.0124700
-0.0630526
0.0813071
0.0039415
-0.0916851
0.0101320
-0.2900587
-0.1148035
-0.0590333
0.3427212
0.5467926
0.1814850
-0.3753654
-0.5939604
-0.1949755
0.2388499
0.3798108
0.2587862
-0.0784045
-0.3644831
-0.2396713
-0.3145932
0.0178288
0.0803816
0.1878659
0.2311683
0.1143843
0.0328354
-0.0501163
-0.0242635
0.0467465
-0.1058121
0.0986091
-0.1520525
-0.0087530
-0.1977593
0.0081452
0.0002853
0.1347252
0.0905179
-0.0279924
-0.0427336
0.0888012
0.1155098
-0.0836823
-0.0936214
0.0088780
0.0465341
-0.1817442
-0.0589943
-0.1758351
-0.2379537
-0.3212277
-0.0937038
0.1334100
0.3441013
0.1986919
-0.3700095
-0.4489663
-0.4059379
0.0391663
0.5312113
0.3446247
0.1794041
-0.3477477
-0.4433000
-0.4092558
-0.1247259
0.0162790
0.0949064
0.0272644
0.0469761
0.0592725
0.1792694
0.0314068
-0.0464033
-0.1133172
-0.0869294
-0.1327528
0.0120399
0.0080427
-0.0614499
0.0293603
0.0827601
-0.0115796
-0.0902248
-0.0090203
-0.0907147
0.0470878
0.0804810
0.2004851
-0.0640391
0.1263536
-0.0391377
-0.0992799
-0.0977515
-0.1896215
-0.2004443
0.0369413
0.2528459
0.5101925
0.3597858
-0.1896673
-0.4953077
-0.3629922
0.1276780
0.4762650
0.5824396
0.1920036
-0.1594416
-0.2990986
-0.2217240
-0.1127487
-0.0443128
-0.0030320
0.1168237
0.2160579
0.2154684
0.2204439
0.1640954
0.1544975
-0.0136259
-0.1612089
-0.0283523
0.0248959
-0.1862209
-0.1723813
0.0651348
-0.0660803
0.1259785
0.1606025
0.1248690
0.1901419
0.0632980
-0.0700867
0.1222861
0.0840758
0.0044363
0.0084739
0.0008053
-0.1352144
-0.1832801
-0.3187045
-0.1320266
0.2426227
0.4333185
0.4582321
-0.1084713
-0.4455974
-0.3492927
-0.1001718
0.5688666
0.4199312
0.2431661
0.0347202
-0.3264564
-0.3092345
-0.2210509
-0.1317270
-0.0537258
0.2666586
0.2977584
0.1170108
0.0085630
0.1915380
-0.0231550
-0.1096671
-0.1199895
-0.1451007
0.0300712
0.0296727
0.0309629
-0.0594519
0.0116376
-0.0544224
-0.0450215
-0.0558072
0.0496641
-0.0384470
0.0790650
-0.0582923
-0.0692837
0.1425985
-0.1570899
-0.0794977
-0.2104644
-0.0594211
-0.2345106
-0.1191651
0.1814835
0.3894361
0.3208357
0.0686252
-0.5259391
-0.5080045
0.0770965
0.4814620
0.6532679
0.4120002
-0.2032677
-0.4255153
-0.2157779
-0.1919167
-0.2076297
-0.0646738
0.1476180
0.2894305
0.0453569
0.1943041
0.0739704
0.1277048
-0.0830269
-0.1090884
-0.0411839
-0.2193721
-0.0961115
-0.2192313
0.0638581
0.0271109
-0.0401053
0.0332701
0.0558746
0.2028634
-0.0106873
0.1155085
0.0771375
0.1368450
-0.1153271
0.0322566
-0.0481985
-0.0126199
-0.2224481
-0.1806957
-0.1899772
0.0700136
0.1942552
0.4068241
-0.0690101
-0.4455176
-0.5193160
-0.0458713
0.3454099
0.6353916
0.3684771
0.0436713
-0.2182299
-0.4177972
-0.4398627
-0.0658750
-0.1031047
0.0073939
0.1439500
0.2770891
0.0911745
0.0102562
0.0712163
-0.0006292
0.0778477
-0.0612210
0.0189583
-0.0923321
-0.2102846
-0.0054251
0.0346426
0.0247781
-0.0308197
0.1276491
-0.0604627
0.0509954
0.2006287
0.0108336
0.1583292
0.0578324
-0.1433614
0.0438743
-0.1291084
-0.1494687
-0.3516023
-0.1375246
-0.0975313
0.4648920
0.5263184
0.2588864
-0.2521452
-0.5977434
-0.0899736
0.2667974
0.6187868
0.4204123
0.0618248
-0.2150574
-0.4021009
-0.1839300
-0.2958184
-0.0568150
0.0504701
-0.0100414
0.2303834
0.2439584
-0.0153266
0.0913699
-0.0765650
-0.0368934
-0.1853439
-0.1999295
-0.0263906
-0.1370016
-0.0659133
-0.0472694
-0.0705431
0.0239445
-0.0601759
-0.0078050
-0.0366294
0.0721282
0.0988054
-0.0123204
-0.0638683
0.0552732
0.0108625
-0.1318323
-0.1662455
-0.2855124
-0.1574899
0.1712282
0.4362743
0.4685881
0.4357214
-0.1537855
-0.4140745
-0.5963637
-0.1551794
0.1510261
0.2449127
0.1860264
0.1448898
-0.1838768
-0.0649097
-0.0111197
0.0799748
-0.0494439
0.1698121
0.1525012
-0.0481135
0.0592441
0.0829050
-0.1466472
-0.0873514
-0.1185382
0.0943100
0.0615015
-0.1078614
0.0422910
-0.0847781
-0.0393750
-0.0928195
-0.1198910
0.1055153
0.1891809
0.0558407
0.1316759
0.1150446
0.0717777
0.1134928
-0.1399944
0.0584873
-0.1368031
-0.1361243
-0.2170300
0.0353461
0.3013619
0.5407418
0.3417337
-0.0635548
-0.4430142
-0.4602622
-0.2996933
0.1461104
0.3044746
0.1744718
0.1308900
-0.2005561
-0.1922169
-0.0153971
0.0880265
-0.0940464
0.0278362
0.1140945
0.0299072
0.1857751
0.1039004
0.1207740
-0.1597024
-0.0286300
-0.1566452
-0.0133914
0.0186376
0.0502541
0.0167568
-0.0463365
-0.1181425
0.1137461
0.0059903
0.0026346
-0.0799676
-0.0412904
0.0777777
0.1139717
-0.1222989
-0.0522272
-0.1476752
-0.0611626
-0.0123542
-0.1780274
-0.0212607
0.0514656
0.3661002
0.3753093
0.1302849
-0.2455125
-0.6178899
-0.0576856
0.2640933
0.4176845
0.2066216
-0.0565921
-0.1192711
-0.1307651
-0.1449977
-0.2635119
0.0176927
0.1740051
0.1853356
0.2194968
-0.0110890
0.2014066
0.1351966
0.0844073
0.1142989
-0.0299795
-0.0401045
-0.0501922
-0.0141588
0.0344113
-0.0767843
-0.0850988
0.0316910
0.0444507
-0.0017237
0.1770271
-0.0229531
0.2137169
-0.0256099
-0.0033923
-0.1114151
0.1111554
-0.0948813
0.0004239
-0.1278260
-0.1575183
0.0533720
0.4086928
0.2638185
0.1103251
-0.5104693
-0.3981740
-0.1117514
0.2360030
0.5973297
0.4522070
-0.1653173
-0.1621946
-0.2315331
-0.3683126
-0.2404805
-0.1336898
0.1080056
0.1318956
0.0747284
0.1247643
0.0107982
0.0756475
-0.0829633
0.1063211
-0.0673288
0.0719917
-0.0123229
-0.1499765
-0.0321041
-0.1544842
0.1164119
0.0832317
-0.0693369
0.1083611
0.1635504
-0.0208470
0.0122327
0.1135480
0.1028941
0.0037488
-0.0542023
0.0126784
-0.2869801
-0.2581907
-0.1835013
0.1198920
0.5302547
0.5805423
-0.0442198
-0.3017289
-0.5328666
-0.3611438
0.2778123
0.5294007
0.4787866
0.1476633
-0.2333603
-0.3824897
-0.3892277
-0.0888124
0.0760406
0.1634332
0.0922055
0.2141835
0.1935896
0.0249429
0.0617492
0.1189213
0.0387528
-0.0722602
-0.1351474
-0.0000106
-0.1920952
0.0061901
0.0953057
-0.0693254
-0.0371482
-0.0801466
-0.0850093
0.0536960
-0.0224794
0.0733827
-0.0597804
0.1551082
-0.0769603
0.0112276
-0.1226478
-0.2150153
-0.0688870
-0.0835083
0.0738033
0.2207097
0.5742193
0.3717344
-0.2773356
-0.5397012
-0.3959608
0.0738725
0.2796135
0.1951158
0.1773449
-0.1055966
-0.0867428
-0.1042805
-0.0325767
0.0766191
0.1240225
-0.0154751
-0.0364947
0.1135933
0.0733367
0.0368687
-0.0394253
-0.1495206
0.0123566
-0.0661870
-0.1448965
-0.0444732
0.0273087
0.0099145
0.0812079
-0.0376017
0.0962940
-0.0736508
-0.0389759
-0.1077101
0.0784556
0.0534398
-0.0838116
-0.0023477
-0.0420606
0.0422315
-0.0717045
-0.0557186
-0.2438434
-0.0031084
0.1057190
0.3705582
0.4999035
-0.1005247
-0.4176885
-0.3464387
-0.2698896
0.0639855
0.2302514
0.2924252
0.1504155
-0.1819919
-0.0613767
-0.1109748
0.0565561
0.0882931
0.1983685
0.0430997
0.0382701
0.1782783
0.1604275
-0.1000832
0.0699288
0.0928097
-0.1169571
-0.1314473
0.0085970
0.1059193
0.0203888
0.1141625
-0.0139104
0.0114245
-0.0681611
-0.0826506
0.1210754
0.0788704
-0.0361810
-0.0363305
-0.1482437
-0.0059359
-0.1371024
-0.0981957
-0.0270047
-0.1276249
-0.0104224
0.3035648
0.4565824
0.4988385
0.0629128
-0.4049329
-0.5214391
-0.1065534
0.0161995
0.4193622
0.2005610
0.0630003
0.0496297
-0.2503418
-0.0609508
-0.0979095
-0.0698419
0.0619510
0.0252377
-0.0559189
-0.1022692
0.1234588
-0.0642651
0.0755322
0.1040746
-0.0339244
-0.0044911
-0.1268975
-0.0416232
-0.0098117
0.0462491
0.0902520
0.0578922
0.1689211
0.1647459
0.0797918
-0.0758731
-0.0952132
-0.0191216
0.0352036
-0.0288912
-0.0708562
-0.0304343
-0.0867783
-0.2913070
-0.1422324
0.1838577
0.5203053
0.6256926
0.1714613
-0.5188467
-0.6414723
-0.2428505
0.0862412
0.2202631
0.1134224
0.1507759
-0.1538336
-0.0745024
-0.2575949
0.0427510
-0.0633520
0.0371206
-0.0391883
-0.0117895
0.1233224
0.0794451
0.0511634
-0.1278637
0.0156011
-0.0030106
-0.0955992
-0.1334844
0.0330966
0.0434307
-0.0449002
-0.0070796
-0.0679848
0.0182938
0.0686532
0.0968527
-0.0639089
-0.0833825
0.0072068
0.0683828
0.0723637
-0.1444035
-0.1503758
-0.2085445
-0.2693716
-0.1941642
0.1164134
0.3478480
0.3801097
0.1050947
-0.4255768
-0.5225064
-0.2050942
0.0420872
0.4237086
0.1520680
0.1831851
-0.0924626
-0.1123797
-0.1096478
-0.0259513
0.0470260
0.0801099
-0.0890749
0.1012754
0.0381150
-0.1247304
0.0477203
0.0927083
0.1102941
-0.1084126
0.0783869
-0.0264585
-0.0910373
0.0404551
-0.1514247
0.0208180
-0.1147740
-0.0181414
-0.0703955
0.0690297
0.1416718
-0.0079412
0.1148667
0.0338137
-0.1027024
-0.1754643
-0.1428377
0.0410446
-0.0984512
-0.2732210
0.0159572
0.2966138
0.5168997
0.2197267
-0.0775061
-0.4276638
-0.3125263
0.1025778
0.3303817
0.3169596
0.1679225
-0.0360154
-0.2060422
0.0035142
-0.1491554
0.1241156
0.0109346
0.1041601
-0.0266047
0.0636643
-0.0560985
-0.0593942
-0.1189474
-0.0252808
0.0334681
0.0360070
-0.1460172
-0.1775113
-0.0283374
-0.1130861
0.0178529
0.0727481
-0.0825382
-0.0913958
-0.0533266
0.0230153
0.0351475
-0.0736503
-0.0617104
-0.1062589
-0.1063161
-0.1430789
-0.0976571
-0.1521026
-0.2849378
-0.2015915
0.2567905
0.6479378
0.2491633
-0.1019373
-0.5951825
-0.3835482
-0.0208170
0.1783100
0.3698140
0.0703549
-0.0242139
-0.0317393
-0.2347870
-0.2199778
0.0660230
-0.0096712
0.0339117
0.0219262
-0.0689954
0.0699515
-0.0549142
0.1121649
-0.1566188
0.0115789
0.0436430
0.0771169
-0.1222262
0.1145973
-0.0995104
0.1338993
0.0234671
-0.1083941
-0.0639164
0.0792613
-0.0155612
-0.1049880
-0.0555643
-0.0020057
0.0694751
0.0809877
-0.0385169
-0.1200234
-0.1996521
-0.3266122
0.1026465
0.3283210
0.5914618
0.3746273
-0.0795786
-0.3443766
-0.5171634
-0.2990808
-0.0621329
0.0829578
0.1882496
-0.0102838
0.0508813
-0.0393765
-0.0060809
0.0540266
0.0591411
0.1002498
0.0804720
0.0786152
-0.0326759
0.1201536
-0.0517879
-0.0715641
-0.1344549
0.1032902
-0.1131129
0.0326922
-0.0353789
-0.1593738
-0.0672251
0.0157185
0.0536598
0.0062374
0.1184593
0.0181358
0.0399356
0.0205227
0.0574911
-0.0737869
0.0893418
-0.1114515
-0.1640859
-0.1308836
-0.1417968
-0.0265538
0.3949444
0.4682322
0.4446634
0.1662080
-0.3905781
-0.5293747
-0.3711731
0.0962880
0.4101332
0.3268135
0.2148015
0.1088100
-0.2047346
0.0578341
0.1016804
0.1560115
0.0646882
-0.0627050
-0.0491597
-0.0636479
0.0982868
0.0719247
-0.1494506
-0.0221521
-0.1564187
0.0592409
0.0758755
0.1284571
-0.0964466
0.0654491
-0.0000011
0.1335717
-0.0128048
0.1767247
0.0265234
0.1582235
0.1334661
0.0856725
-0.1380380
-0.1534260
-0.1518633
-0.1556954
-0.1465957
-0.1326923
-0.0226166
0.0294779
0.3221505
0.5722785
0.1591767
-0.2555879
-0.5470674
-0.3386178
0.0486698
0.2708621
0.1902948
0.1444495
0.0505199
0.0653448
-0.1340257
-0.1353603
0.0149881
0.0945957
-0.0145781
-0.0621329
-0.0573654
0.1050106
-0.1207361
-0.1006522
0.0375313
-0.0937529
0.0285390
0.0351811
0.0239084
0.0830163
-0.0491627
0.0697295
-0.1311943
0.1233766
0.0876708
0.1052196
0.0817532
-0.0969498
-0.0775290
-0.0101775
-0.1109663
-0.0515411
-0.0995594
-0.0891509
-0.0286021
-0.0799146
0.1069042
0.2786831
0.6619024
0.2096291
-0.1954188
-0.5286770
-0.5293455
-0.2118280
0.2986297
0.3453631
0.1745900
0.0119416
