0.1922227
0.2824984
0.2291745
0.2081414
0.1732701
0.1179542
0.1575769
-0.0001554
-0.0627503
-0.1554992
-0.1692722
-0.1608453
0.0588876
-0.1946749
-0.1552774
0.1050285
-0.0904911
0.1760253
-0.0603499
0.0159370
-0.0456273
0.0746276
-0.0831269
0.1466817
-0.0644661
-0.0350756
-0.1360299
-0.0376204
-0.1061739
0.0621827
0.0184588
-0.0728081
0.0615627
-0.0434790
0.0700480
-0.0366794
-0.0321244
-0.0687570
0.1412269
0.1580324
0.0446767
0.2566704
-0.0490298
0.1083931
-0.0763489
-0.2206865
-0.3275287
-0.3240652
-0.2997001
-0.3537302
-0.1182077
0.1718753
0.2217549
0.4777183
0.6935795
0.7470623
0.1030807
-0.1917425
-0.9078382
-0.7053911
-0.3437206
-0.1443911
0.1405227
0.2346223
0.3118809
0.1228543
0.1995672
0.2525479
-0.0510760
-0.1171704
0.0357455
-0.1285030
-0.0565510
-0.1259887
-0.0700426
-0.0934751
-0.0355333
0.0837754
0.0108886
0.1038511
0.0285061
0.0078763
0.1225576
-0.0682287
0.1810581
-0.0222736
0.1604091
-0.0425418
0.0844666
-0.0815587
-0.0298802
0.0639490
-0.0964561
-0.2172525
-0.0302116
-0.0863440
-0.0681326
-0.0404971
-0.0797063
-0.0380534
0.0931614
0.0038594
0.0202130
0.1363054
0.1364937
0.2014420
-0.0126425
0.0699681
-0.1289671
-0.1786757
-0.3311437
-0.4932285
-0.1836489
0.0809640
0.0875755
0.3459728
0.4005148
0.5314595
0.6665942
0.5893775
0.0139816
-0.3997945
-0.9368762
-0.5413231
-0.2490955
0.1964973
0.1555877
0.1598979
0.2224282
0.3070681
0.3044451
0.0724815
0.0330934
0.0384750
-0.0076819
-0.1469828
0.0494584
-0.1226757
-0.0237694
-0.2054080
-0.1605643
0.0025066
0.0635971
-0.0524539
-0.0233600
0.1187099
0.0403322
-0.0891314
-0.0787934
0.0307455
0.0710777
0.1454364
-0.1271969
0.1041745
-0.1582657
0.0429230
-0.1013524
-0.1136328
-0.1817687
-0.1421374
-0.1543138
0.0560456
-0.0599203
0.1032849
0.0416641
0.2398156
0.2481644
0.1104607
0.0839730
0.0944723
-0.0587126
-0.2299553
-0.2087179
-0.3501985
-0.3947072
-0.4625699
-0.1417497
0.2126030
0.2863287
0.5585768
0.6227327
0.7714999
0.2649347
-0.2688212
-0.7346036
-0.9142324
-0.6578566
-0.1919636
0.2586511
0.1150665
0.2987136
0.2074441
0.1768827
0.2111338
0.2160051
0.1567398
-0.1056971
0.0295855
-0.1467218
-0.1592098
-0.2032379
-0.1544289
-0.0921808
-0.1127104
0.0670034
0.0283474
0.1232491
-0.0908953
-0.1021896
-0.0695295
-0.0559800
0.0029178
0.0754074
0.0455818
0.1488846
0.0406406
-0.1510627
0.0912152
-0.0969927
-0.1481046
-0.1328897
-0.2021105
0.0318307
-0.0899833
-0.1245858
0.1667598
-0.0626748
0.0445760
0.0064329
0.2415525
0.0614190
0.2135315
0.1921333
0.0544913
-0.0648273
-0.1598600
-0.3007954
-0.3647010
-0.2669223
0.0351581
0.2937560
0.1137755
0.1670665
0.0407817
0.2149237
0.5490670
0.5227443
0.0440284
-0.6256944
-0.6345203
-0.4776439
-0.0796404
0.1914384
0.0898009
0.1543681
0.0684792
0.0812463
0.2195053
0.1804818
0.1028158
0.0574169
-0.1274579
0.0644303
0.0713970
-0.2277724
-0.1665038
0.0077023
-0.1119696
-0.1674367
0.0488717
0.0043077
0.1562976
0.0654745
-0.0681851
0.0230811
0.0360736
0.0454969
0.0594734
-0.0643546
-0.0785365
0.0369040
-0.1295318
-0.0344770
-0.1003623
-0.0126750
-0.2220130
0.0531327
-0.1599964
0.1145817
0.0950979
0.2166764
0.1231639
0.1401980
0.2311178
0.0037373
-0.0197401
-0.0785242
-0.1305753
-0.0894641
-0.4577847
-0.3213383
-0.4114107
-0.0247505
0.1280028
0.2683099
0.2916356
0.6001426
0.6750330
0.6842422
0.0017519
-0.3139852
-0.8759813
-0.7157857
-0.2451937
0.1410015
0.2433143
0.3096165
0.3475784
0.1678755
0.1024703
0.2182660
-0.0722693
0.0987442
-0.0872560
-0.1105324
-0.1130738
0.0202172
0.0502130
-0.0711050
-0.1415438
-0.1313162
-0.0662545
0.0222650
0.1209959
0.1532728
-0.0079030
-0.0767017
0.1484524
0.0099209
-0.0838895
0.0785632
0.0277330
-0.1467011
-0.0936862
-0.0765415
-0.0988163
-0.1798127
-0.1601597
-0.0512764
-0.0732455
-0.1361403
0.1333370
0.0939682
-0.0495909
0.1329881
0.1642933
0.2522661
0.2054994
0.0195144
0.0358189
-0.0543018
-0.0629356
-0.1135642
-0.2137635
-0.4375420
0.0051998
0.0100121
0.0103335
0.0789739
-0.1088969
0.1249672
0.4495173
0.5320489
0.2370764
-0.2384883
-0.6516835
-0.5581896
-0.1996855
0.1095026
0.2428088
0.2524050
0.1897820
0.2147805
0.2192118
0.2142875
-0.0922619
0.0194411
-0.0680145
-0.0649227
0.0806622
0.0582124
0.0499263
-0.0515064
-0.1639215
0.0737000
0.1121277
0.1303109
-0.0419070
-0.0347625
0.0223918
0.1936770
0.0029947
-0.0912501
-0.0734457
0.0630267
-0.0517779
0.0832668
0.1102296
-0.1433739
-0.1433041
0.0071503
-0.2039034
-0.2142084
-0.0335379
-0.0566372
0.0146143
-0.0080494
0.1983184
-0.0148095
0.1033186
0.1450318
0.1904338
0.1375223
-0.0636079
-0.0059516
-0.1579773
-0.4261597
-0.5067752
-0.1922857
-0.0019516
0.0229250
0.2358628
0.1754787
0.4308143
0.4979064
0.4886236
0.1338800
-0.7059705
-0.7347841
-0.7377198
-0.1394625
0.1330154
0.2456137
0.1280458
0.2311478
0.1342942
0.2781006
0.0539478
-0.0465453
0.0286103
-0.0088393
-0.0038314
-0.0181426
-0.0891737
-0.0302314
-0.1401667
0.0602794
-0.1392178
-0.1369583
0.1012507
0.0624632
-0.0448268
0.0089402
0.0870442
0.0852924
0.0611180
-0.0094711
0.1641949
0.1029977
0.1344408
0.1311476
0.0328021
0.0920080
-0.1895854
-0.0235747
-0.0673844
-0.0034411
0.1271782
0.1238186
0.0157596
-0.0799971
-0.0029886
0.1995914
0.0086902
0.0632660
-0.0459679
0.0577563
-0.0878865
-0.1088285
-0.3937646
-0.2440637
-0.3607405
-0.1144279
0.1888454
0.1438894
-0.0271078
0.0814981
0.5183603
0.6225042
0.3422085
-0.1861761
-0.7343369
-0.6054345
-0.4308244
0.0324125
0.0740493
0.1513379
0.1861330
0.2961827
0.2844536
0.0502929
0.1696626
-0.0615465
-0.0465921
0.0573276
-0.0688078
0.0656972
-0.0339797
-0.1223869
0.0846356
-0.1155415
0.0306539
-0.0226609
0.1458314
0.1476577
-0.1169927
0.0338644
-0.0045420
0.1339468
-0.0643157
-0.0620746
0.1125587
-0.0248115
0.0357941
-0.1761023
-0.1537411
-0.2211992
-0.0418212
-0.0272603
0.0606304
0.0313866
-0.0525005
0.1546625
0.0691694
0.1913048
0.2307042
0.2188765
0.0160776
-0.0469712
-0.0535713
0.1267274
-0.0789005
-0.1501796
-0.4620921
-0.3991533
-0.1226719
0.0840998
0.2481845
0.4165748
0.6210207
0.7934366
0.6462269
0.1558367
-0.4068927
-0.8463255
-0.8930541
-0.4917779
0.0697850
0.2078062
0.1315558
0.2550628
0.2247005
0.1873275
0.1313809
-0.0421180
0.1501975
-0.1506521
-0.0159591
0.0030234
-0.0356149
-0.2270978
-0.0673996
-0.0125356
0.0822486
0.0561653
0.0595114
0.1128693
0.1572554
0.1505500
0.1871665
-0.0951762
-0.0344246
-0.0690359
-0.0028939
0.0282698
-0.0295854
-0.1583331
-0.1705679
0.0072383
-0.0223277
0.0346274
-0.1977200
-0.1349593
-0.1319012
0.1155483
0.0500350
0.1645361
0.0386535
0.0997601
0.1559115
0.2088102
0.1540922
0.0275009
-0.0594174
-0.1329848
-0.1852761
-0.3789068
-0.2632281
-0.3639066
0.0730477
0.1429220
0.3910708
0.4734549
0.4269371
0.5186743
0.3537342
-0.3289350
-0.5687449
-0.7348953
-0.6242365
-0.1309386
-0.0005892
0.1315481
0.1227262
0.3109321
0.0556987
0.0709401
0.1940867
0.1800906
0.1094893
-0.0593101
0.0080052
-0.2200324
-0.0821040
-0.1469019
-0.0350297
-0.0914505
0.1106017
-0.0335150
0.1297943
0.0731114
0.0738376
0.0442402
-0.1025403
0.1907027
0.0524554
0.0466945
-0.0541129
0.0457281
-0.0896293
0.0961083
-0.1446119
-0.1021885
-0.1039566
-0.2257914
-0.0895795
0.0794335
-0.1178234
0.1278147
-0.0423475
0.2333513
0.0370570
0.0531520
0.2304391
0.0997308
0.1195848
0.0967315
0.0680791
-0.1895124
-0.2498844
-0.5741673
-0.2167659
-0.1740175
0.0202248
0.1466243
0.3705375
0.5354699
0.6070116
0.6312101
0.1529103
-0.4456215
-0.6882599
-0.6387355
-0.3939762
-0.0561680
0.3151190
0.3321349
0.0557477
0.1704230
0.2796086
0.1540881
0.0945587
-0.1240635
-0.0320794
0.0205432
0.0190501
-0.0897402
-0.2010549
-0.0118150
0.0943240
0.1126621
0.0024467
-0.0940178
0.0084002
0.1397499
0.0309384
0.1349957
0.1955600
0.0511414
0.0878153
0.1773790
0.1067758
0.1329239
0.1055389
-0.0192135
-0.0699347
0.0295221
-0.2053709
-0.2034510
0.0470745
0.1068036
-0.0536089
0.1839406
0.1155799
0.2095814
0.1112843
0.1592861
0.2118981
0.1170854
-0.1169721
-0.0031677
-0.2642645
-0.3751095
-0.3809751
-0.4934272
-0.2324892
0.2623209
0.4378919
0.3666136
0.4987707
0.7292059
0.3797737
-0.2587333
-0.5202489
-0.9563426
-0.6630269
-0.0849737
0.0298928
0.1147892
0.1799395
0.1781262
0.2113963
0.3053776
0.1057963
0.0587630
0.0364378
0.0528075
-0.0902663
-0.1705530
-0.1341778
-0.1994553
0.0651449
-0.0815577
0.0634296
-0.1035814
-0.0349211
0.0031698
-0.0211368
-0.0151150
0.1165812
0.0818501
0.1051943
-0.0683891
-0.0088366
0.0756235
0.0876664
-0.0827449
0.0970303
-0.1512714
0.0663635
0.0223494
-0.0647085
-0.1780364
0.0959675
-0.1513311
0.0356319
0.0850266
-0.0564826
-0.0303138
0.2059360
0.0868658
0.0563621
-0.0921099
0.1427788
0.0392071
-0.2143487
-0.2619896
-0.4450253
-0.1892417
0.1292918
0.0066228
0.1207854
-0.0650792
0.3112841
0.3483439
0.6341071
0.4227291
-0.0889752
-0.6797189
-0.5972757
-0.4045093
0.0824395
0.0942221
0.2233151
0.2477107
0.2814457
0.0634344
0.1884331
-0.0417244
0.0877473
0.0376019
0.1149628
-0.1703838
-0.0998255
0.0410056
-0.0193369
0.0042878
-0.1318190
0.1095092
0.1504928
-0.0039720
0.1735093
-0.0966265
0.1536937
0.0938164
-0.0011593
-0.0512306
0.1533493
-0.1084962
-0.0205352
-0.0080728
0.0113830
0.0092327
-0.1772331
-0.2022078
0.0169607
0.0507453
-0.0585771
0.0105844
0.0245099
0.1391650
0.0750612
0.0528004
0.2018470
-0.0046925
0.1682241
0.1631430
-0.1730742
-0.3258920
-0.2535369
-0.3969762
-0.2539875
-0.0902030
0.0330476
0.1780061
0.4111965
0.6760481
0.8759416
0.4304508
-0.1929304
-0.8038449
-0.8486570
-0.6597397
-0.1367931
0.1489762
0.2313967
0.3272204
0.2522610
0.1251432
0.0698997
0.1521424
0.0687571
-0.0432316
0.0407799
0.0027612
-0.0445937
0.0045484
-0.0868763
-0.1206915
0.0250955
0.0851518
0.1301651
-0.0485059
0.0112498
0.0299391
0.0816340
0.0713504
0.0049144
0.0094017
-0.0750377
-0.1031708
0.0701380
0.0608323
-0.0235378
0.1045535
-0.0743338
-0.0198293
0.0482090
-0.1721816
-0.0722097
-0.1075527
-0.0217791
0.1252982
0.0139905
0.0326126
0.0700219
0.1305250
0.0219189
0.2000105
-0.0982326
-0.0553210
0.0052951
-0.0392672
-0.3191923
-0.3526422
-0.1922581
0.1177678
0.0413816
0.0841215
-0.0813763
0.2447695
0.6022204
0.6900201
0.2281186
-0.4482249
-0.7963371
-0.6697071
-0.3194127
-0.0080968
0.2553951
0.0792777
0.1275331
0.0439926
0.1310457
-0.0433501
0.0148192
0.1535406
0.1161810
0.0679172
-0.0999656
-0.1524040
-0.0973635
0.0428217
-0.1894137
-0.0239021
0.0671874
0.0488242
-0.1265571
-0.1125080
0.0311595
0.0471752
0.1121137
0.0852694
-0.0280128
-0.1155814
-0.0267038
0.0601780
-0.0283541
-0.0914591
-0.1175908
-0.1998690
0.0327991
-0.0260310
-0.1041762
0.1019118
-0.1187213
-0.0703457
0.1432761
0.2065466
0.1276500
0.2975931
0.2557330
0.1719200
-0.0027207
-0.1303637
-0.3292283
-0.4876451
-0.3014400
-0.3120507
-0.0813504
-0.0638159
0.1471119
0.3464896
0.7176872
0.8872937
0.4364817
-0.0336558
-0.8858857
-0.9900851
-0.6149040
-0.1474108
0.0063179
0.2014972
0.2142211
0.0321394
0.1548368
0.2686904
0.2520529
-0.0634464
-0.1557889
-0.1318510
0.0568690
-0.0035399
-0.1153576
0.0339868
0.0012813
-0.1352469
0.1254110
0.1237628
-0.1019238
-0.0151559
0.0697498
0.1342214
-0.0074437
-0.0073301
0.0603944
-0.0888924
0.0571063
-0.1372157
0.0518743
-0.0614601
0.0939419
-0.1644919
-0.1348020
-0.1158207
-0.0226021
-0.0550047
-0.0151079
0.0271041
0.0523389
-0.0900588
0.0443196
0.1126338
0.2169292
0.2056914
-0.0035334
0.1463826
0.0372942
-0.2212758
-0.1177791
-0.4497131
-0.1375827
-0.0417589
0.1049106
0.0822269
-0.1038745
0.1933235
0.4048483
0.6593649
0.4369592
-0.1019467
-0.5843578
-0.6155935
-0.5366049
0.0498920
0.1220945
0.0297852
0.1302817
0.0572226
0.1151805
0.0148125
0.2288290
-0.0120057
0.1260151
-0.0357585
-0.1720249
-0.0386782
-0.1614432
-0.1581344
-0.1037842
0.0054440
-0.0165913
-0.1205899
-0.0502778
-0.0152836
0.0153275
-0.0069673
0.1839995
0.0529927
-0.0401016
0.1895930
0.0429630
0.0190841
-0.0852895
-0.0703479
-0.0103796
-0.0686645
-0.1598382
-0.0877513
-0.1444586
-0.1328256
0.1165009
-0.0182571
0.2005073
0.0186557
0.2101048
0.0662660
0.2250256
0.0160777
0.0651755
-0.0585958
-0.1701781
-0.2500269
-0.5314770
-0.4857113
-0.3222083
-0.0652645
0.1686056
0.0325892
0.2929795
0.7983980
0.7733234
0.5393452
-0.3194307
-0.6593836
-0.7965034
-0.3416175
0.0454644
0.0479629
0.0681178
0.1231809
0.1024792
0.3276004
0.0369376
0.1248007
0.1293250
0.0404364
-0.1499314
0.0079649
-0.1095641
0.0030076
0.0091975
0.0716376
-0.0580961
-0.0671560
-0.0286587
-0.0130347
0.0706018
-0.0925085
0.1478764
0.1276262
0.1767494
-0.0218423
0.0745532
0.0722611
0.1015956
0.0345286
-0.0496604
0.0494377
-0.1640655
-0.0697231
0.0269770
-0.0714561
-0.1083917
0.0042234
0.0814353
0.0179867
0.1117704
0.1847951
0.1360330
0.1748761
0.2166156
0.0737624
-0.0238500
-0.0747787
-0.1705488
-0.3800589
-0.2823256
-0.2971881
-0.0940725
0.2323223
0.1966937
0.2545144
0.3812354
0.6300130
0.5192249
0.1064432
-0.5471536
-0.8607465
-0.6836642
-0.2111481
0.2026087
0.0616051
0.1225047
0.2066273
0.3070343
0.0756663
0.1439385
0.1127356
-0.0790993
-0.0609366
-0.0735490
-0.0772918
-0.2113850
0.0035056
-0.0407678
-0.1099429
-0.0761705
0.0780970
-0.1283086
0.1258308
0.1201345
-0.0323014
-0.0372625
0.0736938
0.0660930
0.0865634
0.1722381
-0.0618529
-0.1181815
-0.0826250
-0.1355435
0.0152335
-0.1989454
-0.0036331
-0.0001291
0.0340487
0.1005035
-0.0493281
0.1627420
0.0122967
0.1031398
0.1693108
0.1891386
0.0222846
-0.0505947
0.1307474
-0.1678987
-0.1843004
-0.2067247
