-0.1656862
0.1527334
-0.1524865
-0.1524711
-0.1416736
-0.0266009
-0.0385133
-0.1739070
0.1396573
0.0083649
0.0402085
-0.1176250
-0.1269015
0.1487936
-0.0030687
-0.0815123
-0.1735196
0.1053429
0.1362271
-0.0680955
0.0269297
0.1383992
0.0575248
0.1052842
-0.1665557
0.1284335
-0.0276472
0.0064421
-0.0407904
-0.0966054
-0.0220861
0.1643261
0.1598209
0.0705501
0.1591903
-0.1243417
0.1033051
0.1072987
0.0615900
0.1632378
-0.0261132
0.1345713
-0.0558341
-0.0541026
-0.1722178
-0.0650079
-0.1185000
0.0428614
0.1533777
-0.1436269
0.0746608
0.1534488
0.1726935
-0.0659529
0.1384168
0.1230765
0.0000570
0.0655599
0.1525580
0.1516204
0.1094598
0.1276008
-0.1544400
0.0459787
0.1419125
0.0004924
0.0811412
-0.0904714
0.0460111
-0.0205079
-0.0018968
-0.0222091
-0.0923508
0.1437449
0.1211457
0.1724010
-0.1067850
0.0375492
0.0828623
-0.0987377
-0.0141957
0.0049375
0.1467811
0.0891694
0.0158806
-0.0765104
-0.0451654
-0.1097977
0.1138511
0.1060736
-0.0854323
-0.1648826
0.1280248
-0.0374533
0.1116957
-0.0256608
0.0880969
0.1275209
-0.1164352
0.0685000
-0.0606655
-0.1502088
0.0033193
-0.0597756
-0.1490082
0.0732663
0.1358029
0.1275654
-0.1505745
-0.0034056
0.0222376
0.0408837
0.1621147
0.0312369
0.0341675
0.1641521
0.1012577
0.0408309
0.0509833
0.0269176
-0.0695023
0.0416173
0.0736979
0.0965234
0.1484391
0.1724839
0.0529841
0.0616657
-0.0405974
-0.0005832
-0.0304344
-0.1681649
0.0788626
-0.1618196
-0.1567209
-0.1401367
-0.0070884
-0.0381959
-0.0171338
-0.0540132
-0.0123030
-0.1575834
0.1604146
-0.0538844
0.0472502
-0.0542484
-0.1182756
-0.1514624
-0.0504375
0.1175585
-0.1286590
-0.0950345
-0.1791822
-0.0269646
0.0144651
0.1650323
-0.0383787
0.1631570
0.1736988
0.0579391
-0.0786496
0.0250928
-0.1310178
-0.2033046
-0.0233996
-0.0243174
-0.0614227
-0.1951488
0.0929886
0.0941104
-0.0985951
0.0463916
-0.0534306
-0.0550507
0.2080211
0.2186954
-0.0478710
0.0211005
-0.1037947
-0.2070409
-0.4626721
-0.1984799
0.1657068
0.4259315
0.6841096
0.3783940
-0.1640585
-0.3036437
-0.3089206
-0.2933524
-0.0519766
-0.0192701
-0.0089120
-0.1192986
-0.1478625
-0.0467396
0.0424585
0.2000325
-0.0918966
0.1476490
-0.1199987
0.0242528
-0.1238307
-0.0115343
-0.1609996
0.0848103
0.1543727
-0.0196946
0.0890794
0.1693763
0.1144536
-0.1174034
0.1102977
0.0295609
-0.0800136
-0.0306749
0.1537937
-0.0054114
0.1681992
0.0358554
0.0836556
0.0447314
-0.0162019
-0.1465860
0.1112622
-0.1352606
0.0363059
-0.1199332
-0.1508572
-0.1372040
0.1364148
-0.0403817
0.1385299
0.0287634
0.0455760
-0.0856784
0.1697004
-0.0145436
-0.1297971
-0.1164830
-0.1282249
-0.1609023
-0.1299538
-0.1845181
-0.0915373
0.1160757
-0.0082290
-0.0831339
-0.0387525
0.1706803
0.0904764
0.1211541
0.1532584
-0.1154165
-0.1107304
0.0728745
0.0783516
-0.0251682
0.0837301
-0.0914564
-0.0080764
-0.0594285
0.0990761
-0.0110325
0.0745487
-0.1243013
-0.1080490
0.0472980
-0.0862441
0.0194302
-0.0255841
0.0367965
-0.0253284
0.0071948
-0.0547874
-0.0686032
-0.0618745
0.1103032
0.0862419
0.1806873
0.2113090
0.0321729
-0.0630124
-0.0524458
-0.0921354
-0.0531854
-0.1388002
-0.0194138
-0.0635560
-0.0035936
0.0342901
-0.0008999
0.1136186
0.2350430
0.1245634
-0.1325017
-0.0755421
0.0519973
0.0529960
0.1019190
-0.2072099
-0.1764331
0.1306460
-0.0899040
-0.0443850
-0.0741779
0.1691752
-0.1274101
-0.1620071
-0.1141879
0.1159184
-0.0191196
-0.1720610
0.1161409
0.1157478
-0.1586303
0.1027315
-0.1279796
0.1506458
-0.1079178
-0.0315152
-0.1050189
-0.0956535
-0.1034099
0.1076164
-0.0812834
0.0439217
-0.1417868
0.1604751
-0.0385143
0.0074531
-0.0030953
0.0709587
-0.1297339
0.1600022
-0.0426765
0.0351994
-0.1054363
-0.1699536
0.1332780
-0.1543188
-0.1665072
-0.1751896
0.1382343
-0.1459106
0.0700535
0.0348638
-0.0754545
0.0153324
0.0772716
-0.0249138
-0.1324781
0.1861915
-0.0990989
-0.0503299
0.1000208
-0.3164675
-0.3826677
-0.3853971
-0.2384436
0.4339277
0.5064246
0.6284982
0.2827037
-0.3079752
-0.6702682
-0.3861367
-0.1392649
-0.0080767
0.2572170
0.2455299
0.0426244
-0.1437144
0.1502030
-0.1160538
-0.0728635
-0.1214374
-0.1082117
0.0448934
-0.1334718
-0.1767876
0.0141477
0.0623978
-0.1603234
0.1571274
0.0424523
-0.1397349
0.0823895
0.0321120
0.1347413
0.1187855
-0.0833123
-0.0306077
0.0478853
0.0624866
-0.0562300
0.1650508
-0.1077240
0.1657937
-0.0765314
0.1488015
-0.0068054
-0.1590043
0.1409600
-0.1768288
0.0931747
0.0993427
-0.0032975
0.1271389
-0.1407492
-0.1049628
0.1141231
0.1565864
-0.1163489
-0.0280822
0.0962198
0.1197675
-0.1367391
-0.1243270
-0.0230963
-0.0216056
-0.0009190
-0.1211824
0.1281171
-0.0012128
-0.0927919
-0.1697373
0.1241271
-0.0874256
-0.0164241
0.0848665
-0.0443798
0.2042837
0.2396892
0.0682452
0.0995055
0.0810624
0.0386983
0.0442126
0.0325630
-0.1536738
-0.0907220
-0.1118053
-0.2351396
0.0387102
0.1093552
0.2744439
0.1853079
0.4793985
0.3752998
0.3953658
0.3903167
0.0305352
0.1611039
-0.5831374
-0.9698233
-1.4630751
-1.0764395
0.2905202
1.3615735
1.2871907
0.9554877
0.1204529
-0.0167581
-0.2126233
-0.1802147
-0.4790052
-0.2876578
-0.2330504
-0.1847085
-0.0267252
0.0151100
0.0208938
0.3148281
0.2679438
0.0542686
0.2870217
0.2437816
-0.0420475
0.1900274
-0.1282823
0.0781375
-0.2731095
-0.2413125
-0.0945507
-0.2247015
0.0379599
-0.1966459
-0.0432336
0.1439767
0.1188368
0.3118315
0.1018482
0.2741085
-0.0722272
-0.0734808
-0.0142619
-0.1786390
-0.1537300
-0.1171172
-0.2567506
-0.1676767
0.1889487
0.1775723
0.2326892
0.1329971
-0.0008721
-0.0856923
-0.0764193
0.0997267
0.0784065
-0.0373328
-0.0977593
-0.0266405
-0.0256709
0.0487250
-0.0121280
0.0056071
-0.0724356
0.1746957
0.1585668
-0.0694054
0.0640117
0.1515146
0.1308961
-0.0864279
-0.1199502
0.1566160
-0.1699626
-0.1445087
-0.0881685
-0.1247995
-0.0949038
-0.0979428
0.0958737
-0.0373452
0.0181413
0.1626417
0.1473092
0.1407257
0.1473975
-0.0342433
-0.1209756
0.1134753
0.1492672
-0.0092322
-0.1052292
0.0326306
0.0336802
-0.1213567
-0.0549033
0.0962991
0.1396274
-0.1089156
0.1524280
0.1240904
-0.1048780
-0.1425714
-0.0973755
-0.1559300
0.1532878
0.0429971
0.0743098
-0.0922694
0.0151680
0.0995214
0.0697730
0.0642553
0.0290679
0.1768708
0.1302183
-0.0946382
0.0984624
-0.0582189
0.0083993
-0.1476561
-0.0051734
0.1238734
-0.0487863
0.0083865
-0.0717098
-0.0056923
0.0974346
-0.1125885
0.0457004
-0.0612667
0.1401571
-0.0723415
-0.0405044
0.1023646
-0.1698692
0.1422626
0.0167593
0.0670277
0.0189294
-0.0887415
-0.0769743
0.1746925
-0.1103137
-0.0283029
-0.0679133
-0.0308995
0.0294851
0.1124233
0.0744531
0.1105023
-0.1654897
0.0717793
-0.1603947
0.1413393
0.1740401
-0.0862077
-0.0442941
0.0915567
0.0050858
0.0642964
0.1706562
0.1094716
-0.1073399
-0.0852293
-0.1706445
-0.0826651
-0.0417698
-0.0919661
-0.1287165
-0.1117548
-0.1217312
-0.0097857
-0.0151971
0.0352844
0.0227263
0.0465601
-0.1615713
0.0122199
0.0533997
-0.1422748
0.1057341
0.0912806
0.1247101
-0.1562204
0.1522157
-0.0023901
-0.1443227
0.0525944
-0.1625626
-0.0111833
0.1565799
-0.1572506
0.0211289
0.1346476
0.0040998
0.0933744
0.0586963
-0.0786594
0.0506042
-0.1253472
0.1435404
-0.0362703
0.0354491
-0.0510780
-0.0014576
0.1259975
-0.0151478
-0.1219916
0.1712011
0.1353072
-0.1364269
0.0134861
-0.0138495
-0.0853212
-0.0592705
-0.1415220
-0.0406297
-0.0928713
0.0218893
-0.0326432
-0.0152834
0.0465968
-0.0784056
-0.1508382
-0.0601484
0.0767811
-0.0773822
0.1161658
-0.0922380
0.1672246
-0.0651840
0.1375390
-0.1022681
0.1488476
0.0946972
-0.0066699
-0.1052263
-0.1403614
0.0367544
-0.0008955
0.0792625
-0.1688408
0.0836556
0.0369514
0.1487262
0.0728177
-0.0637245
0.1033817
-0.0843327
-0.1159759
0.0621054
-0.0652608
0.0162738
-0.0200643
0.0233137
-0.0484099
-0.0386747
0.0972006
-0.1257110
0.1635740
-0.1073318
0.0153239
-0.0784679
-0.1532822
-0.1281925
-0.0779222
-0.0939831
0.0342977
0.0145051
-0.1578959
-0.0787193
0.0937792
-0.1508568
-0.0172173
-0.0322694
-0.1194040
-0.1005774
0.1416606
0.1000520
-0.1577926
-0.0367523
0.1128086
-0.1668587
0.0735393
0.0847485
0.1182339
0.1209701
0.0487094
-0.0135593
-0.0450888
0.0128851
0.0335387
-0.1074778
-0.0940562
-0.1465810
0.1391171
-0.1294780
-0.1002304
-0.1319166
-0.0980046
-0.1948205
0.1460176
-0.1174827
-0.0354190
0.0430382
0.1994846
-0.0940579
0.1806238
-0.0616005
-0.1408782
-0.1611899
-0.3135770
-0.3914405
-0.3885737
-0.2840826
0.1495758
0.3749670
0.5118867
0.5662878
0.0024163
-0.4867402
-0.5772817
-0.1517126
0.0114019
0.0338510
0.0026106
0.0066724
0.1414802
-0.0139400
0.1045564
-0.0425669
-0.0898616
-0.0323353
0.0890437
0.0084743
-0.1310846
-0.0461119
0.0366309
-0.1307170
-0.1744455
-0.0235885
-0.1679058
-0.0514072
0.0266840
-0.1419378
-0.1338219
0.0724497
0.0151182
0.1770137
-0.0190012
0.0207432
-0.0874147
-0.1584030
-0.0660050
0.0646186
-0.0598630
-0.0104459
0.0261273
0.0770899
0.0601258
0.1090946
0.1590720
0.0894590
0.0828959
-0.1027646
0.2024290
0.1729622
-0.1719732
-0.0527339
0.0282141
-0.1647339
-0.1858297
-0.0134250
-0.1095341
0.0963155
0.0913618
0.1610740
0.0150353
0.2984740
0.2500648
0.5729372
0.5865425
0.1729950
-0.1789758
-0.5531232
-1.2015111
-1.2778596
-0.8083484
0.5186644
1.0719098
1.0743973
0.7749828
0.1454787
0.0599300
-0.1566073
-0.4034164
-0.3480502
-0.4363731
-0.0654288
-0.2579274
-0.1264845
-0.0088714
0.1735778
0.1295931
0.0006613
0.2342043
0.1514783
0.1606637
-0.0071779
0.0001010
-0.0631153
-0.0369834
-0.0693398
-0.1246458
-0.0916929
-0.1622876
0.0026663
-0.0520679
0.0936167
-0.0838605
-0.0461988
0.1426145
0.2156384
0.2107749
0.1891584
0.0334897
0.2482823
0.2025770
0.0036604
-0.1445486
-0.1731781
-0.0696564
-0.1515712
-0.1543946
-0.2939076
-0.0186552
-0.0763556
0.0032020
0.2545705
0.3078895
0.1610852
0.0038507
0.1583830
-0.1124926
0.0466048
-0.2674178
0.0615660
-0.0155673
-0.0732993
0.0126252
0.1327595
0.0723119
0.0162100
0.2052076
0.1861492
-0.0778241
-0.0468560
-0.0720437
0.0525936
-0.1105549
-0.0419735
-0.1647670
0.1228848
-0.1303285
0.1463581
0.1065321
0.0156613
0.0042786
-0.0944846
-0.1031272
0.0914196
0.0433243
-0.1035649
0.1138349
0.0897889
0.0900566
0.1056318
0.0451065
0.1483702
0.0421016
0.0414307
0.1229629
0.1285024
0.0619914
0.0149944
-0.0582156
-0.0621376
0.0893327
0.1140909
0.0299726
0.0339424
-0.0350585
-0.1023900
-0.0376919
0.1227079
-0.1518601
0.1280221
-0.1224251
0.0510063
0.1001947
0.0749183
0.0780712
-0.0862689
0.1264613
0.0314471
-0.1659917
0.1257543
0.0108385
-0.0952029
0.0362083
0.0219004
0.0006095
0.1718906
0.0811430
0.1244957
-0.1428355
0.0381240
0.1202979
-0.0985564
0.1036725
0.0813684
-0.0827054
0.1409518
0.0928234
-0.1518113
-0.1282130
-0.1449067
0.0275454
-0.0988434
0.1476098
-0.0698143
0.1107073
0.0462382
0.0239560
-0.0000862
0.0103354
0.0719384
0.0980165
0.0998803
0.0165110
-0.1250136
-0.1275108
0.1386222
0.0252505
-0.1041096
-0.0118661
0.0514578
-0.0699325
0.0361232
-0.1245954
-0.1549006
0.0371291
-0.1302194
-0.1140306
-0.1276933
0.0244209
0.1621395
0.1429761
-0.0552266
0.0414394
-0.0195624
-0.0826780
0.1029304
-0.1521829
0.1580046
-0.0904483
-0.1724193
0.0907940
-0.0287792
0.0099035
0.0862624
0.0217164
-0.0590710
0.0340743
0.1290128
-0.1090647
-0.0172163
0.0968578
-0.1257724
-0.0110460
-0.0048953
-0.1096746
-0.0776665
0.0192424
0.0417813
-0.0483407
0.1265809
0.1600066
0.1322110
0.1052590
-0.0115923
0.1156390
-0.1236468
-0.1383376
0.0972796
-0.1673093
0.0763282
0.0450231
-0.0578762
-0.0425322
-0.1359609
0.0712286
-0.0760485
0.1488342
-0.0958123
-0.0322055
0.0236824
0.0757381
-0.1408498
0.0785097
-0.0530035
0.1617807
0.0799415
-0.0068719
-0.0592047
0.0805872
0.1596913
-0.0221862
-0.1340167
-0.1304817
0.0073156
-0.0590676
0.1593865
0.1581228
-0.1555913
0.1099765
-0.1529347
0.0610910
-0.1451200
-0.1464277
-0.0912214
0.0060080
0.0530834
-0.0319257
-0.0802321
-0.0587372
-0.1589670
0.0512917
-0.1682853
-0.0633603
0.1294011
0.0805448
-0.0396545
-0.0796040
-0.1390003
0.1517502
-0.0850106
-0.1467108
0.0536842
-0.0548963
0.0370906
0.1574213
0.1599660
-0.1727238
-0.1579459
-0.1171225
-0.1616469
0.0706481
0.0095068
0.0586533
0.1041904
0.0813737
0.0610050
-0.0550703
-0.0612670
-0.1664244
0.1283620
0.0513627
-0.0950379
0.0725594
-0.0216554
-0.1585962
0.1504481
0.1380073
0.0240096
-0.0602664
0.1061532
-0.0602112
-0.1495928
0.1461570
-0.0430875
0.1140835
-0.1656433
-0.1038406
0.1555089
0.1287815
0.1677775
-0.0332882
0.1752566
0.0119311
-0.0165972
-0.0394888
-0.0796385
0.1274393
0.0221279
-0.1897634
-0.0793656
-0.1050462
0.0818659
0.0104333
0.1001683
0.0255572
-0.0010307
0.1659381
-0.0541309
-0.0781105
0.1302823
-0.0670900
0.0508058
-0.3271707
-0.2053574
-0.1595714
0.0399402
0.3534878
0.6924857
0.6416669
0.1537277
-0.3403423
-0.4736295
-0.4085158
-0.0167031
0.0167013
0.1535114
-0.0811680
-0.0114805
0.1305811
0.1637283
-0.0056160
-0.0036238
0.0662740
0.0704750
-0.0371618
-0.1854817
-0.0249566
-0.1104305
-0.0015342
-0.0262706
-0.1443144
-0.0539299
-0.0206662
-0.0687830
0.0476941
-0.0008816
0.0961476
0.1220536
-0.0567519
0.0987916
0.0419415
-0.0399380
-0.0991071
0.1441882
0.1681795
-0.0798239
-0.0019468
-0.1179108
0.1238389
-0.0904485
-0.1109826
0.0669156
0.0180535
-0.1775121
-0.0073949
0.0177565
-0.1282185
-0.0764265
0.0857591
-0.0132194
-0.0624219
0.0589871
-0.1830518
-0.2603870
-0.0793379
-0.1941268
0.0192114
0.1175732
-0.1085362
0.0956069
0.1607273
-0.1146801
-0.0622329
-0.0699887
-0.0190264
-0.0795097
-0.1848280
-0.1707692
0.1067011
0.0443539
0.0051340
0.0463886
-0.1570566
-0.0704533
0.0251843
-0.0960368
0.1229848
