0.4984151
0.4874712
0.4573570
0.2706430
-0.4253996
-0.5726774
-0.9323942
-0.7910289
-0.5980969
0.2412684
0.5538762
0.4569844
0.0616573
0.1566254
0.5634832
1.1696117
1.4020327
0.3209772
-1.0256525
-1.4814398
-1.2193455
-0.5994350
0.2659597
0.3463063
0.2972595
0.3406000
0.5678396
0.2171614
0.4014605
0.1903913
0.0854003
-0.1395017
-0.0132121
-0.0563385
-0.2787928
-0.1709254
-0.3508937
-0.4076995
-0.3884288
-0.2445377
-0.0023321
0.3499258
0.3552320
0.5418413
0.1271890
0.3983418
0.0601926
-0.1121190
-0.0986785
-0.3976657
-0.0341911
-0.1053992
-0.0571852
-0.0077231
-0.2220714
-0.1105586
-0.0665627
0.1982308
0.0170737
0.1077983
0.1686017
0.5395108
0.4518217
0.3725252
0.2313598
-0.0552288
-0.2127532
-0.4820182
-1.0940098
-1.0128164
-0.5568474
0.0015530
0.3600464
0.7538949
0.9447496
1.1140620
1.1265191
1.0075874
-0.2029991
-1.4291014
-1.8594196
-1.1127812
-0.4429474
0.1308070
0.2575546
0.5372658
0.4421154
0.7045424
0.6043267
0.1871341
0.0004890
0.1354076
-0.1825602
-0.1347529
-0.2463314
-0.0790300
-0.1035420
-0.0739606
-0.1282704
-0.1619717
-0.0270400
0.0892162
0.0994631
0.2042178
-0.0280707
0.0982535
0.1857458
0.2700446
0.1379817
0.2406627
0.1101134
0.1570523
-0.1695143
-0.1358454
-0.2515892
-0.1868643
-0.3268660
-0.3983416
0.0264724
0.1113987
0.0818954
0.2248213
0.2773142
0.2223386
0.2956603
0.2928558
0.1323845
0.2762541
-0.3276284
-0.5236127
-0.7353020
-1.0633313
-0.7630873
-0.4067648
0.4459849
0.4691674
0.7047119
1.0026109
1.0926962
0.6652145
0.2317378
-0.4691376
-1.1247599
-0.8085764
-0.8781237
-0.6658084
-0.1047674
0.0678690
0.5343930
0.5201594
0.2978620
0.6010184
0.3513054
0.2821955
-0.0678858
-0.0800768
-0.0674768
-0.4272945
-0.2416793
-0.2959543
-0.3721061
-0.1947538
-0.0463312
0.1901365
-0.0797238
-0.0838311
0.1258848
0.3605858
0.1882999
0.1263995
-0.0496899
0.0816147
0.0381139
0.1290125
-0.2870234
-0.1072987
-0.1277669
-0.4248724
-0.0196341
-0.1256008
-0.2720742
-0.2946915
-0.1143348
0.3243640
0.2508247
0.5252155
0.3677220
0.3449853
0.2014832
0.0714211
0.0736586
-0.0190278
-0.6416998
-0.7997788
-0.9011662
-0.9762538
-0.4401640
0.1971446
0.5069232
0.9252066
0.9852745
1.3145305
1.2265060
0.4756368
-0.7739697
-1.3896457
-1.6668852
-0.9035874
-0.1396809
0.0175597
0.5196170
0.4144381
0.6971737
0.7702257
0.4213009
0.0501742
0.0122348
-0.2585226
-0.3114943
-0.4279210
-0.3614765
-0.3313485
-0.2113101
-0.2089239
0.0330652
0.0321339
0.0348247
-0.0042009
0.0855672
0.2169353
0.0819832
0.1396146
0.3341858
0.1708572
-0.1265610
-0.0002631
-0.0257062
-0.1329070
-0.1450436
-0.1828334
-0.4381374
-0.4363935
-0.1190875
-0.3466973
0.1207220
0.1089161
0.0693250
0.1035341
0.2678067
0.5011143
0.4573552
0.2632961
-0.0137000
-0.2211977
-0.5163206
-0.6921036
-0.8960632
-0.7669206
-0.6367543
0.1391382
0.5601704
0.7026876
1.2180809
1.3771640
1.2226155
0.2753907
-0.6339299
-1.3997850
-1.1301009
-0.6854276
-0.6893957
-0.4374081
-0.0236026
0.6299420
0.4604598
0.3583390
0.4823645
0.3931183
0.3292755
-0.1500591
-0.2416073
-0.0985674
-0.3631642
-0.0557075
-0.1981151
-0.3086711
-0.2628625
-0.2200628
0.0789406
0.1082237
-0.1198674
0.0199844
0.0204286
0.1469665
-0.0121929
0.2300840
0.1390164
0.1258647
-0.0148252
-0.2170867
-0.2195144
-0.2800208
-0.2920906
-0.3708249
-0.0984078
-0.2797751
-0.2192830
0.0247391
-0.1444113
0.0585230
0.2984708
0.1272975
0.3439303
0.3146896
0.2814971
0.1087129
-0.0538366
-0.2444634
-0.7139752
-0.8415330
-0.9924034
-0.6025962
0.0440145
0.6816542
0.6113030
0.7414106
0.8109040
1.0087135
1.1141616
0.1306893
-0.7190355
-1.7662585
-1.5190982
-0.7561719
-0.0159832
0.1294638
0.5422933
0.5444527
0.7227994
0.5968601
0.5688925
0.3007233
0.2212736
-0.0320446
-0.2961116
-0.3596911
-0.2010021
-0.3281673
-0.3850785
-0.3329063
0.0486554
0.1707700
0.0649834
0.0450011
0.0472422
0.2063843
0.3140450
0.2071551
0.1872013
-0.0694202
0.2130981
0.1138556
0.1191463
-0.3276034
-0.3398048
-0.0093996
-0.1184909
-0.0153738
-0.1531273
0.0806815
0.0070632
0.2625961
0.3992653
0.2195181
0.3245097
0.4316230
0.4573469
0.2892508
0.0369504
-0.2173379
-0.5897828
-0.7056085
-1.0303937
-0.5904930
-0.2489609
0.0414690
0.5578737
0.7866904
1.3565988
1.3649850
0.8305536
-0.0961476
-1.0239887
-1.1876156
-1.0443520
-1.0697837
-0.7170359
-0.3555123
0.4527954
0.4808229
0.8922269
0.6465933
0.5040158
0.2334985
0.1380003
-0.1644110
-0.2305201
-0.1779581
-0.2783215
-0.3196311
-0.0517522
-0.1492558
-0.2371234
-0.0101109
-0.0514876
0.1038452
0.1687521
0.1591630
0.1591680
-0.0507625
0.2805106
0.2492135
0.2454383
0.0550967
0.0892493
-0.0746468
-0.2319558
-0.2687925
-0.2249367
-0.3448651
-0.0494069
-0.3120858
0.0767501
0.2529778
-0.0569590
0.0342998
0.3758690
0.4736535
0.5398330
0.4862410
0.2414946
-0.1637744
-0.3334222
-0.5940497
-0.7133863
-1.0482731
-0.6074375
-0.1851128
0.3116734
0.5917603
0.5228875
0.6759316
0.8360441
1.1970772
0.6166190
-0.1473958
-1.4695960
-1.8014423
-1.2963027
-0.5395121
-0.0808787
0.2327005
0.4107969
0.4877220
0.4506148
0.6494203
0.1006846
0.2537287
-0.2136397
-0.3304625
-0.1783743
-0.4627866
-0.4514849
-0.1676960
-0.0789711
-0.1715596
-0.1277602
-0.0245916
0.0473222
-0.0475609
-0.0582097
0.0281698
-0.0392753
0.1698452
0.1668958
-0.1313597
-0.0789776
-0.0203819
0.1115470
0.0259443
-0.1275078
-0.3899133
-0.1858846
-0.0156463
-0.1189369
0.0964443
0.1756521
0.1569737
0.1240670
0.3746739
0.5798127
0.5347532
0.3253151
0.0066637
-0.1009818
-0.5656990
-0.4495421
-0.8326630
-1.0542708
-0.4402296
-0.2554236
0.5912685
0.7956029
1.2897807
1.4812370
1.0083550
0.4722713
-0.2343689
-1.1621722
-1.0665848
-0.9464538
-0.6759146
-0.2376862
0.0830332
0.3557393
0.7847089
0.7752656
0.6050663
0.4048017
0.1410687
-0.0047164
0.1066936
-0.3340849
-0.1462043
-0.1736416
-0.1266649
-0.1349620
0.0811732
-0.1156752
-0.1867245
0.2026625
0.0912203
0.0053580
0.2609693
0.0348391
0.0896448
0.0941770
-0.0147271
0.2004036
0.0901826
-0.1625504
-0.0113224
-0.1633920
-0.0791057
-0.0896598
-0.0259229
-0.2845208
-0.0201247
-0.1914094
0.0763634
0.1057494
0.4362127
0.4100272
0.1579031
0.5521383
0.3556735
0.2756139
0.1444633
-0.4845548
-0.5487960
-1.0435790
-0.9016574
-0.3145652
0.2215246
0.2984157
0.6255377
0.8726304
0.5647713
1.2281403
1.0791926
0.1974182
-0.8413881
-1.5187408
-1.3804000
-0.7182765
-0.2539033
0.3960971
0.4207833
0.4397314
0.3966433
0.6002132
0.4960428
0.2890345
0.1006321
-0.2426996
-0.3792482
-0.0443667
-0.3810397
-0.1532240
0.0162464
-0.3629353
0.0341522
-0.1921842
-0.0828883
0.2392086
-0.0385348
0.0287275
0.2137922
0.0401922
-0.0606565
0.2479477
0.1951780
-0.1387060
-0.2128668
0.0426192
-0.3315582
-0.2389309
-0.0617559
-0.3807675
-0.1085478
-0.2131571
-0.1124588
0.2027855
0.4629321
0.3860411
0.5238503
0.4719286
0.1985974
0.2399898
0.2388486
-0.2811115
-0.5587541
-0.9085017
-0.7023090
-0.7164094
-0.3136977
0.2161551
0.6277405
1.0054120
1.0785871
1.1439464
0.9787080
-0.0751950
-0.7184419
-1.3555159
-1.0985032
-0.6959844
-0.6952828
-0.3149526
0.0217020
0.6355484
0.6587122
0.4490270
0.3531795
0.1066400
0.1394348
0.1091244
-0.3347459
-0.1129101
-0.2420029
-0.4452253
-0.1459318
-0.0383835
0.0203479
-0.1169766
0.1664606
0.0427612
0.2838024
0.0210158
0.2154962
0.2032826
0.3549664
-0.0802058
0.2862791
0.2505563
-0.1830391
-0.0739601
-0.2957489
0.0003755
-0.2407121
-0.0503788
-0.0943189
-0.1170154
-0.1879463
0.1437601
0.3255721
0.0497913
0.2284799
0.2567396
0.5483127
0.1653484
0.3974832
-0.0211989
-0.3665071
-0.5557478
-0.6194428
-0.8561430
-0.9578977
-0.0632725
0.0977542
0.6765428
0.7833266
0.5665618
0.9968503
0.9838343
0.8036726
-0.3860763
-1.4960255
-1.8406217
-1.0784732
-0.5263512
0.2843538
0.3605566
0.4405123
0.4253242
0.7677197
0.4031942
0.3250687
0.2894409
0.1165234
0.0615641
-0.2744244
-0.1171990
-0.4591715
-0.0398331
-0.3623389
-0.1599820
0.0627427
0.2034266
-0.0521573
-0.0612959
0.1933939
0.0327787
-0.0340435
0.0737352
-0.0746740
0.1174789
-0.0346185
0.0128211
-0.0917187
-0.2357974
-0.0167042
-0.1948754
-0.2749543
-0.2255106
-0.0262045
-0.1586770
0.1070110
0.3145145
0.0967867
0.1617540
0.2121814
0.1929850
0.2909840
0.2704992
-0.2028099
-0.4457670
-0.4191708
-0.9039331
-0.9738287
-0.5819340
-0.4080632
0.1474246
0.7748738
1.1062919
1.5013983
1.2570721
0.3963063
-0.4950786
-1.2107642
-1.3687096
-0.9139720
-0.5820890
-0.5655668
-0.1341717
0.4848846
0.4744609
0.6517820
0.6569261
0.5258409
0.3127748
0.0546526
-0.2155294
-0.3502056
-0.3218814
-0.2621159
-0.3323862
-0.2285245
-0.3560718
0.1477157
0.1117054
-0.1378252
0.1929679
-0.0241057
0.1954785
0.2259539
0.0910157
0.3458225
0.2602091
0.1211672
0.1577969
-0.0558643
-0.0325201
-0.0696322
-0.1241178
-0.2635235
-0.3536800
-0.3058912
-0.2529877
-0.1417398
0.2195703
0.2015759
0.3444900
0.2342223
0.1954433
0.4652796
0.1483052
0.0035552
-0.0158577
-0.1875004
-0.4985561
-0.6751816
-0.8107925
-0.6258192
-0.2317945
0.4362721
0.8087744
0.5356362
0.7237588
1.0146017
1.1521152
0.1128859
-0.9902728
-1.6768964
-1.3609378
-1.0224942
-0.2781927
0.0964210
0.2721716
0.4464458
0.6914413
0.3036436
0.5174066
0.3268800
-0.0606545
-0.2000524
0.0143894
-0.2148083
-0.1009244
-0.0604693
-0.2694018
-0.3526501
0.1008752
0.0360566
-0.0185133
0.0528777
0.0070389
0.1163459
-0.0410148
-0.0320471
-0.0239374
-0.0777309
0.2630833
-0.1018736
0.0350399
-0.1500095
-0.3637395
-0.2108655
-0.2033701
-0.2605454
-0.1799280
-0.2476851
-0.1507737
0.2261081
0.0592625
0.4133088
0.2324005
0.4327772
0.4070102
0.1460441
0.1659096
0.0275133
-0.5504960
-0.9404174
-0.7829781
-0.7756264
-0.5202467
-0.1646045
0.4785941
1.0796593
1.4201041
1.3388335
0.8162583
-0.0348561
-0.7682297
-1.2092641
-1.2186250
-0.6690231
-0.5245383
-0.0424342
0.3709666
0.3687089
0.4906703
0.3892564
0.2081190
0.2034689
0.3174738
0.1261318
-0.0886838
-0.4778590
-0.2337305
-0.0305589
-0.2770055
-0.2223839
-0.0475432
-0.1358409
0.0221578
-0.0974973
0.2994133
-0.0874831
-0.0262058
0.0073358
0.0896617
0.0842766
0.2813788
-0.1611110
-0.1497062
-0.2253269
-0.0091340
-0.2194888
-0.3997970
-0.4221000
-0.3881670
-0.1582093
-0.1607492
0.0021052
0.1075142
0.0341967
0.2965232
0.2453419
0.5124252
0.4738269
0.1655754
0.0206705
-0.1639418
-0.2212228
-0.6654575
-1.1321686
-1.0209504
-0.3959931
0.4389221
0.7726424
0.5721537
0.7852894
0.6836313
1.2508881
0.7280476
-0.2061000
-1.3874373
-1.5876441
-1.3480688
-0.4918938
-0.0060885
0.4557866
0.6288761
0.4740093
0.7665937
0.4158043
0.4460634
0.2578802
-0.0958007
-0.1726667
-0.0708078
-0.1950393
-0.1065793
-0.1499545
-0.0048530
0.0711219
0.0894646
0.1358344
0.1572312
0.1061369
0.2331103
0.2269370
0.2968083
-0.0126605
0.1728350
-0.2028049
0.0020382
-0.2315223
-0.0745095
0.0691737
-0.0481316
-0.1609436
0.0079691
-0.1462154
-0.0665179
-0.0420335
0.2401383
0.0622571
0.2112357
-0.1238451
0.1129883
0.0326425
-0.0718050
-0.0782171
0.1863314
-0.1092604
0.0376794
0.1253494
-0.0280660
-0.1804519
-0.1206009
-0.1759510
0.0754685
0.0285039
0.0248429
0.0984446
-0.0926990
-0.1076913
-0.0897244
0.1245001
-0.1620160
0.0118527
0.1164773
-0.0900222
0.1186146
0.0501486
-0.0884733
-0.1663065
0.1402916
0.0695645
0.0432105
-0.0829201
0.0443092
0.0699828
0.0096244
0.2434136
-0.0262586
0.0500249
-0.0746370
0.0486564
0.2690591
0.0315826
0.0332551
0.0029220
-0.1228738
-0.2887369
-0.3005355
-0.0061914
-0.2492035
-0.1109854
-0.1218918
0.2071574
0.2738439
0.1489044
0.5853469
0.1638818
0.1453985
0.1575447
-0.2900386
-0.6771405
-0.6884609
-1.1194994
-0.6089884
0.0895901
0.6073258
0.7349253
0.9919419
1.0063939
0.7028690
-0.0932036
-0.1846494
-0.7816257
-0.8613923
-0.4584209
-0.2864132
0.0266062
0.1324085
0.1632038
0.3553224
0.3980610
0.1456474
0.1490188
-0.0185573
-0.0450350
0.0638757
-0.0879892
-0.2912615
-0.1311752
-0.1765758
-0.1659240
-0.2267207
0.1328179
-0.1011648
0.1735103
0.1774704
-0.0062849
0.1645495
0.1309999
0.1343681
0.0385795
0.0427540
0.0310055
-0.0835240
0.0920626
0.0569520
-0.1750781
0.2003986
0.0555364
0.0091882
-0.0028917
0.0839104
-0.1415295
-0.1122555
-0.2021427
-0.2059438
0.0289246
-0.0927310
-0.2493974
-0.1149525
-0.1093635
-0.1852239
0.1228854
0.2822149
0.3192724
0.2995733
0.0541451
0.1836377
-0.1801915
-0.0141703
0.0149213
-0.0257250
-0.6865242
-0.4980089
-0.1014651
0.3651601
0.7790462
0.5393976
-0.1040047
-0.2063526
0.0506706
0.1319150
-0.1488942
-0.1574407
-0.2414993
-0.2055774
0.0536287
0.0779394
-0.1565836
-0.1321946
0.2350380
0.2153745
-0.0515898
0.1314314
0.1122373
-0.2222522
-0.2089355
-0.0884959
-0.2053192
0.2159823
0.0050038
0.2278269
0.0128248
0.1328421
0.0829100
0.2616911
0.0214142
-0.0137874
0.0336142
-0.0047475
-0.1791666
-0.1702648
-0.3552397
0.0443872
-0.1623841
-0.0032986
-0.0697164
0.1309759
0.4445180
0.3240294
0.5902668
0.4032841
0.0818617
0.0655440
-0.2151219
-0.4672639
-1.0496195
-1.3877674
-0.8997444
-0.1946815
0.5486547
1.2312124
1.3507467
1.2276741
0.7824187
-0.1721414
-1.3561854
-1.4001451
-0.9294545
-0.5192745
0.2201456
-0.0313114
0.3270862
0.2759377
0.4511069
0.2186008
0.3315315
0.2962465
-0.1109545
0.0075250
-0.0100579
0.0223455
-0.1988531
-0.0072259
-0.2997892
-0.2694844
-0.0996146
0.1027938
0.0573512
-0.0970056
0.0775042
0.1744744
-0.2065026
-0.1305870
-0.2010147
0.0412783
-0.1175191
-0.1842505
0.1172397
0.0470448
0.2192160
0.1072820
-0.1622973
0.0402730
0.1732920
-0.2160948
-0.1370800
-0.0990811
-0.2286782
-0.2659861
-0.2138848
0.0105896
0.0702296
0.0641126
-0.0478466
0.3233046
0.5373949
0.5536679
0.3240015
