-0.1624401
0.0054915
0.0961796
-0.0705273
0.0529946
0.0379355
0.0282938
0.1380513
-0.0650753
-0.0571061
0.1202300
0.0411388
0.0263219
-0.0110700
0.1468294
-0.1761092
0.1365523
0.0752714
0.0893720
0.0202078
-0.0278462
-0.0126764
-0.0483960
-0.0173078
0.1217007
0.1416272
-0.0531913
0.1145983
-0.0336501
0.0576457
0.1260322
-0.1303371
-0.0590746
-0.1011371
-0.1658082
0.1322930
-0.1016093
-0.1021735
0.1491023
-0.0687995
0.0707206
-0.0274685
0.0185257
0.1489653
-0.0173201
-0.0152810
0.0833845
-0.0873434
-0.0998584
0.0139825
0.1283895
0.1237148
-0.0758379
0.1776092
-0.0540152
-0.0646286
-0.0155412
0.0952388
-0.1653140
0.1204585
-0.0759117
-0.0387174
-0.1407476
0.1448010
0.0783566
0.0030783
-0.0043527
-0.0494471
-0.1301007
0.1132166
-0.0905029
0.1319155
-0.0738312
0.0085171
-0.1170567
-0.1186640
0.0895597
0.0446005
0.0045522
0.0090530
-0.0032669
0.1623157
-0.1455770
0.0991098
0.0493687
-0.0542668
-0.0461522
0.0678754
-0.0158321
0.0577660
-0.1607910
-0.0385522
-0.0876333
-0.0772305
-0.0526037
-0.0590737
-0.0368404
-0.1543569
0.0278426
0.1735370
-0.1624380
0.0694911
-0.0288766
0.0208529
0.0698445
0.0171368
-0.1472527
0.0858374
-0.0308898
-0.1182391
0.0983275
0.0469789
-0.1178067
-0.0326948
0.1755470
-0.1398447
0.1545488
0.0288351
0.0689796
0.0879384
-0.0305572
0.1538818
-0.0387657
0.0489626
-0.1599372
0.1530503
-0.0581249
0.0073749
-0.1356819
-0.1097563
-0.1120888
-0.1581113
0.0457369
-0.0129868
-0.0089714
0.0329572
0.0939028
0.1683855
0.0541465
0.0323022
0.0822200
-0.1400425
0.1047495
0.0340751
-0.0583773
-0.0506576
0.0877889
0.0886117
-0.1049102
0.0700862
-0.0032304
-0.0916101
-0.0896605
-0.0903794
-0.1346945
0.0461865
-0.0559314
-0.0709617
-0.1719830
-0.0368557
-0.0843025
0.0861522
-0.0540858
0.1085958
-0.0993964
0.1249802
0.1718653
0.0889223
-0.0703203
0.1348960
0.0301043
0.0490488
-0.0155552
-0.1916045
0.0102159
0.1284175
0.1024310
-0.1205285
0.1483382
0.0174440
-0.0287086
0.0952867
0.0306705
0.0266652
0.1105494
-0.2034382
-0.2905295
-0.5754358
-0.5243546
-0.0512211
0.3955555
0.6552150
0.4306555
-0.0505046
-0.1562075
-0.3545595
-0.3696972
-0.0502415
0.0250695
-0.1020236
-0.1755959
0.0269297
0.1793548
0.0228364
-0.0396036
0.0633464
0.0545858
-0.1277830
-0.0980132
-0.0072820
0.1589243
-0.0969132
-0.1215169
0.1176019
-0.1956856
-0.0540775
-0.1067946
-0.1449177
0.0949494
-0.0212132
0.0210884
0.0310875
0.0171623
-0.0913768
-0.0787461
0.0172839
0.0502804
0.0100997
0.0177982
-0.0200483
-0.0640159
-0.0533796
-0.0149415
-0.2393324
-0.0431513
0.1181635
-0.1776263
0.1224669
-0.0542750
0.1848214
0.2071036
0.0655126
0.0150843
-0.0138315
0.0958524
0.0083954
0.0608775
-0.0117070
-0.0481145
-0.3407105
-0.1958065
-0.1272113
-0.1268661
-0.1386815
0.2783500
0.1984758
0.7047789
0.9110115
0.7268697
0.4271607
-0.2454840
-0.5411295
-0.8652253
-1.2351288
-1.6931973
-1.1955134
0.3868591
1.4021020
1.9709069
1.0099422
0.3744364
-0.3328676
-0.1121569
-0.1744211
-0.2883161
-0.3858784
-0.5881442
-0.2155854
-0.1360960
-0.0731719
0.0824274
0.1750794
0.2062808
0.3625340
0.1574900
0.2487632
-0.0751340
0.1279986
-0.1951060
-0.2046175
0.0437796
-0.0739881
-0.2037044
-0.1396272
-0.2282281
-0.1430117
-0.0263760
-0.0148185
0.0168153
-0.0424025
0.0699806
0.2338139
0.1905722
-0.0186939
-0.0469697
-0.0591438
0.0363593
0.0213699
-0.2084721
-0.0886168
-0.2007335
0.1220643
-0.0550271
-0.0994518
-0.0228581
0.1707924
0.0085044
0.1402816
-0.0216091
-0.0392247
0.1573498
-0.0191330
-0.1093690
0.0458515
-0.1307664
0.0094138
-0.1451352
0.0256805
0.1116150
-0.1097075
0.1199764
-0.0879272
0.1764801
0.0107669
-0.0972857
-0.0045267
0.1573656
-0.0112839
-0.1173853
-0.1294571
0.0785768
-0.1250146
0.1044617
-0.0488350
-0.0205649
0.0609754
0.0014660
0.0970187
-0.0619764
0.0527402
-0.1054092
0.0231505
-0.0629757
-0.0527714
0.1186826
-0.0254225
-0.1744659
-0.1663200
0.0109429
0.1097598
0.0571834
0.1502263
-0.1437500
0.1432612
0.0995377
-0.1207738
0.0822309
-0.0726839
0.0388964
0.1100344
0.0241082
0.0766830
0.1524558
0.0041435
-0.0329554
-0.0587782
0.0346961
0.0400538
-0.1487875
0.1383285
-0.0517145
-0.1768739
-0.1105464
0.0910139
0.1517975
0.0031753
-0.0592870
-0.1371872
0.1706045
0.0576092
0.1015480
0.1258933
-0.0692417
-0.1719195
0.1138835
-0.1309016
-0.0112851
0.0385905
0.0807419
-0.0426338
0.0104852
-0.1136975
-0.0819324
0.1147927
0.0223986
0.1263321
-0.1181960
0.0046142
-0.0809522
0.1532932
0.0923147
0.1017554
-0.0544670
-0.0570811
-0.0296856
-0.0720426
0.1455339
0.0488846
-0.1399989
-0.0245271
0.0597144
-0.1169454
-0.1705862
-0.0731035
-0.0009410
-0.0479898
-0.0677970
0.1432963
0.0648171
0.0169708
-0.1407617
-0.1280823
-0.0205055
0.0755368
0.1081098
-0.0696054
0.0741085
-0.0808548
0.0911159
0.0893700
0.0112253
-0.1940042
-0.0578452
-0.1276715
-0.0494754
0.1046489
0.2342335
0.2234896
-0.0239153
-0.0143803
-0.1069241
0.0311307
-0.0984808
-0.2180824
-0.3701857
-0.4174390
0.0118676
0.4812600
0.6150188
0.2681545
0.0372419
-0.3047375
-0.4453756
-0.3506065
0.1133983
0.0185659
-0.1017722
0.1086523
0.1664987
-0.0089181
0.1562605
0.1996729
0.0195891
0.1909479
-0.0663568
0.0870660
-0.0111677
-0.0484161
-0.1147766
-0.1805781
-0.1386531
-0.0370689
0.0776852
-0.1156990
0.1060511
0.1050442
0.0302756
0.0904156
0.1329157
0.1009903
-0.1003281
0.1031083
-0.1149132
-0.0938212
0.0731245
0.0278955
0.0899059
-0.1543598
0.0563434
-0.1221653
0.0551787
0.1335084
0.0127383
0.2177629
0.1684023
0.0485715
0.1802177
0.2280440
-0.0150555
0.1586856
0.0002018
-0.2102582
-0.2298478
-0.1370664
-0.1861002
-0.2413329
-0.2486609
0.1248357
-0.1215205
0.0305475
0.3285450
0.2827199
0.4293694
0.2283882
0.3081166
0.2802054
0.0370346
-0.4788951
-0.8315113
-1.0363712
-0.6812522
0.2596421
0.9090900
1.2187967
0.7832216
0.3799252
0.0387314
-0.2888285
-0.2531759
-0.3309836
-0.1429900
-0.2437602
-0.0881901
-0.2542799
-0.0180964
-0.1661420
0.1876202
0.1130448
0.1552562
0.3259082
0.2043311
0.0922900
0.2439790
-0.1631494
0.0573234
-0.1287452
-0.0858000
-0.2836721
-0.2032281
-0.1569121
-0.2237153
-0.0990438
0.1797247
-0.0739385
0.1805334
0.2986280
0.2848019
0.1520647
-0.0442575
0.1720311
-0.1670151
-0.0734691
-0.1826438
-0.0310004
-0.3327012
-0.2073830
0.1400929
0.2201494
0.0162065
0.0925619
0.1552454
0.2235223
-0.1637919
-0.0502273
0.0047593
-0.1331030
0.0576597
-0.2071926
-0.1798722
0.1105361
0.0262908
-0.1021542
-0.0902587
-0.0662432
0.0606273
0.1459262
0.0086908
0.0932153
0.0233360
0.1599315
-0.1467625
0.1568292
-0.0922850
-0.0828254
0.1204724
0.0308183
0.0391819
0.1590830
0.1402178
0.0411446
-0.1351237
-0.0215619
0.1378121
0.1066433
0.0118649
0.0948072
-0.0121277
0.1345583
-0.1246542
0.1082539
0.0150189
0.0342485
-0.0603750
-0.0957487
-0.0181100
0.0937533
-0.1812529
-0.0492032
0.0722985
0.0756765
-0.0370397
-0.0848434
0.1066266
-0.1377640
0.0477070
0.1391243
-0.0559983
-0.0182500
-0.0391794
-0.0603722
0.0483407
0.0547960
-0.1820776
0.0553789
-0.0779606
0.0833014
0.0565833
-0.0989672
0.1151218
0.0402912
-0.0656384
0.1368555
0.1176677
-0.1609393
-0.1514366
-0.1152053
-0.1292269
-0.0029627
-0.1484247
-0.0556829
-0.0629711
0.0124058
-0.1211077
0.1392328
0.0145754
-0.0431896
0.0419493
-0.0036269
0.1066375
-0.1680934
0.0989147
-0.1461947
-0.1787621
0.0151054
-0.1291318
-0.0273910
-0.0322892
0.1348108
0.1075026
0.1772020
0.1744458
0.0658914
0.1264419
-0.0029921
-0.0486190
0.1558261
0.0756450
0.1327703
-0.0188656
0.1375229
-0.0400639
0.1264327
0.1327362
0.0393250
-0.0427695
-0.1259310
-0.1343958
0.0166896
0.1646495
-0.1312486
-0.1590355
-0.1373497
0.1268808
0.0042412
0.1442048
0.0613449
0.1677850
0.1523550
-0.1271448
-0.1375506
0.1472462
0.0644965
-0.0781031
-0.0780534
-0.1051561
0.1568473
0.1524062
-0.1589543
-0.0397163
-0.0732980
-0.0836971
0.0254939
-0.0969253
0.1334791
0.1207755
-0.0754549
-0.1272751
0.1142150
-0.0763907
0.0146638
-0.0318696
-0.0082848
-0.1171852
-0.0420502
0.0105606
0.0056076
0.0685870
-0.0460782
0.1189725
0.0270742
-0.1670256
0.0630494
-0.1394999
0.0032563
-0.0639112
0.0158846
-0.1441646
-0.0513548
-0.1113423
-0.1172400
-0.1656862
0.1527334
-0.1524865
-0.1524711
-0.1416736
-0.0266009
-0.0385133
-0.1739070
0.1396573
0.0083649
0.0402085
-0.1176250
-0.1269015
0.1487936
-0.0030687
-0.0815123
-0.1735196
0.1053429
0.1362271
-0.0680955
0.0269297
0.1383992
0.0575248
0.1052842
-0.1665557
0.1284335
-0.0276472
0.0064421
-0.0407904
-0.0966054
-0.0220861
0.1643261
0.1598209
0.0705501
0.1591903
-0.1243417
0.1033051
0.1072987
0.0615900
0.1632378
-0.0261132
0.1345713
-0.0558341
-0.0541026
-0.1722178
-0.0650079
-0.1185000
0.0428614
0.1533777
-0.1436269
0.0746608
0.1534488
0.1726935
-0.0659529
0.1384168
0.1230765
0.0000570
0.0655599
0.1525580
0.1516204
0.1094598
0.1276008
-0.1544400
0.0459787
0.1419125
0.0004924
0.0811412
-0.0904714
0.0460111
-0.0205079
-0.0018968
-0.0222091
-0.0923508
0.1437449
0.1211457
0.1724010
-0.1067850
0.0375492
0.0828623
-0.0987377
-0.0141957
0.0049375
0.1467811
0.0891694
0.0158806
-0.0765104
-0.0451654
-0.1097977
0.1138511
0.1060736
-0.0854323
-0.1648826
0.1280248
-0.0374533
0.1116957
-0.0256608
0.0880969
0.1275209
-0.1164352
0.0685000
-0.0606655
-0.1502088
0.0033193
-0.0597756
-0.1490082
0.0732663
0.1358029
0.1275654
-0.1505745
-0.0034056
0.0222376
0.0408837
0.1621147
0.0312369
0.0341675
0.1641521
0.1012577
0.0408309
0.0509833
0.0269176
-0.0695023
0.0416173
0.0736979
0.0965234
0.1484391
0.1724839
0.0529841
0.0616657
-0.0405974
-0.0005832
-0.0304344
-0.1681649
0.0788626
-0.1618196
-0.1567209
-0.1401367
-0.0070884
-0.0381959
-0.0171338
-0.0540132
-0.0123030
-0.1575834
0.1604146
-0.0538844
0.0472502
-0.0542484
-0.1182756
-0.1514624
-0.0504375
0.1175585
-0.1286590
-0.0950345
-0.1791822
-0.0269646
0.0144651
0.1650323
-0.0383787
0.1631570
0.1736988
0.0579391
-0.0786496
0.0250928
-0.1310178
-0.2033046
-0.0233996
-0.0243174
-0.0614227
-0.1951488
0.0929886
0.0941104
-0.0985951
0.0463916
-0.0534306
-0.0550507
0.2080211
0.2186954
-0.0478710
0.0211005
-0.1037947
-0.2070409
-0.4626721
-0.1984799
0.1657068
0.4259315
0.6841096
0.3783940
-0.1640585
-0.3036437
-0.3089206
-0.2933524
-0.0519766
-0.0192701
-0.0089120
-0.1192986
-0.1478625
-0.0467396
0.0424585
0.2000325
-0.0918966
0.1476490
-0.1199987
0.0242528
-0.1238307
-0.0115343
-0.1609996
0.0848103
0.1543727
-0.0196946
0.0890794
0.1693763
0.1144536
-0.1174034
0.1102977
0.0295609
-0.0800136
-0.0306749
0.1537937
-0.0054114
0.1681992
0.0358554
0.0836556
0.0447314
-0.0162019
-0.1465860
0.1112622
-0.1352606
0.0363059
-0.1199332
-0.1508572
-0.1372040
0.1364148
-0.0403817
0.1385299
0.0287634
0.0455760
-0.0856784
0.1697004
-0.0145436
-0.1297971
-0.1164830
-0.1282249
-0.1609023
-0.1299538
-0.1845181
-0.0915373
0.1160757
-0.0082290
-0.0831339
-0.0387525
0.1706803
0.0904764
0.1211541
0.1532584
-0.1154165
-0.1107304
0.0728745
0.0783516
-0.0251682
0.0837301
-0.0914564
-0.0080764
-0.0594285
0.0990761
-0.0110325
0.0745487
-0.1243013
-0.1080490
0.0472980
-0.0862441
0.0194302
-0.0255841
0.0367965
-0.0253284
0.0071948
-0.0547874
-0.0686032
-0.0618745
0.1103032
0.0862419
0.1806873
0.2113090
0.0321729
-0.0630124
-0.0524458
-0.0921354
-0.0531854
-0.1388002
-0.0194138
-0.0635560
-0.0035936
0.0342901
-0.0008999
0.1136186
0.2350430
0.1245634
-0.1325017
-0.0755421
0.0519973
0.0529960
0.1019190
-0.2072099
-0.1764331
0.1306460
-0.0899040
-0.0443850
-0.0741779
0.1691752
-0.1274101
-0.1620071
-0.1141879
0.1159184
-0.0191196
-0.1720610
0.1161409
0.1157478
-0.1586303
0.1027315
-0.1279796
0.1506458
-0.1079178
-0.0315152
-0.1050189
-0.0956535
-0.1034099
0.1076164
-0.0812834
0.0439217
-0.1417868
0.1604751
-0.0385143
0.0074531
-0.0030953
0.0709587
-0.1297339
0.1600022
-0.0426765
0.0351994
-0.1054363
-0.1699536
0.1332780
-0.1543188
-0.1665072
-0.1751896
0.1382343
-0.1459106
0.0700535
0.0348638
-0.0754545
0.0153324
0.0772716
-0.0249138
-0.1324781
0.1861915
-0.0990989
-0.0503299
0.1000208
-0.3164675
-0.3826677
-0.3853971
-0.2384436
0.4339277
0.5064246
0.6284982
0.2827037
-0.3079752
-0.6702682
-0.3861367
-0.1392649
-0.0080767
0.2572170
0.2455299
0.0426244
-0.1437144
0.1502030
-0.1160538
-0.0728635
-0.1214374
-0.1082117
0.0448934
-0.1334718
-0.1767876
0.0141477
0.0623978
-0.1603234
0.1571274
0.0424523
-0.1397349
0.0823895
0.0321120
0.1347413
0.1187855
-0.0833123
-0.0306077
0.0478853
0.0624866
-0.0562300
0.1650508
-0.1077240
0.1657937
-0.0765314
0.1488015
-0.0068054
-0.1590043
0.1409600
-0.1768288
0.0931747
0.0993427
-0.0032975
0.1271389
-0.1407492
-0.1049628
0.1141231
0.1565864
-0.1163489
-0.0280822
0.0962198
0.1197675
-0.1367391
-0.1243270
-0.0230963
-0.0216056
-0.0009190
-0.1211824
0.1281171
-0.0012128
-0.0927919
-0.1697373
0.1241271
-0.0874256
-0.0164241
0.0848665
-0.0443798
0.2042837
0.2396892
0.0682452
0.0995055
0.0810624
0.0386983
0.0442126
0.0325630
-0.1536738
-0.0907220
-0.1118053
-0.2351396
0.0387102
0.1093552
0.2744439
0.1853079
0.4793985
0.3752998
0.3953658
0.3903167
0.0305352
0.1611039
-0.5831374
-0.9698233
-1.4630751
-1.0764395
0.2905202
1.3615735
1.2871907
0.9554877
0.1204529
-0.0167581
-0.2126233
-0.1802147
-0.4790052
-0.2876578
-0.2330504
-0.1847085
-0.0267252
0.0151100
0.0208938
0.3148281
0.2679438
0.0542686
0.2870217
0.2437816
-0.0420475
0.1900274
-0.1282823
0.0781375
-0.2731095
-0.2413125
-0.0945507
-0.2247015
0.0379599
-0.1966459
-0.0432336
0.1439767
0.1188368
0.3118315
0.1018482
0.2741085
-0.0722272
-0.0734808
-0.0142619
-0.1786390
-0.1537300
-0.1171172
