-0.2662045
-0.3291814
0.0258176
-0.0866240
0.0779607
0.2078800
0.1810792
0.1683524
0.2804717
0.1592814
0.2322868
0.2213067
0.0978163
-0.0686151
0.1349614
-0.5760888
-0.6413948
-1.1318152
-1.0072058
-0.3051141
0.7253613
0.8117830
0.9312576
0.9205921
0.8526271
0.9959485
0.3087653
-0.5066145
-1.2740738
-0.9640854
-0.6706677
-0.0159389
-0.0628134
0.2587855
0.2694508
0.4300564
0.5170947
0.3523120
0.0324960
-0.0759823
0.1097976
0.0791240
-0.1701912
-0.1844296
-0.1657594
-0.0313675
-0.2457549
0.0574807
0.0272378
0.1070034
0.1262186
0.2631659
-0.1108623
0.0905499
0.2320759
-0.2117825
0.2360401
0.2068736
-0.0510288
0.0998984
0.2616051
0.0636407
0.2563232
0.2324961
-0.1320601
-0.2488458
0.0429980
-0.0528603
-0.1516596
-0.3583899
-0.3093695
-0.0840188
-0.0012153
-0.1122386
0.0462258
0.3927672
0.1991282
0.4128372
0.0931167
0.2358111
0.1763386
-0.0461545
-0.2961643
-0.8533324
-1.0514625
-0.9878743
0.1603164
0.8071679
0.7417779
0.8723941
0.8207282
1.0052967
0.5778432
0.0846318
-0.6577778
-1.4186483
-1.0990647
-0.4564463
0.0678465
0.2654532
0.1817877
0.2187013
0.2217519
0.1871090
0.3001730
0.2529149
0.2643440
-0.0711426
0.0847601
0.0025398
-0.0501224
-0.1684959
-0.3006061
-0.2572461
0.0059637
0.0504908
0.0089885
0.2037691
-0.0217103
-0.0194093
0.2023843
-0.0624273
0.1836097
0.1301025
0.2150534
-0.1635040
-0.1206190
0.2718040
0.0444712
-0.0690787
-0.0745801
0.0334553
-0.1042753
-0.1071546
-0.0098228
-0.2183316
0.0557210
-0.2425935
-0.0504584
-0.0270303
0.3677821
0.3058187
0.4289109
0.1596690
0.4645630
0.2931295
-0.0221230
0.1285864
-0.4881191
-0.8440998
-1.0722853
-1.0739793
-0.3906614
0.4964197
0.8438384
0.7834892
0.6774086
0.7150618
0.7124690
0.3573828
-0.5019439
-1.2479157
-1.2314312
-0.6973549
-0.2303015
-0.0518785
0.0470962
0.3764028
0.5208705
0.3251235
0.5202343
0.2969844
0.0843250
-0.0398413
0.0161709
-0.3292581
-0.2093186
-0.0178176
-0.0267528
0.0926470
0.1242891
-0.0541313
-0.1226759
0.0418635
0.0137249
0.0815889
-0.0075881
-0.1375196
0.0783800
0.2347794
0.2580659
-0.1684256
0.2121642
0.0508990
0.0307959
-0.1671035
0.2004676
0.0350767
-0.0622253
0.0901828
-0.2782617
-0.1093158
0.0477807
-0.3460795
0.1495402
0.0910964
0.0570704
0.0488593
0.3987168
0.2144515
0.5438135
0.3971259
0.1143392
-0.0895953
0.0310366
-0.3807755
-0.9063191
-1.1257476
-1.0532185
-0.1188824
0.7059547
0.8816982
0.7299498
0.9809957
1.0299041
0.7119346
0.0932995
-0.8817366
-1.4125883
-0.8756146
-0.3992727
-0.0009605
-0.0407300
0.4039690
0.4222089
0.6099782
0.5668582
0.2763928
-0.0563872
0.1740054
0.1552677
-0.0429586
-0.3135930
-0.2814615
-0.2470562
0.0433922
0.0954303
-0.2341880
0.1723038
0.0870256
-0.0099540
-0.1003516
-0.0672325
0.0457374
0.1136607
0.0383123
0.1009973
-0.0575303
0.2583229
0.0125153
0.1232368
0.0382080
0.0079390
0.1503393
-0.2184583
-0.2142376
-0.2317931
0.0109269
-0.0865901
0.0223736
-0.0034724
-0.2226395
-0.1708535
-0.0008836
0.3593012
0.3990567
0.2486022
0.4165540
0.2688976
0.3826670
0.2798629
-0.2333584
-0.5843736
-0.9807830
-1.1196069
-0.7300317
0.1774139
0.7820869
0.7001376
0.8986315
0.8719580
0.9475668
0.5528046
-0.3265879
-0.8512709
-1.5160703
-1.1486533
-0.5135262
0.0471628
-0.0294215
0.3479892
0.3521873
0.4294544
0.5795882
0.4495226
0.0272604
0.1455134
0.0040076
0.0289394
-0.0032126
-0.2626755
-0.1154207
0.1004510
-0.0278235
-0.1250270
-0.0532211
-0.0288541
-0.0388067
-0.1605634
0.2541432
0.1797066
0.1973429
-0.1670748
0.1911248
0.1732459
-0.0669772
-0.0345371
0.1610652
-0.0666305
0.0894095
-0.1293405
-0.2145326
-0.0449180
-0.0644425
-0.2296590
-0.0705618
-0.1596830
0.0955699
-0.2407843
-0.0989847
0.2958104
0.3606360
0.1940431
0.3263085
0.6000741
0.2196578
0.0222154
-0.1047449
0.0385982
-0.5801283
-1.2970653
-1.2582067
-0.8957166
0.0369354
1.0486179
1.0343349
0.6858542
0.9991093
0.9944741
0.6268867
-0.2029081
-1.1156345
-1.6658007
-1.0430392
-0.5166333
-0.1277518
0.3631348
0.3181008
0.4946581
0.4514812
0.3666796
0.1451458
-0.0281666
-0.0146350
-0.1879711
-0.0325967
-0.2073279
-0.3580473
-0.1081601
-0.2117487
-0.1176383
0.1623933
-0.1324536
-0.1011891
0.0924959
-0.0340164
0.0228266
-0.1426954
-0.1469474
0.0626647
-0.0706427
-0.0291774
-0.1235209
0.0208097
-0.0364360
0.0527974
0.0305097
-0.1481412
0.0800526
-0.1150096
-0.3527499
-0.3284138
-0.0708079
-0.1268826
-0.0347458
-0.1658804
0.0810461
0.3477850
0.0055219
0.3751067
0.5614398
0.5506985
0.2313910
0.3711199
0.1354012
-0.4872779
-0.9510191
-1.4453088
-1.3763525
-0.3162892
0.5500265
0.9668424
1.0870068
0.8568282
0.7887477
0.9367954
0.6634798
-0.5656845
-1.3005269
-1.4929488
-1.0234485
-0.4358833
0.1452830
0.2220236
0.2993061
0.3550422
0.2957836
0.2578693
-0.0087660
-0.1148299
-0.0883263
0.0984107
-0.3203033
-0.3769857
-0.2652330
-0.0827043
-0.0977253
-0.0133088
0.1426921
-0.1146341
0.0482352
-0.1550134
0.2221495
0.1287731
0.2407401
-0.1907958
0.0144632
0.2303683
0.2483733
-0.0268261
0.2694750
0.0220181
0.2860651
0.1262085
0.0915589
-0.1106917
0.0358062
-0.0816165
-0.2505630
-0.1862933
-0.3564718
-0.0140764
0.0024269
-0.0366449
0.2011805
0.2032888
0.5116341
0.3663854
0.1749223
0.5139144
0.1086508
0.2094505
-0.2300122
-0.9638435
-1.3954406
-1.4027142
-0.3311699
0.4082660
0.8056497
0.7765281
0.7583669
0.8173387
1.0638686
0.2161867
-0.4075198
-1.3990165
-1.1645935
-0.8944020
-0.3065503
0.2046114
0.0568109
0.3311353
0.4780139
0.3381284
0.0707771
0.3627586
0.2123371
0.1267668
0.1107666
-0.2335811
0.0697296
-0.1197613
-0.2259026
-0.0074129
0.1120784
0.0640348
-0.0603000
-0.1439539
0.0226685
-0.0794557
-0.1011430
-0.5010716
-0.1304633
0.1022665
0.7471173
0.9514769
0.5915803
-0.0047467
-0.6134784
-0.4783625
-0.1565527
-0.1436158
-0.1705626
-0.3282365
-0.2095825
-0.0271803
-0.2509510
0.0969238
-0.1081732
0.0275281
0.2674450
0.2913294
0.1370444
0.2570696
0.1103117
0.1388296
0.2682693
0.1725385
-0.1371835
-0.3568668
-0.5975429
-1.1270666
-1.0396265
-0.1710329
0.7142856
1.0056101
0.8128213
0.7099182
0.6302052
0.6585113
0.4116599
-0.3088111
-1.1304961
-1.0204266
-0.9661887
-0.4372507
-0.1421623
0.3665180
0.4717058
0.5876345
0.3603761
0.3682074
0.1260541
0.0473778
-0.0859839
-0.3104300
-0.0710078
-0.0817168
-0.1712778
-0.2028066
0.0925771
-0.2061046
0.1445730
0.3099416
-0.0568924
0.1155751
0.0076253
-0.0466141
0.1063002
-0.0675426
-0.4275982
-0.5537984
-0.1704070
0.1260252
0.6140988
0.9578224
0.7545469
0.0067133
-0.3955256
-0.4708644
-0.2300506
-0.0967079
-0.2214531
-0.4301120
-0.3294155
0.0599369
0.0519621
-0.0938810
0.1826066
0.2193095
0.2527023
0.1298545
0.1827848
0.0336565
0.2592840
-0.0086999
-0.3167535
-0.8059607
-1.1876847
-1.1716076
-0.3218807
0.4379468
0.6816239
0.7685136
0.7591469
0.6712365
0.8223991
0.3612771
-0.2276081
-1.2652649
-1.4406441
-0.8387740
-0.4025544
-0.1553524
0.4003407
0.4160811
0.4841130
0.3258364
0.4923619
0.1524227
-0.0969649
-0.2195815
-0.1960434
-0.1693109
-0.4055639
-0.3009647
0.0009052
-0.2759037
-0.0589416
0.1303170
-0.0475843
0.2664373
0.1930603
0.3452088
0.1387240
0.3462655
-0.0103178
0.1028620
-0.1358268
0.0200221
-0.3307139
-0.1414019
-0.4588741
-0.0491706
0.3943592
1.0622927
1.1801582
0.3169632
-0.6725357
-1.0210776
-0.5113306
-0.1394692
-0.0529872
-0.1319531
-0.2273582
0.0010982
0.5218353
0.2248363
0.3416654
0.3782171
0.4999028
0.3053408
0.0275009
-0.3410862
-0.4460858
-1.1571895
-0.8913563
-0.4899758
0.1387734
0.6445977
0.7247471
0.8049690
0.9196354
0.9380122
0.5266635
-0.0158193
-0.8178924
-1.2869883
-0.6475304
-0.2139558
-0.1878113
-0.1212069
0.1494076
0.2666608
0.2537689
0.2471792
0.0245917
0.2449420
-0.0469118
-0.0192194
0.0846776
-0.0921097
-0.3800235
-0.1595549
-0.2775390
0.0360135
-0.1513957
-0.0249163
0.1456427
0.1475209
-0.0165739
-0.0839953
-0.1066384
-0.0302885
0.3290378
-0.0940403
0.3080593
-0.0536088
0.0148022
-0.1447497
-0.1564119
-0.5687508
-0.7535167
-0.3309227
0.1616622
0.8494117
1.0239135
0.1684955
-0.5766946
-0.8797354
-0.3818355
-0.2318173
0.0216904
0.2547977
0.2445029
0.2497937
0.5936740
0.2122798
0.0559787
0.3137027
-0.3156904
-0.3247016
-0.7958278
-1.1132364
-0.5735880
0.1490911
0.3876783
0.6251984
0.6548361
0.5874013
0.6950845
0.6976749
-0.1638516
-0.8658608
-0.8688152
-0.9986625
-0.4447981
0.0031021
-0.0921073
0.1188074
0.3424364
0.3244783
0.4156438
0.2553069
-0.0654296
0.1255036
-0.1802971
-0.0682694
-0.2445286
-0.2427416
-0.2189450
-0.2680155
-0.1717376
0.1505179
-0.0121728
-0.0190330
0.1852125
-0.0865094
0.1098184
0.1933392
-0.0791971
-0.0769532
-0.1242029
0.1869392
-0.0252797
-0.2209447
-0.0926345
0.0783986
-0.0212604
-0.1164023
-0.2563869
-0.3081842
-0.2344787
-0.2583807
0.0897294
1.1049780
1.2384622
0.8922251
-0.0795093
-0.9728342
-0.6387994
-0.7440349
-0.8757887
-1.0526545
-0.5795579
0.3018717
1.4493923
1.4391699
0.9987804
-0.1055371
-0.7556459
-0.5691260
-0.2541886
0.1169890
0.2806816
-0.3628319
-0.3644864
-0.4141178
-0.0025764
0.2977604
0.3779712
0.3466072
0.1661543
0.2498599
-0.0796126
-0.0718742
-0.0391461
0.1082623
0.0725578
0.0467678
-0.1880611
-0.1457948
-0.1232538
-0.0300541
-0.1366653
-0.1068336
0.0077234
0.2372921
0.2240839
0.0022539
0.1591010
-0.0735568
0.1107795
-0.1357964
-0.0855647
-0.1862196
-0.1966318
-0.1267010
-0.0347498
-0.1187234
0.1113064
0.1775036
0.2262147
-0.0659647
0.3273497
0.2468571
0.1690029
0.1339714
-0.0483468
0.2179165
0.1036692
-0.1524193
-0.3480992
-0.6158979
-0.9940181
-0.5179457
-0.0550381
0.7595135
0.9561939
1.2210234
1.3253695
0.7157194
-0.2441932
-0.9529354
-0.8303016
-0.6947942
-0.5807317
-0.1755559
-0.3430302
0.1916357
0.5237761
0.2833869
0.4953643
0.4726667
0.0946752
0.2022443
-0.1400327
-0.0964262
0.0122035
-0.3194732
-0.1765976
-0.2513844
-0.1027222
-0.2124767
0.1480282
0.0077077
0.1632915
-0.0036379
0.1095786
-0.1683206
0.0566430
0.2193086
-0.2067717
0.1392868
0.0273200
0.0820532
0.1947522
0.0563722
-0.1788184
0.2473233
0.2410328
0.1586452
0.1858298
0.1359726
0.0916699
0.1754056
-0.0717261
-0.2045502
0.0897795
-0.3192539
-0.2313036
-0.0506781
0.2390926
0.0786646
0.2600763
0.1379165
0.3298974
0.2572026
0.0573631
0.2673301
-0.1375095
-0.3674503
-0.2818250
-0.9053456
-0.8503088
-0.6992233
-0.0191716
0.6530999
1.3469850
1.4602739
0.8147190
-0.0286097
-1.0009275
-1.2200560
-1.0146816
-0.4167765
0.1507629
0.2095118
-0.1846945
-0.1001544
0.2845678
0.3596007
0.3155677
0.3778960
0.2772971
-0.1003444
-0.0269975
-0.1148927
-0.0755713
-0.0657331
-0.1926746
-0.0265303
-0.0412780
0.1507398
-0.1585462
-0.1146444
0.1492765
0.2820580
0.1703585
0.0389359
0.0983406
0.1089068
-0.0027991
-0.0368399
-0.2100428
-0.1568559
0.1753471
0.2047626
0.0540450
0.0764097
0.2277469
-0.0784814
-0.0568658
0.2564591
0.0721292
-0.2335882
-0.1142093
-0.1834817
-0.1308694
0.0900908
0.0913831
-0.2505910
0.1621300
0.0593729
0.1542941
0.1505672
0.1752495
0.2160786
0.1966545
0.3352239
-0.0429078
-0.0389650
-0.3318554
-0.6710891
-0.8325965
-0.7362791
-0.4538055
0.2325172
1.1499303
1.1348066
1.0003839
0.1754315
-0.4514430
-0.8227634
-0.8895840
-0.5909680
-0.2058722
-0.0960682
-0.0199359
-0.0650503
0.3428767
0.5388143
0.5017153
0.0661635
0.3077124
-0.1249121
-0.1573725
-0.0038374
-0.3224253
-0.2071804
-0.3405881
-0.1608063
0.0927963
0.1667233
0.1480527
-0.1179684
-0.1168129
0.0489504
-0.0998111
-0.0835476
0.0696270
0.1713433
-0.2295675
-0.0544273
-0.2611835
-0.2112729
0.0812857
-0.1385051
0.0095784
-0.1447980
-0.0727433
0.1608475
0.1720390
0.0717246
0.2647557
0.0115580
-0.1450988
-0.0614128
-0.1040805
-0.2316813
-0.3556144
-0.3291131
-0.2561424
0.1291964
0.3029289
0.2225193
0.3308706
0.4771553
0.3321588
0.2958456
0.0113182
-0.0688759
-0.3439835
-0.5062609
-0.9391106
-0.8340098
-0.6589504
0.0917198
0.4721048
1.1920977
1.1142524
0.9462606
0.3388361
-0.4944849
-0.4433873
-0.5964289
-0.2693481
-0.4001983
-0.1875419
-0.0311675
-0.0565039
0.2056660
0.5658217
0.4420053
0.1323756
0.0853972
-0.0982019
-0.1401086
-0.2728942
-0.0230791
-0.1619010
-0.2866275
-0.2785583
0.0522825
-0.1504587
0.0153970
0.0769550
0.2068651
-0.0085089
-0.0206667
-0.0511107
0.1136945
-0.0122934
-0.1406925
0.0292980
-0.2239948
-0.1708524
-0.2804371
-0.1304993
-0.1993451
0.2497519
0.2462654
0.1185847
-0.0625301
0.1054751
0.0534313
0.2153300
0.0480596
-0.0916040
0.0553064
-0.0405675
-0.2525153
-0.1386374
-0.0911038
0.0107986
-0.1698842
0.0266965
0.4178371
0.3361656
0.4795155
0.3713939
0.0547733
0.2711899
-0.1710981
-0.6220407
-0.9466642
-1.1694010
-0.5584326
-0.1063064
0.2664153
0.7162930
0.5342508
1.0147442
0.8922637
0.5171057
0.1258192
-0.7399018
-1.1038302
-1.1473392
-0.4916427
0.0657125
-0.0888230
0.4270443
0.2701013
0.4060035
0.4999616
0.2076505
0.3443270
0.0695202
0.1386107
-0.1988128
0.0555107
-0.2196274
-0.0417334
-0.0657110
0.0995720
0.1231231
0.1444379
-0.0911165
-0.0055368
0.2703845
0.2243762
-0.0567909
-0.0495148
-0.0316798
0.0298613
0.0927493
0.0759108
0.1539969
-0.1543960
-0.1533254
0.0401606
0.2264415
-0.0910082
-0.0583008
0.0091188
0.0857401
0.0481861
-0.3398232
-0.1593159
-0.0298934
-0.2770247
-0.0671721
0.1429766
0.3241563
0.4321996
0.5010504
0.3488656
0.3374652
0.3253045
0.0883280
-0.3880884
-0.5697857
-0.9464103
-0.9238095
-0.5221292
0.1759575
0.3018256
0.7770984
0.6671603
0.7281531
0.7303330
0.6143074
0.0583675
-1.0213428
-1.1941592
-0.8747014
-0.4152799
0.0562807
-0.0893980
0.0738434
0.2574193
0.5978249
0.5334054
0.4184303
0.1235285
-0.1660744
-0.1351083
-0.2179742
-0.3445860
