-0.7922059
-1.2385965
-1.3116622
-0.5604269
-0.2754578
0.3184733
0.4274816
0.4790496
0.3663607
0.2900193
0.3625671
0.0707505
0.1908105
0.0788688
-0.0416534
-0.0599744
-0.3371390
-0.2590489
-0.1669900
-0.2304125
-0.1476436
-0.0415372
0.0916056
-0.0267452
0.2288921
0.0230881
0.2511347
0.1346265
-0.1862024
0.0788660
0.1369505
0.0291240
0.1077496
-0.1390770
0.1910675
0.2745637
0.1702299
0.0456906
0.1516794
0.1597647
-0.0400666
-0.2669035
-0.1002101
-0.2831846
0.0573397
-0.2929595
-0.1270548
-0.2212686
0.2514972
-0.0178971
0.3088365
0.2818194
0.3062754
0.3378226
0.0536427
-0.1061312
-0.2757459
-0.4221991
-0.6042380
-0.8252347
-0.8323751
-0.1255265
0.4899977
0.9171225
0.8983035
0.6939334
0.9735884
0.5990433
0.2331114
-0.6847903
-0.9178763
-0.8182699
-0.7523080
-0.0693905
0.1440970
0.2515527
0.1617769
0.2738010
0.5473663
0.3068020
0.2301025
-0.0978201
-0.1672540
-0.2623713
-0.3282294
-0.0898203
-0.3001144
-0.0061465
-0.0578749
-0.2370731
0.1870745
-0.0340092
0.2003623
0.1231264
0.0808318
0.2095996
0.0156406
-0.2187085
-0.0150233
-0.0475128
-0.1248768
0.2527856
0.1028951
0.0373269
-0.1219956
0.0377655
-0.0117213
-0.1409022
0.0872766
0.1054244
-0.3468968
0.0292624
-0.1490599
0.0057231
-0.1068884
0.2562381
-0.0817896
0.2650605
0.1580238
0.5069580
0.0955140
0.4768974
0.1429065
0.1365664
-0.3418157
-0.4210647
-0.9348805
-1.0242019
-0.7591303
0.2122810
0.8641987
1.0197146
1.0929997
1.0357141
0.9568578
0.1940116
-0.5940251
-0.9992736
-0.9324409
-0.8400771
-0.0647967
-0.0971338
0.3355578
0.0941262
0.2760740
0.1569202
0.4769822
0.0159628
-0.1007885
-0.1311003
-0.2764175
0.0905111
-0.2202398
-0.1577749
-0.2277804
0.0183552
0.0870149
0.0132431
-0.1273766
0.1420180
0.0525490
0.2441319
0.0913322
-0.0493852
-0.2038048
0.1793629
-0.1818994
-0.0812884
-0.1387532
-0.0843199
0.1962385
0.2099264
-0.0854091
0.0087780
-0.1533938
-0.2234841
0.1240072
-0.1698517
-0.2282971
-0.0326385
-0.1285927
-0.1783460
-0.1202541
0.1208733
0.0595618
0.4098618
0.1477202
0.5127752
0.2153519
0.1207007
0.3296611
-0.1772970
-0.1909941
-0.8727855
-0.7478292
-0.7837808
-0.1302104
0.5262072
0.7721581
0.8971430
0.8411164
0.9344635
0.5860166
0.2448528
-0.6392922
-1.0192889
-1.0950700
-0.5662336
-0.0267794
0.0491766
0.0730689
0.5548284
0.6439991
0.2864340
0.3236247
0.2276427
0.1739198
-0.2194552
-0.2820526
-0.0663877
-0.2498187
-0.0477998
-0.0195936
-0.0617204
-0.1309705
0.1354260
0.2415766
-0.0600461
0.3691405
0.3089762
-0.0495867
0.1326937
0.1307584
0.1462473
-0.0603933
-0.3941666
-0.1250609
-0.1594040
-0.2632084
0.0483120
0.0366986
0.1687178
0.2749900
0.4171314
0.1838558
0.4635785
0.2466812
-0.0087217
-0.1389459
-0.2316785
-0.8513123
-0.9569556
-0.5717508
0.1502299
0.0021403
-0.1386268
0.1760098
0.3468671
1.1349689
1.2758910
0.7784036
0.1020826
-0.7477003
-0.6933591
-0.7187728
-0.7629655
-0.4855341
-0.2685812
0.2118099
0.5149811
0.7722915
0.3520907
0.3751425
0.2798593
0.2607518
-0.0753004
-0.0312483
-0.0592331
-0.4357593
-0.4104504
-0.4388867
-0.0798006
0.0294702
0.0280185
0.2120991
-0.0391377
0.1775333
0.3680003
0.2719775
0.1874382
0.1273394
-0.0446538
-0.2310001
0.0007134
-0.2884946
-0.3411347
-0.0758321
-0.3188239
-0.0782021
0.0287321
-0.1136300
-0.0594022
-0.0158867
0.0627973
0.4380038
0.1835613
0.3506035
0.4320810
0.3070925
0.0330522
-0.1105963
-0.7729607
-1.0261865
-0.7777952
-0.8328791
-0.4012488
0.3913557
1.2418059
1.4132366
1.3032882
0.6510701
-0.4453950
-0.9337522
-1.1900162
-0.8764991
-0.2427658
-0.1987992
-0.2413666
-0.1672885
0.1514323
0.3813388
0.4253641
0.5147711
0.2733194
0.0336887
-0.1843370
-0.0039402
-0.2492152
-0.1741890
-0.2349524
-0.0314705
-0.2081509
0.1213853
0.1156003
0.0580350
0.1958479
0.0682710
0.1679963
0.2860162
-0.0419750
0.2044104
0.1050129
0.2838443
0.2256183
-0.0959357
-0.2155667
-0.0178303
-0.2370155
-0.0704452
-0.0553948
-0.2461007
-0.1293133
-0.0195056
-0.0515841
0.0043809
0.3770633
0.3974816
0.3351392
0.2208432
0.2664718
0.3029001
0.1451045
-0.0628346
-0.5034449
-0.6505902
-0.9994690
-0.7457941
-0.7672766
-0.1554080
0.8933889
1.1452279
1.2568407
1.0055763
0.4740484
-0.5605141
-1.2125939
-0.7868808
-0.5956279
-0.1547060
-0.2825319
-0.2260440
-0.0266810
0.1542349
0.5644464
0.3783500
0.4359667
0.2419667
0.3678763
0.2481309
0.0449151
-0.0677723
-0.1269687
-0.3747433
-0.2431344
-0.0502297
-0.2803025
-0.1742709
-0.2023337
-0.1159436
-0.1331023
0.2706213
0.0726143
0.2143680
-0.0824911
-0.0310218
-0.1105002
0.0897674
-0.1942594
-0.2614326
-0.1083614
-0.2176752
-0.1895609
-0.0333851
-0.2035380
-0.2278150
0.1169936
-0.0988931
0.2590474
0.4146703
0.4402506
0.1168642
0.4640735
0.4922267
0.0064195
0.2269407
0.0372424
-0.5731759
-0.8484428
-0.9753358
-0.8821693
-0.6872036
0.0036951
0.9448388
1.4723163
1.5884316
1.1380117
0.1623911
-0.9515559
-1.1749648
-1.0845238
-0.5113532
-0.1553640
-0.1962373
-0.0342559
0.1485967
0.1135862
0.3879403
0.1395447
0.4339487
0.3909471
0.3162663
-0.0869479
-0.0994351
-0.0706417
-0.1764138
-0.0956531
0.0060457
-0.2958249
-0.1707423
-0.0086059
-0.1109568
0.0993840
0.0089037
0.1760869
0.3260661
0.0571406
-0.1054302
0.2997602
0.1626590
-0.0579082
-0.0561474
0.0061559
-0.1096777
-0.3052215
-0.3650185
-0.2021003
-0.3676077
-0.0759483
0.1438722
0.0026713
-0.0033385
0.1148074
0.4070724
0.1017351
0.2824288
0.1414257
-0.0639743
-0.0566646
-0.0912910
-0.2388036
-0.6550496
-0.9717585
-0.9485445
-0.2891091
0.3401383
1.1235174
1.5728345
1.4008253
0.8220652
-0.3217130
-0.8069218
-1.2269620
-0.9118878
-0.1742597
-0.2768342
-0.3644801
0.0097896
0.2333986
0.5934138
0.5552377
0.3459830
0.3106752
0.2159180
-0.0481372
0.0601132
-0.0889985
0.0233799
-0.1609488
-0.1851216
-0.2596176
-0.0729887
-0.1219552
-0.1538677
-0.0183927
0.0839438
-0.1215354
0.0669892
0.1064891
0.2374343
-0.0034602
0.2654740
0.2124281
0.0257659
0.1030478
-0.2149304
-0.0040677
-0.0480794
-0.0834077
-0.0603406
-0.0567439
0.0103576
0.1220650
0.0313565
-0.0057212
0.1007145
0.1534162
0.3293126
0.3089980
0.3019763
0.3017185
-0.0531633
-0.2810505
-0.4423713
-0.8213561
-0.7199703
-0.8361396
-0.2524558
0.6620679
1.1832784
1.3039673
1.1229409
0.5638929
-0.4123423
-0.9061451
-0.8901400
-0.4570054
-0.0818837
-0.1731864
-0.1582775
-0.1536417
0.2483652
0.3558444
0.2930629
0.4463217
0.0713625
0.1263548
-0.1296239
-0.2036410
-0.1883907
-0.2343267
-0.1983255
-0.2187998
-0.2340601
-0.1443529
-0.1640810
-0.1984127
0.0631512
0.1703798
-0.1169926
0.2399819
-0.0027592
-0.1238834
0.1844532
-0.1448655
-0.0634565
0.0045563
-0.0970669
-0.2412291
-0.3344929
-0.2842584
-0.1797269
-0.3746814
-0.1380465
-0.2258372
0.1843718
0.0290840
0.3324274
0.1504776
0.1825317
0.3200757
0.4524613
0.1753417
-0.0228658
0.0623410
-0.1439332
-0.4574232
-0.8430665
-1.0261901
-0.3210377
-0.1078412
0.4885196
1.2631110
1.3638200
1.1317235
0.4283483
-0.4338036
-1.2703649
-1.0974675
-0.5199035
-0.2366238
-0.0329107
-0.2100809
0.1094710
0.1461776
0.2472881
0.4671495
0.3230953
0.0588886
0.0572361
-0.1467020
0.0142310
-0.2131846
-0.1224241
-0.0697052
-0.3146083
-0.2408253
-0.1918552
-0.0308052
-0.1375103
0.1507411
-0.0377473
0.0653526
0.0168974
-0.1010980
0.1193846
0.2407898
0.1015710
0.2258654
-0.0733168
-0.1630842
0.0871449
-0.0486253
-0.1849384
-0.1435792
-0.1772891
-0.2535127
-0.1196911
0.2271193
0.2356560
0.0688334
0.2464386
0.3937144
0.0765866
0.3614955
-0.0662539
0.1007446
-0.2459429
-0.3018145
-0.4067887
-0.7704011
-0.9928373
-0.2446453
0.2955902
0.7454701
0.9244538
1.1433684
1.1081551
0.4356735
-0.8030127
-1.2330894
-1.1563457
-0.2137291
-0.0924442
-0.2220048
-0.2147096
-0.0773749
0.4421099
0.1918470
0.2214643
0.3550082
0.0858495
0.1994153
-0.1583569
-0.3141733
-0.0579562
0.0394310
-0.2667059
0.0393407
-0.1900395
-0.0845299
0.0959064
-0.1989535
0.2292421
-0.1296737
0.2551229
0.0121352
-0.0779109
0.2908329
0.2951900
0.0499715
0.1584221
0.0036702
-0.0943640
-0.1827891
-0.2823439
-0.1719467
-0.1249285
-0.1961456
-0.2336134
0.0120809
-0.0817796
0.2393337
0.1650905
0.2800085
0.1021647
0.3493748
0.3631832
-0.0877643
0.0912646
0.0565123
-0.4566804
-0.8029813
-0.6109836
-0.7617918
-0.1153679
0.0887474
0.7214304
1.1023997
1.3805192
1.0105283
0.2200038
-0.7307150
-1.1211775
-0.9730857
-0.3511193
-0.0216148
-0.2469219
-0.0589920
-0.1276870
0.4638863
0.5764747
0.1700337
0.3089835
0.0122782
-0.0014396
0.1380118
-0.0179454
-0.1142437
-0.2543102
-0.2528096
-0.1804259
-0.0630268
-0.2881639
-0.0004301
0.0112848
0.0952522
0.0268266
0.3282800
0.0776564
0.2996048
0.0388994
-0.0567316
0.0985683
0.1613180
-0.2312892
-0.1145508
-0.1410950
-0.3237079
0.0133687
-0.2556046
-0.2653037
-0.0607037
0.1124597
0.2535747
0.0322119
0.0202485
0.1963845
0.0755887
0.4528485
0.3988073
-0.0498889
-0.1407799
-0.3180169
-0.4582712
-0.7149106
-0.6611163
-0.4235665
-0.0774099
0.2826355
0.9393817
1.2543625
1.0426208
0.6070471
-0.1345543
-1.1675569
-0.9987645
-0.7738012
-0.3013500
-0.2515062
0.1100093
0.0871958
0.2236872
0.5104803
0.3717236
0.1308826
0.3351491
0.1900483
0.1821721
0.0375981
-0.3191745
-0.1675097
-0.1174190
-0.1920512
0.1009245
0.0127232
-0.1135847
-0.1401654
0.0051339
0.0986671
-0.1032495
-0.0171309
0.0633262
0.1727809
-0.0491690
0.1614413
0.0107155
-0.0426323
0.1392948
0.1055531
-0.1500355
-0.0452700
-0.0969593
-0.0718083
-0.0568873
-0.0176349
-0.1611465
0.2805859
0.1846279
0.4040126
0.2945349
0.3814548
0.1574957
0.0993889
0.2194713
-0.1280249
-0.0891389
-0.5041459
-0.7227283
-0.6362317
-0.7089334
-0.0095427
0.3206865
0.7967515
1.2082136
0.9384954
0.7629607
-0.2217528
-0.9188198
-1.2738621
-0.5415621
-0.3022297
0.0325000
-0.0195091
-0.0950127
0.0143737
0.1503492
0.3788985
0.2963926
0.2751784
0.3040110
0.1337121
-0.1175394
-0.0559301
-0.1771558
-0.2889427
-0.0517537
-0.0188971
0.0003077
-0.2271748
-0.2223572
-0.0668507
-0.0099573
0.1013567
-0.0204049
-0.0390290
0.2695294
-0.0926711
0.0856294
-0.0006306
-0.0241936
0.0817500
-0.2993416
-0.2550737
-0.3343891
-0.0617143
-0.0956132
-0.0949241
-0.1986452
0.0196802
0.1948495
0.0683922
0.4391759
0.3932022
0.2377657
0.1309469
0.1832497
0.2338778
-0.0628489
-0.2730744
-0.4359110
-0.6261241
-0.7011549
-0.4151575
0.1017014
0.7134455
0.8874075
1.4660153
0.9692959
0.2417271
-0.8303858
-1.0271842
-0.7915942
-0.3948310
0.0143165
-0.2353737
-0.2231800
0.0141995
0.2264202
0.5962261
0.3993154
0.1703499
0.0897632
0.2827691
0.1922594
0.1040119
0.0330866
-0.0934824
-0.1319384
-0.3623495
-0.0754175
-0.0962531
-0.2095019
-0.0938700
0.2062764
0.2140486
-0.0404935
-0.1139619
-0.0311219
0.2514977
0.1541004
-0.0604853
0.1322892
-0.1537828
0.0503941
-0.2455752
-0.0350019
0.0155511
-0.3765291
-0.1686107
-0.1277864
0.1424115
-0.1087405
-0.0159925
0.0824084
0.0802725
0.4260307
0.2328421
0.0717288
0.2858675
-0.1471081
0.0174726
-0.2362874
-0.8851439
-0.5816604
-0.5053228
-0.1837076
0.1445223
0.6880546
1.0918919
1.0611563
1.0141836
-0.0015573
-0.5937946
-1.4028194
-0.8187045
-0.4113865
0.0984257
-0.1940254
-0.1666843
0.0979259
0.0819940
0.5500538
0.1779986
0.0708707
0.2151360
0.2923796
0.1642715
-0.2491237
-0.2996713
-0.0942344
0.0495217
-0.3110103
-0.1077522
-0.2293484
0.0968716
-0.1929992
-0.0726157
0.1370076
0.1887433
0.1051765
0.0676417
0.2807831
0.1898969
-0.0664784
-0.1303914
0.0881247
-0.0602885
-0.2680215
-0.0013371
0.0369013
-0.1662364
-0.0182383
-0.1498316
-0.1167952
-0.0653400
-0.0544544
0.3877815
0.1553086
0.4003777
0.5093934
0.0974575
0.1254697
-0.1598545
-0.1992292
-0.3608129
-0.7659108
-1.0002447
-0.4818137
-0.4441891
0.1891171
0.9130847
1.2440498
1.3208727
0.8309842
-0.3037395
-0.9260533
-1.1509104
-0.6545107
-0.1605444
-0.2140788
-0.1696692
-0.3002688
0.2691629
0.5669319
0.2165188
0.2627949
0.1692884
0.3135174
0.2130895
-0.0290945
-0.0246981
-0.0316746
-0.0106301
-0.2108070
0.0192842
-0.1831401
-0.2807654
-0.1852642
-0.0464162
0.1245659
0.2449321
0.3173612
0.2316919
-0.0759383
0.1098454
-0.0516818
-0.1357521
0.2265227
0.1008452
-0.0474731
-0.1888885
-0.3030272
-0.1235099
-0.2281728
0.0293471
0.0460628
-0.0946258
-0.0890336
0.0638995
0.0478514
0.3051563
0.4995565
0.4620561
-0.0004201
0.2841473
0.1469706
-0.1710090
-0.7371319
-0.6708472
-0.7805917
-0.5216639
0.1145228
0.3808477
0.7146453
1.4618403
1.5021859
0.5738948
-0.1322001
-1.2659136
-1.0936307
-0.5970576
-0.1922015
0.0581230
-0.0522927
-0.0504602
0.3308581
0.2694332
0.4450662
0.3749379
0.1385963
-0.0640737
-0.1373294
-0.0786316
-0.1059550
-0.3902131
-0.3384362
-0.3743092
-0.2034111
0.1287743
-0.1660540
0.2054228
-0.1701210
0.0215264
0.1024287
0.1841775
0.1912509
0.0677586
-0.0350742
0.0392275
0.2226691
-0.1153727
0.1273563
0.0642211
-0.2128979
-0.2762449
-0.2931846
-0.0362162
-0.3291788
0.1152940
0.0558801
0.2993107
0.0108167
0.2594384
0.5242827
0.0944698
0.2502788
0.2974480
-0.1581663
-0.2153295
-0.3130693
-0.5030893
-0.8556610
-0.9213945
-0.3459636
0.1212349
0.5024800
1.2336762
1.1753038
1.3133190
0.5327689
-0.4623397
-1.2343191
-1.2212423
-0.4813072
0.1747946
-0.2287160
-0.0121358
0.0013544
0.4055278
0.5814721
0.4883442
0.0728396
0.0805881
0.0068524
-0.1692159
-0.2394709
-0.2612374
-0.3042223
-0.1171906
0.0092041
0.0978826
0.0950753
-0.1099862
0.0331481
-0.0194762
-0.0667251
0.0034715
-0.0134085
-0.1134696
0.0784227
-0.0183991
0.1576289
0.1526860
0.0767417
0.0385398
0.1125115
-0.0649319
0.0147555
-0.1681685
-0.0728727
0.2154624
-0.0158679
0.0336302
0.1586006
0.2651264
-0.1689900
-0.1625574
0.1805132
-0.1555915
-0.2466318
