-0.0790518
-0.1628074
-0.1437145
-0.0590516
0.0995554
0.1882679
0.0173407
0.1858915
0.1893744
-0.0436991
0.1957508
0.1819085
-0.1515734
-0.0120726
-0.0681436
-0.0226498
-0.0908157
-0.0666399
0.0070839
0.0002696
0.1233665
-0.1246379
-0.0662370
-0.0897067
-0.0229661
0.0290302
-0.0430954
-0.0686570
0.1758100
-0.0264003
0.1829381
0.2033679
0.1124226
-0.1317136
0.1863848
-0.1269580
0.0329678
-0.0555644
-0.0229072
-0.1089305
0.0849783
0.1294215
-0.1565325
0.1457529
0.2155147
-0.1175221
-0.1021504
0.1191292
0.2029391
-0.1052820
-0.2850610
-0.1677224
0.1938309
0.6298539
0.6422582
0.0942724
-1.0365671
-1.5618495
-0.8120102
0.0687227
1.3035427
1.3019394
1.0040166
0.1722935
-0.5170347
-0.5259258
-0.6382187
-0.2060540
-0.1366235
0.1623332
0.0376782
0.0136164
0.3912972
0.2558539
0.0011456
-0.0430458
0.1768454
-0.0808943
0.0164486
-0.1406340
-0.0828975
-0.2221464
0.0271420
-0.2056764
0.0017436
0.0393273
0.0134670
0.0292063
0.0561417
0.0407832
-0.1500496
0.1140250
-0.0205443
-0.1382386
0.0653014
-0.1918516
0.1256421
0.1014474
0.1311295
0.0422577
-0.0659790
0.0147443
-0.0689555
0.0219743
0.0560490
0.0283673
0.0472375
-0.1869071
-0.0266602
-0.1573524
0.0102825
-0.0969997
0.0441842
0.1700830
0.0623949
0.0772059
-0.1201206
-0.0977980
-0.0239246
0.0820183
0.1454298
-0.0785448
0.1316859
0.1423229
-0.0119617
0.0452158
-0.0730291
-0.0168312
0.0575941
-0.0484561
-0.0849838
0.0628302
0.1255500
0.1776281
-0.2591738
-0.2849054
-0.0996239
-0.0950782
0.3016847
0.3239829
0.0948390
-0.7912108
-0.7948958
-0.4651723
0.0910450
0.8885315
0.8446816
0.4948195
0.1015261
-0.1264862
-0.5501002
-0.3583388
-0.3792883
-0.3444037
-0.1020573
0.1904211
0.1986639
0.3724578
0.2335805
0.0710648
-0.0101534
-0.0744780
-0.1942128
0.1375350
-0.1726223
-0.2230894
0.0903124
-0.1405841
0.0593119
0.1019079
0.1349796
-0.0202930
0.1319913
0.1184266
-0.0809422
0.1829915
-0.0025715
-0.1553721
0.0283370
-0.0077592
-0.0335771
0.0895246
0.1642708
0.1147525
0.1365438
0.1265329
-0.0643338
-0.1190545
0.0682456
0.1442333
0.1590617
-0.0707580
-0.1485865
-0.1437099
-0.0230151
-0.0348687
0.1372532
0.0767493
-0.1257408
-0.1359691
0.0167216
0.0480421
0.0308645
0.0041123
-0.0453160
-0.1064915
0.0044873
-0.0503195
-0.1254028
-0.2009307
-0.1460033
-0.0375715
0.1624621
0.1296202
0.0264310
-0.0747690
0.1747076
-0.1619293
-0.0173532
-0.4072289
0.1462815
0.3937251
0.5656287
-0.0614495
-1.0017212
-1.6618812
-1.0408792
0.4151333
1.3654672
1.8601642
1.1223760
0.0223861
-0.7175270
-1.0751698
-0.8023558
-0.5747251
-0.0421943
-0.1402640
0.1894854
0.1404467
0.3818283
0.2126295
-0.0420866
-0.0452615
-0.1276996
0.0140870
0.0849577
-0.1324940
-0.0530349
0.0376553
0.0832259
-0.0943027
-0.0820466
0.0254626
0.0632789
-0.0295450
-0.1227303
-0.0436741
0.1185502
-0.0879242
-0.1761195
-0.0517050
-0.1783256
0.0753255
-0.1108419
-0.1678516
-0.1553218
-0.0697722
0.1352759
-0.0074040
0.0348354
0.1617964
-0.0207608
0.1295903
-0.1918597
0.1289153
0.0050257
-0.1104090
0.0251175
0.1613230
-0.0773413
-0.1299593
0.0718278
-0.1337637
0.0389143
0.0670435
0.0280081
-0.1586289
0.0896617
-0.0483558
-0.1050043
-0.0283878
-0.2541998
-0.1643686
-0.1341004
0.0681099
-0.0952043
0.2216025
0.0290683
0.0856868
0.3553484
0.0260424
0.0751488
-0.0953405
-0.2106293
0.2164457
0.5286958
0.1360757
-0.4811101
-1.1456890
-1.1112101
-0.3800523
0.7993140
1.5113499
1.4800915
0.6641830
-0.6006762
-1.0677176
-0.9250411
-0.5725238
-0.5080470
-0.1475578
-0.0075739
0.1266773
0.4779328
0.4105694
0.2669006
0.2483211
0.2156894
-0.0968738
-0.0384996
0.0361546
0.0375087
-0.2720814
0.0855431
0.0403475
-0.1627954
-0.0725164
0.0438398
-0.1060981
-0.0976633
0.1448066
-0.0622585
-0.0749123
-0.1042466
-0.1560428
-0.0715689
-0.0924764
0.0550025
-0.2099947
-0.1878348
-0.0016482
-0.0210925
0.0008202
0.1476325
-0.1715793
0.0018663
0.0942935
-0.1861007
0.1232214
-0.0001128
-0.0714301
0.1580046
-0.0668649
-0.0191211
-0.0514228
0.0426456
-0.0311835
-0.1086775
0.0469516
-0.0864308
0.1651922
-0.1698621
0.0121954
-0.0549471
0.0362938
-0.0304934
0.0991067
0.0252861
-0.0046053
0.0755486
0.1768775
0.2516082
-0.0262650
0.2450314
0.1412019
-0.0713144
-0.3107281
-0.0244048
0.2799579
0.8175966
0.4134056
-0.5431163
-1.0247075
-1.1821818
-0.0799080
0.9941293
1.3497078
1.1757667
0.2052373
-0.3283153
-0.7164583
-0.4016421
-0.3669320
-0.3438757
-0.0841197
-0.0915927
0.1632716
0.1586308
0.3573680
0.1344491
-0.0063842
-0.0046383
-0.1314928
-0.0700085
0.0288431
0.0948655
-0.1889323
-0.1208703
0.1108015
-0.0726430
-0.1014048
-0.0955307
-0.0598790
-0.0576341
0.0886248
0.0652536
-0.1234061
-0.1050174
0.0952224
-0.0040229
-0.1806201
0.1586380
-0.1867388
0.0671749
-0.0406315
0.1872453
0.0053611
-0.1310158
-0.1801105
-0.1383716
-0.0054201
-0.0750442
-0.0932243
-0.1699530
-0.1721324
0.0720974
-0.1636737
-0.1399909
0.0851018
0.0160377
-0.0119755
0.1322624
0.1152582
0.0977187
-0.1612306
-0.0854875
-0.0131840
-0.0579100
-0.0212991
-0.1706178
-0.1914754
-0.1678780
0.1303701
-0.0006991
-0.1411586
0.0216579
0.1535517
0.0005444
-0.0955774
-0.0766669
-0.2933820
-0.0746858
0.4417641
0.7073322
0.5175593
-0.4718733
-1.3377091
-1.4437693
-0.4622308
0.8822992
1.5322817
1.3532324
0.6743385
-0.3505336
-0.8142971
-0.7182231
-0.5275482
-0.4065655
-0.1461228
0.1182587
0.1331641
0.1962686
0.3895321
0.1341091
0.2323725
0.0485946
-0.1711439
-0.0361806
-0.1062629
0.0133196
-0.2089368
0.0418046
-0.2269195
-0.0591199
-0.0420617
0.1420114
0.1486689
-0.1168032
-0.0625595
-0.0505123
0.0052000
0.1097794
0.0669613
0.0353604
0.1251543
-0.1516495
-0.0353417
0.1166513
-0.0512931
-0.1585754
0.0246369
-0.0953409
-0.1532181
-0.1534400
0.0831684
0.1588692
-0.1785160
-0.1779589
0.1165286
0.0396920
0.0285464
-0.0576102
-0.0032358
-0.1049599
0.0733908
-0.0058100
0.1148468
-0.0462338
0.0482025
0.0309817
0.0609728
-0.1549589
0.1082165
-0.0858333
0.0022243
-0.1036096
-0.0638229
0.0290562
0.0094471
0.1713497
0.0528737
0.2178713
0.0486321
-0.3628424
-0.3990262
-0.0032189
0.2390903
0.6225367
0.1875103
-0.4479635
-1.0103042
-0.8541406
-0.1322624
0.6438090
0.9953723
0.5977106
0.2793911
-0.1936899
-0.4533959
-0.5837675
-0.3616543
-0.4231344
-0.2634695
-0.0520991
0.2167417
0.3633361
0.0644514
0.1894832
-0.0668499
0.0524416
-0.0030007
-0.0353585
-0.1799496
0.0201114
-0.2487921
-0.0742074
-0.0300685
-0.0328975
-0.0251164
-0.0020556
0.1737995
0.2159198
-0.0040398
-0.0594376
0.0979670
-0.0351777
-0.1480474
-0.1351664
-0.0345828
0.0251204
-0.1213511
0.0106471
0.1579258
-0.0244456
0.0058250
-0.1465419
0.0443691
0.1859072
0.1381438
0.0063999
-0.0652206
0.0229027
-0.0950722
-0.1061253
0.0158310
0.1387831
0.1690847
0.1318073
-0.0922914
0.0924016
0.2000492
0.0413557
-0.1181746
0.0451315
0.1607673
0.1501849
-0.1487808
-0.1639024
-0.0226294
-0.0046712
0.1260895
0.0374899
0.0278895
-0.0180572
0.1097397
0.0590640
-0.0957328
-0.0334135
0.0357678
0.4565431
0.8012614
0.8222377
0.0389600
-1.3372558
-1.8838748
-1.1511833
0.2413475
1.6444949
1.7219431
1.0141787
0.0148161
-0.6620466
-0.9075761
-0.7289673
-0.3023530
-0.0672268
0.1799379
0.2646596
0.2976768
0.1016152
0.1046263
0.0094624
0.0984462
0.0400350
-0.0080121
0.0983054
-0.1770538
-0.2097149
-0.1983167
-0.1484777
0.1317194
0.1328279
0.0774635
-0.0734901
-0.0988172
0.1467833
-0.0919297
-0.1565032
0.0844715
0.1057424
-0.0812186
-0.1732089
0.1452045
-0.0345878
-0.1854348
0.0763605
0.1285379
0.0086701
0.0973323
-0.1916084
-0.0358808
0.1459022
-0.1350053
-0.1092298
0.1432961
-0.1927343
-0.0886489
-0.1745872
-0.0310023
0.1141832
0.0718512
0.1038571
-0.0667618
0.1838668
-0.0945865
0.0131377
0.0921720
-0.1979631
-0.1013209
-0.1686376
0.0614550
-0.0864391
-0.1821104
0.0587202
-0.0072301
0.0997867
-0.0445358
-0.0416488
-0.0382865
-0.0209171
0.0274923
-0.3456630
-0.4958860
-0.1743646
0.1027371
0.3815432
0.3642375
-0.5010980
-1.1617322
-0.9348287
-0.0507639
1.1619085
1.6328375
1.1965786
0.1590463
-0.5372616
-0.8946003
-0.8777121
-0.3821019
-0.0841567
0.0060890
0.1694293
0.4556602
0.2786039
0.2729927
0.3859227
0.0651985
0.1055697
-0.1148723
-0.0258670
-0.0422965
-0.2015974
-0.2675335
0.0985405
0.1365688
-0.1832062
0.1130552
-0.1025499
0.0650311
0.1329088
0.1353959
0.1184762
0.1396304
-0.1377617
0.1510084
0.1118642
0.1594357
-0.0722250
0.1674926
-0.0990406
-0.0359426
0.0385237
0.1739219
0.1886268
-0.0341428
0.1454646
-0.1111755
0.1095277
0.1215789
-0.0362422
0.1820964
-0.1385871
-0.1221550
-0.1178586
0.0571241
0.0869439
0.0140965
-0.0608551
0.0241261
0.1833191
0.1298990
0.0308188
0.1659213
-0.0586052
0.1246046
-0.1297234
0.1114412
-0.1272960
-0.0357306
-0.0531789
0.0356653
0.1227488
-0.1178528
-0.1233293
-0.1981170
-0.2311045
-0.1125370
0.0536475
0.2979688
0.6203395
0.2453066
-0.4989147
-1.3394081
-1.4905361
-0.2264400
0.9583698
1.7238483
1.3923320
0.2220757
-0.5608766
-0.5480959
-0.5789962
-0.3003084
-0.0843813
-0.1316607
0.0139367
0.0885689
0.2127101
0.2816584
0.1947418
0.0033346
0.0070362
0.1754643
0.0267363
0.0057942
-0.2726788
-0.1621804
-0.2255878
0.0378606
0.0399143
-0.0180216
0.2127923
-0.0318335
0.2062699
0.2203138
0.0860505
-0.0056946
0.0385295
-0.1580036
0.1238666
-0.0402742
0.0344975
-0.2078912
-0.2881151
0.0870752
-0.0132215
-0.1456583
0.0401066
0.2541917
0.1857992
0.2974199
0.4167010
0.2496816
-0.0406349
0.1350076
-0.0583039
-0.5046635
-0.5589135
-0.7311439
-0.6283324
0.0340111
0.6316946
0.8755664
0.2422973
0.0989094
0.2342904
0.4196540
0.0212524
-0.1996748
-0.4631438
-0.1409409
-0.0062685
-0.1627243
-0.1984996
-0.3947643
-0.2007802
0.4365009
0.6162647
0.3228092
0.0896731
-0.0830839
0.1045833
0.1854007
0.1351279
-0.0509126
-0.1827236
-0.1530550
-0.1754849
-0.0051707
-0.1380518
-0.2064490
0.0666775
0.1536197
-0.0807687
-0.0650767
-0.0515736
-0.0230875
0.1698455
-0.0520081
0.0159804
-0.1796398
-0.1809551
-0.0307178
0.0764263
-0.2097841
0.0597599
-0.1240325
-0.1437409
-0.0711652
0.1475161
-0.0660186
-0.1537053
0.1422497
0.1039178
-0.1311581
-0.0583522
0.1333192
-0.0866889
-0.1405758
0.1617251
-0.0622317
0.2109810
0.1052885
-0.0711374
-0.0030334
-0.0348935
0.0255544
0.0209883
0.1363284
-0.2608084
-0.1172449
-0.2810245
-0.2778221
-0.2419873
-0.3711723
-0.1190643
0.4143331
1.1396856
1.0359084
0.4273381
-0.2295155
-1.0987967
-1.2058608
-0.9786227
-0.2980591
0.1744121
0.8477849
0.8540677
0.4378889
-0.0746046
-0.0050891
-0.4550982
-0.2678235
-0.1071260
-0.1116965
0.0560578
-0.0271683
-0.1061695
0.0290079
0.0732112
-0.0802086
0.0068456
-0.0870376
-0.0727730
-0.0381831
0.0668845
0.0445351
-0.1707855
0.1063603
0.0691022
0.0138636
0.0369607
-0.1681393
-0.0981903
0.1602157
0.0818277
-0.1607712
-0.0886259
-0.0210916
0.0514834
0.1281657
-0.0929912
-0.0243691
-0.0690106
-0.1790583
0.0332512
-0.1071753
0.0230947
0.0011183
0.1071126
-0.1209739
-0.1482748
-0.1072378
0.1142027
0.1745161
0.0745005
-0.0367156
0.2268873
0.0528466
0.0131183
0.1583123
-0.0366115
-0.0993109
0.0745162
-0.0273402
-0.0089606
0.0257867
-0.0781837
-0.4216191
-0.5567354
-0.1567391
0.3637621
0.9465582
1.0744823
0.4727951
-0.3484399
-0.8054982
-0.7833988
-0.6077405
0.0795803
0.0836159
0.2459545
0.4240361
0.2651369
0.2363721
-0.1324124
-0.0385155
-0.0682824
-0.0599542
-0.0226598
0.0257842
0.1453730
-0.0957131
0.0441351
0.1154316
-0.0683067
-0.1932071
-0.2057667
0.1634646
-0.1680040
0.1048894
0.0694526
0.1085217
0.1344758
-0.1656250
-0.0044511
0.1504546
-0.0393647
0.0363898
0.0985373
-0.0134114
0.1174322
0.1672303
0.1118760
0.1630318
0.1563241
0.0241999
-0.0836863
0.1340307
0.0335627
-0.0516373
-0.0595769
0.0136689
-0.1569951
0.0864152
0.0525235
-0.1857153
0.0589636
-0.0665925
0.0147327
0.0323902
0.0581462
-0.0004177
0.0314994
-0.0782433
-0.0046103
0.2613443
0.1154502
-0.0536492
-0.0908009
0.0570295
-0.2278355
-0.3522871
-0.3735198
-0.4565439
-0.5154519
-0.1424596
0.7582729
0.9020636
0.9624881
0.2045215
-0.4969866
-0.8919127
-0.8748871
-0.5488396
0.0983578
0.4121743
0.5127380
0.2299058
-0.0501854
-0.1594362
0.0075175
-0.2012012
-0.0129839
0.0187508
0.0240370
-0.1526868
-0.1190473
-0.0997810
0.0158653
0.1499742
-0.1464613
-0.0841200
-0.0666208
0.1593338
-0.1425438
0.1538138
-0.0410082
-0.0197642
-0.1149690
0.0937543
-0.0013927
0.1492694
-0.0884910
0.1325186
0.1361277
0.0565412
-0.1377614
0.1221706
0.1172591
0.1784576
0.0071685
0.1116240
-0.0641596
-0.0840346
0.2371187
0.0482470
0.1261692
-0.1225704
-0.1193459
-0.2359465
-0.1849152
0.0057064
-0.0848740
-0.1246430
0.0084477
0.1642936
0.1676260
0.0654599
0.2640446
-0.0061306
0.0597794
0.0357966
0.3033657
-0.1001831
0.1327078
-0.2011311
-0.2784358
-0.6258404
-0.4801390
-0.3755195
-0.2539800
0.2787506
0.8115303
0.8393328
0.5221753
-0.0740382
-0.2359024
-0.1075696
-0.4764793
-0.6151079
-0.3325151
-0.2682903
0.1729518
0.3396927
0.1612176
0.2463110
-0.0137075
0.1723246
0.0696445
0.2349461
0.1173617
0.0859042
0.0804777
-0.1755161
-0.2359311
-0.3084103
-0.2129593
-0.2420205
0.0960397
0.0805737
0.2532148
-0.0910534
0.0913026
0.1814715
-0.0554882
0.0180463
0.0470235
-0.0123453
0.0603723
-0.0167016
-0.1645311
-0.1124886
-0.0832274
-0.1326715
-0.0912620
0.0135635
0.0171201
0.1010311
-0.1046267
0.1273113
0.0776562
0.0211130
0.1256517
0.0050697
0.1422297
0.1118818
-0.2493186
-0.1662537
0.0615079
0.0518227
-0.1111032
0.0928694
0.2216537
-0.0339511
0.3105437
0.0720542
0.0715054
0.1931903
0.2072787
0.0379639
0.0190487
-0.0611182
-0.2390569
-0.3500097
-0.5347844
-0.4994215
0.0514749
1.0382457
