0.0095814
-0.0361251
-0.0305344
-0.0223118
-0.0487462
0.0120427
-0.0344593
0.0512922
0.0128844
-0.0364955
-0.0473441
-0.0388044
0.0235298
0.0402727
-0.0368325
0.0113513
-0.0263251
-0.0111637
-0.0584940
-0.0090284
-0.0400165
-0.0095259
-0.0399737
0.0039147
-0.0318209
-0.0527267
-0.0184960
0.0421018
0.0156788
0.0332027
-0.0105225
0.0042145
0.0426959
0.0364400
0.0253461
0.0419183
-0.0047701
-0.0146851
-0.0352225
0.0262444
-0.0408123
-0.0539651
0.0422436
0.0519338
-0.0027363
-0.0448130
-0.0143485
0.0044369
-0.0118925
-0.0295262
-0.0437583
0.0330166
-0.0429919
0.0466817
-0.0533993
0.0123741
-0.0259210
0.0047979
-0.0174329
-0.0015834
0.0077204
-0.0152468
0.0148790
-0.0477519
0.0160053
0.0217370
-0.0156561
-0.0194018
0.0003538
-0.0299059
-0.0383187
-0.0566831
-0.0315137
0.0541130
-0.0495112
-0.0425629
-0.0194934
0.0339928
0.0330694
-0.0563487
0.0273928
0.0089706
0.0302459
-0.0444166
0.0221210
0.0061874
-0.0010423
0.0426912
-0.0000276
-0.0297301
0.0034417
-0.0049846
-0.0364736
-0.0438780
0.0469826
0.0373733
0.0023162
0.0438610
-0.0162839
-0.0026277
0.0409176
-0.0097805
0.0335234
-0.0238647
0.0503899
0.0451825
-0.0258421
0.0149138
0.0253416
0.0317004
0.0193389
0.0519603
0.0352067
-0.0221703
0.0158149
-0.0125244
-0.0334758
-0.0411763
0.0445966
-0.0101671
-0.0053009
-0.0538717
0.0446974
-0.0420397
0.0560642
0.0362046
-0.0097080
0.0233821
-0.0060035
0.0080112
0.0505263
0.0071338
0.0379678
0.0042618
-0.0132742
0.0193369
-0.0599862
0.0147452
-0.0383800
-0.0112250
0.0211159
0.0011830
0.0268522
0.0182114
0.0496162
-0.0164406
-0.0006299
-0.0074619
-0.0733579
-0.0746938
-0.2002169
-0.0589205
0.1921699
0.3966670
0.3377484
-0.0304327
-0.4649562
-0.5056272
-0.1957914
0.1631876
0.4158997
0.2337431
0.0772708
-0.0260457
-0.0272608
0.0034300
-0.0028038
-0.0164171
-0.0132953
0.0152270
0.0297767
-0.0491686
-0.0453040
-0.0066535
-0.0004349
0.0163692
0.0468563
-0.0023254
-0.0108988
0.0092437
0.0116927
0.0572515
0.0461372
0.0133544
-0.0627495
-0.0155590
0.0046991
-0.0087867
0.0100054
-0.0118062
0.0067523
-0.0152408
0.0057636
-0.0291854
0.0229242
-0.0225235
-0.0200625
0.0375665
-0.0525699
0.0435864
0.0199799
-0.0011416
-0.0279154
-0.0313390
-0.0067851
0.0526129
0.0178119
-0.0174790
-0.0140543
-0.0308604
-0.0480102
-0.0330358
0.0547964
-0.0532739
-0.0119084
-0.0344052
0.0510156
-0.0104569
0.0034119
0.0020553
0.0076548
-0.0489321
-0.0162202
0.0267031
-0.0152333
-0.0049246
0.0077654
-0.0023306
0.0220902
-0.0261188
-0.0115915
0.0172592
0.0521688
-0.0173466
0.0017485
-0.0052614
-0.0004091
-0.0111831
0.0532060
0.0449337
0.0218202
-0.0473262
-0.0029553
-0.0296222
0.0395815
0.0520466
-0.0411190
0.0027198
-0.0428788
0.0337570
0.0194386
0.0409108
0.0084734
-0.0164331
0.0514816
0.0483627
-0.0380077
0.0219148
-0.0236552
-0.0118259
-0.0079653
-0.0068145
0.0417965
0.0334703
-0.0156787
0.0203361
-0.0523729
0.0252708
0.0202690
0.0216279
-0.0522806
-0.0465187
0.0233295
-0.0313983
0.0480532
0.0385400
0.0546813
0.0543673
0.0037421
0.0268223
-0.0236497
-0.0261335
-0.0396774
0.0408282
-0.0560428
-0.0293486
-0.0094144
0.0006430
0.0189091
0.0120951
0.0519921
0.0402779
-0.0355178
-0.0286752
0.0418806
0.0027511
0.0559167
0.0551279
0.0152121
-0.0123361
-0.0455912
-0.0071960
0.0183052
-0.0114567
-0.0555363
0.0390837
-0.0020686
0.0288396
-0.0335103
0.0372450
0.0401099
0.0493585
-0.0292406
0.0346021
0.0316906
0.0508320
0.0252375
-0.0475405
0.0287220
0.0493940
-0.0396138
-0.0139514
0.0185424
0.0379240
0.0004850
0.0357313
-0.0186263
-0.0536464
-0.0507612
0.0159889
-0.0262070
0.0408734
-0.0061639
0.0503321
-0.0085707
0.0009120
-0.0519878
-0.0303930
-0.0473548
0.0232673
-0.0169923
-0.0092312
-0.0465549
0.0210270
0.0239099
-0.0004946
-0.0401669
-0.0335626
-0.0091771
0.0130765
0.0170582
-0.0432747
-0.0546749
-0.0072035
0.0441974
-0.0510258
-0.0218364
-0.0411077
0.0378926
0.0251208
-0.0403209
0.0040315
-0.0428024
0.0043886
-0.0483610
-0.0426620
0.0027096
0.0090145
0.0539838
0.0142153
0.0207549
-0.0269498
-0.0327045
-0.0507243
-0.0565934
0.0536829
0.0169598
0.0336093
-0.0511416
0.0246977
0.0669984
-0.0042796
-0.0171283
-0.0575847
0.0565563
-0.0257239
-0.1041223
-0.1610792
-0.0216424
0.2690288
0.4026258
0.2616889
-0.1532967
-0.4261639
-0.4001689
-0.1584333
0.2294652
0.3111776
0.2179498
0.0318255
-0.0719097
-0.0284097
0.0297894
-0.0805070
-0.0451505
-0.0147839
-0.0672452
-0.0305240
-0.0347833
-0.0266589
0.0403467
-0.0333566
-0.0131200
-0.0444122
-0.0206936
0.0642499
-0.0374341
0.0229009
0.0014344
-0.0195817
0.0225372
-0.0101450
-0.0239697
-0.0536416
-0.0204288
0.0154129
0.0440287
0.0428467
0.0583631
-0.0109815
-0.0026587
0.0434854
-0.0384534
0.0585339
0.0395001
-0.0263824
-0.0014142
0.0426986
-0.0394279
-0.0489856
-0.0127028
-0.0550011
-0.0219586
0.0043663
0.0172419
0.0123917
-0.0083828
0.0551636
-0.0362070
0.0420430
-0.0204737
0.0130311
0.0150381
0.0422489
-0.0159739
0.0355010
-0.0048024
0.0004039
-0.0224450
0.0257838
-0.0043515
-0.0254747
0.0120796
-0.0003211
-0.0424053
-0.0146018
0.0303748
-0.0335218
-0.0343571
0.0075831
-0.0119067
0.0344043
-0.0287090
0.0571416
0.0259809
-0.0031632
-0.0337128
0.0182140
-0.0106414
0.0108908
-0.0391651
-0.0289120
-0.0486661
-0.0111595
0.0088962
-0.0085884
0.0111126
-0.0143335
0.0121557
0.0371411
0.0419622
0.0235473
0.0116306
-0.0387378
0.0052457
-0.0206024
0.0541629
-0.0336157
0.0450792
0.0478624
0.0326032
0.0486794
-0.0334279
-0.0544488
0.0505057
-0.0129916
0.0499788
-0.0447660
-0.0006164
-0.0000746
-0.0514671
0.0449924
-0.0387734
0.0136297
-0.0224466
-0.0170789
0.0203262
0.0264727
-0.0263686
0.0000264
-0.0285429
-0.0386052
-0.0433468
-0.0473768
0.0199040
0.0364388
-0.0024173
0.0476193
-0.0096125
-0.0519201
-0.0181146
-0.0351671
-0.0126796
-0.0212754
-0.0069103
-0.0417253
0.0332911
-0.0124726
0.0154843
-0.0530677
-0.0343714
0.0228581
0.0099553
0.0394993
0.0129956
-0.0531262
0.0163023
-0.0515877
0.0111573
0.0046507
-0.0124349
-0.0267636
-0.0056828
0.0009329
-0.0207768
-0.0214609
0.0013863
0.0063157
-0.0381236
-0.0348842
0.0150576
-0.0046810
-0.0564348
-0.0053410
-0.0090987
0.0071840
-0.0151418
-0.0226782
-0.0004263
0.0537213
0.0226286
0.0339544
-0.0541366
-0.0446330
0.0341874
0.0213430
-0.0203750
-0.0285779
-0.0343482
-0.0338079
0.0090790
0.0200513
-0.0003118
-0.0058736
0.0424443
-0.0025297
-0.0218910
-0.0358184
-0.0469764
-0.0260120
0.0556416
0.0086183
-0.0277871
-0.0094754
0.0450485
0.0442023
0.0056848
-0.0402844
-0.0441112
0.0213750
-0.0406048
-0.0321650
0.0272312
-0.0124428
-0.0471199
0.0289684
-0.0295673
-0.0419043
-0.0547000
0.0220185
-0.0231983
-0.0627978
-0.0102530
0.0268736
0.0359465
0.0317943
0.0028806
-0.0197764
0.0168946
-0.0466666
-0.0832645
-0.0872982
0.0048872
0.2708648
0.3753396
0.2613543
-0.1890038
-0.5204947
-0.4801859
-0.1081488
0.2360700
0.3073975
0.2104761
0.0390602
-0.0246709
-0.0086557
0.0112803
-0.0349514
-0.0498931
-0.0651348
-0.0003721
-0.0148716
-0.0159057
-0.0386537
0.0013981
0.0541566
-0.0067315
0.0476440
-0.0241079
-0.0258525
0.0631019
-0.0093223
0.0479688
0.0502353
0.0177890
-0.0469274
0.0267363
0.0036890
0.0020705
0.0373961
-0.0037202
0.0407562
0.0224816
-0.0312284
0.0481855
0.0358056
0.0126089
-0.0263902
-0.0118548
0.0153755
0.0451095
-0.0587173
-0.0432328
0.0470443
-0.0169194
0.0026566
0.0423264
0.0560332
-0.0166823
0.0303967
0.0283259
0.0063159
0.0167917
0.0277465
-0.0042506
-0.0080781
0.0374078
0.0021174
-0.0051399
0.0232103
-0.0245314
-0.0056477
-0.0439856
0.0521832
-0.0396729
-0.0393182
-0.0189650
0.0104178
0.0414208
-0.0022158
-0.0277939
0.0114343
-0.0496673
0.0244245
0.0525159
0.0140919
-0.0110894
-0.0425830
0.0035433
-0.0478607
0.0170604
-0.0403942
-0.0337205
-0.0555517
0.0120252
0.0193733
-0.0008991
-0.0514040
0.0302507
0.0172260
-0.0594859
0.0353778
0.0510653
-0.0434118
-0.0469803
-0.0167013
0.0370137
0.0422938
-0.0221211
-0.0514092
0.0135604
0.0417600
-0.0190932
0.0426084
0.0465512
-0.0026487
0.0515993
-0.0450997
-0.0453713
0.0035172
0.0075727
0.0132890
0.0002070
-0.0284765
-0.0254953
0.0421937
-0.0378918
0.0268588
-0.0003764
0.0415485
0.0439323
0.0144151
-0.0102429
0.0165466
-0.0538302
-0.0284939
-0.0078140
0.0169830
-0.0272929
-0.0573808
-0.0082894
-0.0310725
0.0037623
-0.0440854
-0.0438997
-0.0402296
0.0058100
0.0072541
0.0091216
0.0018347
0.0456126
-0.0498935
-0.0302543
-0.0231543
-0.0463483
-0.0183081
0.0357943
0.0401053
-0.0154256
-0.0350863
0.0318098
0.0387982
-0.0482445
-0.0158196
-0.0363702
-0.0235474
-0.0129685
0.0228887
-0.0175979
-0.0107981
-0.0532764
0.0431904
-0.0575391
0.0372296
-0.0571895
-0.0068077
-0.0000724
0.0207952
-0.0259428
0.0469916
-0.0192698
-0.0276113
0.0579303
-0.0083464
0.0224522
-0.0074865
0.0118561
-0.0605375
-0.0032278
-0.0686955
-0.0229330
-0.0744127
-0.0399250
-0.0511833
0.0544934
0.0046177
0.0008130
0.0968839
0.0200492
0.0974769
0.0202616
-0.0029794
0.0168111
-0.0610819
-0.1114191
-0.0516785
-0.0874502
-0.1427629
-0.0390941
-0.0070955
0.0709614
0.0693222
0.1561522
0.2206754
0.3087904
0.2914246
0.1046754
-0.2840431
-0.5610243
-0.6169172
-0.4396327
-0.1223136
0.1366359
0.3011982
0.4096049
0.4491295
0.3565731
0.1830129
-0.0740321
-0.2464021
-0.3261479
-0.2451778
-0.1607508
-0.0695070
-0.0421508
0.0814369
0.0384944
0.1605453
0.0626912
0.0737419
0.0706164
0.0852110
0.0556927
0.0315539
-0.0606269
-0.0053937
0.0012838
-0.0011786
-0.0486728
0.0283898
-0.0222329
0.0409196
-0.0304426
-0.0004548
0.0322525
0.0383706
0.0265038
0.0671790
0.0590786
0.0457327
-0.0246331
-0.0372580
0.0270683
0.0214949
-0.0568386
-0.0037270
0.0417883
-0.0092074
0.0022732
-0.0000898
-0.0428215
0.0439658
-0.0466233
0.0044939
0.0000834
0.0090114
0.0362879
-0.0424978
0.0489643
-0.0218241
-0.0321607
0.0125497
-0.0113971
0.0480637
-0.0057880
-0.0302092
-0.0209998
0.0086876
-0.0497487
-0.0429504
0.0096388
0.0057401
-0.0476646
0.0121831
0.0076516
-0.0100623
-0.0305946
-0.0476629
-0.0468168
0.0254113
-0.0163995
-0.0375710
0.0014558
-0.0489136
-0.0015611
-0.0006582
0.0309780
0.0081283
0.0227690
0.0287604
-0.0174404
-0.0127168
-0.0151708
-0.0146205
0.0334044
-0.0237893
-0.0024958
-0.0102718
0.0439940
0.0135220
0.0541983
-0.0535690
0.0299181
0.0134553
-0.0178320
0.0016537
-0.0049571
0.0227707
-0.0525828
-0.0510963
-0.0434499
0.0113579
0.0258968
-0.0412745
0.0452219
-0.0048070
0.0119672
0.0350010
-0.0181950
-0.0389582
-0.0099830
0.0260899
0.0465191
-0.0379879
-0.0414127
0.0360992
0.0093872
0.0429390
-0.0562802
-0.0425159
0.0547443
-0.0001628
-0.0104703
-0.0174668
0.0419450
-0.0223768
0.0233803
0.0513753
0.0155277
0.0479284
0.0344702
-0.0540792
-0.0103326
-0.0413562
0.0357419
-0.0538375
-0.0109826
0.0021233
0.0265328
0.0195473
-0.0537519
-0.0008551
-0.0405516
0.0411558
0.0099947
0.0527321
-0.0277810
0.0508879
-0.0467047
-0.0015071
0.0173986
-0.0430811
0.0471964
-0.0511947
-0.0499561
0.0309311
0.0306702
-0.0430575
0.0081535
-0.0294848
-0.0409298
0.0299140
0.0399502
0.0222198
0.0287041
-0.0476277
-0.0220245
-0.0506151
-0.0565033
0.0298094
-0.0013023
0.0196324
0.0279275
-0.0150548
-0.0463873
-0.0077602
0.0237649
-0.0335382
-0.0463458
-0.0202715
-0.0074104
0.0147027
-0.0165354
-0.0176958
0.0335394
-0.0039949
0.0083305
-0.0240744
-0.0339577
-0.0158118
0.0435189
-0.0012481
0.0284674
0.0203459
0.0053176
-0.0488829
-0.0437891
-0.0152277
-0.0247388
-0.0514211
-0.0553861
0.0008771
0.0501289
-0.0457798
-0.0394853
0.0002998
0.0348837
0.0347446
0.0504780
0.0204796
-0.0525085
-0.0025608
0.0519779
0.0576088
0.0024856
0.0525644
-0.0113516
0.0150865
-0.0209029
-0.0474981
-0.0117947
-0.0515042
-0.0296708
0.0087916
-0.0439174
0.0484502
0.0629663
0.0040597
0.0176663
0.0439127
0.0078805
-0.0171579
0.0236441
-0.0762483
-0.1487446
-0.1675080
0.1114157
0.4445046
0.5104518
0.1382454
-0.3078312
-0.5851204
-0.4455154
0.0529219
0.4136395
0.4127623
0.1203809
-0.0682890
-0.1079483
-0.0738678
0.0058084
-0.0903116
-0.0354073
-0.0253599
-0.0344277
0.0080300
-0.0244139
0.0345735
0.0213436
0.0504168
0.0486087
-0.0359306
0.0654446
-0.0503846
-0.0485284
-0.0094715
-0.0365804
-0.0305394
0.0157249
-0.0308656
0.0427842
-0.0434362
0.0188586
0.0497568
-0.0137986
0.0521223
-0.0194106
-0.0358105
-0.0440453
-0.0487537
-0.0522734
0.0003249
-0.0156793
0.0255278
0.0379117
-0.0416487
0.0244077
0.0438017
-0.0251314
-0.0465546
-0.0300443
0.0509520
0.0071613
-0.0119871
-0.0025383
-0.0512857
0.0020383
0.0425354
0.0213912
-0.0352375
0.0250079
-0.0097022
0.0359923
0.0182588
-0.0252604
0.0168333
0.0028462
0.0401561
0.0202971
-0.0273616
-0.0295438
-0.0366734
0.0444278
-0.0046045
-0.0583981
0.0106666
0.0288458
0.0380602
0.0493973
0.0529534
-0.0137427
-0.0369556
-0.0487100
-0.0054492
-0.0392982
0.0029452
0.0515634
-0.0516435
-0.0551628
-0.0291080
0.0420992
0.0528553
-0.0377388
0.0512096
-0.0399692
-0.0095048
0.0471446
0.0167003
0.0296581
-0.0082844
-0.0215678
-0.0252072
0.0165348
-0.0202290
-0.0498368
0.0322790
-0.0229766
-0.0017384
-0.0487039
-0.0322480
0.0250508
-0.0245559
-0.0080428
-0.0176907
-0.0215590
-0.0368337
-0.0039636
-0.0487984
-0.0032857
-0.0344031
0.0522093
0.0506062
0.0476299
0.0539628
0.0331057
-0.0037150
0.0541916
-0.0283975
0.0178194
-0.0575518
0.0228253
0.0247913
0.0447967
-0.0163636
0.0015884
-0.0313367
-0.0359909
0.0419502
-0.0458076
0.0371352
0.0387674
0.0485008
0.0478472
-0.0127813
0.0321184
-0.0561305
-0.0238326
-0.0401155
0.0447215
0.0281771
-0.0321430
-0.0167525
0.0095664
0.0329464
-0.0560825
-0.0287480
0.0013884
0.0498527
0.0372330
-0.0073752
