-0.0463537
-0.0576982
-0.2003285
-0.2810217
-0.1688937
0.0347781
0.5032017
0.5845762
0.4064240
-0.1244364
-0.5392138
-0.5327001
-0.2112186
0.0954478
0.1290733
0.1209978
0.0037484
0.0728900
0.0424301
0.0969268
-0.0234011
-0.0286819
0.0406439
-0.0774041
-0.0393339
-0.0637670
-0.0002780
-0.0416026
-0.0021436
-0.0506774
0.0261560
0.0700080
0.0212451
0.0127553
0.0380835
-0.0467049
0.0011993
0.0486099
0.0180662
-0.0331641
-0.0683635
0.0102725
0.0258763
-0.0271412
-0.0608682
-0.0025121
-0.0074838
0.0341804
0.0223568
-0.0392280
0.0500582
0.0659655
-0.0506566
0.0517961
-0.0345785
-0.0443396
-0.0277747
0.0009220
0.0116818
-0.0022660
-0.0280420
0.0140956
-0.0034817
-0.0506479
0.0350875
0.0003299
0.0349524
0.0431822
0.0389906
0.0522377
-0.0409535
0.0207601
-0.0617008
-0.0162113
-0.0050365
-0.0116617
-0.0068347
-0.0091027
0.0127296
-0.0241781
0.0566564
0.0532654
0.0500433
0.0097381
0.0544017
0.0448049
-0.0437207
0.0251219
0.0358320
-0.0239875
-0.0501002
0.0172119
-0.0557795
-0.0176165
-0.0025317
-0.0130842
0.0339883
-0.0544398
-0.0611365
0.0359971
0.0117473
-0.0307208
-0.0616092
-0.0208925
-0.0071621
0.0189275
-0.0245983
-0.0601885
0.0164677
-0.0063847
0.0560211
0.0303366
0.0380445
0.0203705
-0.0421597
0.0111339
0.0157913
-0.0186246
0.0051922
0.0162270
-0.0109565
0.0238971
0.0596459
0.0383578
0.0381104
-0.0442787
0.0074255
0.0076908
-0.0221329
-0.0224686
-0.0416909
0.0131955
0.0363575
0.0131831
-0.0170657
-0.0427630
0.0192072
-0.0210106
0.0478611
-0.0034741
0.0412399
-0.0137871
-0.0159515
-0.0309500
-0.0083939
0.0208409
-0.0498356
-0.0315299
0.0341081
-0.0134358
-0.0405050
-0.0345288
-0.0166268
-0.0304362
0.0470591
0.0090487
0.0063805
0.0205326
-0.0069318
-0.0638176
0.0182592
0.0395064
-0.0482947
-0.0616444
0.0007704
-0.0187873
-0.0272650
-0.0235665
-0.0130061
-0.0218967
0.0604022
0.0387623
0.0196667
0.0389172
-0.0394131
-0.0244885
-0.0003174
0.0431212
-0.0338693
-0.0353909
0.0178994
-0.0631730
0.0064338
-0.0130826
0.0369471
0.0509822
0.0016766
0.0235517
-0.0051031
0.0884051
-0.0000310
-0.0160298
-0.0680231
-0.0703188
-0.0488463
-0.2311061
-0.2220432
-0.0916352
0.2936756
0.5588389
0.5653758
0.0967658
-0.3311844
-0.6082069
-0.3185934
-0.0834815
0.1609160
0.1533084
0.0611979
0.1123652
0.0826346
0.0538558
0.0738952
-0.0372476
-0.0541120
-0.0654352
-0.0455803
-0.0643533
-0.0474422
-0.0576191
-0.0283720
-0.0000853
0.0132471
-0.0475967
-0.0285622
0.0142912
0.0199607
0.0130810
0.0718157
-0.0465700
0.0407173
0.0554133
-0.0115599
-0.0133729
0.0315567
-0.0639910
0.0523467
-0.0529635
0.0389473
-0.0080415
0.0355309
-0.0078194
-0.0434705
0.0145366
-0.0349589
-0.0421268
-0.0177024
0.0331296
0.0474055
-0.0351287
0.0117542
0.0043121
-0.0585882
-0.0145374
0.0388211
0.0111780
-0.0015794
-0.0415251
-0.0128215
0.0618781
0.0207797
0.0167599
0.0486640
-0.0336192
0.0317517
-0.0575405
0.0557742
-0.0625542
-0.0053050
0.0633175
0.0052448
0.0324157
0.0225675
-0.0003548
-0.0066718
-0.0274811
0.0600430
0.0026113
-0.0335116
-0.0337016
-0.0153060
0.0383001
0.0574048
-0.0275391
-0.0465721
0.0488982
-0.0348777
0.0621205
-0.0210067
-0.0196458
-0.0530820
-0.0324927
0.0192946
-0.0424400
0.0400833
0.0525011
0.0405490
0.0298481
-0.0083658
-0.0003235
-0.0333475
-0.0257944
0.0457574
-0.0167356
-0.0221413
0.0273615
-0.0442286
-0.0551294
-0.0385740
-0.0370344
0.0213985
0.0404370
0.0225491
0.0214034
-0.0506859
-0.0611219
-0.0402206
0.0630693
-0.0478587
0.0625461
-0.0578421
-0.0287103
-0.0031404
-0.0581577
0.0583227
-0.0481692
-0.0514912
0.0547292
-0.0263375
-0.0152584
0.0108727
0.0298855
0.0393104
0.0138902
-0.0069947
-0.0009233
0.0029908
-0.0377355
0.0106724
-0.0599123
0.0045917
0.0284044
-0.0492858
-0.0209693
0.0429157
0.0282705
-0.0465425
-0.0006009
-0.0105946
0.0615641
-0.0574492
-0.0360756
0.0432800
-0.0232821
-0.0355808
0.0303290
-0.0205863
0.0175870
-0.0162136
0.0100726
-0.0353122
0.0381562
0.0595923
0.0589449
0.0529129
0.0134055
0.0010728
0.0324438
-0.0458493
-0.0770016
0.0309118
0.0146074
-0.0010682
0.0015600
-0.0158750
0.0236103
-0.0162184
0.0421221
-0.0047913
0.0047545
-0.0112857
0.0722185
-0.0268627
0.0247316
0.0191910
-0.0311402
-0.0471353
-0.1267080
-0.1564831
-0.2096858
-0.0756423
0.3698581
0.5977922
0.5676217
0.0509009
-0.3933046
-0.5496958
-0.3131440
-0.0648023
0.1273885
0.0901482
0.0761922
0.0222263
0.0491396
0.0947784
0.0388099
-0.0553488
0.0223872
-0.0169964
-0.0268570
-0.0263259
0.0218846
-0.0120347
-0.0570561
0.0057259
0.0346878
-0.0513464
0.0080724
-0.0202151
-0.0064356
0.0486861
0.0452620
0.0356677
-0.0088859
-0.0233293
-0.0025788
0.0263938
0.0400238
-0.0465024
0.0049356
0.0586448
0.0325635
0.0112075
0.0395894
-0.0314715
-0.0104336
0.0585472
0.0067141
0.0029049
0.0501235
-0.0114915
-0.0635613
0.0414978
0.0119458
-0.0253433
0.0498934
-0.0279607
0.0556205
-0.0142757
-0.0223808
0.0585405
0.0493140
-0.0096381
0.0528410
0.0630925
-0.0410872
0.0509627
-0.0123243
0.0329133
-0.0462031
-0.0417575
0.0100974
0.0518689
-0.0092528
0.0219340
0.0229850
-0.0420921
0.0490133
-0.0571225
-0.0540741
0.0207291
-0.0605257
0.0193531
-0.0058935
0.0343219
-0.0201844
0.0628957
-0.0065983
0.0515752
-0.0075506
-0.0295013
0.0146593
-0.0095529
-0.0408621
0.0009951
-0.0540104
-0.0599324
0.0120487
-0.0162285
0.0450974
-0.0008772
-0.0443218
0.0531407
-0.0427732
-0.0279001
0.0285592
0.0290501
0.0195464
-0.0232472
0.0038196
0.0601632
0.0587631
0.0167991
-0.0511733
-0.0058572
0.0511786
-0.0244229
0.0613292
-0.0152531
0.0434985
0.0257230
-0.0093706
0.0020736
0.0576646
-0.0397182
0.0475233
-0.0215914
0.0548722
0.0287545
0.0068491
-0.0358547
-0.0301123
-0.0561182
0.0250360
0.0484562
-0.0622121
-0.0585956
-0.0160078
0.0038310
-0.0466784
-0.0480195
-0.0289621
-0.0140903
-0.0406582
-0.0195929
-0.0307414
0.0051614
-0.0385560
0.0193143
-0.0274952
0.0002564
0.0252892
-0.0142609
0.0334073
-0.0526388
-0.0534886
-0.0418462
0.0294724
0.0287707
0.0268905
-0.0528267
-0.0557770
0.0531480
0.0166860
-0.0053615
-0.0025386
-0.0393974
-0.0070949
0.0306937
0.0146936
-0.0206028
-0.0159704
0.0382918
0.0442737
0.0360659
-0.0466134
0.0223509
-0.0123685
0.0116951
0.0430703
0.0149726
0.0052810
0.0474856
-0.0076187
-0.0143066
0.0114654
0.0658546
-0.0287373
-0.0652837
-0.0403963
-0.1416326
-0.1153215
-0.2958846
-0.1937239
0.1682587
0.5887981
0.5945321
0.1891248
-0.2440422
-0.6026951
-0.4656485
-0.1134641
0.1220464
0.1391289
0.0471018
0.0748232
0.0379652
0.0874845
0.1079205
0.0631497
0.0168636
0.0209327
-0.0594091
-0.0206568
0.0103824
-0.0526268
-0.0564907
0.0301826
-0.0466562
-0.0219884
0.0196430
0.0446789
0.0362891
0.0246176
-0.0455469
-0.0390339
0.0531556
0.0524186
0.0243203
-0.0403336
0.0123719
-0.0586957
-0.0231571
-0.0409724
0.0369978
0.0457727
0.0401355
-0.0366673
-0.0019036
-0.0439796
0.0568370
0.0502393
0.0443340
0.0280728
-0.0636473
-0.0580431
-0.0149414
0.0377097
-0.0385969
-0.0623955
-0.0391484
-0.0103432
-0.0081234
-0.0072755
0.0357914
-0.0469154
0.0208345
0.0339381
0.0099929
-0.0320370
-0.0395894
0.0195099
0.0355971
0.0411461
0.0006648
0.0206585
-0.0111871
0.0086960
0.0012242
0.0101630
0.0451365
0.0533637
-0.0593117
0.0051587
-0.0050337
-0.0492704
0.0535343
0.0007745
-0.0573597
0.0584660
-0.0201705
0.0350871
-0.0231291
-0.0152933
-0.0187024
-0.0180499
0.0326004
0.0505583
0.0315097
-0.0017063
-0.0024556
-0.0601183
0.0500716
-0.0495955
0.0205247
0.0541506
-0.0528412
-0.0161394
0.0418481
-0.0302361
0.0539060
-0.0547564
-0.0366391
0.0004607
0.0011111
0.0591811
0.0318379
-0.0450871
0.0357431
-0.0037750
0.0338902
-0.0080306
-0.0171835
0.0366996
-0.0538922
-0.0198046
-0.0513663
0.0517954
0.0133013
0.0623353
-0.0146380
-0.0515541
-0.0521480
-0.0278021
-0.0251147
-0.0336474
0.0238235
0.0622248
-0.0606267
0.0395113
-0.0173421
-0.0524095
0.0543583
-0.0266834
-0.0276430
-0.0089126
-0.0045891
-0.0471437
0.0459099
-0.0018414
-0.0195878
-0.0436014
-0.0574125
0.0508054
0.0291554
-0.0136537
-0.0267960
-0.0366746
-0.0240231
-0.0501361
0.0044849
-0.0542115
-0.0650117
0.0033521
0.0439567
-0.0554419
-0.0322551
-0.0043227
-0.0042823
0.0630775
0.0289296
-0.0301316
-0.0003891
-0.0403492
-0.0199486
0.0188887
0.0468852
-0.0487757
-0.0419402
-0.0321072
0.0176204
-0.0636727
-0.0459062
-0.0163250
-0.0200634
0.0340540
-0.0196156
0.0413012
0.0847298
0.0616915
0.0623116
-0.0253715
-0.0862427
-0.0673490
-0.0833323
-0.1494320
-0.2350952
-0.2205321
-0.0115946
0.3971739
0.6613700
0.4513814
-0.0038771
-0.4282240
-0.6175801
-0.3057170
-0.0384931
0.1341031
0.1318669
0.1025480
0.1023553
0.1155493
0.0228638
-0.0162734
0.0027031
-0.0316088
0.0083696
-0.0760817
-0.0608097
-0.0887953
-0.0703464
0.0449976
-0.0343078
-0.0547181
-0.0058772
0.0181864
0.0077369
0.0245798
-0.0350482
0.0090171
0.0643131
0.0616363
0.0419524
0.0502523
0.0357831
0.0401771
0.0366683
-0.0369068
-0.0431334
0.0361938
-0.0370060
0.0265341
0.0449765
0.0310682
0.0075815
0.0107847
0.0425413
-0.0526515
0.0256646
0.0343597
-0.0393431
-0.0518340
-0.0198294
-0.0566355
0.0011830
-0.0199749
0.0315015
0.0077413
-0.0079858
0.0416552
-0.0408041
-0.0067476
0.0358206
0.0063036
-0.0069117
0.0166517
0.0230019
-0.0217799
-0.0579782
-0.0049726
-0.0565236
0.0498351
-0.0429334
-0.0252574
-0.0502863
-0.0426300
-0.0323728
-0.0617443
0.0036948
0.0163844
0.0430025
0.0522632
-0.0229986
-0.0145814
0.0119638
0.0310897
0.0505564
0.0488791
-0.0316525
-0.0302518
-0.0048477
0.0061995
0.0128130
-0.0522988
-0.0283488
0.0224671
0.0243990
0.0596640
-0.0388281
-0.0096056
-0.0214186
0.0187849
-0.0604012
0.0545028
-0.0493089
0.0011518
0.0343675
-0.0546849
-0.0148209
0.0128559
-0.0121964
-0.0098381
0.0291919
0.0125643
0.0412420
0.0284451
-0.0234440
-0.0245589
-0.0544667
0.0462549
0.0491052
0.0496336
0.0057874
-0.0046693
0.0192581
0.0102973
0.0071498
0.0158280
0.0400664
0.0102237
0.0020911
0.0578059
0.0505080
0.0303255
0.0415564
-0.0051607
-0.0564219
-0.0158980
-0.0539406
0.0195324
0.0575010
0.0049679
-0.0158480
0.0416102
-0.0479640
0.0393613
0.0438135
-0.0226724
-0.0358392
-0.0426906
-0.0067742
-0.0184292
0.0101796
-0.0098092
0.0275463
0.0516071
-0.0666483
-0.0279719
-0.0116587
-0.0018668
-0.0234652
0.0514227
0.0538606
0.0186889
0.0619231
0.0544944
-0.0152989
0.0547298
-0.0382841
-0.0211570
-0.0254405
-0.0481387
-0.0121626
0.0306592
0.0182175
-0.0671681
-0.0521491
-0.0008103
0.0528534
-0.0089668
0.0558024
0.0245176
0.0716053
-0.0201501
0.0260117
0.0029379
-0.0188496
-0.0634703
-0.0143678
-0.0627802
-0.1210063
-0.2982129
-0.1657295
0.1212452
0.4298817
0.6163558
0.3311424
-0.1520033
-0.5342464
-0.5299155
-0.1979585
0.0806006
0.1845297
0.0571756
0.0915503
0.0644379
0.0422507
0.0100424
0.0714963
-0.0251648
-0.0309051
0.0031405
0.0116493
-0.0565261
0.0332014
-0.0729175
0.0173042
-0.0133207
-0.0013024
0.0560893
0.0006856
0.0046257
0.0337707
0.0178588
0.0652921
0.0009175
-0.0516391
0.0047387
-0.0641906
0.0287860
0.0004330
-0.0401323
0.0129492
-0.0364714
0.0355840
0.0133054
-0.0048969
-0.0506968
0.0093794
-0.0530586
0.0034212
0.0008608
-0.0064323
0.0223926
0.0125245
-0.0206679
-0.0452887
-0.0462073
-0.0494913
0.0334993
-0.0273749
-0.0224477
-0.0389400
-0.0132026
0.0437597
0.0601941
0.0190004
0.0210283
0.0188736
0.0350814
0.0530377
0.0573568
-0.0541995
0.0356527
0.0532958
0.0238214
0.0478329
-0.0134414
-0.0576428
-0.0127374
-0.0329504
0.0106481
0.0577531
-0.0402351
-0.0153625
0.0202961
0.0407177
0.0080796
0.0525496
-0.0162983
0.0371170
-0.0074242
-0.0082804
0.0492780
-0.0171768
-0.0462274
-0.0322715
-0.0527595
-0.0136100
0.0537305
0.0540654
-0.0538095
-0.0532073
-0.0526091
-0.0047600
-0.0552080
0.0461782
-0.0009976
-0.0615404
-0.0478675
-0.0467889
0.0441900
-0.0221676
-0.0164661
-0.0071015
-0.0639409
-0.0542287
-0.0142792
-0.0236056
-0.0033603
-0.0530140
0.0597780
0.0207992
0.0181558
0.0165465
-0.0622587
-0.0529787
0.0525828
0.0579314
-0.0520370
-0.0441787
0.0209072
0.0508723
0.0390614
-0.0093022
-0.0317849
-0.0184458
0.0097812
0.0466559
-0.0293310
-0.0552298
0.0091501
0.0216801
-0.0131737
0.0365955
0.0319858
0.0292624
0.0274382
-0.0466231
0.0229037
0.0195279
-0.0395756
-0.0338599
0.0209417
0.0247561
0.0383341
0.0427980
-0.0050427
0.0238301
0.0346627
-0.0599137
-0.0482051
-0.0501194
0.0347765
-0.0051877
-0.0097442
0.0585537
-0.0189379
0.0462827
-0.0016786
0.0523474
0.0614574
-0.0283210
-0.0418993
0.0358337
-0.0238110
-0.0510694
0.0390925
0.0339684
-0.0084102
-0.0657867
0.0095781
-0.0275817
0.0551283
0.0607616
0.0128265
0.0824000
0.0827754
0.0409669
0.0083236
0.0450943
-0.0962601
-0.0025279
-0.0216918
-0.0747949
-0.2176631
-0.2270021
-0.0950839
0.3192677
0.6555988
0.4517174
0.0581565
-0.4505363
-0.5504797
-0.3880285
0.0314377
0.0973071
0.1746304
0.0958782
0.1108761
0.0264262
0.0362686
0.0286552
-0.0466778
0.0150396
0.0079761
-0.0371039
-0.0740762
-0.0666646
-0.0548009
0.0466325
-0.0532614
-0.0180729
0.0142863
0.0554338
-0.0441631
0.0655242
0.0263187
-0.0493452
-0.0014484
-0.0027019
-0.0331026
0.0020582
-0.0243319
0.0310734
0.0098074
-0.0617934
-0.0024141
-0.0573889
0.0546446
-0.0462341
-0.0121312
0.0081146
0.0407551
0.0480871
-0.0137204
-0.0125404
-0.0487636
-0.0010895
0.0393280
-0.0506301
0.0231416
0.0355842
-0.0361788
-0.0253614
-0.0016083
0.0287881
0.0123756
-0.0504588
-0.0277105
-0.0030604
0.0549748
0.0119561
-0.0397263
0.0248051
-0.0457383
0.0216399
0.0090465
-0.0161231
0.0609962
0.0026427
0.0481506
0.0301918
0.0524944
0.0289878
-0.0465069
-0.0528099
-0.0396601
0.0323804
0.0121255
