0.0257023
-0.0375110
0.0383667
-0.0120860
-0.0275809
0.0366645
0.0252729
0.0437256
-0.0411605
0.0058491
-0.0140785
0.0286799
-0.0654288
-0.0437636
-0.0145113
-0.0089690
-0.0161478
0.0383110
0.0179754
-0.0144219
-0.0278902
0.0154583
0.0279441
-0.0106216
0.0041381
-0.0347318
0.0264202
0.0355260
-0.0637011
-0.0388310
-0.0161025
0.0177115
-0.0051617
-0.0020298
0.0162391
0.0454203
0.0327472
0.0628850
0.0174735
-0.0078670
-0.0044020
-0.1187497
-0.2071131
-0.1625318
-0.0367327
0.2037614
0.1570661
-0.0386762
-0.2007959
-0.1852472
0.1764228
0.2554249
0.2062270
-0.0359431
-0.1294404
-0.0814903
-0.0320801
-0.0779974
-0.0013659
-0.0534947
0.0319622
0.0229527
0.1062935
0.0209845
0.0595355
-0.0179397
0.0235862
0.0007678
-0.0296942
-0.0614569
0.0098407
-0.0280402
0.0292443
-0.0089659
0.0471281
0.0508074
0.0352985
0.0265890
-0.0320758
-0.0118563
-0.0099564
-0.0148135
-0.0404611
-0.0035361
-0.0443792
-0.0257197
-0.0390335
0.0251182
-0.0077615
0.0372724
-0.0151502
-0.0152548
-0.0556393
0.0488623
0.0101327
0.0271878
-0.0408327
0.0278164
0.0545759
0.0376660
-0.0373824
-0.0500543
-0.0067655
-0.0385119
0.0482986
-0.0217556
0.0353265
-0.0358115
0.0268766
-0.0395010
-0.0445847
0.0504007
-0.0034813
-0.0308524
0.0552715
-0.0521412
-0.0461031
-0.0336269
-0.0454804
-0.0006159
0.0499648
-0.0439630
0.0130275
0.0540997
0.0565537
0.0322413
-0.0177105
0.0547341
-0.0543121
-0.0226600
0.0169013
0.0466038
0.0261476
0.0265782
-0.0386276
-0.0014283
0.0405605
0.0050459
0.0105386
-0.0210693
-0.0210306
0.0438046
-0.0437701
0.0566760
-0.0089278
0.0196380
0.0328561
-0.0480070
-0.0175133
-0.0066886
-0.0447602
0.0100731
0.0502772
-0.0401201
-0.0577958
0.0395332
-0.0336234
-0.0006181
-0.0280914
-0.0057493
0.0649385
-0.0058404
0.0453190
0.0126139
0.0478749
-0.0560110
-0.0382815
0.0432290
0.0085038
0.0405764
0.0053666
0.0320624
0.0404120
0.0010883
0.0229197
0.0652985
-0.0338606
0.0662522
0.0439629
0.0977587
0.0243617
-0.0588403
-0.0625416
-0.0863564
-0.0242753
0.0038737
-0.0195347
-0.0759625
-0.1863145
0.0299737
0.1909966
0.2080271
0.1410340
-0.0249839
-0.1070697
-0.0855884
-0.0825855
-0.0269760
-0.0345749
0.0019004
0.0084193
-0.0330650
0.0730631
0.0535122
0.0660958
0.0780988
-0.0111366
0.0320975
-0.0044222
-0.0466876
0.0321390
-0.0635201
0.0412827
-0.0004782
-0.0511598
-0.0370659
-0.0159091
-0.0293198
-0.0428984
0.0444681
-0.0312505
-0.0247778
0.0074422
-0.0347672
-0.0352571
0.0064358
0.0155542
0.0425264
-0.0624540
-0.0283333
0.0180939
-0.0527005
-0.0228501
0.0150002
-0.0471141
0.0485484
0.0006998
0.0178533
-0.0448892
-0.0366700
0.0354896
0.0178955
-0.0188029
0.0043708
0.0156714
-0.0442669
-0.0464652
-0.0542963
0.0033247
0.0272666
-0.0252327
0.0410903
-0.0580338
-0.0193786
0.0416520
-0.0229126
-0.0396801
0.0581885
0.0166526
-0.0210645
0.0313196
0.0629836
-0.0457551
0.0278030
-0.0203264
-0.0520535
0.0426161
0.0266422
-0.0522621
0.0422683
-0.0610966
-0.0620070
0.0373991
-0.0434111
0.0243041
0.0106052
-0.0146344
0.0176365
-0.0184404
0.0701859
0.0612023
-0.0366982
0.0088615
-0.0755435
0.0279363
-0.0086654
-0.0835038
-0.0225366
0.0322563
0.0434042
0.0154757
-0.0193798
0.0297976
0.0910955
0.0615531
0.0993628
0.1129247
0.0663674
-0.0114079
-0.1058998
-0.1897233
-0.1858895
-0.1910985
-0.0561810
0.1000524
0.1806698
0.2731224
0.1253920
0.0403596
-0.0760476
-0.0224793
-0.1215383
-0.0546128
-0.0350604
0.0014594
-0.0059762
0.0305495
0.0221265
0.0100353
0.0264828
0.0721253
-0.0155223
0.0049051
0.0402459
0.0032029
-0.0550845
0.0277552
-0.0148589
-0.0583088
-0.0108959
0.0056256
-0.0441795
-0.0284283
-0.0525629
-0.0462675
0.0596892
-0.0082292
-0.0169604
-0.0056544
-0.0392739
0.0156804
0.0163669
0.0396142
0.0317912
-0.0397585
0.0194769
0.0506363
0.0209777
-0.0194109
0.0328273
-0.0185705
0.0068183
0.0609548
0.0048813
0.0000952
0.0502316
0.0258218
-0.0134332
0.0218193
-0.0221570
-0.0376511
-0.0295389
-0.0139904
0.0499746
-0.0339273
-0.0525812
0.0019006
0.0230881
-0.0508685
-0.0342739
-0.0020588
-0.0042713
0.0325496
-0.0324997
0.0094594
-0.0447868
0.0571005
0.0451986
0.0567821
-0.0384578
-0.0190488
0.0502495
-0.0089593
-0.0304975
0.0086319
0.0284899
-0.0087833
0.0262627
0.0192453
-0.0398280
-0.0228249
0.0374640
0.0586095
-0.0036027
0.0535207
0.0665099
0.0158747
0.0007193
-0.0444347
-0.0410866
0.0302365
-0.0649375
-0.0612944
0.0096542
0.0307544
-0.0151631
-0.0657224
0.0334904
0.0461789
0.0604979
0.0469563
0.0974813
0.0578279
0.0947579
0.0052453
0.0325781
-0.0185299
-0.0793634
-0.1469635
-0.1828134
-0.2634213
-0.0943369
0.0346566
0.1733795
0.1922791
0.1702293
0.1142642
-0.0495274
-0.0292636
-0.0727289
-0.1260930
-0.0835337
-0.0296425
-0.0346882
-0.0055914
-0.0417088
-0.0238014
-0.0089289
-0.0066317
0.0917736
0.0232438
-0.0331190
0.0165300
0.0091213
-0.0184575
-0.0000659
-0.0622546
-0.0627909
-0.0403686
-0.0553239
0.0507011
0.0575796
0.0506663
0.0559830
0.0554324
0.0610087
0.0293383
0.0403011
-0.0271872
0.0560571
-0.0222999
-0.0280493
0.0034864
0.0142491
-0.0563202
-0.0312921
0.0412422
0.0122253
-0.0023377
-0.0110336
0.0048314
-0.0525397
0.0028283
0.0506035
0.0017466
-0.0042157
-0.0439791
-0.0186490
0.0182477
-0.0385373
-0.0196981
-0.0021243
-0.0238708
0.0313757
-0.0523529
0.0516167
-0.0135558
0.0276955
-0.0440777
-0.0480664
-0.0497193
-0.0318025
-0.0010237
-0.0355349
-0.0505734
-0.0288889
-0.0215694
-0.0373675
-0.0303872
-0.0473194
-0.0177252
-0.0220213
-0.0324778
-0.0027442
-0.0243644
-0.0253755
0.0184232
-0.0065124
-0.0261865
-0.0227593
0.0502293
-0.0082615
0.0236241
0.0639537
-0.0219090
0.0703300
0.0051320
-0.0066489
0.0311843
0.0443450
-0.0250386
-0.0119927
-0.0065016
-0.0754423
-0.0486260
0.0206822
0.0311457
-0.0267650
0.0797466
-0.0069857
0.0801379
0.0239302
0.1029650
-0.0062766
-0.0158851
-0.0654893
-0.1165947
-0.2023160
-0.1812136
-0.1817764
0.0405359
0.1663042
0.2394672
0.2374076
0.1407439
-0.0089631
-0.0658465
-0.1120793
-0.0753042
-0.0731479
-0.0196525
-0.0072804
-0.0194211
0.0226007
-0.0078041
-0.0158495
-0.0156953
0.0574653
0.0071898
-0.0165501
-0.0356091
0.0313832
-0.0683354
0.0382938
-0.0197610
0.0308020
0.0090530
0.0076321
0.0423703
0.0083683
0.0504544
0.0593761
-0.0077384
0.0135718
0.0255435
0.0362757
0.0340894
-0.0410003
0.0451648
0.0443472
0.0122458
0.0327968
0.0369311
0.0227382
-0.0006681
0.0525153
0.0483661
-0.0491742
-0.0388799
0.0280605
-0.0264708
-0.0037585
-0.0433859
0.0314598
0.0204922
0.0537197
-0.0456539
0.0237598
-0.0543744
0.0078705
-0.0072989
0.0395541
-0.0384641
0.0107432
0.0362632
-0.0332090
0.0396799
-0.0330857
0.0117223
0.0486485
0.0237177
-0.0296848
-0.0291393
-0.0422864
0.0367798
0.0290645
-0.0250374
-0.0225189
-0.0041844
-0.0186082
0.0445204
-0.0568619
-0.0373811
-0.0408511
0.0017999
-0.0152023
0.0391284
-0.0111552
0.0521872
0.0271937
0.0679211
0.0023184
0.0700776
0.0120436
0.0385189
0.0157936
-0.0026345
-0.0375379
0.0254407
-0.0314004
-0.0024587
0.0253572
-0.0255208
-0.0258791
-0.0233636
0.0680198
0.0531042
0.0784015
0.0432603
0.1240880
0.0438426
0.0259700
-0.0636398
-0.1051881
-0.1768214
-0.3387928
-0.2386392
-0.0389010
0.3326925
0.4445517
0.3178935
0.0326764
-0.0714018
-0.0883330
-0.0626017
-0.0748341
-0.1278440
-0.1075097
-0.0432920
-0.0316202
0.0563525
0.0904225
0.0773512
0.0906729
0.1125852
0.0977157
0.0602937
-0.0284625
-0.0084125
-0.0439009
-0.0383985
-0.0893436
0.0227106
0.0219654
-0.0637283
0.0159944
0.0610012
0.0057687
-0.0297386
-0.0370977
0.0582011
0.0087167
0.0476858
0.0499468
-0.0584426
-0.0183211
-0.0622238
-0.0042146
0.0275320
-0.0189716
0.0325771
-0.0603055
-0.0168908
-0.0577949
0.0162615
0.0511817
0.0068496
0.0062017
0.0470903
0.0186113
-0.0348073
0.0512153
0.0452925
0.0267643
0.0150040
0.0050348
-0.0430966
-0.0499379
0.0346434
0.0278013
0.0519566
0.0190393
-0.0053831
0.0127967
-0.0252665
-0.0278417
-0.0036271
-0.0346962
-0.0522285
0.0021754
-0.0162315
-0.0443445
0.0198742
-0.0295152
0.0564808
0.0425213
0.0255744
0.0477038
-0.0054229
-0.0037260
0.0305771
-0.0411943
0.0367545
0.0255527
0.0201096
0.0025255
0.0022581
0.0127460
-0.0289350
-0.0146934
-0.0073345
0.0481915
0.0220469
-0.0456270
-0.0274438
0.0200473
-0.0167932
-0.0264461
-0.0353680
-0.0329446
0.0220402
-0.0196669
0.0661224
0.0405974
0.0195565
0.1029984
0.0874517
0.1173494
0.0234198
0.0317507
0.0076010
-0.1333643
-0.1434881
-0.2558388
-0.0973623
0.0063995
0.1763890
0.1849736
0.2185772
0.1087933
0.0631128
-0.0480884
-0.1012038
-0.1390544
-0.1635779
-0.0888815
0.0061121
-0.0546331
0.0424030
-0.0020817
0.0442418
0.0531317
0.0125674
0.0507004
0.0417515
0.0144680
-0.0127813
-0.0175627
-0.0554914
0.0055172
-0.0711566
-0.0324118
0.0292998
-0.0190036
-0.0040422
0.0052378
0.0393224
0.0213955
0.0135071
0.0076249
0.0206441
-0.0418854
0.0449659
0.0359263
-0.0468755
-0.0409615
0.0449506
-0.0077399
0.0281548
0.0048371
0.0487027
0.0016804
-0.0180719
-0.0272117
0.0138029
0.0385599
-0.0312916
0.0115996
0.0014174
0.0520236
-0.0230491
0.0344521
-0.0170137
0.0356567
-0.0423648
0.0568003
-0.0124928
-0.0015725
-0.0281505
0.0222293
0.0196734
-0.0041268
-0.0520227
-0.0143007
0.0383474
0.0506574
0.0162186
-0.0482544
-0.0148603
-0.0302170
0.0625401
0.0526588
-0.0236855
0.0573303
0.0482051
0.0332756
0.0424068
-0.0591807
0.0360815
-0.0307151
0.0074342
-0.0058760
0.0042186
0.0057001
-0.0395436
-0.0479438
-0.0379128
-0.0034577
0.0164598
0.0725981
0.0260702
-0.0213106
0.0185351
0.0393871
0.0304394
-0.0655728
0.0254379
-0.0308432
-0.0831838
-0.0656224
-0.0215920
0.0461348
0.0748813
0.0120620
0.0764312
0.1262381
0.0996913
0.1017155
0.0586959
-0.0890212
-0.0799312
-0.2400457
-0.1818750
-0.1119998
0.0112976
0.2032369
0.2676482
0.2175612
0.1451454
-0.0455329
-0.0871538
-0.0736771
-0.1452439
-0.0920040
-0.0327330
-0.0180002
-0.0524095
-0.0189980
-0.0191067
0.0351101
0.0676491
0.0808640
-0.0237456
0.0399025
0.0560008
-0.0311352
-0.0421336
-0.0631325
-0.0193046
-0.0291158
0.0298687
0.0271942
0.0164121
-0.0118238
0.0162855
0.0677787
-0.0020386
-0.0024049
-0.0138066
0.0199492
-0.0001944
-0.0537210
-0.0133463
-0.0492937
0.0332975
0.0509573
-0.0637702
-0.0008707
-0.0398561
0.0455577
-0.0204041
0.0551766
0.0594865
0.0193381
-0.0268620
-0.0110065
-0.0422194
0.0205534
-0.0371428
0.0160697
0.0095556
0.0480900
0.0351815
-0.0422055
-0.0317291
0.0151916
0.0444270
-0.0498383
-0.0053235
0.0032595
0.0563252
0.0048076
0.0362141
-0.0519380
-0.0470029
-0.0031818
0.0149546
-0.0355750
0.0396070
0.0250277
0.0283793
-0.0252308
-0.0463380
-0.0221167
-0.0280694
-0.0362768
-0.0134783
0.0133709
0.0480581
0.0144484
-0.0000398
0.0088801
0.0458997
-0.0024379
0.0713638
0.0758295
0.0357455
-0.0398889
-0.0393693
0.0525555
-0.0646610
-0.0180247
-0.0114711
-0.0060118
-0.0297139
-0.0205038
-0.0743047
-0.0060908
-0.0206327
0.0212163
0.0044148
0.1103876
0.1263173
0.0684940
0.0114953
0.0077032
-0.0188230
-0.1222574
-0.1803395
-0.2943305
-0.1399647
-0.0168275
0.1383709
0.2936427
0.3023701
0.1979097
0.0544661
-0.0118340
-0.0732491
-0.1735160
-0.1015973
-0.0687833
-0.0088293
-0.0687019
0.0354957
0.0884487
0.0851439
0.0098952
-0.0039339
-0.0003246
0.0009265
-0.0403346
0.0202178
0.0096291
0.0003989
-0.0014329
0.0222917
-0.0167970
-0.0459275
0.0461390
-0.0051085
0.0444919
0.0379438
0.0714194
0.0444771
-0.0136817
0.0306974
-0.0232290
0.0063164
-0.0516924
-0.0546739
0.0213769
0.0090819
0.0433125
0.0296111
0.0340785
-0.0571908
-0.0282489
-0.0327894
0.0619091
0.0198189
0.0246834
-0.0060558
-0.0134314
0.0526635
-0.0406050
0.0101029
0.0031676
-0.0007865
0.0022701
0.0495786
-0.0354696
-0.0283044
-0.0516824
0.0096972
0.0281529
0.0350445
0.0138596
-0.0370932
-0.0072560
-0.0389145
-0.0083913
0.0442261
-0.0088174
0.0424143
0.0507834
-0.0059171
0.0600336
0.0227978
-0.0244260
0.0569662
-0.0375705
-0.0535865
-0.0445223
-0.0136094
0.0092922
-0.0145626
0.0050914
0.0344765
-0.0561655
-0.0030647
-0.0432056
-0.0041821
0.0102629
0.0692427
0.0010732
-0.0285551
0.0582818
-0.0279360
0.0367711
0.0071824
0.0330605
0.0233316
-0.0770288
-0.0762365
-0.0034822
-0.0590625
0.0295512
0.0567859
0.0154157
0.0499679
-0.0021720
0.0679354
0.1186755
0.0251249
0.0637287
-0.0046707
-0.0363778
-0.1946468
-0.1414309
-0.1594787
-0.0316491
0.0741797
0.1876757
0.2271332
0.1340531
0.0156587
0.0489341
-0.0588074
-0.0550947
-0.1560562
-0.1186494
-0.0307051
0.0064434
0.0491420
0.0034823
0.0127296
0.0344862
0.0423269
0.0887805
0.0517599
-0.0377115
-0.0466379
-0.0138462
-0.0073938
0.0213104
-0.0684538
0.0123654
0.0408299
0.0135629
-0.0016503
0.0384413
-0.0383683
-0.0399684
0.0461140
-0.0426726
0.0345604
0.0461152
-0.0462427
-0.0556455
0.0049204
0.0041904
-0.0115728
-0.0508983
0.0340296
0.0117158
0.0105739
-0.0364745
-0.0011750
-0.0436615
-0.0165308
-0.0087064
0.0447735
0.0411243
-0.0464451
-0.0218371
0.0011670
0.0204438
0.0398117
0.0495532
-0.0229952
0.0546735
-0.0224825
0.0444860
0.0306813
-0.0162992
0.0397878
-0.0428559
0.0143629
0.0360199
-0.0381677
-0.0476152
0.0281987
0.0430071
0.0101483
0.0026641
0.0476706
-0.0527452
-0.0383272
0.0171608
-0.0362184
-0.0101761
-0.0267787
0.0311528
-0.0175186
-0.0147945
-0.0045469
0.0053440
0.0116269
0.0196814
-0.0265514
-0.0148120
-0.0350140
0.0290643
0.0196355
-0.0276973
0.0162829
-0.0047366
-0.0448176
-0.0650600
-0.0150060
-0.0048162
0.0569757
-0.0185848
0.0923747
0.0240243
0.0413002
0.0801537
0.0208159
0.0683433
0.0701558
-0.0943015
-0.2151118
-0.3164038
-0.2513730
-0.1151038
0.1021519
0.1518661
0.1662984
0.0778508
