-0.0090251
0.0062537
0.0026082
0.0231815
0.0330800
-0.0171920
0.0122474
0.0108223
-0.0020503
0.0043188
0.0151248
-0.0553855
-0.0237034
-0.0558690
0.0412725
-0.0164932
-0.0371838
0.0513119
-0.0186199
0.0374490
0.0131579
0.0523773
-0.0216945
0.0109966
-0.0364759
0.0148892
-0.0309204
-0.0424082
0.0049750
-0.0366518
-0.0095443
0.0091189
-0.0250640
0.0097350
0.0050762
0.0410152
0.0342884
-0.0304433
-0.0242004
0.0494646
-0.0515858
0.0304087
-0.0087351
-0.0013928
0.0155995
-0.0655320
-0.0210508
0.0314039
0.0428987
0.0063316
0.0783561
0.0359171
0.0878977
-0.0028368
0.0465346
-0.0117815
0.0044586
-0.1139321
-0.0786834
-0.1073435
-0.0430754
0.0311643
0.0381934
0.1156496
0.1552317
0.1614520
0.0166301
0.0328626
-0.0741726
-0.1300879
-0.1093775
-0.0415748
-0.0747487
-0.0077822
-0.0298506
-0.0267144
0.0246842
0.0726760
-0.0124819
0.0711342
-0.0216992
0.0302500
0.0458304
0.0028891
0.0028181
0.0344227
-0.0230948
-0.0446525
0.0095058
0.0116687
0.0458790
-0.0292464
0.0477321
0.0450262
-0.0251095
-0.0004205
0.0103551
0.0132946
-0.0186380
-0.0369203
0.0012588
0.0464965
0.0187694
-0.0204222
-0.0261957
0.0127561
0.0199568
-0.0142517
-0.0172532
0.0413508
0.0410196
-0.0293008
0.0405676
-0.0085619
-0.0002297
0.0012485
0.0480504
0.0202627
-0.0379677
0.0206120
0.0275959
0.0496171
0.0128221
-0.0500920
-0.0050964
-0.0005280
0.0397611
0.0109651
0.0339767
0.0092203
0.0350484
-0.0283088
0.0184571
-0.0354570
-0.0452023
0.0429485
0.0472625
0.0401774
0.0037509
0.0251672
-0.0319620
0.0430292
0.0033504
-0.0340047
0.0349929
-0.0519989
-0.0451690
0.0100137
0.0082105
0.0559752
0.0571175
0.0440943
0.0499384
0.0445981
-0.0196512
0.0471203
-0.0589345
-0.0459101
0.0212985
-0.0279377
-0.0321734
0.0068418
0.0391783
0.0222856
0.0244724
0.0729234
-0.0197559
0.0584487
0.0578125
0.0467656
-0.0045896
-0.0685152
-0.0711857
-0.0169637
-0.0163245
-0.0005762
-0.0178532
-0.0554027
0.0276349
0.0494732
0.1693874
0.1737595
0.0910062
0.0009656
-0.1095777
-0.0369296
-0.0264588
-0.0866297
-0.0847327
0.0219400
0.0067440
-0.0235894
0.0462585
0.0161967
-0.0028265
0.0352889
-0.0354220
-0.0414756
-0.0042111
-0.0091187
-0.0602036
-0.0258401
0.0351882
0.0224982
0.0349698
-0.0446087
-0.0500424
-0.0359456
0.0109866
-0.0110524
-0.0348278
0.0082519
-0.0445902
-0.0021694
0.0315260
-0.0016259
0.0485222
-0.0440059
-0.0285245
-0.0149219
0.0120326
-0.0109507
-0.0109031
0.0216630
0.0133494
-0.0461942
-0.0145889
-0.0431085
-0.0237679
-0.0491028
-0.0450769
0.0247353
0.0539362
-0.0209982
-0.0406450
0.0499721
0.0196007
-0.0396225
-0.0494784
0.0081902
0.0097731
0.0135600
-0.0025016
-0.0426820
0.0105926
-0.0003757
0.0144148
0.0566021
0.0061184
0.0042630
0.0251794
-0.0511737
-0.0079949
-0.0403681
-0.0466888
-0.0293205
-0.0219310
-0.0526005
-0.0335655
-0.0445931
-0.0040044
0.0304061
0.0081026
0.0374078
-0.0208720
0.0668755
0.0188576
-0.0374262
0.0179729
0.0353868
-0.0502010
-0.0336644
0.0273418
0.0150001
-0.0265840
-0.0239793
0.0168991
-0.0184145
0.0702305
0.0323238
0.0918856
0.0930121
0.0171841
0.0736586
0.0236103
-0.0643789
-0.0643064
-0.1531045
-0.1615843
-0.0918512
0.0095081
0.0225134
0.0940192
0.0915442
0.1070386
0.1256923
0.0518801
0.0113205
-0.0723162
-0.1336175
-0.0523104
-0.0232155
0.0011533
0.0366804
0.0289100
-0.0162344
0.0359391
0.0019768
0.0267885
-0.0198505
0.0302077
0.0138277
0.0028063
0.0128745
0.0248456
-0.0204680
-0.0226199
0.0231770
0.0146152
-0.0560304
-0.0386769
-0.0238835
0.0068757
-0.0146267
0.0176575
0.0506936
-0.0367389
-0.0263498
0.0529518
0.0083314
-0.0182779
-0.0454691
-0.0059913
0.0205293
0.0279874
-0.0059119
0.0277469
0.0169583
-0.0027597
0.0408267
0.0458024
-0.0282899
-0.0194665
0.0490829
0.0441667
-0.0148070
-0.0131464
-0.0339952
0.0196114
-0.0080886
-0.0457600
-0.0260307
0.0419210
-0.0106452
0.0061572
0.0044807
-0.0326150
0.0405625
0.0236718
-0.0016748
0.0029341
-0.0469541
0.0455321
0.0166014
0.0225606
-0.0332687
-0.0102888
-0.0569441
-0.0165424
-0.0089325
0.0080706
0.0304954
0.0025371
-0.0296584
-0.0428950
0.0270866
-0.0377473
0.0591156
0.0512130
-0.0318808
-0.0229306
0.0484596
-0.0012709
0.0059942
-0.0473816
-0.0649648
0.0110608
-0.0521959
-0.0277198
-0.0075487
0.0380706
-0.0160025
0.0772707
0.0268875
0.0953767
0.0401358
0.0336174
0.0611065
0.0252934
-0.0943001
-0.1363522
-0.2650933
-0.1263225
0.0288483
0.1110544
0.1963831
0.1319732
0.0317457
0.0346169
0.0223141
0.0053951
-0.1030757
-0.0563148
-0.0477076
-0.0749764
-0.0127391
0.0529294
0.0334212
0.0428123
0.0391344
0.0919129
-0.0088985
0.0155180
0.0319543
-0.0106359
-0.0562878
0.0109054
-0.0044780
-0.0090826
-0.0380346
0.0068989
0.0422159
0.0459525
-0.0150994
-0.0287892
0.0553211
-0.0171823
-0.0247337
-0.0311195
0.0006712
0.0097558
-0.0235253
-0.0034700
0.0023352
0.0469685
0.0322558
-0.0544225
0.0222065
0.0001130
0.0087353
-0.0018311
-0.0136781
-0.0022009
-0.0194285
0.0461215
0.0282843
0.0251316
-0.0423849
-0.0105275
0.0444092
0.0488833
0.0086827
-0.0441915
0.0362426
-0.0385139
-0.0356708
0.0120140
-0.0388021
-0.0539217
0.0301604
0.0183338
-0.0267378
0.0249843
0.0458398
-0.0188059
0.0029129
-0.0133324
0.0301801
0.0295225
0.0428149
-0.0268492
-0.0063702
0.0109270
-0.0071512
0.0286519
0.0206835
-0.0101990
-0.0402231
0.0271957
-0.0107152
-0.0002119
0.0617662
-0.0285090
0.0431513
-0.0343450
-0.0291756
0.0163125
0.0287362
-0.0772358
-0.0590833
-0.0111722
-0.0222556
0.0267274
-0.0493444
-0.0090389
0.0162677
0.0868213
0.0111461
0.0139549
0.0480261
0.0236065
0.0153059
0.0021949
0.0160796
-0.1009899
-0.1669126
-0.2723395
-0.2262450
-0.0167856
0.2585098
0.3009709
0.1799414
0.0594129
-0.0679171
-0.0262894
-0.1312095
-0.1390124
-0.1021717
-0.1360863
-0.0960982
0.0407241
-0.0279877
-0.0032227
0.0678613
0.0059855
0.0633266
-0.0049876
0.0673485
0.0524773
-0.0378093
0.0037227
-0.0639605
-0.0481130
-0.0624960
0.0265226
-0.0379096
0.0278400
-0.0482318
0.0446746
-0.0204260
0.0153866
-0.0359836
0.0603911
-0.0392034
0.0178211
-0.0033109
-0.0124947
0.0244831
-0.0418540
-0.0547779
0.0257021
0.0388593
-0.0466974
0.0169332
0.0211358
-0.0444283
0.0263777
0.0515245
-0.0189464
-0.0100261
-0.0417897
0.0439163
-0.0264723
0.0289218
-0.0422951
0.0101983
-0.0431195
-0.0454981
-0.0361474
-0.0023588
-0.0144587
0.0170202
-0.0007323
0.0063398
0.0452397
0.0111304
0.0386594
0.0554735
0.0509494
0.0252129
0.0073624
-0.0356055
-0.0277114
0.0083368
0.0092096
-0.0130877
-0.0227014
-0.0235441
-0.0522400
-0.0230081
-0.0214898
-0.0578322
-0.0136431
-0.0465999
-0.0023363
-0.0357923
-0.0350605
0.0566258
-0.0364952
0.0071724
0.0462888
0.0148195
0.0040979
0.0217098
0.0053100
0.0083949
-0.0208964
0.0147772
-0.0067778
-0.0039668
-0.0141267
0.0668993
0.0353538
0.0988334
0.0638027
0.0794602
0.0142686
-0.0138149
-0.0674111
-0.1378830
-0.1913245
-0.1623360
-0.0578967
0.1873987
0.2158431
0.2615596
0.1446257
-0.0334967
-0.0392178
-0.0227167
-0.0329024
-0.1377477
-0.1087924
-0.0328197
-0.0190816
0.0275849
0.0231278
0.0014333
-0.0027808
0.0514132
-0.0011470
0.0501724
0.0076763
-0.0326546
0.0312474
-0.0207983
-0.0656995
-0.0503243
-0.0681010
0.0047857
0.0305083
-0.0012762
-0.0083795
0.0212865
-0.0400210
0.0614149
0.0467965
0.0112575
0.0585945
-0.0078285
0.0025538
-0.0394651
-0.0423839
0.0397199
-0.0563039
-0.0592881
-0.0411334
-0.0452382
-0.0111547
0.0023311
-0.0133209
-0.0141098
0.0309199
0.0148199
-0.0137496
-0.0192511
-0.0280402
0.0311431
-0.0110591
0.0451383
-0.0236415
0.0374895
-0.0395679
0.0291245
-0.0350110
-0.0385780
0.0073704
-0.0061049
0.0294358
-0.0049864
-0.0154553
0.0110038
-0.0043282
0.0375016
0.0111966
0.0216380
0.0257818
-0.0065485
-0.0006414
0.0414642
0.0129789
-0.0545247
0.0291369
-0.0232133
-0.0515545
-0.0224109
0.0332773
-0.0414474
-0.0117283
-0.0190153
-0.0143522
-0.0335293
-0.0163877
0.0214415
0.0192531
0.0348349
-0.0081879
-0.0481169
-0.0342868
-0.0380151
-0.0618702
-0.0535697
-0.0524654
-0.0080064
-0.0591540
-0.0047592
-0.0254452
-0.0141107
0.0639175
0.0490242
0.0496585
0.0164717
-0.0004135
0.0203547
-0.0209784
-0.0812639
-0.1314673
-0.1383476
-0.0143584
0.1183459
0.1101847
0.2151295
0.1449065
0.0962340
-0.0437095
-0.0016644
-0.0559841
-0.1278333
-0.0460729
-0.0563127
0.0025791
0.0015221
-0.0067668
0.0410412
0.0160718
0.0496761
0.0353015
-0.0125574
-0.0289998
-0.0213767
-0.0281391
-0.0171939
-0.0071181
-0.0003261
-0.0234978
-0.0469795
0.0373524
-0.0497477
0.0309351
0.0171272
0.0416865
0.0313694
0.0098600
-0.0148721
0.0057927
0.0190917
-0.0198803
-0.0008908
-0.0106503
-0.0087447
-0.0356624
0.0280843
0.0471369
-0.0511495
0.0363067
-0.0161246
-0.0201125
0.0158683
-0.0244780
-0.0437325
0.0323386
-0.0064553
-0.0096526
-0.0177251
0.0298733
0.0243881
0.0448713
-0.0486859
-0.0007316
0.0020174
-0.0202778
-0.0333515
0.0155184
0.0513258
0.0393363
-0.0256695
0.0527064
-0.0412535
0.0452067
-0.0019299
0.0377656
-0.0293604
-0.0200131
0.0348068
-0.0012065
0.0268956
-0.0285721
0.0161823
-0.0203018
-0.0255584
-0.0588751
-0.0321196
-0.0558233
-0.0073357
-0.0121084
0.0524146
0.0504384
-0.0046984
0.0119778
0.0168727
0.0141470
0.0487905
-0.0386863
0.0402433
-0.0551026
-0.0330512
-0.0124933
-0.0600037
-0.0129657
0.0115395
0.0198411
-0.0066553
0.0569094
0.0805002
0.0461059
0.0855837
0.0475148
0.0307517
0.0463784
-0.0523826
-0.0707882
-0.1504227
-0.1439141
-0.0324728
0.0784100
0.0733005
0.1200667
0.1144130
0.1280323
0.0000432
0.0024502
-0.0644935
-0.1355957
-0.0649561
-0.0316593
-0.0281274
0.0028240
-0.0347156
-0.0097130
0.0743844
0.0713784
0.0559390
0.0405810
0.0321675
-0.0254103
-0.0052047
-0.0125180
0.0082664
-0.0271658
-0.0192101
-0.0246459
-0.0411611
0.0008705
-0.0242141
-0.0418578
-0.0458513
0.0124722
0.0383251
-0.0139840
0.0591036
0.0221333
-0.0218291
-0.0267401
-0.0190156
-0.0098091
-0.0300689
-0.0163713
0.0428966
-0.0188968
-0.0365815
0.0216623
0.0098059
-0.0014760
0.0335773
-0.0324139
-0.0441305
0.0044573
-0.0415548
0.0338630
-0.0413128
-0.0305205
-0.0452174
-0.0287214
0.0113985
-0.0034153
-0.0127920
-0.0289011
0.0387507
0.0511078
0.0237016
0.0089430
-0.0190894
-0.0343233
0.0471030
0.0188467
0.0078190
-0.0057492
-0.0105331
0.0086034
0.0563115
0.0395395
-0.0397145
-0.0285714
0.0186055
-0.0097377
0.0016613
0.0051705
0.0420713
-0.0442954
0.0411601
0.0245310
0.0224177
-0.0312693
0.0677786
-0.0052943
0.0572410
0.0045763
-0.0510677
0.0190807
-0.0639102
-0.0342666
-0.0689485
-0.0040416
-0.0490877
-0.0218853
0.0331062
-0.0060010
-0.0120625
0.0302992
0.0321656
0.0613212
0.0529079
-0.0013982
0.0223149
-0.0402584
-0.1331593
-0.1454044
-0.2005669
-0.0151468
0.0582973
0.1403457
0.1918994
0.0784781
0.1227194
0.0106531
0.0197597
-0.0114584
-0.1227963
-0.0993481
-0.0738883
-0.0872330
-0.0513104
-0.0051691
-0.0260314
-0.0026351
0.0148241
0.0623740
0.0266752
-0.0021013
-0.0333307
0.0306653
0.0173674
-0.0398227
-0.0174983
-0.0165823
-0.0036947
-0.0218976
-0.0045038
0.0310442
0.0202140
0.0333163
0.0576790
-0.0074493
0.0414910
-0.0090877
0.0152662
-0.0270672
-0.0330588
0.0362863
0.0088516
-0.0447383
0.0490858
-0.0436692
0.0264322
-0.0129005
-0.0314570
-0.0236462
-0.0043499
0.0042623
-0.0013780
-0.0322684
-0.0059978
-0.0103113
-0.0454619
-0.0306404
0.0280709
0.0480068
-0.0198275
-0.0011344
-0.0197917
-0.0284433
-0.0470955
0.0422354
-0.0259493
0.0358728
0.0350210
0.0335835
0.0077198
0.0389819
0.0543128
0.0461727
-0.0425466
-0.0156483
0.0045045
-0.0189033
-0.0011891
0.0166738
-0.0028887
0.0074695
0.0275006
-0.0121971
0.0197853
-0.0060967
0.0436882
0.0218291
0.0111098
0.0167930
-0.0089140
0.0579176
0.0554445
-0.0350153
-0.0443231
-0.0160865
0.0217323
-0.0236071
0.0260303
-0.0657297
0.0309668
-0.0478293
-0.0408513
0.0424247
0.0060715
-0.0290905
0.0166600
0.0877207
0.0636468
0.0334937
0.0768596
0.0121561
0.0261757
-0.0423556
-0.1663704
-0.1235403
-0.0857383
-0.0282941
0.1443045
0.2187512
0.1257533
0.1038108
0.0529254
-0.0004245
-0.0220447
-0.1381891
-0.0844374
-0.0840414
0.0103097
-0.0609419
-0.0078582
-0.0079185
0.0203158
-0.0125395
-0.0003426
0.0426790
0.0184161
0.0354779
-0.0030372
0.0010139
-0.0406414
-0.0057123
-0.0641777
-0.0304156
-0.0506130
-0.0514643
0.0120276
-0.0427458
-0.0043286
-0.0308331
-0.0267820
0.0335697
0.0482989
0.0370364
-0.0298494
0.0246212
-0.0243475
-0.0464944
-0.0270819
-0.0489796
0.0203505
-0.0121034
-0.0040567
0.0237406
-0.0083586
0.0442827
-0.0073565
-0.0345892
-0.0209214
-0.0029471
0.0127547
-0.0209870
0.0167741
0.0329504
-0.0409821
0.0465660
-0.0383998
-0.0273411
0.0113615
-0.0004776
-0.0270689
0.0237236
-0.0078453
-0.0110469
-0.0539511
-0.0534729
0.0349652
-0.0513607
0.0434128
-0.0102495
-0.0355804
-0.0163069
-0.0202697
0.0375845
0.0037095
-0.0041657
-0.0209848
0.0484250
0.0205644
-0.0022525
0.0132326
-0.0557485
0.0341322
-0.0302885
-0.0003304
0.0502620
-0.0004456
0.0170402
0.0177454
-0.0358221
-0.0003204
0.0435663
-0.0357966
0.0204537
-0.0236423
-0.0067724
0.0197695
-0.0603254
0.0322756
-0.0557754
0.0578553
0.0285304
0.0131351
0.0892099
0.0807740
0.1028071
0.0659832
0.0227880
-0.0140938
-0.1013758
-0.1173298
-0.0927471
-0.0573450
-0.0060261
0.1471959
0.1468686
0.1776600
0.0672383
0.0383123
-0.0031296
-0.0459991
-0.1366833
-0.0854180
-0.0810061
-0.0699767
0.0203624
0.0534652
0.0723386
0.0227831
0.0131848
-0.0183170
0.0432432
0.0109920
-0.0440401
-0.0449841
-0.0509734
-0.0548945
-0.0431775
-0.0416388
0.0337238
-0.0062604
-0.0450768
-0.0286789
0.0367178
0.0558919
-0.0223606
0.0274721
0.0268003
0.0445604
-0.0434093
-0.0292767
-0.0037539
0.0288084
