-0.2208150
-0.2389550
-0.1779378
-0.0128373
0.2056283
0.2458042
0.1892847
0.1188201
0.0778400
-0.0285802
-0.1282324
-0.1946123
-0.2891604
-0.2715082
-0.2414537
0.0348650
0.3083784
0.5027099
0.3691332
0.0078183
-0.2377686
-0.2892878
-0.0841278
-0.0307338
0.0291486
-0.0907590
0.0292689
0.0890844
0.0172675
0.0775340
0.0563969
-0.0156654
-0.0174130
0.0086990
-0.0099822
0.0248072
0.0171937
-0.0658267
-0.0268292
0.0404626
-0.0202672
0.0033900
0.0321158
-0.0045090
0.0475232
-0.0168083
-0.0171452
0.0226487
0.0467002
0.0050825
0.0074029
-0.0474258
0.0323511
0.0370035
0.0299916
0.0189560
-0.0159896
0.0432269
-0.0523922
0.0017860
-0.0101763
-0.0250762
0.0110838
0.0275514
-0.0397586
0.0415190
0.0419063
0.0041499
-0.0592369
-0.0477957
-0.0059009
-0.0474490
0.0392868
-0.0487724
0.0171230
0.0466312
-0.0067571
0.0437757
-0.0183669
-0.0298435
-0.0022773
-0.0120196
0.0260399
0.0128791
0.0334060
-0.0607642
0.0161351
-0.0313059
-0.0252869
-0.0438755
0.0427834
0.0438576
0.0643103
-0.0222457
0.0361763
0.0516302
-0.0450090
-0.0483432
-0.0030976
0.0264980
-0.0033983
-0.0312412
-0.0757894
0.0118042
-0.0370767
-0.0151564
0.0394954
-0.0170125
0.0383333
0.1032305
0.0377679
0.0766928
0.0842973
0.0337591
0.0295055
-0.0126081
-0.2116304
-0.2527332
-0.2974756
-0.1496071
0.1063708
0.3285959
0.2705433
0.1501450
-0.0086944
-0.1121248
-0.1476855
-0.1562361
-0.0685348
-0.0861517
-0.0298619
-0.0663170
0.0647934
-0.0100855
0.0483112
0.0144908
0.0014202
0.0880202
0.0189190
0.0111417
-0.0431308
-0.0668803
0.0235433
-0.0590044
-0.0449801
-0.0543447
0.0271044
-0.0354677
-0.0421350
0.0058880
-0.0247805
0.0276924
0.0441217
0.0651585
0.0673165
0.0139707
0.0221677
0.0470542
-0.0493404
-0.0657201
0.0047829
-0.0426395
-0.0416418
0.0492809
-0.0203647
0.0125604
-0.0548822
0.0270551
0.0462959
0.0304630
-0.0047713
0.0593470
-0.0175436
-0.0525852
-0.0380608
0.0087193
-0.0500459
0.0359017
-0.0003438
-0.0006513
0.0382892
-0.0167441
-0.0481879
-0.0449622
0.0263059
0.0136368
0.0354045
-0.0342967
0.0395918
0.0155287
0.0182431
0.0360529
-0.0438862
0.0398853
-0.0304857
0.0461406
0.0364668
0.0180480
-0.0128606
0.0184166
-0.0079473
0.0405471
0.0158233
0.0277219
-0.0041864
-0.0110063
-0.0317863
-0.0304008
0.0193621
0.0063873
-0.0164492
-0.0080773
0.0465357
-0.0286037
-0.0440903
0.0185919
0.0026422
-0.0471464
-0.0767131
-0.0133081
-0.0520026
-0.0045666
0.0015734
0.0191879
0.0591642
0.0117447
0.0925637
0.0944212
0.1071525
0.0102153
0.0482333
0.0421458
-0.0362432
-0.1516785
-0.2024906
-0.3158045
-0.1900045
0.0514159
0.2617395
0.3564224
0.2740238
0.1188661
-0.0147420
-0.1144946
-0.0629035
-0.0874621
-0.1114041
-0.0840378
-0.1018067
0.0234417
0.0086210
0.0326816
0.0298754
0.0930213
0.0807420
0.0064995
-0.0316006
-0.0091032
-0.0145854
0.0212677
-0.0736029
-0.0657367
0.0294317
0.0006381
-0.0248331
0.0279471
0.0533582
-0.0259617
0.0407613
0.0679648
-0.0433728
0.0401593
0.0151043
0.0309386
-0.0538362
-0.0327435
0.0364017
0.0502061
0.0303221
0.0351047
-0.0098394
-0.0389643
0.0503022
-0.0424452
0.0284980
-0.0106728
-0.0143537
-0.0233375
-0.0277933
0.0400618
0.0373593
-0.0198363
0.0339352
-0.0247969
0.0180199
0.0109488
0.0128680
0.0106308
0.0552677
0.0192033
0.0364242
0.0397296
0.0324891
-0.0542572
0.0032361
0.0498642
-0.0522511
-0.0449453
0.0328124
0.0227467
-0.0059470
0.0249819
0.0511374
-0.0272723
-0.0357901
0.0238184
-0.0327980
-0.0395724
-0.0149834
-0.0164450
-0.0284494
-0.0161681
-0.0613813
-0.0193275
-0.0553813
0.0166269
-0.0251110
0.0066731
0.0615576
-0.0207438
0.0729766
-0.0007745
-0.0113047
-0.0102450
0.0018439
-0.0685366
-0.0166056
0.0115547
-0.0441934
-0.0621348
-0.0219780
0.0058487
0.0094562
0.0536777
-0.0021534
0.0520000
0.0309636
0.1090433
0.0990215
0.0650452
0.0134983
-0.1363562
-0.1781831
-0.2159577
-0.1031913
-0.0649659
0.0557516
0.2113970
0.2216559
0.1853227
0.0349555
-0.0199525
-0.0246886
-0.0935390
-0.1590461
-0.1164317
-0.0863754
-0.0472430
0.0210366
0.0133298
0.0198470
0.0929044
0.0345704
-0.0069083
0.0075381
-0.0372227
0.0014841
0.0110358
0.0370989
-0.0260567
-0.0274114
-0.0062977
-0.0035701
-0.0643779
0.0300045
0.0159461
0.0414454
-0.0298466
-0.0378634
0.0349323
0.0134238
-0.0322957
0.0298060
0.0494697
-0.0017836
-0.0168596
-0.0565481
-0.0254271
-0.0056523
-0.0177862
0.0079281
0.0473517
0.0614597
0.0053451
0.0339473
-0.0446158
-0.0145886
-0.0348167
0.0109650
-0.0231210
0.0219131
0.0143890
-0.0454422
0.0307205
0.0320965
-0.0277450
-0.0445262
-0.0397858
-0.0251620
-0.0469922
-0.0383796
0.0190630
0.0219610
-0.0078766
0.0045008
0.0541220
-0.0061766
0.0028576
0.0054159
0.0607324
-0.0350175
-0.0171509
0.0472459
0.0615513
-0.0147734
0.0266197
0.0520459
0.0498429
0.0179344
-0.0605248
0.0248918
-0.0645069
-0.0159809
0.0172193
-0.0157077
-0.0343968
-0.0302581
0.0516570
-0.0015760
-0.0037046
-0.0306198
-0.0327708
0.0067792
-0.0312235
-0.0550865
-0.0726398
-0.0212685
0.0055982
-0.0326954
0.0200469
-0.0328396
0.0648012
0.0300270
0.0600394
0.0686189
0.0586470
0.0694726
0.0276508
-0.0086010
-0.0532917
-0.1360981
-0.1259824
-0.2305787
-0.1378795
-0.0368671
0.1041250
0.1699776
0.2032218
0.0945666
0.0457724
-0.0981597
-0.1238444
-0.0477517
-0.1148940
-0.0809373
-0.0041064
0.0040403
0.0210640
0.0816655
0.0960914
0.0074407
-0.0141405
-0.0261760
0.0488399
0.0173581
-0.0360801
-0.0441993
-0.0690188
-0.0353500
-0.0342968
-0.0361184
-0.0669970
-0.0555890
-0.0035796
0.0531776
-0.0352206
0.0165467
0.0578845
0.0479031
0.0615768
0.0551098
0.0477375
-0.0566471
-0.0322709
0.0211012
0.0489911
-0.0519987
0.0265151
-0.0017535
-0.0353627
0.0307133
-0.0493224
0.0491063
0.0518781
-0.0357960
0.0263884
0.0146722
-0.0420166
-0.0122830
-0.0102583
-0.0398413
-0.0286872
-0.0347527
-0.0346684
0.0181868
-0.0309665
-0.0537557
0.0329506
0.0379851
0.0552707
-0.0300658
0.0439432
0.0543197
0.0193819
-0.0416616
0.0226527
-0.0094905
-0.0091442
0.0466352
-0.0504619
0.0552353
-0.0261208
-0.0529935
-0.0152131
0.0527256
0.0206323
-0.0057753
-0.0078155
0.0253839
-0.0271219
0.0487992
0.0417701
0.0456890
0.0199662
-0.0128344
-0.0085624
0.0527913
-0.0029457
-0.0411786
-0.0508438
0.0176071
-0.0149356
0.0392390
-0.0713907
0.0072990
0.0279099
-0.0721131
0.0175598
-0.0148466
0.0711837
0.0464238
0.0390367
0.0409043
0.0976595
0.0533125
-0.0324922
0.0168736
-0.1103139
-0.1041621
-0.2155292
-0.1209701
-0.0695046
0.0965470
0.1701324
0.1758420
0.0948787
0.0447271
-0.0664874
-0.1153668
-0.0604008
-0.1473959
-0.0673824
-0.0258682
-0.0363392
0.0015907
-0.0185920
-0.0098030
-0.0084637
0.0345042
0.0301316
0.0396825
-0.0488986
-0.0531670
0.0027263
-0.0050387
0.0048168
-0.0398137
0.0121070
-0.0201865
0.0165754
0.0483274
0.0149341
0.0623490
-0.0447779
0.0633393
-0.0189310
0.0327386
-0.0477087
-0.0051765
0.0237071
0.0243958
-0.0129596
-0.0503083
-0.0179750
0.0520925
0.0423691
0.0408483
0.0063741
0.0010586
0.0078754
-0.0199907
0.0123240
-0.0537147
0.0542850
0.0412480
0.0470272
0.0433716
-0.0090516
-0.0250002
-0.0469245
-0.0500399
-0.0430313
0.0278643
0.0422266
0.0008472
-0.0102893
-0.0447864
0.0066919
-0.0328335
-0.0062798
-0.0280170
-0.0332236
-0.0010653
-0.0138296
0.0177159
-0.0005376
0.0107913
-0.0418442
-0.0327977
0.0302087
-0.0604652
-0.0585437
-0.0067615
0.0196853
-0.0623602
0.0005332
-0.0228056
-0.0133518
0.0138344
-0.0197690
-0.0352388
0.0041585
-0.0065208
0.0396306
0.0281238
-0.0488559
-0.0341081
-0.0208404
0.0317404
0.0256852
0.0198569
0.0055452
-0.0313614
-0.0064557
0.0556929
-0.0257424
0.0594871
0.0484164
0.1055442
0.1074327
0.0626911
-0.0122495
0.0423181
-0.0632061
-0.0904348
-0.2258663
-0.2117074
-0.0973037
0.0267395
0.2078090
0.1846476
0.1836115
0.0440239
-0.0671264
-0.0582035
-0.0731933
-0.0940557
-0.0814321
-0.0750296
-0.0229351
-0.0156455
0.0509569
0.0529029
0.0654959
0.0732849
0.0728209
0.0019161
0.0554713
0.0567482
0.0479303
-0.0449739
0.0080026
0.0305827
0.0201467
0.0441950
0.0219377
0.0216048
0.0166470
-0.0068938
0.0470412
0.0565970
-0.0319869
-0.0132771
-0.0267317
0.0374896
-0.0334882
0.0306086
0.0425683
0.0247200
-0.0155227
-0.0625231
0.0245495
0.0240724
0.0189613
0.0482045
0.0602277
0.0537899
-0.0522367
0.0112148
-0.0468565
-0.0511647
-0.0142404
0.0296078
-0.0527914
0.0378993
-0.0106698
0.0222287
-0.0584973
0.0214179
-0.0405926
0.0419635
0.0255846
-0.0474858
-0.0300598
0.0244943
0.0290037
-0.0109105
-0.0457005
-0.0149765
0.0365184
-0.0458230
-0.0050236
0.0623275
-0.0372325
0.0380809
0.0092976
0.0567799
-0.0247636
-0.0270530
-0.0555170
-0.0487579
-0.0135834
-0.0544674
-0.0235505
0.0108949
-0.0370278
-0.0028743
0.0488984
0.0671779
0.0032874
0.0410515
-0.0047955
-0.0517750
-0.0235406
-0.0191270
-0.0753239
-0.0457476
-0.0655392
-0.0622306
0.0382874
0.0171621
0.0622379
0.0570488
0.0886695
0.0280936
0.0523852
0.1005113
0.0180554
-0.0008746
0.0194086
-0.0727077
-0.2515208
-0.1847744
-0.0675072
-0.0032255
0.1505172
0.2331828
0.1300521
0.0667514
0.0894118
-0.0303983
-0.0174800
-0.1294303
-0.0647623
-0.1114110
-0.0392926
0.0054811
-0.0551841
0.0421457
0.0962825
0.0506422
0.0675203
0.0730301
-0.0002032
0.0502374
-0.0385409
0.0012338
-0.0200404
0.0117989
-0.0306561
-0.0382391
-0.0445088
0.0385050
0.0101831
-0.0163943
0.0149446
-0.0376077
0.0462993
0.0114604
0.0598936
0.0455330
0.0399068
0.0328312
-0.0068002
-0.0107756
0.0364170
0.0444609
-0.0012933
-0.0118658
0.0530593
-0.0233404
-0.0444584
-0.0008787
-0.0329982
-0.0120353
0.0058901
0.0177880
-0.0412989
0.0318317
0.0461222
0.0278509
0.0171208
-0.0227859
0.0150175
-0.0089594
0.0301970
0.0317971
-0.0467408
-0.0333213
0.0352088
0.0465395
-0.0571385
0.0174897
-0.0544791
-0.0108256
0.0380248
-0.0220360
0.0165314
0.0566454
0.0330158
-0.0458669
0.0416193
-0.0170070
0.0506670
0.0466554
0.0433884
-0.0233108
0.0262413
0.0269029
0.0100900
0.0007997
0.0433996
0.0477873
0.0352124
-0.0211269
0.0673725
0.0194164
-0.0093021
0.0481647
0.0098434
0.0106384
-0.0348309
0.0248417
0.0304120
-0.0535805
-0.0154383
-0.0344268
0.0178340
0.0267938
0.0403549
0.0543220
0.0426396
0.0929751
0.0907879
0.1127558
0.0614807
-0.0250268
0.0153458
-0.0627863
-0.1542860
-0.1947376
-0.1566355
-0.0666268
0.1933770
0.1931407
0.2023865
0.0770429
0.0269366
-0.0063978
-0.0290142
-0.0667338
-0.1407370
-0.0722005
-0.0130999
-0.0588221
-0.0232093
0.0630129
0.0559945
0.0086340
0.0012273
0.0612847
0.0006836
0.0381004
0.0285781
0.0068108
-0.0218805
-0.0586538
-0.0488075
-0.0393424
-0.0064425
0.0195239
0.0451545
0.0558448
-0.0331852
0.0577429
0.0423882
0.0236325
0.0238749
-0.0352193
-0.0315978
0.0259428
-0.0277825
-0.0295504
0.0140264
-0.0370266
-0.0522407
0.0531647
-0.0505868
-0.0158870
0.0029258
0.0038284
-0.0331374
-0.0534811
0.0103189
0.0371187
-0.0476960
0.0469783
-0.0198580
-0.0551191
0.0053721
-0.0008533
0.0453541
0.0363972
0.0142384
-0.0246367
0.0271659
-0.0465071
-0.0156659
-0.0422134
-0.0408216
0.0159567
0.0131798
-0.0503255
0.0437727
0.0386777
-0.0313334
-0.0468068
0.0373664
-0.0299947
0.0111331
0.0542721
0.0003698
-0.0337146
-0.0431012
-0.0174246
0.0143241
0.0115832
-0.0629106
0.0570848
-0.0379356
0.0451880
0.0416380
0.0224384
-0.0385254
0.0297139
0.0337215
0.0073639
0.0126339
-0.0275747
-0.0670346
-0.0496166
-0.0481306
-0.0129009
-0.0742651
-0.0679687
0.0403847
-0.0175758
-0.0145334
0.0682123
0.0799571
0.0654041
0.0919329
0.0926680
0.0325564
-0.0009192
-0.1172998
-0.1674100
-0.2278690
-0.1751339
0.0715521
0.2147547
0.3298291
0.2179979
0.1380106
-0.0071980
-0.0952633
-0.0932128
-0.0935904
-0.1126324
-0.0312114
-0.0118160
0.0187567
0.0692861
0.0503226
0.0188132
0.0377199
0.0049312
0.0488598
0.0051076
0.0056509
-0.0255991
0.0021671
-0.0222739
-0.0031663
-0.0085938
-0.0348143
-0.0039219
-0.0441174
-0.0444634
0.0386301
-0.0404439
0.0301875
0.0227040
0.0573844
-0.0187063
-0.0060793
0.0357839
0.0519359
-0.0000580
-0.0659169
-0.0569750
0.0337070
0.0275969
0.0135479
0.0099698
0.0513375
0.0091437
-0.0326369
-0.0380243
0.0074559
-0.0426380
0.0238057
-0.0500742
-0.0584246
0.0287603
0.0164638
0.0475622
-0.0255569
0.0584245
0.0595953
0.0251826
-0.0222151
0.0055579
-0.0288187
0.0230542
0.0284908
0.0451963
-0.0005602
0.0112733
0.0198357
0.0042714
-0.0279655
-0.0562465
-0.0440702
0.0262537
-0.0444600
-0.0007657
0.0291966
-0.0342932
-0.0426677
-0.0524206
0.0460231
-0.0192099
-0.0376910
-0.0357229
-0.0403810
-0.0285618
-0.0632287
0.0010074
0.0438648
0.0609985
0.0273518
0.0876063
0.0066943
0.0745795
0.0707789
0.0413565
0.0134213
-0.0796222
-0.0834959
-0.0132387
-0.0834706
0.0077750
-0.0066455
0.0156309
0.0357442
0.0556029
0.0342408
0.0940295
0.1543311
0.1135785
0.1257277
0.0128889
0.0399018
-0.0835054
-0.1836507
-0.3192291
-0.2972349
-0.2945611
-0.0925513
0.1795455
0.4561211
0.6595753
0.3755595
0.0729931
-0.3787273
-0.4034891
-0.2844708
-0.0758106
-0.0339234
0.0001077
-0.0041974
0.0533269
0.1271665
0.0643631
0.1224151
0.0463740
0.0835820
0.0547764
0.0442846
-0.0711902
-0.0611313
0.0024925
-0.0902544
0.0107752
-0.0371933
-0.0659107
0.0352516
0.0013736
0.0217763
0.0834965
0.0251834
-0.0187052
0.0476605
0.0085093
0.0516930
0.0158541
-0.0084891
0.0104574
0.0151028
0.0161615
-0.0042760
-0.0091181
0.0332693
0.0138551
0.0084283
0.0239159
0.0324651
0.0263500
-0.0483718
0.0492839
-0.0531943
-0.0096109
0.0350734
-0.0112916
0.0021726
0.0472131
0.0257817
-0.0527668
-0.0236303
-0.0017880
-0.0335701
0.0272475
0.0499976
-0.0077871
-0.0313813
-0.0299912
-0.0340361
0.0013376
0.0505554
