0.0472623
-0.0448496
0.0205218
-0.0034377
-0.0612045
-0.0295607
0.0773485
0.0134773
-0.0702423
0.0309217
-0.0517588
0.0463117
-0.0897496
0.0874350
0.0478481
0.0006331
-0.0396535
0.0235730
0.0071851
-0.0221050
0.0433342
-0.0329916
-0.0618868
-0.0416988
0.0840053
0.0603663
-0.0650965
0.0176644
0.0601298
0.0065086
-0.0191438
-0.0086418
-0.0018682
-0.0901911
-0.0383031
-0.0240406
-0.0158339
-0.0605967
-0.0586280
-0.0012202
-0.0790220
-0.0095464
0.0119717
-0.0494519
-0.0351795
0.0892503
-0.0354188
-0.0423388
0.0273772
-0.0351277
0.0118301
0.0388465
0.0231097
0.0708998
-0.0842386
0.0479306
-0.0284496
-0.0437192
-0.0444687
-0.0091481
0.0945462
0.0746266
0.0570692
0.0772687
-0.0266784
0.0209692
-0.0066857
-0.0346629
0.0525608
0.0434939
-0.0498359
-0.0132438
-0.0552344
0.0614544
0.0520684
-0.0481828
-0.0791175
0.0315538
0.0735807
-0.0270246
0.0694552
0.0402769
0.0555862
-0.0305077
-0.0798567
0.0216907
-0.0612439
0.0058755
0.0234870
0.0129774
0.1072162
0.0204013
-0.0618464
0.1013717
0.0450676
0.0412876
-0.0560837
-0.0179926
-0.1236190
-0.0442310
-0.0042244
-0.0974885
-0.0638570
0.0304886
-0.0342310
0.0906210
0.0398423
0.1328958
0.1689194
0.1711112
0.1412739
0.0639795
0.0418322
-0.0454142
-0.1530968
-0.3503127
-0.4344299
-0.2875586
0.2490011
0.7189442
0.8621304
0.4639649
0.0192906
-0.5008606
-0.5076278
-0.2998077
-0.1188825
-0.0930214
0.0284830
-0.0599970
0.0909420
0.0519437
0.1180905
0.1578970
0.0467153
0.0683721
0.0820369
-0.0228371
-0.0533670
-0.0820984
0.0362890
-0.0544565
-0.0386018
-0.0837302
-0.0226359
0.0835119
0.0874812
-0.0407896
0.1065608
0.0883280
-0.0262180
0.0003020
0.0380219
-0.0032943
0.0761442
-0.0729833
0.0040136
0.0490871
0.0477956
0.0198590
-0.0645149
-0.0460970
0.0912970
-0.0693710
0.0325643
0.0999595
-0.0096965
-0.0011821
0.0570292
-0.0202717
-0.0083591
-0.0604263
0.0733225
-0.0559676
-0.0548472
-0.0893586
0.0703564
0.0847660
0.0413745
0.0180891
0.0691950
-0.0774565
-0.0461637
0.0145372
0.0082239
-0.0871691
0.0447193
0.0862027
0.0460804
0.0210244
0.0098201
-0.0131133
-0.0395756
0.0706001
0.0159789
-0.0782943
0.0395186
-0.0265420
-0.0509844
-0.0149869
0.0791712
-0.0509624
-0.0057721
-0.0672414
0.0892799
-0.0619693
0.0739256
-0.0594144
-0.0156328
0.0625011
0.0634724
-0.0672921
-0.0454196
0.0111325
-0.0195036
-0.0538034
-0.0721335
0.0201258
-0.0822215
-0.0849279
-0.0429620
0.0605749
0.0268124
0.0874834
0.0298376
-0.0066899
-0.0368491
-0.0303352
-0.0880625
0.0031766
-0.0840108
-0.0804011
0.0160958
0.0039384
-0.0602115
0.0465416
-0.0855727
-0.0439317
0.0029109
0.0872082
0.0290968
0.0585344
-0.0209687
-0.0456023
0.0392829
-0.0162963
0.0774272
0.0412590
-0.0215164
0.0181215
0.0901452
-0.0022521
0.0699950
-0.0862601
-0.0837215
0.0395468
0.0496271
-0.0419396
-0.0463120
0.0090354
-0.0699999
0.0107282
0.0605285
0.0622491
0.0700797
-0.0218496
-0.0786403
-0.0783182
-0.0935670
-0.0599510
-0.0106122
0.0570506
-0.0613272
0.0592385
0.0032676
0.0054782
0.0448704
0.0632974
0.1002016
0.0296805
-0.0767987
0.0078352
-0.0718798
0.0143788
-0.0927280
-0.0487347
-0.0958304
0.0754475
-0.0517808
0.0323655
0.0422913
-0.0227645
-0.0341899
-0.0177029
-0.0631731
0.0849940
0.0063207
-0.0063308
0.0142937
0.0558565
0.0099828
0.0652566
-0.0451292
0.0125888
-0.0311275
-0.0489060
-0.0432175
0.0324412
-0.0200022
0.0430903
0.0240767
0.1677380
0.1540482
0.1352441
0.1220481
0.0036129
-0.0318163
-0.0310019
-0.1576565
-0.2397099
-0.3562001
-0.4196155
-0.1179599
0.4126247
0.8822752
0.7654618
0.3070326
-0.1656987
-0.5662263
-0.4370982
-0.2956964
-0.0169936
0.0168789
0.0611049
0.0399634
0.1153217
0.0990617
0.0888144
0.0801972
0.1524987
-0.0160894
-0.0087397
-0.1166728
0.0046385
0.0099771
-0.1394943
-0.0294918
0.0258507
-0.0420154
-0.0666460
0.0883492
0.0504179
0.1128972
0.0009907
-0.0484482
0.0405313
-0.0351510
0.0806586
0.0619231
0.0323441
-0.0072043
0.0514037
0.0345088
-0.0790757
-0.0667814
-0.0366164
-0.0453057
0.0582008
0.0020600
0.0506923
0.0427250
-0.0277560
0.0843710
-0.0319128
0.0045411
-0.0499818
0.0584693
-0.0344956
-0.0454548
0.0556714
0.0544849
0.0300459
-0.0687419
-0.0196559
0.0051752
-0.0337704
-0.0327976
-0.0324239
-0.0698784
-0.0514822
0.0905927
0.0171638
0.0848759
0.0316991
0.0789003
0.0290127
-0.0087204
0.0317311
-0.0302845
0.0468190
0.0010278
-0.0246111
-0.0174693
-0.0231824
0.0771696
-0.0213283
0.0310197
0.0716825
0.0745787
0.0670762
0.0869843
0.0146258
0.0207710
0.0669544
-0.0484105
0.0719739
-0.0206988
0.0250363
0.0378932
0.0165952
-0.0092570
0.0600560
0.0076265
-0.0062766
0.0691989
0.0393367
0.0409119
0.0306883
0.0756773
-0.0915224
-0.0517459
0.0375874
-0.0840141
0.0356044
0.0346499
0.0430735
0.0458296
-0.0586641
0.0260748
0.0316739
0.0816264
0.0336512
0.0398482
-0.0655852
-0.0766822
0.0681153
-0.0339822
0.0550809
-0.0020589
-0.0600955
-0.0233614
0.0903072
-0.0647699
-0.0934685
0.0014462
-0.0653695
0.0696157
0.0546221
0.0369147
-0.0093602
-0.0842663
0.0770693
-0.0005908
0.0710052
0.0422569
-0.0147024
0.0194632
0.0889784
-0.0213294
0.0393290
0.0145201
-0.0314682
0.0833276
-0.0595268
-0.0535484
0.0499239
0.0854033
-0.0669827
0.0848531
0.0831508
0.0632738
0.0239148
-0.0600045
-0.0284638
-0.0354621
0.0468318
-0.0617691
-0.1029027
0.0781925
-0.0314099
-0.0113120
0.0148722
0.0973228
0.0242910
-0.0542589
0.0903583
-0.0629440
0.0838798
0.0948823
-0.0595596
-0.0098501
-0.0916962
-0.0226050
0.0031422
0.0270462
-0.0374843
0.0410211
0.0210243
0.0455274
0.0090328
0.0855329
0.0993489
0.1239917
0.0087539
0.1129880
-0.0348859
0.0148007
-0.1613885
-0.3138145
-0.5451148
-0.3277997
0.0816275
0.6285453
0.8043559
0.6096259
0.0705446
-0.3065759
-0.4958204
-0.4337606
-0.1145818
-0.0609792
-0.0083005
-0.0112050
0.0277770
0.1143771
0.1093957
0.0847730
0.0409097
0.0477360
0.0692465
-0.0313042
0.0205989
0.0014862
-0.1245214
0.0122428
-0.0006808
-0.0049335
-0.0179484
0.0035378
0.0525510
-0.0515632
0.0673931
0.0132524
0.0474418
-0.0165939
-0.0651088
0.0751141
-0.0723547
-0.0071424
-0.0313124
-0.0445960
-0.0259569
-0.0209648
-0.0754945
0.0426666
-0.0230104
0.0072373
-0.0562573
0.0789251
0.0885676
-0.0068411
-0.0791627
0.0190849
-0.0818706
0.0697389
-0.0270193
0.0531020
0.0695845
0.0212506
0.0283358
0.0478652
-0.0553677
0.0060145
-0.0461936
-0.0105203
-0.0593048
-0.0096217
0.0258248
0.0865417
0.0168043
0.0135196
-0.0442317
0.0814312
-0.0715616
-0.0612767
-0.0096525
-0.0699730
0.0296021
0.0551434
-0.0719956
-0.0514887
0.0774483
0.0174134
0.0495405
-0.0094124
0.0425756
-0.0006206
0.0158367
-0.0784835
-0.0735433
0.0603710
-0.0674120
-0.0841359
0.0842027
0.0886313
-0.0430715
0.0244198
0.0662642
0.0750628
0.0245721
0.0484695
0.0238608
-0.0824234
-0.0374904
0.0680471
0.0838269
-0.0176612
-0.0178726
0.0728174
-0.0489790
-0.0565980
-0.0642249
-0.0845992
-0.0447272
-0.0614113
0.0558550
0.0245334
0.0078958
0.0014458
0.0450480
-0.0051900
-0.0474614
-0.0663240
-0.0823218
-0.0187741
0.0052933
0.0644705
0.0117948
-0.0411226
-0.0869508
0.0143792
-0.0153163
-0.0791943
0.0518458
-0.0305392
-0.0493376
0.0481069
0.0807995
0.0298070
-0.0109437
0.0315396
-0.0567475
-0.0087523
-0.0931861
0.0235928
-0.0438111
0.0257529
-0.0186749
-0.0720986
0.0166448
0.0573991
0.0345606
-0.0123624
-0.0272721
-0.0644645
0.0330713
-0.0414654
-0.0747953
0.0899038
-0.0379238
-0.0827087
0.0172982
0.0659846
0.0236377
0.0182979
0.0160733
-0.0299462
-0.0361394
0.0991202
0.1055852
-0.0519373
0.0159321
-0.0105765
0.0390910
0.0161972
0.0291853
-0.0590723
-0.0140483
-0.0201219
-0.0154250
0.0184223
-0.0651409
0.0374314
0.0028541
0.0468355
0.0791835
0.0408334
0.1604175
0.1468905
0.1075125
0.0350825
-0.0335028
-0.0913185
-0.1344285
-0.1614191
-0.2089084
-0.3943736
-0.4766534
-0.0612933
0.4796457
0.8876584
0.8155273
0.1836873
-0.2401914
-0.5113894
-0.3916870
-0.2559116
-0.0064716
-0.0515102
-0.1021719
0.0263260
0.0329099
0.1893442
0.0658692
0.0951271
0.1467476
0.1044895
0.0421393
-0.1094402
0.0221772
-0.0686436
-0.1090750
-0.0284571
-0.0040892
-0.1014158
0.0717869
0.0802582
0.0844572
0.0430308
0.0525144
-0.0260163
-0.0502924
-0.0316813
0.0890814
0.0659887
0.0293612
0.0557184
-0.1087876
0.0216272
-0.0539309
0.0426454
-0.0479782
0.0277727
0.0406982
-0.0453445
-0.0705835
0.0082322
0.0920812
0.0090045
0.0423573
0.0449926
-0.0829767
-0.0765237
-0.0987652
0.0177103
-0.0952897
-0.0042444
-0.0663915
-0.0704192
0.0622513
-0.0187410
0.0348991
-0.0768336
-0.0411219
-0.0510710
0.0551086
-0.0545901
0.0352644
-0.0683594
0.0409532
0.0348091
-0.0043656
0.0034018
-0.0735908
0.0445558
-0.0938361
0.0025283
-0.0031880
-0.0656166
0.0507104
0.0315792
0.0125848
0.0813887
0.0915931
-0.0598122
0.0291376
-0.0931316
0.0185913
-0.0481244
-0.0685865
0.0209643
0.0566515
-0.0852480
-0.0770664
-0.0751761
0.0185816
-0.0722358
-0.0644438
-0.0193820
-0.0624857
0.0542537
-0.0553489
0.0311278
0.0241976
0.0749295
-0.0747878
-0.0567440
-0.0159399
0.0298515
0.0342304
-0.0180701
0.0037014
0.0098066
-0.0109171
0.0749637
-0.0559612
-0.0612968
0.0099258
0.0383484
0.0630862
0.0388292
-0.0030685
-0.0526871
-0.0371644
0.0701008
0.0641194
-0.0633010
0.0466031
0.0617611
0.0292908
0.0481581
0.0003995
0.0122266
0.0310490
-0.0067288
0.0047019
0.0751045
-0.0475619
0.0388277
0.0497554
0.0552391
0.0856574
0.0534924
-0.0859173
0.0689131
0.0594502
-0.0293433
-0.0624491
-0.0501171
0.0218127
0.0771325
0.0025149
-0.0437431
-0.0524753
-0.0653461
0.0544146
0.0946963
-0.0546146
0.0567786
0.0186779
-0.0732013
-0.0144115
-0.0989921
0.0306228
0.0756328
-0.0042619
-0.0302588
0.0642480
-0.0447471
-0.0485992
0.0557736
0.0193536
-0.0425884
-0.0799832
-0.0400406
-0.0800702
-0.0492992
0.0420042
0.0062111
-0.1171612
-0.0699258
0.0322727
0.0813972
0.0564234
0.0807694
0.0016771
0.1413592
0.1812797
0.0628255
0.0840159
0.0736827
-0.0921456
-0.0881586
-0.2267640
-0.4855961
-0.4827553
-0.1427475
0.3944846
0.7279561
0.9029422
0.4295250
-0.1819204
-0.5187233
-0.5583396
-0.2549028
-0.0228093
-0.0559081
0.0514740
0.0632461
0.0500541
0.1772274
0.1179500
0.0510758
0.0174967
0.0986487
-0.0444289
-0.0867334
0.0423313
-0.1129089
0.0064017
-0.1267560
-0.1088239
-0.0863008
0.0123558
-0.0163986
0.0410226
0.0001365
0.0666324
0.0082107
0.0608419
0.0527825
0.0744770
-0.0605230
0.0385148
-0.0773645
0.0529044
0.0404322
-0.0680109
0.0559671
0.0820416
0.0521012
0.0940046
0.0940867
0.0381787
-0.0759656
-0.0590861
0.0415378
-0.0002565
0.0770333
0.0452304
0.0793541
-0.0874735
-0.0859956
-0.0764087
-0.0662727
0.0602432
0.0531299
0.0640956
0.0105831
-0.0193132
0.0461887
-0.0141107
0.0868036
0.0606381
-0.0802098
-0.0369871
-0.0102850
0.0617566
-0.0265182
0.0194186
0.0096435
-0.0189844
-0.0740164
0.0151808
-0.0301834
0.0347890
-0.0305839
0.0575012
0.0672125
0.0827012
-0.0252705
0.0912392
-0.0250071
-0.0897126
0.0368853
-0.0085496
0.0292806
0.0553944
0.0758641
0.0033927
-0.0521960
-0.0509879
0.0820385
-0.0313991
-0.0031786
0.0272404
-0.0682184
0.0747253
-0.0159198
0.0431214
-0.0220071
0.0307122
0.0572923
-0.0243589
-0.0737531
-0.0373254
-0.0856241
-0.0704577
-0.0438638
-0.0225541
0.0447395
-0.0052001
0.0255866
0.0730906
-0.0807920
0.0397142
-0.0094121
0.0374641
0.0204410
-0.0695145
0.0072252
-0.0441873
0.0087145
0.0873046
-0.0662363
-0.0406440
0.0755209
-0.0170320
0.0849010
0.0110663
0.0306026
-0.0306749
-0.0197756
0.0228740
-0.0171328
-0.0220534
-0.0682210
0.0948012
-0.0674788
0.0568861
0.0542158
-0.0219873
-0.0046810
0.0506245
0.0633313
-0.0477272
0.0880625
-0.0870810
-0.0116058
0.0318937
-0.0368487
-0.0284408
-0.0485690
-0.0273962
0.0721767
0.0893301
-0.0417685
-0.0887676
-0.0511907
0.0558507
-0.0301447
0.0692239
-0.0520961
0.0773147
0.0475369
-0.0093491
-0.0278241
0.0089337
-0.0093719
0.0576019
0.0525106
-0.0346524
0.0292242
0.0787616
-0.0547388
-0.0409191
-0.0666664
-0.0983963
-0.0747295
0.0089693
-0.0415188
-0.0107840
0.1056413
0.0889911
0.1357417
0.0123459
0.0986582
0.1146865
0.1171130
-0.0214132
-0.1025254
-0.0345405
-0.3026062
-0.4135837
-0.5917687
-0.2190807
0.3484768
0.7168899
0.8532459
0.4758943
-0.2093779
-0.4122455
-0.3651866
-0.2120230
-0.0911163
0.0285548
-0.0618053
0.0268146
0.1532653
0.1892201
0.1468239
0.0756820
-0.0102904
-0.0211041
-0.0059736
0.0397308
0.0266645
-0.1361931
0.0380680
-0.0925866
-0.0044646
0.0165622
-0.0408431
0.0605167
0.0001864
0.0713406
-0.0404164
-0.0098032
0.1001903
-0.0247150
0.0997439
-0.0313358
-0.0336325
0.0577030
0.0649031
0.0545522
0.0629523
-0.0684563
-0.0278947
-0.0514107
-0.0644002
-0.0640040
-0.0170294
0.0059382
-0.0220437
0.0752046
-0.0183902
0.0673607
0.0068352
-0.0448631
-0.0227394
-0.0901236
0.0156800
-0.0526065
-0.0771928
0.0885412
0.0784627
0.0523318
0.0505133
0.0764611
0.0831435
0.0755766
0.0428386
-0.0605486
-0.0247393
0.0532151
0.0702674
0.0416481
0.0214963
-0.0384017
-0.0620029
0.0157328
0.0291032
0.0564753
0.0048064
-0.0395305
0.0050585
-0.0213853
-0.0621064
-0.0175821
-0.0886792
0.0194753
0.0455114
0.0115356
0.0434822
-0.0397308
0.0483260
0.0356418
-0.0450971
0.0177025
0.0692331
-0.0835356
0.0098092
0.0859392
-0.0851672
-0.0276853
-0.0146439
0.0769878
-0.0313771
0.0084810
-0.0677230
0.0405461
-0.0435650
-0.0226864
-0.0484289
0.0053763
0.0189429
0.0011124
-0.0087046
0.0888697
0.0308133
0.0217316
-0.0602900
0.0485310
0.0570259
0.0247515
0.0339831
-0.0408929
0.0180165
-0.0664717
-0.0845937
0.0342703
-0.0686068
0.0720116
0.0456333
0.0398394
-0.0679361
0.0098576
0.0014500
0.0593612
