0.0752968
0.0295356
-0.0159028
-0.0215012
0.0623739
0.0658375
0.0804314
0.0427458
0.0620111
0.0258582
0.0346687
0.0487388
0.0116849
-0.0257504
-0.0901315
-0.0487372
-0.0536058
-0.0062685
-0.0732177
-0.0263070
0.0458102
0.0187208
0.0435488
0.0009207
-0.0899260
0.0450993
-0.0151061
-0.0385967
-0.0837441
-0.0047678
-0.0196176
-0.0455762
-0.0151968
0.0151079
0.0047636
-0.0712422
0.0626915
-0.0437339
-0.0397043
0.0338139
-0.0096778
-0.0009862
-0.0750431
-0.0955993
0.0504650
-0.0444126
-0.0778823
0.0015966
-0.0042974
-0.0296082
-0.0303236
0.0939290
-0.0431666
0.0578128
-0.0707760
-0.0369685
0.0596842
0.0662021
-0.0276485
0.0947002
0.0407278
0.0634925
0.0321160
0.0116686
0.0933619
-0.0228545
0.0798401
-0.0861589
-0.0558768
-0.0387500
-0.0635702
-0.0621399
0.0513943
-0.0413201
-0.0451703
-0.0990035
0.0447676
0.0616505
0.0390938
0.0386752
0.0945273
0.0030098
-0.0846497
0.0071452
-0.0313072
-0.0253529
-0.0029436
0.0663520
-0.0089954
-0.0363424
0.0681652
0.0942915
0.0117407
0.0071180
0.0556889
0.0840171
-0.0466669
0.0779626
-0.0940418
0.0599843
0.0517561
-0.0768705
-0.0140249
-0.0923497
0.0503462
0.0862517
0.0499784
-0.0199156
0.0210136
0.0619916
0.0840453
0.0542093
0.0647530
0.0423172
-0.0115437
0.0506417
-0.0418613
-0.0671164
-0.0536427
-0.0630771
-0.0192387
0.0368922
-0.0165373
0.0946020
0.0714720
-0.0722800
-0.0614687
-0.0858989
0.0885372
0.0725548
-0.0698236
-0.0863460
0.0914281
-0.0905666
-0.0290431
0.0331990
0.0206744
-0.0294273
-0.0150684
0.0926135
-0.0791849
0.0560052
0.0881803
0.0393494
-0.0627984
-0.0005855
-0.0255838
0.0527827
0.0593998
-0.0845027
0.0484634
-0.0364766
0.0034239
0.0447676
0.0474242
-0.1080809
0.0750433
-0.0864587
0.0815977
0.0949640
0.1045094
-0.0102154
-0.0592755
0.0950751
-0.0397885
-0.0389443
-0.1000500
-0.0565800
-0.1250608
-0.0800846
-0.0737269
-0.0901279
-0.0060494
0.0493271
0.0753358
0.0683685
-0.0003931
0.1829745
0.1290559
0.1821668
0.1629311
0.0145714
0.0589551
-0.0600162
-0.2583756
-0.4199772
-0.5359238
-0.4096778
0.0406399
0.5996484
0.9312222
0.8422559
0.2060581
-0.3843706
-0.6020981
-0.4767146
-0.1704237
-0.1272603
0.0052920
-0.0677000
0.0961032
0.2130248
0.1745684
0.1487549
0.1690597
0.0814589
-0.0436859
-0.0868194
-0.0910692
-0.0586800
-0.0922637
0.0366403
-0.0059665
-0.0744805
0.0842168
-0.0843392
-0.0690760
0.0484611
0.0194614
0.0666210
-0.0235515
0.0583570
0.0739852
-0.0792563
0.0783595
-0.0669026
-0.0617733
-0.0337306
-0.0266915
-0.0904353
0.0508585
0.0386797
0.0096419
-0.0536191
0.0443684
-0.0518908
-0.0343803
0.0779052
0.0294286
0.0561134
0.0280092
0.0561971
0.0743225
0.0136145
0.0028065
0.0727526
-0.0089510
-0.0158408
0.0286763
0.0402896
0.0609110
-0.0926316
0.0703834
-0.0664933
0.0773771
0.0587316
0.0865385
-0.0110817
0.0329358
-0.0140953
-0.0825816
-0.0827777
-0.0343268
-0.0700954
0.0750340
0.0884064
0.0012278
0.0398960
0.0217620
-0.0742634
-0.0452186
-0.0669737
-0.0397103
-0.0165258
0.0917389
-0.0343358
0.0147377
-0.0873630
-0.0212094
-0.0474463
0.0549286
-0.0557281
-0.0043446
0.0182776
0.0165965
-0.0151292
-0.0643968
0.0951217
-0.0865803
0.0345046
-0.0127990
-0.0360344
-0.0390684
0.0344756
0.0211735
-0.0770385
-0.0002370
-0.0428498
0.0386202
-0.0164680
0.0430145
-0.0811171
-0.0140387
-0.0315367
-0.0888076
-0.0494174
0.0346259
0.0231244
-0.0095620
0.0419635
0.0864867
-0.0381668
-0.0804928
-0.0587589
0.0781704
0.0078013
0.0939459
-0.0765979
0.0391426
-0.0494270
0.0526385
0.0245176
-0.0763167
-0.0438115
0.0391564
-0.0028912
-0.0229480
0.0669013
-0.0322687
-0.0211583
0.0741695
0.0181381
-0.0463195
-0.0785187
-0.0188582
-0.0554737
0.0957432
-0.0964659
-0.0340765
-0.0640549
-0.0856606
-0.0620246
0.0827867
-0.0663812
-0.0511386
0.0055196
0.0115592
0.0887531
-0.0205661
0.0358127
-0.0640813
0.0618116
0.0155615
0.0125674
-0.0045773
-0.0481533
-0.0384896
-0.0200364
0.0616816
-0.0719007
-0.0161470
0.0527491
-0.0156132
0.0517421
-0.0615434
0.0794059
0.0157027
-0.0881022
0.0525787
0.0300024
0.0654810
0.0433484
0.0307656
0.0705579
-0.0205967
-0.0466519
0.0484807
-0.0612521
-0.0593637
0.0816349
0.0530148
0.0772536
-0.0318189
0.0238234
-0.0826799
-0.1142529
-0.0765985
-0.0604678
-0.0947463
0.0165841
-0.0599491
0.0734354
0.0867559
0.1527899
0.1393591
0.0261103
0.1433454
-0.0230854
-0.0316537
-0.1131699
-0.1085323
-0.4330442
-0.6164230
-0.3824644
0.0130725
0.5490401
0.9852686
0.7793592
0.1948908
-0.4987383
-0.7015056
-0.4540570
-0.2529457
-0.1438226
-0.0724454
-0.0257967
0.1806407
0.0642471
0.2421290
0.1556990
0.1468381
0.0824483
0.0001925
-0.1077411
-0.1005714
-0.0816364
0.0190060
-0.0531991
0.0115213
0.0492004
0.0659476
0.0017387
0.0109210
0.0923915
0.0273275
-0.0360283
0.0888319
0.0514378
-0.0378196
-0.0596079
-0.0638967
0.0508910
-0.0517514
0.0260234
0.0126724
-0.0146392
-0.0003750
0.0933032
-0.0508411
-0.0441775
-0.0788835
-0.0187190
-0.0825112
0.0880005
0.0655236
0.0827436
-0.0096150
-0.1000548
0.0287563
-0.0987240
0.0740416
0.0872858
0.0030685
0.0440929
-0.0017158
0.0851271
-0.0608223
-0.0631318
0.0936375
0.0320289
0.0237877
0.0561694
-0.0404949
0.0268096
-0.0861318
-0.0899194
-0.0025449
-0.0816211
-0.0253430
0.0595481
-0.0224140
0.0573152
0.0379428
-0.0297882
-0.0163495
0.0757705
-0.0176304
0.0744478
0.0412875
-0.0844047
0.0497043
0.0869960
-0.0973124
0.0047198
0.0387602
-0.0790100
0.0323210
-0.0373919
0.0349847
-0.0661913
-0.0146715
0.0195004
-0.0887359
-0.0694797
0.0388922
-0.0773990
0.0159253
0.0302782
-0.0201842
0.0258981
0.0157910
0.0012890
-0.0721428
-0.0041457
-0.0697988
0.0379672
-0.0047373
-0.0007620
0.0862377
-0.0954695
-0.0008098
0.0857117
-0.0868351
0.0222311
0.0630148
-0.0448655
0.0114873
-0.0620627
-0.0851784
-0.0655235
-0.0049541
-0.0007793
-0.0693321
-0.0629636
0.0221341
0.0178480
0.0253620
-0.0196519
-0.0746161
0.0748584
-0.0943919
-0.0341086
0.0745009
0.0907637
0.0235744
-0.0730549
0.0325964
-0.0866334
0.0028369
-0.0826304
-0.0889902
0.0329648
0.0271119
0.0405444
0.0115092
0.0507562
-0.0432459
0.0091103
-0.0739155
-0.0017341
-0.0736588
0.0089834
0.0080585
-0.0889367
0.0223345
-0.0139078
-0.0691930
0.0160799
-0.0355455
0.0520395
0.0573388
0.0206556
-0.0583578
-0.0531690
-0.0313511
0.0821309
0.1004288
0.0803433
0.0886946
0.0363615
-0.0504549
-0.0161478
-0.0449345
-0.0227995
-0.0324555
0.0567289
-0.0503460
0.0072037
-0.0558960
-0.0769402
-0.0673747
-0.0197617
-0.0489752
0.0627606
0.0095727
0.1161713
0.0886094
0.0947695
-0.0456911
-0.0405018
-0.0805892
-0.0882139
-0.0519624
0.0279478
0.0191122
-0.0934631
0.0834493
0.1174931
-0.0129041
0.1751628
0.1260323
0.0306683
0.0890943
-0.0150888
-0.0061490
0.0077686
-0.1198633
-0.2540168
-0.2883409
-0.6262271
-0.4010644
0.0408045
0.6579152
0.9954262
0.6647601
0.1167754
-0.4991572
-0.6463757
-0.3838519
-0.1944659
-0.0291575
0.0037272
0.0325618
0.1919744
0.1300016
0.1568446
0.1246604
0.0735475
0.0648945
-0.0778886
-0.1148983
-0.1060035
0.0274813
-0.0033261
-0.1502809
0.0036797
-0.1032671
0.0424456
0.0794365
-0.0530023
-0.0488455
0.0882158
-0.0081632
-0.0466423
0.0270512
0.0102183
0.0111639
-0.0485416
0.0610434
-0.0190912
-0.0512876
0.0102672
-0.0216295
-0.0067565
-0.0744854
0.0187688
0.0930381
0.0767769
0.0017600
0.0028219
0.0131719
-0.0340358
0.0396501
-0.0190745
0.0464192
-0.0557522
-0.0251704
-0.0150977
-0.0056390
-0.0443410
0.0686505
0.0078696
-0.0379366
-0.0842134
0.0125136
0.0426965
0.0331233
0.0641623
0.0575851
0.0601778
0.0461788
-0.0769614
-0.0140605
0.0560614
-0.0851089
0.0151628
-0.0358441
-0.0784931
0.0835226
0.0122445
0.0054075
0.0720612
-0.0630946
-0.0843631
-0.0504257
-0.0881282
0.0016569
-0.0453857
-0.0443354
-0.0320795
-0.0264070
0.0192257
-0.0091862
0.0544503
0.0923721
0.0593239
-0.0186783
0.0052762
0.0546578
-0.0733441
-0.0413303
-0.0774387
-0.0030834
-0.0011055
-0.0839214
0.0338159
0.0264173
-0.0147003
-0.0974403
0.0145786
0.0089047
0.0811361
0.0790498
0.0422537
0.0013045
0.0539527
-0.0321023
-0.0099507
0.0936120
-0.0443780
-0.0070593
0.0027581
0.0686846
-0.0113121
-0.0044430
-0.0595309
-0.0563601
0.0839128
0.0926524
-0.0116802
-0.0103152
-0.0685026
-0.0695942
0.0583604
-0.0116057
-0.0858428
0.0773268
-0.0032912
0.0354466
0.0716679
0.0532768
-0.0794758
-0.0311135
-0.0396940
-0.0137485
0.0356381
-0.0775952
-0.0081596
-0.0201246
-0.0271338
-0.0906662
0.0761170
0.0710658
-0.0230179
-0.0218920
-0.0940768
0.0273531
-0.0251591
-0.0187812
0.0164444
-0.0622428
-0.0172203
0.0219174
0.0156948
0.0900955
0.0173137
0.0245238
-0.0513823
-0.0699266
0.0205382
0.0271696
-0.0113460
0.0439421
0.0144450
0.0891223
-0.0405700
0.0074090
0.0062683
0.0648892
-0.0504723
0.0350939
-0.0502216
-0.0185289
0.0559795
-0.0095988
-0.0261695
0.0164136
0.0023016
-0.1026776
-0.0206579
0.0628002
-0.0143322
-0.0580860
0.0636835
0.0526751
0.1033662
0.0779855
-0.0018634
-0.0230389
0.0177989
-0.0835682
-0.0342678
-0.0292886
0.0343569
-0.0999866
-0.0581570
-0.0278143
0.0522956
-0.0014032
0.1227648
0.1085387
0.1765430
0.0586013
0.1163025
0.0135615
0.0072931
-0.1528890
-0.2225975
-0.3750751
-0.6057569
-0.5436907
0.0129631
0.5158794
0.9179056
0.8226535
0.3044882
-0.4330299
-0.6863955
-0.3829955
-0.1668981
-0.1443512
-0.0052310
0.0907918
0.0963574
0.2225112
0.1935245
0.0781168
0.0684838
-0.0167764
0.0851349
0.0412004
-0.1060164
-0.0251642
-0.0074022
-0.1099168
-0.0381798
0.0213030
-0.0255890
0.0591006
-0.0426068
0.0308579
0.0418790
0.0985719
0.0123304
0.1042083
-0.0034939
0.0343479
0.0658533
-0.0940248
-0.0394801
0.0151836
-0.1035295
0.0679927
-0.0059968
0.0559833
0.0600795
-0.0353473
0.0799803
-0.0129102
-0.0249853
0.0946968
-0.0154527
-0.0021208
-0.0086248
-0.0939308
0.0161702
0.0804786
0.0239337
-0.1019790
-0.0228109
-0.0769846
0.0147913
0.0801017
-0.0312354
0.0791473
-0.0124687
0.0443974
0.0153950
0.0083733
0.0041366
0.0164261
-0.0730114
0.0052156
0.0563805
-0.0655513
0.0747913
0.0033452
0.0554568
0.0353249
0.0871935
0.0023485
0.0703895
-0.0508887
0.0462286
-0.0896079
-0.0937470
0.0846868
0.0288726
-0.0445906
-0.0963698
0.0444867
0.0318416
0.0460739
0.0314536
0.0592876
0.0242274
0.0315155
0.0175482
0.0425900
-0.0731625
0.0495650
0.0116972
-0.0603012
0.0280307
0.0562242
-0.0487660
-0.0908824
-0.0738729
-0.0423597
-0.0167643
0.0956368
0.0629071
-0.0667940
0.0352361
-0.0102106
-0.0391350
-0.0122183
-0.0301000
0.0703966
-0.0051617
-0.0106753
-0.0946048
-0.0969623
0.0442528
-0.0433167
-0.0224245
-0.0326763
0.0177416
-0.0463574
0.0735210
0.0440982
-0.0383059
0.0117651
0.0352249
0.0765398
0.0650413
0.0116273
0.0612827
0.0853931
0.0963299
0.0243474
0.0605291
-0.0254432
0.0432132
-0.0826410
-0.0553647
-0.0331591
-0.0105888
-0.0021015
0.0657407
0.0659446
0.0689072
0.0651952
-0.0356493
0.0922641
-0.0685511
-0.0884895
0.0340405
0.0378728
-0.0791077
-0.0366739
0.0201515
-0.0165943
0.0501638
0.0497769
-0.0917681
-0.0745296
-0.0892762
0.0658147
0.0411862
0.0079969
0.0469301
-0.0841118
-0.0246028
-0.0315693
0.0398143
-0.0098157
-0.0741071
0.0487755
-0.0677620
0.0127804
-0.0315141
0.0615352
0.0898899
-0.0405712
0.0838698
-0.1013551
-0.1039148
0.0732091
0.0587398
-0.0014472
0.0724456
0.0227995
-0.0033322
-0.0306915
-0.0431380
0.0258132
-0.0397700
-0.0420138
0.0957068
-0.0674355
-0.0025878
0.0132947
0.0222403
-0.1231409
-0.1213403
0.0442452
-0.0963994
-0.0784830
-0.0355872
0.0131930
0.0837713
0.0256344
0.1491657
0.2061052
0.1304172
0.1132363
-0.0226578
-0.1234394
-0.0977925
-0.2983406
-0.4570317
-0.4647654
-0.1489108
0.2906892
0.8171521
0.9493864
0.4050637
-0.1442689
-0.6036711
-0.5492924
-0.2121418
-0.0779909
0.0190164
-0.0209026
0.0233450
0.0996368
0.1469484
0.1655796
0.1278172
0.0388716
0.0531452
0.0564030
-0.1128437
-0.0214361
-0.0390260
0.0142469
-0.0818235
0.0016952
-0.0481387
-0.0648255
0.0293464
0.0283037
0.0774574
-0.0472240
-0.0618155
0.0693535
0.0152228
0.0698628
-0.0833863
-0.0549878
-0.0845665
0.0275596
0.0718724
-0.0618976
-0.0430450
0.0042348
-0.0393041
-0.0028223
0.0151725
-0.0010630
-0.0234323
0.0913962
0.0319478
0.0879680
-0.0678628
0.0538293
-0.0835456
-0.0921359
0.0921834
0.0540526
0.0180860
0.0028905
-0.0431629
0.0496652
0.0351013
0.0907289
0.0324201
-0.0842023
0.0217794
0.0980081
0.0472513
-0.0596795
0.0856390
0.0576108
0.0325746
0.0359387
0.0071203
-0.0393669
0.0492319
0.0590741
-0.0410562
-0.0858912
0.0833281
0.0238888
-0.0782039
0.0112189
0.0219592
-0.0712456
-0.0097380
0.0578889
0.0822485
0.0148382
0.0289462
-0.0040139
-0.0703374
0.0398451
0.0258108
-0.0735016
0.0517667
-0.0925615
-0.0327813
0.0580870
0.0126608
0.0743955
0.0734928
0.0362430
0.0411350
0.0729524
0.0771582
-0.0253786
0.0227179
0.0580534
0.0615926
0.0027306
-0.0783132
-0.0352477
-0.0722131
0.0820820
-0.0589107
0.0599534
-0.0177076
-0.0944783
-0.0821968
0.0886679
-0.0721709
0.0889122
0.0365586
0.0700804
-0.0225868
-0.0103086
0.0883109
0.0041959
0.0688356
-0.0434920
-0.0027008
0.0070980
0.0224288
-0.0697334
0.0085918
-0.0614533
0.0714700
0.0360600
0.0091838
-0.0043572
0.0641609
0.0914624
-0.0424753
0.0714571
-0.0338389
-0.0838743
0.0688773
-0.0546040
-0.0888422
0.0102730
0.0664032
-0.0142040
-0.0574244
0.0179378
-0.0015878
0.0606456
0.0662312
0.0001484
-0.0955228
0.0280892
0.0397156
-0.0002106
-0.0346621
0.0566104
0.0860802
0.0642760
-0.0395556
-0.0646140
0.0581411
0.0513559
0.0653160
0.0240710
0.0451767
0.0145699
0.0838734
-0.0452961
0.1037542
-0.0756744
-0.0890845
0.0857917
-0.0680096
0.0169328
-0.0696090
-0.0987069
0.0791606
