0.0042757
0.0815332
0.0815829
-0.0155284
-0.0352989
0.0015908
0.0770234
0.0667072
0.0053862
0.0653276
-0.0343813
-0.0526153
0.0906703
0.0228886
0.0625158
-0.0121474
-0.0344452
-0.0642482
-0.0064337
0.0230406
-0.0010928
-0.0698541
0.0365898
-0.0655089
0.0459209
-0.0870199
-0.0293053
0.0810852
0.0137782
-0.0252295
-0.0074536
0.0901176
-0.0093065
0.0646374
0.0596389
0.0151583
0.0421758
-0.0717322
-0.0458581
0.0433438
0.0316304
-0.1016594
-0.0083980
-0.0859411
-0.0580372
0.0365307
-0.0768108
0.0239630
0.0349833
-0.0625421
-0.0603980
0.1129209
-0.0529099
-0.0821617
0.0384245
-0.0833727
-0.0837642
-0.0341987
-0.1205527
-0.1235153
0.0085446
-0.0305855
-0.0620212
0.1264765
0.0599278
0.1313787
0.1189188
0.1420415
0.0936948
0.0306067
-0.0517418
-0.0102959
-0.1835449
-0.2537312
-0.4229176
-0.5520382
-0.2631146
0.4487614
0.8367887
0.7968485
0.3068694
-0.2088474
-0.5375275
-0.5320546
-0.1891014
-0.0251310
-0.1176188
0.0500756
-0.0285094
0.1701614
0.2085892
0.0659765
0.0109748
-0.0336593
0.0729427
-0.0695767
-0.0144688
-0.0709708
-0.0136208
-0.0538981
-0.0878359
-0.0930392
0.0091484
-0.0441680
0.0913146
0.0767073
0.0203660
-0.0085512
0.1034080
0.1098791
0.0666193
0.0706959
0.0857162
0.0537380
-0.0277877
0.0585261
-0.0496852
-0.1068055
-0.0700226
0.0562684
0.0074347
-0.0846003
-0.0158696
0.0556631
-0.0091849
0.0964489
0.0792546
0.0528908
-0.0879505
-0.0027552
-0.0621151
-0.0966620
0.0597478
0.0756856
-0.0258147
-0.0603001
-0.0602463
-0.0081616
0.0908557
-0.0330017
0.0694084
0.0097456
0.0560423
0.0330612
0.0207381
-0.0073097
-0.0458163
0.0328601
-0.0495432
0.0271872
0.0389512
0.0601250
-0.0249068
-0.0777749
0.0381670
0.0059408
-0.0077639
0.0592346
0.0122803
0.0801065
0.0699451
0.0394749
-0.0532207
-0.0453139
0.0710661
0.0169587
-0.0681056
0.0016903
-0.0424586
-0.0595605
-0.0391296
-0.0335961
-0.0641946
-0.0751460
-0.0706839
-0.0217720
-0.0608908
-0.0901763
0.0903445
-0.0485547
-0.0616496
-0.0275163
-0.0312739
-0.0595560
0.0419770
0.0727031
-0.0381862
-0.0311593
-0.0138619
-0.0746898
0.0797651
-0.0568556
0.0535670
0.0221335
0.0642122
-0.0622063
0.0488278
0.0027472
0.0587637
0.0869984
0.0719071
-0.0649257
-0.0453017
-0.0282127
0.0158850
-0.0626128
0.0093024
0.0310752
0.0646675
0.0276372
-0.0021777
-0.0428756
0.0673497
-0.0555619
0.0655834
0.0080709
-0.0155107
-0.0591430
0.0615805
-0.0785110
0.0119531
0.0523999
-0.0132536
-0.0942677
0.0222003
-0.0441266
-0.0163713
0.0219696
-0.0082684
0.0560669
0.0377563
0.0453984
-0.0045144
-0.0189421
0.0488573
0.0114304
-0.0316972
-0.0339332
-0.0606566
0.0715175
-0.0705150
0.0546863
-0.0664700
0.0333785
-0.0314130
-0.0414740
0.0079424
0.0111402
0.0756515
0.0557204
0.1074182
0.0280079
-0.0372889
-0.0546579
-0.0796547
0.0276597
0.0042762
-0.0611709
0.0217820
-0.1402369
0.0508398
-0.0615731
0.0376810
-0.0017135
0.0605577
0.0174277
0.0194770
0.1343107
0.0904298
0.1053582
0.0609467
0.0022002
-0.0969100
-0.1681993
-0.4927642
-0.4838871
-0.2543218
0.3900552
0.8496301
0.8877354
0.4346115
-0.2482964
-0.5484615
-0.4856212
-0.2011548
-0.1740108
-0.0754752
0.0107380
0.0443880
0.1408457
0.1592882
0.1311576
0.0045780
0.0353188
0.0821595
0.0976570
-0.1091147
0.0169133
-0.0710601
-0.0840254
0.0280466
-0.0952209
-0.0851517
-0.0538666
0.0874337
-0.0681633
0.1170746
0.1097469
0.0812601
0.0794439
0.0161757
0.0035684
0.0712706
-0.0042916
0.0466821
0.0254100
0.0714519
-0.0842094
0.0708804
0.0863322
0.0450826
-0.0789571
0.0602073
0.0697088
0.0600932
-0.0038443
-0.0364883
0.0258604
0.0441815
0.0807262
-0.0411958
0.0388830
-0.0154524
-0.0813452
0.0686163
0.0399413
-0.0717501
-0.0273787
0.0364138
-0.0618024
0.0791671
0.0147164
-0.0584462
-0.0169181
-0.0902945
0.0450343
-0.0272043
0.0386811
-0.0216934
0.0643075
-0.0616023
0.0084970
0.0412439
-0.0327144
0.0523824
0.0292082
-0.0276875
-0.0486389
0.0875610
-0.0067306
0.0912277
-0.0460781
-0.0177171
-0.0461909
0.0257266
-0.0884708
0.0341540
0.0415046
-0.0093517
0.0606237
-0.0027989
0.0297452
-0.0754014
0.0537611
0.0075658
-0.0494758
-0.0881743
0.0419380
-0.0020832
-0.0722266
0.0853201
0.0194846
-0.0815517
0.0250433
-0.0744571
-0.0614875
-0.0738554
-0.0256055
-0.0772293
0.0557566
0.0487507
-0.0550446
-0.0263137
0.0722910
0.0211138
0.0338223
0.0013624
-0.0355164
0.0149431
0.0300509
-0.0087616
-0.0645445
-0.0657900
0.0115273
-0.0197329
0.0774991
0.0644072
-0.0486509
0.0707147
0.0920224
0.0357973
-0.0530126
-0.0679032
0.0064396
0.0600100
-0.0487390
0.0626724
-0.0562450
-0.0202694
-0.0745028
-0.0519157
-0.0012194
0.0902649
-0.0324284
-0.0889237
-0.0561391
0.0516092
0.0918194
-0.0447317
0.0110968
0.0819629
0.0704637
-0.0166320
-0.0224958
0.0186684
0.0319217
0.0217184
0.0758472
0.0254781
-0.0275140
0.0647872
-0.0514126
0.0703654
0.0135510
0.0356297
0.0577512
-0.0265693
-0.0940336
0.0628063
-0.0889495
-0.0001648
-0.0448295
-0.0714195
-0.0311859
-0.0110857
0.0639857
0.0523833
-0.0389761
0.0392280
0.0222482
0.0578793
0.0378867
-0.0219831
-0.0778332
-0.0163013
0.0360651
0.0022146
-0.0584568
-0.0507519
-0.0501226
0.0320232
0.0486078
0.0349923
0.0930224
0.1757297
0.0395851
-0.0917876
0.0230814
-0.1351250
-0.3739988
-0.4079579
-0.3782639
-0.0124695
0.4543983
0.8901343
0.7113237
0.1578863
-0.3107566
-0.4319587
-0.3089507
-0.1552833
-0.1573021
0.0152151
0.0179166
0.0156434
0.1755613
0.1824220
0.1280015
0.0628142
0.0096876
0.0935069
-0.0340903
0.0119348
-0.0559183
-0.1144402
-0.0452339
-0.0185675
-0.0451558
-0.0965456
-0.0636952
-0.0166667
0.0001248
0.0423602
-0.0663394
-0.0554880
-0.0186858
0.0872930
0.0158736
0.0769578
-0.0829990
-0.0374444
0.0177624
0.0297755
-0.0128933
0.0746713
-0.0526378
-0.0329094
-0.0615534
0.0156411
0.0996525
-0.0478159
0.0602163
0.0208971
0.0661774
0.0303143
0.0392565
-0.0437736
-0.0725744
0.0418635
-0.0903299
0.0865961
-0.0433748
-0.0870787
-0.0091894
0.0500088
0.0144278
0.0905555
0.0487158
0.0902609
0.0530324
-0.0716473
-0.0709958
0.0306121
-0.0342131
-0.0677812
-0.0419913
0.0629860
0.0082884
-0.0425852
0.0539101
0.0924743
0.0297234
-0.0155325
0.0701372
0.0118928
-0.0236474
-0.0722882
-0.0339128
-0.0449592
-0.0173615
-0.0478202
-0.0899384
-0.0326536
-0.0919501
-0.0542803
-0.0322546
0.0888669
0.0024255
0.0295987
0.0529619
0.0700004
0.0034863
-0.0350965
0.0864592
0.0166725
0.0600699
-0.0358887
0.0844015
-0.0905755
0.0660456
0.0068794
-0.0030471
-0.0610192
0.0646777
-0.0689507
0.0091490
0.0837992
0.0715196
0.0339634
0.0865451
-0.0214011
0.0611630
0.0304384
-0.0376389
-0.0351412
0.0104182
-0.0266772
-0.0352651
-0.0391793
0.0259544
-0.0844211
-0.0024161
0.0071972
-0.0824489
-0.0045370
-0.0862213
-0.0912062
-0.0925402
0.0834427
-0.0614828
0.0222244
-0.0207978
-0.0596472
0.0750055
0.0584881
0.0086517
-0.0886968
-0.0672796
-0.0234379
-0.0598087
-0.0468610
-0.0121752
0.0158910
-0.0870895
-0.0629428
0.0068787
0.0083718
-0.0004846
0.0377206
-0.0463211
0.0697460
-0.0325675
0.0438651
-0.0654836
0.0586847
0.0648593
-0.0058874
-0.0389711
0.0150656
0.0442457
-0.0997324
-0.0031063
-0.0191876
-0.0684806
-0.0792070
-0.0461948
0.0175991
-0.0244147
0.0194468
0.0619188
0.1063666
-0.0132760
0.0481581
0.0083320
0.0135599
-0.0424479
-0.0063301
-0.1230669
-0.1069653
0.0148031
-0.0093796
0.0085775
-0.0378993
-0.0120218
0.1210719
0.1432586
0.0793955
0.1500332
0.1554954
0.1376860
0.1061913
0.0151259
-0.1357769
-0.1576434
-0.0866465
-0.3608877
-0.5445500
-0.3242684
0.0809175
0.7007913
0.8283308
0.5664504
-0.0013853
-0.4549757
-0.4075993
-0.2918209
-0.0702148
-0.0135498
-0.0892256
-0.0630319
0.0749204
0.1720847
0.1994705
-0.0109823
0.1269744
0.1214213
0.0347418
-0.0487252
0.0453937
-0.0182090
-0.0806445
-0.0184647
-0.0968357
-0.0968366
-0.0102832
0.0979820
0.0291756
-0.0015787
0.0538535
-0.0459950
0.0989188
-0.0063599
0.0223814
0.0547538
0.0309176
0.0182012
-0.0077367
0.0740335
-0.0073285
-0.0777644
-0.0281677
-0.0388026
-0.0880570
0.0169598
0.0007203
-0.0208364
-0.0749760
0.0800210
0.0237522
0.0058589
-0.0098129
0.0818228
0.0709221
-0.0971417
0.0058917
-0.0045582
-0.0388046
0.0420106
0.0399534
0.0337638
0.0056085
0.0046772
-0.0374799
-0.0325271
-0.0636284
-0.0158846
0.0666409
-0.0005191
0.0437550
-0.0638001
0.0830413
0.0652956
0.0819021
0.0278731
-0.0891075
0.0571860
-0.0095546
-0.0894585
0.0844661
0.0198082
0.0640158
-0.0334365
-0.0316090
-0.0680226
0.0293558
-0.0634433
0.0538709
-0.0575244
-0.0455720
-0.0870373
0.0317491
0.0331443
-0.0709149
0.0385175
-0.0183953
0.0509080
0.0215825
-0.0645711
0.0371610
0.0387005
-0.0002153
-0.0881069
0.0492842
-0.0151392
-0.0293344
0.0765114
0.0073310
-0.0009022
-0.0116080
0.0791575
-0.0428658
0.0051937
-0.0099002
0.0035201
-0.0115593
-0.0887384
-0.0127191
-0.0192803
0.0872870
-0.0005709
0.0611653
-0.0734978
0.0270338
-0.0842029
-0.0212962
-0.0653408
0.0116572
0.0239915
0.0586712
-0.0743619
-0.0760887
-0.0308741
-0.0088709
-0.0466773
0.0509824
-0.0068554
-0.0540934
-0.0879690
0.0356387
-0.0297419
0.0757291
-0.0446305
0.0483999
-0.0872811
-0.0240754
-0.0831382
-0.0773081
0.0584205
-0.0598849
-0.0661850
0.0003645
-0.0539971
0.0522158
0.0750935
-0.0588021
-0.0123558
0.0413484
0.0295465
-0.0128906
-0.0294372
-0.0887468
0.0254838
0.0161792
-0.0497493
0.0079737
-0.0504265
-0.0496561
0.0386584
-0.0199324
-0.0283858
0.0372298
0.0566853
-0.0224001
0.0287030
0.0350713
0.0261063
-0.0392352
-0.0971452
-0.1116979
-0.0742480
0.0081756
-0.0905732
-0.0272739
-0.0930479
-0.0951320
-0.0098202
0.0827584
-0.0151206
0.0986081
0.0309255
0.1966821
0.0166134
0.0595173
0.0447731
-0.1042682
-0.1241147
-0.3148014
-0.4833329
-0.4676366
0.0169969
0.4888754
0.8127448
0.6629931
0.1068537
-0.2772131
-0.5489469
-0.4246179
-0.1051041
0.0121768
-0.1360846
0.0774128
0.0468173
0.2114350
0.1922567
0.1155905
0.0405212
0.0718096
-0.0091321
0.0208692
-0.1093963
0.0077657
0.0162273
0.0088905
-0.0092586
0.0292541
-0.0287840
0.0303976
-0.0106218
-0.0301485
-0.0199353
0.0212366
0.0780972
-0.0498449
0.1000422
-0.0403655
-0.0002791
-0.0501687
-0.0285778
-0.0044762
0.0058487
-0.0955253
-0.0898368
0.0570067
0.0244642
0.0162326
0.0721748
-0.0664654
-0.0248207
0.0464557
0.0443188
0.0140508
-0.0815728
-0.0930735
0.0436312
-0.0562971
0.0346855
-0.0693112
0.0649737
-0.0856144
0.0911636
-0.0642693
-0.0343222
-0.0237471
-0.0364943
-0.0760326
-0.0586462
0.0481902
-0.0854382
0.0016859
0.0837812
-0.0913647
0.0351029
-0.0447653
-0.0776006
-0.0616001
0.0198413
-0.0087804
-0.0904754
0.0878347
0.0247978
0.0111516
0.0760232
0.0666943
-0.0359367
-0.0821114
-0.0570599
0.0782457
0.0858363
-0.0599925
-0.0108363
-0.0424215
-0.0313605
0.0430933
0.0302208
0.0650123
-0.0588432
0.0327447
-0.0781036
0.0354485
-0.0493114
0.0551539
0.0858088
0.0299969
-0.0058195
0.0920788
0.0276423
-0.0390302
-0.0178085
0.0882574
-0.0114757
0.0166750
0.0742765
-0.0140677
-0.0839348
-0.0883580
0.0421342
0.0227860
-0.0802130
0.0763433
-0.0725137
0.0633281
-0.0743486
0.0398001
0.0361014
-0.0038315
-0.0865202
0.0042180
-0.0759486
-0.0505518
0.0921854
0.0447738
-0.0897642
-0.0089311
-0.0834917
0.0754641
0.0151400
0.0941214
-0.0021588
-0.0036756
0.0565102
-0.0111172
0.0053911
-0.0478111
0.0021938
0.0164089
-0.0891235
-0.0382166
-0.0760780
0.0638240
0.0199898
-0.0209340
0.0669528
-0.0838935
-0.0567617
-0.0748097
-0.0410153
0.0125592
-0.0251151
-0.0478173
0.0022125
-0.0621391
-0.0064158
0.0127708
0.0185696
-0.0554191
-0.0148986
-0.0248432
-0.0111921
0.0243815
-0.0290796
-0.0385035
0.0572509
-0.0198308
-0.0618644
0.0457082
0.0625198
-0.0716158
0.0729705
-0.0402204
-0.0342655
-0.0531643
0.0064331
-0.1243471
-0.0515589
-0.1156018
0.0163780
0.0607393
0.0431994
0.0927324
0.0568736
0.1265916
0.0734727
0.1600536
0.0376087
-0.0445621
0.0296493
-0.1314626
-0.2197273
-0.3010076
-0.5452222
-0.3120393
0.1865460
0.6768936
0.8098066
0.5784715
0.0402387
-0.4950709
-0.4560520
-0.3632512
-0.0645441
-0.0937233
-0.1004554
-0.0157526
0.1258803
0.1333823
0.1151073
0.0441845
0.0056307
0.0259937
0.0880814
0.0621156
0.0131951
0.0247299
-0.0924918
-0.1124793
-0.0038531
0.0623027
-0.0024160
0.0635501
-0.0355560
0.0628477
-0.0307534
0.1110559
-0.0363782
0.0007034
-0.0320713
0.0724568
-0.0813615
0.0148231
-0.0081476
-0.0764182
0.0761204
-0.0026703
0.0835022
-0.0517576
-0.0789713
-0.0055996
0.0214390
0.0708200
-0.0160791
-0.0733851
-0.0397077
-0.0350792
-0.0628681
-0.0432720
-0.0896844
0.0500862
-0.0279749
-0.0209715
0.0655396
-0.0355756
-0.0252295
0.0304855
-0.0343764
0.0434652
0.0860303
0.0321864
0.0042117
0.0024992
0.0091394
0.0255981
0.0081606
-0.0901358
0.0081386
0.0443169
-0.0002620
-0.0024119
0.0854449
0.0302252
0.0202479
-0.0033898
-0.0794039
0.0349365
0.0013165
0.0777385
0.0343073
-0.0773767
0.0270141
0.0395461
0.0295287
-0.0497456
-0.0914810
0.0776786
0.0672219
-0.0881925
-0.0777301
0.0691091
-0.0918313
0.0549681
0.0907761
-0.0041537
-0.0356806
0.0534653
0.0427093
0.0422046
-0.0122735
0.0728913
-0.0826381
0.0575653
-0.0026752
-0.0854160
-0.0846012
-0.0330536
-0.0559436
0.0863172
-0.0747001
0.0367050
0.0062847
0.0406210
-0.0848713
0.0458296
-0.0755219
-0.0583176
-0.0103602
-0.0523947
0.0737912
-0.0777115
-0.0019964
0.0539553
0.0118630
-0.0681639
-0.0248888
-0.0707641
0.0248056
0.0351936
-0.0541531
0.0427598
-0.0885135
-0.0872194
0.0635596
-0.0293229
0.0549468
-0.0238615
-0.0367030
-0.0840912
0.0478434
-0.0479322
-0.0607226
-0.0610669
-0.0717223
0.0395490
0.0732329
-0.0939565
-0.0610215
0.0796302
0.0393081
0.0166884
0.0121278
-0.0736301
-0.0132548
