-0.0417579
-0.0005189
0.0544692
-0.0174860
-0.0206605
-0.0152679
-0.0427514
-0.0176165
-0.0654518
-0.0327522
0.0017835
-0.0239418
-0.0581648
0.0453477
0.0196265
-0.0094109
-0.0040782
0.0179134
-0.0080322
-0.0240684
-0.0472789
-0.0492830
-0.0531219
0.0087164
0.0368752
-0.0262295
0.0130212
0.0363231
-0.0509153
-0.0151882
-0.0218638
-0.0467760
-0.0521469
-0.0226899
0.0397727
-0.0305325
-0.0008012
-0.0139042
0.0285388
-0.0328799
0.0007435
0.0322816
0.0392733
0.0315259
-0.0156821
0.0430546
0.0141666
-0.0462042
0.0046998
-0.0086931
0.0062938
-0.0422634
0.0119831
-0.0051336
-0.0582210
-0.0389866
-0.0404370
0.0134253
-0.0421384
0.0658846
0.0526619
0.0476250
-0.0016886
-0.0177789
-0.0521245
0.0374628
-0.0401521
0.0109733
-0.0682967
-0.0769819
-0.0208025
-0.0377274
0.0014858
0.0032232
0.0426281
0.0958667
0.0506936
0.0923325
-0.0005496
0.0257257
-0.0551651
-0.1216321
-0.1696586
-0.2274279
-0.2513985
-0.0478400
0.0785112
0.2527973
0.2396567
0.1550841
0.0351297
-0.0052137
-0.0920153
-0.0726199
-0.1743196
-0.0780959
-0.0056532
0.0079718
0.0209625
-0.0306277
0.0056324
0.0105804
0.1026668
0.0618335
0.0085588
-0.0045463
0.0081061
-0.0372504
-0.0253827
-0.0671372
-0.0413537
0.0025550
0.0350278
-0.0623075
-0.0550611
-0.0361567
-0.0254367
0.0259886
-0.0023985
0.0555618
0.0338982
0.0120038
-0.0229233
0.0011889
-0.0444028
0.0062522
-0.0387788
-0.0352930
0.0380989
-0.0354182
-0.0407987
-0.0324019
0.0046378
0.0595785
-0.0375984
0.0515182
0.0550246
0.0201219
-0.0424709
0.0116624
-0.0342771
0.0247496
-0.0573054
-0.0237996
0.0538440
-0.0185097
0.0194369
-0.0163726
-0.0455471
0.0245660
-0.0180051
-0.0301459
-0.0270522
0.0320385
-0.0342628
-0.0139651
0.0334048
-0.0186274
-0.0445537
-0.0410551
0.0384654
-0.0508659
0.0400756
0.0079203
-0.0536352
-0.0562577
-0.0378590
0.0117257
-0.0470007
-0.0429664
-0.0539904
-0.0595154
0.0155357
-0.0150897
0.0597004
0.0083688
0.0013536
-0.0252551
0.0687988
-0.0422922
0.0047306
-0.0375966
-0.0485758
-0.0607279
-0.0777300
0.0222887
-0.0785842
0.0054338
-0.0381436
0.0299356
0.0697510
0.0978653
0.0805139
0.0597220
0.0393422
0.0885788
0.0687055
-0.0409318
-0.1165476
-0.1725178
-0.1794303
-0.1949915
-0.0171155
0.1545242
0.2319827
0.1518103
0.1889423
0.1126196
0.0143746
-0.0577621
-0.0509495
-0.1504050
-0.1324254
0.0028301
-0.0728336
0.0350478
0.0100241
0.0330839
0.0526644
0.0928595
-0.0029784
0.0256490
0.0526818
-0.0419287
-0.0347820
-0.0490146
-0.0095384
-0.0356060
-0.0005913
-0.0718665
0.0187510
0.0363050
-0.0529190
0.0615765
0.0325577
0.0430238
0.0177036
0.0321705
-0.0362653
0.0433960
0.0425887
0.0163317
0.0342886
-0.0570981
-0.0329506
0.0367282
-0.0537166
0.0012355
-0.0332439
0.0583586
0.0036556
-0.0493739
0.0023086
-0.0063928
-0.0564318
0.0038936
0.0365159
0.0036169
0.0539996
-0.0131565
0.0461576
0.0035682
0.0243067
0.0480244
-0.0357865
0.0085068
0.0101257
0.0220437
0.0245040
-0.0419367
-0.0467396
0.0108262
-0.0187699
0.0212175
0.0037949
-0.0042960
-0.0285072
-0.0376220
-0.0006486
0.0488596
-0.0432140
-0.0532856
-0.0079542
0.0197896
-0.0641763
-0.0421699
0.0082709
0.0201159
0.0086491
0.0389677
0.0087422
-0.0367772
0.0007377
0.0595307
-0.0382457
0.0362746
-0.0361878
0.0155456
0.0022111
0.0033138
-0.0599040
-0.0055424
-0.0186054
0.0042819
0.0113305
-0.0132529
-0.0497161
0.0655792
-0.0067102
-0.0066733
0.0858670
0.0351674
0.0941494
-0.0023448
-0.0453116
-0.0354355
-0.1200241
-0.2411778
-0.2193665
-0.1531404
0.0538445
0.1818618
0.2281549
0.1647728
0.0476069
0.0021925
-0.0420427
-0.1318283
-0.0615677
-0.0396330
-0.0922651
-0.0227504
-0.0572298
0.0052017
0.0634018
0.0247475
0.0823657
0.0718667
0.0214360
-0.0184696
0.0009354
-0.0131953
-0.0276150
-0.0452166
-0.0524313
0.0016218
-0.0142744
-0.0535531
-0.0513251
0.0403389
-0.0080987
-0.0016165
0.0372470
0.0204726
-0.0236389
0.0280227
0.0143451
0.0266357
0.0362434
0.0130780
-0.0320792
0.0211968
0.0534263
-0.0543910
0.0523149
-0.0029814
-0.0109096
-0.0215569
-0.0385223
-0.0335134
0.0219724
-0.0021704
0.0321768
0.0598537
0.0421822
0.0218287
0.0162597
0.0430841
0.0334695
0.0012626
-0.0167380
-0.0475816
-0.0382735
0.0337229
0.0512927
0.0017438
-0.0335181
0.0200876
0.0260104
0.0191451
-0.0127678
0.0414264
-0.0054947
-0.0522434
0.0329971
0.0531860
-0.0413946
0.0202610
0.0063325
0.0340319
0.0154216
-0.0577410
0.0094393
0.0277385
-0.0182255
-0.0099294
-0.0511141
-0.0353043
-0.0413523
0.0024123
0.0648514
0.0089726
0.0426347
0.0667064
-0.0234018
-0.0663491
-0.0704746
-0.0544437
0.0054113
0.0271354
0.0283832
0.0349298
-0.0469174
0.0212340
-0.0278286
-0.0000205
0.1097273
0.0326448
0.0328870
0.1034319
0.0530166
-0.0332036
-0.0886743
-0.1535543
-0.2563229
-0.1804424
-0.0049164
0.1766042
0.2434479
0.2434046
0.1441841
0.0945716
-0.0061708
-0.1070918
-0.0698038
-0.0483885
-0.0710266
-0.0215674
-0.0233884
-0.0410517
0.0040063
0.0535416
0.1010201
0.0017865
0.0285725
0.0445791
0.0478926
0.0062679
0.0236481
-0.0017293
0.0005785
-0.0744637
-0.0388735
-0.0247873
0.0202643
-0.0252097
0.0609535
0.0213527
0.0508308
0.0591711
0.0193199
0.0424644
-0.0098302
-0.0194385
-0.0604640
-0.0424976
0.0181018
-0.0286777
0.0473348
0.0367942
0.0384365
0.0480113
-0.0140161
-0.0030269
-0.0240995
-0.0230704
0.0333103
-0.0263309
-0.0554304
-0.0116349
-0.0527011
0.0144416
-0.0117087
-0.0071521
0.0189906
0.0359714
0.0559741
0.0561302
0.0036373
0.0251812
-0.0419767
-0.0336378
0.0398677
-0.0410760
-0.0259917
0.0456046
0.0105064
-0.0437488
0.0429735
-0.0229582
0.0161700
-0.0431999
0.0014438
0.0162572
-0.0201413
-0.0268879
0.0426390
0.0516895
0.0333931
-0.0394365
0.0151396
0.0291726
-0.0207827
-0.0014872
-0.0163031
0.0250437
0.0460254
0.0374298
0.0533564
0.0045535
-0.0082233
0.0683850
-0.0161299
-0.0352753
-0.0282945
0.0244274
-0.0441262
0.0053745
-0.0701551
-0.0220838
-0.0696946
0.0528389
0.0530382
0.0523692
0.1227931
0.1154681
0.1512534
0.1076743
0.0735041
0.0307031
-0.1367898
-0.1989549
-0.2946055
-0.1850140
0.0251329
0.1398380
0.1842839
0.0001519
0.0268697
0.0468653
0.3128024
0.3456924
-0.0291173
-0.3579742
-0.3586663
-0.1418018
0.0028526
0.0475625
0.0316573
0.0829900
0.1090122
0.0987239
0.1232187
0.0186418
0.0421242
-0.0011317
0.0341094
-0.0648816
-0.0514929
-0.0418695
-0.0733052
-0.0070924
-0.0658086
-0.0286125
0.0380253
-0.0389315
-0.0258068
0.0735936
-0.0114531
-0.0320210
0.0409374
-0.0055895
0.0184359
-0.0542886
-0.0031224
0.0290856
-0.0535604
0.0393964
0.0401018
-0.0135797
-0.0133487
0.0315161
0.0055209
-0.0200392
0.0069283
-0.0150363
-0.0468313
0.0344512
0.0250376
-0.0323128
-0.0407402
-0.0450612
-0.0354267
-0.0430733
0.0276594
0.0502742
0.0555197
0.0310204
0.0419141
-0.0036932
-0.0316441
-0.0383364
-0.0187357
-0.0405435
0.0251495
0.0286815
-0.0278740
0.0471200
-0.0027000
0.0103533
0.0130082
-0.0132339
-0.0127398
-0.0176383
0.0478925
0.0326526
-0.0446832
-0.0131610
0.0474730
0.0230036
0.0260364
-0.0161693
-0.0142116
0.0505421
-0.0010475
-0.0065359
0.0292144
0.0116139
0.0495894
-0.0527361
-0.0388521
-0.0321888
-0.0391919
-0.0513402
-0.0378903
0.0124259
0.0132758
0.0410458
0.0460870
0.0541070
0.0978875
0.0077991
0.0207632
0.0064714
0.0143302
0.0476426
-0.0653314
-0.1875169
-0.1884380
-0.2021949
-0.0030652
0.1066991
0.2601990
0.2026182
0.1689604
0.1071016
-0.0595581
-0.0567953
-0.0780784
-0.1079719
-0.0997533
-0.0776770
-0.0390048
-0.0203745
-0.0213080
-0.0096701
0.0172864
-0.0032065
0.0911931
0.0460355
-0.0414266
0.0263666
-0.0363575
-0.0212225
0.0074634
0.0262934
-0.0516247
0.0369414
0.0069317
0.0008849
0.0161619
0.0400210
-0.0461068
-0.0206953
-0.0428240
-0.0436007
0.0136633
0.0450746
-0.0452923
0.0443263
0.0301485
-0.0142017
0.0414870
-0.0436823
-0.0421793
0.0138455
0.0207040
0.0482728
0.0152028
0.0179950
0.0048018
-0.0365264
-0.0217789
-0.0571478
-0.0216839
0.0467982
-0.0507181
-0.0441571
0.0379710
0.0194394
0.0058037
0.0332793
0.0349849
-0.0568278
0.0286705
-0.0337834
-0.0172667
-0.0553889
-0.0080699
-0.0490252
-0.0400234
-0.0081642
0.0109617
0.0252027
-0.0343110
-0.0110031
0.0537857
-0.0138364
-0.0384035
-0.0405966
-0.0412937
-0.0206498
-0.0417984
-0.0066961
0.0283896
0.0434838
0.0184391
0.0210985
-0.0239375
0.0414516
0.0561263
0.0631365
-0.0127233
-0.0188925
-0.0334662
0.0194140
-0.0288783
-0.0625052
-0.0678860
-0.0209568
-0.0399776
-0.0737682
-0.0528170
-0.0238696
0.0382965
0.0179189
0.0521665
0.0343574
0.0798724
0.0163526
0.0595462
0.0163622
0.0876958
0.0510119
-0.0185127
-0.1360963
-0.2083746
-0.1341005
-0.0161582
0.1375109
0.1865386
0.2698903
0.2045193
0.0790598
-0.0308142
-0.0858588
-0.0366946
-0.0899240
-0.0778195
-0.0541754
-0.0365475
-0.0416634
-0.0105699
-0.0097037
-0.0070360
0.0781369
0.0511941
0.0219740
-0.0245478
-0.0126161
-0.0198760
0.0069395
-0.0464161
-0.0286384
-0.0679829
-0.0141830
-0.0126096
0.0522910
0.0388752
-0.0349410
-0.0014299
0.0654199
0.0433315
0.0157108
0.0265689
0.0450043
-0.0202093
0.0191405
-0.0102782
-0.0100426
-0.0503387
-0.0481022
-0.0362866
-0.0054316
0.0146340
-0.0542485
-0.0218446
-0.0361990
-0.0396768
0.0439235
0.0486132
0.0447828
-0.0200849
-0.0191612
-0.0062365
-0.0125839
0.0265512
-0.0405111
-0.0461077
0.0270403
0.0045114
0.0053307
-0.0304328
-0.0117149
-0.0070998
-0.0563545
-0.0203400
0.0491861
0.0512341
0.0067185
-0.0095090
0.0564728
0.0298456
0.0213239
-0.0451900
0.0173902
-0.0475755
-0.0445540
0.0068563
0.0141067
-0.0484559
-0.0041414
0.0210288
-0.0360986
-0.0078438
0.0346513
-0.0125990
0.0577156
-0.0214081
-0.0311174
0.0213451
0.0131304
0.0626062
-0.0245923
-0.0398069
-0.0628306
-0.0431697
-0.0372114
-0.0210213
-0.0075371
-0.0781748
-0.0094208
0.0118188
0.0121201
0.0820397
0.0292356
0.0361753
0.0231711
0.0873725
0.0588360
0.0511082
-0.0921015
-0.1563765
-0.2443514
-0.2506480
-0.1251518
0.1544518
0.1947528
0.2376157
0.1812954
0.0037621
-0.0708206
-0.1378000
-0.0907179
-0.1648641
-0.1228800
-0.0209955
-0.0542616
0.0434630
-0.0032390
0.0845032
0.0374185
0.0440918
0.0363586
0.0424176
-0.0462602
-0.0049039
0.0330672
-0.0569813
-0.0064005
-0.0514731
-0.0645093
-0.0515688
-0.0181851
0.0304308
0.0228862
-0.0048888
-0.0245876
0.0713271
-0.0264129
0.0297424
-0.0455532
-0.0283217
-0.0397985
0.0443675
-0.0520500
-0.0381787
-0.0199282
-0.0311201
-0.0613609
0.0281202
0.0558480
0.0451439
-0.0019874
-0.0469095
-0.0431773
-0.0153523
0.0444088
0.0498871
-0.0338682
-0.0597501
0.0285845
0.0029749
0.0316824
-0.0018969
0.0276950
-0.0179872
-0.0268486
0.0456960
-0.0540591
0.0389326
-0.0439548
0.0026566
-0.0535295
-0.0477969
-0.0355618
-0.0572221
-0.0307248
0.0604536
0.0182250
-0.0240080
-0.0086934
-0.0215442
0.0209670
-0.0289041
-0.0210466
0.0259260
-0.0078101
0.0190414
0.0150245
0.0263947
-0.0414539
0.0020441
-0.0209287
0.0259684
0.0565606
-0.0270856
0.0658867
0.0687303
0.0655108
0.0088056
0.0375527
-0.0211220
-0.0221270
-0.0411956
-0.0597612
-0.0282525
0.0174928
-0.0031305
-0.0546261
-0.0023534
0.0647768
0.0589470
0.0236865
0.0440605
-0.0011809
0.0683315
-0.0017638
-0.0040309
-0.1161871
-0.2361955
-0.1548303
-0.1300796
0.0335244
0.1294986
0.2007366
0.2285378
0.0842044
0.0807941
-0.1044170
-0.0449522
-0.0619408
-0.0847020
-0.0889132
0.0053411
0.0149182
0.0420020
0.0280143
0.0827231
0.0199628
0.0601799
0.0114486
-0.0084690
0.0170898
-0.0562142
-0.0535221
0.0325086
0.0025894
-0.0504021
-0.0492141
-0.0648601
-0.0480239
-0.0181351
0.0021516
-0.0055237
0.0661971
-0.0092586
0.0077992
-0.0517505
0.0549346
-0.0012312
-0.0408879
-0.0577674
0.0013990
0.0060806
-0.0481736
-0.0027441
-0.0075513
-0.0375662
-0.0106712
-0.0366977
0.0318437
-0.0320365
0.0216118
-0.0445839
-0.0478263
0.0548285
-0.0566039
-0.0132121
-0.0565000
-0.0014648
-0.0248444
0.0487230
-0.0384847
0.0078644
-0.0095424
0.0375536
-0.0577595
0.0008791
0.0289175
0.0172767
0.0204423
0.0243759
-0.0071947
0.0264337
-0.0138788
0.0548949
-0.0475754
0.0440919
0.0465571
0.0000028
0.0002256
0.0199824
0.0497733
-0.0560370
-0.0598331
-0.0292134
0.0045131
0.0505150
-0.0483494
-0.0518128
0.0407555
-0.0039156
0.0538060
-0.0041903
0.0377517
0.0015545
0.0221109
-0.0523854
0.0160481
0.0189409
-0.0652530
0.0213653
0.0265148
-0.0606786
0.0400569
-0.0315357
0.0271383
-0.0283288
0.0218095
0.0404362
0.0144020
0.0193884
0.0112997
-0.0108463
-0.0824343
-0.1211658
-0.1449200
-0.1290138
0.0019597
0.2124665
0.2317225
0.1532335
0.0604372
-0.0224611
-0.0642123
-0.1945725
-0.1765035
-0.2426519
-0.1414189
0.1435552
0.4203533
0.3779631
0.1117639
-0.2111007
-0.2834674
-0.1843022
0.0405183
0.0132490
0.0368413
-0.0693892
0.0287529
-0.0010079
0.0729433
0.0134096
0.0316703
-0.0263799
-0.0343770
0.0229906
-0.0339000
0.0034112
0.0174408
-0.0147550
-0.0603381
0.0463459
0.0287896
-0.0024819
0.0651071
0.0605935
0.0462725
0.0547897
-0.0487819
-0.0156905
-0.0554294
-0.0600657
-0.0529611
-0.0079541
0.0481854
0.0184776
-0.0171633
0.0440723
0.0589138
0.0416237
0.0329821
0.0300578
0.0048353
-0.0331419
0.0003852
-0.0367597
0.0091451
0.0295238
-0.0176362
-0.0209024
-0.0540849
-0.0249350
0.0265073
0.0084139
0.0533237
-0.0340631
-0.0122702
-0.0275815
0.0527971
0.0461619
0.0403670
-0.0316963
0.0222473
-0.0214276
-0.0079814
-0.0373377
0.0331193
-0.0177453
0.0106181
0.0146747
0.0040491
-0.0510743
0.0115600
0.0456363
0.0222108
-0.0146885
-0.0150668
0.0398126
0.0257440
0.0063718
0.0545827
-0.0567626
0.0215735
0.0035061
-0.0325315
-0.0498955
0.0181511
-0.0325723
-0.0271260
-0.0168131
0.0361873
0.0079762
0.0113759
0.0471424
0.0796408
0.0867349
0.0187331
