-0.0211079
-0.0091990
-0.0875592
0.0734050
-0.0507728
0.0591581
0.0686515
-0.0778666
-0.0285501
0.0031503
0.0733826
-0.0765430
-0.0068299
0.0931569
0.0002321
0.0071004
0.0009470
0.0756354
0.0202204
0.0878307
0.0833794
0.0160397
-0.0519544
-0.0760622
-0.0728747
-0.0045438
0.0546349
0.0436075
-0.0632244
0.0554074
-0.0348277
0.0044379
0.0739854
-0.0684447
0.0442879
0.0108369
-0.0253207
-0.0331311
0.0863503
0.0670280
0.0647175
0.0779698
0.0880304
0.0716603
0.0201740
-0.0875363
0.0315589
0.0116179
0.0225938
0.0697981
-0.0880663
0.0603281
0.0015575
0.0664406
0.0890497
-0.0215475
-0.0292179
0.0578963
-0.0676482
-0.0903910
-0.0342979
-0.0800872
0.0862032
0.0909966
-0.0259729
0.0110351
-0.0035714
0.0414914
0.0519356
-0.0634581
-0.0112447
-0.0810587
0.0766932
0.0923538
-0.0214650
-0.0795859
-0.0192160
0.0279962
-0.0189448
0.0606670
0.0199035
0.0194052
0.0300089
0.0042035
-0.0663836
0.0203837
0.0040662
0.0770008
0.0342278
0.0056440
0.0412321
-0.0882571
-0.0025163
0.0459037
-0.0610895
0.0090554
-0.0390863
-0.0304404
-0.0736742
-0.0150801
0.0035950
0.0237125
-0.0540982
0.0555997
-0.0901704
0.0638334
-0.0374447
0.0010184
0.0246153
0.0305803
-0.0333938
-0.0910375
0.0609583
0.0613889
-0.0241604
0.0671042
-0.0307658
0.0838877
-0.0890020
-0.0551278
0.0390720
0.0646785
0.0766848
-0.0488726
0.0542917
-0.0821248
0.0985792
-0.0328944
0.0586423
0.0725061
-0.0912603
0.0692214
0.0253383
-0.0299590
0.0151401
0.0294356
0.0069757
0.0210794
0.0670588
-0.0695146
-0.0499715
-0.0004209
-0.0265491
0.0649912
-0.0478672
-0.0697781
-0.0698619
-0.0832893
-0.0683103
-0.0056862
-0.0039970
-0.0025593
-0.0157025
0.0659347
-0.0017489
0.1174843
0.1218200
0.1343025
0.1008513
0.0561481
0.1754033
0.0037901
-0.0510074
-0.1449407
-0.1210422
-0.3378497
-0.5342422
-0.4464563
-0.1303539
0.4027440
0.7919267
0.7620866
0.2326126
-0.3057307
-0.5611763
-0.3444922
-0.2094113
-0.1578112
-0.0017494
-0.0832095
-0.0340591
0.0671679
0.1975122
0.0472165
0.0259502
0.0912715
0.0161700
-0.0499257
0.0360032
-0.1093508
0.0092140
0.0057734
-0.0725126
0.0367310
-0.0264751
-0.0449255
-0.0171185
-0.0620584
-0.0555617
-0.0034069
0.0877262
0.0272558
-0.0783936
-0.0178985
-0.0590913
0.0377863
-0.0162905
-0.0981301
0.0326072
-0.0907391
0.0739530
-0.0466556
0.0366962
0.0770556
-0.0046696
-0.0048785
0.0877022
-0.0514410
-0.0351332
-0.0877314
-0.0064290
0.0814511
0.0293432
0.0051642
0.0560166
-0.0464911
-0.0768780
-0.0833457
-0.0888820
-0.0780706
0.0360729
-0.0026243
-0.0643249
-0.0852136
0.0080490
0.0906940
0.0299533
-0.0134352
-0.0397836
-0.0780532
0.0616714
0.0213291
-0.0743400
-0.0491513
0.0752984
-0.0134733
-0.0444335
-0.0661950
-0.0646040
0.0298941
0.0499655
-0.0574619
0.0925140
-0.0326876
0.0849821
-0.0877657
0.0165972
0.0313793
-0.0417513
0.0649189
-0.0866945
-0.0152264
-0.0236486
-0.0241114
0.0926714
0.0576213
-0.0426328
-0.0582765
-0.0924961
0.0616141
-0.0186975
0.0552007
-0.0560896
0.0394271
-0.0898707
0.0154383
-0.0241694
-0.0606476
0.0473824
0.0308927
-0.0271338
-0.0150503
0.0826912
-0.0880396
0.0521567
-0.0042543
0.0001712
0.0618516
-0.0343308
0.0285346
0.0673337
-0.0404989
0.0251686
-0.0258503
-0.0416049
-0.0260688
0.0161552
-0.0620611
0.0039544
-0.0301608
-0.0602566
-0.0538596
-0.0531393
-0.0133266
0.0279665
-0.0202819
0.0633018
0.0908809
-0.0006965
0.0496224
0.0794114
-0.0655688
0.0520157
0.0240592
0.0366365
0.0782346
0.0195678
-0.0677589
0.0480558
-0.0626982
0.0272957
0.0392036
0.0170479
-0.0627714
0.0472884
0.0315507
-0.0596391
-0.0644297
-0.0549502
-0.0574523
0.0786286
0.0007444
-0.0486152
0.0286217
0.0686763
-0.0739198
0.0649012
-0.0943044
-0.0614738
0.0209776
0.0863619
0.0410536
-0.0670390
0.1007401
-0.0356635
0.0837694
-0.0718730
-0.0052978
0.0102862
-0.0831615
-0.0956093
-0.0953502
0.0355552
-0.1031226
-0.0709019
-0.0324439
0.0217076
0.0211074
-0.0176028
0.1727155
0.1928329
0.1182463
0.1217228
0.0657107
-0.1053655
-0.0994333
-0.1863551
-0.4084513
-0.5021455
-0.4003969
0.1304335
0.5210807
0.8457756
0.7176487
0.0577392
-0.3913400
-0.4354156
-0.3685771
-0.1702244
0.0025948
0.0291900
0.0008957
0.0634407
0.2079743
0.1561836
0.1008002
-0.0007806
0.0196154
-0.0260599
-0.0032782
-0.0131990
-0.0304079
0.0332251
-0.0446464
0.0499733
-0.0885684
0.0503722
-0.0431913
-0.0191701
0.0408064
-0.0448824
0.0275478
0.0662246
-0.0684268
-0.0415520
0.0112799
-0.0193163
0.0675790
0.0051050
-0.0669332
-0.0186651
-0.0203044
-0.0275501
-0.0312050
0.0560670
-0.0466365
-0.0337004
0.0795269
0.0107087
-0.0242867
-0.0455062
0.0838744
-0.0786444
-0.0235561
-0.0853124
-0.0666520
-0.0447836
-0.0173704
-0.0724567
-0.0573822
-0.0738000
0.0548977
-0.0757357
0.0358173
0.0061618
-0.0387252
-0.0229564
0.0331984
-0.0493512
-0.0316363
-0.0501754
0.0569809
0.0337291
-0.0512640
0.0476240
-0.0554791
0.0172186
0.0504179
-0.0543239
-0.0883095
0.0024837
-0.0737953
-0.0689717
-0.0236557
-0.0850901
0.0790724
0.0450831
0.0762112
0.0211224
-0.0078631
-0.0149822
-0.0061625
0.0530144
-0.0673778
0.0318879
-0.0609246
-0.0022022
0.0628906
0.0460734
-0.0822214
0.0047535
-0.0550056
-0.0225300
-0.0911167
-0.0241625
0.0799256
-0.0264468
-0.0370144
-0.0178824
0.0471915
0.0274105
-0.0237232
0.0529103
0.0228163
-0.0458173
-0.0658905
0.0480187
0.0063524
-0.0753222
-0.0162255
0.0862483
0.0301664
0.0123471
0.0549977
0.0057494
-0.0848529
-0.0250395
-0.0477989
0.0483616
0.0085690
-0.0226677
-0.0885605
-0.0611179
0.0808893
-0.0291541
0.0126620
0.0345317
0.0644013
0.0840930
-0.0051790
-0.0651550
-0.0564215
-0.0413118
0.0032369
0.0728738
-0.0218794
-0.0319949
-0.0094993
0.0067578
0.0037934
-0.0125944
0.0139785
-0.0731808
-0.0947678
-0.0196744
0.0822501
0.0016156
-0.0027626
-0.0229848
0.0340202
0.0752265
0.0067950
0.0306380
0.0017174
-0.0820248
0.0025831
-0.0163160
-0.0848167
0.0706894
-0.0838583
-0.0294402
-0.0708991
0.0384810
-0.0893991
-0.0875368
-0.0612936
0.0403106
0.0562744
-0.0622413
-0.0563642
0.0751932
0.0239133
0.0936742
-0.0478775
0.0181948
0.0199897
-0.0577882
0.0028557
-0.0062186
0.0119061
-0.0096672
-0.0533439
-0.0641101
0.0834114
0.1590318
0.0805464
0.0278389
0.1287335
0.0183284
-0.0487221
-0.0728640
-0.1213274
-0.2621625
-0.3136238
-0.4408526
-0.2847090
0.2806855
0.6727804
0.7135464
0.4087421
-0.1682958
-0.5137169
-0.4191229
-0.2946163
-0.1525421
-0.0527825
-0.1203439
0.0126926
0.0832630
0.1643794
0.0653255
0.1575977
0.1465999
0.0933602
-0.0132748
-0.1085432
-0.0546756
-0.0229095
0.0314597
0.0002084
-0.1217448
0.0238751
0.0395450
0.0042246
-0.0366948
0.0875005
0.1075356
0.0122264
0.0159768
-0.0449147
-0.0659369
0.0444948
-0.0163412
0.0063460
-0.0164231
0.0409305
0.0190282
-0.0116486
0.0726744
-0.0883259
0.0361386
0.0738203
-0.0478251
-0.0603931
-0.0829342
0.0297341
0.0352834
0.0624974
-0.0718670
-0.0616050
0.0555310
-0.0683746
-0.0911921
-0.0002970
-0.0087997
-0.0547108
0.0239719
-0.0491606
-0.0382659
-0.0589614
0.0302823
0.0799065
-0.0356441
0.0592889
-0.0790926
-0.0577413
-0.0195127
0.0724244
0.0113488
-0.0737284
-0.0091899
0.0063578
-0.0881541
-0.0353894
-0.0012270
0.0365177
-0.0625150
0.0878855
0.0054948
0.0561688
0.0836671
0.0865149
0.0373483
-0.0413962
-0.0829790
0.0742900
-0.0241290
0.0563462
0.0041509
-0.0898162
-0.0720357
0.0525076
-0.0325838
-0.0307376
0.0544949
-0.0472706
0.0485793
-0.0872774
0.0835173
-0.0004001
-0.0195970
0.0040945
0.0750461
-0.0646614
-0.0479037
0.0492093
-0.0739729
0.0243405
0.0494679
0.0496550
0.0553723
0.0876303
0.0737500
0.0776933
-0.0235638
-0.0275903
0.0007659
0.0625943
-0.0186414
0.0313051
0.0146951
0.0500414
0.0853450
-0.0502253
0.0610083
-0.0110713
0.0395957
-0.0517683
-0.0140500
0.0772639
0.0305907
0.0664421
0.0106883
-0.0138193
-0.0855713
-0.0353617
0.0199946
-0.0136206
0.0328350
0.0030550
-0.0020435
-0.0634018
-0.0570834
-0.0751650
-0.0284024
-0.0457258
0.0565901
0.0224916
-0.0638782
0.0438942
0.0866113
-0.0320536
-0.0395110
0.0584848
-0.0730208
-0.0395836
-0.0878112
-0.0006387
0.0571318
0.0801966
0.0641779
0.0842077
0.0759650
-0.0462326
-0.0593967
0.0174843
-0.0861138
0.0721458
-0.0428510
-0.0652714
0.0512099
-0.1067593
0.0290233
0.0094463
-0.0016095
0.0255113
-0.0338431
0.0301357
0.0622904
-0.0163394
0.0292487
0.0789359
-0.0611321
-0.0125375
-0.0866502
0.0174941
0.0205641
0.0069127
-0.1356235
-0.0567298
0.0328381
0.0680095
-0.0171652
0.0035234
0.1519247
0.0772496
0.0496984
0.0835154
0.0891585
0.0996477
-0.0402997
-0.0544045
-0.2824271
-0.4570831
-0.4813580
-0.2771374
0.1806771
0.7941041
0.8275193
0.4630997
-0.0020447
-0.3416689
-0.3836154
-0.2340277
-0.1596555
-0.0218771
0.0317079
0.0337477
0.1260237
0.0888926
0.1935176
0.1475194
0.1073913
-0.0104114
-0.0738148
0.0573711
0.0188280
-0.0362097
-0.0839176
-0.0415586
-0.0886450
0.0109389
0.0613546
-0.0013516
0.0958231
0.0919920
0.0841694
0.0078754
0.0842992
0.0832063
-0.0773796
-0.0286423
-0.0300700
-0.0315779
0.0630760
0.0718595
-0.1031623
-0.0281682
-0.0275332
-0.0297813
0.0297158
0.0578346
-0.0011534
-0.0377295
0.0044946
0.0298957
0.0458189
0.0474951
0.0672289
0.0241558
-0.0646880
0.0513165
-0.0008590
-0.0167513
-0.0301175
-0.0855642
0.0122161
0.0187490
-0.0025968
-0.0666164
0.0605257
0.0132258
0.0645032
-0.0922107
0.0496911
0.0230771
-0.0457045
-0.0277250
0.0333926
-0.0044900
0.0254486
-0.0241707
-0.0700031
0.0492593
-0.0848268
0.0866500
-0.0240217
0.0034137
0.0623855
-0.0201824
-0.0334430
0.0140711
0.0044711
-0.0083038
-0.0452116
-0.0668619
0.0162456
-0.0786296
-0.0098023
0.0574908
0.0780771
0.0704356
-0.0375682
-0.0239315
-0.0547444
0.0615453
0.0714563
0.0446909
-0.0653562
-0.0414039
0.0663714
0.0668516
-0.0272226
0.0634202
0.0162169
-0.0312087
-0.0132808
0.0219439
0.0020981
0.0145250
0.0925890
-0.0233610
-0.0468047
-0.0348137
-0.0477248
-0.0836616
-0.0603157
-0.0000778
-0.0398831
-0.0737444
0.0033323
-0.0038899
0.0190922
-0.0008015
-0.0378231
0.0279611
0.0404665
0.0475975
-0.0498984
0.0010110
0.0628035
0.0879974
-0.0327553
0.0408108
0.0416427
-0.0816740
-0.0355197
0.0492852
0.0109112
-0.0668591
-0.0342841
-0.0257347
0.0285309
0.0136987
0.0510143
0.0798210
0.0466383
-0.0726988
0.0067303
0.0675415
0.0409396
-0.0404441
0.0833475
-0.0856987
0.0700008
0.0702038
-0.0075494
-0.0507127
0.0804598
0.0716320
-0.0332861
-0.0019749
-0.0332376
0.0877311
-0.0801842
-0.0958247
-0.0522123
-0.0135863
-0.0895907
-0.1040473
-0.0892309
0.0864243
-0.0530012
0.0316345
-0.0272224
-0.0035076
0.0380761
0.0238367
0.0777307
-0.0587633
0.0118091
0.0077130
0.0029111
-0.0025011
0.0018912
0.0008043
-0.1067040
-0.0116028
-0.0560418
0.0023992
-0.0004213
0.1201344
0.0907662
0.0214245
0.1755657
-0.0201706
-0.0999644
0.0134605
-0.1310506
-0.3082309
-0.3779175
-0.3874275
-0.1070149
0.4086717
0.8496368
0.7908771
0.1430730
-0.3150066
-0.4705795
-0.4672180
-0.2732731
-0.0575746
-0.0282256
-0.0324909
-0.0344490
0.0830777
0.0322530
0.0510332
0.0425862
-0.0082322
0.0960209
-0.0001885
-0.0652317
0.0314715
-0.0241598
-0.0832639
0.0350559
-0.0982940
-0.0058596
0.0032619
0.0711467
-0.0020013
0.0487936
-0.0579385
0.0360552
-0.0266722
0.0353150
-0.0368647
0.0670823
0.0657158
0.0563550
-0.0825356
-0.0777248
0.0307670
0.0778431
-0.0677600
-0.0781121
-0.0708853
0.0847072
0.0893700
0.0742073
-0.0069898
-0.0067948
0.0180502
-0.0858785
0.0338202
-0.0124370
0.0805518
0.0367013
-0.0364074
0.0596017
-0.0885587
0.0670238
0.0176634
-0.0767275
-0.0528987
-0.0186404
0.0431518
-0.0438529
-0.0332909
0.0890987
0.0333947
0.0377434
0.0254394
0.0426776
0.0215818
-0.0334003
0.0653507
0.0151557
0.0443367
0.0440395
-0.0787258
-0.0296497
0.0117649
0.0826551
-0.0612230
-0.0016746
0.0909332
-0.0455713
0.0567410
0.0690556
-0.0554998
-0.0778780
-0.0568838
0.0265033
-0.0244902
-0.0876627
-0.0290902
-0.0218995
-0.0021237
-0.0598652
0.0577964
-0.0229822
-0.0691468
0.0881740
-0.0153962
-0.0249321
0.0843989
-0.0094688
0.0159693
0.0439502
0.0406932
0.0778436
0.0157067
-0.0633693
-0.0536972
-0.0344448
-0.0639951
-0.0323980
0.0186445
-0.0021727
-0.0034347
0.0359358
-0.0028011
0.0131144
0.0107335
0.0344077
0.0613926
0.0430355
0.0749241
-0.0555305
-0.0622495
-0.0154622
-0.0610708
0.0360673
0.0219720
-0.0871020
0.0830646
0.0850778
-0.0244372
0.0619083
-0.0655285
-0.0221926
0.0377571
0.0173447
-0.0588481
0.0109261
-0.0552873
0.0030130
0.0799961
0.0483362
0.0709767
-0.0823833
-0.0441438
0.0249447
0.0303126
-0.0814371
0.0929145
-0.0436893
-0.0336817
0.0094476
-0.0741505
-0.0493998
-0.0209231
-0.0001974
-0.0297600
0.0233821
-0.0947076
-0.0671864
-0.0751813
-0.0011757
0.0772106
-0.0864425
-0.0422685
-0.0477734
-0.0043110
0.0661575
0.1139316
0.1034781
-0.0230018
0.0885141
-0.0000331
-0.0731776
-0.0266695
0.0090703
-0.1368535
-0.0971602
0.0257147
-0.0442799
-0.0720108
0.0716832
-0.0032526
0.1267322
0.0568690
0.0196898
0.1843782
-0.0249934
0.0646934
-0.0842120
-0.1475461
-0.1750844
-0.3892780
-0.4246530
-0.3601022
0.2358519
0.7173998
0.8905561
0.3911300
-0.0850327
-0.4011697
-0.4550753
-0.2713569
-0.1180821
-0.0479257
-0.0313413
0.0050441
0.1072457
0.1630397
0.1021422
0.0356372
0.0071791
-0.0492969
0.0610899
-0.1021027
0.0191325
-0.1327126
-0.0537995
-0.0927196
0.0303547
0.0379966
0.0125612
-0.0859779
0.0099689
0.0349774
-0.0423413
-0.0081708
-0.0414162
-0.0571151
0.0041764
0.0228797
-0.0075483
-0.0749719
0.0424732
-0.0535268
0.0486703
-0.0485582
0.0289457
0.0740618
-0.0207056
0.0667643
0.0796263
-0.0813674
-0.0483918
0.0937545
-0.0058178
0.0211508
0.0440765
-0.0671016
-0.0770292
0.0591795
