-0.0047725
0.0456005
0.0033330
0.0735532
0.0405293
0.0589423
0.0015065
0.0267420
0.0596677
-0.0741433
-0.0885166
0.0178351
-0.0239257
-0.0553858
-0.0488088
0.0734715
0.0223668
-0.0831220
-0.0577453
-0.0303817
0.0656918
0.0685100
0.0198043
-0.0633271
0.0814899
-0.0553837
0.0175498
0.0634529
-0.0551897
0.0548609
-0.0303606
0.0718122
0.0469806
0.0259998
0.0254877
0.0152160
0.0547122
-0.0238388
-0.0386264
-0.0029440
-0.0205971
-0.0717401
-0.0706117
0.0790747
-0.0674959
-0.0175998
-0.0724849
-0.0448208
-0.0458876
0.0791086
0.0379254
0.0783592
-0.0006122
-0.0846525
0.0527755
-0.0495849
-0.0592434
0.0982673
-0.0637754
0.0403580
0.0536225
0.0798644
0.1016853
-0.0701820
-0.0540084
0.0075601
-0.0182095
-0.0481651
-0.1299710
0.0053685
-0.0714655
-0.0639012
-0.0610708
-0.0601547
-0.0122768
0.0072700
0.1182197
0.0468380
0.1034391
0.0511731
0.0222233
-0.1287279
-0.1191109
-0.3159224
-0.3564036
-0.5084228
-0.1928484
0.3025972
0.8093638
0.8053246
0.3252539
-0.1129905
-0.4713845
-0.4469176
-0.1536738
-0.0827911
-0.1250975
-0.0453348
0.0138542
0.1410574
0.1129857
0.1607077
0.1649906
0.0307783
0.0999638
-0.0625560
-0.0664387
-0.0543661
-0.0711636
-0.0002315
-0.0194362
0.0022362
0.0209780
0.0516920
0.0604119
0.0147083
0.0512062
0.0436414
0.0409052
0.0160582
-0.0274726
-0.0802631
0.0023563
-0.0385386
0.0206785
-0.0023181
0.0251764
-0.0739728
-0.0926789
0.0613738
-0.0799904
0.0159204
0.0446492
0.0962186
-0.0400010
0.0460507
-0.0234652
0.0226253
0.0919852
-0.0831067
-0.0712210
-0.0175653
-0.0591965
0.0274611
-0.0187100
0.0658901
0.0835748
0.0459569
0.0809587
-0.0040456
0.0865695
-0.0661335
-0.0155306
-0.0321746
0.0417548
-0.0618104
-0.0845505
-0.0463064
-0.0320741
-0.0499555
0.0027256
0.0690795
0.0326602
0.0720253
-0.0130378
-0.0153206
-0.0794299
0.0083132
-0.0301918
-0.0203576
-0.0685021
-0.0528142
-0.0289475
0.0101701
-0.0546614
0.0527262
0.0564483
-0.0902392
0.0753926
0.0107657
-0.0905494
-0.0434758
0.0163525
-0.0708591
-0.0027548
0.0928042
0.0905774
0.0882735
0.0733810
-0.0275167
0.0426053
0.0787144
0.0433041
0.0223458
-0.0371210
-0.0301729
-0.0527018
0.0898497
-0.0165147
-0.0095867
0.0509203
-0.0487489
-0.0918642
-0.0438241
0.0903413
0.0195110
0.0404091
-0.0735939
0.0521522
-0.0673180
-0.0504923
0.0750494
0.0354121
-0.0337889
0.0730574
0.0529547
-0.0249842
-0.0260502
-0.0803211
0.0723576
-0.0077162
-0.0605426
0.0518943
0.0819059
-0.0132102
-0.0432785
0.0639722
-0.0948254
-0.0550853
-0.0120311
0.0489448
0.0666811
-0.0386060
0.0849921
-0.0455602
0.0342227
-0.0176755
0.0332007
-0.0033561
-0.0227544
-0.0187606
0.0093985
0.0858964
-0.0938344
-0.0723886
-0.0752871
-0.0001259
-0.0947948
-0.0717190
-0.0595097
0.0930846
-0.0651854
0.0997931
0.0620962
0.0216340
-0.0825145
0.0225396
0.0198792
-0.0015008
0.0241123
-0.0835382
-0.0070831
-0.0825918
0.0254031
0.0069410
0.0944363
-0.0770009
0.0405699
-0.0118650
-0.0540265
0.1194303
0.0374107
-0.0089145
0.0861313
0.0773742
0.0142952
-0.0905778
-0.0702570
-0.0263183
-0.0968249
0.0082552
0.0465923
0.0620572
-0.0103051
0.1020815
0.0359203
0.1110374
0.0909482
0.0256675
0.0431830
0.0265169
-0.1091459
-0.1713603
-0.2909199
-0.5156250
-0.4252292
0.1348458
0.5718704
0.9165093
0.7052868
0.1022168
-0.3468689
-0.5603026
-0.3136402
-0.1086088
-0.1246802
0.0237241
0.0411235
0.0971324
0.0660471
0.1881029
0.0154726
0.1209069
0.1323569
-0.0593159
0.0057607
-0.0122174
-0.0077004
-0.0462101
-0.0230156
-0.1055104
-0.0437410
0.0134637
0.0410004
0.0093632
0.0547854
0.0256423
-0.0391002
0.0871286
-0.0287962
0.0015259
0.0340998
0.0020254
-0.0984622
0.0474190
-0.1012714
0.0192482
0.0748015
0.0323216
-0.0130470
-0.0536267
0.0502464
0.0689302
-0.0577334
0.0618222
-0.0812741
-0.0120876
0.0056140
0.0450513
0.0270706
0.0893759
0.0810452
0.0185042
-0.0426365
0.0434077
0.0466388
0.0374616
-0.0558766
0.0760087
-0.0212811
-0.0030881
0.0428041
0.0254188
-0.0038129
-0.0148824
0.0761737
0.0557017
-0.0452924
0.0149175
-0.0057713
-0.0264961
-0.0226152
-0.0804920
-0.0578976
0.0064145
-0.0499246
-0.0045969
-0.0852234
-0.0199003
-0.0450208
-0.0011537
0.0291138
-0.0533595
-0.0907898
-0.0735823
-0.0670424
0.0642337
0.0815029
-0.0032979
-0.0567407
-0.0482648
0.0715946
0.0600379
-0.0398003
-0.0826602
-0.0869592
-0.0658129
-0.0597649
0.0121731
0.0590664
-0.0457601
0.0396189
-0.0765230
-0.0475663
0.0384535
-0.0511367
-0.0327952
-0.0414882
-0.0000661
-0.0504082
-0.0428098
0.0023409
0.0142073
-0.0479811
0.0210694
-0.0208321
0.0658530
-0.0472020
0.0134906
-0.0183953
0.0733889
-0.0283061
-0.0328687
0.0281333
0.0033120
0.0672042
-0.0257887
0.0743400
0.0228390
0.0220028
-0.0720841
0.0333076
-0.0346085
-0.0227764
-0.0203721
0.0358369
-0.0845365
0.0481269
0.0070226
0.0052205
-0.0012521
-0.0208811
-0.0157151
0.0536096
0.0119627
0.0647885
0.0301510
0.0125658
0.0555184
0.0533935
-0.0079774
0.0678042
-0.0318223
0.0254719
-0.0723975
-0.0075863
0.0277121
0.0473684
-0.0656603
-0.0217918
-0.0076954
-0.0194647
-0.0238911
-0.0455724
-0.0858963
0.0007834
0.0793569
-0.0230172
0.0342335
0.0422311
0.0141592
0.0274818
0.1067084
0.0574959
-0.0530824
-0.0496777
-0.0520095
0.0606899
0.0243885
-0.1164127
-0.0476434
-0.0427662
0.0112026
0.0477506
0.0607663
-0.0218911
0.0471193
0.1525279
0.1799207
0.0601840
0.0033959
0.1090583
-0.0874598
-0.0674966
-0.2053568
-0.4130060
-0.5416032
-0.3447622
0.0107172
0.6277142
0.9246574
0.6388472
0.0760836
-0.4487363
-0.6233125
-0.4649670
-0.2001037
-0.1248768
-0.0565767
0.0570516
0.0881311
0.0597644
0.1812170
0.1797525
0.0936997
0.0751718
0.0118078
-0.0807238
-0.1172209
-0.0244763
0.0111433
0.0068192
0.0001568
-0.0359646
0.0412266
-0.0273590
0.1062373
-0.0155108
0.1062421
0.0359115
0.1046592
0.1037228
-0.0229442
-0.0312321
-0.0117420
-0.0379753
0.0249826
0.0358563
-0.0624577
0.0222889
-0.0526355
0.0497477
0.0690936
-0.0133549
0.0420937
-0.0703356
0.0941335
-0.0313047
0.0312535
-0.0460953
0.0827528
0.0757686
0.0077715
0.0206987
0.0535719
0.0019389
-0.0047743
0.0551012
-0.0367531
0.0280563
-0.0059848
-0.0372727
-0.0615460
-0.0163926
-0.0590402
-0.0536933
-0.0471722
0.0531591
-0.0838730
-0.0337357
-0.0783716
0.0547114
-0.0343819
-0.0160078
0.0412974
0.0675165
-0.0594559
-0.0608571
-0.0122929
0.0340020
0.0469982
-0.0121747
-0.0758804
0.0672769
0.0511686
0.0633430
0.0879783
0.0757584
0.0283302
0.0906939
-0.0203293
0.0852873
0.0229371
-0.0222612
0.0317200
-0.0873600
0.0917243
-0.0070964
-0.0882603
-0.0344423
0.0235858
-0.0752118
-0.0473659
-0.0169715
0.0729411
0.0745517
-0.0054014
-0.0494108
0.0777634
-0.0030422
0.0863483
-0.0527413
-0.0319835
0.0462960
0.0692762
-0.0086597
0.0872079
-0.0682838
0.0165956
-0.0525401
-0.0147318
0.0075354
-0.0753516
0.0779499
-0.0481274
-0.0160729
0.0097721
-0.0312683
-0.0854779
0.0718404
0.0476060
-0.0333234
-0.0502271
-0.0199132
-0.0355629
-0.0559684
0.0304223
0.0207260
0.0488158
-0.0309855
0.0096335
0.0901707
-0.0564163
-0.0288202
0.0734590
0.0244813
-0.0155118
-0.0852745
0.0046757
0.0273914
-0.0815800
-0.0655641
-0.0167415
0.0211256
0.0500632
0.0666615
-0.0666031
-0.0619012
-0.0369532
0.0200074
0.0656823
0.0076883
-0.0589117
0.0370980
0.0393354
0.0696507
0.0050038
-0.0626464
0.0721899
-0.0276362
0.0519372
0.0662537
0.0876014
0.0153542
0.0262921
0.0393208
-0.0281099
-0.0095762
-0.0893630
-0.0164040
-0.0805472
-0.0528040
0.0646410
-0.0056237
0.0475825
0.0294997
0.1482182
0.0525922
0.0733201
-0.0293517
0.0233733
-0.0314331
-0.1509341
-0.2979699
-0.4562303
-0.5460177
-0.2764397
0.3207343
0.8802769
0.8713231
0.4390657
-0.1288202
-0.4281589
-0.4872135
-0.2462461
-0.0271628
-0.0713638
-0.0779848
-0.0128093
0.1792734
0.1871661
0.1961631
0.0777137
0.1224317
-0.0208069
0.0517046
0.0398673
-0.0257500
-0.0091756
0.0392900
-0.0541919
-0.0361862
0.0311357
-0.0534147
-0.0253743
0.0843984
-0.0154198
0.0702242
0.0645541
0.1129187
0.0109021
0.0773200
0.0091760
-0.0100442
-0.0071301
-0.0393069
0.0102226
0.0367706
-0.0628665
0.0856330
0.0734844
0.0543070
0.0572648
-0.0014045
0.0419130
-0.0080433
0.0038539
-0.0212855
0.0471438
0.0174766
-0.0916581
-0.0426562
0.0037336
-0.0939775
-0.0599210
-0.0622669
-0.0531601
0.0809213
0.0848004
0.0282514
0.0522666
0.0157887
-0.0258533
0.0542939
-0.0261634
-0.0647958
0.0691647
-0.0160430
-0.0941797
0.0396911
0.0096492
-0.0642151
0.0873145
0.0357650
0.0521829
0.0530989
0.0534959
-0.0870513
0.0463621
-0.0307884
-0.0701940
-0.0602188
0.0237409
0.0586312
0.0906876
-0.0105046
0.0706869
0.0737585
0.0362345
-0.0798836
-0.0608647
-0.0850211
-0.0337768
-0.0533964
0.0051231
-0.0721609
-0.0544323
0.0679259
0.0772646
0.0882168
-0.0778481
0.0804405
-0.0477948
-0.0153121
0.0150924
-0.0212714
0.0819479
0.0510909
0.0334450
-0.0456784
0.0758859
0.0681553
-0.0287927
0.0754325
0.0731134
0.0278857
-0.0499135
-0.0076743
0.0458292
-0.0679168
0.0449660
0.0531105
-0.0735538
0.0835912
0.0794844
0.0082051
-0.0764219
0.0245817
-0.0219229
0.0678025
0.0781864
-0.0929101
-0.0834378
0.0070241
-0.0513347
-0.0794497
-0.0066301
0.0791079
-0.0869398
-0.0316129
0.0907600
0.0674793
-0.0074957
0.0084614
0.0043903
0.0365097
0.0869261
-0.0464076
-0.0398711
-0.0120858
-0.0499811
0.0693968
-0.0479880
-0.0374074
0.0957638
-0.0388404
-0.0723420
-0.0027171
-0.0615196
0.0764217
0.0536773
-0.0612680
-0.0750240
-0.0536770
-0.0040263
0.0678174
0.0017081
-0.0805926
-0.0178216
-0.0155656
0.0166494
-0.0668336
0.0639453
0.0655088
0.0537278
0.1013881
0.0432329
-0.0885596
0.0245913
0.0223356
-0.1047085
0.0049420
-0.0082014
-0.0192123
0.0389769
-0.0403320
0.0051422
0.1000229
0.1325534
0.0291899
0.1561104
0.0080218
-0.0227027
-0.0602853
-0.1255533
-0.0788567
-0.3645350
-0.4181319
-0.4516985
0.0729453
0.5713016
0.8057168
0.6957508
0.1367993
-0.3609619
-0.4633535
-0.4131538
-0.1838146
-0.1037632
-0.1236136
0.0623008
0.0722724
0.0436452
0.1909297
0.0387055
0.1013188
0.0112423
0.0040112
0.0113773
-0.0084084
-0.0045891
-0.0469560
-0.0183621
-0.0932198
-0.0928069
0.0482888
0.0849366
0.0695118
-0.0069606
0.0038627
0.0096181
-0.0255407
0.0407819
0.0511472
-0.0021984
-0.0668063
-0.0154826
-0.0931237
-0.0476239
-0.0054630
0.0219691
-0.0358043
-0.0872154
0.0753859
0.0518273
0.0764017
-0.0411991
0.0811379
0.0451578
0.0240185
-0.0466380
0.0545594
0.0609789
-0.0043881
-0.0167750
-0.0249317
0.0873849
-0.0554034
0.0682692
-0.0152516
0.0632274
-0.0005888
-0.0841375
0.0256962
0.0576865
0.0119959
0.0163004
0.0492337
0.0554492
-0.0199231
-0.0164168
0.0255627
-0.0041472
0.0715540
-0.0781810
-0.0450355
-0.0903416
0.0538651
-0.0599026
-0.0876733
-0.0782228
-0.0722134
-0.0210670
-0.0511255
0.0607441
-0.0033030
-0.0879987
0.0718888
-0.0434573
-0.0403163
0.0469947
0.0795662
-0.0496943
0.0567377
-0.0919369
0.0646473
-0.0313253
0.0501761
-0.0416570
0.0700419
-0.0149545
-0.0426890
-0.0319407
0.0601649
-0.0595526
-0.0512131
0.0032711
-0.0496887
-0.0742013
-0.0657076
-0.0386960
-0.0389415
0.0288844
0.0483350
0.0709456
0.0302631
-0.0778972
-0.0931578
0.0673196
0.0134203
-0.0015781
0.0038009
0.0494023
-0.0635813
0.0643978
0.0837013
-0.0343200
-0.0521198
-0.0528364
0.0166297
0.0176364
0.0245040
-0.0892921
-0.0557683
0.0452989
0.0424187
-0.0252714
0.0683667
-0.0875048
0.0873278
-0.0449821
0.0111964
0.0678200
-0.0199929
0.0612979
-0.0111576
-0.0750237
-0.0664581
0.0380465
-0.0045003
0.0890888
0.0001255
0.0594898
0.0125676
0.0142768
-0.0530757
0.0872621
0.0782662
-0.0744372
0.0844598
-0.0015394
0.0682297
-0.0145737
-0.0765311
0.0300648
-0.0589064
-0.0334392
-0.0683253
-0.0578962
0.0506022
-0.0022582
-0.0374348
-0.1080830
0.0751568
-0.0731513
-0.0086593
-0.0141820
-0.0225987
0.0020420
0.0975743
0.0733003
0.0519482
0.0808319
-0.0756112
0.0349724
0.0394940
-0.0387270
-0.0544426
-0.1100315
-0.0085013
0.0318468
-0.0423876
-0.0217161
-0.0718783
0.1088329
0.0826413
0.0614024
0.0415853
0.0394585
0.1691856
-0.0178053
0.0028317
-0.0664741
-0.1188161
-0.2369541
-0.5065130
-0.4543881
-0.2325017
0.2711466
0.8459401
0.7989776
0.3010234
-0.1126759
-0.4151376
-0.4524081
-0.2375014
-0.1681599
-0.1444560
-0.0824049
0.0101011
0.0903746
0.1098956
0.0842179
0.0759575
0.0969302
0.1236988
0.0723941
0.0194724
0.0039218
0.0289183
-0.1097050
-0.0471346
-0.1210702
-0.0907491
-0.0028106
-0.0108002
0.0433088
0.0170983
-0.0367126
-0.0060441
0.0564186
0.0090504
0.0668775
-0.0713715
-0.0260310
0.0278377
-0.0946177
0.0263954
-0.0844600
0.0027026
-0.0378347
0.0213683
-0.0514030
-0.0414548
0.0574697
0.0032274
0.0621643
-0.0301401
0.0780741
0.0005039
0.0749689
0.0523336
-0.0013795
0.0600713
-0.0236060
0.0008417
-0.0548717
-0.0583187
0.0505981
-0.0150627
-0.0298242
0.0180402
-0.0478028
0.0347129
-0.0656608
0.0592313
-0.0689067
0.0588851
-0.0926156
-0.0061426
0.0671373
0.0192097
0.0722349
0.0544934
0.0098060
-0.0879123
0.0329050
-0.0072469
-0.0109427
0.0809654
0.0709574
-0.0003798
0.0769931
-0.0672347
-0.0215129
0.0029647
0.0287905
0.0889875
0.0700348
0.0921961
0.0724722
-0.0696392
-0.0590537
-0.0514396
-0.0034683
0.0260848
0.0602207
-0.0375315
-0.0049807
-0.0263448
0.0154843
-0.0536402
0.0729921
-0.0313600
-0.0463956
0.0752959
-0.0476548
0.0526356
-0.0816967
-0.0303822
-0.0299240
0.0644840
0.0129097
-0.0100190
-0.0750715
-0.0132732
-0.0449526
-0.0616025
-0.0090002
0.0538176
-0.0537085
-0.0021112
-0.0304180
0.0867689
0.0370621
-0.0893007
0.0829116
-0.0512111
-0.0612916
0.0584849
0.0008216
-0.0686306
-0.0339682
-0.0612327
-0.0640897
-0.0009567
-0.0073985
-0.0202998
0.0391177
-0.0187276
