-0.0116143
0.0002453
0.0061940
-0.0101247
0.0033207
0.0408979
0.0111720
-0.0077096
0.0268300
-0.0051198
0.0021234
-0.0195263
0.0173397
0.0209834
-0.0320831
-0.0370621
-0.0144368
0.0208100
-0.0077235
0.0252764
0.0200383
-0.0133543
0.0112187
-0.0023094
0.0232029
-0.0140610
0.0170583
-0.0086248
0.0085808
0.0302529
-0.0248021
-0.0073242
0.0025616
-0.0147206
-0.0069058
0.0229033
0.0195999
0.0239408
-0.0290621
-0.0022694
-0.0285309
0.0033272
0.0296909
0.0001220
0.0170841
-0.0043618
0.0100555
-0.0152099
0.0014649
0.0148745
-0.0147249
-0.0009825
-0.0294004
-0.0215781
0.0051864
0.0191696
-0.0245242
-0.0244794
-0.0248431
-0.0144409
0.0115054
0.0409220
-0.0052426
0.0227923
0.0069160
0.0163728
-0.0245892
0.0229324
0.0133514
0.0094259
-0.0465996
-0.0042217
-0.0434756
-0.0179331
-0.0017879
-0.0284289
0.0235032
-0.0026296
0.0792453
0.0432170
0.0605089
0.0666299
0.0530952
-0.0415654
-0.0869126
-0.1358182
-0.1368065
-0.0968757
-0.0534228
-0.0206108
0.1080057
0.1405472
0.1901775
0.1333393
-0.0044767
-0.0552077
-0.0909832
-0.0595973
-0.0313964
-0.0112634
-0.0246446
0.0028829
0.0234705
0.0014103
0.0423828
0.0523419
0.0479120
0.0296124
0.0092554
0.0353441
0.0174384
0.0214083
-0.0145360
-0.0064870
-0.0044719
-0.0074767
-0.0264845
0.0166586
0.0006873
0.0113557
0.0154503
0.0095065
-0.0209597
0.0018181
0.0236079
0.0249753
-0.0122619
0.0298388
-0.0203558
-0.0086355
-0.0097538
-0.0101199
-0.0336729
0.0076758
0.0084864
-0.0329493
-0.0030932
-0.0084041
0.0299296
-0.0057574
-0.0199319
0.0053394
0.0305009
0.0210189
-0.0044217
0.0273148
-0.0084433
-0.0167758
-0.0108775
0.0058156
0.0163133
0.0090615
-0.0126779
0.0137214
-0.0272248
-0.0155989
0.0205471
0.0206449
0.0280650
-0.0047357
0.0381588
0.0138103
0.0081136
0.0078563
0.0007557
-0.0107896
0.0101543
-0.0319491
-0.0144913
-0.0102552
-0.0249699
-0.0374201
0.0185701
-0.0002519
0.0091767
0.0199752
0.0239196
0.0572142
0.0589940
0.0536378
0.0073216
-0.0160745
-0.0452625
-0.0774676
-0.0821900
-0.0504767
-0.0380606
-0.0130890
0.0146727
0.0693070
0.1248972
0.0922683
0.0674384
0.0257642
-0.0533759
-0.0757202
-0.0396700
-0.0512382
-0.0218172
-0.0107244
-0.0203303
0.0131877
0.0206408
0.0139633
0.0329684
0.0309409
0.0327075
-0.0189408
-0.0086226
0.0141950
-0.0090240
0.0186769
0.0033180
0.0019804
-0.0285206
-0.0198415
-0.0248980
0.0119921
-0.0167510
-0.0033143
-0.0086889
0.0078580
0.0130497
-0.0155150
-0.0043148
-0.0243355
-0.0090684
0.0009259
0.0180980
0.0087540
-0.0021981
0.0207107
0.0127246
-0.0029401
-0.0252357
0.0096482
0.0271077
0.0269603
-0.0067069
-0.0112974
0.0047337
-0.0241938
0.0277974
0.0023562
-0.0171581
0.0144879
-0.0204882
-0.0127412
-0.0127301
-0.0181143
0.0060947
-0.0362301
-0.0137159
-0.0282185
0.0107429
-0.0246674
-0.0215766
-0.0067543
0.0001085
0.0134436
0.0127529
0.0171857
-0.0149657
0.0172971
-0.0057043
0.0039569
-0.0175333
-0.0501101
-0.0358321
-0.0321247
-0.0219501
-0.0099794
-0.0099948
-0.0105257
0.0645363
0.0881087
0.0731063
0.0512531
0.0735941
0.0249294
-0.0344910
-0.1154293
-0.0923817
-0.1369913
-0.0943117
-0.0577789
0.0271602
0.1006384
0.1792861
0.1380514
0.0368035
-0.0056816
-0.0649404
-0.1079497
-0.0632472
-0.0337810
-0.0086571
-0.0072971
-0.0168895
0.0316327
0.0045795
0.0497230
0.0449833
0.0473673
0.0181214
0.0058797
-0.0220573
-0.0268351
0.0205696
0.0047647
0.0174650
-0.0059673
0.0015986
0.0140139
0.0205393
-0.0217123
-0.0291619
0.0093640
0.0257395
0.0362213
-0.0135059
-0.0024902
0.0205279
0.0155969
0.0021422
0.0261582
-0.0332528
-0.0133623
-0.0210217
0.0116014
-0.0020593
-0.0088800
0.0048371
-0.0213431
-0.0244621
-0.0297245
-0.0239366
-0.0132762
-0.0047217
0.0157518
0.0359422
0.0313138
-0.0071179
0.0115182
-0.0142979
-0.0124087
0.0253411
-0.0039704
-0.0046015
-0.0101046
0.0044102
-0.0180959
-0.0274855
0.0100228
-0.0008813
-0.0244483
0.0020381
0.0397811
0.0308061
0.0048074
-0.0110465
0.0255715
0.0339970
0.0117421
-0.0363577
-0.0034874
-0.0086471
-0.0398390
-0.0107425
-0.0342369
-0.0070656
0.0073263
0.0202262
0.0174106
0.0698552
0.0903009
0.0550020
0.0225557
0.0276633
-0.0490476
-0.0754858
-0.1528823
-0.1167635
-0.0801423
-0.0025267
0.0361134
0.1622915
0.1728638
0.1436499
0.0182644
-0.0480689
-0.0654251
-0.0582009
-0.0791247
-0.0169379
-0.0461523
-0.0445127
-0.0026329
0.0299898
0.0137290
0.0526721
0.0273881
0.0288214
0.0213890
-0.0165051
0.0206419
0.0174678
0.0137691
0.0076135
-0.0033112
-0.0162210
-0.0015488
0.0125198
-0.0229771
-0.0239841
0.0285123
0.0090542
0.0306409
0.0268492
0.0124342
-0.0055876
0.0256890
0.0179609
0.0258264
0.0231193
-0.0050727
-0.0304170
-0.0061170
0.0191349
-0.0254268
-0.0231050
0.0208259
0.0179246
-0.0255167
0.0310909
-0.0059648
0.0333338
0.0300568
0.0000748
0.0070802
0.0075053
0.0305921
-0.0109936
-0.0000043
0.0221315
0.0208529
0.0242713
-0.0002140
0.0201798
-0.0012187
0.0177275
-0.0022277
0.0172491
-0.0058960
0.0210792
-0.0003355
0.0393270
-0.0098187
0.0128832
0.0193801
0.0154884
-0.0180699
0.0070582
-0.0535629
-0.0079051
-0.0068142
0.0069721
-0.0430738
-0.0447452
-0.0265674
0.0235173
0.0157957
0.0650571
0.1048492
0.0738776
0.0690814
0.0016210
-0.0678707
-0.1061413
-0.1139444
-0.1456551
-0.1041935
-0.0552271
0.0577920
0.1218809
0.1928319
0.1872650
0.0555958
-0.0052724
-0.0782248
-0.0989415
-0.0738100
-0.0290900
-0.0181312
-0.0215918
-0.0009243
0.0191865
0.0184917
0.0228345
0.0420556
0.0462103
0.0190550
-0.0101895
-0.0162081
-0.0350367
0.0116960
-0.0334355
-0.0199315
-0.0365652
-0.0011127
0.0066364
-0.0307108
0.0305710
0.0166654
0.0052164
0.0095007
0.0291414
-0.0165495
-0.0239068
-0.0236512
0.0097219
-0.0052982
0.0176657
-0.0069077
0.0157072
0.0067392
-0.0333961
0.0006854
-0.0150970
-0.0095434
-0.0250162
-0.0008801
-0.0090438
-0.0162048
-0.0168748
0.0081778
-0.0169056
0.0007095
-0.0034593
-0.0109691
-0.0079318
0.0242107
0.0064134
0.0057359
-0.0313895
0.0050542
-0.0020434
-0.0149635
0.0022515
-0.0058557
-0.0219869
0.0275787
0.0259534
0.0106089
-0.0117589
0.0117035
-0.0055973
-0.0091648
0.0259863
0.0251617
-0.0323130
-0.0269502
-0.0351793
-0.0582569
0.0052481
0.0103198
-0.0251752
-0.0030063
0.0158183
0.0239222
0.0874551
0.0544333
0.1004235
0.0721972
0.0382110
-0.0321308
-0.1182680
-0.1336597
-0.1618531
-0.1506241
-0.0582364
0.0735266
0.1743286
0.2040347
0.1968028
0.0802610
-0.0256719
-0.0697335
-0.1135538
-0.0717639
-0.0708168
-0.0511602
-0.0316485
0.0102793
-0.0082213
0.0361077
0.0584823
0.0554622
0.0170754
0.0253680
0.0043248
0.0051432
-0.0241289
-0.0189854
-0.0140500
0.0088332
-0.0186969
0.0153444
0.0179933
0.0060036
-0.0090884
0.0262321
0.0137770
0.0319609
-0.0025445
0.0097979
-0.0150288
0.0347263
-0.0038852
0.0265346
0.0025530
0.0174160
0.0067324
-0.0212461
0.0057101
-0.0205697
0.0203398
0.0034679
0.0259454
0.0073784
0.0019274
-0.0057126
-0.0158408
-0.0238351
0.0028255
-0.0202613
-0.0005990
0.0006945
-0.0197615
-0.0136599
-0.0117038
-0.0239772
-0.0152267
-0.0289461
-0.0076871
0.0204667
-0.0270848
-0.0251356
0.0266676
0.0267868
0.0277455
0.0109819
0.0390997
0.0260019
0.0274362
0.0030411
0.0028833
0.0212625
0.0044642
-0.0345434
-0.0542886
-0.0598066
-0.0512185
0.0097612
-0.0144605
-0.0398667
-0.0146511
0.0020415
0.0313813
0.0932372
0.0785381
0.0459522
0.0357900
-0.0279272
-0.0364050
-0.1191961
-0.1216535
-0.1217337
-0.1072003
-0.0074456
0.1040958
0.2078495
0.1747626
0.0904122
0.0291829
-0.0587436
-0.1197181
-0.0567623
-0.0307179
-0.0603645
-0.0555963
-0.0329823
-0.0031690
0.0158880
0.0009616
0.0559896
0.0162233
0.0052767
0.0083828
0.0329655
0.0242377
-0.0235722
-0.0412438
0.0067817
0.0106017
-0.0013899
0.0223564
-0.0243652
0.0163909
-0.0228365
0.0085463
-0.0138266
-0.0194424
0.0274716
0.0229355
-0.0088592
0.0147105
-0.0090296
0.0140130
-0.0014923
0.0004318
0.0154407
0.0015840
-0.0113885
-0.0071455
-0.0311284
0.0167160
-0.0208916
-0.0254522
-0.0249546
0.0103192
-0.0261700
0.0132921
0.0164487
-0.0143587
-0.0029514
0.0112472
0.0185687
0.0215059
0.0229913
0.0159136
0.0024741
-0.0246499
0.0046539
-0.0024529
0.0176676
0.0248026
-0.0144851
0.0114358
0.0127545
0.0293570
0.0171524
0.0378977
0.0006201
-0.0090735
-0.0087917
0.0018004
-0.0282398
-0.0135603
-0.0397271
0.0118645
-0.0174447
-0.0346071
-0.0294313
-0.0126469
0.0289256
0.0266981
0.0816383
0.0445006
0.0631524
0.0584952
0.0003724
-0.0743037
-0.1030944
-0.0822043
-0.0566141
-0.0440230
-0.0181168
0.0686131
0.1045917
0.1773741
0.1601199
0.0169588
-0.0623233
-0.1019579
-0.0704264
-0.0498006
-0.0407680
-0.0453415
0.0075103
-0.0270748
-0.0060983
0.0007883
0.0212774
0.0400068
-0.0076012
0.0235641
0.0071085
-0.0120869
-0.0311222
0.0112186
-0.0082871
0.0148725
-0.0435031
-0.0282089
-0.0156475
0.0228154
0.0022194
-0.0254992
0.0347898
0.0025372
-0.0187099
-0.0105240
0.0003416
-0.0153409
0.0162339
0.0221505
0.0038147
-0.0302302
-0.0239032
-0.0088487
-0.0213806
-0.0154603
0.0028897
0.0188329
-0.0097962
0.0168258
-0.0237268
-0.0187651
-0.0054734
0.0325357
-0.0165178
0.0073382
-0.0215805
0.0306524
0.0124781
0.0184038
0.0042780
0.0222815
-0.0356152
-0.0338401
0.0111106
-0.0135948
0.0182742
-0.0306862
-0.0237272
-0.0165665
-0.0196088
0.0050930
0.0424302
0.0125000
0.0386339
-0.0160179
0.0333545
-0.0088839
-0.0435502
-0.0380336
-0.0104024
-0.0482541
-0.0335797
-0.0193812
-0.0411030
-0.0250416
-0.0000529
0.0069335
0.0484487
0.0999900
0.0899265
0.0348720
0.0306768
-0.0438080
-0.1045360
-0.1464137
-0.1532081
-0.1328661
-0.0671362
0.0440253
0.1728254
0.1828246
0.1546488
0.0691609
-0.0251357
-0.0722516
-0.0856621
-0.0577153
-0.0448695
-0.0098800
-0.0414208
-0.0026404
0.0060168
0.0472395
0.0264689
0.0139996
0.0002964
0.0494552
-0.0059613
0.0003066
-0.0102623
0.0157789
-0.0369585
-0.0108974
-0.0150852
0.0039587
-0.0354308
-0.0022288
-0.0192898
-0.0242073
0.0000622
0.0038841
-0.0128775
0.0049375
0.0303745
-0.0242841
0.0235285
0.0262630
0.0132084
0.0289063
0.0254778
-0.0163726
0.0185075
-0.0205476
0.0028855
-0.0028844
0.0131189
-0.0158048
0.0287658
-0.0279412
0.0024658
0.0021011
-0.0134238
-0.0228800
-0.0041089
-0.0281647
0.0295430
-0.0017943
0.0156281
-0.0142276
-0.0015873
0.0204479
-0.0028228
0.0073382
-0.0265063
0.0068702
0.0114554
-0.0130822
0.0333209
0.0433754
-0.0080770
-0.0096854
0.0091807
0.0029348
0.0054344
0.0009597
-0.0081918
-0.0123319
-0.0213073
-0.0031648
-0.0194024
-0.0334418
-0.0253042
-0.0154405
0.0339923
0.0466381
0.0395602
0.0591468
0.0726467
0.0237481
0.0136756
-0.0505239
-0.0542768
-0.1234832
-0.1130975
-0.0865265
-0.0556102
0.0324051
0.0877548
0.1762351
0.1699531
0.1048404
-0.0370023
-0.0486169
-0.0707264
-0.0355343
-0.0550457
-0.0359029
-0.0153612
-0.0300750
-0.0126400
0.0236839
0.0048585
0.0217208
0.0131324
0.0217780
-0.0005990
0.0029820
0.0091888
0.0041898
-0.0290817
-0.0177520
-0.0181109
-0.0394546
-0.0306594
-0.0152144
0.0036504
-0.0115890
0.0279977
-0.0039835
0.0288003
0.0000474
0.0331149
0.0044842
-0.0196257
0.0282886
0.0121792
-0.0286793
0.0192038
-0.0251997
-0.0164923
-0.0330177
0.0230119
-0.0129577
-0.0295404
0.0151479
0.0011527
0.0236116
-0.0218546
0.0258929
0.0213269
0.0261455
0.0183987
0.0305387
0.0077730
-0.0188287
-0.0030129
-0.0007993
0.0138477
-0.0395204
0.0115623
-0.0137061
0.0077576
-0.0031105
0.0029299
0.0347948
0.0388839
-0.0056926
-0.0030905
-0.0007789
0.0077954
0.0245994
-0.0146489
-0.0070034
-0.0233017
-0.0290506
-0.0570141
-0.0497048
-0.0039637
-0.0376912
-0.0225674
0.0049492
0.0016413
0.0544938
0.0795739
0.1122280
0.0727616
0.0396070
0.0047192
-0.0694491
-0.1205485
-0.1673970
-0.1987760
-0.1657054
-0.0395456
0.1446152
0.2645486
0.2620128
0.1563710
0.0132535
-0.0523024
-0.1019762
-0.1173764
-0.0746552
-0.0259869
-0.0035338
0.0148861
0.0249609
0.0525804
0.0220064
0.0084460
0.0500229
0.0164858
-0.0118168
-0.0198433
0.0199627
0.0129917
-0.0036314
0.0038164
0.0002896
-0.0010582
-0.0064792
0.0019814
-0.0017540
0.0204506
0.0032293
0.0033825
0.0211345
0.0014888
-0.0106483
0.0035995
0.0304093
0.0082424
0.0240269
0.0208362
0.0019015
-0.0176800
0.0199373
0.0001677
0.0200691
-0.0128439
-0.0047443
0.0052833
-0.0040743
0.0134102
-0.0165913
0.0014812
0.0259623
-0.0265385
0.0282258
0.0094315
0.0333969
-0.0038119
0.0287902
-0.0080595
-0.0071450
-0.0296874
-0.0253860
-0.0024986
0.0112274
-0.0310347
0.0082530
-0.0241010
-0.0208407
0.0127010
0.0375151
0.0331028
-0.0058920
0.0295522
0.0134050
-0.0184198
-0.0212002
-0.0022183
-0.0477096
-0.0515293
-0.0041822
-0.0243634
-0.0257385
-0.0136637
-0.0170675
-0.0072520
0.0261729
0.0338409
0.0671764
0.0392324
0.0429856
0.0464996
-0.0396381
-0.0499041
-0.1261792
-0.1351825
-0.0843118
-0.0921667
0.0177469
0.0887175
0.1690802
0.1426045
0.0932305
0.0275028
-0.0970869
-0.0811730
-0.0802121
-0.0310197
-0.0546108
-0.0407966
-0.0344435
-0.0080912
0.0129136
0.0243916
0.0034050
0.0096225
0.0504644
0.0033761
-0.0101945
-0.0176352
0.0193035
-0.0005605
-0.0145931
-0.0416585
0.0073022
-0.0108075
-0.0342362
0.0269234
0.0082424
0.0090635
-0.0021913
0.0122913
0.0004271
-0.0228268
-0.0056193
0.0332833
0.0247768
0.0214071
0.0181066
0.0086162
-0.0261838
0.0267188
-0.0196040
-0.0126363
0.0073642
-0.0209687
-0.0033414
0.0022527
0.0229322
-0.0074157
0.0323251
0.0049701
0.0162929
0.0205011
0.0349007
-0.0117733
0.0269618
-0.0119221
-0.0311034
-0.0157215
-0.0012959
-0.0145054
0.0001378
-0.0115451
-0.0135934
-0.0217990
-0.0205742
0.0267332
-0.0116905
-0.0041857
0.0019845
-0.0090457
0.0201696
-0.0082134
0.0194888
-0.0363621
-0.0101884
-0.0434493
