-0.0227051
0.0362844
-0.0235799
-0.0433272
0.0026004
0.0232520
-0.0385634
-0.0185809
0.0287193
-0.0137423
-0.0405151
-0.0371691
0.0019064
-0.0367217
-0.0248266
-0.0293270
0.0298495
0.0134055
-0.0137092
-0.0311804
-0.0177017
-0.0437113
-0.0251029
0.0063543
-0.0335780
0.0208359
-0.0047934
-0.0176208
-0.0238075
0.0000751
0.0280230
-0.0369117
-0.0022075
-0.0174940
0.0082917
0.0181265
-0.0400397
-0.0333166
-0.0337158
0.0209683
0.0225269
0.0382177
0.0419009
0.0380904
0.0290167
0.0110719
-0.0345071
0.0444899
-0.0250742
0.0419313
0.0024380
-0.0000646
-0.0166099
-0.0086060
-0.0282913
0.0017844
-0.0432585
0.0216072
0.0306386
-0.0147278
0.0306971
0.0482535
0.0398233
0.0329716
0.0065897
0.0010662
0.0392313
0.0166545
0.0108430
-0.0465549
-0.0736205
0.0017025
-0.0844859
-0.0021341
-0.0239722
0.0070554
0.0464930
0.0566265
0.0445464
0.1001577
0.0926847
0.0592425
0.0670388
0.0920728
0.0344296
-0.0759168
-0.1162011
-0.2294610
-0.3043677
-0.2593523
-0.0412054
0.1717602
0.4391208
0.5328617
0.3248377
0.0761608
-0.1463370
-0.3268302
-0.2860028
-0.2153950
-0.1506552
-0.0609643
-0.0026913
0.0372742
0.1322291
0.1424754
0.1130000
0.0681338
0.0136729
0.0333167
-0.0334540
0.0075001
-0.0783868
-0.0598220
-0.0875101
-0.0711600
0.0084830
-0.0464829
0.0018287
0.0429694
0.0603172
0.0199510
0.0656156
0.0100162
0.0269034
0.0216420
0.0133408
-0.0358004
0.0206179
-0.0519371
-0.0403512
-0.0536928
0.0103980
-0.0341018
0.0409497
-0.0177403
-0.0332638
0.0349388
0.0041993
0.0201386
0.0339084
-0.0317019
-0.0085523
0.0309546
0.0282861
-0.0441271
0.0369049
0.0369896
0.0294221
-0.0126494
-0.0287715
-0.0216226
-0.0010608
0.0342714
-0.0130749
0.0113288
-0.0081785
-0.0281254
-0.0387627
-0.0091774
0.0141636
-0.0245962
0.0100987
0.0085098
0.0305126
0.0121779
0.0179873
0.0318308
0.0112574
-0.0154912
0.0087159
0.0305794
0.0332350
0.0144699
0.0008536
-0.0099792
-0.0059189
-0.0306669
0.0078453
0.0366485
-0.0215209
0.0360965
0.0136778
0.0227750
0.0041774
-0.0166796
-0.0178566
0.0218529
-0.0287826
-0.0202112
-0.0055423
-0.0437041
0.0175882
-0.0156010
0.0086120
-0.0412268
0.0205654
-0.0134116
-0.0282854
0.0291352
-0.0397358
0.0396978
-0.0290173
-0.0342920
-0.0190992
-0.0249695
-0.0125310
-0.0040080
-0.0152070
0.0102177
-0.0324733
-0.0012744
0.0336882
-0.0432763
-0.0242140
-0.0405351
-0.0240992
0.0439808
-0.0200214
0.0352398
0.0035131
0.0066794
0.0132331
0.0320602
0.0021759
0.0296562
0.0156659
-0.0185397
-0.0033490
-0.0317605
-0.0364929
0.0062728
0.0100674
0.0000263
-0.0002964
-0.0181062
-0.0268852
-0.0012063
-0.0030501
0.0305027
-0.0251808
0.0356766
-0.0209811
0.0141494
-0.0245470
-0.0287935
0.0377576
-0.0027354
0.0328514
-0.0290520
0.0136205
-0.0208884
0.0296747
-0.0345958
0.0198684
-0.0222022
-0.0264941
-0.0258642
-0.0103006
0.0207977
0.0286213
-0.0094799
0.0045824
-0.0215199
0.0205935
0.0069098
-0.0291070
0.0395567
-0.0368272
-0.0093048
0.0447798
-0.0299536
0.0135303
-0.0363981
0.0334119
-0.0114635
0.0324183
0.0016052
-0.0150201
-0.0347031
0.0077057
0.0191238
-0.0293808
0.0095788
-0.0371576
0.0340279
-0.0349390
0.0189929
-0.0048693
-0.0234633
0.0282460
0.0150704
0.0195867
-0.0326109
-0.0198268
-0.0000942
-0.0498565
-0.0289110
-0.0207086
-0.0059213
-0.0284425
0.0207109
0.0112291
0.0466067
-0.0121405
0.0559787
0.0562642
0.0272625
-0.0448786
-0.0318608
-0.0354377
-0.0330394
-0.0377047
-0.0342944
-0.0479187
0.0107804
-0.0205081
0.0321676
0.0637158
0.0770668
0.0685500
0.0911750
0.0986002
0.0817338
0.0000111
-0.0558959
-0.1134863
-0.1951373
-0.3036668
-0.3302487
-0.1512103
0.1502920
0.4411656
0.5312525
0.3544704
0.0598237
-0.1690183
-0.3165468
-0.2911405
-0.2549808
-0.1607497
-0.0460908
0.0560740
0.0551237
0.1214752
0.0977670
0.0718107
0.0815202
0.0833658
0.0224331
-0.0237083
-0.0605198
-0.0830487
-0.0878771
-0.0420562
-0.0486563
-0.0280898
-0.0399311
0.0176230
0.0231007
0.0520602
0.0409078
0.0395601
0.0385721
-0.0239959
0.0260015
-0.0340171
-0.0066795
-0.0281880
-0.0377324
-0.0506595
-0.0574969
-0.0490182
-0.0388014
-0.0193411
-0.0036721
-0.0019856
-0.0029836
0.0276470
-0.0166153
0.0349092
-0.0014506
-0.0284893
-0.0233549
-0.0336849
0.0287975
-0.0267786
0.0037858
0.0327698
-0.0120579
0.0338562
0.0341533
-0.0130170
0.0362993
0.0154592
-0.0245015
-0.0364481
-0.0296937
-0.0046883
0.0367980
0.0145856
-0.0229453
0.0338451
-0.0170593
-0.0224824
0.0231834
0.0007469
-0.0284613
0.0187844
-0.0342926
-0.0240217
0.0231452
0.0392280
0.0198410
-0.0413932
0.0300878
0.0257647
0.0074489
-0.0293075
-0.0168695
0.0355304
-0.0343478
0.0135505
-0.0335173
-0.0251226
0.0342767
-0.0397787
-0.0358887
0.0171557
-0.0073406
-0.0404600
0.0381812
0.0261930
-0.0077958
0.0164220
0.0156348
0.0192824
-0.0385619
-0.0287383
-0.0270519
0.0273323
-0.0248285
-0.0265747
0.0158771
0.0158176
0.0028321
0.0406988
0.0182687
0.0286334
0.0350077
-0.0349581
-0.0293860
0.0063949
-0.0273464
0.0011297
0.0187415
0.0113695
0.0047103
-0.0352489
-0.0394518
0.0071029
-0.0437748
-0.0133337
0.0088716
-0.0100453
-0.0232076
-0.0230674
0.0245347
0.0376783
0.0119326
0.0379594
-0.0420601
-0.0161355
0.0342182
0.0155993
0.0222221
0.0199389
0.0055677
0.0263171
0.0241798
-0.0219024
0.0077373
0.0297260
-0.0105778
-0.0200664
0.0322249
0.0154947
-0.0319853
-0.0199786
0.0269172
0.0157234
0.0160109
0.0331172
-0.0267433
0.0229177
-0.0078470
0.0160436
0.0073138
0.0376422
-0.0368568
-0.0174173
0.0032370
-0.0290059
-0.0424032
0.0243918
-0.0052942
-0.0276946
0.0460953
-0.0165874
0.0334538
0.0423577
0.0000310
0.0004339
-0.0087486
-0.0199634
-0.0395130
-0.0393325
-0.0118198
-0.0368035
-0.0348172
-0.0046629
0.0136288
0.0107758
0.0093244
0.0024064
0.0245419
-0.0374689
0.0365020
0.0134099
0.0104805
0.0331333
-0.0016068
0.0394499
-0.0465500
-0.0054161
0.0321654
-0.0561504
0.0273515
0.0103999
-0.0299232
0.0446587
0.0376795
0.0028347
0.0485105
-0.0068080
-0.0034987
0.0162240
0.0192425
-0.0175127
-0.0144254
0.0141029
-0.0299412
-0.0017860
-0.0387993
-0.0287337
-0.0365467
-0.0290570
0.0180238
0.0361815
0.0927906
0.0428010
0.1294077
0.0395522
0.0762274
0.0562536
-0.0220881
-0.1626705
-0.1953534
-0.2196677
-0.1970397
-0.1089725
0.1251436
0.3201575
0.4505329
0.3236855
0.1736402
-0.0670277
-0.2454116
-0.3021537
-0.1723001
-0.1550413
-0.0896672
0.0052156
0.0500164
0.0893764
0.1111734
0.1304686
0.1089925
0.0109339
0.0160596
0.0444763
0.0026518
-0.0667398
-0.0447104
-0.0539229
-0.0696302
-0.0460674
0.0015938
0.0024924
0.0224505
-0.0248563
0.0560885
0.0487798
0.0147062
0.0425960
0.0147357
0.0467110
0.0170867
-0.0290054
-0.0042730
-0.0289699
-0.0533640
0.0322274
0.0223124
0.0185210
-0.0216097
0.0231860
-0.0245967
0.0257092
0.0390118
0.0220007
-0.0387742
-0.0096669
0.0031944
0.0150092
0.0231694
0.0377809
0.0355273
-0.0309560
-0.0217003
-0.0256709
0.0290873
-0.0287419
0.0336261
-0.0144652
0.0432191
0.0016261
-0.0018717
-0.0111424
0.0003194
0.0204279
-0.0234880
-0.0159149
-0.0358359
0.0213341
0.0171147
-0.0133147
-0.0411953
0.0037374
-0.0392663
0.0188495
0.0127813
0.0357631
-0.0142667
-0.0288090
0.0157446
0.0260039
-0.0233671
-0.0377859
-0.0247344
-0.0084075
-0.0090099
0.0217687
-0.0291506
0.0199634
0.0329598
0.0229073
0.0353519
-0.0377824
0.0206612
0.0299562
0.0181100
0.0183849
-0.0342940
-0.0374413
-0.0391630
-0.0289705
-0.0171212
-0.0191326
0.0274721
0.0368595
0.0427661
0.0458709
-0.0109720
0.0279550
0.0084326
-0.0217426
0.0146591
0.0177542
0.0030598
0.0238877
-0.0151251
-0.0386942
0.0235725
0.0271131
-0.0115959
-0.0361285
0.0169520
0.0231432
-0.0143128
0.0290975
-0.0397048
0.0252449
-0.0302343
0.0055954
-0.0268501
0.0276389
0.0407641
-0.0138782
-0.0143593
-0.0002375
-0.0243896
0.0411117
0.0198371
-0.0056742
0.0281227
-0.0281585
-0.0354451
0.0292285
0.0251531
-0.0088970
-0.0343057
0.0060088
-0.0006778
-0.0366235
0.0191285
-0.0321149
-0.0208129
0.0064262
-0.0085321
-0.0304201
-0.0333964
-0.0018805
-0.0367304
0.0170386
-0.0411210
-0.0203419
-0.0315821
0.0373855
0.0035805
0.0366344
0.0364327
0.0108202
-0.0342777
-0.0287960
-0.0305258
0.0405292
-0.0234702
0.0091171
-0.0134346
0.0372186
0.0039157
0.0270948
-0.0044320
-0.0291416
0.0213919
-0.0440731
0.0399076
0.0334156
0.0393318
-0.0426436
-0.0152772
-0.0179587
0.0236215
0.0341349
0.0085741
-0.0302153
0.0290838
0.0125237
0.0484793
0.0447809
0.0350356
0.0305532
-0.0023394
-0.0205398
-0.0382700
0.0229558
0.0014902
-0.0189861
-0.0136678
0.0325000
0.0306687
-0.0043595
0.0008817
0.0323663
0.0417874
-0.0008073
-0.0002439
0.0383731
0.0048006
-0.0077010
0.0072342
-0.0360631
-0.0329330
-0.0271402
-0.0680419
-0.0145465
0.0014185
0.0530646
0.0463047
0.0706019
0.1007724
0.1141115
0.0712676
0.0502372
0.0505686
-0.0546944
-0.1412718
-0.1758521
-0.3253760
-0.2851059
-0.1437407
0.0822684
0.3115249
0.4493708
0.4325329
0.2168462
-0.0212909
-0.2471326
-0.3276456
-0.3001623
-0.1342580
-0.0748109
-0.0444247
0.0545992
0.0836894
0.0924411
0.1344022
0.0758188
0.0250481
0.0659153
0.0160514
0.0116206
-0.0214713
-0.0806466
-0.0729086
-0.0269819
-0.0012918
0.0030882
-0.0213176
0.0455683
0.0449521
0.0599750
0.0106299
0.0245184
-0.0017431
0.0529498
0.0067199
-0.0401220
0.0272643
0.0144703
-0.0278705
-0.0528929
0.0045079
0.0270630
0.0225594
-0.0177865
0.0311142
0.0170759
0.0000377
-0.0258709
-0.0063555
-0.0335166
-0.0307573
0.0343364
0.0140283
-0.0273169
-0.0425710
-0.0301616
-0.0424035
0.0079324
0.0065648
0.0028171
0.0071526
-0.0273998
0.0315194
0.0379673
0.0165587
0.0198474
-0.0070840
-0.0285552
0.0067863
0.0296099
0.0054523
-0.0017669
-0.0256408
0.0014714
0.0040258
0.0335051
0.0084403
0.0396943
-0.0278871
0.0280701
-0.0046114
-0.0012930
-0.0128757
0.0017177
0.0351563
0.0064840
0.0190267
-0.0085213
-0.0262226
-0.0105854
-0.0322813
-0.0382938
-0.0071464
0.0379906
0.0331799
0.0323571
-0.0358844
0.0401406
-0.0334231
-0.0329748
-0.0033010
-0.0182603
-0.0131060
0.0141969
0.0334533
-0.0375643
-0.0150345
0.0190559
-0.0264411
-0.0368462
0.0373056
0.0403680
-0.0181518
-0.0156200
0.0188660
-0.0124766
0.0288191
0.0318080
-0.0365944
-0.0034932
-0.0328010
-0.0359554
-0.0327948
-0.0364826
-0.0307365
-0.0429439
0.0051289
0.0128725
0.0225841
0.0144140
-0.0312334
-0.0334409
-0.0358684
0.0033901
0.0316350
-0.0041137
-0.0307402
0.0069334
0.0071245
0.0278969
0.0055516
-0.0245879
-0.0402365
0.0144741
0.0425396
0.0288277
0.0125804
-0.0111520
0.0146943
-0.0120452
-0.0373758
-0.0106080
0.0269293
0.0410243
-0.0444641
-0.0240799
0.0180498
0.0429026
-0.0176943
0.0240211
-0.0362578
0.0312872
0.0046034
-0.0429321
0.0280838
0.0143134
0.0382007
0.0383936
0.0372935
-0.0112968
0.0055664
-0.0174600
0.0420874
0.0430173
-0.0097375
0.0296435
0.0290377
0.0338002
0.0273605
0.0211716
0.0277264
-0.0374475
0.0326684
-0.0399506
-0.0149261
0.0188041
-0.0259514
0.0218584
-0.0232679
-0.0275750
-0.0387577
-0.0235506
-0.0284556
0.0101768
-0.0033372
0.0069723
-0.0343623
-0.0126382
-0.0198208
-0.0323082
-0.0055547
-0.0193601
-0.0175845
0.0108146
-0.0296432
-0.0443043
0.0342745
0.0157425
0.0220830
-0.0224656
-0.0448135
-0.0377548
-0.0148643
-0.0068059
0.0454541
0.0061365
0.0670517
0.0463991
0.0028980
0.0584895
-0.0240229
0.0177194
-0.0169898
-0.0046720
-0.0747959
-0.0205778
-0.0624642
-0.0238606
0.0026591
-0.0071329
0.0034810
0.0228857
0.0741402
0.1341057
0.0944548
0.1173365
0.0813812
0.0114444
-0.0558847
-0.1437711
-0.2129031
-0.2914578
-0.2326870
-0.0991263
0.1645077
0.3803087
0.4355857
0.4027610
0.0999494
-0.1534145
-0.2797460
-0.2737058
-0.2469440
-0.1123894
-0.0266304
0.0257308
0.0672935
0.1330008
0.1103403
0.0807420
0.0816242
0.0812729
0.0188945
0.0283131
0.0041651
-0.0082070
-0.0331711
-0.0444045
-0.0631258
-0.0579561
-0.0561104
0.0327670
0.0481255
0.0144761
-0.0023090
0.0255661
0.0097436
0.0453451
-0.0191600
-0.0184920
-0.0246561
-0.0419842
0.0217200
-0.0354245
-0.0317523
-0.0194647
-0.0106259
-0.0034033
0.0384844
-0.0124883
0.0223405
-0.0273829
-0.0089344
0.0362328
0.0200690
-0.0259175
-0.0028740
-0.0311171
-0.0431390
0.0065817
0.0307669
-0.0063283
-0.0012224
0.0380689
-0.0334310
0.0034185
-0.0125559
-0.0036556
0.0063169
-0.0219494
-0.0036365
-0.0028661
-0.0371258
0.0398526
-0.0056754
0.0210207
0.0153224
0.0291625
-0.0270294
-0.0277845
-0.0385505
-0.0127721
-0.0412792
0.0112757
0.0204686
0.0444581
0.0333317
-0.0273983
-0.0065792
-0.0296454
0.0366201
-0.0260359
0.0118705
-0.0365859
-0.0221993
0.0119976
0.0254841
-0.0203420
0.0187598
-0.0100448
-0.0289036
0.0021532
0.0185460
0.0093493
-0.0233739
0.0048800
0.0017600
-0.0414875
0.0088856
0.0196870
0.0052485
0.0319756
0.0420648
-0.0423299
0.0065516
0.0198724
-0.0172019
0.0143647
0.0285297
0.0140546
0.0155183
-0.0000902
0.0411155
0.0337114
0.0157339
0.0201177
-0.0257771
-0.0155918
0.0385791
-0.0012886
0.0270051
-0.0086493
-0.0288418
-0.0390055
-0.0291933
0.0265271
0.0394208
-0.0303935
-0.0392016
-0.0309815
-0.0013452
0.0008795
-0.0061723
-0.0071094
-0.0110630
0.0171596
0.0066139
-0.0022862
-0.0244630
-0.0305340
-0.0145910
-0.0022942
-0.0261328
-0.0050146
0.0392336
-0.0000842
0.0128662
0.0226678
0.0151919
0.0139322
-0.0372495
0.0119898
0.0320613
-0.0449344
-0.0017663
0.0014638
-0.0021864
-0.0362485
0.0133171
0.0080723
-0.0104667
0.0300785
0.0143086
0.0335173
0.0348347
-0.0388211
0.0328315
-0.0354496
-0.0068583
-0.0338611
0.0227105
-0.0328954
0.0119092
-0.0376681
0.0185585
0.0211596
-0.0150856
0.0316764
0.0132783
0.0118763
-0.0404602
-0.0104140
0.0269251
0.0153305
0.0023210
0.0301922
-0.0193411
