0.0012926
-0.0009421
-0.0005646
0.0070044
0.0078230
0.0074365
-0.0007320
0.0149732
0.0136408
0.0152439
0.0052475
0.0096579
-0.0167175
0.0096929
-0.0002893
-0.0007554
-0.0021071
-0.0123879
0.0040925
0.0146252
0.0133835
0.0011015
0.0122970
0.0012459
0.0102031
-0.0037081
-0.0125783
-0.0009581
0.0154292
-0.0085278
0.0066629
-0.0107183
-0.0046305
0.0096451
-0.0075749
-0.0041966
0.0071990
-0.0060140
0.0090691
0.0066576
0.0097352
0.0017103
-0.0046142
-0.0053832
0.0027464
0.0124796
-0.0014759
0.0042985
-0.0123622
-0.0025064
0.0010988
0.0022856
-0.0118064
-0.0049477
-0.0163340
0.0091234
0.0093291
0.0040628
-0.0068421
-0.0126178
-0.0141603
-0.0120083
0.0003233
0.0154872
0.0144979
0.0067202
-0.0097212
0.0097596
-0.0048075
0.0136746
-0.0125155
0.0065695
-0.0026366
-0.0124137
0.0094507
0.0057713
0.0051125
0.0022471
0.0076022
0.0113221
-0.0132204
-0.0129504
-0.0093239
-0.0023417
-0.0118470
0.0070797
-0.0032766
0.0170728
-0.0124194
-0.0106522
0.0052901
-0.0070027
0.0149615
0.0016163
-0.0053000
-0.0136446
0.0115175
-0.0021867
-0.0149301
-0.0093081
0.0066254
-0.0032561
0.0105791
-0.0103902
0.0122236
-0.0031160
-0.0044848
-0.0046873
0.0052036
-0.0074166
-0.0112515
0.0076970
-0.0110801
0.0073104
0.0058347
0.0122618
0.0024019
-0.0077053
0.0015295
0.0013774
0.0135080
0.0125056
0.0094947
-0.0097506
-0.0063117
-0.0146692
-0.0075030
0.0058757
-0.0099265
-0.0126142
-0.0121967
-0.0067884
-0.0018557
0.0139203
0.0173989
0.0001556
-0.0028176
-0.0068600
-0.0090781
-0.0033462
-0.0045611
-0.0278260
-0.0256514
-0.0285674
-0.0229817
0.0024085
-0.0076974
0.0240199
0.0166281
0.0520761
0.0468043
0.0700517
0.0637236
0.0042416
-0.0280225
-0.0757307
-0.1084908
-0.1168011
-0.0821376
-0.0439922
0.0292374
0.1272524
0.1547753
0.1337422
0.0610888
-0.0237094
-0.0572795
-0.0667617
-0.0846421
-0.0635232
-0.0460866
-0.0316868
0.0127254
0.0306064
0.0127481
0.0367216
0.0358322
0.0318927
0.0124596
0.0150092
0.0120940
-0.0114239
-0.0273576
-0.0186943
-0.0049577
-0.0220494
0.0023431
-0.0093474
0.0123264
0.0107138
0.0153278
0.0075154
-0.0025843
0.0017619
0.0114856
0.0037932
0.0027555
-0.0063230
-0.0087542
-0.0074528
0.0079714
-0.0029463
-0.0175160
-0.0058564
0.0075960
-0.0055796
-0.0003846
0.0114438
0.0045842
-0.0080018
-0.0055350
0.0089675
0.0167883
-0.0127018
0.0151646
0.0009231
-0.0054662
0.0015647
-0.0090130
-0.0113665
-0.0080333
-0.0002253
0.0037966
0.0066846
-0.0128840
0.0095864
-0.0070543
-0.0031947
-0.0123137
0.0124828
-0.0009631
0.0086557
-0.0030923
-0.0089445
-0.0011635
-0.0115359
0.0091746
0.0173603
0.0068002
0.0100850
-0.0050518
0.0141875
-0.0147526
0.0140131
0.0110504
-0.0062493
0.0084024
0.0131524
-0.0075063
0.0031247
-0.0008713
0.0065791
0.0048479
-0.0095455
0.0078349
0.0141089
0.0092145
0.0077062
0.0112038
-0.0065875
0.0041936
-0.0121531
-0.0098002
-0.0048742
0.0052556
0.0058818
-0.0118582
-0.0130602
0.0026406
0.0159179
-0.0001214
0.0095347
0.0077042
-0.0110992
-0.0144244
-0.0066661
0.0034587
-0.0096117
0.0112292
0.0131327
-0.0011024
0.0130837
0.0130248
0.0130084
0.0075443
-0.0019631
0.0100713
0.0053493
-0.0001392
-0.0027472
-0.0107063
-0.0092085
-0.0119496
0.0100932
-0.0021152
-0.0017558
-0.0109230
0.0025980
-0.0000933
-0.0090960
0.0006222
-0.0018062
-0.0060748
0.0052867
0.0067707
0.0055717
0.0015499
-0.0086558
-0.0016963
0.0121904
0.0083421
0.0108152
0.0008013
0.0119932
-0.0023033
-0.0014810
-0.0071794
-0.0070302
0.0014020
0.0100191
0.0074273
-0.0082369
-0.0140988
-0.0083464
0.0009624
0.0007809
-0.0125819
-0.0064601
0.0057906
-0.0125657
-0.0047124
-0.0031619
0.0033503
-0.0151136
-0.0090650
0.0122263
-0.0068486
0.0049451
0.0100101
-0.0098521
-0.0061733
-0.0012030
0.0015747
-0.0075068
-0.0191850
0.0055771
-0.0043385
-0.0210290
0.0074145
-0.0096831
-0.0007404
-0.0014969
0.0185033
-0.0014073
0.0116569
-0.0019122
0.0211397
0.0045130
0.0086495
0.0012333
-0.0045549
-0.0364409
-0.0407688
-0.0232810
-0.0266743
0.0104703
0.0132322
0.0131376
0.0436221
0.0566937
0.0661018
0.0630009
0.0278416
-0.0062507
-0.0759188
-0.1010244
-0.1244658
-0.0896950
-0.0799628
-0.0003295
0.0741441
0.1563208
0.1558581
0.1253044
0.0243301
-0.0629169
-0.0926681
-0.0725188
-0.0699480
-0.0536146
-0.0367084
-0.0030119
-0.0001198
0.0116685
0.0369829
0.0442270
0.0299517
0.0282843
0.0283208
-0.0033039
-0.0089132
-0.0187237
-0.0102380
-0.0211130
-0.0230277
-0.0184912
-0.0064032
-0.0160050
0.0000337
-0.0050243
0.0022393
0.0240586
0.0136948
0.0122413
0.0148853
0.0107517
0.0088360
-0.0145577
0.0075170
0.0091501
-0.0077887
-0.0142896
-0.0052886
-0.0017774
0.0024062
-0.0117576
-0.0136516
0.0114619
-0.0012178
-0.0024567
0.0040081
0.0081311
0.0137768
-0.0131033
-0.0147280
-0.0075303
-0.0000144
-0.0103626
0.0054240
0.0037417
0.0108458
-0.0140389
-0.0129161
-0.0014593
0.0167835
0.0050006
0.0099786
-0.0116940
-0.0066730
-0.0160619
0.0044781
0.0054099
-0.0052061
-0.0006498
-0.0010670
-0.0091696
-0.0095503
0.0040089
-0.0076092
-0.0056103
-0.0006728
0.0057936
-0.0050038
-0.0021500
-0.0128016
-0.0043717
0.0063891
-0.0009686
0.0113947
-0.0162519
0.0027955
-0.0008592
0.0103913
-0.0085374
-0.0011046
-0.0019200
-0.0005877
-0.0109629
-0.0121519
0.0137655
0.0028355
-0.0119114
0.0102185
-0.0128880
0.0046807
-0.0064099
0.0116697
-0.0073279
0.0134651
0.0034991
0.0126673
-0.0131413
0.0151938
0.0095791
-0.0087913
-0.0063958
-0.0126916
-0.0089981
-0.0098134
0.0141585
0.0024950
-0.0011625
0.0028376
0.0134351
0.0121823
-0.0075551
-0.0013518
-0.0016723
0.0085643
0.0060633
-0.0080256
-0.0149118
-0.0037805
-0.0053371
-0.0047406
-0.0081843
0.0058153
0.0034196
-0.0016217
0.0086446
0.0074965
-0.0020720
0.0050944
0.0164545
0.0109814
0.0062994
0.0069023
0.0044488
-0.0123768
-0.0028013
0.0130894
-0.0124619
-0.0115162
0.0045115
-0.0136849
-0.0096434
-0.0112580
0.0027721
-0.0010109
-0.0001770
0.0121381
0.0063976
-0.0077506
-0.0035305
-0.0023880
-0.0047143
0.0021329
-0.0135429
0.0010928
0.0033110
-0.0014194
-0.0015332
0.0046133
-0.0042318
-0.0114472
0.0095606
-0.0016077
0.0157240
0.0100744
-0.0059868
-0.0043892
-0.0032233
-0.0079315
-0.0056029
0.0090677
-0.0219415
-0.0179121
0.0020315
-0.0043858
0.0094492
-0.0003738
0.0171563
0.0108325
0.0085128
-0.0008103
0.0226738
0.0158580
0.0002950
-0.0133858
0.0052268
-0.0203688
-0.0114260
-0.0141746
-0.0254689
-0.0119935
-0.0139469
-0.0113566
0.0116272
0.0320959
0.0504748
0.0728771
0.0656362
0.0532794
0.0086340
-0.0526990
-0.0898021
-0.1132676
-0.1266466
-0.0845580
-0.0185109
0.0794215
0.1667876
0.1765843
0.1226657
0.0349540
-0.0352261
-0.0784512
-0.0786295
-0.0463296
-0.0552744
-0.0334293
-0.0052929
-0.0040402
0.0281641
0.0294939
0.0181731
0.0300366
0.0204892
0.0233416
-0.0074871
-0.0040703
0.0038557
-0.0186294
-0.0201845
-0.0308417
0.0009910
-0.0066453
-0.0120336
-0.0021863
0.0043332
-0.0013867
0.0147532
0.0119233
0.0139292
0.0002478
0.0101456
-0.0008198
0.0041991
0.0068957
0.0044368
-0.0073531
-0.0044856
-0.0026628
-0.0113448
-0.0005418
0.0022206
0.0100164
0.0058449
0.0029408
-0.0122134
0.0113415
-0.0038792
0.0070662
-0.0022982
0.0044018
0.0028480
-0.0130609
0.0123052
0.0100013
0.0027675
0.0082997
0.0113393
-0.0061672
-0.0097638
0.0115579
0.0163446
0.0131260
-0.0097290
0.0033894
0.0038966
-0.0028078
0.0090335
-0.0090333
0.0013824
0.0138652
-0.0078220
-0.0097165
-0.0137430
-0.0056962
-0.0078630
-0.0031491
0.0106569
-0.0031483
-0.0124145
0.0137215
-0.0136950
-0.0123531
-0.0075819
0.0104077
0.0062158
-0.0112601
-0.0091253
-0.0080710
0.0055412
0.0115906
-0.0079379
-0.0109007
0.0049076
0.0085803
-0.0076641
0.0099999
-0.0032827
0.0006167
0.0061317
0.0094287
-0.0153317
0.0010354
-0.0132892
-0.0121778
0.0020814
0.0095063
0.0111187
0.0105578
0.0149592
0.0073718
0.0052654
-0.0045389
0.0002975
0.0053384
-0.0039486
0.0142587
-0.0111563
-0.0064529
0.0141480
0.0060262
-0.0025356
0.0099402
-0.0011843
0.0019332
-0.0150590
0.0070433
0.0086371
-0.0057634
-0.0112295
-0.0054240
-0.0143540
0.0136960
-0.0100537
-0.0026237
-0.0071863
0.0055781
-0.0082241
0.0099841
-0.0058611
-0.0129957
-0.0037551
0.0059717
0.0039734
0.0154766
-0.0111481
0.0123127
-0.0040381
-0.0069584
-0.0161560
-0.0118125
0.0118181
0.0126446
0.0059768
0.0003194
-0.0085700
0.0004257
0.0127997
-0.0094464
0.0123184
-0.0089278
0.0025406
0.0077054
-0.0102312
0.0116788
0.0016446
-0.0015745
-0.0173165
0.0094415
-0.0015834
-0.0152915
-0.0137753
0.0087557
0.0008583
0.0059917
0.0180584
0.0084736
0.0024696
-0.0050100
-0.0103725
-0.0049937
-0.0088575
-0.0202617
0.0010150
-0.0064845
0.0021976
-0.0098338
0.0123087
0.0184833
0.0086678
0.0081386
0.0072304
-0.0023545
0.0064118
0.0045459
-0.0004870
0.0010286
-0.0048516
-0.0008885
-0.0350004
-0.0233702
-0.0171070
-0.0283784
0.0028540
0.0176204
0.0181591
0.0340411
0.0588013
0.0695470
0.0582330
0.0284094
-0.0091960
-0.0724203
-0.1094440
-0.1275140
-0.1250342
-0.0643268
-0.0041863
0.0902721
0.1637069
0.1626039
0.0941831
0.0147237
-0.0535339
-0.0925691
-0.0574904
-0.0446346
-0.0395800
-0.0392167
0.0021917
0.0010257
0.0219033
0.0315394
0.0176710
0.0367085
0.0263235
0.0055437
0.0068945
0.0068101
0.0052579
-0.0166466
-0.0203527
-0.0163015
-0.0225362
0.0001707
-0.0145516
0.0019125
-0.0062824
-0.0020381
0.0042225
-0.0082944
0.0178957
0.0070044
0.0098451
0.0139931
0.0119591
-0.0009047
-0.0100531
0.0064926
-0.0009438
-0.0113903
-0.0089928
0.0112648
0.0075731
0.0133884
-0.0002008
-0.0006489
0.0069042
-0.0094016
-0.0028094
0.0164125
-0.0009615
0.0094590
-0.0002005
-0.0021706
-0.0058514
-0.0030427
-0.0094951
-0.0014571
0.0023657
-0.0155961
0.0055112
-0.0109867
-0.0039221
-0.0041014
0.0013552
0.0037457
0.0020447
-0.0000890
-0.0150934
0.0021969
0.0058499
-0.0055381
-0.0129857
-0.0063003
0.0063465
0.0025601
-0.0030120
-0.0032234
0.0050238
-0.0103879
0.0130550
0.0093815
-0.0022831
0.0102503
0.0084614
0.0104746
-0.0080653
-0.0006101
-0.0033842
-0.0042120
0.0001145
0.0000057
0.0138919
-0.0005902
0.0126308
0.0126412
-0.0060582
0.0114857
0.0046142
0.0014505
0.0009834
-0.0059506
-0.0112991
-0.0090507
0.0029837
0.0158368
0.0096877
-0.0021212
0.0089860
0.0095521
-0.0044075
-0.0096421
-0.0041219
-0.0116459
-0.0064406
0.0125251
0.0005316
0.0155210
-0.0107204
-0.0124462
-0.0157912
0.0010667
0.0150812
-0.0017134
-0.0087148
-0.0001504
0.0080112
0.0126056
-0.0031665
-0.0060085
-0.0074133
0.0033256
-0.0057307
0.0169707
0.0131768
-0.0005650
-0.0161187
0.0052216
0.0134589
0.0141466
0.0015285
0.0143219
-0.0030344
0.0107431
-0.0124047
-0.0113404
0.0072727
0.0119522
-0.0095910
-0.0129378
-0.0062228
0.0092509
-0.0063880
-0.0111293
-0.0090971
-0.0072818
0.0035471
-0.0011956
0.0049110
-0.0043762
0.0129542
0.0007595
0.0139032
0.0110262
0.0157704
0.0161204
-0.0055041
-0.0049630
-0.0016648
0.0117502
-0.0044867
0.0046598
-0.0173855
-0.0041959
0.0121559
-0.0040121
0.0045096
0.0068199
0.0168238
0.0129363
0.0116422
0.0127213
0.0141464
-0.0171050
0.0026505
-0.0150308
-0.0218660
0.0065211
0.0001716
-0.0096664
0.0094857
0.0057529
0.0192404
-0.0010728
0.0120687
0.0069555
0.0090039
0.0193111
-0.0005043
0.0103231
-0.0169057
-0.0214699
-0.0269618
-0.0296810
-0.0174777
-0.0218089
-0.0247380
-0.0029862
0.0017225
0.0368662
0.0263811
0.0496045
0.0626391
0.0580932
0.0178294
-0.0462673
-0.0925554
-0.1069595
-0.1160948
-0.0781674
-0.0490052
0.0406534
0.1388026
0.1680800
0.1137572
0.0372819
-0.0305717
-0.0706824
-0.0747259
-0.0589687
-0.0573072
-0.0424092
-0.0134969
0.0017677
0.0181842
0.0151182
0.0374971
0.0165721
0.0233092
0.0001621
0.0121335
-0.0025882
0.0051003
-0.0103961
-0.0030534
-0.0091070
-0.0169767
-0.0007337
-0.0150809
0.0094305
-0.0012574
0.0110679
-0.0079433
-0.0029406
0.0036123
-0.0033905
0.0121569
0.0040975
-0.0166192
0.0094619
0.0108652
0.0086893
-0.0113384
0.0037882
-0.0014725
-0.0077641
0.0087404
0.0125567
-0.0099053
0.0034553
0.0018901
-0.0041135
-0.0023335
0.0082407
0.0147045
-0.0011566
0.0055305
0.0000915
-0.0035620
-0.0008751
0.0110709
-0.0047189
-0.0039009
0.0114669
-0.0052627
-0.0017501
0.0163028
0.0067301
-0.0080263
-0.0137845
0.0125424
-0.0078018
0.0057243
0.0017341
-0.0032992
0.0075742
0.0050717
-0.0043395
0.0064843
-0.0101505
-0.0018726
-0.0099340
-0.0141356
0.0018522
0.0120049
0.0079816
-0.0098260
-0.0156718
-0.0137665
-0.0066761
0.0107607
-0.0132266
-0.0076740
-0.0010052
0.0143722
-0.0055568
0.0126439
0.0065106
0.0081415
0.0052017
-0.0059569
0.0001351
-0.0119633
0.0125961
-0.0081415
0.0101239
0.0031742
0.0048917
-0.0000360
0.0071112
-0.0158574
0.0021210
-0.0065360
0.0098629
0.0020175
-0.0027557
-0.0074966
0.0021619
0.0029047
-0.0079997
0.0086039
-0.0109511
-0.0131427
-0.0138248
-0.0148065
0.0142003
0.0159875
0.0080387
-0.0046606
0.0058226
0.0039940
0.0165986
-0.0029701
-0.0009149
-0.0049538
-0.0011860
-0.0109150
-0.0120757
-0.0068829
-0.0010153
-0.0067295
0.0074350
0.0002718
0.0018879
-0.0095547
-0.0065939
-0.0080509
0.0031499
0.0110406
0.0016680
-0.0020031
-0.0107770
-0.0135699
-0.0013883
-0.0135916
-0.0011090
-0.0147207
-0.0117480
-0.0094539
-0.0168012
0.0012894
-0.0078348
0.0092189
0.0003733
0.0135324
0.0171951
0.0116975
0.0063671
-0.0147338
0.0073050
0.0096809
-0.0082703
-0.0096088
-0.0157429
-0.0124730
0.0047839
-0.0045392
-0.0148033
0.0024018
-0.0001231
0.0165706
0.0045188
0.0118036
0.0086334
0.0045708
0.0129325
0.0049730
-0.0083158
-0.0053740
0.0022491
-0.0127850
-0.0044611
-0.0193353
-0.0024893
-0.0062040
0.0104634
0.0215906
0.0184141
0.0261303
0.0056870
0.0182589
0.0135576
-0.0018274
-0.0011974
-0.0126358
