0.0592801
0.0526562
0.0816370
0.0472652
0.0419438
-0.0425147
-0.0395720
-0.1135503
-0.0864777
-0.0884156
-0.0470496
0.0314037
0.0610953
0.1370089
0.1689027
0.1313333
0.0276011
-0.0668795
-0.0653840
-0.0714828
-0.0494228
-0.0491218
-0.0490239
-0.0051897
0.0105723
0.0380027
0.0298778
0.0012640
0.0248078
0.0298405
0.0032291
-0.0043127
-0.0276519
0.0230102
-0.0155683
-0.0142464
-0.0150351
-0.0421922
-0.0451276
-0.0160049
-0.0021763
-0.0115580
0.0202427
0.0119669
0.0286631
0.0371959
0.0465669
0.0236688
-0.0137905
0.0175084
-0.0067117
-0.0028847
-0.0021820
-0.0430442
-0.0766051
-0.0539307
-0.0172076
0.0614675
0.1520296
0.0785188
0.0268695
-0.0825121
-0.1056924
-0.0688348
-0.0142961
-0.0047903
0.0270392
-0.0139413
-0.0071666
0.0173728
0.0290264
0.0400726
0.0180638
-0.0080984
0.0047237
0.0101371
-0.0386243
-0.0144322
-0.0320203
-0.0192922
-0.0177630
-0.0118242
0.0434628
-0.0089456
-0.0072682
0.0334868
0.0359449
-0.0167552
0.0208001
-0.0087860
-0.0225940
-0.0155537
-0.0332915
-0.0228548
-0.0404924
0.0131444
0.0045539
-0.0126298
0.0360356
0.0662647
0.0994884
0.0874200
0.0690064
0.0165626
-0.0108825
-0.1068734
-0.1912826
-0.2284150
-0.1937702
0.0083662
0.2017239
0.2710416
0.2529618
0.1256971
-0.0298352
-0.1281496
-0.1032571
-0.1058845
-0.0286184
-0.0202258
-0.0039671
0.0062698
-0.0150923
0.0294035
0.0270910
0.0168113
0.0293742
0.0427718
-0.0031563
0.0340480
0.0244256
-0.0005896
0.0047346
0.0013427
-0.0222159
-0.0179420
0.0079248
0.0080193
-0.0270845
-0.0366508
-0.0365893
-0.0851980
-0.0966881
-0.0444276
0.1060216
0.1332821
0.1188223
0.0582512
-0.0447347
-0.1360090
-0.0598777
-0.0585653
-0.0110135
0.0191910
-0.0332941
0.0059636
0.0263273
0.0092269
0.0361903
0.0011547
0.0135806
0.0313923
0.0084963
0.0188444
-0.0017741
-0.0313391
-0.0055606
-0.0340610
-0.0077894
-0.0270145
-0.0105439
-0.0141877
-0.0128609
-0.0100899
-0.0319448
-0.0219593
0.0181230
0.0275287
0.0042336
0.0143580
0.0294491
0.0324599
0.0304097
-0.0005374
0.0159350
-0.0035568
-0.0308323
-0.0351068
-0.0110634
-0.0311967
-0.0264835
-0.0232032
0.0126319
-0.0040142
-0.0104512
0.0006772
0.0109409
0.0421782
0.0660519
0.0917276
0.0185934
0.0366894
-0.0452315
-0.0885618
-0.1431512
-0.1096571
-0.1068869
-0.0316871
0.0602380
0.1165105
0.1657431
0.1287283
0.0476002
-0.0362341
-0.1213345
-0.0924096
-0.0605992
-0.0422083
0.0006885
-0.0253520
0.0037408
0.0133575
0.0189763
0.0217292
0.0041716
0.0378758
0.0163523
-0.0022514
-0.0176441
-0.0623912
-0.0718402
-0.0137453
0.0343449
0.1456351
0.1179973
-0.0102029
-0.0570051
-0.1100461
-0.0214949
-0.0250589
0.0166120
0.0263289
-0.0188681
0.0028736
0.0182428
0.0438869
-0.0171934
0.0054239
0.0325592
-0.0249558
-0.0320630
0.0127726
0.0037059
-0.0274190
-0.0353507
-0.0249919
-0.0044826
0.0292941
-0.0101525
-0.0091195
0.0022122
-0.0009136
0.0090182
0.0092756
0.0022615
0.0252446
-0.0089030
-0.0116170
0.0198065
0.0157433
-0.0257402
0.0180631
-0.0213656
-0.0060659
-0.0040253
0.0088430
0.0269229
0.0078543
0.0112685
0.0091137
0.0365143
0.0278059
0.0185711
0.0009059
0.0262645
-0.0230665
-0.0097630
-0.0543067
-0.0293090
0.0077014
0.0028725
-0.0147103
-0.0157352
-0.0006472
0.0001346
0.0733439
0.0426215
0.0736223
0.0425433
-0.0137198
-0.0492370
-0.0760212
-0.1285431
-0.1428933
-0.1227336
-0.0746476
0.0306478
0.0976468
0.1627303
0.1850664
0.1019346
-0.0128469
-0.1157503
-0.0877421
-0.0843905
-0.1038988
-0.0987708
-0.1341223
-0.0204788
0.1062186
0.1428204
0.1674959
0.0768647
-0.0227475
-0.0829466
-0.0857128
-0.0139154
-0.0379406
-0.0199746
0.0072938
-0.0197308
-0.0012764
0.0396344
0.0322845
0.0152303
-0.0185084
-0.0061343
0.0149493
-0.0176702
0.0026427
-0.0157991
-0.0031172
0.0032971
0.0110662
-0.0137035
-0.0103393
0.0206874
-0.0086896
0.0185635
0.0249129
-0.0223046
-0.0167585
-0.0192921
-0.0033872
0.0091235
0.0116369
0.0171091
-0.0029862
-0.0126459
0.0186844
0.0245307
-0.0231892
0.0039794
-0.0231569
-0.0253630
0.0044007
-0.0088415
0.0002463
-0.0125709
-0.0234682
-0.0367746
-0.0301049
-0.0322265
0.0068475
0.0027388
-0.0136061
0.0116439
0.0077905
0.0514537
0.0092235
-0.0001507
-0.0130130
0.0070131
-0.0038343
-0.0214599
-0.0535790
-0.0339879
-0.0111365
-0.0340220
0.0125380
-0.0125846
0.0120376
0.0417472
0.0591248
0.0584368
0.0519943
0.0798488
0.0653312
0.0168853
-0.0555647
-0.1052839
-0.1949409
-0.1684472
-0.1275840
0.0101762
0.1087793
0.1727732
0.2641151
0.1557953
0.0783008
-0.0866358
-0.1322393
-0.1410951
-0.1024857
-0.0550674
-0.0287229
-0.0306394
0.0025035
0.0274667
0.0359462
0.0324969
0.0266825
0.0513588
0.0180451
0.0314140
-0.0364041
0.0032901
-0.0297017
-0.0510066
0.0036129
0.0045072
-0.0421167
-0.0139802
-0.0117293
0.0329361
-0.0148187
0.0241815
0.0107408
0.0082641
0.0237406
0.0247187
0.0084673
-0.0023670
0.0233394
-0.0344412
-0.0325928
-0.0123455
0.0003367
-0.0261769
-0.0091652
-0.0061717
-0.0069786
-0.0154524
-0.0112329
-0.0209101
0.0143855
0.0069448
-0.0218509
-0.0163706
0.0174051
-0.0299078
0.0018405
-0.0264100
0.0223353
-0.0218312
-0.0184424
-0.0075429
0.0046848
0.0014721
0.0216995
-0.0202062
0.0048585
0.0235006
-0.0183024
0.0195688
0.0061018
-0.0039843
-0.0141854
0.0269432
0.0224451
-0.0126654
0.0161116
-0.0508517
0.0026634
-0.0007270
0.0030610
-0.0099871
-0.0225303
-0.0241633
-0.0078313
0.0004427
0.0257896
-0.0079008
0.0375156
0.1171625
0.1158899
0.0284239
-0.1130149
-0.2085541
-0.2150930
-0.1089681
0.0648376
0.1591388
0.2033050
0.1596496
0.0741902
-0.0001089
-0.0197198
-0.0355361
-0.0907719
-0.0911443
-0.0797548
-0.0390479
-0.0052448
-0.0160206
0.0378836
0.0539943
0.0590169
0.0489956
0.0186523
0.0135196
-0.0158629
0.0089864
0.0101603
-0.0218340
0.0087363
-0.0005339
-0.0092515
-0.0038062
0.0186347
0.0081426
-0.0015587
-0.0001460
-0.0095019
0.0276545
0.0333888
-0.0274818
-0.0299257
-0.0218674
0.0103463
0.0121926
0.0014624
-0.0143727
0.0071593
-0.0248681
-0.0031281
-0.0022342
0.0250616
-0.0267866
0.0006463
-0.0077464
-0.0132239
-0.0189759
-0.0116356
-0.0118355
-0.0139793
0.0083695
-0.0143143
0.0321080
-0.0099161
0.0194610
0.0334760
0.0242034
-0.0227158
-0.0081856
0.0033420
-0.0375211
-0.0324288
-0.0145012
-0.0334846
-0.0412273
-0.0172502
-0.0149429
0.0280508
-0.0069184
0.0079823
0.0515908
0.0345554
-0.0363284
-0.0747355
-0.0550495
0.0951410
0.1514271
0.0965316
-0.0396018
-0.2742613
-0.3392849
-0.1857512
0.1093031
0.2900927
0.3105788
0.1957012
0.0551976
-0.0478980
-0.0913066
-0.1131591
-0.1193783
-0.1013007
-0.0786950
-0.0422418
-0.0150629
0.0536949
0.0306938
0.0356746
0.0228310
0.0303459
0.0058132
0.0075183
-0.0325254
-0.0061453
-0.0517550
-0.0149495
-0.0411422
-0.0234058
-0.0150749
0.0097807
0.0129238
0.0143672
0.0231805
0.0232527
-0.0041092
0.0208835
0.0028630
-0.0061719
-0.0203338
0.0033725
-0.0153724
-0.0234742
0.0093463
-0.0344880
0.0119150
-0.0068493
-0.0004017
-0.0178521
-0.0138330
0.0305525
-0.0029890
0.0193418
0.0321358
0.0324169
-0.0184715
0.0054009
0.0254240
-0.0020814
0.0229094
0.0150420
-0.0214218
-0.0062242
0.0274442
0.0036019
0.0008979
0.0256309
0.0280208
0.0205433
0.0061551
-0.0260748
0.0015300
-0.0077708
-0.0399999
-0.0039439
-0.0168207
-0.0286121
-0.0294929
-0.0121136
-0.0048484
0.0099360
-0.0448463
-0.0102975
0.0254138
0.0594110
0.1551024
0.1222045
-0.0476533
-0.1544285
-0.1816754
-0.1231598
-0.0006019
0.1053175
0.1317212
0.1248670
0.0488119
0.0220341
-0.0172683
0.0136878
-0.0169543
-0.0055814
-0.0340510
-0.0630157
-0.0227856
0.0215783
0.0374509
0.0067260
0.0397915
0.0193477
0.0426458
-0.0070555
0.0331262
-0.0139425
0.0061112
-0.0155034
-0.0433608
-0.0207187
0.0196800
-0.0075013
0.0054081
-0.0197192
-0.0106033
0.0327424
-0.0049981
0.0187974
0.0064378
-0.0097983
0.0155817
-0.0026058
0.0040330
0.0164090
-0.0009272
-0.0116745
-0.0356177
0.0209012
-0.0286806
-0.0192797
0.0131681
0.0079541
0.0148493
-0.0164867
0.0051870
-0.0155890
0.0113689
0.0200010
-0.0003152
-0.0071212
-0.0082254
0.0112838
-0.0187499
-0.0033598
-0.0002201
0.0177832
0.0310489
0.0349983
0.0039528
-0.0167033
-0.0149618
0.0009967
0.0077946
-0.0259920
-0.0146352
0.0091410
0.0087366
0.0067142
-0.0294046
0.0145026
0.0067787
-0.0362535
-0.0511269
-0.0322626
0.1068816
0.1447084
0.1428849
-0.0058845
-0.1311819
-0.2074517
-0.2165808
-0.0912959
0.0471567
0.1273525
0.1183128
0.1138014
0.1007366
0.0123583
-0.0114098
-0.0445231
-0.0374088
-0.0819984
-0.0541283
-0.0225916
-0.0056844
-0.0073467
0.0325797
0.0412410
0.0555070
0.0199373
0.0232120
-0.0171844
-0.0139357
0.0157701
-0.0181186
-0.0221578
-0.0314182
0.0206443
-0.0083242
-0.0281279
-0.0032236
0.0017836
-0.0180409
0.0084027
-0.0019257
-0.0037021
-0.0046053
-0.0027017
-0.0189685
-0.0010228
0.0050780
0.0086137
0.0026762
0.0187932
0.0025013
0.0066375
-0.0160128
0.0115209
-0.0189988
0.0094701
-0.0046866
0.0163659
0.0209040
-0.0278832
0.0174205
-0.0311378
-0.0270599
0.0200378
0.0071469
-0.0216000
0.0114512
-0.0140360
0.0158809
0.0433422
-0.0165672
0.0047661
0.0363796
-0.0013027
-0.0108793
-0.0295295
0.0007147
-0.0134952
-0.0135863
-0.0141309
-0.0065610
-0.0123430
-0.0198783
0.0468525
0.0127584
0.0601765
0.0494822
0.0459339
0.0565263
0.0212511
-0.0219233
-0.1096172
-0.1274867
-0.1928386
-0.1362323
-0.0119928
0.1354091
0.1445494
0.1774111
0.0730135
0.0200953
-0.0366181
-0.0718184
-0.0687063
-0.0669397
-0.0878665
-0.0498645
-0.0215658
-0.0401953
0.0089041
0.0224013
0.0538939
0.0718571
0.0352941
0.0081488
0.0216264
-0.0311137
-0.0483743
-0.0449680
-0.0354442
0.0017308
-0.0313310
0.0267185
-0.0096685
0.0253145
0.0029833
0.0130956
0.0106556
-0.0160031
0.0057341
0.0076777
-0.0101588
0.0026463
-0.0302222
-0.0082597
-0.0331201
-0.0331068
0.0210409
0.0270728
0.0109692
0.0258665
0.0278869
0.0186324
0.0197139
-0.0097432
-0.0205017
0.0254288
0.0145426
0.0119057
-0.0201310
-0.0230578
-0.0090799
-0.0350153
-0.0110933
-0.0053261
0.0286416
0.0047946
-0.0007233
-0.0033506
0.0108494
0.0114762
-0.0178355
0.0050666
-0.0151299
-0.0267276
-0.0232608
-0.0563832
-0.0019719
-0.0104689
0.0174642
0.0177141
0.0347096
0.0223256
0.0441800
0.0575881
0.0374961
0.0089173
-0.0337228
-0.0485517
-0.0376626
-0.0650050
-0.1232647
-0.1255511
-0.0642299
0.0448351
0.1020854
0.1546654
0.1729901
0.0651733
0.0076597
-0.0616809
-0.0905724
-0.0670244
-0.0571611
-0.0509909
-0.0560632
-0.0294692
0.0206752
0.0212351
0.0692810
0.0608768
0.0342333
0.0024285
0.0245539
0.0102650
-0.0494834
-0.0429262
-0.0120090
-0.0081047
-0.0238774
0.0291873
0.0259618
0.0151893
-0.0240133
0.0084236
0.0104217
0.0127651
-0.0241065
0.0299823
-0.0142177
0.0294847
0.0235902
-0.0173935
-0.0053703
0.0131187
-0.0252992
-0.0210068
-0.0214683
0.0161626
0.0062033
-0.0042470
-0.0001808
-0.0062885
0.0156931
0.0106761
0.0204294
0.0088240
-0.0280651
0.0230896
-0.0059383
-0.0185451
0.0155506
-0.0030092
0.0318985
-0.0224811
0.0271409
0.0087376
0.0379165
0.0029250
0.0170563
-0.0007725
0.0027425
-0.0101609
-0.0363236
-0.0536429
-0.0459489
-0.0058875
0.0003920
-0.0085811
-0.0218486
0.0547239
0.0341954
0.0433407
0.0013531
-0.0267507
-0.0335473
0.0276675
0.0238517
0.0048835
-0.0285674
-0.1167409
-0.1301625
-0.1270869
-0.0332691
0.0285313
0.1110760
0.1446243
0.1626876
0.0712033
-0.0234032
-0.1044745
-0.1212458
-0.1190442
-0.0634634
-0.0422426
-0.0283610
0.0504199
0.0502357
0.0689441
0.0030445
0.0055259
-0.0078949
0.0049954
-0.0106568
0.0133419
0.0029415
-0.0210072
0.0036883
-0.0253576
-0.0066134
-0.0046134
-0.0022081
0.0087435
0.0000333
-0.0009947
0.0264107
-0.0242122
0.0334391
-0.0249632
-0.0218201
0.0290553
0.0061962
0.0127490
-0.0035077
0.0100416
0.0260975
-0.0079453
-0.0164936
-0.0019575
0.0046528
0.0156869
-0.0270170
-0.0024057
-0.0063304
-0.0313337
-0.0177898
0.0250991
0.0283939
-0.0048407
-0.0227497
0.0045949
-0.0070090
0.0107806
0.0246383
0.0293409
0.0312911
0.0289555
-0.0234236
-0.0299861
-0.0285944
-0.0473709
-0.0470679
-0.0255331
-0.0355122
0.0115574
0.0311141
0.0597958
0.0789754
0.0854844
0.0679911
0.0204351
-0.0731579
-0.1067735
-0.0988040
-0.0853805
-0.0727932
-0.0380037
-0.0633723
0.0359655
0.0897065
0.1098719
0.1117892
0.0321222
0.0212310
-0.0764262
-0.0878022
-0.0744955
-0.0497810
-0.0139243
-0.0228801
-0.0005456
-0.0169691
0.0527952
0.0400053
0.0625693
0.0151242
0.0106622
0.0250685
0.0133972
-0.0416721
-0.0003237
-0.0446174
-0.0091714
-0.0073415
-0.0019337
-0.0248459
0.0009287
-0.0240181
-0.0099450
0.0024309
0.0066423
0.0096029
-0.0071143
0.0132709
-0.0174027
0.0089719
-0.0126762
-0.0333541
0.0162313
-0.0133641
0.0018829
0.0132479
-0.0210462
-0.0201384
-0.0177189
0.0121351
-0.0184356
0.0383348
0.0157189
0.0147690
-0.0021622
0.0261837
-0.0118088
0.0145277
-0.0010547
-0.0087001
0.0103647
-0.0051216
0.0241414
-0.0092339
0.0081611
0.0222864
0.0353152
-0.0034947
0.0397807
0.0194158
-0.0152935
-0.0298132
-0.0176141
-0.0109562
-0.0454131
-0.0438717
-0.0313009
0.0054952
0.0137530
0.0224536
0.0569680
0.0637717
0.0118227
-0.0281567
-0.0045121
0.0361123
0.0359503
0.0657228
0.0334793
-0.0455651
-0.1410556
-0.1145413
-0.1053936
-0.0500536
0.0731063
0.1339074
0.1601884
0.1710062
0.0743162
-0.0067584
-0.0756539
-0.1287877
-0.1045134
-0.0683928
-0.0194659
-0.0211845
-0.0172193
0.0453595
0.0395615
0.0409188
-0.0024871
-0.0074579
0.0240450
-0.0179890
0.0217871
0.0166374
-0.0207272
0.0145703
0.0099733
-0.0112405
0.0006154
-0.0288740
-0.0182804
0.0126449
0.0357743
0.0234724
0.0369047
-0.0192218
-0.0075337
-0.0017943
-0.0122781
-0.0291048
0.0085737
-0.0010150
-0.0124330
-0.0279866
-0.0168729
-0.0055514
