-0.0377040
-0.0349572
-0.0129018
-0.0335730
0.0187633
-0.0053405
0.0226907
-0.0054068
0.0103870
-0.0213375
0.0119634
-0.0110546
-0.0097785
0.0312856
-0.0139453
-0.0268682
-0.0089101
-0.0182009
0.0151539
-0.0115178
-0.0052115
0.0187793
0.0057208
0.0175514
0.0232178
0.0316204
0.0325804
-0.0055968
-0.0012592
-0.0145650
-0.0045616
-0.0232630
-0.0247979
-0.0215980
-0.0179324
0.0174800
0.0079169
-0.0279269
-0.0086950
0.0141185
-0.0358286
0.0124005
-0.0200283
0.0009443
-0.0087612
-0.0203499
0.0176015
-0.0122290
0.0432842
-0.0015272
-0.0092240
0.0179766
0.0277942
-0.0197211
-0.0320706
-0.0197932
-0.0545182
-0.0427949
-0.0329020
0.0116990
0.0124128
0.0162817
0.0442153
0.0174074
0.0864609
0.0822699
0.0278119
0.0133837
-0.0338824
-0.0432466
-0.0602243
-0.1237359
-0.0614537
-0.0460631
0.0099656
0.0565289
0.1119793
0.1151333
0.1120803
0.0719289
-0.0494355
-0.0755474
-0.0929286
-0.0695511
-0.0317453
0.0008912
-0.0371970
0.0010053
0.0441883
0.0525213
0.0053920
0.0510828
0.0302981
-0.0152482
0.0359551
-0.0099307
0.0087017
0.0013880
-0.0324543
0.0107363
-0.0033116
0.0044026
-0.0204356
-0.0042550
0.0175868
-0.0185075
0.0040730
-0.0075297
0.0281919
0.0077197
-0.0182580
-0.0118467
0.0092691
0.0048120
-0.0278028
-0.0207852
-0.0146434
-0.0126559
-0.0200331
0.0054933
-0.0044366
0.0109066
0.0258238
-0.0123425
0.0000319
0.0082804
0.0153046
0.0086214
-0.0131716
-0.0164529
-0.0017632
-0.0034409
0.0109041
0.0043108
-0.0058201
0.0144832
0.0159966
-0.0344495
-0.0191326
0.0071042
-0.0326138
-0.0352962
0.0233379
-0.0056802
0.0296966
-0.0051661
0.0271104
-0.0053972
0.0336827
0.0242982
0.0179407
-0.0207380
0.0185186
-0.0154876
-0.0327354
0.0010448
0.0039577
0.0099628
-0.0061735
-0.0337740
-0.0011012
-0.0094405
0.0246822
0.0376923
0.0690284
0.0471359
0.0053435
-0.0339567
-0.0630892
-0.0882007
-0.0961346
-0.0761018
-0.0246793
0.0113047
0.0661866
0.1205612
0.1632472
0.1102283
0.0190889
-0.0762157
-0.1067378
-0.1031527
-0.0447779
-0.0488108
-0.0051033
0.0166635
-0.0265998
0.0032507
0.0434707
0.0428616
-0.0072882
0.0087134
0.0225140
0.0242855
-0.0094473
-0.0097165
0.0210345
-0.0154249
0.0166452
-0.0011011
0.0025116
-0.0021964
-0.0179768
0.0198809
0.0071222
0.0037323
-0.0003144
-0.0126315
0.0324609
0.0037098
-0.0077383
0.0062895
-0.0227853
-0.0141645
0.0185728
0.0221926
0.0063248
0.0184518
-0.0148537
0.0020276
0.0079121
0.0061358
-0.0175651
0.0178090
-0.0214309
0.0210122
-0.0184680
0.0136566
-0.0160557
-0.0153402
0.0133093
-0.0112204
-0.0141364
0.0130001
-0.0055656
0.0246579
0.0182736
-0.0178346
-0.0258924
-0.0379878
0.0018830
0.0213521
0.0187930
-0.0046415
-0.0139166
-0.0129493
0.0092210
0.0404999
-0.0113457
0.0174879
-0.0178017
-0.0241156
-0.0407513
-0.0096104
-0.0457581
0.0102978
-0.0334697
-0.0367477
-0.0166409
0.0120292
0.0612388
0.0970918
0.0757221
0.0814852
0.0353113
0.0131309
-0.0753523
-0.0943566
-0.1658902
-0.1515429
-0.0652156
-0.0144444
0.1251913
0.1522890
0.1730759
0.1076845
0.0204753
-0.0346405
-0.0990997
-0.0631917
-0.0409245
-0.0370939
-0.0312078
0.0078862
0.0164172
0.0085544
-0.0000842
0.0052130
0.0243823
0.0327513
0.0295820
0.0096397
-0.0032462
0.0077739
-0.0044101
0.0155484
-0.0305270
-0.0264341
-0.0234270
0.0191616
0.0234479
0.0166387
0.0108971
0.0159662
0.0373994
0.0309404
0.0145604
0.0006011
0.0118398
0.0282167
-0.0087239
0.0045067
0.0034718
0.0099625
-0.0228762
-0.0177454
-0.0202026
-0.0297822
-0.0045457
0.0132525
0.0159749
0.0020748
0.0334432
-0.0062353
0.0132527
0.0206023
-0.0038553
0.0273974
0.0191646
0.0174275
0.0279178
0.0158537
0.0179510
-0.0160650
-0.0348766
0.0134648
-0.0298110
-0.0095451
0.0217986
0.0261121
-0.0235424
0.0082965
0.0024251
0.0170135
0.0175105
0.0276167
0.0135164
-0.0124570
-0.0309699
0.0014337
-0.0434667
-0.0372534
-0.0166506
-0.0456721
-0.0027893
-0.0046063
-0.0080924
0.0368401
0.0312993
0.0775397
0.0646481
0.0880393
0.0584628
-0.0049714
-0.0179505
-0.0773396
-0.1107599
-0.1486376
-0.1091589
-0.0605638
0.0331491
0.1579134
0.1699157
0.1680100
0.0751033
-0.0188482
-0.0712049
-0.1093025
-0.0756142
-0.0577783
-0.0604353
-0.0358952
-0.0285615
0.0139479
0.0161733
0.0291856
0.0265290
0.0024097
-0.0006869
0.0123818
-0.0061997
-0.0354306
-0.0334532
-0.0253986
-0.0156441
-0.0327813
-0.0260468
-0.0009912
-0.0222921
0.0308381
-0.0125073
-0.0153621
-0.0070762
0.0108328
-0.0114517
0.0191796
-0.0207332
-0.0133135
-0.0149576
0.0300746
0.0144809
-0.0102917
0.0087896
-0.0196960
-0.0320409
-0.0037417
0.0123458
-0.0265934
-0.0131324
-0.0185658
0.0206468
0.0040727
0.0288245
0.0321929
0.0027580
-0.0270539
-0.0016688
0.0189464
-0.0223742
-0.0221975
-0.0101367
-0.0241486
0.0117162
-0.0159553
-0.0288131
-0.0199215
-0.0359268
-0.0023120
-0.0097617
-0.0094647
0.0234018
0.0302528
0.0231696
0.0409375
0.0006096
0.0029353
0.0178049
0.0127307
-0.0009872
-0.0134830
-0.0315432
-0.0413435
0.0079053
-0.0424878
-0.0218751
-0.0033292
0.0231425
0.0670114
0.0840341
0.0714519
0.0736386
0.0406218
0.0225396
-0.0824783
-0.1354595
-0.1493656
-0.1713631
-0.1071759
-0.0099048
0.1112836
0.1940898
0.2196343
0.1157259
0.0309088
-0.0985820
-0.1359168
-0.0575265
-0.0371462
-0.0266802
-0.0516389
-0.0022893
-0.0210689
0.0102261
0.0548887
0.0128773
0.0397795
0.0235344
0.0097979
0.0271407
-0.0196131
-0.0381672
-0.0150468
-0.0290725
-0.0002380
0.0037817
-0.0055073
-0.0207217
0.0196162
-0.0288460
-0.0196456
0.0136567
0.0349998
-0.0012177
0.0099279
-0.0060816
0.0110986
-0.0036898
0.0013235
0.0251763
-0.0192682
-0.0217502
-0.0268363
-0.0037971
0.0031813
0.0178772
-0.0080048
-0.0035303
0.0020853
0.0294955
0.0173508
-0.0171048
-0.0007360
-0.0175496
0.0284098
-0.0197736
0.0310801
0.0089055
0.0164705
-0.0156664
-0.0133920
-0.0106625
-0.0139561
-0.0297067
-0.0079490
-0.0133237
-0.0023363
-0.0039094
0.0281808
0.0020923
0.0313728
-0.0009370
0.0452536
0.0264028
0.0148546
-0.0063706
-0.0247034
-0.0040127
-0.0077500
-0.0398047
-0.0232874
0.0067375
0.0133249
-0.0421921
0.0174227
0.0011134
0.0378343
0.0826263
0.0697881
0.0952855
0.0545258
0.0167441
-0.0531247
-0.0955425
-0.1790819
-0.1814741
-0.1333508
0.0271448
0.1512462
0.2214535
0.2550849
0.1065942
0.0030407
-0.0961234
-0.1115027
-0.0763592
-0.0520944
-0.0705731
-0.0033548
-0.0356156
-0.0102017
0.0338775
0.0475964
0.0075461
0.0480334
0.0418332
-0.0027370
0.0372238
0.0183181
0.0211774
-0.0348582
-0.0356736
-0.0096967
-0.0005939
0.0055381
0.0234803
-0.0029710
-0.0070188
0.0243659
-0.0112049
-0.0074108
0.0375489
0.0241368
0.0095626
-0.0144086
-0.0191971
0.0183287
-0.0187864
-0.0153544
0.0229559
0.0193425
-0.0347744
-0.0207519
-0.0046719
0.0288146
0.0183447
-0.0134729
0.0125110
0.0313014
-0.0259148
0.0328823
-0.0059668
0.0252642
0.0267594
0.0206898
-0.0075839
-0.0206553
0.0210853
-0.0268159
-0.0120476
0.0114775
-0.0388300
-0.0288549
0.0036197
0.0040368
-0.0136749
0.0186571
0.0176015
-0.0159150
-0.0091572
0.0082594
0.0376981
-0.0155123
0.0256315
0.0080540
-0.0018713
-0.0180809
-0.0563598
-0.0498582
0.0110414
-0.0260967
-0.0251838
-0.0074381
0.0184588
0.0581811
0.0897013
0.0876007
0.0707262
0.0599108
-0.0155323
-0.0629587
-0.0832242
-0.1346212
-0.1353221
-0.1053258
-0.0059216
0.0889502
0.1278580
0.1960688
0.1060875
0.0237607
-0.0499993
-0.0795317
-0.0988932
-0.0707135
-0.0676040
-0.0453833
0.0035104
-0.0202133
0.0062258
0.0396968
0.0386612
0.0297604
0.0136561
0.0373637
0.0221979
0.0095167
-0.0106372
-0.0374859
-0.0066287
0.0122763
-0.0249169
-0.0080276
-0.0162194
-0.0315787
-0.0299409
0.0046065
0.0028823
-0.0069562
0.0011385
-0.0217633
-0.0064943
0.0016707
-0.0261934
-0.0205157
-0.0238848
-0.0239574
0.0058524
-0.0282461
-0.0149046
0.0228867
0.0211067
0.0000513
0.0155120
-0.0265984
0.0037937
-0.0277279
0.0069869
0.0106326
-0.0131523
0.0352210
0.0003711
-0.0048058
-0.0126251
-0.0222016
0.0138590
-0.0182636
-0.0322886
-0.0220436
-0.0319181
0.0004531
0.0165727
-0.0215834
-0.0308434
0.0196020
0.0183535
0.0374423
0.0263214
0.0245286
0.0413592
0.0042656
0.0200847
0.0027630
-0.0036810
-0.0546090
-0.0553091
-0.0117561
-0.0244309
-0.0035534
-0.0250634
0.0155517
-0.0252601
0.0498332
0.0608036
0.0830667
0.0922153
0.0897801
0.0285952
0.0003194
-0.0955199
-0.1623355
-0.2096762
-0.1475116
-0.0879953
0.0598107
0.2101540
0.2596688
0.2082198
0.0579413
-0.0337250
-0.0905187
-0.0841088
-0.0587727
-0.0638780
-0.0141649
-0.0378335
0.0249652
0.0465582
0.0558419
0.0607210
0.0470861
0.0486087
0.0445973
-0.0076289
0.0111418
0.0084333
-0.0068842
-0.0099518
-0.0052510
-0.0055669
-0.0154578
0.0118620
0.0112300
-0.0147288
0.0110694
-0.0084114
-0.0086969
-0.0010007
0.0375438
0.0214520
0.0306971
0.0323485
-0.0217342
-0.0193017
-0.0216922
-0.0157603
0.0043732
0.0236181
-0.0355385
0.0111118
-0.0271003
0.0091425
-0.0184093
-0.0267682
-0.0086666
-0.0225867
-0.0071185
0.0194754
-0.0007951
0.0061233
-0.0302084
0.0189985
0.0293200
-0.0274685
0.0005393
-0.0005680
-0.0038642
0.0075344
-0.0201478
-0.0098593
0.0036765
0.0007165
0.0309478
-0.0103387
0.0064054
0.0122219
0.0219523
-0.0122108
-0.0025030
0.0266783
0.0189815
-0.0369443
-0.0307968
-0.0220888
-0.0463346
-0.0180331
0.0128346
-0.0044403
-0.0285114
-0.0094268
0.0123078
0.0592801
0.0526562
0.0816370
0.0472652
0.0419438
-0.0425147
-0.0395720
-0.1135503
-0.0864777
-0.0884156
-0.0470496
0.0314037
0.0610953
0.1370089
0.1689027
0.1313333
0.0276011
-0.0668795
-0.0653840
-0.0714828
-0.0494228
-0.0491218
-0.0490239
-0.0051897
0.0105723
0.0380027
0.0298778
0.0012640
0.0248078
0.0298405
0.0032291
-0.0043127
-0.0276519
0.0230102
-0.0155683
-0.0142464
-0.0150351
-0.0421922
-0.0451276
-0.0160049
-0.0021763
-0.0115580
0.0202427
0.0119669
0.0286631
0.0371959
0.0465669
0.0236688
-0.0137905
0.0175084
-0.0067117
-0.0028847
-0.0021820
-0.0430442
-0.0766051
-0.0539307
-0.0172076
0.0614675
0.1520296
0.0785188
0.0268695
-0.0825121
-0.1056924
-0.0688348
-0.0142961
-0.0047903
0.0270392
-0.0139413
-0.0071666
0.0173728
0.0290264
0.0400726
0.0180638
-0.0080984
0.0047237
0.0101371
-0.0386243
-0.0144322
-0.0320203
-0.0192922
-0.0177630
-0.0118242
0.0434628
-0.0089456
-0.0072682
0.0334868
0.0359449
-0.0167552
0.0208001
-0.0087860
-0.0225940
-0.0155537
-0.0332915
-0.0228548
-0.0404924
0.0131444
0.0045539
-0.0126298
0.0360356
0.0662647
0.0994884
0.0874200
0.0690064
0.0165626
-0.0108825
-0.1068734
-0.1912826
-0.2284150
-0.1937702
0.0083662
0.2017239
0.2710416
0.2529618
0.1256971
-0.0298352
-0.1281496
-0.1032571
-0.1058845
-0.0286184
-0.0202258
-0.0039671
0.0062698
-0.0150923
0.0294035
0.0270910
0.0168113
0.0293742
0.0427718
-0.0031563
0.0340480
0.0244256
-0.0005896
0.0047346
0.0013427
-0.0222159
-0.0179420
0.0079248
0.0080193
-0.0270845
-0.0366508
-0.0365893
-0.0851980
-0.0966881
-0.0444276
0.1060216
0.1332821
0.1188223
0.0582512
-0.0447347
-0.1360090
-0.0598777
-0.0585653
-0.0110135
0.0191910
-0.0332941
0.0059636
0.0263273
0.0092269
0.0361903
0.0011547
0.0135806
0.0313923
0.0084963
0.0188444
-0.0017741
-0.0313391
-0.0055606
-0.0340610
-0.0077894
-0.0270145
-0.0105439
-0.0141877
-0.0128609
-0.0100899
-0.0319448
-0.0219593
0.0181230
0.0275287
0.0042336
0.0143580
0.0294491
0.0324599
0.0304097
-0.0005374
0.0159350
-0.0035568
-0.0308323
-0.0351068
-0.0110634
-0.0311967
-0.0264835
-0.0232032
0.0126319
-0.0040142
-0.0104512
0.0006772
0.0109409
0.0421782
0.0660519
0.0917276
0.0185934
0.0366894
-0.0452315
-0.0885618
-0.1431512
-0.1096571
-0.1068869
-0.0316871
0.0602380
0.1165105
0.1657431
0.1287283
0.0476002
-0.0362341
-0.1213345
-0.0924096
-0.0605992
-0.0422083
0.0006885
-0.0253520
0.0037408
0.0133575
0.0189763
0.0217292
0.0041716
0.0378758
0.0163523
-0.0022514
-0.0176441
-0.0623912
-0.0718402
-0.0137453
0.0343449
0.1456351
0.1179973
-0.0102029
-0.0570051
-0.1100461
-0.0214949
-0.0250589
0.0166120
0.0263289
-0.0188681
0.0028736
0.0182428
0.0438869
-0.0171934
0.0054239
0.0325592
-0.0249558
-0.0320630
0.0127726
0.0037059
-0.0274190
-0.0353507
-0.0249919
-0.0044826
0.0292941
-0.0101525
-0.0091195
0.0022122
-0.0009136
0.0090182
0.0092756
0.0022615
0.0252446
-0.0089030
-0.0116170
0.0198065
0.0157433
-0.0257402
0.0180631
-0.0213656
-0.0060659
-0.0040253
0.0088430
0.0269229
0.0078543
0.0112685
0.0091137
0.0365143
0.0278059
0.0185711
0.0009059
0.0262645
-0.0230665
-0.0097630
-0.0543067
-0.0293090
0.0077014
0.0028725
-0.0147103
-0.0157352
-0.0006472
0.0001346
0.0733439
0.0426215
0.0736223
0.0425433
-0.0137198
-0.0492370
-0.0760212
-0.1285431
-0.1428933
-0.1227336
-0.0746476
0.0306478
0.0976468
0.1627303
0.1850664
0.1019346
-0.0128469
-0.1157503
-0.0877421
-0.0843905
-0.1038988
-0.0987708
-0.1341223
-0.0204788
0.1062186
0.1428204
0.1674959
0.0768647
-0.0227475
-0.0829466
-0.0857128
-0.0139154
-0.0379406
-0.0199746
0.0072938
-0.0197308
-0.0012764
0.0396344
0.0322845
0.0152303
-0.0185084
-0.0061343
0.0149493
-0.0176702
0.0026427
-0.0157991
-0.0031172
0.0032971
0.0110662
-0.0137035
-0.0103393
0.0206874
-0.0086896
0.0185635
0.0249129
-0.0223046
-0.0167585
-0.0192921
-0.0033872
0.0091235
0.0116369
0.0171091
-0.0029862
-0.0126459
0.0186844
0.0245307
-0.0231892
0.0039794
-0.0231569
-0.0253630
0.0044007
-0.0088415
0.0002463
-0.0125709
-0.0234682
-0.0367746
-0.0301049
-0.0322265
0.0068475
0.0027388
-0.0136061
0.0116439
0.0077905
0.0514537
0.0092235
-0.0001507
-0.0130130
0.0070131
-0.0038343
-0.0214599
-0.0535790
-0.0339879
-0.0111365
-0.0340220
0.0125380
-0.0125846
0.0120376
0.0417472
0.0591248
0.0584368
0.0519943
0.0798488
0.0653312
0.0168853
-0.0555647
