0.0542474
0.0343112
0.0160350
-0.0099966
-0.0126792
0.0226109
-0.0267669
-0.0154337
-0.0109035
-0.0140014
-0.0132194
-0.0686962
-0.0521073
-0.0242137
-0.0307138
-0.0195795
0.0411975
0.0443942
0.1106654
0.1454546
0.0998786
0.0690791
-0.0154803
-0.0438389
-0.1674563
-0.2439668
-0.3542620
-0.2625678
-0.1377914
0.0736140
0.3453475
0.5473751
0.4482986
0.2182137
-0.0535421
-0.2496756
-0.3246031
-0.2626527
-0.1175671
-0.0794257
-0.0008884
0.0100085
0.0858832
0.0897356
0.1184918
0.0824178
0.0688149
-0.0040766
0.0357461
0.0010451
-0.0768155
-0.0376564
-0.0885883
-0.0639376
-0.0564392
-0.0112110
-0.0069638
-0.0040179
0.0525606
0.0105483
0.0151149
0.0303462
0.0566864
0.0024317
-0.0028287
-0.0135452
0.0059307
-0.0529907
-0.0516346
-0.0420520
-0.0325671
0.0044684
0.0140149
0.0402851
-0.0394798
0.0284986
-0.0149417
0.0436486
-0.0059593
0.0269056
0.0109686
-0.0329950
0.0219654
-0.0199337
0.0262998
-0.0415524
0.0071050
0.0311548
-0.0083225
-0.0383211
-0.0314812
-0.0228951
0.0466736
0.0071855
-0.0291503
0.0169369
0.0089467
-0.0291067
0.0228598
0.0299487
0.0327369
-0.0411514
0.0352048
0.0393194
-0.0360294
-0.0326970
-0.0171268
-0.0165455
-0.0083701
-0.0116948
0.0016008
-0.0349611
-0.0352107
0.0004719
-0.0098047
-0.0158836
0.0104935
-0.0247814
-0.0176477
-0.0339342
-0.0214920
0.0221404
0.0097884
-0.0197850
-0.0014431
0.0414746
0.0084321
-0.0384394
-0.0226525
-0.0261413
-0.0052668
-0.0223479
0.0262875
-0.0311704
0.0312059
0.0268509
-0.0408981
0.0025164
-0.0060564
0.0146015
-0.0343289
0.0086899
-0.0290424
0.0281558
0.0219049
-0.0164995
-0.0297347
0.0263580
-0.0221861
0.0296488
-0.0084293
-0.0393744
0.0006006
-0.0186993
0.0249621
0.0181502
0.0188450
-0.0276598
-0.0379786
-0.0389615
0.0121253
-0.0209286
0.0440930
0.0082254
-0.0209943
0.0314829
-0.0280231
-0.0114699
-0.0117087
0.0152044
0.0301545
-0.0047762
0.0114715
0.0261322
0.0166940
0.0156149
0.0278005
0.0068867
-0.0182096
0.0146752
0.0133169
-0.0223879
0.0051733
0.0398522
-0.0163449
-0.0274800
0.0062823
0.0005956
0.0251846
-0.0209334
0.0439315
-0.0086816
0.0054047
0.0226985
0.0393533
0.0260807
-0.0315576
-0.0329918
0.0390236
0.0178951
0.0294222
-0.0135767
-0.0298988
0.0105874
0.0424400
-0.0116012
-0.0213000
-0.0343988
0.0080571
0.0125422
0.0159473
0.0300577
0.0014952
-0.0463311
-0.0082233
0.0097562
-0.0383567
0.0255398
-0.0089808
-0.0201391
0.0131935
-0.0070357
-0.0019096
0.0437002
0.0341135
-0.0059345
0.0285529
0.0293737
-0.0315561
-0.0339241
-0.0014297
-0.0208687
-0.0667162
-0.0637691
-0.0326292
-0.0317140
-0.0484401
0.0199998
-0.0092702
0.0669239
0.0256753
0.0930961
0.0813449
0.0914682
0.0413769
0.0245110
-0.0999072
-0.1116592
-0.2328014
-0.1970525
-0.1955320
0.0023146
0.1218201
0.3241100
0.3637361
0.2463152
0.0832449
-0.1035764
-0.2069873
-0.2405264
-0.1956029
-0.1426599
-0.0783822
0.0264264
0.0593144
0.0417448
0.1204976
0.0658242
0.0775354
0.0424945
0.0349656
0.0166906
0.0205722
-0.0582659
-0.0559559
-0.0568522
-0.0191057
-0.0652026
0.0218548
-0.0251768
-0.0029491
-0.0166622
0.0480452
0.0555409
0.0307689
0.0039627
0.0066778
0.0423398
0.0085203
0.0235878
0.0059877
-0.0524248
-0.0058335
-0.0456318
-0.0237892
0.0356099
0.0304619
-0.0282396
0.0180947
-0.0055677
0.0327819
0.0091927
-0.0007197
0.0351436
0.0120387
0.0416217
0.0381530
-0.0072932
-0.0142491
-0.0351193
0.0084384
-0.0279087
0.0294578
0.0153556
-0.0194248
-0.0241656
-0.0345575
0.0155413
-0.0246332
-0.0203047
-0.0301708
-0.0084213
-0.0297897
-0.0216940
0.0137209
0.0071265
0.0108545
0.0054856
0.0090476
-0.0250627
-0.0188231
-0.0402957
0.0294242
-0.0386910
0.0025705
0.0359693
-0.0043485
-0.0001847
-0.0253777
0.0348378
0.0149585
0.0141450
-0.0103145
-0.0048124
-0.0259888
0.0280954
0.0176885
0.0110171
-0.0170730
0.0104259
0.0115307
0.0151496
0.0312555
-0.0043906
0.0400144
0.0075584
0.0149124
0.0243216
-0.0174333
0.0356111
-0.0369509
-0.0114068
-0.0167189
-0.0217444
-0.0154415
-0.0332385
-0.0170507
-0.0448339
0.0235664
-0.0078278
-0.0325183
-0.0097815
-0.0009528
0.0117756
0.0069018
0.0344532
-0.0287268
0.0309933
0.0322212
0.0176305
0.0248173
-0.0395748
0.0416597
-0.0342125
-0.0352531
-0.0029412
-0.0059053
-0.0410311
-0.0394603
-0.0022289
0.0015153
-0.0097193
0.0230035
0.0368969
0.0154356
-0.0257895
-0.0116752
-0.0223503
0.0419633
-0.0388918
0.0208263
-0.0142315
0.0187742
0.0152793
-0.0010038
-0.0014768
0.0184632
0.0209450
-0.0181763
0.0038913
-0.0232819
0.0237226
0.0445881
-0.0306483
0.0297241
0.0343654
-0.0029159
-0.0079337
-0.0349281
-0.0447373
0.0396352
-0.0252931
0.0207275
0.0331664
-0.0324457
0.0012946
0.0164615
0.0076111
0.0191092
-0.0143419
0.0391799
0.0414056
-0.0351936
-0.0128912
-0.0338385
-0.0007536
-0.0306327
0.0297551
-0.0491435
0.0068305
-0.0430278
-0.0490550
0.0257007
-0.0138305
-0.0040502
0.0518738
0.0020196
0.0007885
0.0229248
0.0188950
-0.0194500
-0.0405127
-0.0446905
-0.0417526
-0.0407539
-0.0030449
-0.0376258
-0.0362800
-0.0506270
0.0370881
0.0215832
0.0038240
0.0503463
0.1149120
0.0613320
0.0417019
0.0174314
0.0163428
-0.0371555
-0.1541209
-0.1770813
-0.2412208
-0.2063955
-0.0993869
0.1585917
0.3089021
0.4040252
0.3253400
0.1647626
-0.0972289
-0.1828119
-0.2849956
-0.2090876
-0.1378899
-0.0819808
-0.0269920
0.0625458
0.0676176
0.0996304
0.1259903
0.0996595
0.0181289
-0.0070636
-0.0003841
0.0098034
-0.0410781
-0.0703832
-0.0272775
-0.0218463
-0.0232519
-0.0316782
0.0278969
0.0062568
0.0236152
-0.0118789
-0.0041791
0.0088763
-0.0071799
0.0275322
0.0213089
-0.0187623
-0.0012181
0.0283360
-0.0442735
-0.0209572
0.0072879
0.0092210
0.0285272
-0.0028274
0.0294117
0.0018359
0.0477840
0.0265173
0.0431144
-0.0225337
0.0109558
-0.0020223
0.0276927
-0.0037789
-0.0387055
0.0174744
-0.0044685
-0.0015079
-0.0024837
-0.0399302
-0.0208729
0.0098513
-0.0381067
-0.0004150
-0.0212334
-0.0060962
0.0335683
-0.0093067
-0.0140725
0.0371014
0.0409934
0.0411443
-0.0149555
-0.0055540
0.0124096
-0.0018829
0.0154019
-0.0296829
0.0133293
0.0323530
-0.0360132
0.0032871
-0.0072592
-0.0200517
0.0032823
0.0337502
0.0157520
0.0333165
0.0064593
-0.0424912
0.0048705
-0.0369318
0.0068021
0.0055016
0.0380929
-0.0382762
-0.0315355
0.0102168
-0.0361775
-0.0013332
0.0429858
-0.0377912
-0.0148788
-0.0178084
0.0274659
0.0375547
-0.0189915
0.0078394
0.0154660
0.0102672
0.0040636
-0.0021191
-0.0353451
-0.0150617
-0.0012501
0.0423362
0.0014003
0.0222216
-0.0230079
0.0166911
0.0008865
0.0126628
-0.0151098
-0.0262694
-0.0199454
0.0171325
0.0277918
0.0363344
-0.0152742
0.0366084
-0.0313631
0.0119188
0.0279965
0.0008949
-0.0328755
-0.0081593
0.0284356
-0.0254803
-0.0119427
0.0388700
0.0175102
0.0305388
0.0108793
0.0336811
0.0160575
0.0381698
-0.0294840
0.0397655
0.0279779
0.0063339
-0.0084829
0.0115053
0.0171952
0.0322160
-0.0051994
0.0163711
-0.0331372
-0.0404978
-0.0425809
-0.0184111
-0.0390152
-0.0389057
-0.0087370
0.0099899
-0.0323413
0.0330110
-0.0319058
0.0073315
0.0081264
0.0188209
0.0276076
-0.0296202
-0.0301460
0.0351937
-0.0361776
0.0383756
0.0007785
0.0318822
0.0482172
0.0222707
-0.0183869
0.0409485
0.0371255
0.0238103
0.0253525
-0.0372927
-0.0232245
-0.0312184
-0.0392241
-0.0065911
0.0143674
0.0065225
-0.0246772
-0.0129013
0.0473877
-0.0017516
0.0442166
-0.0012307
-0.0224808
-0.0448263
-0.0320450
0.0149985
-0.0510751
-0.0477567
-0.0335215
-0.0162766
0.0156511
-0.0296674
0.0445611
0.0313342
0.0850531
0.0880231
0.0839375
0.1199132
0.0581534
-0.0140694
-0.0374391
-0.1231187
-0.2032977
-0.2759850
-0.3207264
-0.1508463
0.0552786
0.3045614
0.4476850
0.4170189
0.2275092
-0.0616435
-0.2794457
-0.3352753
-0.2255886
-0.1260823
-0.0287914
-0.0217762
0.0763103
0.1132481
0.1062951
0.0964309
0.1290550
0.0321751
0.0031993
0.0444632
-0.0346187
-0.0545732
-0.0746946
-0.0492718
-0.0733383
-0.0481061
-0.0024436
0.0085592
0.0042706
0.0345266
0.0270695
0.0202495
-0.0045349
0.0452929
0.0455747
0.0468497
0.0395282
-0.0204249
0.0060484
0.0007417
0.0172668
-0.0026075
0.0065976
0.0364425
-0.0108527
0.0387756
-0.0184519
0.0143822
0.0431446
0.0297731
0.0122640
0.0381013
0.0044998
-0.0021647
0.0175004
-0.0153666
0.0099871
0.0142889
0.0145462
0.0215605
-0.0057533
-0.0309046
-0.0220532
-0.0135504
0.0056286
0.0080398
-0.0408479
0.0086446
0.0351727
0.0419749
-0.0128457
-0.0229070
0.0250107
0.0258497
-0.0115445
0.0029510
-0.0336418
-0.0112141
0.0197760
0.0228866
0.0237250
-0.0085135
-0.0238810
-0.0398295
-0.0212507
0.0252875
0.0372135
-0.0308658
0.0414611
-0.0323688
0.0113166
0.0152111
-0.0075678
-0.0252691
-0.0430199
-0.0232808
-0.0312432
0.0262853
-0.0292019
0.0123064
0.0196738
-0.0159926
-0.0271731
0.0070274
0.0295008
-0.0174471
0.0430548
-0.0118586
0.0374276
0.0090311
0.0282591
-0.0110633
0.0211263
-0.0403982
-0.0367712
0.0442170
0.0043395
0.0393662
-0.0303521
0.0378912
-0.0014327
0.0265837
0.0271106
0.0280055
0.0079172
0.0400351
0.0099525
0.0178012
-0.0178052
0.0044321
0.0309671
0.0318455
0.0145870
-0.0401460
0.0167128
-0.0131572
0.0278756
0.0092736
0.0364799
0.0283993
-0.0161184
-0.0157441
0.0298531
-0.0050068
0.0211545
0.0298456
0.0267222
-0.0230589
0.0082514
0.0247401
-0.0361632
-0.0105482
0.0205591
-0.0161252
-0.0397052
-0.0340021
-0.0032555
-0.0103130
0.0378031
-0.0050500
-0.0430740
0.0083817
0.0153790
-0.0014879
0.0222821
0.0305679
-0.0056827
-0.0162359
0.0398846
0.0271089
-0.0064540
0.0279054
-0.0308506
0.0390781
-0.0366499
0.0208769
0.0282081
0.0272827
-0.0133043
0.0036288
-0.0304950
-0.0309199
0.0099656
-0.0266042
-0.0138952
-0.0254130
0.0029806
-0.0378458
0.0183098
-0.0099758
-0.0188943
-0.0486452
-0.0069105
-0.0274553
0.0409441
0.0144503
0.0384958
0.0010523
-0.0202928
0.0007842
-0.0086137
0.0306808
0.0167202
-0.0199902
-0.0168968
-0.0697582
-0.0847384
-0.0115784
0.0157067
0.0196113
0.0484706
0.0688107
0.0599244
0.1095392
0.0981044
0.0544565
0.0084738
0.0174075
-0.1321666
-0.1731271
-0.3230351
-0.3339727
-0.1908994
0.0168424
0.2701901
0.5003172
0.4651928
0.2862005
-0.0256842
-0.2253526
-0.2962702
-0.3256816
-0.1650685
-0.1381232
-0.0495845
0.0059028
0.0642377
0.0783566
0.0693993
0.1094715
0.0373291
0.0317095
0.0195727
-0.0100299
-0.0275733
-0.0894794
-0.0585090
-0.0863870
-0.0713730
-0.0442979
0.0151069
-0.0209544
0.0052964
0.0281934
0.0107481
0.0441967
0.0335210
0.0171810
-0.0227074
-0.0094204
-0.0276885
0.0071205
-0.0014118
-0.0085479
-0.0241138
0.0279365
-0.0027125
0.0011077
0.0413850
-0.0144416
0.0371424
0.0506669
0.0525000
-0.0099271
-0.0096840
-0.0047575
-0.0357241
0.0364834
-0.0080754
-0.0146085
-0.0217508
0.0275090
-0.0378842
-0.0401580
-0.0028690
0.0361378
0.0320526
0.0193157
0.0093030
-0.0175195
0.0101642
-0.0426130
0.0343164
0.0184182
0.0062282
-0.0399562
0.0356550
-0.0083861
0.0259152
0.0023659
0.0328204
0.0438311
0.0432316
-0.0360946
0.0190399
-0.0414040
-0.0290828
0.0041657
0.0349268
0.0189131
0.0147623
0.0060620
-0.0214421
0.0148328
-0.0329850
-0.0375049
0.0178233
0.0050927
0.0129537
-0.0118679
0.0056779
0.0347400
0.0038041
-0.0223153
0.0021054
0.0003064
-0.0277685
-0.0052639
0.0101720
-0.0129327
0.0156162
0.0061746
0.0143957
-0.0265165
-0.0160071
-0.0043562
0.0032597
0.0172664
0.0025240
-0.0391941
-0.0141588
-0.0158251
-0.0078989
0.0378154
0.0084481
0.0035399
-0.0200432
-0.0166122
-0.0202433
-0.0019541
0.0301919
-0.0433487
-0.0115875
0.0370281
0.0265642
-0.0211866
-0.0204402
-0.0162093
-0.0233611
0.0214540
0.0418824
0.0064098
0.0098134
-0.0320961
-0.0165467
0.0018598
0.0141850
-0.0204950
0.0238485
-0.0206524
-0.0301820
-0.0210844
0.0191688
-0.0189867
0.0339262
-0.0393374
0.0291672
-0.0347795
-0.0334032
-0.0391505
0.0011748
-0.0053654
0.0352590
0.0030475
0.0299444
0.0088498
-0.0290042
0.0078072
0.0174038
0.0334175
-0.0106933
0.0383791
-0.0141569
0.0246413
0.0371998
0.0379453
0.0269220
0.0088461
-0.0079242
0.0393233
0.0087277
-0.0359221
0.0122169
-0.0275044
0.0145683
0.0442838
-0.0255018
0.0185340
0.0107851
0.0009983
0.0300862
-0.0153135
-0.0303519
0.0239365
0.0038669
0.0349864
0.0435043
0.0109136
0.0119474
-0.0031068
0.0007418
0.0005906
0.0474417
0.0348323
-0.0325014
-0.0171978
-0.0119934
-0.0789003
-0.0604323
0.0075417
-0.0333672
-0.0439927
0.0047591
-0.0025624
0.0391400
0.0620236
0.0761443
0.0476214
0.0499804
0.0398133
-0.0179031
-0.1038830
-0.2058871
-0.2656541
-0.2483139
-0.1269022
-0.0126669
0.2093866
0.3211356
0.3459796
0.2061225
0.0619754
-0.1812407
-0.2513538
-0.1880622
-0.1547912
-0.0770463
-0.0253190
0.0091960
0.0830229
0.0529137
0.1264866
0.0917162
0.0536632
0.0426181
-0.0185188
0.0254335
-0.0256644
-0.0572556
-0.0055621
-0.0527921
-0.0197515
-0.0438969
0.0133465
-0.0314826
0.0365987
0.0486200
0.0612256
0.0155001
0.0069025
0.0281239
-0.0120804
0.0423788
-0.0102843
-0.0238076
-0.0024659
0.0296608
-0.0096223
-0.0348952
0.0281305
-0.0298454
0.0372528
0.0424379
-0.0047487
-0.0143425
0.0418735
-0.0266880
0.0314818
0.0049343
-0.0151489
-0.0431090
0.0283235
0.0314691
0.0192722
-0.0022654
0.0383047
0.0163526
0.0148241
-0.0325010
0.0390521
0.0355043
-0.0144381
-0.0248805
0.0359702
0.0263160
-0.0367275
-0.0036339
-0.0136442
0.0149070
0.0107677
0.0020547
0.0095655
-0.0294114
-0.0150388
-0.0176124
-0.0401747
-0.0037931
-0.0154754
-0.0371335
-0.0074687
0.0065543
-0.0237862
0.0255503
0.0305127
0.0188277
-0.0063498
-0.0101919
-0.0421038
0.0242887
0.0388020
-0.0359534
0.0140868
0.0300683
-0.0311446
0.0373178
0.0226882
0.0061061
-0.0266226
0.0374383
-0.0196244
-0.0204187
0.0130631
-0.0403453
