0.0053725
0.0032540
0.0144684
0.0131746
0.0134267
-0.0077931
-0.0131787
-0.0066012
-0.0037108
-0.0103415
-0.0066403
0.0135262
0.0056758
-0.0031577
0.0094141
-0.0101339
-0.0072843
-0.0137486
0.0137739
0.0086383
-0.0042255
-0.0040719
-0.0005315
0.0073444
0.0082867
0.0011071
-0.0096649
-0.0021219
0.0114650
-0.0104771
0.0055513
-0.0003813
-0.0104992
0.0060462
-0.0064968
-0.0080412
0.0111812
0.0116731
0.0119758
0.0103904
0.0072017
-0.0048973
-0.0140043
-0.0138949
0.0069253
0.0165746
-0.0009694
-0.0127831
-0.0036588
-0.0180413
0.0070172
-0.0044698
-0.0099583
0.0055014
0.0092325
0.0083376
0.0002445
-0.0086140
-0.0079757
-0.0116342
-0.0033106
-0.0132801
0.0082652
0.0059586
-0.0215258
-0.0119269
-0.0084916
-0.0174390
-0.0146147
-0.0032575
0.0120925
0.0162213
-0.0071781
0.0185067
0.0034024
-0.0042410
-0.0009935
0.0107652
-0.0045783
0.0023384
0.0003281
-0.0204268
-0.0100509
-0.0152865
-0.0197191
-0.0151087
-0.0021034
0.0163435
0.0147176
0.0492775
0.0705400
0.0832542
0.0613671
0.0351577
-0.0233925
-0.0671875
-0.0988569
-0.1173727
-0.1158568
-0.0471724
0.0378076
0.1179159
0.1902681
0.1565533
0.0633232
-0.0231989
-0.0824600
-0.0817153
-0.0762995
-0.0634476
-0.0287652
-0.0139471
-0.0012343
0.0045762
0.0158458
0.0279617
0.0195319
0.0385716
0.0235038
0.0161853
-0.0066668
-0.0098125
-0.0089851
-0.0191528
-0.0272293
-0.0063574
-0.0040808
-0.0093490
0.0084927
0.0090875
0.0133722
-0.0038806
0.0120910
-0.0028550
0.0213668
0.0091768
-0.0063337
-0.0051224
0.0031260
-0.0153987
-0.0163263
-0.0018850
0.0019533
-0.0164865
0.0116003
-0.0026561
-0.0097259
-0.0134784
-0.0010768
-0.0116221
0.0000935
0.0082001
-0.0050993
0.0054880
0.0033464
-0.0086312
0.0098105
-0.0053141
-0.0050764
0.0113807
-0.0049795
-0.0129663
-0.0091843
-0.0122219
0.0082453
0.0068121
-0.0083013
0.0119551
-0.0018453
-0.0046684
-0.0117727
-0.0100817
-0.0149614
-0.0024397
-0.0151144
0.0015671
-0.0145164
-0.0129017
0.0061703
-0.0011486
0.0155134
0.0059017
-0.0133721
0.0047835
0.0053293
-0.0045170
0.0069093
0.0143820
0.0018877
0.0110355
0.0128380
0.0128492
0.0047067
0.0120656
0.0040531
0.0125071
-0.0109181
-0.0121711
-0.0108095
-0.0032304
0.0059315
0.0105166
0.0017900
-0.0134891
0.0033756
0.0105120
-0.0107346
-0.0033395
-0.0122285
-0.0014427
-0.0029581
0.0119004
0.0069308
-0.0129358
-0.0067155
-0.0109948
0.0002347
0.0058026
-0.0126627
-0.0025541
0.0082687
-0.0012838
-0.0063596
-0.0095864
0.0080006
-0.0108842
-0.0037085
0.0013460
0.0126228
-0.0031616
0.0019918
-0.0090399
-0.0073770
-0.0016227
0.0042196
-0.0064914
-0.0082642
0.0100683
0.0080062
-0.0048479
-0.0008987
0.0090429
-0.0096979
0.0013656
-0.0059832
-0.0047547
-0.0011877
-0.0079476
0.0066779
0.0025026
0.0027873
0.0030391
0.0114174
0.0006979
-0.0022971
-0.0150382
0.0101202
-0.0067431
-0.0099601
-0.0089039
-0.0034463
0.0066001
0.0152903
0.0114737
-0.0085848
0.0014802
0.0076437
-0.0066192
-0.0023738
-0.0130062
-0.0161481
0.0056103
0.0016831
0.0139967
0.0094170
0.0095449
-0.0108200
-0.0050044
0.0077892
0.0078495
0.0059905
0.0050320
0.0049973
0.0048326
-0.0121237
0.0019697
-0.0203490
-0.0196042
0.0039707
0.0113759
-0.0066066
-0.0011108
0.0222101
0.0262961
0.0074141
0.0093272
0.0147729
0.0023226
-0.0101559
-0.0175335
-0.0176659
-0.0108727
-0.0093429
-0.0151553
0.0048332
-0.0110915
0.0196738
0.0354368
0.0510589
0.0508207
0.0688950
0.0549253
0.0103873
-0.0642869
-0.0850924
-0.1319570
-0.1306816
-0.0957716
-0.0113052
0.0895549
0.1648524
0.1825320
0.1084614
0.0114955
-0.0597273
-0.0851533
-0.0620314
-0.0586438
-0.0310464
-0.0187555
-0.0142409
0.0098672
0.0277240
0.0107311
0.0369064
0.0402251
0.0368069
0.0269241
-0.0071371
0.0080687
-0.0217380
0.0000957
-0.0237676
-0.0176153
-0.0196224
-0.0007502
-0.0133955
-0.0106883
0.0062945
-0.0020325
0.0204695
0.0099115
0.0039097
-0.0030409
0.0049780
-0.0123741
0.0084321
-0.0165050
-0.0019052
-0.0088194
-0.0181750
0.0063418
-0.0101360
0.0076520
0.0151054
-0.0043868
0.0036585
0.0003438
-0.0054216
-0.0009330
-0.0006973
-0.0018243
0.0110132
-0.0125109
0.0029618
-0.0103425
0.0041074
-0.0090611
-0.0091976
-0.0120284
-0.0036967
0.0011937
0.0051485
-0.0009174
0.0110716
-0.0124744
-0.0085946
-0.0096902
-0.0087173
-0.0026678
-0.0055525
0.0059560
-0.0059852
-0.0143789
0.0013637
0.0054270
-0.0112969
-0.0046575
-0.0049350
0.0011977
-0.0087209
-0.0077420
0.0139886
0.0092800
-0.0031198
-0.0090489
-0.0068666
0.0055617
0.0142098
0.0060375
-0.0109017
0.0023052
-0.0047192
-0.0013530
0.0050536
-0.0032958
0.0103589
-0.0118290
0.0059654
-0.0030417
0.0158967
0.0121791
-0.0117999
-0.0123095
0.0104712
0.0026211
0.0010754
-0.0048367
0.0084489
0.0116420
0.0142719
-0.0114818
0.0083806
0.0134085
0.0013246
0.0150296
-0.0066759
-0.0082552
-0.0083231
0.0101000
-0.0125000
-0.0061840
-0.0135959
-0.0013923
-0.0019694
0.0028704
0.0154644
0.0084783
0.0088792
0.0140487
0.0042049
-0.0129076
0.0132616
0.0139688
-0.0109330
-0.0096527
0.0090103
0.0107329
-0.0027032
-0.0002429
-0.0144422
0.0060121
0.0031282
-0.0070701
0.0123108
0.0006344
0.0006095
-0.0020187
-0.0152666
0.0093997
-0.0101136
0.0055097
0.0013398
-0.0059282
-0.0119609
0.0024296
0.0119906
0.0063104
-0.0109005
0.0091857
0.0147826
0.0045963
0.0071317
-0.0126622
-0.0062899
0.0006913
-0.0153549
0.0036437
-0.0133116
0.0022593
-0.0051960
-0.0018504
0.0122540
-0.0134080
0.0126942
0.0140736
-0.0090409
0.0084275
0.0018437
0.0007060
0.0077002
0.0070636
-0.0065117
0.0005858
-0.0064501
0.0045456
-0.0166066
-0.0078125
0.0044773
0.0131685
0.0175374
0.0176908
0.0020123
-0.0025351
0.0118489
0.0064717
0.0169226
-0.0175670
-0.0205087
-0.0065555
-0.0283024
-0.0346166
-0.0070517
-0.0203373
-0.0179101
0.0004458
0.0270125
0.0183164
0.0412884
0.0472689
0.0625528
0.0492814
-0.0107563
-0.0518512
-0.1006241
-0.1131467
-0.1008892
-0.0814466
-0.0066330
0.0738130
0.1511090
0.1453823
0.1001383
0.0089691
-0.0654123
-0.0758791
-0.0633322
-0.0630620
-0.0493189
-0.0432944
0.0020451
-0.0052134
0.0322088
0.0323298
0.0193488
0.0401304
0.0343641
0.0136290
0.0082889
0.0066504
0.0067475
0.0026899
-0.0188535
-0.0242464
-0.0004649
-0.0033194
-0.0161400
0.0145731
-0.0042308
0.0074419
0.0083334
-0.0063244
0.0108208
0.0200980
0.0013562
0.0125265
-0.0068443
0.0009998
-0.0200056
0.0040639
-0.0006569
-0.0008654
-0.0114482
-0.0132226
-0.0008958
-0.0138677
0.0015423
0.0034627
0.0081415
-0.0125590
-0.0119859
0.0041973
-0.0031516
-0.0086442
0.0042157
-0.0139665
0.0048226
0.0041569
-0.0007643
-0.0031524
0.0012926
-0.0009421
-0.0005646
0.0070044
0.0078230
0.0074365
-0.0007320
0.0149732
0.0136408
0.0152439
0.0052475
0.0096579
-0.0167175
0.0096929
-0.0002893
-0.0007554
-0.0021071
-0.0123879
0.0040925
0.0146252
0.0133835
0.0011015
0.0122970
0.0012459
0.0102031
-0.0037081
-0.0125783
-0.0009581
0.0154292
-0.0085278
0.0066629
-0.0107183
-0.0046305
0.0096451
-0.0075749
-0.0041966
0.0071990
-0.0060140
0.0090691
0.0066576
0.0097352
0.0017103
-0.0046142
-0.0053832
0.0027464
0.0124796
-0.0014759
0.0042985
-0.0123622
-0.0025064
0.0010988
0.0022856
-0.0118064
-0.0049477
-0.0163340
0.0091234
0.0093291
0.0040628
-0.0068421
-0.0126178
-0.0141603
-0.0120083
0.0003233
0.0154872
0.0144979
0.0067202
-0.0097212
0.0097596
-0.0048075
0.0136746
-0.0125155
0.0065695
-0.0026366
-0.0124137
0.0094507
0.0057713
0.0051125
0.0022471
0.0076022
0.0113221
-0.0132204
-0.0129504
-0.0093239
-0.0023417
-0.0118470
0.0070797
-0.0032766
0.0170728
-0.0124194
-0.0106522
0.0052901
-0.0070027
0.0149615
0.0016163
-0.0053000
-0.0136446
0.0115175
-0.0021867
-0.0149301
-0.0093081
0.0066254
-0.0032561
0.0105791
-0.0103902
0.0122236
-0.0031160
-0.0044848
-0.0046873
0.0052036
-0.0074166
-0.0112515
0.0076970
-0.0110801
0.0073104
0.0058347
0.0122618
0.0024019
-0.0077053
0.0015295
0.0013774
0.0135080
0.0125056
0.0094947
-0.0097506
-0.0063117
-0.0146692
-0.0075030
0.0058757
-0.0099265
-0.0126142
-0.0121967
-0.0067884
-0.0018557
0.0139203
0.0173989
0.0001556
-0.0028176
-0.0068600
-0.0090781
-0.0033462
-0.0045611
-0.0278260
-0.0256514
-0.0285674
-0.0229817
0.0024085
-0.0076974
0.0240199
0.0166281
0.0520761
0.0468043
0.0700517
0.0637236
0.0042416
-0.0280225
-0.0757307
-0.1084908
-0.1168011
-0.0821376
-0.0439922
0.0292374
0.1272524
0.1547753
0.1337422
0.0610888
-0.0237094
-0.0572795
-0.0667617
-0.0846421
-0.0635232
-0.0460866
-0.0316868
0.0127254
0.0306064
0.0127481
0.0367216
0.0358322
0.0318927
0.0124596
0.0150092
0.0120940
-0.0114239
-0.0273576
-0.0186943
-0.0049577
-0.0220494
0.0023431
-0.0093474
0.0123264
0.0107138
0.0153278
0.0075154
-0.0025843
0.0017619
0.0114856
0.0037932
0.0027555
-0.0063230
-0.0087542
-0.0074528
0.0079714
-0.0029463
-0.0175160
-0.0058564
0.0075960
-0.0055796
-0.0003846
0.0114438
0.0045842
-0.0080018
-0.0055350
0.0089675
0.0167883
-0.0127018
0.0151646
0.0009231
-0.0054662
0.0015647
-0.0090130
-0.0113665
-0.0080333
-0.0002253
0.0037966
0.0066846
-0.0128840
0.0095864
-0.0070543
-0.0031947
-0.0123137
0.0124828
-0.0009631
0.0086557
-0.0030923
-0.0089445
-0.0011635
-0.0115359
0.0091746
0.0173603
0.0068002
0.0100850
-0.0050518
0.0141875
-0.0147526
0.0140131
0.0110504
-0.0062493
0.0084024
0.0131524
-0.0075063
0.0031247
-0.0008713
0.0065791
0.0048479
-0.0095455
0.0078349
0.0141089
0.0092145
0.0077062
0.0112038
-0.0065875
0.0041936
-0.0121531
-0.0098002
-0.0048742
0.0052556
0.0058818
-0.0118582
-0.0130602
0.0026406
0.0159179
-0.0001214
0.0095347
0.0077042
-0.0110992
-0.0144244
-0.0066661
0.0034587
-0.0096117
0.0112292
0.0131327
-0.0011024
0.0130837
0.0130248
0.0130084
0.0075443
-0.0019631
0.0100713
0.0053493
-0.0001392
-0.0027472
-0.0107063
-0.0092085
-0.0119496
0.0100932
-0.0021152
-0.0017558
-0.0109230
0.0025980
-0.0000933
-0.0090960
0.0006222
-0.0018062
-0.0060748
0.0052867
0.0067707
0.0055717
0.0015499
-0.0086558
-0.0016963
0.0121904
0.0083421
0.0108152
0.0008013
0.0119932
-0.0023033
-0.0014810
-0.0071794
-0.0070302
0.0014020
0.0100191
0.0074273
-0.0082369
-0.0140988
-0.0083464
0.0009624
0.0007809
-0.0125819
-0.0064601
0.0057906
-0.0125657
-0.0047124
-0.0031619
0.0033503
-0.0151136
-0.0090650
0.0122263
-0.0068486
0.0049451
0.0100101
-0.0098521
-0.0061733
-0.0012030
0.0015747
-0.0075068
-0.0191850
0.0055771
-0.0043385
-0.0210290
0.0074145
-0.0096831
-0.0007404
-0.0014969
0.0185033
-0.0014073
0.0116569
-0.0019122
0.0211397
0.0045130
0.0086495
0.0012333
-0.0045549
-0.0364409
-0.0407688
-0.0232810
-0.0266743
0.0104703
0.0132322
0.0131376
0.0436221
0.0566937
0.0661018
0.0630009
0.0278416
-0.0062507
-0.0759188
-0.1010244
-0.1244658
-0.0896950
-0.0799628
-0.0003295
0.0741441
0.1563208
0.1558581
0.1253044
0.0243301
-0.0629169
-0.0926681
-0.0725188
-0.0699480
-0.0536146
-0.0367084
-0.0030119
-0.0001198
0.0116685
0.0369829
0.0442270
0.0299517
0.0282843
0.0283208
-0.0033039
-0.0089132
-0.0187237
-0.0102380
-0.0211130
-0.0230277
-0.0184912
-0.0064032
-0.0160050
0.0000337
-0.0050243
0.0022393
0.0240586
0.0136948
0.0122413
0.0148853
0.0107517
0.0088360
-0.0145577
0.0075170
0.0091501
-0.0077887
-0.0142896
-0.0052886
-0.0017774
0.0024062
-0.0117576
-0.0136516
0.0114619
-0.0012178
-0.0024567
0.0040081
0.0081311
0.0137768
-0.0131033
-0.0147280
-0.0075303
-0.0000144
-0.0103626
0.0054240
0.0037417
0.0108458
-0.0140389
-0.0129161
-0.0014593
0.0167835
0.0050006
0.0099786
-0.0116940
-0.0066730
-0.0160619
0.0044781
0.0054099
-0.0052061
-0.0006498
-0.0010670
-0.0091696
-0.0095503
0.0040089
-0.0076092
-0.0056103
-0.0006728
0.0057936
-0.0050038
-0.0021500
-0.0128016
-0.0043717
0.0063891
-0.0009686
0.0113947
-0.0162519
0.0027955
-0.0008592
0.0103913
-0.0085374
-0.0011046
-0.0019200
-0.0005877
-0.0109629
-0.0121519
0.0137655
0.0028355
-0.0119114
0.0102185
-0.0128880
0.0046807
-0.0064099
0.0116697
-0.0073279
0.0134651
0.0034991
0.0126673
-0.0131413
0.0151938
0.0095791
-0.0087913
-0.0063958
-0.0126916
-0.0089981
-0.0098134
0.0141585
0.0024950
-0.0011625
0.0028376
0.0134351
0.0121823
-0.0075551
-0.0013518
-0.0016723
0.0085643
0.0060633
-0.0080256
-0.0149118
-0.0037805
-0.0053371
-0.0047406
-0.0081843
0.0058153
0.0034196
-0.0016217
0.0086446
0.0074965
-0.0020720
0.0050944
0.0164545
0.0109814
0.0062994
0.0069023
0.0044488
-0.0123768
-0.0028013
0.0130894
-0.0124619
-0.0115162
0.0045115
-0.0136849
-0.0096434
-0.0112580
0.0027721
-0.0010109
-0.0001770
0.0121381
0.0063976
-0.0077506
-0.0035305
-0.0023880
-0.0047143
0.0021329
-0.0135429
0.0010928
0.0033110
-0.0014194
-0.0015332
0.0046133
-0.0042318
-0.0114472
0.0095606
-0.0016077
0.0157240
0.0100744
-0.0059868
-0.0043892
-0.0032233
-0.0079315
-0.0056029
0.0090677
-0.0219415
-0.0179121
0.0020315
-0.0043858
0.0094492
-0.0003738
0.0171563
0.0108325
0.0085128
-0.0008103
0.0226738
0.0158580
0.0002950
-0.0133858
0.0052268
-0.0203688
-0.0114260
-0.0141746
-0.0254689
-0.0119935
-0.0139469
-0.0113566
0.0116272
0.0320959
0.0504748
0.0728771
0.0656362
0.0532794
0.0086340
-0.0526990
-0.0898021
-0.1132676
-0.1266466
-0.0845580
-0.0185109
0.0794215
0.1667876
0.1765843
0.1226657
0.0349540
-0.0352261
-0.0784512
-0.0786295
-0.0463296
-0.0552744
-0.0334293
-0.0052929
-0.0040402
0.0281641
0.0294939
0.0181731
0.0300366
0.0204892
0.0233416
-0.0074871
-0.0040703
0.0038557
-0.0186294
-0.0201845
-0.0308417
0.0009910
-0.0066453
-0.0120336
-0.0021863
0.0043332
-0.0013867
0.0147532
0.0119233
0.0139292
0.0002478
0.0101456
-0.0008198
0.0041991
0.0068957
0.0044368
-0.0073531
-0.0044856
-0.0026628
-0.0113448
-0.0005418
0.0022206
0.0100164
0.0058449
0.0029408
-0.0122134
