0.0616100
0.0626870
0.0802392
0.0729596
-0.0933910
-0.2481958
-0.3146864
-0.5112840
-0.3788192
-0.0489492
0.2888836
0.4630859
0.4205372
0.2447167
0.0475733
-0.0538915
-0.1459522
-0.1474583
-0.1836788
-0.1558464
-0.2132400
-0.0733874
0.0726776
0.1124252
0.1196187
0.1319941
0.1443585
0.0729364
0.0880913
0.0601828
0.0045216
-0.0124850
-0.0260834
-0.0848627
-0.0905067
0.0985982
0.0900274
0.1588613
0.0397982
-0.0898485
-0.2454218
-0.2729620
-0.0981549
0.0538440
0.1049010
0.1039198
0.0945698
0.2347586
0.1629139
0.1087873
0.1435483
-0.0382394
-0.1378300
-0.2429643
-0.4828056
-0.4386666
-0.3164806
0.1225652
0.4750619
0.6278565
0.3130274
0.0556942
-0.1593633
-0.1729878
-0.0991076
-0.0969971
-0.1262599
-0.1563933
-0.1146793
-0.0914741
0.0063392
0.0133400
0.0968786
0.0993915
0.1152514
0.0837538
0.0210756
-0.0031067
-0.0097322
-0.0951761
-0.1111615
0.0012722
-0.0608369
0.0099934
0.0318942
0.1063900
0.0209566
-0.0474405
-0.1585019
-0.2353732
-0.1339418
-0.0185454
0.1146506
0.0559466
0.1158566
0.2232780
0.1810271
0.1677416
0.1644196
0.0899911
-0.0632270
-0.3681908
-0.6088662
-0.7392232
-0.3040026
0.2097436
0.6173529
0.7964516
0.5790307
0.2017504
0.0139603
-0.1075641
-0.2339682
-0.2578054
-0.3355470
-0.3031498
-0.2184744
-0.1115042
-0.0274991
0.0398184
0.1073271
0.2214376
0.0864413
0.1571729
0.0621720
0.1092722
0.0102137
-0.0793414
-0.0488782
-0.0468648
-0.1398504
-0.1089662
-0.1290643
-0.0537111
-0.0261023
-0.0354577
-0.0461575
0.0970597
-0.0093452
0.1318011
0.0703537
0.2394263
0.2586655
0.2019119
0.0857812
0.0652045
-0.0985880
-0.4183409
-0.5547265
-0.5665289
-0.2756952
0.1519822
0.5248589
0.6483510
0.4850041
0.2253581
-0.0363421
-0.1391710
-0.1535630
-0.1991279
-0.1405105
-0.2407418
-0.0864762
-0.0753063
-0.0773606
-0.0413853
0.0364931
0.1922150
0.1294210
0.0882674
0.1187441
0.0344913
-0.0442151
0.0076892
-0.1109625
0.0056008
-0.0366681
-0.0242884
-0.1392682
-0.0781033
-0.0940887
-0.1313815
-0.0921546
-0.0272160
0.0207866
0.0678768
0.0968386
0.2219586
0.2173900
0.1041616
0.1260208
0.0948890
-0.0970056
-0.2410914
-0.5105080
-0.4978654
-0.2995149
0.0989274
0.4316986
0.6124668
0.4158955
0.2832488
0.0879561
-0.0806564
-0.1129220
-0.1748866
-0.2417131
-0.2962340
-0.1645147
-0.0113092
0.0457056
0.0005464
0.0709453
0.0678513
0.0428112
0.1582726
0.0281582
0.1063163
0.1666440
-0.0046654
-0.0280562
-0.1147522
-0.1805376
-0.1412149
-0.1921011
-0.1190967
-0.0225320
0.1089553
0.0671074
0.0295039
0.0282597
-0.0178606
-0.0693656
0.0167704
0.0753222
0.1215441
0.1040241
0.2048290
0.1772896
0.0149318
-0.0042616
-0.1712612
-0.3876346
-0.4679955
-0.3398087
-0.0108265
0.2348606
0.5057946
0.4348799
0.2978727
0.1244861
0.0340449
-0.0931435
-0.1845309
-0.2103381
-0.2055356
-0.1338492
-0.0986787
-0.0468160
0.0433347
0.0002113
0.0940938
0.1458714
0.0687082
-0.0236002
-0.0242715
-0.0247421
0.0622777
0.0638274
0.0452837
0.0735120
-0.0122951
-0.0766816
-0.0791209
-0.0461179
-0.0226939
-0.1185845
-0.0729087
-0.0741292
-0.0370007
0.0433633
0.0309310
0.1130430
0.1849170
0.1302529
0.1987586
0.2297879
0.1409294
0.0447838
-0.0109482
-0.2748162
-0.6021059
-0.6933967
-0.5025613
0.0455550
0.5824802
0.7367221
0.5935784
0.1572919
-0.0674958
-0.1947089
-0.2443080
-0.2403782
-0.2053449
-0.1164811
-0.1533458
-0.0282033
0.0447945
0.0778037
0.0809876
0.1390862
0.0208477
0.1033917
0.0511989
-0.0069115
0.0414534
0.0330801
0.1179997
0.0115339
0.0078379
0.0677620
-0.0541978
-0.0470574
-0.0775598
-0.0957337
-0.2052148
-0.0600572
-0.0188940
-0.0260021
0.1140113
0.1397391
0.1508887
0.1814031
0.1916443
0.0595139
0.0567915
0.0028939
-0.1518849
-0.2495626
-0.5632143
-0.6537316
-0.3711478
0.0899720
0.6112890
0.6978535
0.5667449
0.1686649
-0.0555702
-0.2183376
-0.2328869
-0.1572155
-0.1355757
-0.2605951
-0.1630824
-0.1195829
-0.0046223
0.1029713
0.1316594
0.0294754
0.1194802
0.1599007
0.0477770
0.0445513
0.0513633
-0.0550483
-0.0371260
-0.0500812
-0.0580772
-0.0633710
-0.1139243
-0.1069745
0.0437669
-0.0735669
-0.1211867
-0.0016249
0.0417850
0.0889768
0.0993093
0.1181134
0.1740000
0.2402131
0.1599621
0.0253376
-0.0377138
-0.0840707
-0.3358632
-0.5098690
-0.6481079
-0.4023683
0.0592248
0.5337869
0.7233644
0.6653137
0.3267101
0.0076891
-0.2377298
-0.1586478
-0.2845516
-0.2799978
-0.2592148
-0.1066027
-0.0907052
0.0394940
0.0440642
0.1187882
0.0503727
0.1421207
0.1618581
0.0174807
0.0728690
0.0959650
-0.0327194
0.0084805
-0.1010215
-0.0659385
-0.0405098
-0.0066164
-0.0929051
0.0170982
0.0414669
0.0188299
-0.0494234
-0.1068881
-0.0117267
0.0610551
0.2146309
0.1787249
0.1498488
0.2051667
0.1423264
-0.0325331
-0.0497798
-0.2341869
-0.3804787
-0.4658103
-0.3339030
0.0156792
0.3449787
0.5603602
0.5039373
0.3113575
-0.0177439
-0.0735808
-0.1220512
-0.1012304
-0.2685323
-0.1935483
-0.2375667
-0.0334567
-0.0145239
0.0783145
0.0586002
0.1686363
0.1364756
0.1231082
0.0811287
0.1078427
0.0998065
0.0531718
-0.0633918
-0.0618773
-0.1832645
-0.0767371
-0.1594656
-0.0668648
0.0030580
0.0939850
0.0324968
0.0272340
-0.1047292
-0.0283449
0.0408372
0.1377053
0.1610205
0.2060101
0.1809058
0.1066157
-0.0516773
-0.1125053
-0.2614521
-0.5081690
-0.5123822
-0.3097445
0.1330027
0.6008296
0.5521471
0.3580341
0.1283378
-0.0055690
-0.1114143
-0.1019144
-0.2431336
-0.1626507
-0.2534578
-0.1405979
0.0190401
0.0912670
0.0384915
0.1045122
0.0716411
0.0340379
0.1645207
0.0412517
0.0684769
0.0491459
-0.0710591
-0.1082796
-0.1116164
-0.0998764
-0.1261222
-0.0780583
-0.0320433
-0.0188611
0.0976867
0.1046960
0.0349134
0.0074100
0.0381949
-0.1111583
0.0500400
0.0940574
0.1982926
0.1148502
0.0519164
-0.0027665
0.0171763
-0.1388316
-0.2591043
-0.4473823
-0.4088729
-0.1823712
0.2849964
0.5308137
0.4870383
0.2931999
0.0327022
-0.0300912
-0.0699753
-0.1632131
-0.2486472
-0.2138723
-0.1505726
-0.0984233
-0.0315159
0.0462976
0.0781660
0.0140977
0.0501906
0.0964443
0.0711713
0.0948498
0.0907382
-0.0011856
-0.0064440
-0.0104154
-0.0379231
0.0141182
-0.0195674
-0.1078970
-0.1311650
-0.0419001
-0.0839051
-0.0110579
0.0232385
0.0421603
-0.0657938
0.1134826
0.0987199
0.1930923
0.2816352
0.2699613
0.1519412
0.0218642
-0.1769469
-0.4631694
-0.5427054
-0.4950393
-0.2223182
0.1627171
0.5995067
0.6465140
0.5148044
0.2153406
-0.0899814
-0.2171296
-0.2614542
-0.2740702
-0.2584567
-0.2259329
-0.0849534
-0.0058343
-0.0184643
0.0440338
0.1092667
0.1201475
0.1348828
0.1431472
0.0939958
0.1104224
-0.0358347
-0.0013484
-0.1019565
-0.1174705
-0.0277035
-0.0614642
-0.0271540
0.0531699
-0.0874320
-0.1098778
-0.0768794
-0.0990816
-0.1260695
-0.1104411
0.0762091
0.1506682
0.3834203
0.4758019
0.3997398
0.0833807
-0.1666320
-0.4688562
-0.6439175
-0.5889190
-0.3831072
-0.0353213
0.3139346
0.6410441
0.6617012
0.4007664
0.0593358
-0.1219426
-0.2632700
-0.1303319
-0.0805904
-0.1024196
-0.0894268
-0.0141048
0.0112751
0.0111248
0.1085871
0.0640492
0.0215429
0.1307513
0.0553944
0.0500962
0.0464446
-0.0681760
-0.0991401
-0.0721325
-0.0040340
-0.1227195
-0.0341052
-0.0639719
-0.0129248
0.0690783
0.0364564
0.0118460
-0.0385649
0.0152478
-0.0726720
-0.0996258
-0.0088213
-0.0412390
0.0939312
0.1694919
0.2718343
0.1997482
-0.0034571
-0.3275196
-0.6016766
-0.4751783
-0.2276710
0.1610582
0.5233871
0.6018415
0.4351247
0.2332281
-0.0407923
-0.1822681
-0.2837037
-0.2458096
-0.2253267
-0.0805172
0.0271923
-0.0257158
0.1295259
0.0856377
0.0617431
0.0310277
0.0315328
-0.0354831
0.0061434
0.0264353
-0.0134810
-0.0802428
-0.0657134
-0.0727215
-0.1037357
-0.0258809
0.0213579
0.0539043
0.0395998
-0.0309142
0.0255114
0.0217088
-0.0909325
-0.0955172
-0.0318901
-0.0180067
-0.0193527
0.0864671
0.0388940
0.2049783
0.2286123
0.2016073
0.0075896
-0.3026455
-0.5781535
-0.5087868
-0.0991181
0.2011924
0.4455368
0.5053232
0.2811171
0.1140274
-0.0152619
-0.2367233
-0.3564954
-0.2694609
-0.1289087
0.0211525
0.0656629
0.0427734
0.0949392
0.0865153
0.0641326
0.0275619
0.0869817
0.0685294
0.0621064
-0.0112404
-0.0668973
-0.0399200
-0.0577956
-0.0317329
0.0108800
0.0463692
0.0553388
0.0512220
0.1226616
0.0375863
0.0404749
-0.1299459
-0.0735833
-0.0422596
-0.1442182
-0.1188030
0.0111122
0.1646880
0.2347835
0.3558094
0.3281490
0.0436032
-0.4379060
-0.7375643
-0.6740210
-0.2612452
0.1800953
0.6034688
0.5858648
0.3589391
0.1375913
-0.1003405
-0.2481953
-0.2070335
-0.2401912
-0.1053363
-0.1208064
0.0131084
-0.0221726
0.0186638
0.0717412
0.0575856
0.0740035
0.0927410
0.0852890
0.0665768
0.0261993
-0.0510736
0.0163671
-0.0222535
-0.0468333
0.0362073
-0.0216621
-0.0224287
0.0242144
0.0467343
0.0498119
-0.0102142
-0.0146302
0.0025802
-0.0230477
-0.0231778
0.0305127
0.0832821
0.1553752
0.2036272
0.1216149
0.1442079
-0.0489897
-0.4101457
-0.5606446
-0.4367227
-0.1199014
0.1667459
0.3851581
0.5586917
0.3804708
0.1286370
-0.1318246
-0.2276003
-0.2440544
-0.1567458
-0.1725244
-0.1313742
-0.0157112
-0.0206561
0.0673558
0.0681712
0.0165342
0.0678120
0.0191123
0.1112465
0.0671280
0.0535901
-0.0023596
-0.0263845
-0.0924981
-0.1065754
-0.0230599
-0.0738275
-0.0236499
-0.0070242
0.0332398
0.0238658
0.0323199
0.0281604
0.0145643
-0.0656404
0.0003536
0.0141204
0.1212217
0.1661144
0.1623785
0.2247097
0.1855242
-0.0198616
-0.1773854
-0.4910189
-0.5016294
-0.4139935
-0.0737369
0.1728071
0.4255855
0.6058756
0.3694278
0.2134534
-0.0696689
-0.2191381
-0.2888032
-0.3028615
-0.2231679
-0.1746862
-0.0169574
-0.0691309
-0.0084611
0.1145382
0.0519213
0.1239340
0.0242982
0.0228002
0.0807755
-0.0055053
0.0553023
-0.0178132
0.0483051
-0.0052514
-0.1213487
-0.1259114
-0.1217114
-0.0118369
-0.0005172
0.0584691
0.0074175
-0.0102978
0.0835536
-0.0361749
0.0403347
0.0742229
-0.0240455
0.0515878
0.1168749
0.0922974
0.1557026
0.0120233
-0.0277602
-0.2701946
-0.4403943
-0.5846931
-0.3106962
0.0700499
0.3835714
0.5489667
0.4695897
0.2169097
-0.0190138
-0.1084300
-0.2468886
-0.2015415
-0.3266890
-0.1639338
-0.1093965
0.0065401
0.0293461
0.1018202
0.0373937
0.0940033
0.1600301
0.0891358
0.0565802
0.0792196
0.0637596
-0.0827581
-0.0169763
-0.0952820
-0.1548296
-0.1251877
-0.0343473
-0.0929404
-0.0550261
0.0348733
-0.0173038
-0.0348886
0.0487785
0.0533280
0.0173672
0.1193652
0.1471980
0.1986406
0.1996033
0.1821838
0.0459916
-0.1453507
-0.3266205
-0.6234667
-0.6637200
-0.4140064
0.1440391
0.5106326
0.6838109
0.5896585
0.3558544
0.0427795
-0.1211776
-0.2129393
-0.3485208
-0.2427752
-0.2571990
-0.2197459
-0.0792980
0.0174977
0.0759506
0.0623518
0.1919875
0.1221783
0.0748534
0.0532705
0.0565630
0.0223870
-0.0038104
-0.0295450
-0.1290093
-0.0444317
-0.0914168
0.0395862
0.0924984
0.0986473
-0.0147945
-0.0044877
-0.0122577
-0.0886750
-0.1041046
0.0023299
0.0573711
0.1049348
0.1685205
0.2185465
0.2837666
0.1377154
0.1594691
-0.1058895
-0.2617409
-0.6139366
-0.6464003
-0.3984143
0.0328839
0.4980042
0.6056564
0.5763490
0.3439489
-0.0020382
-0.1470707
-0.2294770
-0.3156647
-0.2513095
-0.2181595
-0.2286155
0.0029243
0.0017577
0.0313393
0.0725724
0.0589059
0.1879557
0.1682052
0.0959419
0.0064321
0.0182358
0.0420579
-0.0540360
-0.0734136
-0.0308984
-0.1068523
-0.0391646
-0.1120532
-0.0970603
0.0398970
0.0316568
-0.0640252
-0.0095037
-0.0739915
0.0231954
0.0958372
0.1065448
0.1369178
0.2618343
0.2860815
0.1537269
-0.0245296
-0.1890867
-0.4590175
-0.6113816
-0.5148803
-0.2363754
0.1752810
0.5764636
0.7758414
0.5534720
0.2620356
-0.0526935
-0.1656317
-0.3160839
-0.2957949
-0.2523922
-0.1459499
-0.1264040
0.0061939
0.0778185
0.0888145
0.1935864
0.1761630
0.1063685
0.1191161
-0.0040127
0.0539266
-0.0425787
-0.1169833
-0.0967847
-0.0503220
-0.0584805
-0.0379780
-0.0296868
0.0778645
-0.0084432
-0.0156182
-0.0499218
-0.0351760
-0.1255025
-0.0468974
0.0631224
0.1333658
0.1911715
0.3579800
0.2546939
0.1931012
0.0766739
-0.2338898
-0.4925395
-0.5694435
-0.5478393
-0.1221014
0.3294156
0.5519804
0.5441309
0.2948099
0.0490263
-0.1473727
-0.1697254
-0.1122421
-0.1712468
-0.1547543
-0.1668043
-0.1000149
-0.0071767
0.0274380
0.0329804
0.0650748
0.1139267
0.0808163
0.0075031
-0.0152688
0.0232133
0.0390917
0.0195760
-0.0489862
0.0092207
-0.0182710
0.0248992
0.0087084
-0.0270692
0.0656663
-0.0357592
-0.0677684
0.0024072
0.0172144
-0.0250408
0.0180102
0.0758853
0.1192782
0.0654960
0.2361408
0.1853050
0.2024798
-0.0455173
-0.4330015
-0.5653990
-0.5002685
-0.1624803
0.3022253
0.4923699
0.5111580
0.3348989
0.1097466
-0.0051896
-0.0495610
-0.1749969
-0.2361082
-0.2675360
-0.2024896
-0.1415057
-0.0159312
0.1096140
0.0698148
0.0584528
0.1384808
0.1123080
0.0465218
0.0386406
-0.0089053
-0.0932378
-0.0793310
-0.1335678
-0.1504874
-0.0780391
0.0034977
0.0495024
0.0577501
0.0013193
0.0911053
0.0565885
0.0194797
0.0001300
0.0230063
-0.0443789
0.0169868
0.0103572
0.0378753
0.0659961
0.0863641
0.0648665
-0.0638076
-0.2944141
-0.3125530
-0.2220467
-0.0042628
0.2082699
0.3599082
0.2783672
0.2248583
0.0033003
-0.0435528
-0.1058225
-0.1109763
-0.2543663
-0.1634227
-0.1198548
-0.0293776
0.0137962
0.0941082
0.1453328
0.1082096
0.0728224
0.0091894
0.0474673
-0.0213824
0.0762492
-0.0841751
-0.0331775
-0.0861294
-0.0962376
-0.1105130
-0.0496119
0.0231261
0.0051369
0.0818041
0.1016286
0.0073274
-0.0601744
-0.0698336
-0.0231074
-0.0566001
-0.0280918
-0.0243479
0.1159783
0.1035930
0.1646530
0.1902078
0.1835247
0.0330587
-0.2270519
-0.5116553
-0.5245968
-0.2547776
0.1867591
0.4766377
0.4537471
0.2892356
0.0531699
-0.0544697
-0.1145620
-0.0934950
