0.0449966
0.0364454
-0.0485248
0.0048474
0.0004557
-0.0126979
-0.0048675
0.0042287
-0.0495314
-0.0148402
0.0070356
0.0145315
0.0322671
-0.0228278
0.0110148
0.0428414
-0.0034196
-0.0439754
0.0617361
-0.0416488
0.0706704
-0.0100724
0.0146746
-0.0570072
-0.0199475
-0.0237158
0.0269851
0.0521998
0.0092940
0.0378512
0.0095216
-0.0101606
-0.0119199
-0.0668417
-0.0350994
0.0412060
0.0433570
-0.0310287
-0.0199584
0.0427243
-0.0313896
-0.0489679
0.0162412
0.0169032
0.0186665
-0.0081161
-0.0069233
-0.0347274
-0.0559670
-0.0154109
-0.0046631
-0.0397410
-0.0421992
-0.0230802
0.0143429
0.0672692
0.0278480
0.0676259
0.0799114
0.1033834
0.0902292
0.0001626
-0.0090040
-0.1030139
-0.3221891
-0.2186602
-0.1050811
0.1837407
0.4429081
0.2693863
0.0425789
-0.0958563
-0.2382772
-0.1130975
-0.0424523
-0.0954618
-0.0716435
0.0112809
0.0266529
0.0660269
0.0137144
0.0413659
0.0528804
-0.0005785
0.0338818
-0.0296791
-0.0602992
-0.0593669
-0.0553415
0.0317706
0.0500271
0.0752464
-0.0176525
-0.0171282
-0.0116310
-0.0329005
-0.0315324
-0.0607688
0.0556153
-0.0550651
0.0339783
0.0538294
0.0011158
-0.0558263
0.0281794
0.0143201
-0.0210980
-0.0421895
-0.0151692
0.0569567
0.0037380
0.0305764
0.0061971
0.0533465
0.0321965
0.0488504
-0.0364269
-0.0400524
-0.0159715
-0.0367189
-0.0202757
-0.0211808
0.0048240
0.0255338
0.0341105
0.0115966
0.0275953
0.0112499
-0.0022942
-0.0306711
-0.0428239
0.0616935
0.0188664
0.0458970
0.0120144
0.0141349
-0.0004744
0.0525941
-0.0327475
-0.0290000
-0.0408392
-0.0352170
0.0019204
0.0626196
0.0414146
-0.0287647
0.0369939
-0.0637641
0.0345256
-0.0660461
0.0289592
-0.0611887
0.0330046
-0.0501168
0.0215050
0.0294255
0.0707461
-0.0104900
-0.0112427
-0.0150229
-0.0036589
-0.0371136
0.0114078
-0.0153300
-0.0413950
0.0297974
-0.0499328
-0.0234101
0.0433422
0.0446460
0.0076048
0.0518776
0.0313503
-0.0310536
0.0243854
-0.0322353
-0.0191431
0.0409794
-0.0195914
-0.0104507
0.0079230
-0.0102849
-0.0007211
-0.0022001
0.0084126
0.0100509
0.0572410
0.0144874
0.0088923
-0.0362265
-0.0050096
-0.0202669
-0.0038119
0.0359938
0.0360316
-0.0347692
-0.0067342
-0.0018188
-0.0729465
-0.0459312
-0.0234029
-0.0464879
0.0187899
-0.0480951
0.0091540
0.0271901
0.0237291
0.0655934
0.1042299
0.0249556
-0.0166362
-0.1863276
-0.2144763
-0.2180167
-0.0035822
0.1580068
0.2366054
0.1047325
-0.0097328
0.0264037
0.0672943
0.0138824
-0.0335424
-0.1376663
-0.0983267
-0.0117839
0.0568868
0.0522604
0.0695521
-0.0180031
-0.0323863
-0.0676388
0.0279668
0.0246722
0.0377525
0.0388286
-0.0203419
0.0320208
-0.0078454
-0.0138312
0.0059552
-0.0299995
0.0656343
0.0269715
-0.0532615
-0.0268568
-0.0546974
0.0026174
0.0443839
-0.0092980
0.0353500
-0.0577197
0.0411551
-0.0205781
0.0528794
-0.0324527
0.0473744
0.0206307
-0.0193310
0.0534938
-0.0093356
0.0370292
-0.0053816
-0.0480655
0.0071116
-0.0228776
-0.0024023
0.0232922
-0.0185246
0.0169086
-0.0138238
-0.0252334
0.0210485
-0.0386516
0.0366178
0.0116272
-0.0214813
0.0031404
-0.0027650
-0.0436931
-0.0464153
0.0188663
-0.0114494
-0.0476467
-0.0616961
-0.0586716
-0.0203551
-0.0430550
0.0075893
-0.0348021
0.0116282
-0.0239951
-0.0047080
0.0086701
-0.0084110
-0.0358580
0.0537940
-0.0324635
0.0363053
-0.0793027
-0.0432381
-0.0279637
-0.0067490
-0.0195733
-0.0475030
0.0951367
0.0254740
0.0829585
-0.0013705
0.0662052
0.0096386
-0.0514098
-0.0294377
-0.0798419
-0.0595485
-0.0300535
-0.0719794
-0.0001027
0.0035875
0.0015988
0.0727597
-0.0010801
0.0390012
0.0059350
0.0103637
0.0017337
-0.0495636
0.0282123
0.0177940
-0.0251424
-0.0101020
-0.0466709
-0.0134660
0.0016203
0.0600897
-0.0409436
-0.0207506
0.0554934
-0.0422190
-0.0340581
0.0370620
-0.0268747
0.0086157
0.0430642
0.0229367
0.0368269
-0.0111426
-0.0133779
-0.0557151
0.0179337
-0.0314251
0.0066186
-0.0378925
0.0596039
0.0446449
0.0502921
0.0346700
0.0126513
0.0283626
-0.1497887
-0.1675015
-0.1803709
-0.0381427
0.2093073
0.5375187
0.4227185
0.0223809
-0.3045847
-0.4943908
-0.3137127
-0.0406634
0.0269662
0.0967420
0.1332971
0.1674238
0.0961958
0.1250226
0.0623106
-0.0531198
-0.0369950
-0.0898687
-0.1251494
-0.1006243
-0.0852136
0.0375527
0.0331434
0.0802500
0.0260007
0.0723937
0.0891233
0.0273080
0.0054337
0.0190816
-0.0818028
-0.0574061
-0.0504960
-0.0548860
0.0440215
0.0404317
0.0431027
-0.0438357
-0.0023638
0.0166438
0.0583943
-0.0400354
-0.0348182
0.0266561
-0.0457178
0.0020382
-0.0405598
-0.0097339
-0.0233664
-0.0169991
-0.0676789
-0.0617691
0.0483163
-0.0364364
-0.0522841
0.0221844
-0.0458560
0.0371157
-0.0494570
-0.0063637
-0.0366051
0.0274634
0.0295857
-0.0579274
-0.0441074
0.0206801
-0.0505460
-0.0170910
0.0068247
-0.0590122
0.0039950
-0.0411100
-0.0058863
0.0522589
-0.0263971
0.0100026
0.0208745
-0.0267948
0.0406894
0.0113510
0.0228027
0.0095802
0.0220733
0.0195551
0.0610247
-0.0420668
0.0437806
0.0574288
-0.0207281
0.0267707
-0.0520558
0.0394772
-0.0638247
-0.0359892
0.0104645
0.0811946
0.0464368
-0.0213764
0.0364985
-0.0263122
-0.0342453
0.0001793
0.0095168
0.0552775
0.0206080
-0.0254093
0.0105959
-0.0452319
0.0576778
-0.0347426
0.0211981
-0.0245681
0.0587247
-0.0561305
-0.0243605
-0.0349333
0.0206243
0.0053765
-0.0145568
-0.0440479
-0.0595612
-0.0106481
-0.0167735
-0.0541847
0.0076855
-0.0379567
-0.0301552
0.0052923
0.0280321
0.0065119
0.0272553
0.0582432
-0.0669799
0.0352924
-0.0063047
-0.0128635
-0.0710357
0.0483629
0.0343100
0.0917594
0.0633504
-0.0110977
-0.0239427
-0.1022066
-0.1244136
-0.2283744
-0.1035480
0.1490040
0.4237742
0.4488545
0.0692715
-0.3137834
-0.3964461
-0.3410334
-0.1585536
0.0290193
0.0948679
0.0809488
0.1225322
0.1909766
0.0634749
0.0850116
-0.0576797
-0.0016428
-0.0318887
-0.1241201
-0.0511822
-0.0438327
0.0017604
-0.0060285
-0.0200567
0.0294694
0.0393652
0.0163318
0.0328507
0.0341088
0.0528576
0.0337164
-0.0283971
-0.0401893
-0.0653784
-0.0664881
-0.0260076
-0.0550553
-0.0363704
0.0441844
0.0091693
0.0277176
0.0135394
0.0334880
0.0118029
0.0358328
0.0589694
0.0023435
-0.0459357
0.0493827
-0.0180775
0.0052700
-0.0065308
-0.0198403
-0.0488279
-0.0231346
0.0158430
-0.0529999
0.0159622
0.0278301
0.0075811
0.0371549
0.0085414
0.0534079
0.0602324
-0.0650190
-0.0469543
-0.0049362
0.0573807
-0.0256081
0.0171344
0.0168903
-0.0353230
0.0428622
0.0272861
0.0330256
0.0138528
0.0119709
-0.0103125
-0.0546157
0.0153568
-0.0283302
-0.0571372
-0.0496096
0.0272632
0.0228168
-0.0435731
0.0557089
0.0292191
0.0449418
0.0455264
-0.0366570
0.0338138
-0.0143229
0.0202819
0.0240921
0.0118962
-0.0554628
0.0182916
0.0218588
-0.0662544
0.0286496
-0.0556644
-0.0239708
0.0180058
-0.0282179
-0.0453163
0.0636733
0.0290924
0.0126870
-0.0242064
-0.0555720
0.0313317
0.0212757
0.0391416
0.0475330
-0.0144745
-0.0610917
0.0239423
0.0428490
0.0460901
0.0434968
0.0158195
0.0355625
0.0206695
0.0297186
0.0487597
0.0052497
0.0023775
-0.0056577
-0.0699169
-0.0694031
-0.0114788
-0.0218295
-0.0004149
-0.0706211
-0.0125586
0.0269356
0.0442366
0.0164898
0.1030235
0.0449623
0.0791252
0.0268503
-0.0380004
-0.1517726
-0.2065228
-0.1095027
0.0656682
0.2208431
0.1450591
0.0367532
-0.1806266
-0.1843924
-0.0313780
-0.0371672
-0.0302886
0.0742351
0.0067301
0.1311909
0.0621497
-0.0055045
-0.0381080
-0.0096879
-0.0022492
-0.0777983
-0.0727925
-0.0904675
-0.0960936
0.0168083
0.0487940
0.0358919
0.0963145
0.0182645
0.0441310
0.0351107
-0.0150384
-0.0064725
-0.0945367
-0.0891392
-0.0562692
-0.0210460
0.0332158
0.0011537
-0.0481382
-0.0184743
-0.0454059
-0.0335396
0.0116026
0.0234334
0.0362163
-0.0175623
-0.0415213
-0.0485939
-0.0084794
0.0374867
-0.0038357
0.0367925
-0.0339030
0.0506740
-0.0062727
-0.0338970
-0.0053794
0.0419130
0.0276971
-0.0135601
0.0264945
0.0395198
-0.0212949
-0.0104565
0.0426352
-0.0578936
0.0518708
0.0205867
0.0020371
0.0141602
-0.0178092
0.0188889
0.0344379
-0.0648855
-0.0299259
-0.0392405
0.0433159
-0.0201588
-0.0321961
0.0176016
-0.0560190
0.0464104
-0.0200926
0.0524954
0.0646594
-0.0188382
-0.0071403
-0.0316690
-0.0075045
-0.0340778
0.0600464
-0.0287071
0.0243068
0.0525272
0.0136529
0.0264097
0.0084261
-0.0192372
-0.0352193
0.0229217
0.0326521
-0.0086363
0.0276657
-0.0415219
-0.0073195
0.0003814
0.0163077
0.0260383
-0.0111781
0.0049701
0.0517056
-0.0084798
0.0383694
-0.0353352
0.0100225
-0.0196261
0.0032854
-0.0034278
0.0233455
0.0256154
-0.0438082
0.0129144
-0.0467779
-0.0386108
-0.0087092
-0.0474424
-0.0479657
0.0583152
0.0381539
0.0037624
-0.0477090
-0.0167800
0.0131239
-0.0214787
-0.0013463
-0.0464635
0.0628567
0.0305621
0.0563911
0.0267059
0.0667720
0.1209568
0.0623765
0.0286435
-0.0848701
-0.1379678
-0.2465519
-0.2651230
-0.0837911
0.1357222
0.3483723
0.3579173
0.0886009
-0.0938032
-0.1666292
-0.0565711
-0.0444692
-0.1507486
-0.1191346
-0.0362364
0.0911629
0.0640221
0.1239917
-0.0192692
0.0742397
0.0757145
-0.0474349
-0.0238636
-0.0771276
0.0353355
0.0409062
-0.0191049
0.0294609
-0.0096572
-0.0080501
-0.0033110
0.0514563
-0.0369762
0.0015915
0.0267591
-0.0256296
0.0564316
0.0504382
0.0428105
-0.0049439
0.0049945
-0.0482182
-0.0331725
-0.0158509
-0.0098632
-0.0122223
0.0231017
-0.0613877
-0.0497420
-0.0214988
-0.0530475
-0.0405706
-0.0234628
-0.0054044
0.0226900
-0.0318056
0.0271512
-0.0080831
0.0113984
0.0482164
-0.0445198
-0.0192455
0.0442597
0.0053424
0.0451119
-0.0137382
-0.0535760
0.0462252
-0.0204667
0.0054766
-0.0209576
-0.0611435
-0.0567855
0.0356551
0.0028286
-0.0144236
-0.0283461
0.0044349
-0.0090144
0.0044021
-0.0501940
-0.0020402
-0.0094493
-0.0038459
-0.0472261
-0.0473617
-0.0493368
0.0365956
-0.0179954
0.0521968
-0.0254716
0.0675018
0.0152831
0.0094140
-0.0418883
0.0504134
-0.0031426
0.0112880
-0.0108679
0.0228147
0.0216354
-0.0083056
0.0238244
0.0643166
-0.0300573
0.0332730
0.0658463
0.0490617
0.0477611
-0.0140379
0.0528811
-0.0558863
-0.0373979
-0.0487745
-0.0075730
-0.0391934
0.0027839
-0.0619728
-0.0401455
0.0399150
0.0677603
-0.0433479
-0.0381437
0.0594814
0.0364860
-0.0105310
0.0357369
0.0218025
-0.0832028
-0.0713295
-0.0207663
0.0553265
0.0648316
-0.0173667
0.0286046
0.0041755
-0.0363134
0.0000021
-0.0220371
-0.0695813
-0.0335605
-0.0396389
0.0830367
0.0657246
0.0254750
0.0372379
0.1184349
0.0638805
-0.0406385
-0.1427705
-0.1605204
-0.1360537
0.0183185
0.0569849
0.1359475
0.0695712
0.0853509
0.1037089
0.1016356
0.0078256
-0.1237021
-0.1342943
-0.0600004
-0.0152964
0.0233579
-0.0362083
0.0443549
0.0487601
0.0515238
0.0049729
0.0048062
-0.0170844
0.0002790
0.0053281
-0.0207374
-0.0353362
0.0234186
0.0297492
0.0323343
-0.0313057
-0.0542721
0.0087801
0.0194202
-0.0563108
-0.0232659
-0.0037227
0.0537896
-0.0454771
0.0193831
-0.0470496
-0.0445313
0.0287161
-0.0251241
0.0180338
-0.0087637
-0.0411423
-0.0539091
0.0083855
-0.0301371
0.0194737
-0.0611487
-0.0398356
0.0475534
0.0565782
0.0581876
0.0306755
0.0097588
0.0009732
-0.0203889
0.0067776
-0.0448737
0.0087243
-0.0521541
0.0377391
-0.0158637
-0.0223949
0.0486051
0.0543178
-0.0039081
-0.0406621
0.0493028
0.0369178
0.0165495
-0.0651680
0.0201275
-0.0110734
-0.0514818
0.0689140
0.0262136
-0.0107301
0.0556169
0.0694490
0.0298514
0.0518330
-0.0780956
-0.0762512
-0.0136211
-0.0111346
-0.0952373
-0.0528037
-0.0237981
0.0403049
0.0194920
0.1180694
0.0592789
-0.0277227
-0.0034554
0.0612121
0.0315207
-0.0526974
-0.0487829
-0.0197156
-0.0909754
-0.0531249
-0.0573879
0.0685014
0.0393982
0.0472019
0.0715645
0.0721881
-0.0340347
-0.0284839
0.0472256
-0.0800849
-0.0309187
-0.0218941
-0.0542737
-0.0158798
-0.0004218
-0.0043927
0.0223045
0.0568481
-0.0149988
-0.0104985
0.0078683
0.0273745
-0.0416840
-0.0569793
-0.0176080
0.0409455
0.0111157
0.0508409
-0.0396525
-0.0305518
0.0188654
-0.0361769
-0.0026156
0.0024205
-0.0075012
-0.0617701
-0.0431440
0.0316178
0.0501513
0.0106853
-0.0066672
-0.0277659
-0.0894108
-0.1849348
-0.2030677
-0.1124995
0.3273475
0.5955465
0.5573185
0.1276997
-0.3468893
-0.5631328
-0.5317643
-0.2342582
0.1263916
0.1515017
0.2341962
0.1182074
0.1636071
0.1576989
-0.0100739
0.0185090
-0.0089617
-0.0855629
-0.0169000
-0.1116360
-0.0420782
-0.0656421
-0.0331143
-0.0366386
-0.0221125
-0.0024061
0.0156792
0.0031375
0.0423907
-0.0267435
0.0562783
-0.0403082
-0.0755720
-0.0333475
-0.0331357
-0.0409459
-0.0480781
0.0224820
-0.0615948
0.0448475
0.0463739
0.0705957
0.0017635
0.0026561
0.0138137
0.0226302
0.0383636
-0.0153039
0.0154271
-0.0507128
0.0313307
0.0463757
0.0041557
0.0103492
0.0300593
-0.0218756
-0.0156163
-0.0264815
-0.0143637
-0.0194045
-0.0191468
-0.0521719
-0.0535802
-0.0340182
-0.0407715
-0.0656234
-0.0615417
0.0400106
-0.0155409
-0.0045988
0.0274591
-0.0092043
0.0196254
0.0469008
-0.0026343
-0.0178613
-0.0068683
0.0368295
0.0625351
-0.0034521
-0.0086946
0.0358175
-0.0111543
-0.0415814
0.0328395
0.0163531
-0.0489296
-0.0428514
-0.0575128
0.0578100
-0.0461500
-0.0427942
-0.0529107
0.0426235
0.0065627
-0.0451221
0.0302041
-0.0374374
-0.0132693
-0.0055164
-0.0654642
-0.0010669
-0.0030299
0.0050470
0.0544977
0.0288864
-0.0160543
0.0424469
-0.0442948
-0.0294994
-0.0285736
-0.0580830
-0.0342165
0.0126124
-0.0668879
0.0072219
-0.0342299
0.0314014
-0.0242969
0.0530976
-0.0337083
-0.0030381
-0.0428925
0.0470015
0.0039380
0.0031595
-0.0329931
-0.0139776
-0.0212712
-0.0217780
0.0386796
-0.0111265
0.0491729
-0.0406706
-0.0801287
-0.0600817
-0.0098192
-0.0411766
0.0643258
0.0534603
0.0100888
0.0736656
0.0966933
0.0461689
-0.0817557
-0.1450881
-0.0952810
0.0122219
0.1422720
0.1636915
