0.1048269
0.0584562
-0.0228480
-0.0063743
0.0920562
-0.0361773
0.0102810
0.1111956
0.0667082
-0.0783192
-0.0626657
0.0688318
0.0633161
0.0924421
-0.0439950
-0.0235319
-0.0229277
-0.0365335
-0.0491059
0.1097987
-0.0497333
-0.0680294
0.0971938
-0.0277668
-0.0367269
-0.0590759
-0.0089094
0.1144917
0.0669043
-0.0852522
-0.0058719
0.0976921
-0.0650553
-0.0470199
-0.0003603
-0.1122934
0.0202462
0.0945190
0.0939127
0.0378873
-0.0828790
0.0162863
0.0596326
-0.0823782
-0.0115639
-0.0965460
0.0292795
0.0711954
-0.0223922
0.0202081
0.0696256
0.0001451
0.0926974
0.0115111
0.0270786
-0.0059689
-0.0859530
0.0022393
0.0794828
-0.0340004
0.0069679
-0.0012330
-0.1082360
-0.1221989
-0.1556978
0.0366605
-0.1357176
-0.1154730
-0.0822937
0.0156294
0.0345054
0.1312492
-0.0347304
0.0543539
0.1259140
0.1635702
0.1335066
0.2138719
-0.0611001
0.0536293
-0.0530884
-0.2425363
-0.1576650
-0.2113156
-0.1641914
-0.2631561
-0.1545698
0.1826337
0.4730621
0.5264714
0.4758933
0.1407297
-0.0044498
0.0433060
0.0146043
0.0582412
-0.3558813
-0.7878826
-1.1798444
-0.8619178
-0.3317858
0.6863188
1.0841607
0.9790593
0.6579994
0.0943600
0.0457557
-0.1771188
-0.2796429
-0.3731376
-0.3389485
-0.4427805
-0.2240671
-0.0904342
0.1108293
0.1284308
0.2989903
0.2801611
0.2875331
0.2335820
0.2303749
0.0852357
0.0299788
-0.0957548
-0.2632696
-0.2707535
-0.1195399
-0.2005642
-0.0935347
0.0296096
0.2448515
0.2107493
0.0413756
0.0930561
-0.0862422
0.0541677
-0.0041215
0.0637539
0.0159261
-0.0788762
0.0525354
-0.0945684
0.0771195
-0.1115290
-0.0534573
-0.0175526
-0.0363903
0.0411248
-0.0428321
0.0517056
0.0132472
-0.0081617
0.0874073
0.1041388
0.0438513
0.0937553
-0.0875672
0.0596965
0.0726287
0.0678960
-0.1148368
0.0908753
0.0187951
-0.0284373
-0.0058268
-0.0625864
0.0858300
-0.0259008
0.0900834
-0.0698337
0.0653938
-0.0949915
-0.0819890
-0.1043834
0.0540874
-0.0296847
0.0894045
0.0966872
-0.0540127
-0.0104646
0.0612974
0.0030041
0.0595370
-0.1008183
0.0492891
0.0464350
0.0912611
0.0405722
-0.0047876
-0.0483163
0.1135133
0.0510463
0.0933725
0.0807527
0.0597166
-0.0488630
-0.0829150
-0.0331565
0.0649640
-0.0659134
0.0360405
-0.0526784
-0.0210507
0.0573948
0.0962335
-0.0315764
0.0557112
0.0808927
0.0304904
0.0439529
0.0271738
-0.0208271
0.0012535
0.0360395
-0.1283395
-0.1085315
0.0313556
-0.0453595
0.0210583
0.0675115
-0.0918218
-0.0088285
0.0646515
0.1485091
0.0570616
0.0726102
0.0682485
-0.1269270
0.0809932
0.0020677
-0.0068224
-0.0397019
0.0512004
0.0517341
0.0599966
0.1034004
0.0342566
-0.0105681
0.0124425
-0.0335673
0.1049367
-0.0433220
0.0843356
0.0533625
-0.0814565
0.0135470
-0.0780967
0.0421188
0.0426183
-0.0496626
-0.0082866
-0.1142698
-0.0669468
-0.0600977
0.0028303
0.0638507
0.1005893
0.0468579
0.0655305
0.0176264
-0.0223082
0.0099401
-0.0931161
0.0465002
0.0286201
0.0649062
-0.1163817
-0.0785174
0.1157628
-0.0058244
-0.0867734
-0.1092760
-0.0814968
0.0098166
-0.1102491
-0.0393906
0.0125901
-0.0312867
-0.0949547
-0.0328140
0.0758600
-0.1057574
0.0360563
-0.0662946
-0.0274614
0.0120253
0.1132873
0.0352151
0.0630915
-0.0772789
0.0887844
-0.0403498
0.0858956
-0.0174865
-0.0792976
-0.0720924
-0.0214692
0.0525330
-0.1219572
-0.1207665
0.0421594
0.0651911
-0.0117056
-0.0258051
0.0141723
-0.0195063
0.1519697
0.0175701
0.0324698
0.0944023
-0.0231364
0.0035024
-0.1571017
-0.1844436
0.0111194
-0.0377383
0.0715512
0.0657322
0.2601812
-0.0098859
-0.1238282
-0.1902204
-0.1998937
0.0494664
-0.1132459
0.1015480
0.0464093
-0.0002131
-0.0157518
0.1374518
0.0099199
-0.0515310
0.0060213
-0.0091113
0.0677580
-0.1089304
-0.0802296
0.0592084
-0.0980996
-0.0859737
0.0731968
-0.0934092
-0.0192175
-0.0658005
0.0393361
-0.0883190
0.0603102
-0.0691860
0.0619184
0.0713807
-0.0461939
-0.0058691
-0.0338256
-0.0527957
0.0037975
0.1025973
0.1097992
0.1036492
-0.0594918
-0.0366620
0.0772267
-0.0291418
-0.0559595
-0.0233817
0.0041004
-0.1109049
-0.1091754
-0.0275842
-0.1010210
0.1071527
-0.0327088
-0.0525745
0.0598657
0.0942031
0.0996208
0.0718125
-0.0491955
0.1005161
-0.0063350
-0.0909636
0.0439753
-0.0987109
0.0231592
0.0698299
-0.0606448
0.0610079
-0.0849766
0.0279697
-0.0046262
0.0265438
0.0310445
-0.1050617
0.0454795
0.0131108
0.0632007
0.0928750
-0.0114004
-0.0393951
-0.0363882
0.0899634
-0.0854274
-0.0543109
0.0140027
0.1166208
-0.0477987
-0.0708880
0.0488791
0.0891255
0.0999723
-0.0156143
0.0754790
-0.1174645
-0.0723815
0.0179200
-0.0295079
-0.0810830
0.1008244
0.0346366
-0.0924581
-0.0786543
0.0135378
0.0908004
0.0914252
0.0091707
-0.0072149
0.0027285
-0.1094362
0.0493900
0.1057370
-0.0788419
0.0366155
-0.0141558
-0.0467700
0.0800859
0.0855447
-0.0345168
0.0823637
0.0987452
0.0614357
0.0279033
-0.1108299
-0.0089365
-0.0845703
0.0260502
-0.0549558
-0.0107271
-0.0631986
0.0535014
0.0197319
-0.0833383
-0.0063794
0.0931673
-0.0963520
0.1117858
0.0374532
0.0140915
0.0353654
-0.0861716
-0.1108420
0.0743844
-0.0492936
-0.0352530
0.0595006
-0.0729598
0.0787073
-0.0242516
0.0472881
-0.0206740
0.0754305
-0.0097066
-0.0563579
-0.0028646
-0.0443866
-0.0999607
-0.0604680
-0.0408081
0.0356209
-0.1259537
-0.0950067
-0.0771120
-0.0600849
0.0426696
-0.0748443
-0.0666798
0.0420875
0.0402225
0.1198210
-0.0247689
-0.1064182
-0.0553140
-0.1236247
-0.0065218
-0.0646203
-0.0497936
-0.1179893
-0.1023064
-0.1324617
0.1025963
-0.0143351
0.1858936
0.0980597
0.1902602
-0.0107022
-0.0149348
-0.3848903
-0.3388093
-0.2586490
0.1017629
0.2960003
0.3002900
0.1844707
-0.0433903
0.0395624
-0.0294845
-0.0821607
0.0556977
-0.0098709
0.0364117
-0.1408316
0.0432557
-0.1140699
0.0188025
0.0386899
0.0177689
0.1390944
0.0904989
0.0235363
0.1326952
0.0625973
-0.0921167
-0.0314667
0.0871899
0.0677223
0.0508716
-0.0401172
-0.0759824
-0.0216040
0.0281497
0.1104205
-0.0799707
0.1245951
-0.0227917
0.0782804
0.0752434
-0.0303866
0.1082636
0.0979737
-0.0741199
0.1128453
-0.1008854
-0.1087691
0.0171725
-0.0230523
-0.0646264
-0.0563977
0.0934881
-0.0182632
0.0459004
-0.1044119
-0.0893497
0.1036103
-0.0347817
-0.0637966
0.0641520
0.0295612
0.0493573
-0.1124310
-0.0513837
-0.0868663
0.0067669
-0.0663082
0.0187194
-0.0208562
-0.0424384
-0.0185232
0.0493085
0.0873122
-0.0198635
0.0564313
-0.0245752
-0.0993651
0.0289116
-0.0767863
0.0484545
0.1033172
0.0119988
-0.0814316
0.0302914
-0.1053801
-0.0058532
0.0751029
0.0517205
0.1009194
-0.0605184
-0.0040482
0.0678039
0.0003229
-0.0149141
0.0821857
0.0673496
-0.0268950
-0.0559299
0.0044491
0.0191335
0.0728116
0.0954398
-0.1141931
-0.0907467
-0.0921496
-0.1014556
0.0580444
0.0833355
0.0914579
-0.0919273
-0.0597241
0.0720471
0.0610451
-0.1007441
-0.0013533
-0.0828490
-0.0173611
0.0079882
-0.0188081
-0.0251662
0.0093668
0.0107215
-0.0924147
0.0626245
-0.0137721
0.0891425
0.0110236
0.0001073
-0.0146753
0.0340472
-0.0664549
-0.1059658
0.1054620
0.0873569
-0.0962309
-0.0786459
-0.0493536
0.0041392
0.0588516
0.0996812
-0.0970261
0.0859330
-0.0972609
0.0879887
-0.1183694
-0.1094676
-0.0358466
0.0361151
0.0332372
0.1179570
0.0625669
-0.0153640
-0.1054352
-0.1171571
-0.0071266
0.0090487
-0.0750044
-0.0811609
0.0987322
-0.0291290
0.0542887
-0.0489285
0.1212892
0.0423663
0.0404073
-0.0602009
-0.0525665
-0.0608965
0.0896035
0.0771849
-0.0392564
0.0237304
-0.0394548
0.0009304
-0.1037618
-0.1113482
0.0270376
-0.0013132
-0.0087179
0.0275633
-0.0427367
-0.0011478
0.1101757
-0.0008066
-0.0820413
0.0158269
0.1454346
-0.0664342
0.0166888
-0.1501838
-0.2738467
-0.1029289
0.1436974
0.1700288
0.2288160
0.0763868
-0.2208953
-0.0890205
0.0416508
0.0541791
-0.1145253
-0.1173562
-0.0110862
0.0094521
0.0411297
-0.0621408
0.0522462
-0.0532399
0.0621366
-0.0176433
-0.0988163
-0.1133165
-0.0064046
-0.0385263
0.0790302
-0.1157391
0.0862718
-0.0501183
0.0856537
0.0441051
0.0506861
-0.0860151
-0.0812504
0.0103356
0.0428995
-0.0528693
-0.0941529
0.1140958
0.0197523
0.0940940
-0.0031779
0.0544461
0.0011303
-0.0449456
-0.0072501
0.0116234
0.0204486
-0.0713612
-0.0227527
0.0831245
0.0914090
-0.0374695
0.0384864
-0.0397888
0.0016715
-0.0603082
-0.0833418
0.0359723
-0.0379927
0.0047117
-0.0606722
0.0785883
-0.1133047
0.0972781
0.0921662
-0.0621808
-0.0551521
0.0143160
-0.0162302
0.0996906
-0.0980677
-0.0885782
0.0461360
0.0096556
0.0633504
0.0414124
0.0534181
0.0394834
-0.1222780
0.0223536
0.0895338
-0.0476074
-0.0986161
-0.0526891
-0.1075262
0.0839996
0.1058161
-0.1003677
0.0550929
0.0002164
0.0085620
-0.0494193
0.0102778
-0.0127821
0.0035916
0.1136472
-0.0982923
0.1169559
-0.0238406
0.0241625
0.0863574
0.0125266
0.0442793
0.0719938
0.0755506
-0.0516764
-0.0969391
-0.0238979
-0.1008837
-0.0536864
0.0706216
0.0108273
-0.0443123
-0.0278098
-0.0748247
-0.0230888
-0.0253608
-0.0802817
-0.0451521
0.0010100
0.0294539
0.0427850
-0.0021519
0.0986680
-0.0352133
-0.0049767
-0.0444409
-0.0428594
0.0440472
-0.0976726
0.0406526
-0.0571565
0.0385756
0.0071196
0.0859991
0.0810636
0.1174671
0.0692574
0.1012153
-0.0151231
0.0042902
-0.0876911
0.0028728
-0.0340696
-0.1088232
-0.0368786
-0.0320140
0.0734061
-0.0450789
-0.0587602
0.0578204
-0.1020904
0.0720223
-0.0261489
0.0430945
0.0006876
-0.0080849
-0.0352155
0.0581157
0.0512215
0.0520185
-0.0909610
-0.1060524
-0.0829902
-0.0406212
-0.1122910
-0.1281371
0.0397470
-0.1274168
-0.0245658
0.0153286
0.0951998
-0.0791061
0.0900801
0.1022825
0.0477334
-0.0127627
0.1014877
-0.0532789
0.0758650
-0.1089142
-0.2116702
-0.2230797
-0.1859952
-0.0860793
-0.1548026
0.2026995
0.2562788
0.2000174
0.2740730
-0.0500281
-0.2245358
-0.1915135
-0.1593239
-0.0480851
-0.1191105
-0.0957284
0.0156666
0.0676812
-0.0129700
0.0072220
0.0095525
0.1098234
0.1456034
-0.0355971
-0.0156756
-0.0676602
0.0914245
-0.0240730
0.0012860
0.0456953
-0.1265956
-0.0944546
-0.1091410
0.0470461
0.0243613
-0.0667614
-0.0047852
0.1091907
-0.0641999
-0.0711221
0.0782470
0.0963850
-0.0793455
0.0726291
-0.0318320
0.0152718
0.0762252
-0.1099885
0.1075000
-0.0559884
-0.0606601
-0.0352611
-0.0423118
0.1077359
-0.0229256
-0.1142954
0.0922882
0.1076981
-0.0976352
-0.0156063
0.0398002
-0.1044525
0.0051837
0.0103281
0.0125979
0.1063108
-0.1098680
0.0121570
0.0095973
-0.0853667
-0.0500672
-0.0190461
0.0731282
0.0824242
0.0771447
0.1044127
-0.0165839
0.0192217
-0.0482783
0.0935985
0.0375309
-0.0319730
0.1201639
-0.1019474
-0.1299591
0.0386667
-0.1237698
-0.0825024
-0.1228983
-0.0044870
-0.0268168
-0.0132552
0.0183008
0.1522628
0.1839336
0.0833285
0.0389313
-0.0060486
0.1181208
0.1052180
-0.0666081
-0.0171259
-0.2413308
-0.2492399
-0.1395295
-0.2045991
-0.1259287
-0.0286093
0.1085066
0.2882379
0.4607992
0.4217734
0.1046331
-0.2635825
-0.5204669
-0.2623157
0.1993297
0.5033998
0.2709363
-0.3504700
-1.0116796
-0.9309823
-0.2752298
0.3971334
0.7854338
0.8528722
0.4545145
0.2546230
0.0133357
-0.1283977
-0.3557113
-0.3854405
-0.3937059
-0.1551360
-0.1781342
0.0658568
-0.0341228
0.1440223
0.1514399
0.0912659
0.1853455
0.0570429
0.0868479
0.0986978
0.0842525
0.0038360
-0.0495882
0.0122107
-0.0728008
-0.1365281
0.0378887
0.0198790
-0.0077753
0.1333531
0.1234879
0.0392701
0.0730308
-0.0430668
-0.0749709
0.0548593
0.1088122
0.0427104
-0.0214996
0.0528621
-0.0944903
-0.0044027
0.0481816
-0.0615705
-0.0527044
-0.0714123
-0.0798682
0.0661823
-0.0377420
0.0314288
0.0366537
-0.0150407
0.0682840
0.0384383
0.0572890
0.0351299
-0.0750554
-0.1010960
-0.1036892
0.0001023
0.0778678
-0.0196024
0.0116902
0.0323311
-0.0832125
-0.0804181
-0.0358848
-0.0392741
-0.0791833
-0.0918166
0.0900543
-0.0316307
-0.0260744
-0.0802458
-0.1089119
-0.0406625
-0.0043642
-0.0629657
0.0331634
-0.1059731
0.0396609
0.0677439
-0.0954391
-0.0416641
0.0163778
-0.0738394
-0.0254531
-0.0983998
0.0279528
-0.0205751
-0.1150100
-0.0964176
0.0883804
-0.0528705
0.1060682
-0.0354730
0.0482832
0.0901381
0.1142566
0.0891709
-0.0215301
0.0289070
-0.0046679
0.0235955
0.0812030
0.0000974
0.1090758
-0.0599312
-0.0935606
0.0086162
-0.0228039
-0.0259437
0.0606132
0.0991768
0.0747110
0.0997919
0.0079769
0.0908349
0.0715481
-0.0449358
-0.0853561
-0.0779039
0.0333343
0.0492260
-0.0718850
-0.0575303
0.1070549
-0.0821369
0.1113934
0.0001309
0.0279064
0.1056832
-0.0477007
-0.0413854
-0.0527260
0.0850204
-0.0080090
-0.0108665
-0.0328843
-0.0995663
0.0897516
0.0789440
-0.0079660
-0.0740811
0.0816059
-0.0839386
-0.1013523
-0.0585640
0.0331691
0.0809946
-0.0923647
0.0552522
-0.0709573
-0.0366622
-0.0304189
0.0548384
0.0370209
-0.0244414
-0.0470280
0.0054132
0.0307774
0.0454475
0.0662856
-0.0010158
0.0913841
-0.0732021
0.0413863
-0.0847330
-0.1103371
-0.1106437
0.1025160
-0.0353123
0.0297199
-0.0972251
0.0491870
-0.0969650
-0.1167182
0.0600823
-0.0390026
0.1111451
0.0473480
0.0069934
-0.1081462
-0.1025600
-0.0033981
0.1102474
0.0200877
0.0468497
0.0449644
0.0353161
-0.0598549
0.0363376
0.0146868
-0.0694355
-0.0247720
-0.0215811
-0.0194651
-0.0032386
0.0470302
0.0217244
-0.1100475
0.0963262
-0.0874838
-0.1055729
-0.0139145
-0.0709212
0.0010142
-0.0011632
0.0299907
-0.1131209
-0.0035786
-0.0890835
0.0097991
0.0355862
-0.1081524
0.0365274
-0.0847304
0.1029606
-0.0010951
-0.0913490
-0.0831750
-0.0559802
0.0794647
0.0694841
0.0639832
-0.0629049
-0.0710978
-0.0946042
-0.0551057
0.1127908
-0.0474136
0.0526943
-0.0724280
0.0478472
0.0323370
0.0589386
0.0372107
-0.0778526
-0.0402860
0.0404179
0.0682352
0.0263653
-0.0622749
-0.1023145
0.0103209
-0.1075261
-0.0251900
0.0718874
-0.0381387
0.0681338
-0.0603648
