-0.0872973
0.0430936
0.0896087
0.0631527
0.1077753
-0.1010840
0.0740045
0.0080722
-0.0928589
0.0750126
0.0315296
-0.0953136
0.0709761
0.0540647
-0.0128373
0.0983990
0.0442637
-0.0019236
0.0701151
-0.0168211
-0.1054182
-0.0445446
0.1086901
-0.0278949
0.0802219
-0.0871479
-0.0035509
-0.0859878
0.0744124
0.0251222
0.0849806
-0.0892662
-0.0892531
-0.0746080
-0.0190098
-0.0339749
-0.1005513
-0.1118110
0.0335269
-0.0275537
0.0902257
0.0361583
0.0891095
0.0594306
0.0444999
-0.0663489
-0.1006018
-0.0488628
-0.0724559
-0.0645690
0.0477337
-0.1130635
0.0994125
-0.0376624
0.0434301
-0.0215684
0.1067061
0.0760279
0.0929697
-0.0345395
-0.0717377
-0.0804826
0.0159999
-0.0559774
0.0418123
0.0543964
-0.0465438
-0.0669642
-0.0041707
-0.0529007
0.0163524
-0.0557464
0.0107130
0.0341915
-0.1101489
0.0888811
-0.0088230
-0.1040256
0.0530876
-0.1051620
-0.1186868
0.0414839
0.0962155
-0.0549612
-0.0042981
-0.0739146
0.0935998
-0.0645979
0.0421894
-0.0474286
-0.0112577
0.0652743
-0.0213332
-0.1101615
-0.0450441
0.0745142
-0.0294822
-0.0468463
-0.0167346
-0.1094198
-0.0327158
-0.1118568
-0.1042002
-0.0907264
0.1248543
-0.0520578
-0.0072023
-0.0272776
0.0428927
-0.0181129
-0.0759473
-0.0871099
-0.0643433
0.0474776
-0.0847991
-0.0496632
0.0531106
0.0382788
-0.1237037
0.0651273
0.0298400
0.1359166
0.1040320
0.1837241
0.0585198
-0.2117547
-0.4797831
-0.2627752
-0.0658150
0.0566103
0.2054060
0.3288191
0.1561443
-0.0691817
-0.0004115
-0.0868268
0.0173655
0.0218771
0.0249194
0.0099158
0.0459895
0.0401036
0.1115043
-0.0815966
0.0640485
0.0248299
0.0426197
-0.0183009
-0.0169294
0.0376823
0.1029565
-0.0549360
-0.0903054
0.0634556
-0.1101162
0.0720988
-0.0913458
0.0990338
0.0940465
0.1007103
-0.0591476
-0.0335397
0.0895443
-0.0210000
0.0237467
0.1081333
-0.0622764
0.0825037
0.0597535
-0.1013962
-0.0543027
-0.0967371
0.0871434
0.0007177
-0.0434268
0.0455264
-0.0374262
-0.0411380
-0.0600571
-0.0674129
0.1015740
0.0848549
-0.1034436
0.0809759
0.0786254
0.0491418
0.1061340
-0.0188155
-0.0562388
-0.0092010
-0.0287907
-0.0183151
0.0703644
-0.0658263
-0.1024025
-0.0562638
-0.1042597
0.0515232
-0.1105829
0.0991766
-0.0955256
0.1037419
-0.0354860
0.0204743
-0.0844317
0.0789213
-0.0831454
0.1038253
0.0149682
-0.0321529
-0.0536236
0.0665661
0.0926897
0.0281666
-0.0573413
-0.0943924
0.0847934
-0.0375159
0.1123398
0.0027164
-0.0786289
-0.0427252
-0.0914023
-0.0232876
0.0531471
0.0671659
-0.0546151
-0.0754264
-0.0188645
-0.0573614
-0.0737884
-0.0681194
0.0021060
-0.0545467
0.0694670
0.0281567
-0.1051650
0.0625648
-0.1043539
0.0266472
0.0162972
0.0247612
0.0478811
-0.0743994
-0.0241697
0.0488011
0.0912760
0.1079291
0.0970207
-0.0303979
0.0519346
0.0340153
-0.0808816
0.0793630
0.0719063
0.0263162
0.0168390
0.0826352
-0.0003204
0.0289325
-0.0914801
-0.1017105
-0.1188768
-0.1067763
-0.0877454
-0.0003066
-0.0787971
-0.0873715
0.0281454
0.0903929
-0.0010901
-0.0386348
-0.0525642
-0.1020322
-0.0149374
0.0451154
-0.1119675
0.0125630
-0.0700799
-0.1014817
-0.1059735
0.0099060
-0.0924616
-0.1051552
0.0416260
-0.0542679
-0.0123368
-0.0054515
-0.0237094
-0.0646390
-0.0868439
-0.0426841
0.0629204
0.0177592
0.0074924
-0.0460629
0.1048289
-0.0501950
-0.0011755
-0.0372033
0.0864226
-0.1570546
-0.0039713
-0.0138729
-0.0452829
-0.1106210
-0.0335477
0.0388408
0.2869995
0.1812972
0.1538810
0.1003343
-0.1432372
-0.1097109
-0.1893510
-0.0451487
-0.0544119
0.0817924
-0.0773729
-0.0392750
0.0776033
0.1039050
-0.0644226
-0.0079833
-0.0355153
0.0975274
-0.0484798
0.0303716
-0.0747351
-0.0502502
0.0081499
0.0125491
-0.1026700
0.0584410
0.0754548
-0.0713844
0.0220270
0.0502759
-0.1088289
0.0599504
0.0214878
0.1119812
-0.0771785
-0.0453407
0.0832042
0.0373277
-0.0617332
0.0073325
0.0095151
-0.0459175
-0.1118162
0.0219216
0.0352285
0.0208957
-0.0902794
0.0043406
0.0536292
-0.1079766
-0.0247501
-0.0637692
-0.0008230
0.0634390
-0.0987634
-0.0134468
-0.1008376
0.0754740
0.0729872
-0.0582914
-0.0861108
-0.0593793
0.0087123
-0.0516156
0.0817228
-0.1045134
-0.0999156
0.0673892
0.0040698
-0.0677720
0.0166797
0.0203118
0.0247058
0.0129197
-0.0705917
-0.0444532
0.1128015
-0.0262334
0.0119775
-0.0894528
-0.0135836
-0.0773843
-0.1056011
-0.0901243
-0.0308162
0.0314784
0.0057785
0.0376570
0.0293102
0.1473326
0.1614414
0.1765607
-0.0796762
-0.0156654
-0.1801057
-0.1256019
-0.2352646
-0.2371474
-0.1746477
-0.2166453
-0.1456359
0.0808905
0.2856340
0.4126422
0.2480530
-0.0230781
-0.2794177
-0.2857783
0.0837150
0.4210625
0.3525476
-0.0428527
-0.6396067
-1.1179649
-0.6429247
-0.0290548
0.4109310
0.9200706
0.8279825
0.4569347
0.1200768
-0.0539496
-0.2708819
-0.3467934
-0.2292164
-0.2002032
-0.2676009
-0.1429043
-0.1269206
0.0534465
0.1570936
0.0257409
0.1907291
0.0776232
0.0438622
-0.0385874
-0.0245218
0.0792159
0.0258783
-0.0229768
-0.0234082
-0.1266305
-0.0256945
-0.0816515
0.0261322
-0.0284436
0.1157990
-0.0015556
-0.0186516
0.1398226
0.1379594
0.0707515
0.1266228
-0.0180075
0.0801739
0.0515267
-0.0856314
0.0818024
0.0430678
-0.0810664
-0.0309157
-0.0441725
0.0163002
0.0720123
-0.1053840
-0.0851256
0.1222918
0.0854860
0.0046891
0.0888998
0.0459192
0.0713353
-0.0026703
0.0305824
-0.0115479
-0.1304408
0.0723909
-0.0831648
-0.0689584
-0.1125132
0.0352032
-0.0033932
0.0174673
0.0719646
-0.0925157
0.0249034
0.0445554
-0.0194179
-0.1120791
0.0807446
-0.0962270
0.0022536
-0.0166745
-0.0573645
-0.0907366
0.0568872
0.0664068
0.0543534
-0.0802704
-0.1041422
0.0768873
-0.0845386
0.0454657
-0.0152474
0.0284428
0.0522441
0.1112503
0.0337720
-0.0073483
0.0503241
0.1013533
-0.0095399
0.0443368
0.0595933
-0.0367563
-0.1073300
-0.0864898
-0.0276799
0.1090621
-0.0355335
0.0835785
-0.1007978
0.0829656
-0.0328582
-0.0239168
0.0855422
0.1090202
0.1043544
0.0452725
0.1117683
0.0066606
0.0569474
0.0811414
-0.0751101
0.0837592
0.0636635
0.0366954
-0.0186267
0.0655090
-0.0846280
-0.0141598
0.0227015
-0.1139729
0.0707120
0.0528247
-0.0747962
0.0985646
0.0434681
-0.0109473
-0.0099072
-0.1103362
0.0872253
-0.0044932
-0.0097396
-0.0869213
0.0005977
-0.0802341
-0.0531481
0.0600908
-0.0390556
0.0984425
0.1032813
0.1142500
-0.0543660
0.0857880
0.0756844
-0.0919034
0.0291725
0.0962425
-0.0267400
0.0514414
-0.0270392
-0.0463441
0.0536441
-0.0163473
0.0330716
0.0231216
0.0575842
0.0149606
-0.0023030
0.0475886
0.0634800
-0.0560185
0.0529238
0.0346070
-0.0879757
-0.0451748
-0.0905475
0.0510869
0.0570501
-0.0280489
-0.0665251
-0.1043100
0.0500653
0.0519928
-0.0685978
-0.1153311
-0.0140037
0.0890021
0.0850252
-0.0110342
0.0879423
0.0645035
0.0153209
-0.1031290
-0.0595814
0.0122950
-0.0420820
-0.0013610
0.0042611
-0.1113415
-0.0954369
0.0244074
0.0274108
0.0931459
0.0653272
-0.0302234
0.0594312
0.0718948
0.0668287
-0.0350026
0.1017576
0.0456699
0.1035288
0.0071733
0.0902852
0.0725617
-0.0552130
0.1014572
-0.0722115
-0.1096995
0.0139101
0.0929518
0.1065144
0.1072308
0.0023016
-0.0021509
-0.0577014
0.0546766
0.0082813
0.0712057
0.1088138
0.0796980
-0.0674442
-0.0910627
-0.0085878
-0.0838584
-0.0019776
0.1074825
-0.0449282
-0.0217902
0.0345730
-0.0758827
0.0874477
0.0927357
-0.0375217
0.0752167
0.0576087
-0.0187141
0.1045978
0.0881754
0.1268854
0.0559674
-0.0482729
0.0075766
-0.0139894
-0.1111690
-0.0962675
-0.0879809
-0.1096104
-0.0385030
0.0665667
0.1163866
0.1147490
0.1202708
0.0728059
-0.1164519
-0.1205928
-0.1252017
0.0420287
0.0057728
-0.0274397
0.0543385
-0.0154463
0.0470731
0.0156918
0.0690510
-0.0528551
0.0701249
0.0523632
0.1024599
0.1085067
0.0680549
-0.0656177
0.0861244
-0.0719257
0.0401257
-0.0507254
-0.0538753
0.0478956
-0.0304589
-0.0524902
0.0365009
-0.0038654
0.0940701
0.0587042
-0.0175628
-0.1062713
-0.0441089
0.0188820
0.0545694
-0.0536560
-0.0718136
0.0803582
-0.0406560
0.0558380
0.1032975
-0.0043506
-0.0262548
-0.0322822
-0.0011238
0.0299656
0.0032363
-0.0371881
-0.0120733
-0.0013190
-0.0650284
0.0055220
-0.0005971
-0.0768159
0.0583894
-0.0818027
-0.1067521
-0.0301429
0.0970453
0.0839232
0.0913042
-0.0127288
-0.0457726
-0.0018065
-0.0356291
-0.0301870
-0.0733119
-0.0802048
0.0295476
0.0142650
0.0909522
0.0253027
0.1219707
0.1250280
0.0400605
-0.0375710
0.0812310
0.0690765
-0.0753042
-0.0877967
0.0354729
0.0716034
-0.0285677
0.0258010
-0.0127877
-0.0574234
-0.1439092
0.0011398
-0.0528799
0.1289034
0.0255970
0.1295975
0.1523906
0.0600953
0.1701290
0.0120059
0.0988480
-0.0361428
-0.2777729
-0.2190794
-0.2558741
-0.3688982
-0.2689363
-0.2016961
-0.0228590
0.2876084
0.5159425
0.9186625
0.6686854
0.3334210
-0.0903960
-0.2576463
-0.3157685
-0.2999023
-0.4246341
-0.8183822
-0.7787712
-0.4172624
0.5349299
1.0562786
0.8942999
0.5391177
0.2182795
0.0973719
-0.1077051
-0.2012825
-0.3500253
-0.4651811
-0.2965476
-0.2510504
-0.0237857
0.0392090
-0.0134578
0.2103768
0.2112302
0.1598280
0.1427941
0.0757017
0.1468920
0.0129022
-0.1353450
-0.0023768
-0.1452508
-0.0985963
-0.0059783
-0.0090896
0.0413895
-0.0127783
-0.0148811
0.0717780
0.0069597
0.0137135
0.0970189
-0.0559103
0.0519220
-0.0911430
0.0802317
-0.0437539
-0.1037340
0.0561857
-0.0650951
0.0756231
-0.1325660
-0.0727877
-0.1088519
-0.0477844
-0.0154311
-0.0677058
0.0197800
0.1276156
-0.0600955
0.0296936
0.1262912
0.0758195
0.1017487
0.0901249
-0.0477950
-0.1150939
0.0927123
-0.0721133
-0.1226120
0.0666620
0.0737584
-0.1027239
-0.0219304
0.1114854
-0.0416130
0.1085020
-0.0178738
0.0244374
0.0754243
0.1000033
-0.0650319
0.0719264
-0.1131640
-0.0071399
0.1065284
-0.1181735
0.0818912
-0.0393039
-0.0494302
-0.0810041
0.0804159
0.0229235
-0.0024662
0.1217540
-0.0952787
0.0298912
-0.0494479
0.0809740
-0.0221774
0.0057343
0.0902657
0.0594494
-0.1004644
0.1023482
0.1183075
-0.0767475
-0.0063692
-0.1052579
0.0602494
0.0636147
-0.0671469
-0.0535040
0.0212783
-0.0060224
0.0699212
-0.0200226
-0.0778766
0.0483612
0.0866231
0.0373312
-0.0382732
0.1014516
-0.0086899
-0.1091649
0.0544499
-0.0412354
-0.0049151
-0.1037162
0.0215116
-0.0598575
-0.0000410
-0.0334511
0.0536493
-0.0482913
-0.0730920
-0.0908642
-0.0424772
-0.0777707
-0.0032371
-0.0429907
0.0218803
-0.0912448
0.0318038
0.0508768
0.0739775
-0.0899730
-0.0766163
-0.0066095
-0.0052102
0.0805560
-0.0082201
-0.0269388
-0.0287772
0.0621021
0.0101265
0.0349945
-0.0303583
-0.0127869
-0.0296414
-0.0554676
0.0201900
0.0596618
-0.0530556
-0.0727504
0.0074043
0.0565869
0.0797544
0.1047426
-0.0956201
0.0072835
0.0513115
0.0754434
0.0925888
-0.0201400
-0.0680071
-0.0921328
-0.0585030
0.0888937
0.0588498
0.0676966
0.0487943
0.1081260
-0.0417314
-0.1170717
-0.0153119
-0.0836745
0.0228754
-0.0922213
0.0917864
-0.0715921
0.0114769
0.0617816
-0.0878789
0.0651072
-0.0486599
-0.0985868
-0.0875371
-0.0655165
-0.0822084
-0.0775989
0.0304449
-0.0974075
-0.1087408
-0.0844556
0.0971865
-0.0365568
0.0474409
-0.0329118
-0.0455824
0.0387529
0.1068703
-0.0009826
0.0980018
0.0955779
-0.1142263
0.0199900
0.0201054
-0.1010916
-0.1069054
-0.0535317
-0.0682187
-0.0411210
-0.0180760
-0.0569411
-0.0203764
-0.0998974
0.0794459
-0.0763132
0.0017430
0.0484455
-0.0058724
-0.0634749
-0.0877591
-0.0422471
0.0699328
-0.0393746
-0.0549731
0.0024952
0.0416282
-0.0481973
0.0375877
0.0815308
0.0601589
0.0860578
-0.0170293
-0.0091686
-0.0639043
-0.0144832
0.0002659
-0.1219863
-0.0743303
0.0181543
0.0806406
0.1314075
0.0995239
0.0038219
-0.1044207
-0.2011849
-0.1170531
-0.0622811
0.1389268
0.2630641
0.2037857
0.1168094
-0.1084466
0.0265017
0.0240997
0.0125269
-0.1008867
0.0332670
-0.0060160
0.0391202
-0.1036343
-0.0455923
0.0495112
0.1065232
-0.1058972
-0.0401485
0.0418230
0.0200616
0.0484911
0.0427213
-0.1102638
0.0164223
-0.1143757
-0.0586297
-0.0427296
-0.0229640
0.0138689
0.1001527
0.0339145
0.1113367
-0.0531032
-0.0797185
0.1063698
-0.0571918
-0.1002857
0.0264855
0.0567440
0.0434228
0.1078607
0.0659630
0.0206409
0.1064932
0.0084952
0.0296976
0.0703825
0.0719875
0.0089298
-0.1037210
-0.0942596
-0.0529077
-0.0891967
0.0088129
-0.0974016
0.0182006
0.0234155
-0.1081343
0.1106761
-0.1168156
0.0277735
-0.0378257
0.1031838
0.0170106
-0.0623234
-0.0071759
-0.0186637
-0.0669540
0.1028655
0.0971932
0.0445235
0.0294955
-0.1135264
0.0388805
-0.0592570
-0.1136615
-0.0347470
-0.1171951
0.0584565
0.0748506
0.0276945
0.0471663
-0.0989662
-0.0368057
-0.0520050
-0.0513732
-0.0051391
-0.0308696
-0.0932430
0.0622258
-0.0348140
-0.1177293
-0.1200410
-0.0885898
0.0748840
-0.1145452
-0.0644885
0.0759605
0.0533509
0.0598996
-0.0460338
0.0955899
-0.0108134
-0.0663994
0.0824361
0.0203800
-0.0722485
-0.0231148
0.0840581
0.0877179
-0.0914416
-0.0225890
-0.0369258
0.0082313
0.0555824
0.0119210
-0.0452786
0.0957751
-0.0444390
0.0108914
0.1301012
0.0552832
0.0504121
-0.0218342
-0.0226049
-0.0566447
-0.1655946
0.0180761
-0.1377722
-0.1263728
0.0414666
0.0300940
-0.0294344
-0.0229673
0.0523532
-0.0022673
0.0335780
0.1435970
0.2090621
0.2037643
-0.0964792
-0.2674299
-0.4230405
-0.6177962
-0.3843719
-0.2817000
0.2728662
0.4859340
0.5607719
0.5424876
0.2412592
0.0304649
-0.0879031
-0.1989767
-0.2730433
-0.2881531
-0.2858936
-0.3191305
-0.0305137
0.1228440
0.1486103
0.3000003
0.1375825
0.2615766
0.1637909
0.0651471
0.0965664
-0.0732822
-0.0091167
-0.1619959
-0.2097549
-0.1772536
-0.1464610
-0.1205697
-0.0156658
0.0975249
0.1957113
0.1148057
0.0356778
0.1051259
0.0859544
-0.0733930
-0.0900918
0.0253784
0.0098073
-0.1060856
-0.0573159
-0.0400318
-0.0846418
-0.0271367
-0.0191233
-0.0990838
-0.0546285
0.1306482
