-0.0150407
0.0682840
0.0384383
0.0572890
0.0351299
-0.0750554
-0.1010960
-0.1036892
0.0001023
0.0778678
-0.0196024
0.0116902
0.0323311
-0.0832125
-0.0804181
-0.0358848
-0.0392741
-0.0791833
-0.0918166
0.0900543
-0.0316307
-0.0260744
-0.0802458
-0.1089119
-0.0406625
-0.0043642
-0.0629657
0.0331634
-0.1059731
0.0396609
0.0677439
-0.0954391
-0.0416641
0.0163778
-0.0738394
-0.0254531
-0.0983998
0.0279528
-0.0205751
-0.1150100
-0.0964176
0.0883804
-0.0528705
0.1060682
-0.0354730
0.0482832
0.0901381
0.1142566
0.0891709
-0.0215301
0.0289070
-0.0046679
0.0235955
0.0812030
0.0000974
0.1090758
-0.0599312
-0.0935606
0.0086162
-0.0228039
-0.0259437
0.0606132
0.0991768
0.0747110
0.0997919
0.0079769
0.0908349
0.0715481
-0.0449358
-0.0853561
-0.0779039
0.0333343
0.0492260
-0.0718850
-0.0575303
0.1070549
-0.0821369
0.1113934
0.0001309
0.0279064
0.1056832
-0.0477007
-0.0413854
-0.0527260
0.0850204
-0.0080090
-0.0108665
-0.0328843
-0.0995663
0.0897516
0.0789440
-0.0079660
-0.0740811
0.0816059
-0.0839386
-0.1013523
-0.0585640
0.0331691
0.0809946
-0.0923647
0.0552522
-0.0709573
-0.0366622
-0.0304189
0.0548384
0.0370209
-0.0244414
-0.0470280
0.0054132
0.0307774
0.0454475
0.0662856
-0.0010158
0.0913841
-0.0732021
0.0413863
-0.0847330
-0.1103371
-0.1106437
0.1025160
-0.0353123
0.0297199
-0.0972251
0.0491870
-0.0969650
-0.1167182
0.0600823
-0.0390026
0.1111451
0.0473480
0.0069934
-0.1081462
-0.1025600
-0.0033981
0.1102474
0.0200877
0.0468497
0.0449644
0.0353161
-0.0598549
0.0363376
0.0146868
-0.0694355
-0.0247720
-0.0215811
-0.0194651
-0.0032386
0.0470302
0.0217244
-0.1100475
0.0963262
-0.0874838
-0.1055729
-0.0139145
-0.0709212
0.0010142
-0.0011632
0.0299907
-0.1131209
-0.0035786
-0.0890835
0.0097991
0.0355862
-0.1081524
0.0365274
-0.0847304
0.1029606
-0.0010951
-0.0913490
-0.0831750
-0.0559802
0.0794647
0.0694841
0.0639832
-0.0629049
-0.0710978
-0.0946042
-0.0551057
0.1127908
-0.0474136
0.0526943
-0.0724280
0.0478472
0.0323370
0.0589386
0.0372107
-0.0778526
-0.0402860
0.0404179
0.0682352
0.0263653
-0.0622749
-0.1023145
0.0103209
-0.1075261
-0.0251900
0.0718874
-0.0381387
0.0681338
-0.0603648
0.0478695
0.0284635
0.0979523
-0.0671278
0.0421717
-0.0353721
-0.0398632
-0.0316330
-0.0709693
-0.0589765
0.0418321
0.0322636
0.0227718
0.0434645
0.0457206
-0.0738934
-0.0159029
0.0246377
-0.0954630
0.0513367
0.0213871
-0.0582112
-0.1064824
0.0679282
0.1173411
0.1146272
0.0462049
0.0425776
0.0926977
-0.0851201
-0.2123193
-0.2631001
-0.1825120
0.1069681
0.2179290
0.0038439
0.1070552
-0.1141779
-0.0582936
0.0999904
-0.0975445
0.0130047
-0.0472612
-0.0381727
0.0394995
-0.0746526
-0.0328032
-0.0668443
0.0758368
-0.0377061
-0.0701164
-0.0396659
-0.0747181
-0.0668861
-0.0234885
0.0847103
-0.0696581
0.0626533
0.0403849
0.0365187
-0.0709081
0.0659791
0.0677904
0.0019034
0.1054408
0.0487256
-0.0808930
0.0098829
0.1021202
-0.0150292
0.1087092
0.0385342
0.0352529
0.0138881
0.0364736
-0.0202656
0.0933889
0.0600823
-0.0162788
0.0143440
0.0747513
0.0880489
0.0249507
-0.1006714
0.0737402
-0.0611217
0.1025463
0.0491195
-0.0294113
-0.0651255
-0.0547258
-0.0721812
-0.0938571
-0.0602859
0.0328842
0.0190961
0.0219020
0.0462438
-0.0770870
-0.0783817
0.0999857
-0.0376249
-0.0908538
0.0169181
0.0983547
0.1041879
0.0303792
-0.0574439
0.0803548
0.1064821
0.1094115
0.0434367
-0.1104565
-0.0253398
0.0048175
0.1146935
-0.0794908
0.0873292
0.1064438
0.0337007
0.0569918
0.0842195
0.0913415
-0.0569126
-0.0409612
0.0316559
0.0982264
0.0175006
0.0070329
-0.0593279
0.0563230
-0.0410234
0.0926555
0.0140995
0.0274961
-0.0116353
0.0301451
-0.0394411
-0.0611330
-0.1003066
0.0985058
0.0424696
-0.1102638
0.0482265
-0.0381061
-0.1069535
0.0705827
-0.1039595
0.1116449
0.0845845
0.0849520
0.0413667
0.0090636
0.0290311
-0.0659112
0.0423518
0.0632239
0.0238497
-0.0277710
-0.0031845
-0.0058216
-0.1195402
0.0905037
-0.0552638
-0.0751789
0.0349329
-0.0585544
-0.0951780
0.0576639
0.0376705
0.1014181
-0.0429817
-0.0277603
-0.0025739
0.0930482
-0.0048158
0.0574734
-0.0626857
0.0098423
-0.0632922
-0.0899590
0.0993146
-0.0593393
-0.0071227
0.0835026
-0.0702091
-0.0029907
-0.0801160
0.0156405
-0.0574816
-0.0016691
0.0485995
0.0783942
-0.0549107
0.0615895
-0.1042961
-0.0291607
-0.0556003
-0.0296015
-0.0765121
-0.0374008
0.1150309
0.0094548
0.0352960
0.0749477
-0.0593301
-0.0469137
0.0376892
-0.0165435
0.0776806
0.0151700
0.0395632
0.1113083
0.0565475
0.1033592
0.2261111
0.0345638
0.0882369
-0.1770629
-0.2874969
-0.3148705
-0.0667544
0.1643844
0.0923357
0.1593886
0.1031599
-0.0401058
-0.0226500
0.0610379
-0.0387144
0.0660362
-0.0395079
-0.1293438
0.1021038
-0.0368233
-0.0481622
-0.0945606
-0.0306777
0.0048071
0.0107825
0.0025395
0.0575727
0.0735617
-0.0743152
-0.1065458
0.0392536
-0.0616086
0.0823001
-0.0044187
0.0894948
0.0914025
0.0152846
0.0835067
-0.0370379
-0.0909452
-0.0284379
0.1076272
0.0217660
-0.0446995
0.0425127
0.0519733
0.0382525
-0.0770335
0.0391242
-0.0654029
0.0921513
-0.0408391
0.0228747
0.0477885
-0.0659584
0.0175558
-0.0122468
0.0101268
0.0462647
-0.0031147
-0.0089710
-0.0003849
-0.0957793
-0.1112308
0.0991810
0.0497444
-0.0211033
0.1025989
-0.0342630
0.0486897
-0.0228812
0.0717051
0.0125745
-0.0555553
0.0602074
0.1012384
-0.0877673
-0.0577468
0.1011292
0.0263792
-0.0078075
0.0643016
0.0812921
-0.0744964
-0.0672118
-0.0663664
-0.0498754
0.0191772
0.0239208
-0.1049887
-0.0083901
0.0940677
0.0690861
0.0070987
0.0915688
-0.0735128
-0.0551372
0.0472696
-0.0308586
-0.0829099
-0.0511874
0.0980782
-0.0525606
0.1053743
-0.0348945
0.0710115
-0.0397969
-0.0259242
0.0595653
-0.0212080
-0.0192333
0.0646261
-0.0256040
0.0520308
0.0895202
0.0278943
0.0511099
-0.1048007
0.0418463
-0.0759805
0.0376032
-0.0013447
-0.0735503
0.0871946
-0.0114029
0.0644240
-0.0678969
-0.0964059
0.0976814
0.0978925
-0.0081987
-0.0182020
0.0390108
0.0915990
-0.0555267
0.0909004
-0.0152957
-0.0311697
0.0181921
-0.0042261
-0.0505137
0.1021038
-0.0289958
-0.1431747
0.0203366
0.0360705
0.0172140
0.0292084
-0.0282849
0.0077694
-0.0814520
-0.0434607
-0.0508410
0.0044281
-0.0426133
-0.0729651
0.1033317
0.0594709
-0.0978339
0.0071865
0.0002141
0.0180003
0.0783648
-0.0422723
0.0930610
-0.0042006
0.0552939
0.0543653
-0.0727902
0.0788227
0.0735048
0.0935488
0.1104194
-0.0562429
0.1112122
0.1355947
0.1097845
0.0543180
0.0170824
-0.1636177
-0.1929090
-0.2145165
-0.0590995
-0.0988068
0.0047203
0.0143166
0.3122819
0.1728781
0.1070957
-0.0419794
-0.1478202
-0.1512819
-0.1683245
-0.1451177
-0.1066827
-0.1106847
-0.1213260
-0.0319976
-0.0689813
0.0787649
-0.0269578
-0.0555048
0.1162779
0.0716829
-0.0150473
-0.0506625
-0.0696847
-0.0660005
-0.0023402
-0.0560509
0.0609742
0.0006986
-0.0638752
0.0127600
0.0977349
-0.0566744
-0.0765563
0.1064944
-0.0229323
0.1106331
-0.0559552
-0.0128520
0.0487240
-0.0852049
-0.0525717
-0.0445376
-0.0619172
0.0915548
-0.0423548
0.1140821
0.0253530
0.0332204
-0.0144138
0.0471897
-0.0574601
0.0644109
-0.1036397
-0.0557130
-0.0199583
0.1027387
-0.0409391
0.0894784
-0.0561805
-0.0225450
-0.1079257
-0.0903719
0.0369679
0.0478228
-0.1265375
-0.0238777
0.0673973
0.0353277
0.0398576
0.0774078
-0.0516121
0.0874321
0.0261067
-0.0302948
0.0224763
-0.0678423
0.0971021
0.0382964
-0.1084443
0.0054356
-0.0665298
0.0358687
-0.1485257
-0.0026015
-0.1195782
-0.1276954
0.0594515
0.0764882
0.1626258
0.1233430
0.1359498
0.1929266
-0.0147800
0.1603475
-0.0050567
0.0051474
-0.1419073
-0.1230770
-0.2741405
-0.2123009
-0.1146233
-0.1046283
-0.0644394
0.3398499
0.3746424
0.4417652
0.1739943
-0.1286848
-0.5079985
-0.2665409
0.2836673
0.5553438
0.3280571
-0.2702583
-0.9094680
-0.8855107
-0.3328558
0.3100824
0.9030820
0.8137968
0.4948141
0.1723846
-0.1063279
-0.1754746
-0.2172068
-0.3791333
-0.2289833
-0.3110322
-0.0796209
0.0238673
-0.0915027
0.0770975
0.0125790
0.1510817
0.1653526
0.1181452
0.0286760
0.0802333
-0.0479025
0.0129716
-0.1500351
-0.1601023
-0.0792780
-0.0819959
-0.1469173
-0.0563642
-0.1058684
0.0200808
0.1089828
0.1159800
0.1263454
-0.0619373
0.1156359
-0.0380234
0.0160396
0.0306020
-0.0813253
0.0329369
-0.0812453
-0.0353695
0.0843791
0.0538315
-0.0229351
-0.0659883
-0.0209590
0.1026917
-0.0295482
0.0632407
0.1148894
-0.0623843
0.1146320
0.0127266
-0.0134358
-0.0419987
0.0508409
0.0900773
0.0593343
-0.1177541
-0.0775568
-0.0626323
-0.0669998
-0.0433444
0.0480482
0.0780027
-0.0538652
0.0934316
0.1041495
-0.0537755
-0.0211561
-0.0180966
0.0506858
0.0855437
0.0908684
-0.0267569
0.0008983
0.0485529
0.0666538
0.0312088
0.1013925
0.0349835
0.0829887
0.0397854
0.0283881
0.0125408
-0.0298675
0.0161883
0.0607823
0.1075584
0.1070012
-0.0339316
-0.1026844
0.0311411
-0.0693562
0.1068210
-0.0837509
0.0946491
-0.0018879
0.0076925
-0.0790720
0.0171450
0.0601844
0.1053356
0.0074560
-0.0006527
0.0024744
0.0098606
-0.1055135
-0.0313899
0.0909689
-0.0241188
0.0461295
-0.0966847
0.0684469
0.0150579
0.0252989
-0.1144006
-0.0564759
0.0214254
0.0385215
-0.0617861
0.1100790
-0.0653210
0.0290465
0.1161435
0.0904185
-0.0410530
0.0059467
-0.1078295
0.1109573
0.0460400
-0.0349633
-0.0027368
0.0534258
-0.1049844
-0.0153257
0.0540019
0.0687684
0.0939186
-0.0425869
0.0395753
-0.0823169
0.0424327
0.0268075
-0.0934108
0.0133353
0.0380005
-0.0764545
-0.1062206
0.0044137
-0.0732329
0.1115496
0.0578348
-0.0288084
0.0711630
-0.0848145
-0.0824335
-0.0773826
-0.0293477
-0.0772484
-0.1134498
0.0690360
-0.0593157
-0.0190315
-0.0314863
0.0382230
-0.1041214
-0.1075756
-0.0482583
0.0124750
0.0372602
-0.0141907
0.0014409
-0.0366723
0.0433952
0.0071367
-0.0237134
0.0792016
-0.0060403
0.0231453
0.0027759
0.1122551
-0.0059003
-0.0571196
-0.0457412
0.1116246
0.0967363
-0.0300888
-0.0581042
0.0478186
-0.0614402
-0.0454069
0.0023162
0.0829702
0.0276089
0.0915316
-0.0079606
-0.0814427
0.0070432
0.0540232
0.0600661
0.0810108
-0.0401790
0.0133683
-0.0427109
-0.0766807
0.0244840
0.0273939
0.0448726
-0.0027108
-0.0544200
-0.0050020
0.0217427
0.0774308
-0.0778427
0.0811635
0.0016692
-0.0073710
-0.0856929
-0.0588069
0.0157858
0.1161995
-0.0703397
-0.0128303
-0.1130827
-0.0212325
0.0217726
0.0363571
-0.0795447
0.0252634
0.0226959
-0.1004155
-0.0205536
0.0317450
-0.0924020
-0.0123855
-0.0336196
0.0723926
0.1121955
-0.0264630
-0.0748250
-0.1145505
0.0237988
-0.0851740
-0.0507086
-0.0581621
-0.0412158
-0.0457156
-0.0274599
-0.0877989
0.0165303
-0.0519319
0.1113845
0.0729601
0.1287311
0.0259640
0.0606219
-0.1061095
-0.0441460
-0.1043264
-0.0397225
-0.0631429
-0.1288225
-0.1005112
0.1000471
0.0279918
0.1373434
0.0959704
0.2169173
-0.0359966
-0.3026506
-0.1844496
-0.1629994
0.0140488
0.1652164
0.1782352
0.0555327
0.0365045
0.0885182
0.0380953
0.0656938
-0.0166317
0.0094002
0.0576900
-0.0635203
-0.0475045
-0.0209975
-0.0904767
0.1076478
0.0324213
0.0108743
0.1022728
-0.0844964
-0.0413080
0.0142606
-0.0759008
0.0122217
0.0671845
-0.0890646
-0.0111587
-0.0441824
-0.0597388
0.1144194
0.0034295
-0.0349276
-0.0662419
-0.0667805
-0.1108239
0.0517941
-0.0676829
-0.0391429
-0.0760236
-0.1083995
-0.0403138
-0.0029953
0.0127955
-0.0319250
0.0648808
-0.0739123
-0.0497813
0.0028496
-0.0038764
-0.1008096
-0.0209256
-0.0497650
0.0680112
0.0984351
-0.0479612
0.0043640
0.0813004
-0.0930888
-0.0375864
-0.0872973
0.0430936
0.0896087
0.0631527
0.1077753
-0.1010840
0.0740045
0.0080722
-0.0928589
0.0750126
0.0315296
-0.0953136
0.0709761
0.0540647
-0.0128373
0.0983990
0.0442637
-0.0019236
0.0701151
-0.0168211
-0.1054182
-0.0445446
0.1086901
-0.0278949
0.0802219
-0.0871479
-0.0035509
-0.0859878
0.0744124
0.0251222
0.0849806
-0.0892662
-0.0892531
-0.0746080
-0.0190098
-0.0339749
-0.1005513
-0.1118110
0.0335269
-0.0275537
0.0902257
0.0361583
0.0891095
0.0594306
0.0444999
-0.0663489
-0.1006018
-0.0488628
-0.0724559
-0.0645690
0.0477337
-0.1130635
0.0994125
-0.0376624
0.0434301
-0.0215684
0.1067061
0.0760279
0.0929697
-0.0345395
-0.0717377
-0.0804826
0.0159999
-0.0559774
0.0418123
0.0543964
-0.0465438
-0.0669642
-0.0041707
-0.0529007
0.0163524
-0.0557464
0.0107130
0.0341915
-0.1101489
0.0888811
-0.0088230
-0.1040256
0.0530876
-0.1051620
-0.1186868
0.0414839
0.0962155
-0.0549612
-0.0042981
-0.0739146
0.0935998
-0.0645979
0.0421894
-0.0474286
-0.0112577
0.0652743
-0.0213332
-0.1101615
-0.0450441
0.0745142
-0.0294822
-0.0468463
-0.0167346
-0.1094198
-0.0327158
-0.1118568
-0.1042002
-0.0907264
0.1248543
-0.0520578
-0.0072023
-0.0272776
0.0428927
-0.0181129
-0.0759473
-0.0871099
-0.0643433
0.0474776
-0.0847991
-0.0496632
0.0531106
0.0382788
-0.1237037
0.0651273
0.0298400
0.1359166
0.1040320
0.1837241
0.0585198
-0.2117547
-0.4797831
-0.2627752
-0.0658150
0.0566103
0.2054060
0.3288191
0.1561443
-0.0691817
-0.0004115
-0.0868268
0.0173655
0.0218771
0.0249194
0.0099158
0.0459895
0.0401036
0.1115043
-0.0815966
0.0640485
0.0248299
0.0426197
-0.0183009
-0.0169294
0.0376823
0.1029565
-0.0549360
-0.0903054
0.0634556
-0.1101162
0.0720988
-0.0913458
0.0990338
0.0940465
0.1007103
-0.0591476
-0.0335397
0.0895443
-0.0210000
0.0237467
0.1081333
-0.0622764
0.0825037
0.0597535
-0.1013962
-0.0543027
-0.0967371
0.0871434
0.0007177
-0.0434268
0.0455264
-0.0374262
-0.0411380
-0.0600571
-0.0674129
0.1015740
0.0848549
-0.1034436
0.0809759
0.0786254
0.0491418
0.1061340
-0.0188155
-0.0562388
-0.0092010
-0.0287907
-0.0183151
0.0703644
-0.0658263
-0.1024025
-0.0562638
-0.1042597
0.0515232
-0.1105829
0.0991766
