0.0081342
0.0835850
0.0504510
0.0103104
0.0182788
0.0094690
0.0525432
-0.0815184
0.0265431
0.0413343
-0.0774026
0.0052848
0.0635395
-0.0714923
0.0636940
-0.0446968
-0.0544040
-0.0006667
0.0817633
-0.0470508
0.0339869
0.0290078
0.0332683
0.0068703
-0.0790921
-0.0762660
0.0185606
-0.0197599
-0.0332262
-0.0014650
-0.0457864
0.0559775
0.0159089
-0.0681161
0.0507373
0.0063910
-0.0663536
0.0585519
0.0303449
0.0297761
-0.0467142
0.0759604
-0.0758223
-0.0786735
0.0692495
-0.0183137
0.0543624
0.0105879
0.0065488
0.0270379
-0.0119613
0.0755302
0.0115357
-0.0494389
-0.0265178
-0.0227633
-0.0375064
0.0267824
0.0083476
-0.0632179
-0.0089609
-0.0275843
0.0151677
-0.0608746
0.0711459
-0.0175175
0.0287992
0.0799826
0.0418667
-0.0775496
-0.0056314
0.0029860
-0.0179335
-0.0243766
-0.0674759
0.0449831
-0.0632386
-0.0524696
-0.0191741
0.0903930
0.0086986
0.0215734
0.1267536
0.0370210
-0.0073474
0.0251118
-0.0798488
-0.1605582
-0.1804688
-0.1184359
-0.1778197
-0.1406324
-0.0118532
-0.0369063
0.0723146
0.3671044
0.4005056
0.3780120
0.0802987
-0.3002391
-0.4507679
-0.3647306
-0.1586009
-0.0293714
0.0729295
-0.0101153
0.0081837
0.1535373
0.1275391
0.0105978
0.0528915
0.0569527
-0.0329232
0.0062027
-0.0027432
0.0097723
-0.0995282
0.0273931
-0.0664193
-0.0155466
0.0606696
0.0055252
0.0398429
-0.0185506
-0.0454862
0.0971036
-0.0152578
-0.0249858
-0.0130267
-0.0106193
0.0378015
-0.0185188
-0.0750748
-0.0181032
-0.0311406
-0.0706754
0.0509509
-0.0739701
-0.0754200
-0.0237272
0.0117932
-0.0589794
-0.0174580
0.0168068
-0.0764676
0.0816743
-0.0622445
-0.0357574
-0.0317421
-0.0734528
-0.0028275
-0.0430859
0.0633639
-0.0279165
0.0651207
-0.0244203
-0.0061223
0.0254958
0.0074211
-0.0217687
0.0439615
-0.0844628
-0.0583455
0.0028693
0.0695694
-0.0708211
0.0060022
0.0602384
-0.0573589
0.0681792
0.0237956
-0.0643092
-0.0164527
0.0664535
0.0568611
-0.0771379
-0.0396826
0.0418676
-0.0025493
0.0576743
-0.0255122
0.0532767
0.0097735
0.0412115
-0.0401902
-0.0775560
-0.0169874
-0.0544451
0.0119565
-0.0613042
-0.0641203
0.0279525
0.0678683
-0.0225475
-0.0661993
-0.0104814
0.0142458
-0.0467363
0.0614759
0.0624520
-0.0624978
0.0401014
-0.0056033
-0.0649617
0.0606950
-0.0295536
0.0561507
0.0109532
-0.0585226
-0.0762552
0.0275250
0.0127190
0.0244484
-0.0695205
-0.0810929
0.0346471
0.0060570
0.0640645
-0.0332882
-0.0554352
0.0205996
0.0404433
0.0277613
0.0447543
-0.0059415
-0.0051866
0.0208370
-0.0206102
-0.0610062
-0.0245843
0.0587020
0.0395322
0.0512848
-0.0873685
0.0143834
-0.0828119
-0.0105235
-0.0711902
0.0561194
0.0684984
-0.0224478
0.0102140
0.0007889
0.0337654
-0.0273976
-0.0624606
0.0468786
0.0608159
0.0479578
-0.0243419
-0.0512829
-0.0120721
0.0372979
-0.0132914
-0.0577138
-0.0027872
-0.0374260
0.0022936
0.1191385
0.0834396
0.0713624
0.0511528
0.0919656
-0.0702079
-0.0660922
-0.0970035
-0.1420211
-0.3396517
-0.4036357
-0.3135439
0.1592621
0.5935110
0.7210368
0.4409371
0.0536051
-0.4230310
-0.3910578
-0.3252250
-0.1262369
-0.0219056
0.0132744
0.0116939
0.1504997
0.0766866
0.0477406
0.0847576
0.0998056
0.0182373
-0.0032405
0.0193063
-0.1005462
-0.0602123
-0.0998056
-0.1136333
-0.0842990
0.0258963
0.0338123
-0.0343531
0.0801814
-0.0088645
0.0300601
0.0473068
0.0903390
0.0094363
-0.0369207
0.0442013
-0.0412469
0.0323821
-0.0796334
-0.0167928
0.0011727
0.0268593
0.0436113
-0.0781787
-0.0813855
-0.0434165
0.0352370
0.0846870
-0.0369435
-0.0703012
-0.0472506
-0.0076367
0.0028146
-0.0431835
-0.0668492
-0.0705451
0.0275429
-0.0723216
-0.0464960
-0.0475968
-0.0901724
-0.0538009
-0.0140102
-0.0697081
0.0011163
0.0763427
0.0948620
0.0299374
0.0460062
0.0341971
-0.0090610
0.0638086
0.0209004
-0.0524984
-0.0170428
0.0357917
0.0551839
0.0583523
-0.0499203
-0.0783101
-0.0152425
-0.0554901
0.0452521
-0.0090800
-0.0625460
0.0013586
0.0446290
-0.0237549
0.0468778
0.0091738
0.0136366
-0.0531333
0.0074218
-0.0539677
-0.0754934
-0.0874682
-0.0899185
-0.0723653
-0.0676050
-0.0204610
-0.0738523
-0.0775243
0.0456439
-0.0517674
0.0789037
0.0257801
0.0231825
0.0639494
0.0730101
-0.0779320
0.0129846
-0.0210871
0.0229317
-0.0285155
-0.0338139
0.0056578
-0.0207758
-0.0478246
-0.0127731
0.0651078
0.1389493
0.1684321
0.2053393
0.1382182
0.0787748
0.0308279
-0.0665601
-0.1541681
-0.2256641
-0.3615911
-0.1606390
-0.1497056
0.0099069
0.1004259
0.2047183
0.4645841
0.6395515
0.3947408
0.0145884
-0.5702579
-0.6628426
-0.4716279
-0.1238795
0.1377151
0.1746481
0.1812809
0.1752783
0.1484836
0.1481965
0.1210913
0.0594282
-0.0636143
-0.0811484
-0.0906175
-0.1149113
-0.0066540
-0.0974360
-0.1169750
-0.0299422
0.0359375
-0.0079450
0.0969917
-0.0063135
0.0115411
0.0405550
0.0040673
0.0137426
-0.0258188
0.0623649
0.0684927
0.0551643
0.0415555
-0.0472693
0.0270997
0.0431562
-0.0213703
-0.0702269
-0.0038182
0.0593791
-0.0103282
-0.0454392
0.0748623
-0.0145010
-0.0032982
-0.0511854
0.0530051
-0.0546585
-0.0272660
-0.0082914
-0.0430683
-0.0105733
-0.0237517
0.0080484
-0.0650498
0.0378180
0.0009358
0.0790931
-0.0394126
0.0588265
-0.0170415
-0.0386193
0.0230691
-0.0366242
0.0661731
0.0693694
-0.0393059
-0.0536822
-0.0671040
-0.0914899
0.0582164
-0.0022296
0.0200824
-0.0609615
-0.0076920
0.0471444
0.0878058
-0.0532870
0.0416566
0.0903175
-0.0398513
0.0957324
-0.0448362
0.0288325
-0.0845834
-0.0793342
-0.0945802
0.0001414
-0.0211335
-0.0306307
-0.0715645
-0.0882376
-0.0568875
0.0279200
0.0962403
0.0575487
0.1655284
0.0508077
0.0808080
0.1259754
-0.0130699
-0.0257159
-0.1465447
-0.2925093
-0.3535205
-0.1827872
-0.0568459
0.1234306
0.1931327
0.3073916
0.3067682
0.4134050
0.3631709
0.0065772
-0.4238610
-0.6046243
-0.4534931
-0.1154000
0.0243741
0.1141291
0.0646627
0.1372922
0.1877435
0.1461858
0.1079799
-0.0241100
0.0021791
0.0517085
0.0145489
-0.0979724
-0.1268861
-0.1360840
-0.0688803
-0.0725834
-0.0051956
0.0192435
0.0679449
0.0534984
0.0283893
0.0714916
0.0615219
-0.0173899
0.0726520
-0.0841869
0.0281745
0.0314581
-0.0195666
0.0289764
0.0556053
0.0169192
-0.0153010
0.0446042
-0.0581926
0.0043965
0.0651763
0.0100655
0.0399168
0.0244505
0.0841998
0.0584348
0.0700766
-0.0275932
0.0310444
0.0124010
-0.0159113
-0.0331786
0.0003831
-0.0612629
0.0228756
0.0952550
0.0361712
0.0180680
-0.0734146
-0.0552101
-0.0131647
0.0612558
-0.0679808
0.0520287
0.0563290
0.0269905
0.0651855
-0.0253089
-0.0142431
0.0659397
-0.0152641
0.0248445
0.0278518
0.0525746
-0.0146895
-0.0691841
0.0108228
0.0260905
-0.0210559
0.0531952
0.0089935
0.0279859
0.0048795
0.0096235
-0.0012847
-0.0720260
-0.0227101
0.0062421
0.0015408
0.0674480
0.0715185
0.0057028
0.0520457
-0.0528815
-0.0135328
-0.0283089
0.0393686
-0.0163443
-0.0135060
0.0584879
-0.0812786
-0.0628045
0.0269338
-0.0217966
-0.0708762
-0.0871627
-0.0687930
-0.0293683
-0.0311400
0.0762706
0.0179268
0.0455212
0.0750019
-0.0150249
0.0744218
-0.0740934
0.0144454
0.0306905
-0.0074374
-0.0942635
0.0380499
-0.0832161
-0.0350854
0.0086854
-0.0225410
-0.0075692
0.1263820
0.0491227
0.0049266
0.0467956
0.0197255
0.0657671
0.0018796
-0.1216958
-0.2438678
-0.2179191
-0.2072557
-0.1396855
-0.1526626
-0.0677541
0.1416971
0.4617000
0.6737307
0.3122914
-0.0721376
-0.5473200
-0.5863827
-0.3623616
-0.0612101
0.0903433
0.1410926
0.0438052
0.0576088
0.0743925
0.0762816
0.0318389
0.0847504
0.0204271
0.0240559
-0.0397318
-0.0357606
-0.0398344
-0.1022445
0.0424613
-0.0980811
-0.0183569
0.0321457
0.0941446
0.0501348
-0.0096567
-0.0373824
0.0049674
-0.0188944
0.0496890
0.0501838
0.0055258
-0.0603515
-0.0210998
-0.0512891
0.0307448
0.0027867
-0.0175263
-0.0635600
0.0528604
0.0063077
-0.0463512
-0.0683644
0.0584225
0.0588921
0.0465613
0.0825783
0.0763537
-0.0652436
0.0664430
0.0526586
0.0102763
-0.0425448
-0.0218972
-0.0238818
-0.0026021
0.0129796
-0.0166723
-0.0273016
0.0085161
0.0009566
0.0354912
0.0040622
0.0117145
0.0118960
-0.0806431
0.0678755
0.0216364
-0.0474766
0.0358859
-0.0276576
-0.0186300
0.0114881
0.0521324
-0.0136354
-0.0055306
0.0020038
-0.0241846
0.1086649
0.0066845
-0.0478676
0.0661631
0.0264318
-0.0500440
-0.0179520
0.0110538
-0.0504887
-0.0862450
-0.0542858
-0.0028819
0.0200481
-0.0035942
0.0149626
0.0522436
0.0995304
0.1270155
0.1186297
0.0342285
0.0223957
-0.0215044
-0.1249690
-0.3008559
-0.2729007
-0.1886754
-0.0217969
0.0084212
0.1791914
0.3861663
0.5058594
0.5600119
0.2444438
-0.2135777
-0.6250267
-0.4540415
-0.2207972
-0.0093450
-0.0113534
-0.0002564
0.0433272
0.2203241
0.2271493
0.1514234
0.1479457
0.0217662
-0.0359575
0.0155845
-0.0611981
-0.0294451
-0.1072104
-0.0536550
-0.0586222
0.0440087
-0.0925791
-0.0029102
-0.0402790
0.1238408
0.0236797
0.0788040
0.0685413
0.0596871
-0.0369794
-0.0653816
0.0392634
-0.0396147
-0.0927611
0.0202860
0.0407878
0.0554493
0.0717583
0.0553844
0.0370127
-0.0395163
0.0294987
-0.0196623
-0.0599468
0.0108651
0.0604547
0.0057445
-0.0076800
0.0083945
-0.0232906
0.0096785
-0.0768373
-0.0362977
-0.0758045
-0.0053913
-0.0809856
0.0461607
0.0043127
-0.0612706
0.0445696
-0.0760623
-0.0137266
0.0374219
0.0038961
-0.0420294
0.0308725
0.0429539
0.0345268
0.0108508
-0.0689166
-0.0179197
0.0472260
-0.0036488
0.0078439
-0.0800400
0.0420526
0.0362145
-0.0484163
-0.0375079
-0.0075740
0.0332063
-0.0325969
-0.0362888
0.0029530
-0.0614509
0.0555720
0.0359020
-0.0588129
0.0093826
0.0725286
0.0802060
0.0716795
-0.0289089
-0.0127303
-0.0014895
0.0471876
-0.0588882
0.0044936
-0.0812512
-0.0485740
0.0180657
-0.0177839
0.0381671
0.0608194
0.0293367
0.0735507
0.0494364
0.0079650
-0.0011242
0.0329247
0.0539070
0.0369722
0.0312943
0.0298227
-0.0597007
0.0295042
0.0434775
0.0812315
-0.0241764
0.0878702
-0.0550776
0.0981074
0.0120199
0.0483089
0.0152110
-0.0436056
-0.0004278
-0.0284756
-0.0575146
0.0166356
-0.0044637
-0.0894306
-0.0078162
-0.0688406
0.0178287
-0.0143359
0.1295354
0.1565130
-0.0046864
0.1042449
0.0653547
-0.0260102
-0.0171199
-0.0939839
-0.2539880
-0.2169918
-0.1570324
-0.1052151
-0.1244737
0.0557098
0.3579611
0.5682466
0.4173849
0.0849735
-0.4552987
-0.5802179
-0.3792483
-0.0901279
0.0066883
0.0125525
0.1034915
0.0809195
0.0429131
0.0999243
0.0969200
0.0947849
-0.0347432
0.0723991
-0.0927259
-0.0932195
0.0135638
-0.0990697
0.0165605
-0.0400333
-0.0563585
-0.0493323
-0.0528906
0.0398890
0.0266488
-0.0397267
0.0318616
0.0928452
-0.0056500
-0.0498357
0.0092920
0.0203941
-0.0549908
-0.0236020
-0.0811233
-0.0774963
0.0169171
0.0672733
-0.0367136
-0.0307505
0.0329454
0.0789389
-0.0123976
-0.0474755
0.0276652
0.0667993
0.0160888
-0.0033771
0.0162503
-0.0366445
0.0006072
-0.0277901
0.0264566
-0.0371670
0.0248609
0.0440497
-0.0217727
0.0586446
-0.0051785
0.0222104
0.0863159
-0.0061424
-0.0000424
0.0359716
0.0559341
-0.0542757
0.0442188
0.0644712
0.0057137
0.0227614
0.0593834
0.0572047
-0.0006338
-0.0615584
0.0057719
-0.0367763
-0.0740676
-0.0834196
-0.0779041
0.0730712
0.0403392
-0.0831119
0.0422026
0.0033731
0.0209629
-0.0783402
-0.0211941
0.0762036
-0.0333051
0.0770585
-0.0418698
0.0466775
-0.0189699
-0.0167880
0.0261572
0.0522188
0.0030028
-0.0500955
0.0554103
0.0123638
-0.0296124
-0.0696131
0.0616110
-0.0243892
0.0279023
0.0795714
0.0625268
0.0682186
0.0088314
-0.0152954
-0.0579534
-0.0422657
0.0722367
0.0039633
-0.0208499
0.0600808
-0.0097227
0.0449225
0.0508004
-0.0907956
-0.0402174
-0.0722616
0.0327584
0.0509128
0.0449329
0.0598165
-0.0211841
0.0866950
-0.0325671
0.0706182
0.0560371
0.0169176
-0.0043535
-0.1121482
-0.0026094
0.0270928
0.0244099
-0.0102560
0.0186449
0.0875404
0.0084047
0.1110064
0.1387031
0.0318758
0.0374511
0.1005201
0.0321275
-0.0572611
-0.1458254
-0.2164740
-0.3508901
-0.2582029
-0.2236785
0.1900225
0.5317990
0.8050110
0.4843993
0.0845442
-0.3555331
-0.4716153
-0.4534704
-0.3206191
0.0290220
0.0052141
0.1121560
0.1021921
0.1169622
0.1329965
0.1236600
0.0774758
0.1003746
-0.0317854
-0.0411421
-0.0057193
-0.0703763
-0.0833890
-0.0263828
-0.0852363
0.0476723
-0.0563562
-0.0195463
-0.0249686
0.0989327
-0.0116695
-0.0480098
0.1026475
0.0408535
-0.0564820
-0.0039273
-0.0280915
-0.0121362
0.0147153
-0.0803563
-0.0444775
0.0685681
-0.0837179
0.0405547
0.0095465
-0.0522615
0.0254622
0.0280747
0.0631651
-0.0533777
0.0312962
0.0327209
0.0110887
0.0267853
-0.0746683
0.0504954
-0.0225594
0.0427192
0.0641999
-0.0425771
0.0776535
0.0023508
-0.0542792
0.0098633
-0.0451255
0.0593106
0.0116598
-0.0753870
-0.0448898
-0.0218574
-0.0412586
0.0034112
0.0642526
0.0444568
0.0755289
0.0479778
-0.0275866
0.0578806
0.0331543
0.0765674
-0.0206348
-0.0034622
0.0005754
-0.0272676
-0.0185231
-0.0307700
0.0248503
-0.0014911
-0.0691782
-0.0202337
-0.0590881
-0.0636348
0.0446210
-0.0217196
-0.0769829
-0.0340914
-0.0322850
-0.0723075
0.0409315
-0.0121101
-0.0289087
0.0725720
-0.0469105
-0.0634700
0.0608830
-0.0658029
-0.0675076
0.0235916
-0.0498512
-0.0530595
0.0781802
-0.0159927
-0.0306983
-0.0246626
0.0279987
0.0248437
0.0033937
0.0442225
-0.0317012
0.0265270
-0.0567822
-0.0718353
-0.0507766
-0.0438765
0.0242589
-0.0114893
-0.0257941
-0.0743117
-0.0121342
-0.0102480
0.0621591
-0.0438481
-0.0410449
-0.0199538
-0.0028974
-0.0125914
-0.0602528
-0.0263422
-0.0044586
-0.0675660
-0.0071006
0.0183724
0.0507815
0.0371755
0.0074733
0.0075049
0.0918700
-0.0115607
-0.0126470
-0.0490312
-0.0611338
-0.0557261
0.0303830
-0.0429734
0.0074298
0.0284903
-0.0992482
0.0239719
0.0193032
-0.0753243
-0.0707562
-0.0060201
0.1150179
0.0775914
0.1624605
