0.0666787
0.0190225
0.1106846
-0.0249133
0.0431159
0.0150873
-0.0184714
0.0584969
-0.0961521
0.0494816
0.0817559
0.0285006
0.0335102
-0.0050159
0.0108771
-0.0787017
-0.0097784
0.0293348
-0.1794295
-0.0203345
0.0098799
-0.0084608
0.0743583
0.0399126
0.0227568
0.0892013
0.0659689
-0.0442627
-0.0052432
-0.0808355
0.0975798
0.0338288
-0.0608852
-0.0129333
0.1105324
0.0962609
0.0335879
0.0291163
-0.1067631
0.0318474
0.0356345
0.0135947
0.0606808
0.0883683
0.0872426
0.0260214
0.0962657
0.0219323
0.1047065
0.0761251
0.1029399
0.0622447
0.1253234
-0.1027558
-0.0801071
-0.0834269
-0.1496764
-0.1486989
-0.1316703
0.1519782
0.3094949
0.3836582
0.2994971
0.0492360
-0.0934046
-0.2010388
-0.2297426
-0.1262553
0.0372550
-0.0495456
0.0670680
-0.0349750
0.0821713
-0.0286512
-0.0569371
-0.0387382
0.1363702
-0.0648331
-0.0764355
-0.0721192
0.0254624
0.0591333
0.0059109
0.0714633
0.0262555
-0.0271671
0.0722654
-0.0126624
0.1338007
-0.0017684
-0.0996367
0.0500521
-0.0701731
-0.1021671
-0.1096612
0.0826826
0.0443555
-0.1059874
-0.0605232
0.0061474
0.1066189
-0.0444454
0.0831782
-0.1074143
0.1128624
0.0393058
-0.0444780
-0.0875473
-0.0265199
-0.0544947
-0.0460540
0.0803092
-0.0013640
-0.0531013
0.0552190
0.0183770
0.1232253
-0.0259287
-0.0701063
0.0675068
0.0138044
-0.0359614
-0.1256928
0.0992797
0.0517453
-0.0313470
0.1027531
-0.0649061
-0.0704984
0.0639809
0.0531107
-0.0068500
0.0134207
0.0603509
-0.0315529
-0.0478848
-0.0310038
0.0074138
-0.1010320
-0.0318902
-0.0038038
-0.0402263
-0.0144526
-0.1258337
-0.1132057
-0.0939745
0.0431900
0.0395940
0.0525747
0.1841090
0.1181700
0.0383881
0.0461212
0.0716229
0.0504910
-0.2125823
-0.2099487
-0.2054787
-0.1196800
-0.1266524
-0.0378758
0.0783545
0.1817349
0.3848303
0.4972054
0.1484926
-0.2348911
-0.4519632
-0.0674906
0.3357301
0.5119430
0.2696215
-0.3310931
-0.9341182
-0.9357554
-0.4525824
0.2566267
0.6225701
0.6764012
0.5040447
0.3579946
0.0083639
-0.1883937
-0.2602822
-0.2792303
-0.1887420
-0.2371754
-0.2415412
-0.0664005
-0.0233885
0.1564458
0.0044862
0.0635266
0.1704946
0.0210928
0.0773843
0.1233303
0.1176731
0.0365591
-0.0997907
-0.1447010
-0.1360108
-0.1684921
-0.1403279
-0.0128186
0.0255972
0.0904207
-0.0262785
0.0462616
0.0840408
0.0414408
0.0987055
0.1367571
-0.0776916
-0.1108899
-0.0591665
-0.0595082
-0.0538791
0.0400810
-0.0997474
-0.0959852
0.0845101
0.0626388
0.0554001
0.0745745
0.0402186
0.0605250
0.0010232
-0.0871251
0.0613312
0.0382467
0.0524150
-0.1053994
-0.0449156
0.0573673
-0.1075457
-0.0898027
0.0942890
-0.0229951
-0.0089865
0.0046999
0.0128873
0.1211373
0.1156468
0.0535779
0.1062651
-0.0339937
-0.0870988
0.0213443
0.0813535
-0.0305488
-0.0790433
0.0640594
-0.0407822
0.0038321
-0.0903858
0.0662890
-0.0492069
0.0160881
0.0590581
-0.0192299
-0.0188508
-0.0056563
0.0737115
-0.0843015
-0.0086692
-0.0785349
0.1053313
-0.0795832
0.0358541
0.1070089
-0.0496930
-0.0639100
-0.0597256
0.0401860
0.1153998
0.0605421
-0.0717391
-0.0772156
-0.1088247
-0.0915878
-0.1062841
0.0844439
0.1084170
-0.0009700
0.0911283
0.0414477
-0.0149235
-0.0838139
0.0197779
-0.0004420
0.0738103
0.1057675
0.0981155
-0.0853216
0.0257329
0.0068682
-0.1115117
0.0628758
0.1073226
0.0286474
-0.0719379
-0.0820821
0.0072214
0.0007074
0.0460029
-0.0946280
-0.0197868
-0.0876914
0.0509095
0.0582367
0.0386793
0.0739222
-0.0224681
-0.0375278
0.1115502
0.1111976
0.0780436
0.0449459
-0.1080647
-0.0344931
0.0471508
0.0905356
-0.0000554
-0.0502682
-0.0766007
0.0623208
0.0149753
-0.1126389
-0.0796038
-0.0677226
-0.0481217
-0.0015083
-0.0933898
0.0886003
0.0851472
-0.0801781
0.0977830
-0.0470848
-0.0879307
0.0878722
0.0371125
-0.0197153
0.0440686
0.0648712
-0.0146180
0.0552145
0.0594584
0.0606126
0.0246173
-0.0359906
0.0254403
-0.0403738
-0.0054626
-0.0303528
-0.0064151
-0.0893623
-0.0827513
-0.0477522
-0.0064177
0.0418994
0.0617915
-0.0077079
-0.0310022
0.0504410
0.1151603
0.0756711
-0.0390966
0.0051194
0.0078481
-0.0638904
-0.0684812
-0.0194202
-0.0060696
0.0295224
-0.0111925
-0.0195257
0.0102105
-0.0050757
-0.0890464
-0.0632038
0.0040761
-0.0401764
0.0206240
0.0033944
0.0476079
0.0565680
-0.0956657
0.0000695
-0.0057918
0.0505172
0.0216198
0.0844408
0.1121761
0.1089263
-0.0884350
0.0083234
-0.0929170
0.0878474
0.0611645
-0.0882905
-0.0765241
0.0069576
0.1068384
-0.0868203
0.0969511
0.1033998
-0.1065294
0.0411229
-0.0666012
0.0408692
0.0632025
-0.0493917
-0.1185664
0.0541125
0.0798695
-0.0674031
-0.1017334
-0.1147925
-0.0792268
-0.0236398
-0.0021902
0.0664519
-0.0855165
-0.0902517
-0.0788118
0.0543271
-0.0711552
0.0184333
0.0570324
-0.0620281
-0.0497455
-0.0301595
0.0211869
-0.0136031
0.0967056
0.1601616
0.0593321
0.1006540
0.0024881
-0.2309892
-0.1663531
-0.1991181
0.0366984
0.1034280
0.1956585
0.1065938
0.0479237
-0.0718427
-0.1074050
-0.0418594
-0.0671827
-0.0056215
0.0497882
0.0373059
0.0562026
0.0390294
0.0307344
-0.0723549
0.0360434
-0.0655962
0.0011821
-0.0617093
-0.0416022
-0.0959323
-0.1153769
0.0557809
-0.0433642
-0.0986799
-0.0801248
0.0327075
0.0141657
0.1140930
0.0815508
-0.0878804
-0.0843590
0.0477771
0.0432760
0.0751767
0.0797980
0.1152019
0.0828895
-0.0025077
0.0362438
0.0613709
-0.0634519
0.1092659
0.0410398
0.0309202
-0.0019115
-0.0614832
-0.0034050
0.1149227
0.0388060
0.0364320
-0.1017633
0.0654724
-0.0945455
0.1015028
-0.1092365
0.0238026
0.0839371
0.0469524
-0.0463625
-0.0646055
-0.1193192
0.0111715
0.0566170
0.0409615
0.0387177
-0.0060498
-0.0299246
0.0127521
0.0269020
-0.0847646
0.0351961
-0.0268581
0.0042510
0.1027577
0.0743929
0.0014912
-0.0609041
-0.0856525
-0.0725901
0.0340874
0.0261633
-0.0306276
-0.0736604
-0.1057051
-0.0122596
0.1138498
0.1035217
0.0754602
0.0789459
0.1014002
0.0828574
-0.1116570
0.0157757
-0.0115599
-0.0556738
0.0639630
-0.0848295
0.0468769
-0.0148182
0.0037342
-0.0679740
0.0736793
0.0778758
0.0957680
-0.0577538
-0.0096998
0.0202631
-0.0438148
-0.0926173
-0.0406348
0.0358164
-0.0335839
-0.0602689
-0.0885094
-0.0923028
0.0026570
-0.0711835
0.0918005
0.0674477
0.0150002
-0.0496235
0.1073300
0.0581574
-0.0484844
0.0492806
0.0354609
-0.1237664
-0.0715861
0.1388457
0.1570450
0.0751145
-0.0452196
-0.0270301
-0.1125019
-0.1032991
0.1001086
-0.1190991
-0.0019729
0.0233571
-0.0308931
0.0336677
-0.0575975
-0.0586750
-0.0196246
-0.0479276
0.0845246
0.0463318
0.0284737
0.0718709
-0.0090166
-0.0235782
0.0117870
-0.0880176
0.0747224
-0.0062745
0.0327176
-0.1021463
0.0707248
-0.0360676
0.0799511
0.0927646
0.0094541
0.1144717
-0.0031396
0.1077223
0.1011699
0.0731315
-0.1155370
0.0045630
-0.0045192
-0.0474281
-0.1154032
-0.0402906
-0.1241600
-0.0756135
-0.0362039
0.0531456
0.1142375
0.1379219
0.1065978
0.0166235
-0.0332408
-0.2241963
-0.1301203
-0.0376464
0.1702691
0.2372337
0.0323552
-0.0453410
-0.0793076
0.0679911
-0.0596610
0.0517467
-0.0928024
0.0806036
0.0604495
0.1012029
-0.0060570
0.0747631
0.0044537
0.0273667
-0.0713895
0.0611059
-0.0490352
-0.0529337
0.0644543
-0.0582166
0.0483909
-0.0545693
0.0422455
0.0725583
0.0963585
-0.0028587
0.0420852
-0.0852810
-0.0944642
-0.0166200
0.0513778
0.0463234
0.1080471
0.0903713
0.0713186
-0.0125780
0.0580868
0.1093398
-0.0195398
-0.0923139
0.0951183
-0.0167664
-0.0259927
-0.0990984
0.1123324
-0.0260518
0.0530486
0.0187204
0.1126840
-0.0003291
-0.0044462
0.0281351
0.0365695
0.0074533
0.0113037
-0.0374531
0.0956499
0.0753487
0.1153934
-0.0700353
0.0231446
0.0340275
0.0702946
-0.0453723
-0.0105897
0.1062888
0.0478697
-0.0265411
0.1078289
0.0185914
0.1059596
0.0953304
-0.0679631
0.1021145
-0.0762429
0.1043483
0.0962375
-0.0013752
-0.0490085
-0.0824617
-0.0597293
-0.0354877
-0.0913086
-0.1006003
-0.1170017
-0.1050211
-0.0560199
0.0029285
-0.0270949
-0.0854273
0.1113730
-0.0845216
-0.0358217
0.0756322
0.1096013
0.1156908
0.0366325
-0.0675820
0.0017530
0.0933986
-0.0671053
0.0978460
0.0114211
-0.0898940
0.0220478
0.0559489
0.0744849
0.0378046
-0.0873303
0.1080228
-0.0274693
-0.0785524
0.0924036
-0.0859350
0.0139682
0.0055169
0.1081473
-0.1049897
0.0810080
-0.0108589
0.0632821
-0.0170986
-0.1226029
0.0746179
-0.0745618
0.0473240
-0.0832591
0.1516098
0.0669498
-0.0589621
0.0701269
0.0604250
-0.1001783
-0.0193844
-0.1271568
-0.0043287
0.1325252
0.1080728
-0.0497414
-0.0647248
-0.0370399
0.1205878
-0.0082173
-0.0168358
-0.0768470
0.0916881
-0.0312507
-0.0638630
-0.0670646
0.0470029
0.0658753
0.0548545
0.0832171
-0.0784160
-0.1154773
0.0662329
0.0422141
-0.0704615
0.0633858
0.0785398
0.0207211
0.1557639
-0.0106170
0.0006253
0.1591338
0.0266830
-0.0990552
0.0196566
-0.0976369
-0.2003386
-0.1167319
-0.2185880
-0.1513516
0.1634378
0.1348008
0.2105261
0.1682352
-0.0001768
-0.0828676
-0.2716672
-0.2318008
-0.0854634
-0.0701787
-0.0312228
0.0537565
-0.0362120
-0.0756819
0.1273095
-0.0072290
0.0401504
0.0266372
-0.0188096
0.0092265
-0.0852835
-0.0198254
-0.1454503
-0.0009672
-0.0397299
0.0801880
0.0165370
0.1074163
-0.1021445
-0.0578645
-0.0782465
0.1299109
-0.0467699
0.0999004
0.0869399
0.0393099
-0.1125028
0.0505178
-0.0685951
-0.0789833
0.0223431
-0.0658195
0.0087423
-0.0980671
-0.0552582
0.0688641
0.0168589
0.0598818
0.0674469
0.0047052
-0.0285042
-0.0989893
-0.0357951
-0.1028561
0.0707749
0.1184298
0.0105331
0.0954230
0.0588512
-0.0432182
-0.0093668
-0.0314316
0.0608907
0.0471429
-0.0629954
-0.0931739
0.0214065
0.0231196
0.1069317
0.0723868
-0.0877454
-0.0570796
-0.0405745
-0.0129035
0.1163734
0.0380604
0.0572479
-0.0479628
-0.0268470
0.0142625
-0.1441652
-0.0794075
0.0073055
-0.1639960
-0.1158367
-0.0005136
0.0764509
0.0770763
0.1034666
0.0727016
0.1958081
0.0397478
0.0854358
0.1421014
0.0075086
0.0585603
-0.0088257
-0.0350968
-0.2363197
-0.1031087
-0.1903133
-0.1239232
0.1125278
0.2682730
0.3640342
0.4632945
0.3082974
-0.1281979
-0.5120606
-0.2263083
0.1743115
0.5312922
0.5697414
-0.1411617
-0.5543939
-0.9783236
-0.6115298
-0.0272387
0.4333539
0.8455570
0.6987572
0.4316297
0.0966073
-0.0525081
-0.1024527
-0.1867583
-0.1916052
-0.1855016
-0.1403275
-0.0014873
0.0802985
0.1493076
0.0799027
0.0064597
0.2108516
0.1652244
0.0707580
-0.0189048
-0.0178459
-0.0172045
-0.0609591
0.0156014
-0.0898759
-0.0601181
-0.1040952
-0.0288355
-0.0306862
-0.0648279
0.0802338
0.0414577
0.0350248
0.1588352
0.0652671
0.0433184
0.0180980
0.0562978
0.0326457
-0.0426159
-0.1246670
-0.1079620
-0.1107517
0.0549609
0.0695802
0.0123138
-0.1064530
0.0611758
0.0016118
0.0278429
0.1274755
0.1304514
0.0232470
-0.0785324
-0.0506981
-0.0269990
-0.1014365
-0.1317770
0.0398855
-0.1185615
-0.1137438
-0.0052066
0.0675193
0.0898880
-0.0965276
-0.0704992
0.1008361
0.1089792
0.0776308
0.0903439
0.0830610
0.0833627
0.0304390
-0.0689947
0.0002090
0.0489286
0.1135375
-0.0995839
-0.0859809
0.0543739
-0.0600302
0.0801610
-0.0166039
0.0720286
-0.0686217
-0.0449291
-0.1039115
-0.0289343
-0.0503717
-0.1096723
-0.0544510
0.0331442
0.0350686
-0.0908500
0.0639123
-0.0737303
-0.0999849
0.0526157
0.0404320
0.0845992
0.1109532
0.0580400
-0.0985782
-0.0273161
0.0021390
0.0804820
0.0498986
0.0038366
-0.0191384
-0.0059597
0.0086411
-0.0316693
0.0687322
-0.0312036
-0.0047398
0.0959268
0.0895144
0.0105659
-0.0371397
0.1109067
-0.0118137
-0.0836662
-0.0218641
-0.0607143
-0.0957026
0.0881926
0.0056805
0.0763786
0.0961806
0.0148344
0.0809841
-0.0930205
-0.0682816
0.1117493
-0.0723870
0.0300118
-0.0941115
-0.0024505
-0.0949584
0.0629572
0.1057825
0.0347208
-0.0465279
-0.0263021
-0.1148567
-0.0757996
-0.0476083
-0.0630774
-0.1143711
0.0652349
0.0746707
0.0276581
-0.1104554
-0.0050519
-0.0779274
-0.0087153
-0.0215378
-0.0020436
-0.0862707
0.0853345
0.0334777
0.0637809
-0.0103646
0.1060225
0.0115110
0.0454403
0.0701941
-0.1123095
0.0638346
-0.0434557
0.0500003
0.0075864
-0.0882902
-0.0623986
0.0853695
0.0747711
0.0761111
-0.0928657
-0.0966916
-0.0359367
0.1084117
0.0304415
0.1099968
-0.0550858
-0.0799493
-0.0043569
-0.0191997
0.1123422
-0.0494880
-0.0908678
-0.0093410
0.0469974
-0.0597238
0.1044584
-0.0216337
0.1063342
0.0792309
0.0417675
0.0321473
0.0003426
0.0741064
0.0844350
-0.0481137
-0.0777361
0.0233592
-0.1053212
0.0337974
0.0847515
0.0591870
-0.0524159
0.0558245
-0.0691095
-0.0754435
-0.0520548
-0.0952377
-0.0127543
0.0183829
0.0645169
0.0806034
0.1091438
0.0753286
0.1108353
-0.0898642
-0.0181583
0.0440014
-0.0293804
-0.0625625
0.0537715
-0.0074562
-0.0492540
-0.0434852
-0.1106155
0.0126187
-0.0377779
-0.0510140
0.0579123
0.0343841
0.0009178
0.0051782
0.0542423
0.1030907
-0.0723068
-0.0936290
0.0167212
-0.0942608
0.0312755
-0.0539373
-0.0304639
0.0096751
0.0363869
0.1731854
0.1426453
0.1400937
0.0693490
0.0088917
-0.1557371
-0.1980315
-0.0886627
-0.0067300
0.1887459
0.0339390
0.0122259
-0.0961020
0.0533465
-0.0697445
0.0144431
0.0997769
-0.0370228
-0.0942603
-0.0445172
-0.0721768
0.0244649
-0.0904255
0.1010683
0.1144427
0.0775657
0.0147409
0.0014100
0.0273229
-0.0813225
0.0510632
-0.0004378
-0.0435039
0.0031790
-0.1200987
-0.1093362
0.0238303
-0.1078112
0.1092797
0.0735028
-0.0983227
-0.0790785
-0.0184676
0.0250201
-0.0906949
0.1085755
-0.1159062
-0.1178691
-0.0538119
-0.1093604
0.0423260
-0.0837339
0.0141605
-0.0642523
-0.0241892
0.0662659
-0.1023665
-0.0908624
-0.0745037
0.0712209
-0.0072328
-0.0560026
-0.0894534
-0.0080214
-0.0451570
-0.1106610
-0.0246480
0.0459568
-0.0939366
-0.0580387
0.0434379
0.0967171
-0.0234883
0.0382173
0.0160941
-0.0033172
-0.1182342
