0.0311374
0.0189587
-0.0132775
0.0007793
-0.0059670
-0.0175582
-0.0109919
0.0265797
0.0090076
0.0270718
-0.0119489
-0.0086550
-0.0195120
0.0372157
0.0312987
0.0230050
0.0301361
-0.0234663
0.0239464
0.0013237
-0.0327194
0.0257228
-0.0150480
0.0393779
-0.0160735
-0.0153367
0.0277215
-0.0150567
0.0152449
-0.0124205
0.0190448
-0.0185522
0.0331577
0.0267733
0.0056789
-0.0293547
-0.0066183
-0.0306806
-0.0313629
0.0225709
0.0054045
0.0278243
0.0145705
0.0293636
-0.0100998
0.0141883
-0.0242548
-0.0156913
-0.0297509
-0.0260542
-0.0320771
0.0270133
0.0121717
0.0062942
-0.0018909
-0.0243603
0.0042078
0.0046037
0.0176553
-0.0057075
-0.0062080
-0.0200081
0.0167358
0.0216767
0.0028264
-0.0291071
0.0230810
0.0104099
0.0331580
0.0168003
0.0167395
0.0320496
0.0395090
0.0119106
0.0141652
0.0343431
0.0157699
-0.0028363
0.0175089
0.0347136
-0.0013265
0.0120544
-0.0436817
-0.0319442
0.0070061
0.0039262
0.0121255
0.0147487
0.0055114
-0.0068490
0.0334090
0.0451875
0.0085325
0.0626214
0.0421295
-0.0366667
-0.0372555
-0.0725891
-0.0815446
-0.0806547
-0.1280199
-0.0412602
-0.0276238
0.0104987
0.0815013
0.1416945
0.2756155
0.2598319
0.1259006
-0.0928794
-0.3010464
-0.3890253
-0.2377451
-0.0706378
0.1285929
0.1698804
0.1517253
0.0866024
0.0705361
0.0568053
0.0279557
-0.0334965
-0.0394065
-0.0349287
-0.0657144
-0.0803374
-0.0649708
-0.0069067
0.0127917
-0.0039782
0.0232292
0.0502084
-0.0018944
0.0109703
0.0554138
0.0008730
0.0265538
-0.0109634
0.0133503
-0.0451053
-0.0252458
-0.0141503
0.0128933
-0.0181812
0.0267459
-0.0107199
0.0070815
-0.0194722
-0.0052714
-0.0014533
0.0202868
0.0363810
0.0076597
0.0103803
-0.0317976
-0.0337505
0.0159626
-0.0352611
0.0126238
0.0257077
-0.0026580
-0.0099420
-0.0358729
-0.0254301
0.0179932
0.0008595
-0.0015661
-0.0379530
0.0159615
-0.0045392
0.0195931
-0.0133251
-0.0101659
0.0336907
0.0041602
-0.0295688
-0.0161517
0.0332079
0.0164863
-0.0095278
-0.0186039
-0.0270578
-0.0031201
0.0135194
0.0193997
0.0210715
0.0186098
0.0187517
-0.0251388
-0.0108125
-0.0021909
-0.0021548
0.0199843
-0.0097235
0.0179805
0.0167644
0.0339593
0.0172553
0.0151472
0.0032149
-0.0328787
0.0070420
0.0355483
0.0142479
-0.0180814
-0.0167740
-0.0149580
-0.0222342
0.0015740
-0.0153068
-0.0068051
-0.0279536
0.0144540
-0.0173720
-0.0187061
0.0175891
0.0274432
0.0081943
-0.0057605
-0.0163313
0.0209343
-0.0134748
-0.0016208
0.0078101
0.0121817
0.0280734
-0.0037481
0.0114263
-0.0235679
-0.0209869
0.0005261
-0.0163182
-0.0274419
-0.0022062
0.0307292
0.0077932
0.0074584
0.0081957
-0.0428360
-0.0086348
0.0230844
-0.0017140
-0.0191292
-0.0290047
-0.0294308
0.0249062
0.0440388
-0.0210162
-0.0150757
0.0023946
-0.0210039
0.0008927
-0.0171760
-0.0315180
-0.0348609
-0.0423336
-0.0061855
-0.0335652
-0.0306322
-0.0127494
0.0137452
0.0701350
0.0466725
0.0406651
0.0315178
0.0188319
-0.0028446
-0.0321790
-0.0381877
-0.0419985
-0.0542942
-0.1222119
-0.1054739
-0.0899822
0.0177420
0.0682479
0.1222959
0.2006228
0.2767981
0.2110874
0.0479984
-0.1507748
-0.3831700
-0.3526701
-0.1830828
-0.0183057
0.1779864
0.2144654
0.1474346
0.0743081
0.0752664
0.0057756
0.0142314
-0.0088495
-0.0756589
-0.0768180
-0.0870582
-0.0263292
-0.0254124
-0.0242668
-0.0234563
0.0410542
0.0324831
-0.0027682
0.0125812
0.0162818
-0.0225218
0.0073680
0.0184729
-0.0046687
-0.0207475
-0.0144585
-0.0394257
-0.0350870
-0.0467653
0.0048926
-0.0210969
0.0221234
-0.0173619
0.0013451
-0.0124112
0.0225931
0.0361975
0.0017665
-0.0139482
0.0262612
0.0233089
0.0305168
-0.0142691
-0.0330380
-0.0250377
-0.0230689
-0.0320139
0.0140310
0.0007020
-0.0167999
-0.0354374
-0.0187847
-0.0187564
-0.0240892
0.0314331
-0.0181824
-0.0201999
-0.0251495
0.0247717
0.0356485
-0.0057755
0.0198167
-0.0198736
-0.0222741
0.0109024
-0.0210469
0.0012474
-0.0107642
0.0344531
0.0263743
-0.0114399
0.0244408
-0.0081597
-0.0232226
0.0074801
-0.0271051
0.0160412
0.0244432
0.0297881
-0.0131409
-0.0069546
0.0232535
0.0126978
0.0312936
-0.0119141
0.0348643
-0.0296969
-0.0071364
-0.0350009
0.0166343
-0.0030314
-0.0143834
-0.0075539
-0.0180666
-0.0077950
-0.0273272
-0.0303663
-0.0177857
0.0038541
-0.0359523
-0.0351652
0.0192470
-0.0222188
0.0375227
0.0291135
0.0189538
0.0097669
-0.0328908
0.0297660
0.0144995
0.0152989
0.0334781
0.0137286
0.0369879
0.0018380
0.0158478
-0.0265387
0.0280742
-0.0225284
0.0131305
-0.0226098
0.0071439
0.0300620
-0.0373823
-0.0008633
-0.0050564
-0.0109220
-0.0304638
0.0390363
0.0014192
0.0219048
0.0374147
-0.0001996
0.0332232
0.0319021
0.0369324
-0.0205002
0.0113041
-0.0338742
-0.0378045
-0.0467945
-0.0406424
-0.0219504
-0.0162336
-0.0211077
-0.0149790
0.0391350
0.0207863
0.0401756
0.0058175
0.0464129
0.0300850
0.0261830
-0.0334053
-0.0011015
-0.0355149
-0.0695888
-0.1027549
-0.0746487
-0.0625270
0.0026178
0.0517988
0.1063199
0.1882289
0.2457726
0.2613222
0.0782085
-0.1392063
-0.3630233
-0.3785356
-0.1690345
0.0508908
0.1340706
0.1965515
0.1434532
0.1053327
0.0842770
0.0337699
-0.0220045
-0.0370081
-0.0630511
-0.0071986
-0.0620415
-0.0194606
-0.0477234
-0.0174120
0.0248185
0.0346542
0.0352528
0.0133518
0.0266626
0.0022971
-0.0016879
-0.0224458
0.0367064
0.0174788
-0.0080500
0.0141281
-0.0227066
-0.0468495
-0.0455068
-0.0246474
0.0029432
0.0004833
0.0153183
-0.0104771
0.0163644
0.0321582
0.0292612
-0.0005827
-0.0116375
0.0024104
0.0235572
-0.0254693
-0.0320540
0.0232593
-0.0109579
0.0067236
-0.0090232
0.0155267
-0.0337751
0.0214796
-0.0184793
0.0164512
-0.0032689
-0.0162496
0.0108184
-0.0279574
-0.0059913
0.0274500
0.0264391
0.0207855
0.0085674
-0.0157278
-0.0173630
-0.0155376
-0.0127046
0.0262484
-0.0330131
0.0148120
0.0192782
-0.0203073
0.0076594
-0.0135207
0.0282507
-0.0110017
-0.0273783
-0.0340079
-0.0183231
0.0166118
0.0143443
0.0203961
-0.0257203
-0.0140395
-0.0088482
0.0231540
-0.0272237
0.0086468
0.0285714
0.0186117
-0.0080047
0.0179546
-0.0134103
0.0286869
0.0353558
0.0300486
0.0193124
-0.0113629
-0.0325835
-0.0103957
-0.0310139
0.0038017
0.0376742
0.0015233
0.0233977
0.0196493
0.0047558
0.0262384
0.0138753
0.0200791
0.0020102
-0.0028613
0.0362909
-0.0201551
-0.0036300
0.0124930
-0.0128730
0.0219008
0.0144809
-0.0064503
0.0100046
0.0114280
-0.0109480
-0.0354501
0.0185777
-0.0015723
-0.0085552
-0.0185291
0.0189493
-0.0028937
0.0384907
0.0281565
0.0061530
-0.0102657
-0.0099071
-0.0175846
0.0367590
-0.0068835
-0.0185730
-0.0262714
-0.0274366
-0.0114503
0.0054875
-0.0240511
-0.0036321
-0.0282160
-0.0264581
-0.0309486
-0.0342834
0.0082116
-0.0180959
0.0308197
0.0122087
-0.0010631
-0.0187928
0.0267554
-0.0170683
0.0223782
0.0137947
0.0212198
-0.0203519
-0.0145116
-0.0340708
0.0101762
-0.0026616
-0.0061753
-0.0200950
-0.0211981
0.0103328
0.0152921
0.0083707
0.0394050
0.0085450
0.0304665
-0.0034679
0.0044768
-0.0246318
0.0093709
-0.0375233
-0.0490567
-0.0058319
-0.0206460
0.0144248
0.0478780
0.0099827
-0.0273330
0.0220370
-0.0175725
0.0155989
0.0052504
-0.0239287
-0.0039067
0.0172641
0.0169120
-0.0178722
0.0452386
0.0421130
0.0109285
0.0109684
-0.0334708
-0.0275511
0.0252258
-0.0315392
0.0002305
0.0281434
-0.0320805
0.0234704
0.0017663
0.0317438
0.0111668
0.0131404
-0.0060751
-0.0053747
0.0265220
0.0395802
0.0208405
-0.0140498
0.0243216
0.0167242
-0.0181262
-0.0184495
0.0221327
0.0090190
-0.0318024
0.0170217
-0.0161551
0.0049647
0.0216107
-0.0283448
-0.0007645
-0.0106056
-0.0209880
0.0126554
-0.0178818
0.0368595
-0.0117460
0.0262355
-0.0223018
-0.0124697
-0.0079604
-0.0318286
-0.0188023
-0.0216626
-0.0266807
-0.0021275
0.0123244
0.0284887
-0.0058186
-0.0016813
0.0081677
0.0292972
-0.0173031
0.0014556
0.0129602
0.0074153
0.0053073
-0.0127391
-0.0213153
-0.0070631
0.0267983
0.0283282
0.0284197
0.0246485
0.0005876
-0.0058741
-0.0205383
-0.0128920
-0.0081440
0.0316115
0.0207456
-0.0352017
0.0141510
-0.0108690
0.0189023
0.0140319
-0.0193380
-0.0280997
-0.0254155
0.0339755
-0.0201196
0.0113009
0.0224919
-0.0205049
-0.0060198
-0.0182382
-0.0180794
-0.0299116
-0.0124469
-0.0151998
0.0097271
0.0163493
0.0054346
-0.0227176
-0.0290671
0.0088671
0.0209716
0.0077102
-0.0301857
-0.0151822
-0.0285523
0.0073444
-0.0202292
-0.0266305
0.0132429
-0.0081654
0.0535090
0.0204534
-0.0032451
-0.0106352
-0.0282883
-0.0205067
-0.0291881
-0.0035988
0.0221945
-0.0196096
-0.0400250
0.0006386
0.0218437
0.0178915
-0.0110999
0.0611432
0.0586583
0.0538035
-0.0043314
-0.0100719
-0.0015702
-0.0014579
-0.0060862
-0.0320084
-0.0934817
-0.0680397
-0.0920692
-0.0176308
0.0492803
0.0667694
0.0794849
0.1846338
0.2533430
0.1669202
0.0039271
-0.2477206
-0.4159144
-0.3061786
-0.0756698
0.0984727
0.1462893
0.1710676
0.0802905
0.0649045
0.0490301
0.0071421
0.0086681
-0.0340100
-0.0607314
-0.0629166
-0.0638628
-0.0649374
-0.0356904
-0.0011690
0.0380382
0.0234217
0.0121111
0.0382900
0.0092925
-0.0082425
0.0255179
-0.0191877
0.0157460
-0.0001784
-0.0175358
0.0197228
0.0073657
-0.0044120
-0.0228262
-0.0281766
0.0085720
0.0234771
-0.0100202
0.0166629
0.0078038
0.0242866
0.0301286
-0.0096688
-0.0160640
-0.0189734
-0.0367426
-0.0238344
-0.0212298
0.0106248
-0.0129652
-0.0093502
-0.0276282
-0.0214492
-0.0039571
-0.0116667
0.0183440
-0.0312682
-0.0000412
-0.0203971
0.0059952
0.0237582
-0.0298027
0.0230857
-0.0267023
0.0299643
0.0316713
0.0175920
0.0316206
0.0217158
-0.0287908
0.0093653
-0.0191197
-0.0034293
-0.0183343
-0.0149615
-0.0017610
-0.0296248
0.0349251
-0.0205113
0.0040611
-0.0050664
-0.0110463
-0.0243017
-0.0297877
-0.0127174
-0.0034852
0.0129431
0.0279289
0.0073678
0.0017276
-0.0383050
0.0231803
-0.0142114
0.0232418
-0.0184760
-0.0273782
-0.0046782
0.0106168
0.0100313
-0.0063905
0.0058630
-0.0034237
0.0261935
-0.0099693
0.0134432
-0.0065913
-0.0131307
-0.0216577
0.0222415
-0.0050762
-0.0204151
-0.0290759
-0.0230036
-0.0291167
0.0050200
-0.0050113
-0.0138797
0.0186432
0.0400884
0.0453353
0.0025773
0.0064703
-0.0035370
-0.0002618
0.0193614
0.0304387
-0.0119156
-0.0000750
0.0048807
-0.0200269
-0.0084687
-0.0014955
-0.0330890
-0.0096083
0.0372726
-0.0033063
0.0210937
-0.0137049
0.0222999
-0.0268232
-0.0021791
-0.0212453
0.0110462
-0.0298643
-0.0424520
-0.0515566
0.0055370
0.0125517
-0.0213228
-0.0270344
-0.0119516
0.0142533
0.0514907
0.0679877
0.0159889
0.0135765
0.0486380
0.0031053
-0.0159025
-0.0382834
-0.0656676
-0.0681279
-0.0551763
-0.0758512
-0.0469752
0.0130072
0.0531477
0.1381987
0.2151901
0.1922788
0.1267381
-0.0511985
-0.2142826
-0.3311423
-0.2904323
-0.0615658
0.1072729
0.1334064
0.1711972
0.1011487
0.0594702
0.0210519
-0.0176783
-0.0452640
-0.0040019
-0.0581401
-0.0123383
-0.0147030
-0.0258809
-0.0472289
-0.0401727
0.0304685
-0.0084636
0.0312542
0.0035493
0.0042134
0.0426047
0.0155074
-0.0127112
-0.0295340
0.0058300
-0.0302940
-0.0346066
-0.0283267
0.0059686
-0.0126826
-0.0050561
-0.0033191
-0.0201907
0.0102379
-0.0199199
0.0365418
-0.0282958
-0.0025538
0.0015615
0.0274723
-0.0324303
-0.0396900
-0.0115660
-0.0219015
-0.0270537
0.0281496
-0.0100497
0.0145105
0.0049848
-0.0240381
0.0311949
0.0327277
0.0120132
0.0122496
0.0069520
-0.0250372
0.0069321
0.0165450
-0.0353418
0.0108640
0.0030750
-0.0289706
0.0368376
-0.0183542
0.0095306
0.0313226
0.0192700
-0.0351332
0.0082354
0.0014389
0.0139610
-0.0304173
0.0014250
-0.0054929
-0.0261060
0.0088791
-0.0133343
-0.0245270
0.0047857
0.0149350
0.0034215
0.0313591
-0.0277959
-0.0380447
-0.0280349
-0.0338191
0.0166433
0.0337056
0.0269727
0.0225147
-0.0321937
-0.0252590
-0.0196494
0.0310386
0.0044365
-0.0017537
-0.0184753
-0.0077341
0.0250746
-0.0103109
0.0243646
-0.0065124
0.0084750
0.0278328
-0.0329881
-0.0035988
0.0168684
0.0266608
0.0088590
0.0253556
-0.0203745
0.0147948
0.0075910
0.0326111
0.0147925
-0.0237506
0.0382731
0.0300555
0.0253246
-0.0263076
-0.0388852
-0.0232531
-0.0036932
-0.0069370
-0.0179743
-0.0187733
-0.0165677
-0.0116413
-0.0020262
-0.0157330
0.0165376
-0.0083062
-0.0249031
0.0075760
0.0142347
0.0269966
0.0250305
0.0055831
-0.0167199
0.0295208
0.0103330
-0.0044830
-0.0044055
-0.0050281
0.0070103
-0.0018176
-0.0246210
0.0071185
0.0542853
0.0361934
0.0137249
0.0139193
0.0340095
0.0400675
-0.0124036
-0.0489610
-0.0015117
-0.0522636
-0.0466056
-0.0602886
-0.0697680
-0.0206125
0.0053600
0.0546538
0.1510676
0.1798751
0.2288187
0.1349569
-0.1067627
-0.2738598
-0.3689148
-0.1957654
0.0064110
0.0918835
0.1382296
0.1428704
0.1248955
0.0528526
0.0385952
0.0269477
0.0099592
-0.0431385
-0.0710949
-0.0398630
-0.0523893
-0.0615317
-0.0439694
0.0280729
-0.0179749
0.0138018
0.0604586
0.0161466
-0.0051368
0.0053116
0.0071734
0.0073600
-0.0230109
0.0008357
-0.0000135
-0.0231394
-0.0244469
-0.0223562
-0.0318724
-0.0035241
0.0032756
0.0140737
-0.0323515
-0.0079540
-0.0049212
-0.0238280
0.0160895
0.0240824
0.0087215
0.0070914
0.0194528
0.0147016
0.0076709
0.0110442
0.0214595
0.0164558
-0.0142885
-0.0351507
-0.0042573
-0.0125308
0.0054686
0.0099909
-0.0222600
0.0142134
0.0292337
0.0302175
0.0074767
-0.0214952
-0.0156551
0.0116457
0.0002365
0.0097139
0.0329481
-0.0359962
0.0288948
-0.0010380
-0.0093350
0.0017996
-0.0354603
0.0370392
0.0209537
0.0303030
0.0099985
-0.0304139
-0.0167355
0.0130796
-0.0282218
-0.0308442
0.0033395
-0.0193276
-0.0147875
-0.0126346
-0.0039750
0.0079942
0.0224010
0.0089239
0.0116967
-0.0346859
0.0143127
-0.0321185
-0.0054488
-0.0169244
-0.0133511
-0.0266218
-0.0260375
0.0154284
-0.0182550
0.0079426
0.0262277
-0.0182387
-0.0123586
-0.0011490
-0.0029130
0.0214429
