-0.0074493
0.0146731
-0.0058911
0.0000602
0.0060986
0.0117602
0.0245772
-0.0310962
0.0034679
-0.0232294
-0.0051812
-0.0358641
0.0129054
0.0159550
0.0023767
0.0247690
0.0232332
0.0244060
0.0285344
-0.0003104
0.0076806
-0.0197527
0.0041451
0.0175172
-0.0360455
-0.0227746
0.0190334
0.0165346
-0.0230472
-0.0163527
-0.0007060
-0.0293633
0.0252426
0.0057348
0.0239895
0.0353662
-0.0247968
0.0200910
0.0010012
0.0043006
0.0053371
0.0108611
0.0275952
0.0212184
0.0312839
0.0150525
-0.0219064
-0.0180943
-0.0233492
-0.0281560
0.0222512
-0.0313968
-0.0021791
-0.0312360
0.0042367
0.0102806
-0.0354602
0.0144886
0.0112801
-0.0185402
-0.0120039
-0.0135183
0.0157874
-0.0307573
-0.0029562
-0.0058158
0.0204470
-0.0340081
0.0177163
0.0072130
0.0241361
-0.0086010
-0.0303101
-0.0075400
0.0086817
-0.0223812
0.0234535
0.0014047
0.0287678
-0.0303268
0.0034153
0.0250253
-0.0118206
-0.0103577
0.0155601
-0.0035426
0.0099765
-0.0001548
0.0185235
-0.0180899
0.0245140
-0.0051603
0.0518205
0.0326350
0.0624851
0.0658739
-0.0011910
0.0152542
0.0135502
0.0078404
-0.0329150
-0.0635338
-0.0521827
-0.0836620
-0.0559191
-0.0501740
0.0292294
0.1062112
0.1665457
0.1997122
0.2487546
0.1393041
-0.0893129
-0.3101715
-0.3799081
-0.2266007
-0.0063523
0.1237005
0.1792859
0.1441800
0.1129076
0.0905459
0.0646836
0.0083270
-0.0088798
-0.0304943
-0.0451794
-0.0344366
-0.0128204
-0.0436420
-0.0234348
0.0214797
0.0090791
0.0509122
-0.0186514
-0.0014597
-0.0104677
-0.0022128
-0.0098980
0.0164325
0.0268933
-0.0370596
-0.0093708
-0.0497047
0.0048398
0.0260982
-0.0062846
-0.0225062
-0.0041852
-0.0317503
0.0199320
0.0369123
0.0149949
0.0279896
-0.0323236
-0.0133998
0.0019628
0.0332279
0.0249974
-0.0199389
0.0257155
-0.0367263
-0.0027130
0.0250556
0.0110161
0.0262647
0.0132115
-0.0030258
-0.0160432
-0.0245656
0.0082772
-0.0058211
-0.0335567
0.0147193
-0.0134110
-0.0204512
-0.0037435
-0.0227770
0.0032906
-0.0184665
-0.0187531
-0.0377085
-0.0360069
-0.0188597
0.0245329
0.0288629
-0.0014455
0.0205513
0.0248793
-0.0025305
0.0180754
-0.0062555
-0.0264273
-0.0050404
-0.0197522
-0.0091929
0.0145453
0.0082916
-0.0352140
0.0019493
0.0113005
0.0277356
-0.0101582
-0.0144851
-0.0049012
-0.0288613
-0.0328183
0.0264887
-0.0189380
0.0167285
0.0335103
-0.0072935
0.0365716
-0.0217560
-0.0176090
0.0022742
0.0029297
-0.0275309
-0.0076175
0.0047328
-0.0191700
0.0243869
0.0136050
-0.0201808
0.0310809
0.0195478
0.0278952
0.0304808
0.0281767
0.0173286
-0.0219668
0.0205077
0.0018725
-0.0139188
-0.0352038
0.0339454
-0.0314440
-0.0113146
0.0213217
-0.0345356
-0.0038509
-0.0158583
0.0220915
0.0287455
-0.0195264
-0.0158842
0.0120976
0.0102045
0.0292637
0.0152566
-0.0071073
0.0203447
-0.0167030
0.0179570
-0.0418438
-0.0274406
-0.0422990
-0.0212095
0.0051855
-0.0507419
0.0150172
0.0297372
0.0200974
0.0055405
0.0137359
0.0326577
0.0250337
0.0524999
0.0373294
0.0184713
-0.0266033
-0.0715873
-0.0414307
-0.1064574
-0.0933574
-0.1052350
-0.0300697
0.0134876
0.0757535
0.1754748
0.2687820
0.2678339
0.1554315
-0.0941938
-0.3758455
-0.4260013
-0.2672094
-0.0681373
0.1664065
0.1886938
0.1951981
0.1241842
0.1194412
0.0764025
-0.0185679
0.0000695
-0.0552909
-0.0414398
-0.0800266
-0.0436762
-0.0199333
-0.0482803
-0.0139076
-0.0021096
0.0130863
0.0600535
0.0237082
0.0535681
0.0386049
-0.0178057
0.0308731
0.0049463
-0.0187919
0.0068837
-0.0257345
-0.0404373
-0.0224777
0.0005991
0.0041408
0.0292132
-0.0163127
-0.0087793
0.0440070
0.0065632
-0.0190191
0.0003029
0.0163702
-0.0249702
0.0118729
-0.0382919
0.0258750
0.0245984
-0.0037547
0.0224046
0.0033801
0.0183684
-0.0229745
-0.0058545
0.0215949
-0.0082011
0.0069129
0.0114185
0.0369844
-0.0363878
0.0307499
0.0088567
-0.0194558
0.0180058
0.0337518
-0.0158570
-0.0275495
-0.0368948
-0.0399936
0.0210458
-0.0245383
0.0014353
0.0219737
-0.0004035
0.0093962
-0.0247512
-0.0224546
0.0110311
-0.0274743
0.0139805
-0.0042177
0.0035230
-0.0067417
0.0272242
0.0313011
-0.0179422
-0.0084047
-0.0366978
0.0076118
0.0346740
0.0128713
-0.0164015
0.0342767
-0.0006727
-0.0245144
0.0105866
-0.0283239
0.0254329
-0.0384363
-0.0165202
-0.0367890
0.0165104
0.0020249
-0.0003843
-0.0288806
-0.0155775
-0.0055684
0.0124441
0.0325206
0.0252758
0.0335813
-0.0327392
-0.0173711
-0.0180470
-0.0271349
-0.0096402
0.0094042
0.0239228
-0.0188152
0.0181481
-0.0157377
-0.0176772
0.0191191
-0.0196822
0.0173057
-0.0354022
-0.0251872
-0.0062942
-0.0346053
-0.0264625
-0.0042365
-0.0204990
0.0396275
-0.0304390
0.0099764
0.0394748
0.0160301
0.0379829
0.0291626
-0.0061527
0.0421488
0.0078545
-0.0268136
0.0077463
-0.0458700
0.0042828
-0.0321510
0.0291436
-0.0339931
0.0082792
0.0390371
0.0234718
0.0491207
0.0600078
0.0569984
0.0140428
0.0309348
-0.0087950
-0.0187030
-0.0174712
-0.0312513
-0.0907454
-0.0524660
-0.0738953
-0.0090179
-0.0014548
0.0765470
0.1724499
0.2627255
0.2594805
0.1219881
-0.1206768
-0.3627669
-0.3968365
-0.2590743
-0.0436576
0.1576646
0.1998040
0.1806515
0.0833416
0.1120303
0.0526060
-0.0295592
-0.0713797
-0.0769264
-0.0903815
-0.0617942
-0.0501968
-0.0476621
0.0033942
-0.0060590
0.0148182
0.0113729
0.0357690
0.0041275
0.0392085
0.0387709
-0.0237133
0.0179251
-0.0254710
-0.0119505
-0.0315045
-0.0022193
-0.0096183
0.0069519
0.0176193
0.0049882
-0.0208796
-0.0152908
0.0123426
0.0155803
0.0272901
0.0460799
0.0074901
0.0256991
-0.0156400
0.0079950
0.0026541
0.0220196
-0.0172830
0.0256090
0.0005149
0.0122438
0.0133101
-0.0035172
-0.0195358
0.0141453
0.0102150
0.0181427
0.0247624
-0.0289884
0.0299116
0.0303599
0.0081650
-0.0019166
0.0033243
-0.0179142
-0.0107488
0.0038534
-0.0100401
-0.0111878
0.0169473
-0.0275425
-0.0397924
0.0260578
-0.0126236
-0.0148170
-0.0140541
0.0221750
0.0026425
-0.0124402
0.0125286
-0.0290884
-0.0080676
-0.0302687
-0.0135700
0.0105926
0.0259154
-0.0291523
0.0271432
0.0141404
-0.0163020
-0.0252987
-0.0195506
0.0363142
-0.0073029
0.0241602
0.0253877
0.0087241
-0.0239589
0.0109869
-0.0083505
-0.0268712
0.0311930
-0.0114714
0.0292557
-0.0317864
0.0261501
-0.0305515
-0.0000281
0.0284887
0.0265898
0.0262519
0.0224822
0.0066935
-0.0181179
-0.0038885
0.0305460
0.0160688
-0.0235308
-0.0004403
-0.0158120
-0.0180059
-0.0209652
0.0133793
0.0082966
-0.0212876
0.0176903
-0.0388594
-0.0227267
0.0145606
-0.0196691
-0.0161162
0.0227104
-0.0085374
0.0251108
0.0099416
-0.0196685
0.0219717
0.0230894
0.0462193
0.0054873
-0.0176604
-0.0291700
-0.0214666
-0.0178740
0.0059830
-0.0347082
-0.0316263
-0.0124261
-0.0214253
0.0092852
0.0284804
0.0412067
0.0023887
0.0493698
0.0598479
0.0146497
-0.0017194
-0.0150126
-0.0451776
-0.0730668
-0.0401547
-0.0803826
-0.0933823
-0.0573106
0.0046303
0.0823541
0.0969931
0.2148985
0.2305890
0.1811902
0.0315705
-0.2307515
-0.3787752
-0.3452406
-0.1397939
0.0777290
0.1934879
0.1947598
0.1053365
0.0884776
0.0343593
0.0519792
0.0120524
-0.0392600
-0.0838987
-0.0372985
-0.0299016
-0.0586483
0.0001759
-0.0266987
-0.0259583
0.0304215
0.0469186
0.0499152
0.0265352
0.0364282
0.0235641
-0.0067773
-0.0272924
-0.0155820
0.0282306
0.0201252
-0.0301704
-0.0026901
-0.0368381
0.0109776
-0.0138459
0.0049441
0.0072535
0.0127671
0.0164693
0.0227051
0.0254581
-0.0153756
-0.0161077
-0.0200815
0.0154614
-0.0195230
0.0051669
-0.0314162
-0.0391411
-0.0337870
-0.0158044
0.0025176
-0.0262591
0.0091592
-0.0076808
0.0200974
0.0191874
-0.0130450
-0.0175660
-0.0268358
-0.0244482
-0.0096171
-0.0187952
-0.0296290
0.0282675
-0.0252119
0.0001701
-0.0347339
-0.0318936
-0.0196026
0.0236713
-0.0356639
-0.0058898
-0.0011329
0.0052121
0.0110098
-0.0062581
-0.0085349
0.0300954
0.0106903
-0.0329792
-0.0124193
0.0000360
0.0178370
0.0137334
0.0015492
-0.0219473
0.0245761
-0.0195051
-0.0008170
0.0030721
-0.0127240
-0.0072769
0.0238834
-0.0208007
-0.0258185
-0.0025247
-0.0047653
0.0256690
0.0071298
0.0349559
-0.0092419
0.0298627
0.0201136
-0.0049529
-0.0006560
-0.0225708
-0.0017662
-0.0342076
0.0200117
-0.0016945
-0.0241005
-0.0020482
0.0264045
-0.0348402
0.0284964
0.0255574
-0.0278720
0.0128242
-0.0215931
0.0045489
0.0291219
-0.0270031
-0.0344770
-0.0211312
-0.0317692
0.0268119
0.0143052
0.0235706
-0.0045572
-0.0040601
-0.0162882
0.0257611
0.0062605
0.0007938
0.0369968
0.0227786
0.0219200
0.0212417
-0.0031331
0.0052385
0.0216796
0.0084542
0.0038734
-0.0253001
0.0111693
0.0144326
0.0255995
0.0036725
-0.0148709
0.0007623
0.0025662
0.0368360
0.0604870
0.0253650
0.0300174
-0.0139589
-0.0527164
-0.0760546
-0.0664109
-0.1257218
-0.0916020
-0.0439916
0.0155705
0.0576692
0.0564483
0.1353860
0.2603094
0.2427989
0.0615956
-0.1753494
-0.3847925
-0.3753681
-0.1995356
0.0716041
0.1371604
0.1642995
0.1116705
0.1027982
0.0768659
0.0563887
0.0071588
-0.0362805
-0.0721008
-0.0761145
-0.0134059
-0.0585736
0.0047025
-0.0480191
0.0249890
0.0329079
-0.0026395
0.0141127
0.0249121
0.0226015
-0.0093284
-0.0120091
-0.0293939
0.0130851
0.0053400
-0.0110226
-0.0472616
0.0157985
-0.0127187
0.0109163
0.0252916
0.0378373
0.0312567
0.0056344
0.0093522
0.0061674
-0.0148943
0.0075754
0.0095298
0.0206006
-0.0277964
0.0216580
0.0146348
-0.0179807
-0.0308096
-0.0333230
-0.0031270
-0.0334221
0.0176565
0.0182337
-0.0015407
0.0260770
0.0153966
0.0027574
-0.0162486
-0.0321822
0.0034890
0.0059029
0.0266888
0.0149642
0.0125393
0.0283402
0.0264813
0.0326118
-0.0167252
0.0193920
0.0065436
-0.0406124
-0.0393244
-0.0060981
-0.0028743
0.0324476
0.0350281
-0.0294661
0.0152585
-0.0132402
-0.0005962
0.0162812
0.0283980
-0.0165629
-0.0027704
-0.0305307
0.0377166
-0.0026416
-0.0026986
0.0240245
0.0176877
-0.0015256
-0.0212091
0.0097199
0.0293901
-0.0269371
0.0100210
-0.0001824
0.0319492
-0.0017169
0.0056234
0.0287436
0.0314469
0.0090700
-0.0054498
-0.0037799
-0.0254685
0.0065711
-0.0119751
-0.0231386
-0.0334875
-0.0044126
0.0345980
-0.0013068
-0.0063750
-0.0152784
0.0261219
-0.0224634
-0.0312012
0.0004040
-0.0302180
-0.0193364
0.0241636
-0.0131801
0.0119758
-0.0308673
-0.0300594
0.0012273
-0.0260368
-0.0172008
-0.0389547
-0.0279617
0.0143891
0.0255749
0.0201522
0.0182487
0.0263373
0.0100161
0.0148268
-0.0217034
0.0093806
-0.0164146
-0.0500908
-0.0193128
0.0117298
-0.0294772
-0.0352946
0.0338749
0.0195611
0.0347608
0.0439304
0.0119220
0.0655823
0.0409987
0.0369139
-0.0048275
-0.0258566
-0.0366966
-0.0741907
-0.0938604
-0.1159224
-0.0351577
0.0268785
0.0567787
0.0366719
0.1094558
0.2574451
0.2706358
0.1331954
-0.1135281
-0.3464018
-0.3606710
-0.2398453
0.0046109
0.1595686
0.1795820
0.0877832
0.1102668
0.0634786
0.0230362
-0.0238474
-0.0537543
-0.0194402
-0.0473664
-0.0692060
-0.0205631
-0.0151055
-0.0257808
-0.0134716
0.0319248
0.0319401
0.0361011
0.0489225
-0.0043786
0.0237879
-0.0028822
-0.0227630
-0.0115997
-0.0074925
-0.0363444
-0.0283230
-0.0226867
0.0172612
-0.0302084
-0.0193818
0.0113294
-0.0008171
-0.0136201
0.0297776
0.0320797
-0.0277282
-0.0064743
0.0279207
0.0225988
-0.0202095
-0.0075122
0.0319705
0.0003218
0.0250746
-0.0220802
-0.0160732
-0.0254701
0.0279979
-0.0177130
-0.0212269
-0.0273415
-0.0164669
-0.0381067
-0.0396264
0.0231868
0.0203789
0.0171492
-0.0211965
-0.0241101
-0.0280175
0.0279202
-0.0330682
-0.0128114
-0.0385316
-0.0323956
0.0055007
0.0176872
-0.0199738
0.0222181
0.0016316
-0.0050715
-0.0184182
0.0167944
-0.0340011
-0.0167153
0.0067459
-0.0229502
0.0318026
-0.0342220
-0.0153817
0.0107950
0.0316210
0.0280548
0.0156232
-0.0332735
0.0127951
0.0072390
0.0153947
0.0261103
-0.0347443
-0.0242313
-0.0220987
-0.0270636
-0.0161749
-0.0093877
0.0101135
0.0127382
0.0010099
0.0307932
0.0294538
0.0054241
0.0160311
-0.0205385
0.0066070
-0.0050636
-0.0072806
0.0040769
-0.0321572
-0.0218132
-0.0331573
-0.0021244
0.0369648
0.0265124
-0.0150773
0.0176682
0.0067616
0.0046572
0.0308695
-0.0173946
0.0099167
-0.0232934
-0.0076032
0.0038945
0.0190904
-0.0014380
-0.0090628
0.0010439
-0.0220005
0.0192036
0.0473605
0.0443971
-0.0001810
0.0010955
0.0105703
-0.0308112
-0.0065957
-0.0395784
-0.0193757
-0.0196422
-0.0300100
-0.0282359
-0.0270199
-0.0175383
0.0260866
0.0423208
0.0055692
0.0463398
0.0516026
0.0192000
0.0186661
0.0037945
0.0054953
-0.0095904
-0.0655745
-0.0467162
-0.0756217
-0.0472923
-0.0146134
0.0173625
0.0885627
0.1054122
0.1873415
0.2439710
0.1250634
-0.0358863
-0.2117423
-0.3849520
-0.3098997
-0.0716864
0.0912373
0.1663759
0.1629318
0.1318403
0.0938782
0.0624275
-0.0093260
-0.0162349
-0.0612238
-0.0751084
-0.0678945
-0.0737680
-0.0102266
-0.0261966
0.0210464
0.0000414
-0.0048767
0.0493552
0.0442837
-0.0042799
0.0477740
0.0128958
0.0257843
0.0352859
-0.0142340
-0.0339670
-0.0279223
0.0121517
0.0002826
-0.0047710
-0.0202125
-0.0117115
0.0104611
0.0351559
0.0258285
0.0272770
0.0106760
-0.0196997
0.0318986
0.0347907
0.0027539
0.0198300
-0.0142871
0.0158865
0.0083055
-0.0310440
0.0263511
0.0204537
-0.0049437
-0.0314702
-0.0027602
0.0337455
0.0277176
-0.0171620
0.0301770
-0.0319203
-0.0003707
0.0311374
0.0189587
-0.0132775
0.0007793
-0.0059670
-0.0175582
-0.0109919
0.0265797
0.0090076
0.0270718
-0.0119489
-0.0086550
-0.0195120
0.0372157
0.0312987
0.0230050
0.0301361
-0.0234663
0.0239464
0.0013237
-0.0327194
0.0257228
-0.0150480
0.0393779
-0.0160735
-0.0153367
0.0277215
-0.0150567
0.0152449
-0.0124205
0.0190448
-0.0185522
0.0331577
0.0267733
0.0056789
-0.0293547
-0.0066183
-0.0306806
-0.0313629
0.0225709
0.0054045
0.0278243
0.0145705
0.0293636
-0.0100998
0.0141883
-0.0242548
-0.0156913
-0.0297509
-0.0260542
