0.0091311
-0.0292143
-0.0113472
-0.0367701
-0.0180618
-0.0180647
-0.0053137
0.0431243
-0.0087358
0.0327763
0.0513409
0.0445221
0.0536026
0.0368453
0.0129003
-0.0359882
-0.0534515
-0.0457408
-0.0528748
-0.0940875
-0.0894460
-0.1004760
-0.0392018
0.0668584
0.1279119
0.1578460
0.2212924
0.2605928
0.1390482
-0.1163523
-0.3659752
-0.4379983
-0.2937239
-0.0533116
0.1576885
0.1814629
0.1752370
0.1160722
0.0837377
0.0606335
0.0276583
-0.0347797
-0.0721757
-0.0324028
-0.0330968
-0.0427410
-0.0288028
-0.0205930
0.0353573
0.0335748
-0.0049605
0.0026498
0.0283964
0.0447327
0.0000125
0.0366843
0.0097664
0.0265136
-0.0316996
-0.0077259
-0.0517502
0.0127403
0.0237948
-0.0372337
0.0062816
-0.0136772
0.0303011
0.0217915
0.0057772
0.0132090
0.0367353
0.0247956
-0.0230306
-0.0133459
-0.0202175
-0.0400000
0.0298402
0.0102843
-0.0305895
0.0252113
-0.0303336
0.0083271
-0.0367630
-0.0094509
0.0261744
-0.0033805
0.0019736
0.0013365
-0.0040290
-0.0223999
0.0321777
0.0043926
-0.0279733
0.0075048
-0.0182238
0.0290727
-0.0270262
0.0201106
0.0113856
-0.0221607
-0.0216400
-0.0038895
-0.0082779
0.0049808
0.0258318
-0.0128018
0.0307226
0.0016351
0.0011563
-0.0240848
0.0375638
0.0318247
-0.0328516
0.0078997
0.0030761
0.0220778
-0.0136282
0.0112125
-0.0210367
0.0134858
-0.0316173
0.0334481
0.0013135
0.0253033
-0.0238524
-0.0378654
-0.0129355
0.0045521
0.0290113
-0.0224899
-0.0249444
0.0234169
-0.0239888
-0.0045723
0.0189147
0.0115909
-0.0249371
0.0158017
0.0234563
0.0366828
-0.0277955
0.0268868
-0.0187244
-0.0002567
-0.0124140
0.0110735
0.0259587
0.0117759
-0.0319223
-0.0149589
-0.0241986
-0.0183489
-0.0241711
0.0168940
-0.0169726
-0.0336571
-0.0339362
0.0230834
-0.0144941
-0.0244776
-0.0092634
-0.0030687
0.0291334
0.0077215
0.0111708
0.0122000
0.0377465
-0.0141084
0.0176882
0.0282215
0.0346783
0.0022604
0.0129156
-0.0432379
-0.0355646
-0.0016803
-0.0115136
-0.0068189
-0.0163579
0.0089015
0.0474582
0.0399160
0.0633525
0.0476563
0.0547475
0.0224755
-0.0002249
-0.0131801
-0.0234529
-0.0459145
-0.0632601
-0.0928388
-0.1031742
-0.0432724
0.0273281
0.0797028
0.1078084
0.1850073
0.2726251
0.1685230
-0.0406582
-0.3008394
-0.3640242
-0.3205155
-0.0913684
0.0761110
0.1697811
0.1459997
0.1387926
0.0953582
0.0513426
0.0418040
-0.0047770
-0.0408389
-0.0899272
-0.0299197
-0.0219860
-0.0284483
-0.0061212
-0.0386675
0.0028339
-0.0149025
0.0513768
-0.0134524
0.0327128
0.0036028
0.0380106
0.0021760
0.0106671
0.0265125
-0.0467054
-0.0246654
-0.0350580
0.0036451
0.0264167
-0.0316129
-0.0093178
0.0291764
0.0416499
0.0099842
-0.0226924
-0.0171111
0.0282979
-0.0097389
0.0312860
0.0324870
0.0056427
0.0046207
-0.0243509
-0.0283311
0.0176455
0.0312543
0.0174211
0.0111988
0.0250727
0.0018806
0.0045231
-0.0045040
-0.0069711
-0.0135442
-0.0349697
0.0054247
-0.0129415
-0.0071894
-0.0039534
0.0473829
0.0226285
0.0151635
-0.0294747
0.0313963
0.0061701
0.0044094
0.0011811
0.0204241
0.0126922
0.0294656
0.0385560
0.0427364
-0.0001234
-0.0176133
-0.0118195
0.0072208
-0.0063724
-0.0075403
0.0070172
-0.0251897
-0.0037439
0.0222322
-0.0076204
-0.0283592
-0.0181087
-0.0157230
-0.0112281
0.0272959
0.0317509
0.0112174
0.0034333
-0.0077329
-0.0050875
-0.0059986
-0.0113835
-0.0210585
0.0080528
-0.0249878
-0.0226224
0.0288510
-0.0132039
0.0178514
0.0244661
0.0024711
0.0291434
0.0236011
0.0273770
0.0028775
-0.0077986
-0.0201182
-0.0139094
-0.0234220
0.0156235
-0.0023187
-0.0235409
-0.0116084
-0.0128825
-0.0294350
0.0173374
-0.0064755
0.0119032
0.0100281
-0.0218930
0.0087698
0.0059598
0.0152583
-0.0058730
-0.0138313
-0.0086027
0.0217656
-0.0234035
0.0287763
0.0421944
0.0010572
0.0305563
0.0141357
0.0082933
-0.0235583
-0.0137437
-0.0182020
-0.0017037
0.0247790
0.0322762
-0.0266299
-0.0243367
0.0234839
0.0410286
0.0549620
0.0293180
-0.0006271
0.0356045
-0.0068303
-0.0095331
-0.0467925
-0.0907724
-0.1282197
-0.1207579
-0.0820073
0.0298678
0.0557834
0.0591384
0.1801034
0.2532029
0.2322152
0.1264494
-0.1524993
-0.3602681
-0.3426599
-0.2016931
-0.0016979
0.1600786
0.2052724
0.1526040
0.1058307
0.0397831
0.0635722
0.0180822
-0.0077631
-0.0634042
-0.0528929
-0.0566088
-0.0170246
-0.0584676
-0.0199922
-0.0198194
-0.0160413
0.0277658
0.0490176
0.0222756
0.0285808
0.0006423
0.0089354
0.0072774
0.0098072
0.0099320
0.0092526
-0.0091848
-0.0401544
-0.0338793
-0.0256269
0.0171315
0.0307349
-0.0016057
-0.0126534
-0.0298991
0.0207158
0.0359329
0.0292883
-0.0076076
0.0350915
-0.0315629
-0.0054110
0.0143172
0.0054192
-0.0282501
-0.0330561
-0.0287480
0.0174664
0.0015870
-0.0171786
0.0169106
0.0410826
-0.0118171
-0.0262992
0.0293219
-0.0141404
0.0307525
0.0268637
-0.0287586
-0.0039060
0.0209952
-0.0222783
0.0150370
0.0229673
-0.0050053
-0.0267954
-0.0228371
-0.0245335
0.0194876
-0.0283378
-0.0081842
0.0250228
0.0153437
-0.0158158
-0.0180153
0.0178137
0.0179078
-0.0129136
-0.0177435
-0.0128831
-0.0083976
-0.0088214
0.0109359
0.0028191
-0.0352687
0.0033868
-0.0261474
0.0147687
-0.0258808
0.0263824
-0.0191710
-0.0040971
0.0321454
0.0007174
0.0258955
-0.0222457
0.0339380
0.0044366
0.0220601
0.0227763
-0.0106459
0.0282022
0.0115986
0.0037424
0.0100256
0.0294443
-0.0012198
0.0069906
0.0238283
0.0209371
-0.0233865
-0.0005133
-0.0295438
-0.0270730
0.0205469
0.0052568
-0.0017381
0.0221140
0.0114672
-0.0182706
-0.0243160
0.0250266
-0.0258867
0.0123032
0.0292698
-0.0380260
0.0018843
-0.0406343
0.0182312
0.0196019
0.0302553
-0.0194454
0.0236960
0.0010054
0.0173720
0.0033352
0.0116177
-0.0125331
-0.0393919
-0.0157991
0.0114363
-0.0352244
-0.0028022
-0.0351229
-0.0124954
0.0314123
0.0012949
0.0365732
0.0511897
0.0524108
0.0087032
-0.0233511
-0.0427919
-0.0667873
-0.0825377
-0.1115354
-0.0926821
-0.0678890
-0.0119425
-0.0201800
0.0755288
0.1440060
0.2212907
0.2938291
0.2171442
-0.0203764
-0.2566352
-0.3939634
-0.2810638
-0.0941135
0.0990116
0.1416714
0.1296360
0.1077196
0.0381063
0.0610102
0.0585813
-0.0258206
-0.0203681
-0.0323727
-0.0090648
-0.0723523
-0.0528379
-0.0056513
0.0120473
-0.0030724
0.0038096
0.0363425
0.0569088
0.0545483
0.0168593
-0.0129721
0.0330905
-0.0281369
0.0000451
-0.0180985
-0.0346389
-0.0057213
-0.0365766
0.0108319
-0.0217106
-0.0309032
-0.0204148
0.0377238
0.0419063
-0.0209652
0.0242855
0.0076462
0.0092798
0.0277071
0.0309392
-0.0229925
0.0078153
-0.0145233
-0.0263246
0.0268642
0.0027839
-0.0115241
-0.0006593
0.0286698
0.0172460
-0.0040193
0.0192232
-0.0010287
-0.0074493
0.0146731
-0.0058911
0.0000602
0.0060986
0.0117602
0.0245772
-0.0310962
0.0034679
-0.0232294
-0.0051812
-0.0358641
0.0129054
0.0159550
0.0023767
0.0247690
0.0232332
0.0244060
0.0285344
-0.0003104
0.0076806
-0.0197527
0.0041451
0.0175172
-0.0360455
-0.0227746
0.0190334
0.0165346
-0.0230472
-0.0163527
-0.0007060
-0.0293633
0.0252426
0.0057348
0.0239895
0.0353662
-0.0247968
0.0200910
0.0010012
0.0043006
0.0053371
0.0108611
0.0275952
0.0212184
0.0312839
0.0150525
-0.0219064
-0.0180943
-0.0233492
-0.0281560
0.0222512
-0.0313968
-0.0021791
-0.0312360
0.0042367
0.0102806
-0.0354602
0.0144886
0.0112801
-0.0185402
-0.0120039
-0.0135183
0.0157874
-0.0307573
-0.0029562
-0.0058158
0.0204470
-0.0340081
0.0177163
0.0072130
0.0241361
-0.0086010
-0.0303101
-0.0075400
0.0086817
-0.0223812
0.0234535
0.0014047
0.0287678
-0.0303268
0.0034153
0.0250253
-0.0118206
-0.0103577
0.0155601
-0.0035426
0.0099765
-0.0001548
0.0185235
-0.0180899
0.0245140
-0.0051603
0.0518205
0.0326350
0.0624851
0.0658739
-0.0011910
0.0152542
0.0135502
0.0078404
-0.0329150
-0.0635338
-0.0521827
-0.0836620
-0.0559191
-0.0501740
0.0292294
0.1062112
0.1665457
0.1997122
0.2487546
0.1393041
-0.0893129
-0.3101715
-0.3799081
-0.2266007
-0.0063523
0.1237005
0.1792859
0.1441800
0.1129076
0.0905459
0.0646836
0.0083270
-0.0088798
-0.0304943
-0.0451794
-0.0344366
-0.0128204
-0.0436420
-0.0234348
0.0214797
0.0090791
0.0509122
-0.0186514
-0.0014597
-0.0104677
-0.0022128
-0.0098980
0.0164325
0.0268933
-0.0370596
-0.0093708
-0.0497047
0.0048398
0.0260982
-0.0062846
-0.0225062
-0.0041852
-0.0317503
0.0199320
0.0369123
0.0149949
0.0279896
-0.0323236
-0.0133998
0.0019628
0.0332279
0.0249974
-0.0199389
0.0257155
-0.0367263
-0.0027130
0.0250556
0.0110161
0.0262647
0.0132115
-0.0030258
-0.0160432
-0.0245656
0.0082772
-0.0058211
-0.0335567
0.0147193
-0.0134110
-0.0204512
-0.0037435
-0.0227770
0.0032906
-0.0184665
-0.0187531
-0.0377085
-0.0360069
-0.0188597
0.0245329
0.0288629
-0.0014455
0.0205513
0.0248793
-0.0025305
0.0180754
-0.0062555
-0.0264273
-0.0050404
-0.0197522
-0.0091929
0.0145453
0.0082916
-0.0352140
0.0019493
0.0113005
0.0277356
-0.0101582
-0.0144851
-0.0049012
-0.0288613
-0.0328183
0.0264887
-0.0189380
0.0167285
0.0335103
-0.0072935
0.0365716
-0.0217560
-0.0176090
0.0022742
0.0029297
-0.0275309
-0.0076175
0.0047328
-0.0191700
0.0243869
0.0136050
-0.0201808
0.0310809
0.0195478
0.0278952
0.0304808
0.0281767
0.0173286
-0.0219668
0.0205077
0.0018725
-0.0139188
-0.0352038
0.0339454
-0.0314440
-0.0113146
0.0213217
-0.0345356
-0.0038509
-0.0158583
0.0220915
0.0287455
-0.0195264
-0.0158842
0.0120976
0.0102045
0.0292637
0.0152566
-0.0071073
0.0203447
-0.0167030
0.0179570
-0.0418438
-0.0274406
-0.0422990
-0.0212095
0.0051855
-0.0507419
0.0150172
0.0297372
0.0200974
0.0055405
0.0137359
0.0326577
0.0250337
0.0524999
0.0373294
0.0184713
-0.0266033
-0.0715873
-0.0414307
-0.1064574
-0.0933574
-0.1052350
-0.0300697
0.0134876
0.0757535
0.1754748
0.2687820
0.2678339
0.1554315
-0.0941938
-0.3758455
-0.4260013
-0.2672094
-0.0681373
0.1664065
0.1886938
0.1951981
0.1241842
0.1194412
0.0764025
-0.0185679
0.0000695
-0.0552909
-0.0414398
-0.0800266
-0.0436762
-0.0199333
-0.0482803
-0.0139076
-0.0021096
0.0130863
0.0600535
0.0237082
0.0535681
0.0386049
-0.0178057
0.0308731
0.0049463
-0.0187919
0.0068837
-0.0257345
-0.0404373
-0.0224777
0.0005991
0.0041408
0.0292132
-0.0163127
-0.0087793
0.0440070
0.0065632
-0.0190191
0.0003029
0.0163702
-0.0249702
0.0118729
-0.0382919
0.0258750
0.0245984
-0.0037547
0.0224046
0.0033801
0.0183684
-0.0229745
-0.0058545
0.0215949
-0.0082011
0.0069129
0.0114185
0.0369844
-0.0363878
0.0307499
0.0088567
-0.0194558
0.0180058
0.0337518
-0.0158570
-0.0275495
-0.0368948
-0.0399936
0.0210458
-0.0245383
0.0014353
0.0219737
-0.0004035
0.0093962
-0.0247512
-0.0224546
0.0110311
-0.0274743
0.0139805
-0.0042177
0.0035230
-0.0067417
0.0272242
0.0313011
-0.0179422
-0.0084047
-0.0366978
0.0076118
0.0346740
0.0128713
-0.0164015
0.0342767
-0.0006727
-0.0245144
0.0105866
-0.0283239
0.0254329
-0.0384363
-0.0165202
-0.0367890
0.0165104
0.0020249
-0.0003843
-0.0288806
-0.0155775
-0.0055684
0.0124441
0.0325206
0.0252758
0.0335813
-0.0327392
-0.0173711
-0.0180470
-0.0271349
-0.0096402
0.0094042
0.0239228
-0.0188152
0.0181481
-0.0157377
-0.0176772
0.0191191
-0.0196822
0.0173057
-0.0354022
-0.0251872
-0.0062942
-0.0346053
-0.0264625
-0.0042365
-0.0204990
0.0396275
-0.0304390
0.0099764
0.0394748
0.0160301
0.0379829
0.0291626
-0.0061527
0.0421488
0.0078545
-0.0268136
0.0077463
-0.0458700
0.0042828
-0.0321510
0.0291436
-0.0339931
0.0082792
0.0390371
0.0234718
0.0491207
0.0600078
0.0569984
0.0140428
0.0309348
-0.0087950
-0.0187030
-0.0174712
-0.0312513
-0.0907454
-0.0524660
-0.0738953
-0.0090179
-0.0014548
0.0765470
0.1724499
0.2627255
0.2594805
0.1219881
-0.1206768
-0.3627669
-0.3968365
-0.2590743
-0.0436576
0.1576646
0.1998040
0.1806515
0.0833416
0.1120303
0.0526060
-0.0295592
-0.0713797
-0.0769264
-0.0903815
-0.0617942
-0.0501968
-0.0476621
0.0033942
-0.0060590
0.0148182
0.0113729
0.0357690
0.0041275
0.0392085
0.0387709
-0.0237133
0.0179251
-0.0254710
-0.0119505
-0.0315045
-0.0022193
-0.0096183
0.0069519
0.0176193
0.0049882
-0.0208796
-0.0152908
0.0123426
0.0155803
0.0272901
0.0460799
0.0074901
0.0256991
-0.0156400
0.0079950
0.0026541
0.0220196
-0.0172830
0.0256090
0.0005149
0.0122438
0.0133101
-0.0035172
-0.0195358
0.0141453
0.0102150
0.0181427
0.0247624
-0.0289884
0.0299116
0.0303599
0.0081650
-0.0019166
0.0033243
-0.0179142
-0.0107488
0.0038534
-0.0100401
-0.0111878
0.0169473
-0.0275425
-0.0397924
0.0260578
-0.0126236
-0.0148170
-0.0140541
0.0221750
0.0026425
-0.0124402
0.0125286
-0.0290884
-0.0080676
-0.0302687
-0.0135700
0.0105926
0.0259154
-0.0291523
0.0271432
0.0141404
-0.0163020
-0.0252987
-0.0195506
0.0363142
-0.0073029
0.0241602
0.0253877
0.0087241
-0.0239589
0.0109869
-0.0083505
-0.0268712
0.0311930
-0.0114714
0.0292557
-0.0317864
0.0261501
-0.0305515
-0.0000281
0.0284887
0.0265898
0.0262519
0.0224822
0.0066935
-0.0181179
-0.0038885
0.0305460
0.0160688
-0.0235308
-0.0004403
-0.0158120
-0.0180059
-0.0209652
0.0133793
0.0082966
-0.0212876
0.0176903
-0.0388594
-0.0227267
0.0145606
-0.0196691
-0.0161162
0.0227104
-0.0085374
0.0251108
0.0099416
-0.0196685
0.0219717
0.0230894
0.0462193
0.0054873
-0.0176604
-0.0291700
-0.0214666
-0.0178740
0.0059830
-0.0347082
-0.0316263
-0.0124261
-0.0214253
0.0092852
0.0284804
0.0412067
0.0023887
0.0493698
0.0598479
0.0146497
-0.0017194
-0.0150126
-0.0451776
-0.0730668
-0.0401547
-0.0803826
-0.0933823
-0.0573106
0.0046303
0.0823541
0.0969931
0.2148985
0.2305890
0.1811902
0.0315705
-0.2307515
-0.3787752
-0.3452406
-0.1397939
0.0777290
0.1934879
0.1947598
0.1053365
0.0884776
0.0343593
0.0519792
0.0120524
-0.0392600
-0.0838987
-0.0372985
-0.0299016
-0.0586483
0.0001759
-0.0266987
-0.0259583
0.0304215
0.0469186
0.0499152
