-0.0204894
0.0373555
-0.0281201
0.0231645
0.0162820
0.0307137
0.0248519
-0.0206326
-0.0458312
-0.0212729
-0.0003356
-0.0404097
-0.0496853
-0.0123963
-0.0310684
0.0119922
0.0545602
0.0666184
0.0613323
0.0056318
0.0160754
0.0361685
-0.0017605
0.0101420
-0.0390700
-0.0789415
-0.0887349
-0.0707607
-0.1172554
-0.0716233
-0.0299886
0.0789974
0.1466606
0.1832504
0.2555210
0.2256168
0.0711432
-0.2210697
-0.4210481
-0.3712486
-0.1694785
0.0512916
0.2066999
0.2244160
0.1657774
0.0865444
0.1062451
0.0135059
0.0016654
-0.0383543
-0.0480608
-0.0604720
-0.0449283
-0.0359902
-0.0487431
-0.0109041
-0.0341932
0.0360391
0.0140958
0.0655740
0.0071573
0.0453139
0.0099356
-0.0160145
-0.0209089
0.0253815
-0.0053858
-0.0192326
-0.0188356
-0.0411265
0.0117992
-0.0302755
0.0270861
0.0289149
-0.0249932
-0.0256399
0.0085797
-0.0210326
0.0153205
-0.0145163
0.0109411
0.0301000
0.0279401
-0.0239668
0.0070513
-0.0292190
-0.0061122
0.0155909
-0.0270976
-0.0058255
0.0292266
-0.0278480
-0.0008457
-0.0320585
0.0239948
0.0058528
0.0129321
0.0336500
-0.0063618
0.0186796
0.0303334
-0.0026642
0.0308102
-0.0211586
-0.0162756
-0.0265370
-0.0297149
0.0045675
-0.0013386
-0.0305491
-0.0101572
0.0270975
-0.0176488
0.0363818
-0.0041292
-0.0191892
0.0000564
0.0388386
0.0029228
0.0266503
-0.0084033
-0.0166494
-0.0127871
-0.0123860
0.0083249
-0.0083434
-0.0371231
-0.0189282
-0.0213717
0.0362204
0.0037416
-0.0144641
0.0079592
-0.0246803
-0.0209528
-0.0200961
0.0125194
0.0392161
0.0044498
0.0185468
0.0010457
-0.0237880
-0.0195700
-0.0169103
-0.0302906
0.0005869
0.0080340
-0.0174362
0.0260818
-0.0018488
0.0269009
0.0174879
0.0139117
-0.0034125
0.0065174
0.0156210
0.0367183
-0.0142377
0.0172668
0.0031493
-0.0233467
-0.0211519
0.0250897
-0.0100149
0.0251689
-0.0406903
-0.0266517
-0.0212148
-0.0200125
0.0040515
-0.0089179
0.0099119
-0.0221705
0.0219877
0.0165705
-0.0022489
-0.0004943
0.0043327
-0.0350886
-0.0403050
-0.0161145
-0.0302329
-0.0341910
0.0064925
-0.0369910
0.0212366
-0.0112178
-0.0203612
0.0020526
0.0033791
0.0175156
0.0516531
0.0106492
0.0389249
-0.0392676
-0.0403180
-0.0532403
-0.0654362
-0.1148912
-0.0645266
-0.0940512
-0.0040035
-0.0022565
0.0395739
0.0914078
0.1947085
0.2327230
0.1090463
-0.0849547
-0.3410657
-0.3716015
-0.2353930
-0.0472711
0.1372277
0.1755451
0.1729647
0.1036144
0.0883248
0.0125863
-0.0233963
-0.0298851
-0.0370272
-0.0618817
-0.0361279
-0.0514963
-0.0226532
0.0033577
0.0397395
0.0043094
0.0186302
0.0119902
0.0086754
-0.0022770
0.0007124
0.0374716
0.0360756
0.0127664
0.0149570
-0.0054174
0.0191077
-0.0270922
0.0036730
-0.0236089
-0.0303991
0.0275121
-0.0152647
0.0146596
-0.0035409
0.0390419
-0.0093602
-0.0145439
-0.0366859
-0.0085139
0.0043758
-0.0294056
-0.0214611
-0.0394920
0.0287017
0.0304979
0.0374680
-0.0285197
0.0300382
0.0299314
0.0102829
0.0086125
-0.0334498
-0.0049482
-0.0055825
0.0161046
0.0049665
-0.0293998
-0.0133600
-0.0157179
0.0165605
-0.0238213
-0.0162632
0.0133026
0.0285916
0.0314953
-0.0077063
-0.0074907
0.0280108
0.0255853
0.0104185
0.0191888
0.0028246
-0.0139686
0.0280490
-0.0291345
-0.0024835
-0.0370999
-0.0000558
-0.0308966
0.0318262
-0.0170522
0.0217528
-0.0308823
0.0275191
0.0351618
0.0121738
0.0049989
0.0134545
-0.0191996
-0.0194259
-0.0219372
0.0334932
-0.0219045
-0.0271180
0.0186199
0.0038572
0.0103858
-0.0337420
-0.0088035
-0.0149412
-0.0228583
0.0119730
0.0292779
0.0153897
0.0007084
0.0157131
0.0056708
0.0015239
0.0203990
0.0241522
0.0291733
-0.0337050
-0.0195914
-0.0095388
0.0078775
-0.0297312
-0.0268244
0.0195514
0.0224098
-0.0160987
-0.0283292
-0.0087275
-0.0428393
0.0201467
0.0182101
-0.0269441
-0.0247433
-0.0206454
-0.0308519
0.0311504
0.0407689
0.0503453
0.0225235
0.0100351
-0.0359205
0.0247863
-0.0116849
-0.0131429
-0.0371607
-0.0555191
0.0155309
-0.0081560
0.0085340
0.0421939
-0.0195607
0.0346309
0.0005385
0.0374516
0.0195299
0.0043501
0.0403488
0.0024139
-0.0490721
-0.0710470
-0.0956161
-0.0804541
-0.0933646
-0.0125761
-0.0250325
0.0094905
0.1158849
0.1672655
0.2909883
0.2148660
0.0481648
-0.2191261
-0.3794452
-0.3263705
-0.0869353
0.0681453
0.1416656
0.1175372
0.0852402
0.0808368
0.0192999
0.0467314
0.0203784
-0.0301568
-0.0178066
-0.0428806
-0.0371435
-0.0123212
-0.0215452
0.0153572
0.0105019
-0.0084279
0.0051387
0.0403982
0.0439177
0.0304732
0.0212421
0.0022811
-0.0081516
-0.0134213
0.0094354
-0.0336969
-0.0115688
-0.0343894
0.0195454
0.0237657
-0.0114231
0.0234759
0.0282678
0.0210466
-0.0278449
0.0325382
-0.0170465
0.0219173
-0.0321004
0.0221467
-0.0024959
0.0072222
0.0270686
0.0036348
0.0070506
-0.0126473
0.0111765
-0.0266781
-0.0254305
-0.0263251
0.0125179
0.0084393
0.0228099
0.0194839
-0.0100889
-0.0140399
0.0279129
0.0047605
-0.0296046
0.0251856
0.0306560
-0.0088625
-0.0036516
0.0170310
-0.0368789
-0.0294491
-0.0026984
-0.0093486
-0.0003625
0.0352014
-0.0125267
0.0162346
0.0744786
-0.0265643
-0.1453364
-0.2097824
-0.0573883
0.1230303
0.1805028
0.0988675
-0.0347095
-0.0846267
-0.0644816
-0.0224425
-0.0235505
-0.0612018
-0.0501268
-0.0086432
-0.0192827
-0.0209305
0.0123652
-0.0180103
0.0352295
-0.0000894
0.0328387
-0.0423221
0.0100322
-0.0360344
0.0284603
0.0033336
0.0313063
-0.0136060
-0.0012061
-0.0066124
0.0285475
0.0163346
0.0301531
-0.0213965
-0.0321169
0.0253383
0.0259895
0.0047945
0.0124349
0.0020216
0.0302336
0.0187944
0.0119672
-0.0217781
0.0132680
-0.0307255
-0.0098145
0.0050286
0.0113190
0.0020434
0.0264981
-0.0208511
-0.0270979
-0.0168213
-0.0140292
-0.0068093
0.0435652
0.0129497
0.0378610
0.0193418
-0.0236936
0.0135958
-0.0221968
-0.0230080
-0.0282555
0.0079079
-0.0508637
-0.0481299
-0.0042558
0.0418242
0.0192253
0.0421425
0.0428335
0.0054156
0.0432295
0.0591137
-0.0065836
-0.0207626
0.0090728
-0.0611422
-0.0730943
-0.0754549
-0.0907090
-0.0770465
0.0196960
0.0078457
0.0963637
0.1254378
0.2515791
0.2337692
0.0702813
-0.1241984
-0.3564075
-0.3436607
-0.1577776
0.0261551
0.1668896
0.1557904
0.1226265
0.1056106
0.0547098
0.0288874
-0.0199587
-0.0565381
-0.0639143
-0.0105732
-0.0169690
-0.0588024
-0.0457254
-0.0218413
-0.0310479
-0.0025287
0.0423143
0.0373955
-0.0106766
0.0111069
0.0345376
0.0357501
0.0226260
0.0067621
-0.0409390
0.0199629
-0.0251402
-0.0346995
0.0080364
-0.0318229
0.0046631
-0.0153660
-0.0006755
0.0325081
-0.0141411
0.0244395
0.0391585
-0.0199659
-0.0149698
0.0350380
0.0267228
0.0159100
0.0028918
-0.0096404
0.0107810
-0.0254574
-0.0228265
0.0011014
-0.0292551
-0.0187747
-0.0005659
-0.0301558
0.0285913
0.0063806
0.0087988
0.0019595
0.0256802
-0.0177816
-0.0195628
-0.0094608
-0.0329154
0.0124213
0.0037424
-0.0021925
0.0096442
-0.0168997
0.0192764
-0.0009216
0.0046734
0.0064974
-0.0131930
-0.0308587
-0.0120421
0.0198636
0.0011230
-0.0230853
-0.0012200
-0.0289495
0.0143435
0.0131845
-0.0192685
0.0267012
0.0247077
0.0245682
0.0321708
-0.0314847
-0.0385173
-0.0076993
0.0052104
-0.0083177
0.0292121
0.0290035
0.0174806
0.0227157
0.0333774
-0.0071764
0.0176974
-0.0352923
0.0199565
0.0176954
-0.0122090
-0.0286249
0.0043855
-0.0300274
0.0035860
-0.0232240
-0.0034199
-0.0404106
0.0050321
-0.0247872
0.0049898
0.0369865
-0.0200364
0.0076270
0.0017957
0.0082663
0.0064974
0.0298168
-0.0098668
-0.0199080
-0.0167926
-0.0404416
0.0180698
-0.0271488
-0.0173693
0.0295946
-0.0010649
-0.0064555
0.0088208
0.0274183
-0.0116091
-0.0177503
-0.0016854
0.0213927
0.0323339
-0.0310573
-0.0422466
-0.0222416
-0.0099133
-0.0362586
0.0005387
-0.0255750
0.0023710
-0.0208145
0.0336824
0.0394727
-0.0071495
0.0091423
0.0103844
0.0143665
0.0229187
0.0156161
0.0042208
-0.0245737
-0.0324764
-0.0539702
-0.1097162
-0.0863398
-0.0466174
-0.0091792
0.0264270
0.0532014
0.1193803
0.2572134
0.2483942
0.1067396
-0.1448033
-0.3421339
-0.3564739
-0.1643450
0.0169195
0.1681607
0.1417693
0.1192399
0.0483737
0.0440898
0.0431440
0.0255111
-0.0475114
-0.0679229
-0.0046263
-0.0188393
-0.0458684
-0.0189802
-0.0150153
-0.0113837
-0.0006958
-0.0161170
0.0285402
0.0152515
-0.0026203
0.0598294
-0.0106382
0.0186609
-0.0144901
-0.0187102
-0.0287282
-0.0384776
-0.0024965
0.0293746
-0.0251030
0.0307338
-0.0092926
0.0245082
0.0225546
0.0364241
-0.0090783
0.0292798
-0.0215691
0.0181238
0.0037809
0.0322637
0.0189431
-0.0155231
0.0141077
-0.0185574
-0.0123425
0.0317481
0.0203642
0.0231408
-0.0117225
-0.0188068
-0.0108866
-0.0357239
-0.0332201
0.0269215
-0.0188277
-0.0124262
0.0111379
0.0236698
-0.0186133
-0.0264919
0.0191947
0.0168197
0.0260322
-0.0333237
-0.0232582
0.0254310
-0.0138120
-0.0100151
0.0043015
0.0017644
0.0254786
0.0119663
-0.0257689
0.0182893
-0.0030658
-0.0301727
-0.0254827
-0.0268594
-0.0024462
-0.0034998
0.0211624
0.0297538
-0.0207819
0.0092402
-0.0192104
-0.0331505
0.0092745
-0.0286260
0.0140889
0.0176483
-0.0314896
0.0267691
-0.0202351
0.0157082
-0.0323585
0.0320982
-0.0318072
-0.0068598
0.0309860
-0.0235366
-0.0033239
0.0047516
0.0306188
0.0146871
-0.0257028
-0.0181931
-0.0213920
0.0201635
-0.0253495
0.0107787
-0.0255365
-0.0013874
-0.0278467
0.0027029
-0.0102748
0.0103545
0.0163849
0.0110578
0.0337875
-0.0221226
-0.0348008
-0.0084908
-0.0161062
-0.0291581
-0.0316559
-0.0203877
-0.0246554
0.0262722
-0.0243887
0.0332298
-0.0096370
-0.0222371
-0.0071330
-0.0012588
-0.0293808
0.0294976
-0.0312664
-0.0316784
-0.0092665
-0.0003315
-0.0326935
0.0024768
0.0037833
0.0270599
-0.0233851
0.0548526
0.0301061
0.0502083
0.0208411
0.0169284
0.0314772
-0.0297891
-0.0063282
-0.0119187
-0.0474766
-0.0570240
-0.1031665
-0.0649011
-0.0234460
0.0281263
0.1042687
0.1060982
0.1774522
0.1950206
0.1057270
-0.1139337
-0.3302760
-0.2991975
-0.1690506
0.0081625
0.1662283
0.1794920
0.1233495
0.0503249
0.0410505
0.0093175
-0.0145671
-0.0552779
-0.0212913
-0.0219013
-0.0613209
-0.0193272
-0.0447590
0.0000923
0.0236847
-0.0042565
0.0141168
0.0534431
0.0218010
-0.0172380
-0.0081775
0.0036024
-0.0253280
0.0074154
-0.0412809
0.0061483
-0.0447943
-0.0092806
-0.0301863
0.0054957
0.0288527
0.0263234
-0.0122983
0.0035459
0.0150508
0.0319581
-0.0001341
0.0361882
0.0029043
0.0110500
0.0254280
-0.0236561
0.0289341
-0.0286749
-0.0056459
0.0256342
0.0069095
-0.0192092
0.0228843
0.0383319
0.0221881
0.0219869
0.0037887
0.0283068
-0.0176213
-0.0118180
0.0072634
-0.0344836
-0.0315698
-0.0097686
-0.0116636
0.0252694
0.0030433
0.0012785
0.0203049
-0.0240991
0.0233077
-0.0200609
0.0348642
-0.0014089
-0.0231656
-0.0067410
0.0318244
0.0288144
-0.0131054
0.0077632
-0.0067590
-0.0014124
-0.0001757
0.0063837
-0.0194206
-0.0316207
0.0186221
-0.0353313
0.0053066
0.0288599
0.0174453
0.0247361
0.0206228
-0.0067889
-0.0188286
0.0095843
0.0151034
-0.0014708
0.0069302
0.0312198
0.0286247
-0.0256994
0.0256652
-0.0173011
-0.0186357
0.0154703
-0.0110858
-0.0012849
-0.0209596
0.0038134
-0.0231550
0.0096697
-0.0363344
-0.0256571
0.0280330
0.0148476
0.0313009
0.0269778
-0.0269955
0.0032165
0.0003790
-0.0156758
0.0425124
-0.0117143
-0.0128429
-0.0187734
0.0168253
-0.0051216
-0.0209069
-0.0094572
0.0050002
-0.0290532
0.0259242
-0.0122385
0.0385237
0.0016972
-0.0307232
0.0283274
0.0057203
0.0118304
0.0026482
-0.0110447
-0.0116268
-0.0174676
-0.0369858
-0.0089166
0.0169011
-0.0010016
-0.0340355
-0.0104683
0.0172630
0.0544864
0.0522312
0.0292629
0.0203876
0.0076095
-0.0019458
-0.0483879
-0.0587535
-0.0763618
-0.0967531
-0.1040651
-0.0359926
-0.0344593
0.0342512
0.0535915
0.1467836
0.1863083
0.2296815
0.1510468
-0.0199677
-0.2435306
-0.3359478
-0.2758641
-0.0503697
0.0734784
0.1499676
0.1711996
0.0826256
0.0550131
0.0167138
0.0420898
0.0009338
-0.0316434
-0.0879252
-0.0274580
-0.0575205
-0.0260483
-0.0087006
-0.0170017
-0.0123112
0.0295827
-0.0066726
0.0057559
0.0534573
0.0094740
0.0481796
0.0327549
-0.0107888
0.0166609
0.0086835
-0.0137590
-0.0230111
0.0020955
0.0036980
-0.0110331
0.0191241
-0.0117607
0.0240689
-0.0195281
-0.0141422
-0.0219882
-0.0104948
-0.0116694
0.0017115
-0.0071893
0.0260105
-0.0072760
0.0008163
0.0321762
0.0183457
0.0276279
-0.0112119
-0.0205022
-0.0255250
-0.0307199
-0.0064803
-0.0191430
0.0359258
-0.0214904
-0.0419215
0.0080968
0.0138924
0.0316121
0.0329461
-0.0043222
-0.0139640
0.0347137
0.0137322
0.0004839
0.0214629
0.0229735
-0.0105720
0.0195025
0.0184581
-0.0100359
0.0297547
0.0134725
0.0033096
0.0045914
0.0335304
-0.0177839
-0.0186211
-0.0206586
0.0182689
-0.0305237
0.0195844
-0.0206389
-0.0263853
0.0105651
-0.0149625
0.0273362
0.0371210
-0.0214874
0.0298107
0.0282676
-0.0002055
-0.0287557
0.0093809
-0.0302682
-0.0097181
-0.0245448
0.0116281
0.0272528
0.0263815
0.0168370
-0.0259576
-0.0397658
-0.0060998
-0.0325363
0.0166403
-0.0284563
0.0018170
0.0158346
-0.0303160
-0.0120244
-0.0324111
-0.0097099
-0.0308035
-0.0128880
0.0007656
0.0149675
-0.0180993
-0.0080461
-0.0059305
0.0192519
-0.0259899
-0.0180936
-0.0249927
0.0097304
0.0346764
-0.0276308
-0.0164414
-0.0173558
0.0154575
0.0053093
-0.0124748
0.0136939
0.0217441
0.0192367
0.0037192
0.0135700
0.0132804
0.0265447
0.0158290
-0.0275371
-0.0435871
0.0221483
-0.0064459
-0.0127626
-0.0271843
-0.0309882
0.0444971
0.0398953
0.0586076
0.0147820
0.0584643
-0.0038370
0.0353883
0.0022710
-0.0070953
-0.0540653
-0.0530236
-0.1209149
-0.0489916
-0.0057089
-0.0005037
0.0642892
0.1079497
0.2106488
0.2040192
0.1835622
0.0082278
-0.2164731
-0.3623528
-0.3119882
-0.1109700
0.0944255
0.1883255
0.1574578
0.1556117
0.1132512
0.0359691
-0.0130214
-0.0157300
-0.0176462
-0.0870960
-0.0553451
