-0.0065180
-0.0303483
-0.0725138
0.0176564
-0.0549430
0.0078806
-0.0276424
-0.0210949
0.0324100
0.0652270
-0.0085593
-0.0216310
0.0781653
-0.0029336
0.0277116
-0.0095962
-0.0109679
0.0048464
0.0126449
-0.0545772
-0.0780468
-0.0352855
0.0109226
0.0042626
-0.0261465
-0.0167652
0.0010254
0.0908005
0.0413808
0.1129984
0.0373153
0.0998183
0.0341892
-0.0330026
-0.0175617
-0.1062432
-0.1376763
-0.1561118
-0.2546078
-0.1441504
-0.0606670
0.1453801
0.2141143
0.3134690
0.3158643
0.1564622
0.0204982
-0.1686376
-0.3115553
-0.3629437
-0.1393947
-0.0909715
0.0267156
0.1062232
0.1104627
0.1432250
0.1126344
0.1235646
0.0108349
-0.0097964
-0.0506247
-0.0682102
-0.0871283
-0.0248617
-0.0911155
-0.0034982
-0.0660022
0.0410475
0.0309136
-0.0479182
0.0030709
-0.0071782
0.0178890
0.0637496
-0.0148131
-0.0226710
0.0088190
0.0490164
-0.0224885
0.0418707
-0.0306335
0.0182900
-0.0347465
-0.0498297
0.0071210
-0.0180727
-0.0707289
0.0234286
-0.0559773
-0.0247035
0.0115726
0.0309196
0.0231299
0.0808506
0.0697528
0.0778267
0.0126737
0.0266427
-0.0197014
-0.0407261
-0.0678499
-0.0851594
-0.1461563
-0.2573391
-0.1166456
-0.0415726
0.1528899
0.2478061
0.3082596
0.2933278
0.2009584
-0.0447739
-0.2274474
-0.3293516
-0.3179197
-0.1218814
-0.0712338
0.0085395
0.0770700
0.0484727
0.1265042
0.0485242
0.1072366
0.0694608
0.0086323
0.0152501
0.0165944
-0.0459858
-0.0163751
-0.0332124
-0.0038891
-0.0021678
0.0258988
0.0103095
-0.0133319
0.0222651
-0.0087469
0.0007672
0.0377144
0.0117854
0.0495741
0.0613697
0.0034836
0.0012864
-0.0311011
0.0535086
-0.0081395
-0.0656640
-0.0416431
-0.0582105
0.0045435
-0.0384189
-0.0334461
-0.0437622
-0.0278738
-0.0019110
0.0589786
0.0627296
0.0797399
0.0349744
0.0614394
0.0888200
0.0043936
-0.0210359
-0.0865189
-0.1823793
-0.2045625
-0.1897593
-0.1101525
-0.0475049
0.1135026
0.2242266
0.3067754
0.2811401
0.1630552
0.0485853
-0.1663110
-0.2848882
-0.3228951
-0.2330978
-0.0677342
0.0991861
0.0553987
0.0631445
0.0396951
0.0804012
0.0756076
0.0801657
-0.0154774
-0.0449408
-0.0605641
-0.0203007
-0.0268597
-0.0944451
-0.0289853
-0.0776045
-0.0033771
-0.0347112
-0.0562679
0.0066180
0.0408772
0.0160039
0.0587030
0.0595075
0.0010431
0.0477284
0.0681145
0.0519142
0.0131655
0.0061312
-0.0110981
0.0476629
0.0027697
-0.0461739
-0.0014171
-0.0452646
-0.0984408
-0.0804716
-0.0705619
-0.0486161
0.0680816
0.0907724
0.0292700
0.0589718
0.1045290
0.0344278
-0.0016564
0.0492615
0.0135209
-0.1167958
-0.1937567
-0.2688824
-0.2589691
-0.1667657
0.0087262
0.1385071
0.2170131
0.2673036
0.3258276
0.1888829
0.0128215
-0.2242422
-0.3228322
-0.3655232
-0.1605300
-0.0135739
0.0275578
0.0599351
0.0783134
0.1378579
0.0896316
0.1203941
0.0406189
-0.0084642
-0.0493423
-0.0488076
-0.0493072
-0.0274564
-0.0778513
-0.0831728
-0.0071351
0.0319162
0.0272147
-0.0172331
0.0566242
0.0173177
-0.0096615
0.0770746
0.0664060
0.0040827
0.0685268
-0.0310694
0.0005283
-0.0051409
-0.0139520
0.0546578
-0.0077015
-0.0474392
-0.0703730
-0.0420918
-0.0131946
-0.0119994
-0.0111799
-0.0705839
-0.0380307
-0.0170451
0.0524702
0.0873698
0.1080227
0.1329161
0.0909659
0.0717294
0.0245506
-0.0508007
-0.0971743
-0.1842648
-0.2657513
-0.2102186
-0.1840269
0.0641455
0.1281534
0.2665621
0.3289304
0.3000709
0.2954011
0.1324728
-0.1445573
-0.3409507
-0.3766616
-0.2728164
-0.0471212
0.0426325
0.1154555
0.1470136
0.1433564
0.1375437
0.1034253
0.0796183
0.0719288
0.0384573
-0.0719032
-0.0799946
-0.0251500
-0.0866973
-0.0507568
-0.0580519
0.0185723
0.0041557
0.0369825
-0.0017113
0.0636277
0.0528195
0.0263233
0.0539094
0.0550351
0.0450692
0.0408041
-0.0042488
0.0379429
-0.0265246
-0.0458871
0.0243375
-0.0646423
0.0057401
-0.0753458
0.0130539
-0.0551790
-0.0168065
0.0275704
0.0409861
-0.0173864
0.0703345
0.1084136
0.0710257
0.0778324
0.0721146
0.0695608
-0.0540948
-0.0562892
-0.1138925
-0.2560312
-0.2135186
-0.1753379
-0.0121762
0.1056408
0.1882239
0.2062438
0.2624631
0.2733037
0.1009491
-0.1170728
-0.2340702
-0.3809174
-0.2391822
-0.1279614
0.0847340
0.1400835
0.1257378
0.0406171
0.1352303
0.1267975
0.1011703
0.0392214
0.0329654
-0.0260469
0.0156831
-0.0195847
-0.0702925
0.0050695
0.0142044
0.0247328
-0.0219445
0.0117894
0.0243450
-0.0247120
0.0103810
-0.0106318
0.0148088
0.0262575
0.0064117
-0.0306097
0.0399088
0.0493742
0.0466744
0.0127040
0.0154805
-0.0492109
0.0149273
0.0074950
0.0102547
-0.0053356
-0.0869564
0.0113764
-0.0086786
-0.0114344
0.0123074
0.0785347
0.0691517
0.0867949
0.1040654
0.1106381
0.0397244
-0.0267293
-0.0167010
-0.0440158
-0.1662844
-0.2144040
-0.2443289
-0.0426146
0.0374339
0.1588555
0.2475068
0.2771156
0.2603937
0.1662699
0.0269360
-0.1767913
-0.2830256
-0.3656003
-0.2056042
-0.0798910
0.0742753
0.0884389
0.0946915
0.1088511
0.0803412
0.0952187
0.0864209
0.0109232
0.0012711
-0.0341636
-0.0247657
-0.0095509
-0.0783299
-0.0552617
-0.0506247
0.0334539
-0.0212972
0.0524429
0.0182790
0.0617014
0.0026957
0.0136737
0.0534676
0.0628607
-0.0222389
0.0083365
-0.0409034
0.0145834
0.0586486
0.0289639
-0.0265811
-0.0221916
0.0080082
-0.0665120
-0.0072652
-0.0356706
-0.0480687
-0.0122098
-0.0561851
-0.0102651
0.0844799
0.0630135
0.0327344
0.1044444
0.1090563
0.0534120
0.0554825
-0.0179853
-0.0869081
-0.1063355
-0.1890273
-0.2472949
-0.1283521
0.0066473
0.1635064
0.1762599
0.1842567
0.2843398
0.2162200
0.1484023
-0.0673136
-0.2320713
-0.3901030
-0.2704834
-0.1455431
0.0238019
0.0532278
0.0926154
0.1044565
0.1051751
0.1460615
0.0581048
0.0690149
-0.0141362
0.0119927
-0.0723099
-0.0326281
-0.0025570
-0.0893527
-0.0401463
-0.0266269
-0.0236850
-0.0363441
0.0594597
0.0162431
0.0255114
-0.0279386
0.0198872
0.0663045
-0.0217798
0.0577351
0.0423688
-0.0342537
-0.0303530
0.0035173
0.0058345
-0.0476672
-0.0069328
0.0171890
-0.0030716
-0.0358350
-0.0772982
-0.0291754
-0.0036350
0.0223750
0.0382236
0.0438304
0.0351143
0.0514379
0.1195991
0.1043907
-0.0079985
0.0238704
-0.0152998
-0.0983467
-0.2025599
-0.2263671
-0.1844117
-0.0770237
0.1122213
0.1491834
0.1781436
0.2349766
0.2911317
0.1704761
0.0067730
-0.2579042
-0.3190357
-0.3227461
-0.1155451
0.0648956
0.0385523
0.0856988
0.1298861
0.1038218
0.0676083
0.0996967
0.0253891
-0.0404557
0.0131975
-0.0474920
0.0018092
-0.0579922
-0.0344945
0.0198059
-0.0550662
-0.0563961
-0.0052001
-0.0267967
0.0364106
0.0168771
0.0239000
-0.0001759
-0.0340724
0.0022744
-0.0264620
0.0189585
0.0526791
0.0463443
0.0020482
0.0305965
0.0237822
0.0060907
-0.0212142
0.0220305
0.0114247
-0.0844865
-0.0339475
-0.0312782
-0.0221255
0.0594508
0.0345894
0.1090940
0.0961719
0.0938897
0.0730503
0.0150659
0.0326739
-0.0841175
-0.1125073
-0.1505508
-0.2229429
-0.1534591
-0.0339200
0.0897955
0.1182476
0.1811430
0.2418460
0.3036109
0.2281600
0.0146565
-0.1382693
-0.3013230
-0.3179432
-0.2456759
0.0022464
0.0444866
0.1207288
0.1023524
0.1165726
0.1246803
0.1340783
0.0640387
0.0386248
0.0181351
0.0044213
-0.0633316
-0.0108325
-0.0279560
-0.0692692
-0.0474376
-0.0376057
-0.0523636
0.0150296
0.0118482
0.0111958
0.0411232
-0.0051750
0.0139660
0.0038399
-0.0350346
0.0547291
0.0366237
0.0339772
0.0322601
-0.0376040
-0.0076788
-0.0540017
-0.0015352
0.0147721
0.0171871
-0.0162791
-0.0296821
0.0152991
-0.0016302
0.0178320
0.0562700
0.0962776
0.0900028
0.0751287
0.0512609
0.0746411
0.0237323
-0.0699617
-0.0601226
-0.2248493
-0.1681656
-0.1739496
-0.0055138
0.0720185
0.1679610
0.2030538
0.2779699
0.2884044
0.1558022
0.0060519
-0.1626029
-0.3411099
-0.2623591
-0.2172066
0.0287719
0.0275587
0.0611694
0.0961604
0.0752761
0.1090124
0.0758995
0.0116452
0.0074057
0.0234721
-0.0694082
-0.0005579
-0.0778677
-0.0615023
-0.0731033
-0.0163157
-0.0246035
-0.0243869
0.0432714
-0.0455472
0.0615606
-0.0115007
-0.0211304
-0.0282155
-0.0079017
0.0107004
-0.0053012
0.0448370
0.0385884
0.0221167
-0.0252232
0.0011394
-0.0069333
0.0038744
-0.0169048
0.0235467
-0.0275384
-0.0660233
-0.0067167
0.0326533
0.0225203
0.0066111
0.1016649
0.1174213
0.0655935
0.0578243
0.0519313
0.0577462
0.0113124
0.0127670
-0.0754607
-0.1892411
-0.2770817
-0.2126682
-0.0768719
0.1162495
0.2041383
0.2368176
0.2337292
0.2966108
0.1188386
0.0245599
-0.2285237
-0.3648499
-0.2663733
-0.0855037
0.0528816
0.1129600
0.0925748
0.0375972
0.1135261
0.0941386
0.0659083
0.0049635
0.0121063
-0.0259453
-0.0760904
0.0035077
-0.0444598
-0.0169700
-0.0486519
0.0313994
-0.0592496
0.0183412
0.0450490
-0.0300967
0.0642898
0.0275578
0.0032203
0.0296773
0.0368185
0.0520468
-0.0060898
-0.0084212
-0.0278450
-0.0064591
-0.0056471
-0.0484691
-0.0581827
0.0025257
-0.0313180
-0.0142057
-0.0293753
0.0164414
-0.0652517
-0.0448445
0.0121012
0.0614839
0.1040910
0.0547426
0.0727290
0.0632819
0.0082113
0.0058510
-0.0056997
-0.0263448
-0.1463531
-0.1542826
-0.1767572
-0.1317193
-0.0301565
0.1296338
0.2805370
0.2727141
0.2679013
0.1760970
0.0082683
-0.1619262
-0.2564562
-0.2694067
-0.1916622
-0.0738246
0.0329201
0.0714533
0.0907030
0.0913553
0.0859571
0.0631957
0.0942152
0.0359553
0.0007549
-0.0454860
-0.0227321
-0.0710505
-0.0147153
-0.0213638
-0.0182060
-0.0237724
0.0206988
-0.0543544
0.0386343
0.0682351
0.0416989
0.0078532
-0.0122484
0.0110992
0.0496002
-0.0332852
-0.0356178
0.0086191
0.0256151
-0.0225084
-0.0502206
0.0308167
-0.0583259
0.0048224
-0.0228000
-0.0712819
-0.0433251
-0.0649752
0.0399810
0.0373189
0.0512013
0.0472600
0.0740460
0.0563743
0.0380145
0.0350130
0.0417543
-0.0255919
-0.1198637
-0.0835749
-0.2384141
-0.1797512
-0.1852624
-0.0582462
0.1312429
0.2019918
0.3681363
0.2957889
0.1909184
0.0083960
-0.2374498
-0.3380306
-0.3441833
-0.1475310
-0.0707878
0.0987002
0.0522746
0.1308970
0.0728436
0.0387319
0.0916830
0.0761438
0.0108829
-0.0265216
-0.0036259
-0.0645627
-0.0016513
0.0035292
-0.0110637
0.0268420
-0.0208422
-0.0122677
0.0189991
-0.0038227
-0.0386824
-0.0163106
-0.0075670
0.0626768
0.0401278
0.0066524
0.0427178
0.0351308
0.0507205
-0.0065627
-0.0357274
0.0288877
-0.0096091
-0.0276090
-0.0644977
-0.0479885
-0.0837158
-0.0704806
-0.0235698
0.0411726
0.0151166
0.0595170
0.0439817
0.1117830
0.0576889
0.0545456
0.0305555
0.0459328
-0.0490258
-0.0844491
-0.1448859
-0.1968053
-0.2379474
-0.2067239
-0.1332825
0.0457248
0.2343565
0.3180472
0.2992876
0.1991662
0.0656434
-0.1099223
-0.2326350
-0.2604024
-0.2176510
-0.1323831
-0.0137998
0.0415758
0.1173736
0.1275081
0.0773426
0.1016752
0.0339352
0.0298258
0.0338056
-0.0296643
-0.0775646
-0.0579485
-0.0054875
-0.0750521
-0.0526243
-0.0080707
-0.0415063
0.0222199
0.0447169
0.0456909
-0.0177741
0.0330413
0.0540911
0.0323858
-0.0015351
0.0227877
-0.0089733
-0.0317472
0.0138532
0.0314921
-0.0433488
-0.0314938
-0.0573469
-0.0413615
0.0182555
-0.0835338
0.0149290
0.0384178
0.0477100
-0.0055587
0.0763999
0.1057832
0.1216452
0.0997226
0.0950156
-0.0066804
0.0534490
-0.0644237
-0.0333550
-0.1654951
-0.2080102
-0.2363061
-0.1116387
0.0572145
0.1745493
0.2550944
0.3523748
0.2397533
0.1679605
-0.0660338
-0.1948877
-0.2869731
-0.2864945
-0.1310924
-0.0579311
0.0669761
0.0766621
0.1261562
0.0629396
0.0773226
0.0553023
0.0784108
0.0431264
-0.0191939
-0.0580705
-0.0411158
-0.0624795
-0.0102753
0.0066962
0.0272885
0.0225258
-0.0473168
-0.0391767
-0.0332151
0.0087389
-0.0366790
0.0169549
-0.0321200
-0.0031241
-0.0261349
-0.0294691
0.0612889
-0.0402363
0.0200021
0.0269246
-0.0263412
-0.0361630
-0.0438189
0.0250164
-0.0596758
-0.0129583
-0.0749704
-0.0529376
-0.0442527
0.0353517
0.0196979
0.0839052
0.0415375
0.0863290
0.1357316
0.0896510
0.0326307
-0.0015283
-0.0942280
-0.0924330
-0.1638231
-0.2717155
-0.1304409
-0.0882194
0.1038426
0.1824771
0.2671517
0.2182398
0.2752895
0.0582793
-0.1022427
-0.2553640
-0.3612266
-0.2397070
-0.0985032
0.0592903
0.0229559
0.1093644
0.0387881
0.1342311
0.0709532
0.0166232
-0.0178366
0.0383632
0.0364391
-0.0194143
-0.0249045
-0.0630344
-0.0818447
0.0091388
-0.0049280
-0.0266054
-0.0498914
-0.0174322
0.0234364
0.0200667
0.0167880
0.0050431
-0.0094353
-0.0075618
0.0584513
-0.0131718
0.0068243
-0.0047003
0.0269082
-0.0130613
0.0224583
-0.0709565
-0.0702465
0.0108474
-0.0367510
-0.0764340
-0.0118995
0.0277047
-0.0399655
0.0658467
0.0594961
0.0957976
0.1054878
0.0350222
0.1006892
0.0300145
-0.0349721
-0.0612027
-0.1008553
-0.1875610
-0.2537980
-0.2436171
-0.1110210
0.1026855
0.2011961
0.2632292
0.2776742
0.2844010
0.1422722
-0.0179516
-0.2849929
-0.4082479
-0.3624906
-0.2031805
-0.0166510
0.0372384
0.1149150
0.1401193
0.1019667
0.1302860
0.0861054
0.0058000
0.0577402
-0.0208858
-0.0796670
-0.0202905
-0.0743809
-0.0563824
-0.0680867
0.0182293
-0.0001249
-0.0358234
0.0234963
-0.0119883
0.0339471
0.0089369
0.0675337
0.0104627
-0.0207125
0.0439389
-0.0204884
-0.0297530
0.0097274
0.0570941
-0.0348057
0.0305648
0.0062640
0.0380149
-0.0102855
-0.0362056
-0.0939506
-0.0396966
0.0048247
0.0416362
0.0071347
0.0264392
0.1000024
0.0702759
0.1146224
0.1119591
0.0544383
0.0628283
-0.0230126
-0.0958723
-0.1567159
-0.1721061
-0.1601749
-0.1596661
-0.0351465
0.1708280
0.2155603
0.3122675
0.2470940
0.2261177
0.1378209
-0.1911157
-0.3055856
-0.3506926
-0.2159163
-0.0866865
0.0162417
0.1104564
0.1433870
0.0809908
0.1414164
0.0604171
0.0569624
-0.0001088
0.0236269
-0.0603533
-0.0455775
-0.0588763
-0.0046646
-0.0493338
-0.0611346
0.0023580
0.0000011
-0.0528415
0.0109578
0.0238173
0.0469867
-0.0254122
-0.0221492
0.0382718
0.0147060
-0.0070966
