-0.0075199
-0.0259625
-0.0298750
0.0426442
-0.0292085
-0.0131045
-0.0301091
-0.0294496
0.0219753
0.0219196
-0.0215299
-0.0041136
-0.0433249
-0.0413781
0.0107707
-0.0248323
0.0079764
0.0261051
0.0522986
0.0262814
0.0087656
-0.0043883
0.0393567
0.0191902
0.0158321
-0.0081704
-0.0208160
-0.0368960
-0.0096661
-0.0495423
-0.0145722
0.0110071
0.0220316
0.0453151
0.0704373
0.0357821
0.0108517
0.0065401
0.0161029
-0.0219275
-0.0273137
-0.0352249
-0.0988182
-0.0605692
-0.1149134
-0.0752436
-0.0550333
-0.0065492
0.0329767
0.1008423
0.1898395
0.2165581
0.1609604
0.0746161
-0.0968468
-0.2103148
-0.2132217
-0.1598129
-0.1448805
-0.0245046
0.0013209
0.0594718
0.0892059
0.1061806
0.0943785
0.0649611
0.0556005
-0.0083562
-0.0218496
-0.0763584
-0.0771408
-0.0759048
-0.0494188
-0.0085102
-0.0056689
-0.0146138
0.0223126
0.0742915
0.0614645
0.0550613
0.0273395
0.0033555
0.0369086
-0.0179025
-0.0038960
0.0175602
-0.0111091
-0.0119471
-0.0207339
-0.0134880
0.0082486
0.0048027
0.0188790
-0.0240317
-0.0072744
-0.0165360
0.0329009
0.0477780
-0.0201016
-0.0218420
0.0378445
0.0207186
0.0230158
0.0027708
-0.0062884
-0.0251607
0.0028792
-0.0027761
0.0076259
0.0207086
0.0360009
0.0154992
-0.0328834
-0.0393383
-0.0051248
-0.0409258
-0.0058487
-0.0267981
-0.0205636
-0.0220072
-0.0153899
0.0270956
-0.0225520
-0.0311529
-0.0156203
0.0205133
0.0103450
-0.0143624
0.0151157
-0.0312420
-0.0097103
0.0117902
-0.0032723
0.0056860
-0.0211886
0.0008206
0.0172192
0.0298588
-0.0257070
-0.0172831
-0.0288129
-0.0266960
0.0280311
-0.0094039
-0.0158217
-0.0245826
-0.0164715
-0.0241561
-0.0070597
0.0381941
-0.0169338
-0.0051453
-0.0351997
0.0171249
0.0026826
-0.0101485
0.0206698
0.0113941
-0.0302148
-0.0129199
0.0065361
0.0129506
0.0112522
-0.0002799
0.0172446
0.0048640
0.0432165
-0.0340138
0.0023472
-0.0129954
-0.0394534
-0.0197759
-0.0343524
-0.0044362
-0.0101462
-0.0062407
-0.0208288
0.0063906
0.0051515
0.0036603
0.0033534
0.0085664
0.0258122
-0.0303606
0.0167453
0.0437392
0.0089382
-0.0480476
0.0072662
-0.0266638
-0.0141894
-0.0319017
-0.0177023
0.0225644
0.0313890
0.0324428
0.0253380
-0.0072917
0.0323912
-0.0113858
0.0319171
-0.0057792
-0.0116686
-0.0223981
-0.0027019
-0.0516629
0.0041031
0.0270040
-0.0351856
-0.0007802
-0.0152484
0.0525690
0.0270672
0.0336247
0.0548300
0.0004932
0.0166968
-0.0000682
-0.0391548
-0.0978455
-0.1056069
-0.1247872
-0.1111679
-0.0055611
0.0125306
0.0665351
0.1105550
0.1534652
0.2315068
0.1516397
0.0460027
-0.1100197
-0.1776160
-0.2082742
-0.1807512
-0.0974543
-0.0489221
0.0031489
0.0220603
0.1126155
0.0995136
0.0793914
0.0865319
0.0722661
0.0370815
-0.0257558
-0.0781714
-0.1021926
-0.1058216
-0.0485326
-0.0106172
0.0059366
-0.0127683
0.0095046
0.0409588
0.0395809
0.0347615
0.0481983
0.0425303
0.0457104
0.0161494
0.0042728
-0.0358435
-0.0477313
-0.0328033
-0.0261579
0.0054623
-0.0330299
0.0058591
-0.0209134
0.0207986
-0.0086087
0.0397079
0.0263789
0.0301063
-0.0037246
-0.0191870
-0.0024321
-0.0183648
-0.0136992
-0.0331004
-0.0120093
0.0374230
0.0141231
0.0224815
-0.0399431
-0.0389497
-0.0211091
-0.0209733
0.0403279
0.0193444
-0.0382961
-0.0389630
0.0273502
-0.0053908
0.0377748
-0.0132961
-0.0246247
-0.0298374
0.0139410
-0.0242379
0.0127419
-0.0187101
-0.0149753
-0.0275094
-0.0201224
0.0217946
0.0307451
0.0428295
0.0289370
-0.0214344
-0.0272602
0.0280662
-0.0230118
0.0132248
0.0298700
0.0344764
0.0017798
-0.0369255
-0.0277025
-0.0062903
0.0404614
-0.0068592
0.0170458
-0.0219967
-0.0245916
0.0195370
0.0196618
-0.0210653
-0.0119314
0.0203453
-0.0091347
-0.0015479
0.0166523
0.0296105
-0.0279864
0.0020823
0.0230508
0.0346373
0.0088386
0.0160410
0.0227813
0.0093145
-0.0183603
0.0282686
-0.0308636
0.0323078
-0.0288257
0.0116948
-0.0313721
0.0063724
0.0347771
-0.0387987
0.0120171
-0.0337877
-0.0009803
0.0073774
0.0318643
-0.0228520
0.0309982
-0.0083394
-0.0219823
0.0045319
0.0275736
0.0282718
0.0281773
-0.0374683
0.0213672
-0.0237460
-0.0374098
-0.0253633
-0.0165800
-0.0312658
0.0052761
0.0199820
0.0432840
0.0147628
-0.0069095
0.0086808
-0.0091789
0.0350278
-0.0103451
0.0153317
-0.0340529
0.0085794
-0.0445452
-0.0023187
-0.0086717
-0.0025517
0.0279581
0.0168895
0.0270401
0.0372010
0.0099041
0.0530078
0.0218300
0.0150936
0.0217637
-0.0638248
-0.0638277
-0.0763919
-0.0571104
-0.0502929
-0.0215232
-0.0299554
-0.0061124
0.0445181
0.1194850
0.1581197
0.0929883
0.0520310
-0.0211731
-0.0794494
-0.1115355
-0.1034231
-0.0841186
-0.0148422
-0.0417825
0.0044454
0.0532832
0.0723412
0.0683544
0.0535276
0.0784001
0.0690148
0.0305905
-0.0127801
-0.0236267
-0.0817225
-0.0363793
-0.0456360
-0.0092142
-0.0386465
-0.0199706
0.0397938
0.0205012
0.0204160
0.0109562
0.0046197
0.0263136
0.0102083
0.0320769
-0.0240748
-0.0130260
-0.0383591
-0.0487540
-0.0138279
0.0128447
0.0041222
0.0405330
-0.0336779
-0.0125353
0.0372470
-0.0167143
0.0069476
0.0267190
-0.0322395
-0.0206637
-0.0227750
0.0455972
0.0205782
-0.0356959
-0.0024371
-0.0374724
-0.0225021
-0.0000341
0.0246563
0.0031367
-0.0012881
-0.0228234
-0.0325185
0.0414812
-0.0278516
-0.0089142
0.0202084
-0.0252281
0.0269657
-0.0019293
-0.0344250
-0.0082887
-0.0264867
0.0320317
-0.0400419
0.0297064
0.0076908
0.0127676
0.0258257
-0.0351645
0.0189387
0.0141942
-0.0027389
-0.0093950
0.0386908
-0.0263314
-0.0312408
-0.0089685
-0.0391889
0.0128046
-0.0271254
-0.0343534
0.0023607
0.0199154
-0.0043796
0.0389829
0.0164546
0.0254145
0.0152720
0.0045146
-0.0366728
-0.0187070
-0.0287277
0.0286598
0.0183428
0.0325886
0.0018693
0.0197105
0.0065479
-0.0073897
0.0208777
-0.0026546
-0.0242681
-0.0015840
-0.0117491
-0.0318639
0.0272104
-0.0312641
-0.0332549
-0.0138885
-0.0192176
0.0147674
-0.0409849
-0.0408514
-0.0054972
-0.0226838
-0.0185532
0.0244115
0.0004725
0.0335379
-0.0255540
0.0230657
0.0436816
-0.0373922
-0.0276756
-0.0248025
-0.0234831
-0.0256395
0.0194737
-0.0007735
-0.0513696
-0.0437087
-0.0311373
0.0261560
-0.0388909
-0.0120898
-0.0147127
0.0265400
0.0042167
0.0041448
-0.0090015
-0.0067894
0.0289977
-0.0080190
-0.0140383
-0.0006476
-0.0056856
-0.0513988
-0.0197173
-0.0002859
-0.0179509
-0.0176475
0.0542532
0.0078661
0.0156350
-0.0022556
0.0576605
0.0054673
0.0183913
0.0336049
-0.0006404
-0.0463029
-0.0320874
-0.0480446
0.0021959
-0.0393099
0.0217723
-0.0137975
0.0465112
0.1041277
0.0931861
0.0725728
0.0015005
-0.0155060
-0.1067481
-0.0382920
-0.0475195
-0.0625331
-0.0635210
-0.0564052
0.0058454
0.0517931
0.0554064
0.1081596
0.0426318
0.0579374
-0.0048631
0.0280189
-0.0482099
-0.0013349
-0.0313262
-0.0229515
-0.0402753
0.0087905
-0.0409995
-0.0091613
0.0422041
0.0169052
-0.0136421
0.0467122
0.0225251
-0.0050750
-0.0082102
0.0406478
0.0147609
-0.0102960
0.0065097
-0.0396158
-0.0338587
-0.0133589
0.0025581
-0.0039957
-0.0041390
0.0436198
-0.0098601
-0.0105113
0.0138127
0.0071926
-0.0250444
0.0425252
-0.0149171
-0.0274341
-0.0416772
0.0181040
-0.0183467
-0.0114873
0.0278018
0.0140306
-0.0023565
-0.0030515
-0.0018910
0.0015529
-0.0030507
0.0200704
-0.0032354
-0.0374027
-0.0129140
0.0274372
0.0068807
-0.0190458
-0.0401194
-0.0307647
-0.0221121
-0.0204544
-0.0338580
0.0015052
0.0050531
-0.0388948
-0.0255772
0.0128744
-0.0105247
0.0444259
0.0096276
0.0300089
0.0226156
-0.0461846
-0.0069441
-0.0292841
0.0342864
-0.0218086
0.0034593
-0.0047072
0.0173939
0.0041677
-0.0022245
0.0384833
0.0232220
0.0266545
-0.0275166
0.0222425
0.0211213
-0.0181679
0.0087049
-0.0034461
-0.0402550
-0.0394841
-0.0226126
-0.0294717
-0.0231700
0.0146655
0.0357182
-0.0275736
-0.0214510
-0.0347622
0.0000335
0.0230297
-0.0015048
0.0285420
0.0029645
-0.0091673
-0.0304672
0.0162718
0.0129203
0.0134055
0.0009632
-0.0205373
0.0227796
0.0311988
0.0452543
0.0394883
0.0248775
0.0299568
-0.0285979
-0.0266245
0.0406341
0.0374423
0.0304233
-0.0015019
-0.0048421
0.0092441
-0.0445466
0.0253290
0.0428551
-0.0164800
0.0286233
-0.0204516
-0.0257263
0.0064374
-0.0013896
-0.0258865
0.0163635
0.0209939
-0.0118150
-0.0404360
-0.0084410
-0.0628471
-0.0419633
-0.0322993
0.0439849
-0.0098852
0.0038965
0.0573096
0.0622034
0.0048805
-0.0119869
-0.0106738
-0.0110412
-0.0659728
-0.0862600
-0.0637266
-0.0734803
-0.0832645
0.0018562
-0.0399033
0.0543611
0.0420680
0.0991041
0.2013814
0.1824047
0.1106905
-0.0500207
-0.0951732
-0.1931233
-0.1646184
-0.1464361
-0.0403366
0.0306586
0.0804785
0.0762530
0.1069638
0.1282556
0.0774792
0.0239971
-0.0122713
-0.0110486
-0.0321713
-0.0657710
-0.0746583
-0.0414186
0.0053826
-0.0557952
-0.0265434
0.0387704
0.0342321
0.0618011
0.0407534
0.0444680
0.0408931
0.0342854
0.0134082
-0.0170806
-0.0355675
-0.0001638
-0.0479556
-0.0472730
-0.0566299
-0.0335985
0.0383016
-0.0054059
-0.0217327
-0.0060552
0.0215592
-0.0113956
0.0338830
-0.0318223
0.0368666
-0.0240757
0.0226506
-0.0117582
-0.0328605
0.0016594
-0.0309979
-0.0245254
0.0266950
0.0091824
0.0146393
0.0095084
-0.0204796
0.0058541
0.0035823
-0.0243641
0.0159088
-0.0038236
0.0025504
0.0075513
0.0315717
0.0006427
-0.0078879
-0.0153958
0.0271472
-0.0161908
0.0387678
-0.0358018
0.0110289
0.0192099
0.0008338
-0.0121194
-0.0328351
-0.0360887
-0.0263597
0.0057488
-0.0242770
-0.0176876
0.0370704
0.0026485
-0.0195682
0.0061646
-0.0095943
0.0191054
-0.0112999
-0.0327285
-0.0192139
-0.0406436
-0.0278781
-0.0017166
0.0137028
0.0312763
-0.0181889
-0.0213071
-0.0148838
-0.0005456
0.0095135
-0.0264767
0.0277619
-0.0260632
-0.0278095
0.0013037
-0.0395226
-0.0157587
-0.0012756
-0.0170254
-0.0328606
0.0256536
-0.0011608
0.0352136
0.0213681
-0.0359910
0.0165483
-0.0330224
-0.0178125
-0.0274937
0.0065513
-0.0006249
0.0288075
-0.0140755
-0.0091569
-0.0196577
-0.0055088
-0.0197036
-0.0025112
-0.0276307
-0.0221499
-0.0271334
-0.0305814
0.0015526
-0.0247097
0.0102498
-0.0024917
-0.0185971
-0.0247214
0.0375069
0.0581483
0.0197963
-0.0097296
-0.0127768
0.0312619
-0.0237723
-0.0373571
-0.0508858
-0.0006467
0.0045517
-0.0182197
0.0185188
-0.0357245
-0.0343022
0.0204777
0.0336699
0.0257936
0.0875293
0.0107746
0.0158967
0.0482263
-0.0307711
-0.0292679
-0.0783101
-0.1092442
-0.0705166
-0.0612219
-0.0346432
-0.0210716
-0.0236711
0.0312615
0.1317599
0.1995020
0.1903834
0.1203488
0.0254333
-0.0661112
-0.2169010
-0.2150391
-0.1643108
-0.1320297
-0.0015465
0.0695365
0.0742590
0.1387521
0.0916117
0.0912895
0.1018946
0.0772834
0.0064254
-0.0170706
-0.0358504
-0.0700965
-0.1028109
-0.0624626
-0.0556399
-0.0410683
-0.0313820
0.0331802
0.0161136
0.0497137
0.0507754
0.0119267
0.0004877
-0.0142930
0.0075405
-0.0180647
0.0123601
-0.0146234
-0.0327418
-0.0308196
-0.0181045
-0.0175689
0.0088452
-0.0230111
-0.0077885
-0.0036272
-0.0244683
0.0516261
-0.0028446
-0.0096260
-0.0054461
0.0000204
-0.0338261
0.0022705
-0.0323341
-0.0037717
-0.0127325
-0.0264328
-0.0154963
-0.0037715
-0.0122932
-0.0270509
-0.0198512
-0.0031830
0.0011861
-0.0332421
-0.0275551
0.0000687
-0.0290910
0.0135534
0.0359340
0.0145221
-0.0370898
0.0220434
-0.0332319
-0.0100485
0.0125001
-0.0065538
0.0181672
0.0043665
0.0282064
0.0327493
0.0402382
-0.0055413
-0.0238915
0.0135172
-0.0092597
0.0162184
0.0235532
0.0265628
-0.0292424
0.0026911
-0.0058298
0.0320797
0.0099053
-0.0078080
0.0123949
-0.0283945
0.0284795
-0.0127811
0.0164533
-0.0060258
-0.0278642
0.0121432
-0.0052518
-0.0012897
0.0167907
0.0124365
-0.0056523
-0.0345476
0.0310883
0.0127691
-0.0017734
0.0376414
0.0102061
-0.0161358
0.0323097
0.0179436
0.0066082
0.0377505
0.0447189
0.0128853
-0.0169653
0.0081066
-0.0121465
0.0244947
-0.0150397
-0.0082541
0.0128390
0.0293942
-0.0239979
-0.0263145
0.0152550
-0.0369710
0.0144580
-0.0325147
-0.0101889
0.0035026
0.0139428
0.0001790
0.0128002
0.0099074
-0.0207274
-0.0178159
-0.0101663
-0.0136413
0.0031654
0.0286167
-0.0148276
0.0061151
-0.0059321
-0.0443231
-0.0144747
0.0027313
-0.0212960
-0.0050551
0.0262176
0.0310596
0.0132687
0.0300949
0.0441231
0.0542778
0.0351587
-0.0019125
-0.0098031
0.0416050
-0.0339451
-0.0256913
-0.0567272
-0.1169361
-0.0611442
-0.0972883
-0.0211124
-0.0160920
0.0510169
0.1228821
0.1807769
0.1929534
0.1160716
0.0605312
-0.0894310
-0.1867388
-0.1596608
-0.0942425
-0.0456393
-0.0627284
-0.0199501
0.0430232
0.0499917
0.0942811
0.0484021
0.0662117
0.0662450
0.0221123
0.0286512
-0.0137457
-0.0501879
-0.0733318
-0.0372080
-0.0671962
-0.0418373
0.0041233
0.0159669
0.0016213
0.0267706
0.0095182
0.0403091
0.0191789
0.0134371
-0.0010159
-0.0452076
-0.0322605
-0.0060970
0.0085439
-0.0427172
-0.0228658
0.0011534
-0.0351208
-0.0314952
-0.0190248
0.0467531
0.0402667
0.0355487
-0.0044611
0.0191233
-0.0115687
-0.0300772
0.0327125
0.0025746
0.0136763
-0.0224472
0.0259323
0.0295797
-0.0070496
-0.0145495
-0.0323783
-0.0306351
-0.0085709
-0.0002485
-0.0216955
-0.0072018
-0.0183901
0.0209277
0.0020125
-0.0094976
-0.0171922
-0.0199902
-0.0212721
-0.0288023
0.0072474
0.0039782
-0.0414960
-0.0087476
-0.0222122
-0.0140217
0.0300377
-0.0019952
-0.0076521
0.0147100
0.0282741
-0.0281999
0.0117520
0.0134935
0.0408237
0.0285363
-0.0308436
0.0283444
-0.0316453
0.0114846
0.0255376
0.0304401
-0.0017179
-0.0134442
0.0105677
-0.0187319
0.0429732
0.0010670
-0.0344230
-0.0194222
0.0190321
-0.0190097
0.0089514
-0.0343751
-0.0330446
0.0277087
-0.0031991
-0.0185437
0.0119563
0.0022281
-0.0342243
0.0374269
0.0012836
-0.0089233
-0.0040176
-0.0314998
0.0411856
0.0215595
0.0163005
-0.0402145
-0.0172120
-0.0311747
-0.0173714
-0.0034369
0.0221936
-0.0310598
0.0259030
-0.0173186
0.0338642
0.0105137
0.0151309
