-0.0161865
-0.0020673
0.0125474
-0.0164221
-0.0106828
-0.0074475
-0.0128065
-0.0082572
-0.0116813
-0.0007011
0.0096214
-0.0079569
-0.0084632
0.0135707
0.0082795
0.0022081
-0.0055350
-0.0015116
-0.0114818
0.0091803
0.0121477
-0.0096575
0.0134541
0.0026394
0.0101273
0.0048004
0.0049836
-0.0222857
0.0165484
-0.0116884
0.0110557
-0.0039715
0.0032951
0.0179614
-0.0085586
0.0107385
0.0128228
-0.0012574
-0.0118503
0.0042281
-0.0120989
0.0048736
-0.0083165
0.0167822
0.0118170
-0.0170708
0.0109495
0.0115502
-0.0079620
-0.0137434
-0.0153070
-0.0058627
-0.0145035
-0.0122706
-0.0063409
0.0084332
-0.0126452
-0.0039000
0.0015499
-0.0138181
0.0067936
0.0125313
0.0031272
-0.0036891
0.0122406
0.0119392
-0.0085381
0.0068469
0.0012552
-0.0017071
-0.0186388
-0.0098854
-0.0047536
-0.0036673
0.0205995
0.0007929
-0.0054097
0.0160197
0.0007054
0.0077318
0.0277404
0.0137110
-0.0044345
0.0055309
0.0115036
0.0128725
-0.0052792
-0.0145122
-0.0147316
-0.0007357
0.0065752
0.0246630
0.0121417
0.0098070
0.0325821
0.0038055
-0.0092632
-0.0085598
-0.0187980
-0.0157917
0.0046862
-0.0233643
-0.0238126
-0.0071639
-0.0044376
-0.0221755
-0.0216579
0.0219262
0.0300172
0.0191312
0.0384695
0.0347758
0.0197064
0.0286620
0.0197716
-0.0203791
-0.0429513
-0.0564482
-0.0779663
-0.0860306
-0.0387852
-0.0384272
-0.0105163
0.0221822
0.0719490
0.1250276
0.1545290
0.1350465
0.0664301
-0.0534104
-0.0992549
-0.1182738
-0.0854335
-0.0766561
-0.0717011
-0.0517566
-0.0139962
0.0462198
0.1021725
0.1257799
0.1098876
0.0584170
0.0331909
-0.0057524
-0.0529517
-0.0415266
-0.0724745
-0.0565516
-0.0467285
-0.0298573
0.0027576
0.0112148
0.0138160
0.0165798
0.0408478
0.0428687
0.0349078
0.0201783
0.0062004
-0.0165090
0.0009449
-0.0244908
-0.0026038
-0.0107642
-0.0135738
-0.0258812
-0.0036610
0.0124224
0.0088161
0.0049660
0.0229081
-0.0088977
0.0053860
0.0073307
-0.0096776
0.0059247
0.0017953
-0.0169243
-0.0074889
-0.0019285
-0.0008309
-0.0027264
-0.0013910
0.0145640
-0.0078493
-0.0133664
-0.0101375
-0.0089227
-0.0012265
0.0169206
-0.0109450
-0.0024019
0.0078229
-0.0067403
0.0127247
0.0179459
0.0013158
-0.0024650
-0.0144745
-0.0055672
0.0117841
-0.0015511
-0.0188559
-0.0045553
-0.0054315
-0.0008524
-0.0003424
0.0117622
0.0058243
-0.0035850
0.0013428
-0.0149387
-0.0105462
-0.0112192
-0.0244565
0.0137105
-0.0078853
0.0225162
0.0046267
0.0121407
0.0080649
0.0067710
0.0131729
-0.0070595
0.0011654
-0.0099658
0.0028202
-0.0220775
-0.0112052
0.0011094
0.0181047
-0.0070834
0.0066391
0.0087499
0.0099431
-0.0013553
0.0008045
0.0060423
-0.0052981
0.0154330
-0.0097228
0.0040817
0.0112132
0.0171927
-0.0087088
0.0019773
-0.0183151
0.0167920
0.0089876
-0.0058632
-0.0152703
-0.0104450
-0.0116128
0.0012514
0.0015240
-0.0057044
0.0025590
0.0047265
0.0104538
-0.0126942
0.0016839
-0.0096636
-0.0125455
-0.0050676
0.0062045
-0.0185851
-0.0130804
-0.0018101
0.0159276
-0.0118210
0.0063871
0.0129627
-0.0014094
0.0270582
0.0107072
-0.0014387
0.0063048
-0.0009248
-0.0212131
-0.0108558
-0.0109157
-0.0249096
-0.0358160
-0.0263175
-0.0071228
0.0093725
0.0051161
0.0272728
0.0529302
0.0623341
0.0519384
0.0449200
0.0066628
-0.0098179
-0.0254256
-0.0393324
-0.0592551
-0.0935848
-0.0808285
-0.0618057
-0.0162808
0.0152385
0.0603619
0.1457600
0.1525663
0.1733341
0.0839632
-0.0347561
-0.1032798
-0.1377135
-0.1597466
-0.1214241
-0.0922793
-0.0224205
0.0070529
0.0619694
0.1187265
0.1103972
0.0947568
0.0644925
0.0536807
0.0158089
-0.0230357
-0.0787130
-0.0827293
-0.0645209
-0.0622355
-0.0307355
-0.0030611
-0.0022298
0.0370005
0.0439110
0.0425170
0.0529582
0.0263999
0.0175959
0.0005189
-0.0034401
-0.0130212
-0.0181491
-0.0218657
-0.0253331
-0.0056952
-0.0323207
0.0021308
-0.0097417
0.0130288
-0.0082855
0.0243711
0.0187728
0.0081203
0.0072643
-0.0096457
0.0118531
0.0001244
-0.0166582
0.0036139
-0.0092108
0.0076690
-0.0163226
-0.0099030
0.0051751
0.0019821
0.0002328
0.0054693
0.0150483
0.0033825
0.0124322
-0.0067012
0.0019842
0.0061366
0.0171190
-0.0156435
-0.0218409
-0.0058642
-0.0138268
-0.0179014
0.0054018
-0.0181063
0.0029234
0.0075370
0.0172281
0.0072964
0.0084877
-0.0136893
-0.0213618
-0.0131860
0.0100290
-0.0163031
0.0184850
0.0026889
-0.0137868
-0.0111379
-0.0118924
0.0129585
0.0200638
-0.0006616
-0.0181525
-0.0062094
-0.0111024
-0.0117877
0.0143039
0.0141632
0.0125458
0.0053681
-0.0134535
0.0045250
-0.0069311
-0.0040026
0.0065510
-0.0122713
-0.0031761
-0.0143971
0.0125523
0.0172460
-0.0152500
-0.0182213
-0.0091895
-0.0045079
0.0165505
-0.0013853
0.0110932
-0.0062173
-0.0148744
0.0103390
0.0022026
-0.0064482
-0.0198943
-0.0098266
-0.0128177
-0.0065773
-0.0025801
0.0081743
-0.0082318
0.0065369
0.0137501
-0.0076024
0.0068296
0.0167585
0.0164530
-0.0130660
-0.0155857
-0.0248619
-0.0002951
-0.0043120
0.0012757
-0.0023048
0.0128391
0.0228835
0.0235870
0.0303042
-0.0034042
0.0006868
0.0175523
0.0056660
-0.0023156
-0.0027902
-0.0420528
-0.0214393
-0.0362926
-0.0301753
-0.0256748
0.0057353
0.0025620
0.0265892
0.0448908
0.0324411
0.0508069
0.0364552
0.0092224
0.0117159
-0.0187401
-0.0180042
-0.0668434
-0.0781811
-0.0747264
-0.0559944
-0.0418407
-0.0266232
0.0241096
0.0644061
0.1280338
0.1766650
0.1727993
0.0981637
-0.0224163
-0.1351438
-0.1887774
-0.1557962
-0.0937919
-0.0494745
-0.0158784
0.0078823
0.0529487
0.0948148
0.1032118
0.1103645
0.0790094
0.0419601
0.0149026
-0.0257305
-0.0510292
-0.0612209
-0.0517995
-0.0386074
-0.0284913
-0.0086563
-0.0149075
0.0389565
0.0590484
0.0520963
0.0299550
0.0185704
0.0020320
-0.0063779
0.0035182
-0.0060845
-0.0271376
-0.0348731
-0.0263836
-0.0190803
-0.0001353
0.0001669
-0.0086535
-0.0065240
0.0013065
-0.0119364
-0.0086426
0.0200723
0.0170823
0.0143961
-0.0021660
0.0010442
0.0153437
0.0049085
-0.0192629
-0.0016655
-0.0173511
0.0065494
-0.0050116
0.0090638
-0.0084888
-0.0018041
0.0229327
0.0126786
0.0204244
-0.0112602
-0.0084484
0.0090199
-0.0094951
0.0037824
-0.0064293
0.0195117
0.0013641
0.0093277
-0.0201373
-0.0019925
-0.0206518
0.0094192
-0.0085741
-0.0005119
-0.0092880
0.0057749
-0.0097258
-0.0036650
-0.0097752
0.0023470
0.0082394
0.0071342
-0.0137633
-0.0060155
-0.0107301
-0.0018300
-0.0023605
0.0109531
-0.0127165
-0.0141753
-0.0045955
0.0005388
0.0185809
-0.0166688
-0.0071750
0.0046726
0.0122899
-0.0095310
-0.0077302
-0.0019267
0.0183121
0.0193993
-0.0111665
-0.0133761
-0.0210420
-0.0183111
0.0000765
-0.0139838
-0.0108992
-0.0208365
-0.0053909
0.0014257
-0.0136413
0.0203455
-0.0055203
0.0072139
0.0208313
0.0057929
-0.0018599
-0.0059876
0.0027518
0.0050202
-0.0046199
0.0248076
0.0029338
-0.0128786
-0.0118699
-0.0021029
-0.0110064
-0.0136599
-0.0174135
0.0070762
0.0057350
-0.0146631
0.0062233
0.0041214
-0.0166916
-0.0077225
-0.0044931
0.0101072
-0.0017819
-0.0050116
0.0118672
0.0274515
0.0240957
-0.0021573
0.0144418
0.0012172
-0.0281675
-0.0135574
-0.0290670
-0.0121538
-0.0079446
-0.0051645
0.0040583
-0.0009700
0.0136780
0.0120324
0.0200308
0.0545028
0.0501367
0.0241421
0.0214726
0.0053161
-0.0212104
-0.0427084
-0.0576056
-0.0576364
-0.0812086
-0.0451104
-0.0350598
0.0026259
0.0433295
0.0566435
0.1127077
0.1130871
0.0959349
0.0272490
-0.0537924
-0.0904279
-0.0916196
-0.0974253
-0.0769075
-0.0545386
-0.0291628
0.0026528
0.0276421
0.0925508
0.0837916
0.0738388
0.0772989
0.0284664
0.0191312
-0.0269107
-0.0506472
-0.0696997
-0.0450983
-0.0379200
-0.0358405
-0.0114463
0.0169551
0.0269981
0.0090178
0.0209899
0.0435014
0.0183672
0.0229388
-0.0079846
0.0002423
-0.0018370
-0.0295444
-0.0103108
-0.0090570
-0.0163672
0.0121252
-0.0091838
0.0105478
-0.0021188
0.0021517
0.0111338
0.0004214
-0.0116664
-0.0119358
0.0047723
-0.0124161
-0.0140365
-0.0187165
0.0048175
0.0049395
-0.0172251
0.0035800
-0.0148060
0.0081505
-0.0014633
-0.0067887
-0.0217835
0.0080999
0.0034903
0.0181650
0.0110476
0.0082049
0.0081728
0.0134908
-0.0078986
-0.0089946
-0.0025925
-0.0201810
-0.0221061
0.0092255
0.0125920
0.0234027
0.0242466
-0.0025083
-0.0020511
-0.0118871
-0.0061316
0.0103680
-0.0015103
0.0142697
0.0016458
0.0060184
0.0156136
-0.0137125
0.0003200
0.0201686
-0.0082363
0.0099502
-0.0007404
-0.0108403
0.0054040
0.0113918
0.0125452
-0.0143190
-0.0185282
0.0062031
0.0185502
0.0133635
0.0167563
-0.0142797
-0.0192921
-0.0133578
-0.0032816
0.0132968
-0.0028451
0.0024450
0.0032734
-0.0134578
0.0098862
0.0036718
0.0193387
0.0039687
-0.0217619
0.0133583
-0.0158372
0.0186960
0.0144443
0.0030630
-0.0051016
-0.0170383
-0.0097462
-0.0072550
0.0068678
-0.0015738
-0.0111189
0.0010236
0.0067031
0.0226716
0.0130907
0.0013256
-0.0121882
-0.0231837
0.0068737
-0.0213947
-0.0064216
0.0061022
-0.0002443
0.0056549
-0.0014835
-0.0105031
-0.0117925
0.0118445
0.0168397
0.0244941
0.0105220
0.0062975
0.0043373
0.0086251
-0.0006349
-0.0219546
-0.0256228
-0.0021496
0.0014646
-0.0102687
-0.0038613
-0.0125929
-0.0010156
0.0190385
0.0078365
0.0508377
0.0282737
0.0166869
0.0202256
-0.0024437
-0.0137896
-0.0152177
-0.0494208
-0.0619372
-0.0585486
-0.0579094
-0.0429200
0.0016592
0.0227328
0.0573868
0.0782098
0.0988877
0.1023946
0.0707771
-0.0211003
-0.0887442
-0.0916250
-0.0632840
-0.0500548
-0.0567905
-0.0574342
-0.0414649
0.0287838
0.0455207
0.0843388
0.0987065
0.0584997
0.0444151
0.0223334
-0.0154129
-0.0531446
-0.0692410
-0.0646846
-0.0496879
-0.0308935
-0.0234759
-0.0154987
0.0043380
0.0429111
0.0464770
0.0407200
0.0275609
0.0280378
-0.0076799
-0.0007957
-0.0017880
-0.0238698
-0.0221740
-0.0276186
-0.0017805
-0.0163156
-0.0063580
0.0082388
0.0180404
0.0187251
-0.0079935
0.0009149
0.0300666
-0.0086204
0.0150321
-0.0114638
0.0010626
-0.0016441
-0.0230136
-0.0024212
0.0027477
-0.0080178
-0.0141777
-0.0136929
-0.0037995
0.0048935
-0.0085301
0.0102131
0.0095055
-0.0094671
-0.0019628
-0.0168899
0.0007240
-0.0023083
-0.0140195
-0.0038511
-0.0152128
-0.0126153
-0.0020579
0.0096886
-0.0136083
-0.0048045
-0.0102121
0.0068399
0.0036810
-0.0133401
0.0118093
0.0145329
-0.0115544
0.0049808
0.0047358
0.0100572
-0.0000512
-0.0029240
0.0086595
-0.0101050
-0.0098296
-0.0044797
0.0041942
0.0121065
-0.0158775
-0.0147528
0.0156141
0.0121165
0.0216486
-0.0006352
0.0082925
-0.0148051
-0.0044967
0.0073769
0.0049231
-0.0074977
-0.0090574
0.0008723
-0.0054447
-0.0039602
-0.0066156
0.0061711
0.0134705
-0.0203797
0.0008243
0.0112576
0.0149864
-0.0006704
-0.0052440
-0.0226592
-0.0090475
-0.0126264
-0.0198787
0.0088982
0.0077456
-0.0124305
0.0057388
-0.0071748
0.0113469
0.0099297
-0.0043276
0.0088010
0.0053479
-0.0176568
0.0021041
0.0167008
-0.0156143
-0.0064027
-0.0151059
-0.0059211
0.0042542
0.0091619
0.0006366
-0.0047151
0.0249603
0.0167840
0.0126180
0.0290532
0.0239627
0.0156574
-0.0162353
0.0014208
-0.0052841
-0.0139905
-0.0348655
-0.0202390
-0.0338267
0.0079585
0.0012335
0.0259937
0.0200659
0.0311245
0.0441664
0.0511987
0.0122423
0.0275370
-0.0140655
-0.0275893
-0.0367959
-0.0645827
-0.0874424
-0.0697278
-0.0329352
-0.0326272
-0.0073929
0.0511649
0.0786357
0.1457258
0.1384859
0.1061947
0.0277463
-0.0553065
-0.0971080
-0.1239027
-0.0975040
-0.0862583
-0.0585122
-0.0336239
0.0368634
0.0749161
0.1046443
0.1240921
0.0712158
0.0514589
0.0314264
-0.0307841
-0.0563881
-0.0689182
-0.0544994
-0.0433211
-0.0393446
-0.0339968
-0.0042484
0.0256332
0.0313678
0.0449101
0.0281707
0.0148883
0.0336573
0.0074708
0.0025782
0.0024501
-0.0249256
-0.0219292
-0.0296708
-0.0355902
0.0001133
-0.0165398
0.0123080
0.0058849
0.0243288
0.0072432
0.0272468
0.0089912
-0.0151936
-0.0093195
0.0024621
0.0118034
0.0040168
-0.0065490
-0.0110821
0.0028820
0.0071152
0.0131546
0.0016401
-0.0031150
-0.0032110
0.0063563
-0.0005421
0.0106961
0.0094069
0.0177520
-0.0015461
0.0123626
-0.0127207
-0.0080795
0.0030897
-0.0186474
0.0142232
-0.0097366
0.0164848
0.0009775
-0.0047122
0.0009156
0.0137252
0.0071695
0.0133861
0.0013101
-0.0143599
-0.0049618
0.0207975
0.0010542
-0.0133231
-0.0153117
0.0034182
0.0090826
-0.0006177
0.0132731
0.0083429
-0.0069424
0.0206652
0.0081991
-0.0069252
-0.0079610
-0.0105418
-0.0190125
0.0098118
0.0109788
0.0212714
0.0012372
0.0037272
0.0121205
0.0011322
0.0090193
-0.0192266
0.0007520
0.0011367
0.0012093
-0.0026034
0.0038325
0.0071610
-0.0052995
-0.0005016
-0.0138893
0.0014715
0.0032183
-0.0117951
-0.0057137
-0.0106634
0.0068830
-0.0076804
0.0099733
-0.0154062
-0.0158930
-0.0094469
-0.0015172
-0.0022126
0.0033956
0.0144929
0.0000526
-0.0079401
-0.0106680
0.0038498
0.0003548
-0.0253887
-0.0149825
0.0099869
-0.0158857
0.0136027
0.0159104
0.0212465
-0.0042353
0.0184375
0.0004889
0.0321391
0.0176202
-0.0022261
0.0027947
0.0112418
-0.0170528
-0.0118412
-0.0226357
-0.0209427
-0.0062367
-0.0182346
-0.0020684
0.0298052
0.0288867
0.0438256
0.0493609
0.0373777
0.0142661
-0.0016538
0.0078686
-0.0012948
-0.0178301
-0.0590370
-0.0843855
-0.0874356
-0.0610355
-0.0212493
-0.0047959
0.0389150
0.0828502
0.1415539
0.1618233
0.1455522
0.0834139
-0.0338959
-0.1396964
-0.1685289
-0.1632395
-0.1412013
-0.0968011
-0.0122408
0.0368041
0.1070059
0.1383331
0.1075655
0.0784858
0.0471144
0.0351747
-0.0115123
-0.0531097
-0.0719097
-0.0893083
-0.0582573
-0.0241571
-0.0202927
0.0048485
-0.0041084
0.0375881
0.0268701
0.0398846
0.0399202
0.0399689
0.0298811
-0.0165652
0.0006743
0.0007194
-0.0194390
-0.0273374
-0.0295631
-0.0107691
0.0050061
-0.0159528
-0.0072833
0.0150544
0.0005428
0.0189575
-0.0036370
-0.0020531
0.0163820
0.0158729
-0.0100888
0.0137459
0.0080762
-0.0016401
0.0059589
