0.0278308
-0.0231784
-0.0112776
-0.0399175
-0.0323059
-0.0512259
-0.0167385
-0.0086023
-0.0413229
0.0173390
0.0133179
0.0387228
0.0114840
0.0065420
0.0341417
0.0497360
-0.0087477
-0.0144986
-0.0267145
-0.0332966
-0.0464411
-0.0322853
-0.0410202
0.0115308
-0.0144560
-0.0217900
-0.0095626
-0.0053451
-0.0128556
0.0340592
0.0075790
0.0046949
0.0015144
-0.0145205
0.0228017
-0.0019125
0.0016613
0.0075298
0.0162758
-0.0146993
-0.0221309
-0.0350625
-0.0119692
0.0296330
0.0167672
0.0104044
0.0070727
0.0047858
-0.0156719
0.0016497
-0.0046184
0.0029042
-0.0195568
-0.0260707
-0.0197016
0.0063539
-0.0140298
0.0058837
-0.0004865
0.0114312
0.0194909
0.0029477
0.0016814
0.0050963
0.0299731
-0.0222123
0.0031068
-0.0296544
0.0019379
-0.0280452
-0.0285056
0.0275590
0.0222065
0.0318032
0.0001025
0.0162846
-0.0145481
-0.0211036
0.0229429
0.0052616
0.0076397
0.0091464
-0.0071238
0.0124436
-0.0012845
0.0179422
0.0257516
-0.0122675
0.0039695
0.0093058
0.0176927
-0.0088974
-0.0191975
-0.0181779
-0.0129632
0.0201328
0.0163472
-0.0021984
0.0034727
0.0126760
-0.0239393
-0.0273493
-0.0246765
0.0141402
0.0018601
-0.0090528
0.0066614
0.0149761
-0.0143543
0.0185512
0.0022359
-0.0093270
0.0286754
-0.0106729
0.0005114
-0.0067247
-0.0140718
-0.0026535
0.0145202
-0.0049522
-0.0141995
0.0099191
0.0220514
0.0372540
-0.0057283
-0.0021660
0.0165270
-0.0050281
-0.0022794
-0.0327828
-0.0228807
-0.0347478
-0.0337250
-0.0287712
-0.0369598
0.0023488
0.0199544
-0.0007814
0.0312662
0.0062272
0.0123303
0.0293501
0.0614367
0.0533499
0.0360036
-0.0122343
-0.0584843
-0.0366453
-0.0793697
-0.0722289
-0.0769608
-0.0497185
0.0002970
0.0394674
0.0454985
0.1212826
0.1353062
0.1551131
0.0751899
-0.0485816
-0.1425785
-0.1424044
-0.1106919
-0.0596699
-0.0700794
-0.0244985
0.0294510
0.0766023
0.0873461
0.0847565
0.1074132
0.0372794
0.0222838
0.0060936
-0.0349674
-0.0384823
-0.0474694
-0.0400961
-0.0271139
-0.0014456
0.0216714
0.0088969
0.0029439
0.0178029
0.0099131
0.0157585
-0.0070058
0.0172460
0.0361782
-0.0094610
-0.0138511
0.0058544
0.0000450
-0.0357394
-0.0300750
0.0128325
-0.0390479
0.0008059
0.0044737
-0.0076959
-0.0072323
0.0218660
-0.0156118
-0.0013456
-0.0101820
0.0150558
-0.0093129
0.0059859
-0.0189214
0.0027634
0.0056838
0.0032965
-0.0219793
-0.0123378
0.0227106
-0.0097053
-0.0129361
0.0041735
0.0284328
-0.0157497
0.0173611
-0.0218694
-0.0071117
-0.0173995
0.0163869
0.0001448
-0.0085568
0.0139558
-0.0049318
-0.0237321
0.0184983
-0.0211655
-0.0093948
-0.0153532
-0.0146463
0.0274304
0.0329264
0.0221776
-0.0009203
-0.0246771
-0.0102321
0.0029230
0.0107370
-0.0056575
-0.0159979
0.0157269
0.0161616
-0.0017389
0.0208109
-0.0013145
0.0072107
0.0004623
-0.0124473
0.0198929
0.0225771
0.0211106
0.0244289
0.0245544
-0.0187892
0.0023755
-0.0168699
0.0177312
-0.0164724
-0.0191229
-0.0007011
-0.0050097
-0.0207560
0.0118193
-0.0294072
-0.0016008
0.0139024
-0.0132516
-0.0210209
0.0019251
-0.0085808
-0.0230437
-0.0073673
0.0135273
-0.0236621
0.0115996
-0.0236248
0.0211632
0.0127804
0.0162825
0.0068773
-0.0043880
0.0237533
-0.0072381
0.0000657
-0.0254187
0.0122463
0.0058436
-0.0212257
-0.0028155
-0.0039534
0.0133706
0.0203554
-0.0153995
-0.0173079
-0.0202040
-0.0015799
0.0081047
-0.0003725
0.0057637
0.0038362
0.0328198
-0.0145493
-0.0091224
-0.0276898
0.0049649
-0.0070353
-0.0220168
-0.0119501
-0.0025602
-0.0081020
0.0233387
0.0495912
0.0181548
0.0492936
0.0296260
-0.0131862
0.0021201
0.0122372
-0.0479425
-0.0245859
-0.0343954
-0.0522914
-0.0350983
0.0087577
-0.0207298
0.0142282
0.0316156
0.0350414
0.0483107
0.0352843
0.0011267
-0.0386285
-0.0258153
-0.0065354
-0.0032335
-0.0061065
-0.0665119
-0.0897480
-0.0488499
-0.0221267
0.0440586
0.0897970
0.0937539
0.0789177
0.0516288
0.0112631
-0.0209527
-0.0429562
-0.0355492
-0.0086268
-0.0077529
-0.0232637
-0.0265763
-0.0248498
0.0003628
0.0268077
0.0074391
0.0431362
0.0031285
0.0127995
0.0185951
0.0056778
-0.0023445
0.0030476
-0.0007812
-0.0407064
-0.0204545
-0.0015682
-0.0109623
0.0053445
0.0063488
-0.0129579
-0.0204880
-0.0051804
-0.0177949
0.0126351
0.0168324
-0.0108933
0.0144667
-0.0032643
0.0215896
0.0034037
0.0023098
-0.0298948
-0.0054783
-0.0297200
0.0093033
-0.0186850
-0.0156995
-0.0180832
0.0045158
-0.0024659
0.0056101
-0.0068328
-0.0099279
-0.0193421
0.0174833
-0.0009979
-0.0239321
-0.0029678
0.0057380
0.0112512
-0.0279309
-0.0176214
-0.0109891
-0.0049603
0.0247035
-0.0098442
0.0064936
-0.0118234
-0.0299251
-0.0010243
0.0172531
0.0240562
-0.0228253
0.0194977
0.0166611
-0.0127893
0.0268791
0.0152460
-0.0237572
0.0077805
-0.0213717
0.0183070
-0.0230685
0.0077833
0.0269960
0.0025853
0.0106790
-0.0032687
0.0144360
-0.0110705
-0.0114981
0.0078418
-0.0013093
0.0291471
-0.0008696
0.0108950
0.0265273
0.0209873
-0.0049203
-0.0110540
0.0233496
0.0045607
-0.0069128
0.0011870
-0.0035740
-0.0238439
-0.0202866
0.0199510
-0.0036474
-0.0151632
-0.0256296
0.0011938
-0.0267557
-0.0130585
-0.0017046
-0.0229380
0.0143038
-0.0028172
0.0219828
-0.0204078
0.0090831
0.0054165
-0.0238634
0.0136472
-0.0100137
-0.0161991
-0.0194297
0.0218102
0.0183030
-0.0111159
0.0265122
-0.0153432
0.0113263
-0.0089846
-0.0216776
-0.0209628
-0.0320221
-0.0148228
0.0085295
0.0112209
-0.0071800
0.0154322
0.0396348
0.0489656
0.0405216
0.0198913
0.0490372
0.0381669
0.0184338
-0.0297485
-0.0248543
-0.0331500
-0.0979268
-0.0633352
-0.0341848
-0.0041693
0.0537663
0.0833256
0.1487226
0.1615916
0.0687393
-0.0093959
-0.1156245
-0.1875547
-0.1445398
-0.0763852
0.0554980
0.0895645
0.0451698
-0.0033726
0.0003234
-0.0160501
0.0132298
0.0317573
0.0143168
-0.0016152
0.0059810
-0.0113556
-0.0096302
-0.0130329
0.0019046
-0.0098547
-0.0197868
0.0065679
-0.0209311
-0.0267546
0.0014421
0.0246734
0.0319822
0.0265802
0.0022892
0.0080775
0.0233742
0.0246826
0.0078230
0.0255260
-0.0133695
0.0096235
-0.0242370
-0.0246591
0.0185040
-0.0163755
0.0094154
-0.0071093
0.0256146
0.0043897
-0.0167485
0.0164175
0.0056781
0.0211859
-0.0207826
-0.0004115
-0.0264345
-0.0009774
0.0281708
-0.0198509
0.0171418
0.0159692
0.0114055
0.0064428
-0.0206467
-0.0002212
-0.0134283
-0.0174714
-0.0220894
0.0244483
-0.0033071
-0.0224927
0.0051183
-0.0333312
-0.0104215
-0.0166551
-0.0025513
0.0068180
0.0313682
0.0292942
0.0068059
0.0308284
0.0166322
-0.0249241
-0.0301153
-0.0305183
-0.0146600
0.0015929
0.0265067
0.0234820
0.0094510
-0.0190840
-0.0188077
0.0108977
-0.0172374
-0.0085988
0.0256058
0.0189769
0.0175861
-0.0138831
0.0056230
0.0191200
-0.0026015
0.0005487
0.0272962
-0.0167241
-0.0117427
0.0061597
0.0257797
-0.0263300
-0.0309704
0.0076515
0.0092659
0.0004323
0.0316375
0.0293840
-0.0216974
-0.0265243
-0.0082173
0.0030220
0.0104734
-0.0102675
-0.0032286
0.0126742
-0.0275153
0.0195160
-0.0066233
-0.0099771
-0.0229673
0.0218412
-0.0054357
-0.0003624
0.0226250
0.0045320
0.0189084
-0.0084259
-0.0274797
-0.0074623
0.0095044
0.0013983
-0.0140012
0.0123956
-0.0303632
-0.0157971
-0.0028375
-0.0109589
0.0032368
0.0189246
0.0226036
0.0076200
-0.0055854
0.0121991
-0.0025717
-0.0076276
-0.0170147
-0.0286986
-0.0398026
0.0189473
0.0149951
-0.0143373
-0.0067769
0.0248199
0.0400250
0.0121334
0.0083492
0.0034208
0.0250884
-0.0184731
-0.0382040
-0.0476299
-0.0462060
-0.0374338
-0.0310631
-0.0149846
0.0120976
0.0310310
0.0515344
0.0948005
0.1572041
0.1211664
0.0610663
-0.0099478
-0.1336098
-0.1353409
-0.0785896
-0.0410219
-0.0608596
-0.0587023
-0.0564294
-0.0293559
0.0343283
0.0864889
0.0813888
0.0683219
0.0474278
0.0326947
-0.0075076
-0.0571216
-0.0707916
-0.0850325
-0.0598226
-0.0209304
-0.0016343
-0.0184876
0.0405178
0.0468830
0.0242583
0.0404242
0.0175410
0.0044839
0.0433355
-0.0115327
0.0244382
0.0002777
-0.0017353
0.0002969
-0.0350268
-0.0315743
-0.0354933
0.0100478
-0.0184361
0.0326399
0.0243089
0.0362891
0.0315813
0.0116598
0.0257771
-0.0235939
-0.0141561
-0.0189626
0.0020693
0.0001564
-0.0089420
-0.0122752
-0.0063278
-0.0033580
-0.0133310
0.0065422
-0.0061798
0.0030373
0.0155390
0.0129888
0.0004904
0.0120747
-0.0261559
0.0136975
0.0030753
-0.0158055
-0.0234867
0.0188299
-0.0191686
-0.0094699
-0.0142580
-0.0002745
-0.0191673
-0.0118425
-0.0096402
-0.0147227
-0.0033341
-0.0012245
0.0163906
-0.0172340
0.0017992
0.0219183
0.0053825
0.0020323
-0.0126936
0.0245264
0.0253181
-0.0189165
-0.0243323
-0.0247141
-0.0048684
-0.0080624
0.0145083
0.0238090
0.0236996
0.0075416
-0.0153051
0.0197251
-0.0004438
-0.0282881
0.0156973
-0.0136391
0.0106009
-0.0125635
-0.0032090
0.0134824
-0.0086825
0.0159454
0.0029820
-0.0113935
-0.0088164
-0.0114438
-0.0260234
-0.0050494
-0.0148177
-0.0263745
-0.0067389
0.0303871
0.0289138
-0.0144533
-0.0199557
0.0132556
-0.0067050
0.0068547
-0.0166159
-0.0235547
-0.0149654
-0.0246931
-0.0343176
-0.0329444
-0.0058940
-0.0075865
-0.0080587
0.0110129
0.0296663
0.0262778
0.0342417
0.0265380
0.0257836
-0.0261430
0.0122036
-0.0313978
-0.0002052
-0.0276740
-0.0442545
-0.0445747
-0.0142739
-0.0031891
-0.0240794
-0.0055089
0.0218597
0.0479788
0.0544930
0.0087957
0.0459145
0.0066945
0.0154390
-0.0020034
-0.0588595
-0.0771133
-0.0371801
-0.0746147
-0.0362610
-0.0005784
0.0146183
0.0441885
0.0802362
0.1281048
0.1538783
0.0898094
0.0227513
-0.0682692
-0.1031517
-0.1005679
-0.0654862
-0.0657659
-0.0554764
-0.0154379
0.0106253
0.0882790
0.0911523
0.0921106
0.0889426
0.0342603
0.0141577
0.0157048
-0.0271324
-0.0601345
-0.0385658
-0.0772367
-0.0273651
-0.0306062
-0.0124751
0.0242925
0.0396660
0.0516532
0.0577008
0.0453956
0.0022909
0.0328335
-0.0063970
-0.0002646
-0.0313780
-0.0118624
-0.0286456
0.0101389
-0.0282935
-0.0232440
-0.0079287
0.0215528
-0.0088936
-0.0271903
0.0273629
-0.0094043
0.0264542
0.0219950
0.0013701
0.0037950
0.0209473
0.0171487
-0.0262712
0.0045712
-0.0085530
-0.0049656
-0.0242890
-0.0209783
0.0126677
-0.0188774
0.0163990
-0.0092348
0.0186895
0.0133854
0.0113480
0.0270145
-0.0216649
0.0119363
0.0064701
-0.0296326
-0.0074858
0.0013798
-0.0191352
-0.0248815
-0.0077703
-0.0055940
0.0122903
-0.0086324
0.0089762
-0.0243322
-0.0053516
0.0188606
-0.0329529
0.0213569
0.0274882
-0.0060182
-0.0173266
-0.0137236
0.0071618
-0.0244940
0.0274980
0.0116637
-0.0125841
0.0184382
-0.0086408
0.0229249
-0.0230872
-0.0204675
0.0102482
-0.0260213
0.0207925
0.0240621
0.0122563
-0.0052807
0.0103639
-0.0225199
-0.0066538
0.0063235
0.0024744
-0.0026973
0.0156974
0.0296330
-0.0127109
0.0034559
0.0147156
0.0079502
-0.0073421
0.0164324
-0.0018433
-0.0272563
-0.0296409
-0.0265919
-0.0181660
0.0053933
0.0001601
-0.0095559
0.0284505
-0.0235174
0.0066216
-0.0308663
-0.0094790
0.0245798
0.0194342
0.0153148
-0.0314760
-0.0356140
-0.0041405
0.0004074
0.0306665
0.0005245
0.0069265
-0.0107251
0.0107723
-0.0009171
0.0066045
-0.0041362
-0.0248919
-0.0220743
-0.0297617
0.0143200
-0.0034391
-0.0142049
0.0045397
-0.0177837
-0.0167681
-0.0146280
0.0222327
0.0089823
0.0251492
0.0304627
0.0269332
0.0013647
0.0090999
-0.0214177
-0.0327491
-0.0252932
-0.0551321
-0.0080593
-0.0295884
0.0100435
0.0107401
-0.0044416
0.0204654
0.0722548
0.0564351
0.0393170
0.0560663
-0.0104455
0.0163496
0.0193929
-0.0005840
-0.0458972
-0.0967193
-0.1324137
-0.0504613
-0.0004625
0.0389066
0.1124305
0.0709159
0.0608314
0.0309912
-0.0043067
-0.0299903
-0.0403542
-0.0410487
-0.0372528
-0.0461458
-0.0318290
0.0112837
0.0268668
0.0420261
0.0005846
0.0325359
0.0076566
0.0107651
0.0327370
-0.0048638
-0.0054556
0.0078762
-0.0144053
-0.0054982
-0.0178935
0.0056958
0.0079775
-0.0057914
0.0199259
0.0271704
0.0250020
0.0201852
0.0025914
0.0250756
-0.0055745
0.0020354
-0.0120852
0.0155475
0.0271123
0.0078805
-0.0019611
-0.0342657
0.0152535
0.0227338
-0.0086583
-0.0104815
0.0055735
-0.0086254
0.0280487
-0.0153129
0.0271309
0.0040968
-0.0243999
-0.0231426
0.0163279
0.0019810
-0.0154848
-0.0256348
-0.0032590
0.0204252
0.0219022
0.0235922
-0.0131648
0.0093676
-0.0223604
0.0170020
-0.0339988
0.0013695
0.0280976
-0.0072741
0.0168562
-0.0154726
0.0007546
-0.0213174
0.0179498
-0.0118920
-0.0193182
0.0091972
-0.0160856
-0.0072878
-0.0203510
0.0133588
-0.0257046
0.0213031
-0.0035116
0.0107204
0.0030219
0.0125532
0.0154621
0.0282587
-0.0156886
0.0148846
-0.0018378
0.0261119
0.0211994
-0.0108155
0.0104014
0.0167242
0.0006766
0.0116917
-0.0249040
0.0181759
0.0117128
-0.0129145
-0.0367536
0.0209969
0.0122557
-0.0079101
0.0072063
0.0051684
0.0062461
0.0181917
0.0111820
-0.0061140
-0.0176558
-0.0227456
-0.0183837
-0.0413113
-0.0491659
-0.0301502
-0.0107797
0.0335231
0.1093509
0.0953502
0.1043505
-0.0060149
-0.0973674
-0.1536412
-0.1407869
-0.0518498
0.0958797
0.1895829
0.1634252
0.0633069
-0.0602488
-0.1688432
-0.1317663
-0.0594281
0.0395577
0.0244077
0.0373778
0.0417063
0.0440237
0.0171650
0.0185313
0.0295252
-0.0252366
-0.0157065
-0.0195296
-0.0227142
-0.0119342
-0.0296336
-0.0265768
0.0197759
0.0108422
0.0080384
0.0124981
-0.0015672
0.0204006
-0.0008414
0.0254848
0.0348060
0.0229095
0.0139340
-0.0086656
0.0129280
0.0115025
-0.0193831
0.0124381
-0.0232753
-0.0106920
-0.0007445
0.0183629
-0.0162735
0.0031836
0.0198724
0.0108147
0.0121575
0.0056621
-0.0194225
-0.0255139
-0.0302370
0.0061141
-0.0037979
-0.0051703
-0.0008465
-0.0086496
-0.0068635
0.0246545
-0.0216948
0.0236107
-0.0288905
-0.0180095
-0.0015444
0.0082355
-0.0188523
-0.0293462
0.0104183
0.0162050
0.0159815
-0.0058995
-0.0067400
0.0038744
-0.0135921
0.0113889
0.0063121
-0.0193111
0.0271672
0.0070673
0.0136318
