0.0142510
0.0042872
0.0015967
-0.0121716
-0.0149200
-0.0046610
-0.0161583
-0.0060685
-0.0272874
-0.0011409
0.0117619
0.0102838
0.0360686
0.0360995
0.0382374
0.0271034
0.0006343
-0.0125888
-0.0306321
-0.0499798
-0.0648545
-0.0726688
-0.0622850
-0.0524216
-0.0152498
0.0087323
0.0172892
0.0699627
0.1149122
0.1745356
0.1325708
0.0149449
-0.0791456
-0.1018953
-0.0929798
-0.0803800
-0.0818039
-0.1031382
-0.0809148
-0.0024717
0.0646575
0.1315825
0.1186302
0.1076140
0.0739023
0.0094689
-0.0010382
-0.0525359
-0.0654644
-0.0543899
-0.0389491
-0.0439101
-0.0187742
-0.0194060
0.0059065
0.0138578
0.0287394
0.0294300
0.0218840
0.0324006
0.0152358
0.0247146
0.0117140
-0.0021637
-0.0290744
-0.0286192
-0.0301938
-0.0226291
0.0080246
-0.0255443
0.0052998
-0.0084251
0.0081069
0.0153141
0.0080792
0.0218096
0.0226151
0.0233755
-0.0064398
-0.0136698
0.0031906
-0.0292194
0.0050566
-0.0086437
-0.0064921
-0.0002080
0.0142871
0.0205165
-0.0071302
0.0221974
0.0125108
0.0131342
0.0226668
0.0024909
0.0087292
0.0084361
0.0067660
0.0101740
-0.0008688
0.0049120
0.0168360
0.0142021
-0.0045014
-0.0160506
0.0147494
-0.0014499
0.0051491
0.0073205
0.0200935
-0.0176362
0.0012593
-0.0151473
0.0044276
-0.0107427
-0.0148559
-0.0149722
0.0154004
-0.0203169
-0.0162590
-0.0013351
0.0120255
-0.0124782
0.0145994
0.0240211
0.0005667
-0.0089637
-0.0090702
0.0006964
0.0077134
-0.0129935
-0.0078424
0.0103278
0.0102061
0.0119839
-0.0080702
-0.0083639
0.0173289
0.0129758
-0.0214374
-0.0147485
-0.0044839
-0.0202556
0.0212984
0.0019365
0.0258444
0.0125862
-0.0246995
-0.0095164
-0.0016666
-0.0136126
0.0209262
-0.0136370
-0.0096806
0.0057766
-0.0174126
-0.0060623
-0.0074373
0.0080190
0.0271581
-0.0097894
0.0189631
-0.0007039
-0.0099767
-0.0030310
-0.0177483
0.0093463
0.0064324
-0.0231077
-0.0046238
0.0216876
-0.0158337
0.0118459
0.0164446
-0.0007211
-0.0093901
0.0019563
0.0036141
-0.0123320
0.0003229
0.0045683
-0.0016073
-0.0187837
-0.0237911
-0.0011490
-0.0167610
-0.0214843
0.0013713
0.0149823
0.0245898
-0.0059624
0.0012904
0.0073804
0.0035375
0.0283826
0.0253446
0.0161910
0.0176632
0.0028606
-0.0403248
-0.0143050
-0.0323736
-0.0220574
-0.0215496
-0.0195940
0.0033539
0.0293034
0.0289859
0.0201612
0.0286798
0.0349718
0.0476005
0.0163532
-0.0090494
-0.0077493
-0.0407774
-0.0821507
-0.0971088
-0.0644491
-0.0555356
-0.0331113
0.0123996
0.1108767
0.1286359
0.1472864
0.0899376
0.0172627
-0.0096622
-0.0434869
-0.0776700
-0.1535725
-0.1673160
-0.1268875
-0.0586385
0.0628279
0.0791662
0.1246303
0.0904790
0.0761614
0.0648890
0.0229112
-0.0259998
-0.0279708
-0.0283288
-0.0335760
-0.0574315
-0.0513370
-0.0099123
-0.0136903
0.0209248
0.0033236
0.0405730
0.0288684
0.0100427
0.0078843
0.0078627
0.0163904
0.0022820
-0.0000762
-0.0059824
0.0066430
-0.0022640
-0.0059721
-0.0196953
-0.0245258
-0.0095944
-0.0062899
0.0177020
0.0006794
0.0036800
0.0129993
0.0215469
0.0191536
-0.0172715
0.0152939
0.0062437
-0.0157007
-0.0137102
0.0127355
0.0042498
0.0138966
-0.0188391
0.0048820
-0.0147005
-0.0073711
-0.0051280
-0.0029162
0.0190986
-0.0076200
0.0091515
-0.0158734
-0.0059266
-0.0139326
0.0013941
0.0106485
0.0015991
0.0110727
0.0066730
0.0192033
0.0129505
-0.0166652
-0.0030497
-0.0192047
-0.0022520
-0.0101472
-0.0091082
0.0156225
0.0215587
-0.0083808
0.0185726
-0.0128357
0.0116692
-0.0080355
-0.0042064
-0.0249500
-0.0206489
0.0033983
0.0217916
-0.0029924
0.0140373
0.0036771
0.0170577
-0.0153709
-0.0088533
0.0132364
0.0167524
0.0105795
0.0055627
-0.0144538
-0.0070522
-0.0040343
-0.0093566
-0.0103016
0.0174069
0.0085807
-0.0038005
-0.0119446
-0.0145826
0.0049213
0.0096436
0.0179683
0.0072483
-0.0078019
0.0004242
-0.0104602
-0.0083053
0.0123451
0.0102301
-0.0166488
-0.0239272
0.0105887
-0.0208232
-0.0199012
-0.0115599
0.0074140
0.0039054
0.0052475
0.0089749
0.0215063
0.0157233
-0.0189812
0.0100992
-0.0168958
0.0129092
-0.0080490
0.0086796
-0.0173891
-0.0259220
0.0020617
0.0098437
0.0109364
0.0078102
0.0157517
-0.0108503
0.0160641
0.0127447
-0.0048503
0.0199833
-0.0099692
-0.0035667
-0.0258875
0.0061252
-0.0018562
-0.0193371
-0.0259721
0.0018822
-0.0214941
-0.0073448
0.0136982
0.0284894
0.0255796
0.0402703
0.0105440
0.0316474
-0.0069227
0.0143990
-0.0153295
-0.0315579
-0.0380683
-0.0545800
-0.0204768
-0.0254462
-0.0151420
0.0082864
0.0289577
0.0552183
0.0912188
0.0526588
0.0268685
-0.0157297
-0.0339439
-0.0010345
0.0122666
-0.0046259
-0.0520065
-0.1083376
-0.0993985
-0.0266527
0.0374686
0.0642265
0.0955818
0.0639419
0.0625898
0.0473595
-0.0091583
-0.0159857
-0.0658534
-0.0393778
-0.0483496
-0.0161717
-0.0135133
-0.0065326
0.0084914
0.0356472
0.0267776
0.0231944
0.0200492
0.0397008
0.0138486
0.0064606
0.0087647
-0.0000800
0.0078503
-0.0048793
-0.0031487
-0.0184392
0.0049196
0.0012839
-0.0068283
0.0071131
0.0240780
0.0013693
-0.0000374
-0.0003926
-0.0103247
-0.0228316
-0.0181140
0.0018862
0.0044533
0.0052457
-0.0140966
-0.0134468
-0.0020729
0.0102394
0.0002949
-0.0172080
-0.0110167
0.0214373
0.0088126
-0.0045369
-0.0094213
0.0082960
-0.0051847
-0.0062529
0.0070783
-0.0225870
0.0126404
-0.0101053
-0.0132145
0.0052436
0.0201799
-0.0033773
-0.0078052
0.0042711
-0.0152791
0.0104750
-0.0098226
-0.0190037
0.0155721
-0.0036141
0.0261911
-0.0010628
0.0014295
0.0109716
0.0038837
-0.0083482
0.0192175
0.0144840
0.0190504
0.0023278
-0.0201148
0.0112244
0.0174636
0.0013085
0.0098938
-0.0156191
-0.0117725
0.0178437
0.0039606
0.0212582
0.0059461
0.0074078
0.0107299
0.0091806
0.0060088
0.0046656
0.0079404
-0.0112211
-0.0258330
0.0018046
-0.0120677
0.0113032
0.0098769
0.0090536
-0.0219093
-0.0134790
0.0010822
0.0139724
-0.0003980
0.0202802
-0.0091877
-0.0121344
-0.0243390
0.0032061
-0.0312197
-0.0177394
0.0150911
0.0228312
0.0060624
-0.0070390
-0.0074901
-0.0003978
-0.0097110
0.0055142
-0.0205938
0.0141103
-0.0215623
-0.0031936
0.0148499
0.0174778
-0.0008600
0.0031641
-0.0009302
-0.0196317
0.0110461
0.0124957
0.0152414
0.0012042
0.0006533
0.0022829
0.0014696
0.0141210
0.0112284
0.0059234
0.0023819
0.0009723
-0.0160723
-0.0288695
-0.0100822
0.0081296
0.0168743
-0.0052360
-0.0013630
0.0318091
0.0080390
0.0393473
0.0201724
-0.0109603
-0.0115397
-0.0413636
-0.0502618
-0.0305583
-0.0371354
0.0014491
-0.0304477
0.0086483
-0.0008722
0.0435641
0.0784641
0.0443741
0.0343530
-0.0109257
-0.0395742
-0.0160135
0.0535195
0.0232368
-0.0018721
-0.0951920
-0.1328012
-0.0851083
-0.0329618
0.0458594
0.0743678
0.0628355
0.0537597
0.0473975
0.0358614
0.0140756
-0.0334130
-0.0266303
-0.0544366
-0.0621677
-0.0481517
-0.0432214
-0.0136839
0.0159263
0.0108521
0.0189081
0.0280322
0.0221589
0.0241173
-0.0016144
-0.0163655
0.0079235
-0.0157493
-0.0182507
-0.0117365
-0.0091071
-0.0222517
0.0025663
0.0024258
0.0014298
-0.0091733
0.0208717
-0.0052562
-0.0094993
-0.0069398
0.0106053
0.0094131
0.0110797
0.0227354
-0.0196486
0.0113551
-0.0047524
0.0035806
-0.0215497
-0.0241980
-0.0281297
-0.0195283
-0.0080434
0.0043335
0.0259885
0.0200565
0.0041393
-0.0027941
0.0094786
-0.0088756
0.0118831
-0.0220023
0.0079773
-0.0145683
-0.0172540
-0.0099408
0.0176317
-0.0041994
-0.0152241
-0.0158283
-0.0001037
0.0072141
-0.0199311
-0.0166012
-0.0044713
-0.0045157
0.0190572
0.0019740
-0.0190529
-0.0162887
-0.0064235
0.0084796
-0.0095325
-0.0033893
0.0183392
0.0022889
-0.0103821
-0.0076286
0.0100755
0.0104173
0.0072341
-0.0070829
-0.0151657
0.0079723
-0.0003108
-0.0138945
0.0166816
-0.0093274
0.0023875
-0.0017416
0.0099017
-0.0086046
0.0075598
-0.0024342
-0.0244464
0.0064643
-0.0152478
0.0073001
0.0013414
0.0065215
0.0071205
-0.0053791
0.0115467
0.0192220
-0.0000696
0.0100458
0.0010697
0.0076002
-0.0127014
-0.0069029
0.0123667
-0.0290790
-0.0013078
0.0086082
0.0107907
0.0022415
0.0234374
0.0259604
0.0165208
0.0293908
0.0146487
0.0029214
-0.0175307
-0.0031788
-0.0224337
-0.0267205
-0.0331020
-0.0244917
0.0138274
-0.0005952
0.0141493
0.0268208
0.0363601
0.0420678
0.0439058
0.0158451
0.0078025
-0.0083534
-0.0144388
-0.0293158
-0.0327518
-0.0643029
-0.0694590
-0.0312391
-0.0249894
-0.0238899
-0.0051618
0.0669932
0.0897978
0.1152134
0.1114914
0.0079062
-0.0474966
-0.0968058
-0.0426435
-0.0421556
-0.0441948
-0.0978869
-0.1175927
-0.0632681
0.0252490
0.1060086
0.1047093
0.1153698
0.0734812
0.0488493
0.0124118
-0.0571423
-0.0693387
-0.0574510
-0.0495152
-0.0460291
-0.0132942
-0.0166390
-0.0158937
0.0112743
0.0427717
0.0441392
0.0388027
0.0296295
0.0225910
0.0014013
-0.0008133
-0.0262805
-0.0247096
-0.0088929
-0.0327891
0.0053145
-0.0087724
-0.0150654
-0.0061251
0.0060618
0.0152346
-0.0037657
0.0206750
0.0005188
0.0112798
-0.0017740
0.0040344
-0.0067522
0.0143905
0.0067395
-0.0080723
-0.0184380
-0.0024216
-0.0161943
-0.0147665
0.0206619
-0.0093209
-0.0138196
0.0103992
-0.0062477
0.0088713
0.0173299
-0.0072156
0.0185288
-0.0081571
-0.0204882
-0.0187412
-0.0013328
-0.0059310
0.0129554
0.0025556
-0.0158112
-0.0025023
-0.0006377
-0.0210323
0.0169026
0.0175152
0.0216500
0.0195803
-0.0187356
-0.0104620
-0.0247056
-0.0041488
0.0139479
-0.0015453
0.0137181
-0.0092920
-0.0145747
0.0111417
-0.0056062
0.0054672
0.0208219
-0.0023976
0.0033831
0.0123101
0.0158589
-0.0105639
0.0069123
-0.0137734
0.0045103
0.0039960
0.0036118
0.0142314
-0.0228293
0.0038436
0.0042361
-0.0122320
0.0051261
-0.0080573
0.0164300
0.0191791
-0.0091965
0.0147334
-0.0152425
0.0098470
-0.0147983
0.0135733
0.0058187
-0.0097456
0.0160649
0.0112992
0.0206561
-0.0063413
-0.0058739
0.0023468
-0.0159298
0.0119451
-0.0051688
0.0005910
0.0163839
-0.0174308
-0.0079566
-0.0084233
-0.0175925
0.0008967
0.0081106
0.0075976
0.0035725
0.0108903
-0.0000264
0.0009247
0.0223898
0.0042385
-0.0067599
0.0112542
-0.0186599
0.0002893
-0.0107214
-0.0303291
0.0013287
0.0125059
0.0126650
0.0157977
0.0218509
0.0095171
0.0090651
0.0254859
-0.0104396
-0.0084975
-0.0057387
0.0073295
-0.0212935
0.0009729
-0.0124294
-0.0175640
-0.0061008
-0.0281663
-0.0101393
-0.0048567
0.0060611
0.0081326
0.0303345
0.0210195
0.0278114
0.0304972
0.0257721
0.0215524
0.0096391
-0.0294357
-0.0610411
-0.0919213
-0.0730901
-0.0411774
-0.0412060
-0.0055973
0.0125377
0.0345791
0.1162639
0.1527235
0.1548709
0.0781666
-0.0318391
-0.0797327
-0.0906101
-0.0808733
-0.0797735
-0.1033779
-0.0941951
-0.0428407
0.0641572
0.1287263
0.1073693
0.0869958
0.0573362
0.0286006
0.0187008
-0.0271763
-0.0508202
-0.0716385
-0.0865856
-0.0505816
-0.0558664
-0.0102298
0.0081734
0.0417514
0.0217452
0.0511809
0.0305221
0.0438836
0.0195569
0.0049644
-0.0130037
-0.0213636
-0.0382368
-0.0438980
-0.0287641
-0.0101917
-0.0024987
0.0112948
0.0165913
0.0033591
0.0127474
0.0047991
-0.0014781
-0.0084912
-0.0114001
0.0199681
-0.0143714
0.0177684
0.0228818
-0.0162757
-0.0201748
-0.0225322
-0.0019900
0.0008668
-0.0186697
0.0136266
-0.0062864
0.0154101
-0.0008963
0.0129996
-0.0101123
-0.0078171
-0.0008888
-0.0137764
-0.0007524
-0.0242371
-0.0136820
0.0099191
0.0211823
0.0018067
-0.0129308
-0.0204538
0.0051105
0.0002001
-0.0099262
0.0121613
0.0043385
0.0182175
0.0172815
0.0107334
-0.0103678
0.0199898
0.0055870
0.0102786
-0.0125587
0.0188902
0.0102673
0.0066150
0.0181919
0.0066081
-0.0259626
0.0087495
0.0135201
0.0240068
0.0248160
0.0083807
0.0186583
-0.0090487
-0.0198742
-0.0032636
0.0205450
0.0112075
-0.0066236
0.0138022
0.0000778
-0.0125423
-0.0095914
-0.0013427
-0.0145102
0.0172549
-0.0065332
-0.0052317
-0.0081816
-0.0063265
0.0053517
-0.0067512
0.0042243
0.0280906
0.0144340
0.0190399
0.0094987
-0.0143609
-0.0167002
-0.0023242
-0.0182669
-0.0043325
-0.0197586
0.0202524
0.0187473
0.0193591
0.0205619
-0.0001600
0.0208619
0.0088757
0.0002275
0.0112543
0.0132259
-0.0087115
-0.0117069
-0.0141255
-0.0085908
-0.0143207
0.0105630
0.0105286
-0.0167903
0.0122957
0.0236408
0.0073400
0.0132915
-0.0091528
0.0002028
0.0126851
-0.0014374
-0.0202230
-0.0034887
0.0067149
-0.0297808
-0.0219556
-0.0037560
-0.0390807
-0.0263604
-0.0117413
0.0185481
0.0243697
0.0323906
0.0409025
0.0382998
0.0366451
-0.0128240
-0.0023540
-0.0639373
-0.0649163
-0.0728238
-0.0440907
-0.0443063
-0.0280774
-0.0155931
0.0457998
0.0606301
0.1249670
0.1158009
0.0735179
0.0020165
-0.0863705
-0.1051721
-0.0772054
-0.0406260
-0.0651139
-0.0853039
-0.0979360
-0.0370854
0.0589546
0.0927427
0.0997027
0.0902070
0.0422751
0.0453432
-0.0223985
-0.0289499
-0.0639573
-0.0697225
-0.0485638
-0.0493073
-0.0252949
-0.0017714
0.0134289
0.0075602
0.0454923
0.0238413
0.0154383
0.0247557
0.0120819
0.0147630
-0.0023403
-0.0243286
-0.0071613
-0.0188528
-0.0316952
0.0021008
-0.0168730
0.0015187
0.0191651
0.0184059
-0.0044534
0.0099174
0.0142147
-0.0112042
0.0113172
0.0135869
-0.0064950
-0.0206841
-0.0068208
-0.0072076
-0.0118666
-0.0242855
-0.0051060
-0.0105648
0.0246950
0.0000626
-0.0020730
0.0032692
-0.0098601
0.0082529
0.0047634
-0.0125936
0.0064340
-0.0087123
0.0156446
0.0143687
-0.0052855
-0.0198842
0.0049524
-0.0114761
-0.0156543
-0.0127407
0.0194183
-0.0042347
-0.0099556
0.0074158
0.0140291
-0.0038436
0.0169882
-0.0168667
-0.0009178
0.0154757
-0.0208866
-0.0054527
-0.0049459
0.0018715
0.0053143
-0.0191546
0.0069516
-0.0143548
-0.0099365
0.0120255
0.0138792
0.0085472
0.0137129
-0.0040887
-0.0099836
0.0058133
0.0037242
-0.0106783
0.0086448
-0.0140802
0.0004106
0.0134286
0.0113361
-0.0098784
-0.0024357
-0.0186692
0.0030614
-0.0194955
-0.0115636
0.0165517
0.0073985
0.0038505
-0.0101119
-0.0039623
0.0188881
0.0076366
