0.0263165
-0.0347566
-0.0288257
-0.0437290
-0.0597764
-0.0501915
-0.0402526
-0.0398970
0.0213368
0.0109013
-0.0093427
0.0253491
0.0187813
0.0294128
-0.0048471
-0.0025207
0.0108790
-0.0316454
-0.0322549
-0.0323624
0.0045159
-0.0351143
-0.0209546
-0.0371969
0.0096851
-0.0269695
-0.0002315
0.0239909
-0.0042104
0.0045577
0.0343414
0.0123976
-0.0061476
-0.0192640
-0.0105378
-0.0309292
0.0160452
0.0214752
-0.0353853
-0.0049432
0.0344479
0.0110188
0.0317426
0.0062367
-0.0116467
0.0028285
-0.0347709
-0.0232136
0.0327394
-0.0228165
-0.0297372
0.0413310
-0.0133876
-0.0024157
-0.0253805
0.0083612
0.0118620
0.0017999
0.0104776
0.0311304
-0.0149154
0.0352103
0.0156441
-0.0153296
-0.0236396
-0.0106413
0.0078165
-0.0309752
-0.0053994
0.0045693
-0.0282868
-0.0371436
-0.0205635
-0.0145738
-0.0250413
0.0188124
0.0279046
-0.0357555
0.0284020
0.0106829
-0.0037327
-0.0161843
-0.0285391
0.0116098
0.0219505
-0.0040477
0.0168076
0.0220015
-0.0283597
-0.0116384
-0.0151789
-0.0089219
0.0157341
-0.0184244
0.0257108
-0.0093760
-0.0078081
0.0177444
0.0208566
0.0229561
-0.0095864
0.0009276
0.0044308
0.0047417
-0.0203370
-0.0317355
0.0074172
0.0269856
-0.0245804
0.0052833
0.0241010
-0.0168989
-0.0379963
0.0104230
0.0238538
-0.0218756
-0.0330589
-0.0334015
-0.0177359
0.0424465
0.0173988
0.0422944
0.0231040
0.0058209
-0.0176984
0.0330488
-0.0175364
0.0107565
-0.0086731
0.0285981
0.0036500
0.0083009
0.0328288
0.0212334
0.0045411
0.0315434
-0.0019729
0.0277282
0.0136356
-0.0179450
0.0124286
0.0154061
0.0275773
-0.0024254
-0.0392155
-0.0428795
0.0002190
-0.0006367
-0.0010318
-0.0393876
0.0117081
0.0083131
0.0174286
0.0119590
0.0585723
0.0522495
0.0394364
-0.0225218
-0.0247142
-0.0133182
-0.0436007
-0.0811549
-0.0812605
-0.0406108
-0.0620826
-0.0174486
0.0519997
0.1110999
0.0789581
0.1011061
0.0565301
0.0085354
-0.0145631
-0.0433622
-0.0530325
-0.0269754
-0.0847340
-0.0966073
-0.0112477
-0.0142374
0.0575656
0.0891772
0.0551701
0.1016351
0.0680506
0.0351103
-0.0179022
0.0068382
-0.0717393
-0.0521482
-0.0085383
-0.0626703
-0.0338267
0.0036134
0.0160459
-0.0268501
0.0221030
0.0295800
0.0570605
-0.0029831
0.0049724
-0.0082451
0.0267293
-0.0454882
-0.0410095
0.0071440
0.0179119
-0.0328521
0.0053803
-0.0275809
-0.0114961
-0.0241451
0.0360946
0.0076623
-0.0107414
0.0059360
0.0291780
0.0399601
0.0164205
0.0180376
-0.0404164
0.0034214
0.0058397
-0.0216303
-0.0241466
0.0056236
-0.0316741
-0.0127995
0.0177729
0.0107296
0.0345521
-0.0424488
0.0215665
0.0222388
-0.0012386
-0.0277073
0.0214387
0.0166716
-0.0023241
0.0321671
-0.0313761
0.0060989
-0.0209828
0.0324008
-0.0267669
-0.0369832
-0.0081066
-0.0366876
0.0271427
-0.0328079
-0.0205031
0.0290467
0.0144305
0.0323040
0.0195805
-0.0004598
0.0345385
-0.0033348
0.0126757
-0.0398441
0.0260043
0.0027270
0.0058566
-0.0307252
-0.0249783
0.0073149
0.0330160
-0.0246045
-0.0086617
-0.0257290
0.0039676
-0.0294177
-0.0400388
-0.0328624
-0.0254530
-0.0258456
0.0252180
-0.0255438
0.0043068
-0.0186883
0.0218662
-0.0192407
0.0296983
-0.0214032
-0.0159572
0.0148544
0.0331669
0.0238551
0.0398032
-0.0405264
0.0244450
-0.0352573
-0.0286831
0.0247181
-0.0260973
-0.0497226
-0.0059277
-0.0158235
0.0412642
-0.0182390
-0.0006789
-0.0005466
-0.0112304
0.0016289
-0.0348915
-0.0370274
0.0028388
-0.0084652
0.0256643
-0.0272951
-0.0280597
-0.0429372
-0.0293870
0.0279015
0.0075685
-0.0227275
0.0375779
0.0205900
0.0069010
-0.0049368
0.0337080
-0.0131814
-0.0185766
-0.0269247
-0.0409537
-0.0041992
-0.0407847
-0.0298656
-0.0387133
-0.0157678
0.0388737
0.0158149
0.0379890
0.0083972
0.0302235
0.0207333
-0.0096387
-0.0088333
0.0268800
-0.0608827
-0.0626773
-0.0995630
-0.0819794
-0.0651804
-0.0720627
-0.0371427
0.0360589
0.0775487
0.1158431
0.1708148
0.1603101
0.0835742
0.0206686
-0.1543962
-0.1379167
-0.1542584
-0.1185756
-0.0880054
-0.0475323
0.0248183
0.1020469
0.1293948
0.1342129
0.0688271
0.0241448
0.0491785
-0.0129765
-0.0317359
-0.0205221
-0.0931594
-0.0850714
-0.0756366
-0.0664852
0.0188207
-0.0160058
0.0524837
0.0465674
0.0670934
0.0211666
0.0350855
0.0432211
-0.0288961
0.0181827
-0.0257632
0.0080882
0.0010438
-0.0208709
0.0086481
-0.0043996
-0.0342635
-0.0217603
0.0288025
0.0271626
-0.0126875
0.0038480
0.0406890
0.0152338
0.0035713
-0.0276963
0.0005634
0.0268531
-0.0047459
-0.0127490
-0.0439720
-0.0075215
0.0221861
-0.0015492
0.0254287
0.0190021
0.0283840
0.0388603
0.0100164
-0.0380396
-0.0173399
0.0344969
-0.0025073
0.0207556
-0.0258137
-0.0063580
-0.0257783
-0.0077645
-0.0131823
0.0007134
-0.0411366
0.0062911
0.0183777
0.0328422
0.0340691
0.0159360
-0.0007929
0.0098963
0.0027232
0.0256759
0.0327829
-0.0182457
-0.0126782
0.0161847
-0.0155736
0.0160108
-0.0351233
-0.0415828
0.0068916
-0.0154990
-0.0282853
-0.0301674
0.0299814
0.0282142
0.0053956
-0.0166897
0.0104605
-0.0233102
0.0284645
0.0049140
-0.0400978
-0.0337363
0.0289714
-0.0222678
0.0286766
0.0018172
0.0290697
0.0294316
0.0275016
0.0207983
0.0290875
0.0105355
0.0314428
-0.0191429
-0.0267166
-0.0050553
0.0305703
-0.0075313
-0.0286596
-0.0336989
0.0189424
0.0281317
-0.0191653
-0.0076998
-0.0149767
-0.0309347
0.0225471
0.0095369
0.0096801
0.0363314
0.0062909
-0.0234199
-0.0197628
0.0380508
0.0252205
-0.0253420
-0.0201900
-0.0421638
-0.0370820
-0.0361623
-0.0237199
-0.0347322
0.0206347
-0.0132868
0.0439407
0.0575577
0.0097850
0.0136090
0.0307602
-0.0043874
0.0169298
-0.0206950
0.0113971
-0.0578913
0.0101025
-0.0440003
0.0202001
-0.0094195
0.0309064
0.0599266
0.0104762
0.0712682
0.0532366
0.0206266
-0.0013691
0.0352632
0.0004269
-0.0209400
-0.1187126
-0.1008276
-0.1101835
-0.0748753
-0.0273790
-0.0423449
0.0461751
0.0766127
0.1196476
0.1622774
0.1484773
0.1037248
-0.0756629
-0.1641393
-0.2546029
-0.1900803
-0.1591014
-0.0362401
0.0652227
0.1113897
0.0685624
0.1313019
0.0873509
0.1078321
0.0487218
-0.0215330
-0.0169591
-0.0759755
-0.0725523
-0.0582034
-0.0380874
-0.0355597
-0.0103494
-0.0281242
0.0102816
0.0292441
0.0729884
0.0388683
0.0705198
0.0546935
0.0037353
-0.0113351
-0.0360798
-0.0065492
-0.0260654
-0.0266681
0.0097950
-0.0438122
0.0180794
-0.0048020
0.0317875
-0.0101022
-0.0014552
-0.0147917
0.0183130
0.0248497
0.0110513
-0.0033277
0.0207679
0.0305868
-0.0086826
0.0099762
-0.0103443
0.0359725
-0.0083925
-0.0289583
-0.0161980
-0.0023661
-0.0176184
-0.0002170
0.0245054
-0.0307173
-0.0034429
-0.0136194
0.0222481
0.0168042
0.0392296
0.0159634
0.0103095
0.0146159
-0.0299767
0.0094666
0.0000442
-0.0347110
-0.0238507
0.0164162
-0.0273472
0.0359317
0.0001473
0.0277766
-0.0268419
-0.0263694
-0.0021599
0.0042161
-0.0246097
0.0028999
0.0234173
0.0192390
0.0234474
0.0017010
-0.0197548
0.0280409
0.0048010
0.0376828
0.0173265
-0.0036651
-0.0224342
-0.0080393
-0.0051485
0.0194691
0.0222998
-0.0075498
0.0080693
0.0128474
0.0384839
0.0086302
-0.0294461
0.0261850
-0.0356646
-0.0136217
0.0312603
-0.0290813
0.0332797
-0.0191742
0.0351423
-0.0112984
0.0389590
-0.0276987
-0.0194665
-0.0414489
-0.0002786
0.0297715
0.0389797
0.0234678
-0.0084481
0.0073797
-0.0376160
0.0036269
-0.0377795
-0.0267954
-0.0111044
-0.0212050
0.0034487
-0.0200163
0.0235646
-0.0193297
0.0350175
0.0003615
0.0251356
-0.0303064
-0.0116402
0.0069414
0.0226410
-0.0342303
-0.0336241
0.0144244
0.0365360
0.0444475
0.0023600
0.0105970
0.0382124
0.0155106
-0.0260233
-0.0241325
-0.0139295
-0.0370905
0.0130725
0.0041668
0.0050020
0.0122204
-0.0204580
0.0226323
0.0413721
0.0560990
0.0017346
0.0651155
0.0249811
0.0609019
0.0308260
0.0105494
-0.0581877
-0.0462676
-0.0376807
-0.1161854
-0.0446394
-0.0404370
-0.0095626
-0.0277186
0.0756847
0.0528883
0.1258897
0.2010401
0.1802987
0.0135777
-0.0605012
-0.1590978
-0.1917256
-0.1424427
-0.0443072
-0.0497158
0.0060269
0.0656371
0.0643744
0.0873199
0.0952217
0.0813531
0.0224889
0.0288846
-0.0444376
-0.0688714
-0.0867113
-0.0346188
-0.0350418
-0.0712974
-0.0036712
-0.0012693
0.0109870
0.0065886
0.0293584
0.0136923
0.0557795
0.0445109
-0.0174874
0.0382139
-0.0213366
0.0339967
-0.0391974
-0.0026046
-0.0309026
0.0065853
-0.0264006
0.0181670
0.0224554
0.0061235
0.0499114
0.0238516
0.0010496
0.0189070
0.0322847
0.0223693
0.0285344
-0.0432532
0.0250811
0.0084147
0.0003427
-0.0002942
-0.0235033
0.0014245
-0.0089968
-0.0374089
-0.0266621
0.0069782
0.0196077
0.0272277
-0.0401867
0.0078774
0.0301083
-0.0275513
-0.0171666
0.0304444
-0.0058558
0.0117074
-0.0139420
0.0038210
-0.0371733
-0.0269287
0.0219099
-0.0295017
-0.0198705
0.0214740
0.0225975
-0.0167154
-0.0355913
0.0356865
-0.0084414
0.0113808
-0.0126643
0.0002473
0.0253903
0.0003531
-0.0143046
0.0154653
-0.0003567
-0.0035507
-0.0305410
0.0359478
-0.0227455
0.0314455
0.0385972
-0.0187346
0.0189837
-0.0153415
0.0319085
-0.0240917
0.0206309
-0.0091487
-0.0281027
0.0212470
-0.0337106
0.0075474
0.0207881
0.0142426
-0.0247852
-0.0426522
0.0047821
0.0046985
-0.0324089
-0.0267180
-0.0213459
-0.0247757
-0.0276455
-0.0182097
-0.0206873
0.0095130
-0.0334346
-0.0315054
-0.0051477
-0.0284423
0.0346847
0.0274655
0.0034489
-0.0090735
0.0109229
-0.0184951
0.0346923
0.0240398
0.0241417
0.0247040
-0.0241601
0.0256161
0.0205428
-0.0295856
0.0183085
0.0222572
-0.0288842
-0.0320746
-0.0039484
-0.0142056
0.0024578
0.0199357
0.0159139
-0.0217338
0.0385172
0.0169478
0.0207064
-0.0058748
0.0185519
0.0142361
-0.0126445
0.0106413
0.0251342
-0.0074750
-0.0503623
0.0183617
0.0207972
0.0011418
-0.0245533
-0.0131603
-0.0083495
0.0148712
0.0617350
0.0481947
0.0528515
0.0364325
-0.0183251
-0.0223533
-0.0710668
-0.0604829
-0.0464001
-0.0809956
-0.0602025
0.0108428
-0.0072551
0.0473657
0.0886655
0.1611056
0.1197580
0.0203728
-0.0334578
-0.1083033
-0.0724797
-0.0614191
-0.0116061
-0.0219322
-0.0335088
-0.0601799
0.0030637
0.0346418
0.1188991
0.0716341
0.0806604
0.0740987
-0.0220655
-0.0190163
-0.0381449
-0.0181933
-0.0185795
-0.0702526
-0.0596282
-0.0120310
-0.0220780
-0.0033073
-0.0057398
0.0149288
0.0600866
0.0231494
0.0531616
0.0533452
0.0087322
0.0043328
0.0015974
-0.0548106
-0.0245266
0.0124574
-0.0213797
0.0340329
0.0146831
0.0230300
-0.0096738
-0.0038286
0.0262876
-0.0075414
-0.0073041
0.0065860
-0.0127914
-0.0206900
0.0003876
0.0160667
0.0316860
0.0271668
-0.0043140
-0.0253144
-0.0077438
0.0059992
0.0470561
0.0321228
-0.0355429
0.0074099
-0.0318276
-0.0059398
-0.0214054
0.0280435
0.0273223
0.0313365
-0.0118252
-0.0300322
0.0081372
-0.0354826
-0.0275858
0.0372733
-0.0073351
-0.0051590
-0.0346762
0.0131503
0.0043099
-0.0398975
-0.0072463
0.0415178
-0.0065140
0.0283516
0.0217261
-0.0215940
-0.0168135
-0.0150497
-0.0395047
-0.0035523
0.0319931
-0.0032151
-0.0044963
0.0162322
0.0304466
0.0409329
0.0291503
-0.0291334
0.0002329
0.0337783
0.0073194
0.0080888
0.0013691
-0.0369800
-0.0200377
-0.0219204
0.0044914
-0.0282360
-0.0092048
0.0296314
0.0296787
0.0150179
0.0038036
0.0068343
0.0296089
0.0213759
-0.0341009
-0.0424202
-0.0244968
0.0300767
-0.0084333
0.0399667
0.0037616
-0.0317527
0.0327275
0.0151281
0.0287375
-0.0015084
-0.0130079
0.0107757
-0.0245921
0.0291746
0.0007373
0.0331005
0.0211773
0.0343855
0.0118588
0.0297254
0.0179948
0.0230423
-0.0304863
0.0354443
0.0163632
0.0227594
-0.0093655
-0.0025093
-0.0232476
-0.0196750
-0.0239288
-0.0151744
0.0083173
0.0034620
-0.0107732
0.0009989
-0.0232080
-0.0290661
-0.0220527
-0.0108345
-0.0321730
-0.0367743
-0.0093229
-0.0108040
-0.0265271
0.0163109
0.0094081
0.0015880
0.0280543
0.0143825
0.0394823
0.0746897
0.0378763
0.0388247
0.0135346
-0.0472562
0.0077989
-0.0433541
-0.0204042
-0.0270054
-0.0737400
-0.0457385
-0.0031601
0.0387264
0.0339751
0.0568414
0.1133387
0.0452233
0.0013464
-0.0469117
-0.0934256
-0.0856099
-0.0240049
-0.0636643
-0.0257614
-0.0889579
-0.0332032
0.0041631
0.0851676
0.1014185
0.0970957
0.0973584
0.0558330
0.0037797
0.0130270
-0.0042849
-0.0746571
-0.0753044
-0.0270017
-0.0479036
-0.0384570
-0.0270160
0.0329850
0.0350887
0.0084154
-0.0049864
0.0159549
-0.0118394
0.0098497
-0.0351018
0.0241113
-0.0274494
-0.0472822
-0.0022342
-0.0101898
-0.0294322
-0.0230297
-0.0366778
0.0154265
0.0023162
-0.0083267
0.0291241
-0.0157585
-0.0085198
0.0202390
0.0308763
0.0188048
-0.0319978
-0.0450054
0.0160926
0.0023142
0.0350615
-0.0061074
0.0240136
-0.0201988
-0.0244832
0.0108926
-0.0230804
0.0200591
-0.0261186
-0.0046291
0.0174825
-0.0164129
0.0000600
-0.0230441
0.0092741
0.0063315
-0.0243221
0.0099026
0.0359731
0.0255890
-0.0038580
-0.0263253
0.0161086
0.0139690
-0.0271719
-0.0236050
0.0260935
-0.0303353
-0.0370581
0.0310979
-0.0205684
-0.0027885
-0.0110709
-0.0453389
0.0064593
-0.0205252
-0.0068076
0.0341511
-0.0194459
0.0342752
-0.0319112
0.0126030
-0.0076219
0.0056976
0.0270734
0.0387974
-0.0308938
-0.0230162
-0.0277967
-0.0286579
-0.0142514
-0.0070874
-0.0022600
0.0189700
0.0181561
0.0053334
0.0098398
0.0375260
-0.0107380
0.0395035
0.0083454
-0.0128416
0.0050441
-0.0247158
0.0271010
0.0264049
-0.0344775
-0.0304448
-0.0203705
0.0244834
-0.0282906
-0.0296015
0.0001264
0.0067567
-0.0266686
0.0240477
0.0351705
-0.0289275
0.0262196
-0.0025523
-0.0254056
0.0183419
0.0406176
-0.0335067
-0.0030759
0.0227901
-0.0046914
-0.0011205
0.0035514
-0.0012353
0.0446223
-0.0148122
0.0278944
-0.0172062
0.0338035
-0.0135045
0.0236388
0.0156209
-0.0326864
-0.0093190
0.0205929
-0.0053320
-0.0351554
0.0150269
0.0166997
-0.0006885
-0.0421453
-0.0131661
-0.0031698
0.0078599
0.0641513
0.0500924
0.0011093
0.0172561
