0.0055901
0.0279501
0.0001194
0.0022957
0.0169410
0.0063776
-0.0091897
0.0006226
-0.0079993
-0.0039084
-0.0232182
-0.0413537
-0.0049445
-0.0305139
-0.0194660
0.0122319
-0.0007727
0.0456542
0.0526761
0.0531369
0.0316929
0.0267309
0.0244348
-0.0047659
-0.0299738
-0.0710970
-0.0736037
-0.1066949
-0.0607089
-0.0353019
-0.0233806
0.0231170
0.0546973
0.1323062
0.1701086
0.1944567
0.1305605
0.0073043
-0.1266792
-0.1631916
-0.1492382
-0.1185344
-0.0583300
-0.0346493
-0.0130040
0.0561776
0.0698007
0.1146818
0.1165416
0.0936688
0.0412147
0.0134326
-0.0261633
-0.0463796
-0.0933256
-0.0886301
-0.0611236
-0.0538468
-0.0258804
0.0211965
0.0308688
0.0358189
0.0278051
0.0167035
0.0166367
0.0249240
0.0133956
-0.0140738
-0.0194877
-0.0069101
-0.0142062
-0.0067963
-0.0204317
-0.0165103
0.0050850
-0.0207844
-0.0084582
0.0106071
-0.0001145
0.0254033
0.0224638
0.0180272
0.0166748
-0.0219311
-0.0251058
-0.0008503
-0.0161203
-0.0027424
-0.0055668
-0.0152465
-0.0007783
0.0010980
-0.0119627
0.0160399
0.0055685
0.0133410
0.0023538
0.0143069
-0.0082897
0.0047242
0.0101269
-0.0158420
0.0058886
0.0026143
0.0068780
-0.0129814
0.0041692
0.0000192
0.0071672
-0.0144805
-0.0029105
0.0226112
-0.0113713
0.0102888
-0.0078588
0.0004986
0.0154780
-0.0091083
0.0036117
0.0039070
0.0112811
-0.0132615
0.0122848
-0.0040599
-0.0123036
0.0080977
0.0122400
0.0031593
-0.0161966
0.0178500
0.0011095
0.0185076
0.0096308
0.0024230
0.0050069
-0.0046897
-0.0128169
-0.0077271
0.0004794
0.0090859
-0.0098292
0.0193982
-0.0104094
-0.0002275
0.0071126
-0.0116558
0.0165012
0.0186409
0.0098314
0.0010690
-0.0090876
0.0042331
0.0133364
-0.0064551
0.0084046
-0.0080492
-0.0092287
-0.0039241
-0.0081566
-0.0073267
-0.0241693
-0.0070241
-0.0122600
-0.0131580
-0.0012821
0.0095485
-0.0156365
0.0123006
-0.0013280
0.0143910
-0.0123207
0.0113007
0.0140169
0.0024619
-0.0179775
-0.0187667
-0.0060907
0.0044111
0.0036880
0.0096911
0.0087256
0.0123853
0.0006302
0.0190707
0.0263284
0.0066302
-0.0047358
-0.0147667
-0.0165867
0.0015816
-0.0163498
-0.0317162
-0.0457006
-0.0181987
0.0013848
0.0064265
0.0237373
0.0292196
0.0275958
0.0332043
0.0474993
0.0471139
0.0240229
0.0186755
-0.0332170
-0.0428491
-0.0691327
-0.0870898
-0.0793207
-0.0705316
-0.0183810
-0.0130963
0.0538153
0.0811524
0.1529801
0.1738430
0.1612380
0.0311038
-0.0787884
-0.1731229
-0.1602533
-0.1190079
-0.0919736
-0.0493014
-0.0107125
0.0418853
0.0713848
0.1142273
0.1044422
0.0697816
0.0645091
0.0194409
-0.0373453
-0.0746004
-0.0692737
-0.0597994
-0.0623032
-0.0477572
-0.0320394
-0.0016298
0.0149052
0.0483900
0.0364123
0.0353072
0.0077895
0.0040965
0.0317718
0.0056084
-0.0031373
-0.0255986
-0.0391462
-0.0196978
-0.0213364
-0.0202423
-0.0046555
0.0049082
-0.0041457
-0.0148932
-0.0109699
0.0221682
0.0136647
0.0156587
0.0081412
0.0018671
0.0013041
-0.0223520
-0.0148572
-0.0141236
-0.0226928
-0.0116177
0.0032081
-0.0099139
-0.0035346
0.0026897
0.0119629
-0.0031198
0.0033383
0.0200429
-0.0081126
-0.0031831
0.0025079
-0.0027456
0.0070902
-0.0235397
0.0115541
0.0111811
-0.0093030
-0.0123361
-0.0138582
-0.0064526
0.0051198
0.0063700
0.0049842
0.0093589
-0.0160508
-0.0003442
0.0098928
0.0019794
0.0185196
-0.0041267
-0.0125952
-0.0093661
0.0023465
-0.0093844
0.0041927
0.0152727
-0.0024407
0.0013935
-0.0004451
-0.0187527
-0.0144491
-0.0073705
0.0145570
0.0043077
-0.0204300
-0.0001880
0.0127846
-0.0042234
-0.0076463
0.0036572
-0.0028115
-0.0178100
0.0029608
0.0117456
-0.0055892
0.0086224
-0.0185152
0.0072273
0.0051093
-0.0012499
0.0162712
0.0042040
0.0168202
-0.0201951
0.0141721
-0.0034687
0.0188467
-0.0095898
-0.0144412
0.0004300
0.0003356
0.0125619
0.0115846
0.0011749
-0.0126213
-0.0142953
-0.0101194
-0.0009054
-0.0070802
-0.0114286
0.0054626
0.0087764
0.0121680
-0.0067139
0.0003546
-0.0107998
0.0037445
-0.0019727
-0.0163410
-0.0142189
0.0097110
-0.0111001
-0.0050056
-0.0084894
0.0201937
0.0151625
-0.0063496
0.0011270
-0.0016757
0.0047793
-0.0122454
-0.0017150
-0.0215071
-0.0163035
-0.0247981
-0.0430736
-0.0110935
-0.0113523
0.0196257
0.0400065
0.0226732
0.0473972
0.0287777
0.0231381
0.0026215
0.0156387
-0.0058688
-0.0478143
-0.0476522
-0.0544887
-0.0739267
-0.0689492
-0.0222287
-0.0072776
0.0002891
0.0676591
0.0898918
0.1211112
0.1179285
0.0827653
-0.0180324
-0.0656239
-0.0974506
-0.0913896
-0.0671033
-0.0755548
-0.0681414
-0.0169598
0.0261442
0.0619986
0.1090973
0.1057485
0.0763311
0.0361377
0.0274058
-0.0264362
-0.0406252
-0.0610291
-0.0662048
-0.0465570
-0.0406695
-0.0274548
0.0017874
0.0165186
0.0423341
0.0491430
0.0440593
0.0324549
0.0292751
0.0134528
0.0108390
0.0049067
-0.0172092
-0.0075284
-0.0226182
-0.0216235
-0.0199132
-0.0189288
-0.0028312
0.0062891
0.0194491
0.0030779
-0.0040616
-0.0134350
-0.0150888
-0.0146956
0.0089266
-0.0069430
-0.0150483
-0.0179321
0.0007345
-0.0150677
-0.0184480
-0.0194188
-0.0128547
-0.0095198
0.0012392
0.0101046
0.0073733
0.0018531
0.0100167
0.0187019
0.0131155
0.0129594
-0.0106064
-0.0143230
-0.0060885
0.0002847
0.0056197
-0.0097363
0.0142661
-0.0063209
0.0006139
0.0133564
-0.0213910
0.0107249
-0.0097109
-0.0110668
0.0236646
0.0153770
0.0062236
-0.0107168
0.0050848
0.0135601
-0.0021233
-0.0156499
-0.0133405
0.0131743
0.0106834
0.0035423
0.0103536
0.0013384
0.0141052
-0.0017735
-0.0147180
0.0076041
0.0111883
0.0174092
-0.0085885
0.0097651
0.0008860
0.0100114
-0.0108127
-0.0094709
0.0003576
0.0150490
0.0129330
-0.0196375
0.0133807
0.0094815
0.0064826
0.0088075
0.0024067
-0.0046267
0.0088746
-0.0132772
-0.0011789
0.0069947
-0.0111038
0.0013591
0.0075097
-0.0205958
-0.0204291
0.0103451
0.0178524
-0.0068521
-0.0188850
-0.0078364
-0.0015631
0.0028747
0.0108190
0.0022032
0.0102818
0.0024492
-0.0090026
-0.0068222
0.0088840
-0.0014866
-0.0174073
-0.0194220
0.0042271
0.0044254
-0.0045319
0.0108489
0.0048098
0.0229341
0.0169860
0.0118636
0.0064180
0.0240277
0.0071963
0.0101281
-0.0013837
-0.0110021
-0.0220791
-0.0064261
-0.0145274
-0.0318305
-0.0280899
-0.0263131
-0.0176602
0.0066282
0.0046647
0.0278183
0.0187724
0.0259219
0.0340222
0.0343430
0.0255502
-0.0004123
-0.0225449
-0.0505211
-0.0662709
-0.0567476
-0.0534385
-0.0328807
-0.0131670
0.0288182
0.0533087
0.0955220
0.1257107
0.1134780
0.0389719
-0.0174049
-0.0765642
-0.0874154
-0.0719969
-0.1026241
-0.0985036
-0.0620879
-0.0062031
0.0443147
0.0693613
0.1025820
0.0815986
0.0809378
0.0601496
-0.0044650
-0.0373955
-0.0398897
-0.0637153
-0.0498360
-0.0351203
-0.0429080
-0.0386591
0.0044273
0.0075829
0.0455654
0.0268243
0.0248071
0.0430099
0.0310440
-0.0048426
0.0025111
-0.0077303
-0.0339601
-0.0310925
-0.0361368
-0.0151459
0.0066871
0.0069724
0.0102446
-0.0097765
-0.0129972
0.0200470
-0.0044864
-0.0037433
0.0192616
0.0174183
0.0166796
-0.0088154
0.0071445
-0.0214504
-0.0217825
0.0066507
0.0163308
0.0047830
-0.0025419
0.0145313
0.0134172
0.0067604
0.0090142
-0.0163086
0.0066354
0.0150840
0.0005415
-0.0041816
0.0115290
-0.0003398
-0.0121609
0.0157041
-0.0078309
-0.0011635
-0.0179402
0.0074699
0.0121898
0.0012376
0.0032395
0.0041057
0.0069013
-0.0163117
-0.0097639
-0.0032790
-0.0006725
-0.0074057
0.0012897
-0.0075508
0.0006300
-0.0097266
0.0065743
0.0063675
-0.0100855
-0.0016966
0.0077191
-0.0092927
-0.0185677
0.0167712
0.0117089
-0.0048752
0.0015427
-0.0116405
-0.0159909
0.0058806
0.0066715
-0.0128533
-0.0110786
-0.0117891
0.0123755
-0.0027299
-0.0095741
-0.0079057
-0.0007649
-0.0140763
-0.0031393
-0.0044043
0.0170082
0.0043047
0.0041485
0.0148825
-0.0114608
-0.0049300
-0.0074215
-0.0217822
-0.0014735
0.0158088
-0.0011166
0.0080858
-0.0100510
-0.0138486
0.0072729
-0.0010132
0.0028219
0.0076923
0.0148654
-0.0015893
0.0083995
0.0019083
0.0116398
-0.0054468
-0.0223598
-0.0085849
-0.0324071
-0.0099834
-0.0104397
0.0165971
0.0266588
0.0315000
0.0316844
0.0298910
-0.0008899
0.0002370
-0.0216409
-0.0252768
0.0083066
-0.0245466
-0.0227433
-0.0200153
-0.0277028
-0.0362534
-0.0124558
-0.0042829
0.0087287
0.0423732
0.0509219
0.0575675
0.0553184
0.0224316
0.0229984
-0.0010992
-0.0345374
-0.0632070
-0.0724282
-0.0754664
-0.0493850
-0.0235878
-0.0187775
0.0189362
0.0640934
0.1297357
0.1658796
0.1776651
0.0803034
-0.0198734
-0.1195866
-0.1519080
-0.1095555
-0.0800898
-0.0836678
-0.0495821
-0.0164467
0.0496112
0.0849930
0.1088905
0.1118781
0.0704373
0.0574450
0.0159509
-0.0247414
-0.0662203
-0.0749361
-0.0613620
-0.0515481
-0.0223883
-0.0003506
-0.0074109
0.0183168
0.0428506
0.0440104
0.0202556
0.0161038
0.0339832
0.0290126
0.0180829
-0.0032249
-0.0318717
-0.0134664
-0.0156634
-0.0038915
-0.0043709
-0.0174368
-0.0053269
0.0003055
0.0115422
0.0192368
-0.0046730
0.0150294
0.0150497
0.0136927
0.0137609
0.0124651
-0.0037789
-0.0021641
-0.0258779
-0.0017600
-0.0194113
-0.0030506
0.0004623
-0.0042585
-0.0077224
0.0091546
-0.0145797
-0.0107524
-0.0024609
0.0105033
-0.0064975
0.0069183
-0.0032866
-0.0084816
0.0066015
-0.0030965
0.0101415
0.0062158
-0.0109976
0.0080870
0.0118608
-0.0078732
-0.0099456
0.0003728
0.0198991
0.0117574
-0.0105623
-0.0007346
0.0138052
0.0083786
0.0124148
0.0155249
-0.0013057
-0.0138871
-0.0103381
-0.0158772
-0.0034070
0.0241385
0.0176161
-0.0092606
-0.0087018
-0.0169848
-0.0101646
0.0146228
0.0005187
0.0167201
-0.0003581
0.0094102
0.0191180
-0.0135293
0.0133981
0.0143751
0.0053447
-0.0007681
-0.0207157
-0.0099946
0.0115768
0.0047480
-0.0041611
-0.0037995
0.0153471
0.0149417
-0.0001641
0.0055505
0.0219724
-0.0061595
0.0056032
-0.0139799
-0.0030824
-0.0174461
-0.0054786
0.0161014
-0.0081013
0.0038590
-0.0043308
0.0113974
-0.0019399
-0.0145733
-0.0087369
-0.0067686
-0.0140834
-0.0136392
-0.0080643
-0.0123715
-0.0073964
0.0114049
0.0035789
-0.0262291
-0.0179183
-0.0154463
-0.0066463
0.0053170
0.0007722
0.0113413
0.0174068
0.0115343
-0.0044822
-0.0025419
-0.0120956
-0.0374153
-0.0188167
-0.0266401
-0.0081545
-0.0110809
-0.0176318
-0.0173299
0.0149733
0.0375884
0.0365916
0.0335565
0.0461367
0.0516200
0.0092729
0.0084490
-0.0155230
-0.0476396
-0.0812608
-0.0936857
-0.0837452
-0.0537864
-0.0470978
0.0164341
0.0411425
0.0804157
0.1415384
0.1774717
0.1486073
0.0507541
-0.0934714
-0.1667963
-0.1494651
-0.1456265
-0.0948998
-0.0663122
-0.0145731
0.0503075
0.0828894
0.1182389
0.0889182
0.1009635
0.0572290
0.0096024
-0.0244060
-0.0385681
-0.0763185
-0.0460263
-0.0481644
-0.0650203
-0.0260630
-0.0259285
0.0008845
0.0532389
0.0290259
0.0519713
0.0224433
0.0218831
0.0209400
0.0008460
-0.0130270
-0.0059348
-0.0354518
-0.0327163
-0.0105375
-0.0256672
-0.0220040
-0.0104705
0.0047396
0.0184057
0.0143953
0.0121670
0.0151686
-0.0028010
0.0182372
-0.0000732
-0.0104838
-0.0172325
-0.0147547
-0.0198103
-0.0140956
-0.0014966
0.0015263
0.0066907
-0.0058879
-0.0156952
-0.0005352
-0.0117011
-0.0090460
0.0253364
0.0141475
0.0038295
-0.0131759
-0.0038142
-0.0088933
-0.0162558
-0.0123670
-0.0196543
-0.0094256
0.0067843
-0.0185813
0.0017305
0.0137970
-0.0034366
0.0093348
-0.0095192
0.0105944
-0.0222882
0.0075909
-0.0045985
-0.0141285
-0.0015902
0.0039591
0.0051366
-0.0014683
-0.0098226
-0.0025197
-0.0089521
0.0036726
-0.0009523
0.0071932
-0.0100167
0.0072600
-0.0108733
-0.0116736
0.0037084
-0.0033127
0.0152227
-0.0111363
-0.0213301
-0.0179712
-0.0043352
0.0134236
0.0155713
-0.0035961
-0.0136566
-0.0167483
-0.0022442
0.0144504
0.0123736
-0.0051805
0.0125970
-0.0045501
0.0135277
0.0103354
0.0182679
0.0087790
0.0060953
0.0022261
-0.0129967
-0.0021027
-0.0091188
-0.0041179
0.0036485
0.0081844
-0.0187268
-0.0076480
0.0091636
0.0140916
0.0183490
0.0148364
0.0140837
-0.0070248
-0.0172266
-0.0198523
-0.0149904
-0.0091960
-0.0250217
-0.0085587
-0.0137372
0.0023884
0.0025522
0.0163372
0.0223343
0.0076156
0.0062271
-0.0045276
-0.0089709
0.0084946
-0.0009245
-0.0064155
-0.0301665
-0.0259122
-0.0067077
-0.0343606
-0.0203502
-0.0195718
0.0061343
0.0262147
0.0317478
0.0499178
0.0302300
0.0358302
0.0131823
0.0221946
-0.0086621
-0.0446146
-0.0373247
-0.0900674
-0.0913562
-0.0596581
-0.0640085
-0.0051500
0.0278550
0.0909798
0.1248527
0.1656909
0.1832294
0.0813226
-0.0470025
-0.1357013
-0.1786651
-0.1480407
-0.1196133
-0.0768770
-0.0332316
0.0079140
0.0670865
0.1136632
0.1112693
0.1103777
0.0806090
0.0243638
-0.0040087
-0.0512224
-0.0555813
-0.0787220
-0.0781970
-0.0706434
-0.0381776
-0.0088605
0.0190398
0.0308626
0.0400698
0.0381161
0.0424796
0.0324553
0.0088206
0.0221986
0.0048797
-0.0046662
-0.0325090
-0.0253140
-0.0090987
-0.0018714
-0.0237455
0.0106050
0.0129993
0.0083777
0.0197053
-0.0109545
0.0205986
-0.0059544
0.0152079
0.0151475
-0.0101803
0.0014314
-0.0170098
-0.0145443
-0.0226023
-0.0060606
0.0126473
0.0005565
-0.0063152
-0.0019146
-0.0136763
-0.0061593
0.0092801
0.0156975
0.0007898
0.0089915
-0.0029208
-0.0174699
0.0064948
0.0165662
0.0216392
0.0003152
0.0131063
-0.0107681
0.0013199
-0.0014394
0.0083810
0.0102093
0.0145223
0.0130880
-0.0007564
0.0190648
0.0128250
-0.0195689
-0.0110538
-0.0184660
0.0178264
0.0007122
0.0211105
0.0097267
-0.0066964
-0.0032665
-0.0151395
-0.0123335
-0.0155764
-0.0165686
0.0051968
0.0174436
-0.0028327
-0.0103565
-0.0052892
-0.0034250
-0.0149584
0.0047463
-0.0132343
0.0026086
0.0092933
-0.0072503
0.0043135
-0.0096659
-0.0146582
-0.0195568
-0.0164304
-0.0168685
0.0101813
-0.0098409
-0.0016063
-0.0035381
0.0048066
-0.0013024
0.0140784
-0.0034423
-0.0124172
-0.0016478
0.0014654
-0.0095616
-0.0055398
0.0047188
-0.0132624
-0.0002322
-0.0059031
-0.0023378
-0.0174283
