-0.0693717
-0.0216850
0.0325516
0.0254735
0.0086518
0.0473523
-0.0343060
-0.0128360
0.0294685
0.0020904
0.0236194
0.0133633
0.0216171
-0.0102350
0.0295396
0.0517134
-0.0045339
0.0582447
0.0528278
0.0121373
0.0036930
0.0303913
0.0035237
-0.0096900
0.0180034
0.0181365
0.0279238
-0.0487985
-0.0507407
-0.0538281
-0.0461811
-0.0295172
0.0586485
0.0860031
0.0511197
0.0863882
0.0514873
-0.0290511
-0.0786610
-0.1177509
-0.1643683
-0.1638297
-0.0729418
0.0394288
0.1274574
0.1908077
0.2013746
0.1592071
0.0130266
-0.1013765
-0.1903047
-0.1532816
-0.0975148
-0.0676749
-0.0349144
-0.0066279
0.0107314
0.0108245
0.0560192
0.0583916
0.0273661
0.0563292
0.0147161
-0.0277717
-0.0548419
0.0292478
-0.0356827
-0.0468078
-0.0303413
-0.0002673
0.0265260
0.0235216
0.0115087
0.0072098
-0.0077058
0.0467361
-0.0156620
0.0053534
-0.0430894
-0.0242032
0.0429377
-0.0065382
-0.0150103
-0.0070714
-0.0172385
0.0327459
-0.0107433
-0.0310968
-0.0638696
-0.0133652
-0.0323051
-0.0478757
-0.0474989
-0.0418578
-0.0197892
0.0374366
-0.0184153
0.0294340
0.0449048
0.0619785
0.1026510
0.0451255
0.0098300
0.0199583
-0.1127398
-0.1107683
-0.1667850
-0.1474843
-0.0708154
0.0095928
0.1949649
0.2681425
0.3502911
0.2080090
-0.0397911
-0.2836731
-0.2965804
-0.2112490
-0.1037348
0.0263143
0.0764043
0.0491959
0.0676092
0.0927327
0.0800728
0.0184471
0.0151388
-0.0008140
-0.0183996
-0.0743918
-0.0205819
-0.0711909
-0.0146926
0.0036379
-0.0390364
-0.0264086
-0.0123358
0.0344347
0.0147956
-0.0027056
0.0401495
-0.0181483
-0.0209662
0.0278077
0.0308525
-0.0159947
-0.0037625
0.0241817
0.0268817
-0.0016055
-0.0180990
-0.0163271
0.0029962
-0.0136524
0.0108249
-0.0547478
-0.0603559
0.0124233
-0.0051473
-0.0576213
0.0202462
0.0330913
0.0158444
0.0142373
0.0151740
0.0974964
0.0359653
0.0723504
0.0633960
0.0472195
-0.0538329
-0.1249938
-0.1228656
-0.1769282
-0.1246543
-0.0429695
0.1448081
0.2266007
0.2315991
0.1817238
0.0448181
-0.0558079
-0.2440854
-0.2380541
-0.1196379
-0.0586006
0.0503582
0.1027617
0.0306419
0.1137907
0.0944263
0.0538402
-0.0017937
-0.0178021
-0.0291310
-0.0304579
-0.0188335
-0.0054888
0.0078142
-0.0046558
-0.0056947
0.0358908
-0.0105292
0.0213127
-0.0275681
-0.0139857
-0.0268040
0.0294096
-0.0435917
0.0233610
-0.0264003
0.0088722
-0.0184530
0.0030314
-0.0135856
-0.0061182
-0.0158812
0.0178742
0.0254120
0.0001007
0.0231446
0.0163176
-0.0493583
-0.0023712
-0.0334232
-0.0026788
0.0144846
0.0115558
-0.0143253
-0.0247220
0.0645906
0.0920582
0.0367294
0.0301917
0.0881726
-0.0006054
-0.0090656
-0.0560988
-0.0954253
-0.1446359
-0.1652794
-0.0923795
-0.0418796
0.1012374
0.1702855
0.3125577
0.2491179
0.0966706
-0.0622068
-0.2432645
-0.2666465
-0.1802854
-0.0965587
-0.0144431
0.0684007
0.1183271
0.0729541
0.0718198
0.0573094
0.0403018
0.0087894
-0.0070718
-0.0544725
-0.0369453
-0.0305568
-0.0324249
-0.0063401
0.0311571
0.0222216
-0.0305379
0.0071189
-0.0120691
0.0057864
0.0273260
-0.0124567
-0.0247904
0.0328595
0.0134491
-0.0217558
0.0429222
0.0311245
0.0256550
0.0307623
-0.0303682
-0.0010770
-0.0218464
-0.0279543
-0.0048104
0.0134888
-0.0381980
-0.0190121
-0.0134134
-0.0285859
0.0244352
-0.0146852
0.0605315
0.0641543
0.0512037
0.0902469
0.0958680
0.0808407
0.0525587
-0.0392727
-0.0695213
-0.1168713
-0.1874395
-0.1474222
-0.0719269
0.0582093
0.2160029
0.3140684
0.2896338
0.1308278
-0.0420879
-0.2329674
-0.2483109
-0.2556431
-0.0865820
0.0410143
0.0367948
0.0894323
0.1112906
0.0859009
0.0409922
0.0755351
-0.0116665
-0.0278540
0.0095299
-0.0000606
-0.0077261
-0.0745042
-0.0329969
-0.0042911
0.0386956
-0.0139889
0.0037109
-0.0334679
0.0056062
-0.0143127
0.0302053
-0.0255503
0.0049011
-0.0295595
0.0154147
0.0416394
0.0269720
0.0067671
0.0026926
-0.0162712
-0.0292508
0.0206165
0.0059012
-0.0362885
-0.0328584
-0.0420048
0.0134403
-0.0334145
0.0178331
0.0092780
0.0118982
-0.0307724
0.0516453
0.0064335
0.0467337
0.0792143
0.0283060
0.0833159
0.0683264
-0.0322823
-0.0449884
-0.1459068
-0.1235195
-0.1676320
-0.1504445
-0.0515036
0.1166316
0.1918101
0.2513646
0.2882554
0.1397301
-0.0440175
-0.2027251
-0.2619874
-0.2003988
-0.0760749
0.0462325
0.0953298
0.1037115
0.1043695
0.0403171
0.0740309
0.0323275
0.0476996
-0.0318771
-0.0118210
0.0067875
-0.0032305
-0.0606789
-0.0364370
0.0009615
-0.0334759
-0.0103904
-0.0151913
0.0274781
0.0302277
-0.0170065
-0.0222261
0.0050015
-0.0407142
-0.0426425
0.0282011
0.0064615
0.0368269
0.0116011
0.0279062
0.0436100
0.0487830
0.0077410
-0.0248189
0.0056891
0.0204133
-0.0610825
0.0070674
-0.0419893
0.0293696
-0.0154779
-0.0088243
0.0088725
0.0457075
0.0015351
0.0678672
0.0840995
0.0555340
0.0356994
0.0199181
-0.0146080
-0.0369633
-0.1463756
-0.1107356
-0.0606876
-0.0044037
0.0234742
0.0985644
0.1632569
0.2161670
0.1365424
0.0166535
-0.0683802
-0.2257055
-0.1532739
-0.0786719
0.0076943
0.0676757
0.0989928
0.0708182
0.0440942
0.0465025
0.0291392
0.0128663
-0.0052115
0.0333895
-0.0059986
0.0256324
0.0225070
-0.0421865
0.0240473
0.0032898
-0.0309748
-0.0037592
0.0174154
0.0139507
0.0113760
-0.0013300
-0.0374317
-0.0333212
0.0078955
-0.0194023
-0.0047401
0.0228137
0.0136567
-0.0088360
0.0097696
0.0337305
-0.0100042
0.0355863
0.0132500
-0.0017430
-0.0326129
-0.0425019
-0.0606698
-0.0079597
0.0237074
0.0288183
-0.0210938
-0.0250051
0.0116009
0.0566435
0.0246545
0.0063460
0.0142248
0.0111371
0.0213721
-0.0424377
-0.0560019
-0.0952942
-0.0825026
-0.1018701
-0.0636813
0.0251543
0.0451505
0.1104990
0.2130785
0.1693631
0.1408810
-0.0545668
-0.1435410
-0.2242595
-0.1701814
-0.0194638
0.0126007
0.0569735
0.0130215
0.0146393
0.0812950
0.0618559
0.0081280
0.0486154
-0.0391379
0.0046140
-0.0218627
0.0030606
0.0140717
-0.0340131
-0.0267158
0.0174093
0.0004474
-0.0253794
0.0010550
-0.0248126
0.0200723
-0.0271119
-0.0229381
0.0051655
-0.0154431
0.0000081
-0.0176791
0.0291506
-0.0025330
0.0330508
0.0381118
0.0378784
-0.0180094
-0.0333355
-0.0512164
0.0246159
-0.0411621
-0.0089113
-0.0073378
-0.0329562
0.0084555
-0.0121948
0.0541734
-0.0076563
0.0411669
0.0756623
0.0697877
0.1000951
0.0634462
0.0584665
-0.0645489
-0.1092062
-0.1214988
-0.0860286
-0.0804151
-0.1027040
-0.0100137
0.0377834
0.1151162
0.1906988
0.2009962
0.1129396
-0.0107733
-0.1356490
-0.2155904
-0.1785696
-0.0490679
-0.0220971
-0.0177582
0.0115246
0.0596510
0.0441019
0.0862646
0.0343673
0.0525311
0.0484074
-0.0467881
0.0084773
0.0194439
-0.0312611
0.0057408
-0.0170229
-0.0451340
-0.0197442
0.0386735
-0.0149913
-0.0301095
0.0509725
0.0198962
0.0106261
-0.0416409
0.0221519
-0.0218411
-0.0163370
-0.0250832
0.0385208
0.0360307
-0.0025614
-0.0350931
-0.0448700
-0.0167130
-0.0165339
-0.0205186
-0.0350455
0.0238820
-0.0557060
-0.0014013
0.0125697
0.0365418
-0.0244669
0.0572082
0.0114772
0.0128848
0.0690809
0.0530126
0.0819655
-0.0025468
-0.0259938
-0.0456406
-0.0932039
-0.0896633
-0.0778838
-0.0864827
0.0364595
0.2036378
0.2640261
0.2431405
0.1398378
-0.0827532
-0.2046898
-0.2734021
-0.2204080
-0.0669718
-0.0073434
0.0210619
0.0954126
0.0413977
0.0214493
0.0124331
-0.0098904
-0.0253115
-0.0236259
-0.0105549
-0.0181149
0.0019337
-0.0478226
-0.0597625
-0.0011929
-0.0499739
0.0343350
-0.0053787
0.0412432
0.0420113
-0.0247063
0.0161585
0.0379537
-0.0190883
0.0348444
-0.0165681
0.0172376
-0.0390770
0.0280321
-0.0193056
0.0129713
-0.0053755
-0.0079362
0.0242431
-0.0455443
0.0293338
-0.0208208
-0.0537477
-0.0160499
-0.0048860
-0.0496759
-0.0067513
-0.0377927
0.0160340
-0.0268711
-0.0021765
0.0950717
0.0395524
0.0371713
0.0532228
-0.0143495
-0.0524132
-0.0817323
-0.0951827
-0.0664356
-0.0191067
0.0172158
0.1137972
0.1927776
0.0990001
0.0773622
0.0061949
-0.0794592
-0.1278622
-0.1626428
-0.1144431
-0.0213901
0.0773250
0.0744111
0.0377289
0.0523046
0.0553855
-0.0078362
-0.0306167
0.0207766
-0.0175582
-0.0301288
-0.0636072
-0.0049424
-0.0425058
-0.0410904
-0.0290015
-0.0335935
-0.0371802
0.0035379
-0.0345266
0.0073287
-0.0276141
0.0035367
0.0123473
-0.0451392
-0.0184148
0.0179170
-0.0020947
0.0082962
0.0312284
-0.0116263
-0.0063491
-0.0174806
0.0059823
-0.0342553
0.0267237
-0.0463456
0.0352309
-0.0077876
-0.0427266
-0.0386156
-0.0541556
-0.0243645
-0.0132386
-0.0018971
-0.0236405
0.0363649
0.0394226
0.0704882
-0.0000947
-0.0111360
-0.0383838
-0.0265561
-0.1275128
-0.1271550
-0.1273016
-0.0904875
0.0212737
0.1710873
0.1868217
0.2404663
0.1443876
-0.0210067
-0.1214825
-0.1386135
-0.1273248
-0.0868724
-0.0136987
0.0778010
0.0951153
0.0175122
0.1014256
0.0556957
0.0593737
0.0045652
-0.0339511
-0.0596162
-0.0010168
-0.0114322
-0.0499813
-0.0400609
0.0192117
-0.0394367
0.0313847
0.0384748
-0.0002330
0.0499069
0.0482433
-0.0278103
0.0361550
-0.0140061
-0.0524917
0.0293122
0.0357022
-0.0445739
-0.0444709
0.0029586
0.0045984
0.0263104
0.0516331
0.0490123
0.0521210
-0.0025814
-0.0043697
-0.0407499
-0.0161118
-0.0110643
-0.0261613
0.0006295
-0.0067737
-0.0328515
0.0297363
0.0446170
0.0145722
0.0543752
0.0834910
0.0488542
0.0586467
-0.0368376
-0.0954705
-0.1270093
-0.1528736
-0.0748056
-0.0414612
0.0673932
0.1473071
0.2057626
0.1531598
0.0243052
-0.0188005
-0.1243718
-0.1099230
-0.1237996
-0.0325701
0.0333617
0.0545566
0.0475723
0.0462039
0.0222898
0.0567415
-0.0194219
0.0100260
-0.0496702
0.0278947
-0.0432101
-0.0127867
0.0000413
0.0206374
-0.0260800
0.0264167
0.0303368
0.0500959
0.0542014
-0.0339942
-0.0096293
0.0435304
0.0400768
-0.0400588
-0.0021946
-0.0099909
0.0053745
0.0148092
-0.0533724
-0.0107273
0.0551690
0.0054203
0.0736598
0.0526890
0.0433351
0.0159418
-0.0524969
-0.0442813
-0.0297010
-0.0216658
-0.0399271
0.0039903
-0.0078381
-0.0014658
0.0370570
-0.0121072
-0.0156942
0.0110926
0.0860715
0.0934002
0.0295063
0.0152707
-0.0588322
-0.1445808
-0.1668616
-0.1746208
-0.0444133
0.0059312
0.1618685
0.1574800
0.1417758
0.0834472
0.0068192
-0.0866905
-0.1468022
-0.1334953
-0.0629720
-0.0451797
0.0219815
0.0465555
0.0205876
0.0328162
0.0647638
-0.0164609
-0.0031083
0.0364093
0.0261735
0.0247034
-0.0403646
-0.0094867
-0.0101277
0.0197240
-0.0012946
0.0056714
-0.0013758
0.0366288
0.0002118
0.0458084
0.0089293
0.0048965
0.0283979
-0.0316439
-0.0498233
0.0351656
-0.0333435
-0.0140465
-0.0302187
0.0509462
0.0446730
0.0212673
-0.0275286
-0.0290741
0.0128648
-0.0228545
-0.0187884
0.0068028
-0.0097881
0.0121411
-0.0321387
-0.0219636
0.0339782
0.0295045
0.0320772
0.0280356
0.0385616
0.0198553
0.0313398
0.0324303
-0.0650369
-0.1333461
-0.1100352
-0.1343814
-0.0852597
-0.0056480
0.1467948
0.2017890
0.2431809
0.1631074
-0.0134914
-0.1408889
-0.2226886
-0.1656426
-0.1173549
-0.0269818
0.0598035
0.0742215
0.0650161
0.0415994
0.0486570
-0.0114915
-0.0388742
0.0333483
0.0096609
-0.0361472
0.0141188
-0.0260188
-0.0046101
0.0003333
-0.0233784
-0.0072020
0.0550475
0.0400238
0.0318825
-0.0137702
-0.0325852
0.0348224
-0.0102410
-0.0021425
-0.0246671
-0.0424213
-0.0563313
-0.0477532
-0.0082254
0.0296694
-0.0138999
0.0454883
-0.0224689
0.0413571
0.0358165
0.0307634
-0.0011325
0.0178135
-0.0381201
-0.0418389
0.0032886
0.0047423
-0.0237254
-0.0535730
0.0304853
-0.0181413
0.0259950
0.0242769
0.0237672
-0.0048680
0.0813719
0.0950530
0.0206324
0.0342036
-0.0389681
-0.1484800
-0.1476606
-0.0775906
0.0408943
0.0989616
0.1427387
0.1665412
0.0914680
-0.0120977
-0.0401931
-0.1327935
-0.1303153
-0.0608350
0.0157795
0.0021239
0.0584318
0.0870723
0.0039492
0.0165461
0.0259387
0.0176279
0.0361223
0.0140754
0.0040027
-0.0374075
-0.0104608
-0.0134741
0.0131897
-0.0306230
0.0392867
0.0306179
-0.0231524
0.0045140
-0.0172665
-0.0467091
-0.0214395
-0.0138287
0.0324557
-0.0349051
0.0205120
-0.0380629
-0.0091361
-0.0244001
-0.0095798
0.0063170
0.0448065
-0.0176197
0.0547114
0.0298687
-0.0435093
0.0030713
-0.0348231
-0.0566071
0.0021255
-0.0207439
-0.0362096
-0.0224004
0.0033847
0.0207157
0.0613742
-0.0016095
0.0553561
0.0482457
0.0152805
0.0228628
0.0009571
-0.0414814
-0.0561997
-0.0975795
-0.0825600
-0.0964504
-0.0120067
0.1237160
0.1600450
0.2145619
0.1468995
0.1094980
0.0008929
-0.1013050
-0.1225947
-0.1450085
-0.1233465
-0.0106290
0.0636123
0.0921459
0.0668222
0.0883932
0.0446200
0.0195831
0.0308046
-0.0208753
-0.0432184
0.0059867
-0.0662805
-0.0536769
-0.0482291
-0.0142498
-0.0450594
0.0216423
0.0197170
0.0110119
0.0482964
0.0404203
-0.0190789
-0.0376210
0.0107754
-0.0253702
-0.0475639
-0.0063376
0.0315973
-0.0098422
-0.0081548
0.0469850
-0.0026076
0.0230732
-0.0190015
0.0187231
0.0244347
-0.0354047
0.0208288
-0.0218321
-0.0405768
-0.0168159
-0.0170887
0.0012522
-0.0306716
0.0409780
0.0338071
-0.0031178
0.0797698
0.0304620
0.0529493
-0.0041554
-0.0385666
-0.0937656
-0.1147263
-0.1538403
-0.0996549
0.0124417
0.0494136
0.1878439
0.1551458
0.1252470
0.0618518
-0.0048943
-0.1223783
-0.1613881
-0.1262811
-0.0513307
0.0404199
0.0826272
0.0427559
0.0091777
0.0049871
-0.0073649
-0.0044221
0.0062983
0.0166446
-0.0366362
-0.0047582
0.0203372
0.0214467
0.0042040
0.0105662
-0.0273258
-0.0123977
0.0118572
-0.0194176
-0.0366329
-0.0120545
-0.0320454
-0.0189882
0.0162581
-0.0251097
-0.0012143
0.0239038
0.0298238
-0.0246015
0.0493754
0.0251911
-0.0071777
0.0496801
0.0070708
-0.0373074
-0.0305612
-0.0666416
-0.0193073
-0.0062672
0.0028755
-0.0079685
0.0148074
0.0215711
-0.0071013
0.0143212
0.0156657
0.0547446
0.0503634
0.0806446
-0.0040738
-0.0256460
0.0021085
-0.1008339
-0.1053172
-0.0683345
-0.0517721
-0.0259152
0.0074454
0.1163816
0.0902289
