-0.0153518
-0.0161311
-0.0108458
0.0101939
-0.0159653
-0.0206827
0.0018522
-0.0020963
-0.0025911
-0.0027239
0.0153363
0.0165445
-0.0036466
-0.0070370
-0.0099231
0.0055593
0.0193643
-0.0090500
-0.0100148
-0.0194179
-0.0080083
-0.0220508
-0.0031574
0.0089570
0.0133957
0.0006734
0.0053030
0.0039745
-0.0008027
0.0038118
0.0177081
-0.0009411
-0.0097192
0.0031175
0.0085864
-0.0017899
-0.0266387
-0.0151170
0.0006892
-0.0154854
-0.0166140
-0.0085765
0.0059104
0.0165934
-0.0099630
0.0135706
0.0260949
0.0113267
0.0271620
0.0207691
-0.0102413
-0.0190077
-0.0382264
-0.0361151
-0.0184068
-0.0007846
-0.0141296
0.0023615
0.0032958
0.0226097
0.0334553
0.0288009
0.0085874
-0.0126619
-0.0079427
0.0577131
0.0742637
0.0692668
-0.0194511
-0.1252292
-0.1415196
-0.1128735
-0.0413659
0.0507843
0.1001883
0.0925772
0.0789813
0.0496622
0.0455208
0.0067199
-0.0215519
-0.0398248
-0.0534341
-0.0526825
-0.0216651
-0.0206523
-0.0183353
0.0095956
0.0237482
0.0113032
0.0191494
0.0005927
0.0164612
0.0113939
-0.0002934
0.0041590
-0.0188936
-0.0031144
-0.0212321
-0.0004760
-0.0155515
0.0075486
-0.0089532
-0.0129545
-0.0058807
-0.0044789
0.0010710
-0.0014458
-0.0037791
0.0028262
0.0033419
-0.0092636
0.0133441
0.0107792
0.0043510
-0.0048571
-0.0060386
0.0031987
0.0111497
0.0168134
-0.0005201
0.0121752
-0.0097527
-0.0109438
0.0119182
-0.0082812
0.0142970
-0.0034924
0.0072048
-0.0176357
-0.0081471
0.0121027
-0.0073868
-0.0115893
0.0036069
-0.0124765
-0.0068805
-0.0008918
0.0150881
-0.0144548
-0.0130068
-0.0167935
0.0054373
0.0005628
0.0039372
-0.0006712
0.0168878
0.0214489
0.0109234
-0.0054047
-0.0138230
-0.0213302
-0.0053232
0.0005548
-0.0067865
0.0182276
0.0060943
0.0060535
0.0140523
0.0129736
-0.0112965
-0.0087778
-0.0086466
0.0075760
-0.0148759
0.0041743
-0.0005684
0.0111999
0.0140898
0.0136468
-0.0149920
-0.0188800
0.0145687
-0.0104141
-0.0056521
0.0150009
-0.0048721
0.0055867
0.0166684
0.0124737
-0.0012017
-0.0158944
-0.0164509
-0.0163951
-0.0048069
-0.0003097
0.0142549
0.0129036
0.0062984
0.0124791
0.0105013
-0.0018320
0.0104254
0.0142875
-0.0062271
-0.0006158
-0.0135190
-0.0036881
-0.0070839
-0.0253860
-0.0234193
-0.0109876
0.0127350
0.0010310
0.0122309
-0.0062319
0.0222903
0.0115096
0.0042895
-0.0122921
0.0116722
-0.0092442
-0.0056180
-0.0228872
-0.0182655
-0.0123371
-0.0102860
0.0047604
-0.0110804
-0.0087439
-0.0014027
0.0086988
0.0220712
0.0421534
0.0167278
0.0171769
-0.0072060
-0.0170534
-0.0320029
-0.0511574
-0.0462901
-0.0433023
-0.0197059
-0.0198211
-0.0108841
-0.0006660
0.0374458
0.0719369
0.0810790
0.0838285
0.0094486
-0.0368962
-0.0505903
-0.0210834
0.0157433
-0.0047288
-0.0784319
-0.1335058
-0.1071017
-0.0022905
0.0626955
0.1097819
0.0812900
0.0681362
0.0574511
0.0261936
-0.0158050
-0.0482826
-0.0492521
-0.0627538
-0.0538880
-0.0302552
-0.0361289
0.0081180
0.0226879
0.0324423
0.0171943
0.0400885
0.0267483
0.0309949
0.0003785
0.0126751
-0.0122365
0.0059489
-0.0205398
-0.0203344
-0.0211361
-0.0165131
-0.0092759
-0.0017391
-0.0087470
-0.0095977
0.0056234
0.0061077
0.0035369
0.0222462
-0.0014316
-0.0151706
-0.0148447
0.0083994
-0.0139953
0.0047777
-0.0031107
-0.0125512
-0.0101685
0.0006313
0.0039591
0.0082587
-0.0066859
-0.0115127
-0.0028377
0.0080283
-0.0117462
-0.0129137
0.0111994
0.0035362
0.0089711
-0.0037536
-0.0042292
0.0113388
0.0049533
-0.0032007
-0.0120834
0.0031515
-0.0004991
-0.0021240
-0.0075407
-0.0113935
0.0060061
0.0116506
-0.0121161
0.0064606
0.0061796
-0.0069948
-0.0165113
-0.0176275
-0.0042062
-0.0140689
0.0046526
0.0074801
-0.0082718
0.0019969
-0.0030837
0.0112570
-0.0042926
0.0091812
0.0160784
0.0056162
-0.0030254
-0.0066608
-0.0048523
0.0059257
-0.0047526
-0.0039264
-0.0008471
0.0143341
0.0082813
-0.0135990
-0.0094352
-0.0032164
0.0045478
0.0177442
-0.0124651
-0.0156904
-0.0029203
0.0090847
0.0084244
-0.0061538
0.0002285
-0.0021672
-0.0008249
0.0003813
-0.0125452
0.0068624
-0.0105373
-0.0086113
0.0118103
0.0256312
-0.0017980
-0.0017770
0.0108281
-0.0060220
0.0038393
-0.0199247
-0.0002836
-0.0078899
-0.0180182
0.0046041
0.0109373
-0.0098368
-0.0009299
0.0128735
0.0011890
-0.0066834
-0.0085495
0.0140574
0.0103414
0.0082902
-0.0039471
-0.0158052
-0.0101971
-0.0221567
-0.0207620
-0.0196455
-0.0018536
0.0191777
0.0154982
0.0362942
0.0239048
0.0295090
0.0419667
0.0139074
-0.0032611
0.0066660
-0.0409925
-0.0574349
-0.0758671
-0.0542317
-0.0554329
-0.0319012
-0.0184015
0.0049987
0.0421095
0.0943906
0.1429906
0.1098694
0.0510716
-0.0461911
-0.0770842
-0.0671853
-0.0385697
-0.0522890
-0.0944937
-0.1064558
-0.0456342
0.0372411
0.1107662
0.1317453
0.1050481
0.0733004
0.0442184
-0.0030488
-0.0219705
-0.0492913
-0.0530150
-0.0719185
-0.0617450
-0.0447460
-0.0120601
0.0133013
0.0264266
0.0309867
0.0355048
0.0278047
0.0221128
0.0075005
-0.0032099
0.0092791
-0.0209634
0.0017976
-0.0267541
-0.0189911
-0.0077401
-0.0108612
0.0024531
-0.0119788
0.0118537
0.0063343
0.0139770
0.0161541
-0.0074423
0.0114410
-0.0045743
-0.0019939
0.0131578
0.0129304
0.0088297
-0.0188664
-0.0232179
0.0025883
-0.0194304
-0.0193365
-0.0159174
-0.0114776
0.0052040
-0.0060927
-0.0005768
-0.0001726
0.0094154
-0.0017929
0.0132325
0.0138561
0.0051050
-0.0101115
0.0124364
-0.0114907
-0.0153573
-0.0152793
0.0100874
-0.0120993
0.0077345
-0.0037581
-0.0105040
0.0125260
0.0012554
-0.0101981
-0.0117952
-0.0013849
-0.0084284
0.0107785
-0.0125564
0.0045537
-0.0183809
-0.0137184
0.0012364
0.0000784
0.0061809
0.0163152
-0.0047224
0.0086645
-0.0119882
0.0139830
0.0140327
-0.0128270
0.0026556
0.0077480
-0.0031921
-0.0087501
-0.0150634
-0.0004599
-0.0074791
-0.0101177
0.0043153
-0.0152024
-0.0113171
0.0099059
-0.0070047
0.0082738
-0.0118529
-0.0019511
-0.0051161
0.0017236
-0.0033674
0.0092558
-0.0143972
0.0124031
-0.0063087
-0.0105253
0.0029098
-0.0050622
-0.0044569
0.0023408
0.0102756
0.0177290
0.0139201
0.0002259
0.0181016
-0.0093863
-0.0005131
-0.0182958
-0.0290977
-0.0081004
-0.0182698
0.0020504
0.0001310
0.0131226
0.0031854
0.0286316
0.0073889
0.0130359
0.0060744
-0.0009837
0.0023123
-0.0125038
-0.0169108
-0.0249983
-0.0286699
-0.0045096
-0.0233726
-0.0388528
-0.0051346
0.0023956
0.0114160
0.0431650
0.0267245
0.0228830
0.0367632
0.0363533
0.0211697
-0.0055297
-0.0097210
-0.0474065
-0.0622168
-0.0798444
-0.0780639
-0.0439930
-0.0108877
0.0132018
0.0419038
0.0632680
0.1273908
0.1487942
0.1240758
0.0135506
-0.1040608
-0.1372453
-0.1034116
-0.0572235
-0.0260251
-0.0535242
-0.0680852
-0.0147691
0.0414763
0.0986468
0.0928638
0.0866158
0.0572479
0.0482244
0.0157248
-0.0172032
-0.0664261
-0.0802429
-0.0649982
-0.0399126
-0.0247028
-0.0020589
0.0147266
0.0199825
0.0207182
0.0437460
0.0378126
0.0064326
0.0209723
0.0263326
-0.0060748
0.0038514
-0.0285990
-0.0267232
-0.0126624
0.0029061
-0.0185642
-0.0147778
-0.0135956
-0.0014734
-0.0019957
0.0046940
-0.0024551
0.0169463
0.0145625
-0.0138212
-0.0159006
-0.0036574
-0.0049784
0.0079496
-0.0047836
-0.0088997
0.0000441
-0.0072456
0.0147458
0.0033627
-0.0037035
-0.0095730
0.0046711
0.0034371
0.0021671
0.0113710
-0.0085275
-0.0051587
-0.0116248
-0.0221854
-0.0193493
0.0040610
-0.0153426
-0.0054093
0.0195535
-0.0010556
0.0137163
0.0024948
-0.0091617
0.0057295
0.0096626
-0.0102864
0.0014572
-0.0031446
-0.0111140
0.0005156
0.0220977
0.0105333
-0.0200604
0.0022141
-0.0175486
0.0115420
0.0038790
0.0076870
-0.0054735
-0.0152603
0.0125743
0.0151848
0.0013865
-0.0073786
-0.0053848
0.0028557
0.0198511
-0.0049801
0.0156447
-0.0155609
-0.0148835
0.0031958
-0.0140732
0.0087128
-0.0101170
0.0007512
-0.0035355
0.0057780
0.0082192
0.0020429
-0.0094892
-0.0079297
-0.0126149
0.0047640
0.0049834
-0.0001749
-0.0161918
-0.0123901
0.0149770
0.0135877
-0.0184580
0.0002279
0.0103876
-0.0144094
-0.0049523
0.0089499
0.0215072
-0.0043394
0.0203955
-0.0038199
0.0096762
0.0009806
-0.0076077
-0.0243841
0.0040715
-0.0096566
0.0106256
0.0001363
0.0105306
0.0081802
0.0000678
-0.0036579
-0.0006321
0.0132598
0.0240830
-0.0052774
-0.0023764
0.0037383
-0.0258353
0.0022810
-0.0076634
-0.0201572
-0.0245731
0.0000876
-0.0041739
-0.0082484
-0.0037249
0.0207926
0.0357786
0.0123027
0.0256383
0.0336491
-0.0004642
-0.0026577
-0.0186085
-0.0481848
-0.0403526
-0.0496178
-0.0196526
-0.0296215
0.0056301
-0.0138737
0.0299701
0.0522923
0.0784404
0.0779544
0.0390681
-0.0122530
-0.0048057
0.0036890
0.0049715
-0.0279567
-0.0900058
-0.1103581
-0.0875705
-0.0179951
0.0445907
0.0764533
0.0868580
0.0872776
0.0459889
0.0411664
0.0092000
-0.0445501
-0.0505283
-0.0352823
-0.0417026
-0.0459917
-0.0284872
-0.0137002
-0.0011056
0.0241471
0.0199503
0.0249847
0.0102436
0.0091762
0.0001715
0.0109525
-0.0055524
0.0116625
-0.0220346
-0.0054174
-0.0197678
-0.0030759
-0.0096002
-0.0058852
0.0054802
0.0144988
-0.0018362
0.0136608
0.0026571
0.0057092
0.0179383
0.0183519
0.0010755
0.0172681
-0.0178949
-0.0150277
-0.0161437
-0.0163600
-0.0059284
-0.0067676
0.0085547
0.0059535
0.0041661
-0.0013762
-0.0059155
-0.0074446
-0.0072991
0.0092400
-0.0097545
-0.0163718
0.0163385
0.0073277
0.0031709
-0.0129603
-0.0142627
-0.0022831
-0.0139623
-0.0184954
-0.0002756
0.0024970
0.0033416
0.0085624
0.0176804
-0.0154015
0.0028919
-0.0206155
0.0002685
0.0212699
0.0050535
0.0039763
-0.0014504
0.0004842
-0.0005286
-0.0103420
0.0144522
-0.0049399
0.0082676
0.0067612
0.0084073
-0.0053667
0.0056094
0.0036334
-0.0165769
0.0099521
0.0125406
0.0086319
0.0039293
0.0081739
-0.0046076
-0.0085684
0.0112561
0.0080299
0.0072535
-0.0065492
-0.0190612
-0.0020655
0.0107475
0.0071544
0.0130453
-0.0123340
0.0165451
0.0041286
-0.0117298
0.0033666
-0.0047845
0.0014255
-0.0126876
0.0054992
-0.0210633
-0.0080815
0.0143831
0.0047808
0.0205446
-0.0077177
0.0104891
0.0067578
-0.0051218
0.0155597
-0.0101124
-0.0208450
-0.0036218
-0.0080864
-0.0009926
-0.0094100
0.0028664
-0.0050131
0.0022105
-0.0065920
-0.0091222
-0.0058592
0.0203509
0.0161877
0.0126746
-0.0115033
-0.0069329
-0.0061053
0.0060705
0.0070826
-0.0097881
0.0002901
-0.0229151
0.0018921
-0.0055255
-0.0076577
-0.0047674
-0.0080496
0.0038408
0.0207476
0.0166683
0.0212094
0.0172368
-0.0040636
-0.0190029
-0.0189609
-0.0290328
-0.0148517
-0.0213899
-0.0215613
-0.0124038
-0.0174605
0.0099431
0.0173498
0.0274804
0.0310720
0.0090309
-0.0154952
0.0246575
0.0646688
0.0735098
0.0365121
-0.0785966
-0.1436212
-0.1334510
-0.0683357
0.0260902
0.0793763
0.0839149
0.0927343
0.0701325
0.0506794
0.0185657
-0.0224815
-0.0210396
-0.0297693
-0.0498458
-0.0237868
-0.0312865
-0.0172004
-0.0016278
0.0092324
0.0219389
0.0253255
0.0250895
0.0290337
0.0075674
0.0038835
0.0054014
0.0073807
-0.0211021
-0.0303379
-0.0182684
-0.0056194
-0.0001582
-0.0083938
-0.0009529
-0.0132372
0.0165768
0.0033804
0.0145821
0.0265767
0.0244115
-0.0063491
0.0170647
-0.0167827
0.0084038
0.0028165
-0.0021032
0.0088793
0.0025157
-0.0090986
0.0076745
-0.0049584
0.0215175
0.0241658
0.0219502
0.0092710
0.0009558
0.0046736
-0.0091171
-0.0243487
0.0052469
-0.0082334
0.0186835
0.0119442
0.0065623
-0.0062970
-0.0070415
-0.0064989
-0.0099609
0.0154014
-0.0015635
-0.0027463
-0.0133307
-0.0031435
-0.0156700
-0.0024165
0.0074960
0.0165232
-0.0031356
0.0110814
-0.0173669
0.0078768
0.0062223
-0.0123762
0.0114426
0.0088044
-0.0044040
-0.0143650
0.0075656
0.0022090
0.0079549
0.0164594
-0.0060463
-0.0081090
-0.0081812
-0.0068332
-0.0066135
-0.0037239
-0.0096169
0.0139540
0.0100652
-0.0126255
-0.0045554
-0.0065257
-0.0002945
-0.0142150
0.0026463
-0.0052604
-0.0010919
0.0061943
-0.0083558
0.0065699
-0.0144868
-0.0002849
-0.0083597
-0.0177635
-0.0173773
0.0089570
-0.0006222
0.0015089
-0.0095043
0.0081262
0.0023398
0.0000947
0.0132519
0.0137588
0.0009561
0.0048599
0.0046351
-0.0267950
-0.0163226
-0.0133433
-0.0178456
0.0086226
-0.0058239
-0.0076755
0.0166371
0.0021367
-0.0004887
-0.0018020
-0.0041729
0.0061953
-0.0047779
0.0099821
0.0083002
-0.0265596
-0.0157032
-0.0266323
-0.0040443
-0.0112547
-0.0027535
-0.0051346
0.0107084
0.0181069
0.0392720
0.0122599
0.0109565
0.0339109
0.0217035
-0.0052172
-0.0176705
-0.0142102
-0.0320153
-0.0397138
-0.0357943
-0.0260084
-0.0278219
-0.0081831
0.0156893
0.0746788
0.0858269
0.0956968
0.0357052
-0.0163942
-0.0616939
-0.0201969
0.0066514
0.0020384
-0.0626070
-0.1159893
-0.0870400
-0.0140484
0.0557930
0.0971927
0.0900792
0.0893633
0.0521986
0.0281375
-0.0027050
-0.0372464
-0.0557276
-0.0575157
-0.0492886
-0.0501514
-0.0178830
-0.0037860
0.0119674
0.0133323
0.0313818
0.0409515
0.0364513
0.0279776
0.0140332
0.0113205
0.0075695
0.0108596
-0.0237489
-0.0089737
-0.0203210
-0.0281320
-0.0180206
-0.0074806
0.0111201
-0.0067485
-0.0032041
0.0252335
0.0265160
0.0251028
0.0080519
0.0083201
-0.0070580
-0.0188501
-0.0062753
-0.0122207
-0.0019571
0.0095077
0.0084310
0.0123354
-0.0101863
0.0023960
0.0011713
-0.0002242
-0.0114304
0.0003593
0.0106637
0.0050586
-0.0015909
-0.0042821
-0.0093000
0.0127097
0.0077824
0.0082054
-0.0044983
0.0088504
0.0093860
0.0101828
0.0021184
-0.0153874
-0.0139781
-0.0206093
-0.0129565
0.0019154
-0.0045516
0.0181717
-0.0011990
-0.0157246
-0.0111618
0.0108004
-0.0135727
-0.0135383
0.0135384
0.0112431
0.0086627
-0.0120782
-0.0007623
0.0037235
-0.0004156
0.0143158
-0.0120338
-0.0096917
-0.0043097
-0.0058044
-0.0000008
0.0069908
-0.0021008
-0.0156697
-0.0005146
0.0098419
-0.0164363
0.0045289
-0.0040389
-0.0020391
0.0093722
0.0027504
-0.0075500
-0.0001075
0.0050815
0.0157432
-0.0049821
-0.0096432
-0.0082040
0.0029707
