-0.1071334
0.0724933
0.1556394
-0.0638589
0.0393926
0.1371412
0.0869897
0.1180722
-0.0124795
-0.1061259
0.1346131
-0.0451377
0.1099422
-0.0120579
0.0082892
0.0247587
0.1581269
-0.0778542
-0.0424374
-0.0512085
0.0383313
0.1070478
-0.1237495
0.0812076
-0.1289541
-0.0716801
-0.0356963
-0.1133753
-0.1040863
0.0976295
-0.0704391
-0.0004821
-0.0878280
-0.0003166
0.0300377
-0.0298810
0.1536751
-0.1318587
-0.0276282
0.1538052
-0.0517587
-0.0450548
0.0167660
0.1388885
0.0308826
-0.0728305
0.0010700
-0.1452443
0.0876439
-0.0758059
-0.0709927
-0.0477820
0.0210495
-0.0823252
-0.0685370
-0.1640894
0.0040632
0.0757906
-0.0170790
0.1012938
-0.0055735
0.0745294
0.0857100
0.1544878
-0.1411646
0.0517641
0.0654054
-0.0147598
-0.1468055
0.1288441
-0.0272202
-0.0179964
-0.1155818
-0.1487727
0.1048364
0.0571508
-0.0898964
0.0899831
0.1638836
0.1661877
0.1310698
0.0290357
-0.0049780
0.0175753
0.0452791
-0.0350860
0.0001775
-0.0191611
-0.1094664
0.0293113
-0.0423599
0.0936014
-0.0262007
0.1025854
0.0242019
0.0975065
0.0342221
0.1278837
-0.1436147
0.0267080
-0.1489049
-0.1218423
-0.0283116
-0.0337237
-0.1494190
-0.1026003
0.0001798
-0.0172559
0.0946652
0.0836990
-0.0773595
-0.0860826
0.0698120
0.0036690
0.1459593
-0.1339509
0.0330449
-0.0439307
0.1395076
0.1458966
0.1003453
-0.0297466
-0.0494913
-0.1376304
0.0957150
-0.1402220
-0.0626409
0.1036054
0.0298418
-0.0465296
-0.0351372
0.1174571
0.0761190
0.1330544
0.0641773
0.0672371
-0.0736246
-0.0261742
0.0682769
-0.0653329
0.0760909
0.0486041
-0.0329468
0.0460835
-0.0461910
-0.0188309
0.1582151
-0.0762184
0.0170537
0.0725096
0.1229064
-0.0246938
-0.0525959
0.0443132
0.0680951
0.1433253
0.0388928
0.0322529
0.1214023
0.0664243
0.0845501
0.1296103
0.1639252
0.1298342
-0.0292784
0.1178912
0.0371280
-0.1449664
0.1063843
-0.1002930
-0.0503239
0.0816467
-0.0935410
0.1571542
0.0383654
0.1449848
0.0601225
-0.1111943
0.0576923
-0.0152026
0.1378518
-0.0746155
-0.1329040
0.0531630
-0.0899479
-0.0283663
0.1468450
-0.0994124
0.0186645
-0.0112714
0.1262495
-0.0361472
0.1004773
0.1372750
-0.0427035
0.0641480
0.0429519
-0.0189140
0.0541314
-0.1317141
0.1262026
0.0190459
-0.1544374
0.0792413
-0.0228269
0.0106901
-0.0562346
0.0711865
-0.0020421
0.0238702
-0.0357065
-0.0695921
-0.1554382
-0.1013921
-0.0566102
-0.0328715
-0.0337835
-0.0646642
-0.0587031
0.0855224
0.0308509
-0.0244744
0.2185911
0.0468175
0.0881325
0.0416105
0.0595442
-0.0708624
0.0032941
-0.2307689
-0.0714671
-0.2182177
-0.3766748
-0.1743471
-0.4008853
-0.1291239
0.4315109
1.0225320
0.8766057
0.4993983
-0.3901850
-0.7945732
-0.6237054
-0.2238947
0.0034775
0.1350855
0.2368953
0.1261305
0.1532219
0.2645350
0.1580676
-0.0282574
-0.0113494
0.0956112
0.1372696
-0.1722204
-0.2035448
-0.1007031
-0.0622165
0.0585642
0.0761148
0.1560024
0.1370758
0.0439851
0.1549714
0.0283286
-0.0471074
-0.0442053
0.0248218
0.0009834
0.0042719
0.0027871
0.0081764
-0.1427097
-0.1617109
-0.1240375
0.0671891
0.0836088
-0.0333936
-0.0889219
-0.0041526
0.1486554
0.0901272
0.0313888
-0.0877431
-0.0005398
0.1005308
0.1202477
-0.1217613
0.0530780
0.0465312
-0.0691865
-0.1386231
-0.0699371
-0.1211549
-0.1593092
0.1336131
0.1482565
-0.0590485
-0.0044043
0.0083692
0.1154094
0.0340717
-0.1308427
-0.1616634
0.0357706
-0.1561371
0.1160102
0.0017575
-0.0057938
-0.0263518
0.0602303
-0.0229281
0.0226389
0.1103527
0.0055943
0.1441094
0.0713594
-0.1464949
-0.1161135
-0.1402465
-0.1383355
0.1250621
-0.0280834
-0.1297908
-0.0090177
-0.0161922
-0.0022127
-0.0962252
0.1018977
0.0003968
-0.0235101
-0.0418811
-0.1375744
0.0139173
0.0258675
-0.1472699
0.0150353
0.0023087
0.0505504
-0.0146342
0.0171379
-0.1541452
0.1579188
0.1090371
0.1554716
0.1045277
0.0459513
0.0059092
0.0355924
0.1670503
0.0234193
0.0336591
-0.0113607
-0.1340300
-0.0737819
0.1584413
-0.1045997
-0.0630615
-0.0362117
0.1155990
-0.0716195
-0.0233598
-0.0164868
-0.0289425
0.0050293
-0.0962029
0.0811751
0.0583992
-0.0375483
0.0587593
0.0913492
0.0710182
-0.1018118
0.1224229
0.0891863
-0.0747410
0.0386388
-0.0222367
-0.0422770
0.0799647
-0.0842703
-0.0824953
0.0415280
-0.0479407
0.0075429
-0.0897715
0.0433492
0.0596902
-0.0094197
0.0822061
-0.0720538
-0.1492144
-0.0441053
0.0835847
0.1084239
0.1467478
0.1439297
-0.1246340
-0.1055618
-0.0248313
0.1087185
-0.0255522
-0.1205139
0.0866589
-0.0767341
-0.0905890
0.0370258
-0.0167193
-0.0290956
-0.1181020
0.0345252
0.1045550
-0.1498138
0.0315608
-0.0787445
0.0854429
-0.1607016
-0.1656763
-0.0723716
0.1330629
0.1437514
0.0396455
0.0270329
-0.1440681
0.1176275
0.0430641
0.1224302
0.0947996
0.0155806
-0.0670160
-0.0338917
0.0320629
0.1281818
0.0724042
0.0744077
-0.1555929
0.0334322
-0.0064790
-0.0075371
0.1612006
-0.0776245
-0.0525343
0.0506346
0.1207668
0.0903176
0.0171178
-0.0386239
-0.0157386
0.0430259
-0.0452431
0.0438472
-0.0371513
-0.0920967
0.0782352
0.0219753
0.1408348
0.1198998
-0.1304931
0.0082503
0.1382145
-0.0618297
-0.0195043
-0.1144718
-0.0005851
0.0714948
0.0703991
-0.0443949
-0.1042848
-0.0568972
-0.0093299
-0.0008451
-0.1381461
0.1063049
0.0397406
0.0656692
-0.0103987
-0.0474117
0.0430265
0.0369856
-0.0167705
-0.0844297
-0.0813406
-0.1125231
0.1407655
-0.0384590
0.1243486
-0.0790749
0.0085732
-0.0107998
-0.0772228
-0.0470466
0.0853725
0.1367179
0.0193904
-0.1141817
0.0257820
-0.0564375
0.0664247
-0.0806532
-0.1677433
0.0708217
0.0358862
-0.1584747
0.1225273
0.1619986
0.0941442
0.1437502
0.1582103
0.2277009
0.2064208
0.1938355
0.0977478
-0.0894731
-0.0576532
-0.1223795
-0.3065395
-0.4026814
-0.3408224
0.2141980
0.8021470
1.1957400
0.8615693
-0.1191687
-0.7280989
-0.7151644
-0.4799504
-0.0982037
0.0487463
0.0607219
-0.0023984
0.2664125
0.3103675
-0.0095940
0.0224690
0.0903709
-0.0143670
0.0939208
0.0236742
-0.1624600
-0.0520731
-0.2258654
-0.0203148
-0.1366985
-0.0883637
0.0702162
-0.1297741
-0.0967562
0.0119890
0.0004343
-0.0783177
0.1051144
-0.1387654
0.0056855
0.1404871
0.0832745
0.0202205
-0.1288455
-0.0747328
-0.1679255
0.0771562
-0.1402105
-0.1234717
0.0861296
0.0736782
0.0077561
0.1104184
-0.0567316
-0.0835118
-0.0576586
-0.1082658
-0.0973588
-0.0196918
0.0701297
0.0020916
0.0573862
0.0262580
-0.0164242
0.1404682
0.1251813
-0.0124881
-0.0619209
0.0676600
0.1446317
0.1126809
-0.0009820
0.0280976
0.1191365
0.0941894
0.0707246
0.1428951
0.0292791
-0.1495083
-0.0547845
-0.1151712
0.0469568
0.0019122
-0.0692590
-0.0782079
0.1446734
0.0786823
-0.0687499
-0.1405288
0.1292332
-0.0461391
0.0522902
0.0087166
-0.0650216
-0.1132667
-0.1432111
0.0821898
0.1538633
-0.0896153
0.1262476
-0.1264900
0.1557478
0.0319140
-0.1428917
-0.0769724
-0.1177876
0.1217003
0.1418736
0.0492833
-0.0177386
0.0621115
0.1266204
0.0796065
0.0710083
-0.1400624
-0.0902600
-0.0571082
0.1069167
0.1230280
0.0810961
-0.1653071
-0.1523544
-0.0980812
0.1060757
-0.1438639
-0.0672882
-0.0457428
0.0369746
-0.0313434
-0.0218075
0.1404918
0.1271953
0.0217437
-0.0611991
0.1124531
0.1412854
-0.0068030
0.0574875
-0.1354281
0.0039901
-0.1111989
-0.0643216
-0.1500295
0.1389176
0.1472173
-0.1332752
-0.1517005
-0.1269897
0.1276353
-0.1469627
-0.1479255
0.1127851
-0.0158618
-0.0243959
-0.0916139
0.0839357
0.1309907
0.0969818
0.1455177
-0.0288035
-0.0580150
-0.1239221
-0.1638977
-0.0481248
-0.1084809
0.1314393
-0.0202836
-0.0293787
-0.0158817
-0.0154540
0.0453782
-0.0212504
-0.0988017
0.1097098
0.1492263
-0.1340765
-0.0740168
-0.1865341
-0.1110055
-0.0503177
-0.0637178
-0.1463003
-0.0229112
-0.0037163
-0.0496350
-0.0665643
0.0363414
0.1198794
0.2026928
0.1776994
-0.0005757
-0.0342855
-0.0760414
-0.3501881
-0.2013471
-0.3942742
-0.5050238
-0.3438994
0.0520442
0.4438232
1.0201385
0.9081454
0.3686525
-0.4143396
-0.9338650
-0.9172758
-0.4862052
-0.0871481
0.1566197
0.0126510
0.2963271
0.1271462
0.0923665
0.0745291
0.0601828
-0.0855535
-0.0790427
-0.1198316
-0.2071247
-0.1286522
0.0313667
-0.1205248
-0.1537502
-0.1905156
0.0084843
0.0108288
-0.1073511
0.1261304
-0.0015332
0.1580258
-0.0927069
0.0197054
-0.0926515
-0.0756087
-0.0301341
0.0296524
-0.1718425
-0.1792703
0.0107696
-0.0099875
-0.0383369
-0.0690509
0.1555222
0.0061328
0.1635656
-0.0601719
0.0402534
0.0759168
-0.1245467
0.0614808
0.1431914
0.0550861
-0.0629453
-0.1288491
-0.1296023
-0.1725192
0.1378885
-0.1597270
0.0776062
-0.0785768
0.1562700
0.0491346
-0.0367692
-0.0825931
0.1130248
-0.1169699
0.0140790
0.0904243
0.0241768
-0.1219055
0.1351493
0.0045800
0.0995826
-0.0699836
0.0726757
0.1275807
-0.1145820
0.0569697
-0.0831058
0.0214588
-0.0921251
0.0424975
0.1403431
-0.1160217
-0.1123949
-0.0887054
0.1548646
-0.0152741
-0.1111363
0.1035696
0.0467395
-0.1101908
0.0537038
-0.1303378
-0.0036638
0.0889769
-0.1722101
-0.1102793
0.0357144
0.0671499
0.0891828
0.0934193
0.0920272
-0.1058868
0.1181854
0.1367958
0.0885898
0.0828063
0.0385671
-0.0012528
-0.0722204
-0.2364793
-0.1976698
0.1291589
0.0634057
0.0630891
0.2639266
0.1909589
0.1791635
0.0914651
0.0922296
-0.0349974
-0.0452912
-0.1021667
-0.2684362
-0.3943833
-0.5120600
-0.5878322
-0.2800248
0.2411209
1.2812291
1.7905366
1.3099798
0.1592607
-1.1628181
-1.3602298
-0.7531478
-0.4106612
-0.0177025
0.2790117
0.1509071
0.2367475
0.4347999
0.2213376
0.2298170
0.1465209
-0.1067055
-0.1388695
0.0019069
-0.0677451
-0.1859852
-0.1854534
-0.0821620
-0.2044276
-0.1961908
-0.0083661
0.0329050
0.2031425
-0.0538443
0.1545804
-0.0240528
-0.1063054
0.1774693
0.0058111
0.0813702
0.0876905
0.0346401
-0.1862099
-0.1898587
0.1142224
-0.0424660
-0.1469543
-0.0215133
-0.0201044
0.0780509
-0.0093782
0.0740956
-0.1438626
0.0941476
0.0946786
0.1308247
-0.1311329
0.1205967
-0.0839934
-0.0699715
0.0000091
0.0226251
-0.1098307
0.0046654
0.1335102
-0.0162197
-0.0283984
0.0177173
0.1286398
-0.1342928
-0.0881505
0.0570865
0.0384969
-0.0461602
0.0167087
-0.1108907
-0.0481890
0.1161788
0.1470763
-0.0604464
-0.0928129
0.1499841
0.1520027
0.1025469
-0.1155530
-0.1462614
-0.0031738
0.1135706
-0.0303640
-0.0216966
0.0346040
0.1263804
0.0482703
-0.1345519
-0.0669796
0.0308280
-0.0705076
-0.1264254
-0.0032254
0.0809909
-0.0860290
-0.1327109
0.0223098
-0.1681021
-0.1029620
0.0581836
0.0007244
-0.1367979
0.1511966
-0.1653410
0.0252813
-0.0344685
0.1535586
-0.1104498
-0.0015138
0.0319616
0.1237646
0.1419707
-0.0428766
-0.0803131
0.0584983
0.0790765
0.0911821
-0.1506336
0.0270588
0.1202874
-0.0130730
-0.0372103
-0.1572221
-0.0661561
0.0397562
0.0965954
0.1437359
-0.0837496
-0.0288908
0.1134767
-0.0200872
-0.1134499
-0.0560075
0.1552766
-0.0784952
-0.0887208
-0.0099558
0.0213645
-0.0654568
-0.0416308
0.1473483
-0.1208639
-0.1395649
0.1439202
0.0802028
0.1234836
0.0745427
0.0649484
-0.1572071
0.1161304
0.1208010
-0.1108155
-0.0169379
0.1251569
-0.0447384
0.0115581
0.0582116
-0.1539214
-0.0822140
0.1262638
-0.0875546
-0.1518363
0.0593565
0.1396245
0.0918055
0.1199817
0.0338169
0.0091648
0.0386386
0.0475781
0.1001945
-0.1678139
-0.0865630
0.0531658
0.0968622
0.1147167
0.0662699
0.0235829
-0.0436847
0.0208437
-0.0479142
0.1675329
-0.1184671
-0.0242057
0.1459173
0.1433111
0.1206828
-0.0661435
0.0005244
-0.1168216
0.0824957
-0.1088974
0.0632451
0.0214524
-0.0053806
0.1700110
0.0168673
0.0999721
0.0563689
0.2320794
0.0717637
0.0766441
0.0492358
0.0804154
-0.2420425
-0.1701856
-0.3763041
-0.3798490
-0.2851985
-0.0945410
0.1944663
0.6902286
0.9500644
0.7048399
-0.2240359
-0.8943509
-0.9205184
-0.4072496
0.0383044
0.0308582
0.2140771
0.2004878
0.2528143
0.1458173
0.0403474
-0.0197549
0.0853596
0.0857992
0.0309712
-0.0220709
-0.1601234
-0.0722199
0.0810893
-0.0738766
-0.1655869
0.0439284
0.1162091
0.0477894
-0.1119609
-0.1074695
0.0999776
0.1833957
-0.0907657
-0.0071453
0.0016904
0.0012363
-0.1433110
-0.1159364
0.1376367
0.1152735
-0.1692275
0.0884239
-0.0000989
0.1002065
0.0368508
0.1500484
0.1208165
-0.0548239
-0.1463953
-0.1180673
0.1442659
0.0671503
0.0518695
0.0070496
-0.1321431
-0.1532670
-0.0345917
0.0509243
-0.0607824
0.1077432
-0.0445511
0.1345188
-0.0255011
0.1553521
0.1651604
0.1627794
0.0836525
0.0546154
0.0046804
-0.1503307
-0.1030159
-0.1390611
-0.0326764
0.1098764
0.0060882
0.0244454
0.0630473
0.0451834
-0.1035370
-0.1321799
-0.1361296
0.0654374
0.1231891
0.0014862
0.0743218
-0.0546723
0.0230219
0.0760405
-0.1284341
-0.1082289
0.1400523
0.0802070
0.1214310
0.0343691
0.0819203
-0.0674420
-0.0637146
-0.0714911
-0.0720305
0.0159603
0.0576340
-0.0277051
-0.0447377
-0.1087103
0.0977086
0.1054319
-0.0074943
0.0354234
0.1296344
0.0596608
-0.0431799
-0.1759372
0.1000207
-0.0923780
-0.1950078
-0.2428220
-0.0945420
0.0595207
-0.0936166
-0.0675865
0.1061695
0.2376118
0.1055053
0.3315605
0.2939058
0.1832280
0.0960871
0.0144709
-0.0825635
-0.3012497
-0.4724424
-0.4399746
-0.4925349
-0.4651320
0.0403181
0.9571731
1.5959440
1.4394243
0.6445352
-0.6291620
-1.2614226
-1.1571898
-0.5503435
0.0712195
0.1094631
0.0767916
0.2348310
0.3463734
0.2052218
0.3419530
0.1553743
0.1833398
-0.0414133
-0.1122707
-0.1803232
-0.1853925
-0.2546636
0.0494745
-0.2268017
-0.0587840
-0.0576226
0.0008076
0.1618741
0.0017463
-0.0251732
0.2065716
-0.0579051
0.1748274
-0.0888159
-0.0566348
-0.1218741
-0.1022251
-0.0320861
-0.1014475
-0.0330443
-0.0602702
-0.1220957
0.1573049
-0.0810821
0.1643809
-0.0303544
0.1778603
-0.0055637
0.1358585
-0.1471793
0.1264716
0.0930066
-0.0709529
0.1129197
0.1178309
0.0978673
-0.0292412
-0.0585388
-0.1143766
-0.0305252
