0.0289921
0.1685339
0.0105686
-0.1630132
-0.0978582
-0.3803385
-0.3408343
-0.4075024
-0.1625936
-0.0001920
0.7734139
1.0298904
0.9100951
0.1971146
-0.5750932
-1.0528119
-0.6292135
-0.3228409
-0.0833763
0.2056495
0.2553226
0.3205293
0.3610000
0.1388661
0.0221398
0.1740897
0.1236420
-0.1092362
-0.1696546
-0.0038195
-0.1543355
-0.2037765
0.0138733
-0.0833936
-0.1568221
-0.0169366
-0.1071784
-0.0206321
0.1888779
0.0583841
0.1278755
-0.0771688
-0.0325362
0.1318919
0.1149053
-0.1683578
-0.0665442
-0.1002877
0.0717671
0.1035654
0.0976020
0.0113964
-0.0512559
0.0881843
0.0856329
-0.0175096
-0.0531332
-0.0150546
0.0256409
-0.0215428
-0.1277198
0.0322741
-0.1337376
-0.1413691
-0.0891388
0.0116846
-0.1429347
0.0503729
-0.1113079
-0.1528167
0.1064461
-0.1526168
-0.1133300
0.0744642
-0.1106463
0.1198967
0.1567230
-0.1204091
-0.0170509
-0.0761947
-0.1426131
-0.1287185
0.0014071
-0.1088638
-0.1238568
0.1367310
0.0441501
-0.0681854
0.1530958
-0.1164323
-0.0764814
-0.0850789
0.0923297
0.0003502
-0.0459017
0.0702552
-0.0051708
0.1549639
-0.1490758
0.1510742
0.1204147
-0.0776914
0.0845569
0.0334610
-0.1392052
0.0182872
-0.1061455
-0.0922424
0.0481204
-0.1144705
-0.0051725
0.0314714
-0.0270468
0.1228581
0.0531255
-0.1087760
0.0421702
-0.0506135
0.0470828
0.1569270
-0.1168276
0.0646501
-0.1643072
-0.0376919
-0.1721890
-0.0080902
0.0269214
-0.1290763
-0.0802204
-0.1103795
0.0610999
0.2003421
0.1367990
-0.1190413
-0.0892935
-0.0091057
0.0477353
0.0562120
-0.0673798
-0.0410234
0.0001196
-0.1343782
-0.1965721
-0.0832683
0.1422530
-0.0372601
0.1202799
0.0449132
0.3282565
0.1096155
0.0021184
-0.0517489
-0.1618374
-0.3075329
-0.5293204
-0.4666194
-0.4358604
-0.5936751
0.0091262
0.4453317
1.5039489
1.6111528
0.7773537
-0.5497287
-1.2246314
-1.2701262
-0.5822712
-0.0887719
0.1256366
0.2749499
0.2714780
0.2029030
0.3166225
0.3207444
0.1194019
0.0896063
0.1370648
0.1006142
-0.2016761
-0.0743011
-0.0677606
-0.1066917
-0.0280190
0.0812588
-0.1120641
0.1166492
0.0466510
0.0955950
-0.0644533
-0.0675100
-0.1220591
0.0860268
0.1060043
-0.0597482
0.0200879
-0.0866237
-0.1568717
0.0417642
-0.1436459
-0.1789529
-0.1129417
-0.1205376
0.0324610
-0.0798244
-0.1241128
0.1620614
0.0836758
-0.0162552
0.1635424
-0.1266226
-0.1415324
-0.1161161
0.0688279
0.1357232
-0.1698164
-0.1439519
-0.1044877
0.0657101
0.0016143
-0.0905398
-0.0017587
0.0867419
-0.1275682
-0.1479864
-0.0747183
-0.1173743
-0.1340382
-0.1041875
0.1206601
0.1180207
0.0748749
-0.0199508
0.0364603
0.0992994
-0.0374070
-0.0809372
0.1169210
0.0136714
0.0540625
0.0292838
0.0997409
0.1394421
-0.0044223
0.1129787
0.0725960
-0.0013431
-0.1439688
0.1445783
-0.0400775
0.1521979
0.0803795
-0.1315683
0.0290177
0.1071880
0.0853113
0.1392293
-0.1195287
-0.1010136
-0.0030926
-0.0527511
0.0293370
0.0764460
-0.0133598
0.0587940
0.0400356
-0.0790978
-0.0161310
-0.0935511
-0.0433922
-0.0505547
-0.1635380
0.1431584
0.0425871
-0.0962366
0.0828136
-0.1194121
0.0727575
0.0263536
0.0948105
0.0968150
-0.0796908
0.1469761
0.0864863
0.0719802
-0.0309547
-0.1046882
0.0943970
-0.0673521
0.0452576
-0.1111525
0.1262763
-0.1148529
0.1128961
-0.0180245
-0.0877596
-0.1410128
0.0318326
0.1134933
-0.1345438
-0.0347750
0.1658052
0.1224756
-0.0720795
0.1525292
0.0581608
-0.0883659
-0.1570708
0.0240863
-0.0354285
-0.0041877
0.0457897
-0.0586344
0.0844997
0.0108663
0.1696159
0.0693664
0.0189031
-0.0497174
0.0521231
0.0792913
-0.0307321
-0.0926970
0.0623778
-0.1465487
0.0808596
0.0468665
-0.0013749
-0.1318822
0.0076057
-0.1379637
0.0726192
-0.1345108
-0.0420558
-0.1610257
-0.1224439
-0.0158856
-0.0702804
-0.0487269
-0.0840315
-0.1473579
0.0638150
0.1451887
-0.0998749
0.0017587
0.1325380
0.0892204
0.0427014
-0.0730962
0.1204793
-0.1003534
0.1323607
0.0443010
0.1089674
0.1083217
0.0803774
-0.0678783
-0.0234723
-0.0557242
0.1700226
0.1387222
-0.1257914
0.1183780
0.1711089
0.1013908
-0.1121367
0.0067782
0.0545089
-0.1572492
-0.0667797
0.0419681
0.1255199
0.1222779
0.0528668
0.0407700
0.1165670
0.1006182
0.1692166
-0.0721868
-0.0992558
0.0143371
0.1378190
0.0736939
0.1029315
0.0482527
0.0453600
-0.1401671
-0.1923306
-0.1949052
-0.1029728
0.0770119
-0.0675391
0.0092995
0.1290014
0.1585175
-0.0359267
0.0883454
0.1409938
-0.0837996
-0.0192732
-0.0266536
-0.1602628
-0.1436420
-0.2500002
-0.1565574
-0.0922742
0.2184896
0.7918926
1.1959737
0.9096523
0.0965410
-0.9796462
-0.8674453
-0.5991916
-0.2587701
0.0553167
0.2367701
0.1612934
0.2822623
0.2933794
0.0736972
0.0122083
0.0917030
-0.1385961
-0.1215091
-0.0350404
-0.2141447
-0.1873761
0.0412041
-0.1289805
0.0052457
-0.1334597
0.0378448
-0.0768843
-0.1038267
0.0892045
-0.0668611
0.0477046
-0.1344377
-0.1354513
0.0395031
0.0344182
-0.0550280
0.1159438
-0.0795005
0.0352722
0.0740619
-0.0999057
-0.1412796
0.0220059
0.1057729
0.0888432
-0.0507745
0.0776921
-0.0129617
0.0465859
-0.1018485
0.1229616
-0.0420937
-0.1552703
-0.0377979
0.1149733
-0.0127836
-0.1096788
-0.1628486
-0.0102574
-0.0409795
0.0913485
0.0878022
-0.0069328
0.0170325
-0.1385094
0.1346823
-0.0500015
-0.0581783
-0.0469715
0.1586448
0.0165216
-0.1412206
-0.0991845
0.1135453
0.0454998
-0.0132590
0.0444151
-0.0911664
0.0702233
0.1745480
-0.0676435
-0.0644881
-0.1161251
-0.0922789
0.0252563
-0.0630277
0.1132134
-0.0351881
-0.1130003
0.0182498
0.0867629
0.1623492
-0.0047051
0.1050736
0.1573367
0.0944990
0.0234300
0.1070849
0.1117581
0.1123137
-0.1609000
0.0520125
-0.0653101
-0.1612770
-0.1573994
-0.1102811
-0.0706455
-0.0991360
0.1196745
-0.0748061
-0.0601020
-0.1177479
0.0833439
0.0874375
-0.1286668
-0.0861420
-0.1124023
0.0390467
-0.0211510
-0.1528469
0.1074092
-0.0496008
0.0644661
-0.0138861
-0.0670956
0.1300415
-0.1042458
0.0106661
0.0873460
-0.1081467
-0.0937298
-0.0656592
-0.0830291
0.0073288
0.1366837
0.0406043
-0.1405064
0.0643192
-0.0533734
-0.0765203
-0.0519454
-0.0506122
-0.1306520
-0.0007434
0.0917609
-0.1382369
-0.0102700
0.1328865
0.0843984
-0.1223817
0.1473843
-0.1670522
-0.0941010
0.0556013
-0.0923676
-0.0528845
-0.1388377
-0.0887479
0.1210186
0.1527350
-0.1251384
0.1496476
0.0788642
-0.0953781
-0.0656550
-0.0066800
0.1657133
-0.0689651
0.0633068
0.0970411
-0.1328601
0.0479524
-0.1201394
-0.1322242
0.1027010
-0.0799089
-0.0042860
-0.1021117
-0.0697705
-0.0667992
-0.0041845
0.0978835
0.0740062
-0.0107957
-0.0566789
-0.1536820
0.0473166
-0.0527015
0.0266985
-0.1004922
0.0429738
0.0532182
-0.1489579
0.0546226
-0.1599510
0.0340822
-0.0666814
0.0854165
-0.0676053
0.1488069
-0.0034394
-0.0732262
0.1417804
-0.1019614
0.0620952
-0.1347193
-0.0339203
-0.0271576
0.1022755
-0.1197407
-0.0045671
-0.0134202
0.1444822
0.1221159
0.1568389
-0.0745050
-0.0027602
0.1037661
0.0443314
-0.1020333
0.0763274
0.0009253
0.1059143
-0.0524222
0.1387057
0.0572455
-0.0561145
-0.0418651
0.1332132
-0.0636978
-0.0362520
0.0948100
0.0235842
0.0931103
0.0608482
-0.1245448
-0.0645287
-0.1482231
0.0444281
-0.0762597
-0.0187946
-0.1962730
-0.0311687
-0.1963384
0.0476638
-0.0291511
-0.0785334
0.1250454
0.0821104
0.0030888
0.0905287
0.2132067
0.0718795
-0.0443636
-0.0545597
-0.3725324
-0.3867102
-0.2431344
-0.2791473
-0.1726528
0.2538893
0.7618066
1.1836539
0.9819689
-0.0513522
-0.9969266
-1.1307576
-0.6121486
-0.0924058
0.1240664
0.2223858
0.1505266
0.1610243
0.1608309
0.0857528
0.0241451
-0.0440122
-0.0478761
0.0308811
0.0476504
-0.0595463
-0.1799289
-0.1575564
-0.0070642
-0.1883160
-0.1033653
-0.0477906
0.1569547
0.1233701
0.1250424
-0.0721547
0.1176382
0.0750410
-0.0112266
0.1287399
0.0516933
0.0334617
-0.0834847
-0.0758812
-0.0698482
-0.0410399
0.0609584
-0.0425002
0.1460473
0.1241727
0.0512244
0.1592409
0.1184129
-0.1461975
0.0390816
0.0470736
0.0777778
0.1308748
0.0536302
-0.1394214
0.1189349
-0.0585933
-0.0513119
0.1192912
0.0201512
0.1570067
0.1494500
-0.0562399
-0.1116000
0.0322537
-0.1170718
0.0089256
-0.1192854
-0.0662485
0.1354301
0.0976259
0.1158112
0.0572202
0.1338132
0.1123987
-0.0214380
0.0553545
-0.1589921
-0.0919363
-0.1146687
-0.1066992
0.0453022
0.0056348
-0.0834599
0.0072666
0.0380037
0.0162405
0.0178724
-0.1220872
-0.0829559
-0.1602744
-0.0510805
-0.0882765
-0.1438062
0.1247608
0.0015784
0.1178174
-0.0813250
-0.0719307
-0.1373873
0.1306361
-0.0096744
0.0673897
0.1532392
0.0634633
0.0757990
0.1343857
-0.0001661
0.0285173
0.0111043
-0.0257350
0.1713403
-0.0742349
0.1371462
-0.1441565
-0.0834049
-0.0184105
0.1408549
-0.0791397
-0.0767182
0.1678798
0.0787734
0.1008164
-0.0919645
0.0340709
0.1324803
0.1255617
-0.0325136
0.0994304
-0.1302942
0.1153243
0.1312259
-0.1276985
-0.1300129
-0.0843967
-0.0348809
-0.0499962
0.0922639
-0.1183521
0.1366925
-0.1124684
0.0665293
0.1506000
-0.0834680
0.0775695
0.1209052
0.0526952
-0.1357295
0.0142280
0.1123169
-0.0202177
0.0845055
0.1396554
-0.0449100
-0.1054769
-0.0998435
-0.0330370
-0.1294254
0.0066948
-0.0313897
-0.0721584
-0.0173872
0.1400590
-0.0018264
-0.1487716
0.1485326
-0.0898480
0.0885978
0.0538438
0.0762173
0.0390582
-0.0665031
0.0742686
0.1413567
-0.0548718
-0.1468459
-0.0624678
0.0083267
0.0474690
-0.0349413
0.0190714
-0.0555056
0.0285151
-0.0896079
-0.0944956
-0.1109589
-0.0519760
-0.0228129
-0.1158141
0.0124509
0.0930149
-0.1104385
0.0951424
-0.0407887
0.0058780
-0.0370257
-0.0706301
0.1610603
0.0879625
-0.0301178
0.0808141
0.1124138
0.0777174
0.1108621
0.1305187
0.0065851
0.1615545
0.1172636
-0.1341780
0.0480741
-0.0494998
-0.0480321
-0.1178651
0.0665997
0.0469305
-0.0433557
0.0432803
0.1269299
0.0885372
0.0568421
-0.1098760
0.0234136
-0.0442007
0.0999734
0.0815688
0.0273349
-0.0030599
-0.1498240
-0.1327313
0.0920484
-0.1619311
0.1107169
-0.0618341
-0.0422768
0.1107266
0.0051371
0.0174113
-0.1089219
0.1315342
0.0849855
-0.1627423
-0.1313970
0.1085475
-0.0025965
-0.1480602
0.1113103
0.0476652
0.0654176
0.1418073
-0.0295445
0.0859461
-0.1078751
0.1462159
-0.1422249
-0.0126294
0.1094518
-0.0695176
0.1104942
-0.1660680
0.0268888
-0.0449653
-0.0277112
-0.1217919
0.0765167
0.1786088
-0.0385450
0.0482626
0.1075629
-0.0984995
0.1335896
0.0680825
0.1059263
0.0339456
-0.0952685
-0.0924828
0.0023429
-0.0011491
0.0404522
0.0798798
0.0925217
0.0610007
0.1686256
0.0055586
0.0273055
-0.0171003
-0.0895586
0.1176467
-0.2304775
-0.1378359
-0.2008944
-0.3754121
-0.2986625
-0.1879435
-0.0560820
0.6783333
1.1736621
1.0001129
0.3373169
-0.5714767
-0.8775940
-0.7462401
-0.2087454
0.0852748
0.2105758
-0.0055859
0.1432796
0.0913354
0.3133097
0.2227952
-0.0213810
-0.0177781
0.1167452
0.0793103
-0.1808122
0.0817315
-0.0095259
-0.1181475
-0.0154475
-0.0219963
0.0119747
-0.1079572
0.1905374
0.0045790
0.0481716
-0.0747482
0.1680408
0.0582311
-0.1288290
0.0754698
-0.1639765
0.0886697
-0.1645503
-0.1935463
0.0749107
0.0506097
-0.0525773
-0.1328322
0.0022843
-0.1524422
-0.0794263
0.1554884
0.0803768
-0.0638142
0.0228414
-0.0072072
-0.1065176
0.0812632
-0.1208084
-0.1020775
-0.0793296
-0.1424192
-0.1022085
0.1207661
0.0461069
-0.0386865
-0.1164333
-0.1101071
-0.0166725
-0.1480309
-0.0556230
-0.0331671
0.0227779
-0.0176243
0.1048245
0.0609815
-0.1345251
0.0711758
0.1350954
0.0228573
-0.1143641
0.1055442
-0.0454123
-0.0207198
-0.0162733
-0.0807781
0.1206371
-0.0270633
-0.1382617
0.1191540
0.0550999
0.0417086
-0.1004088
0.0991403
0.0243405
0.1270947
-0.0477576
-0.1364588
0.1414563
0.1206770
0.1431628
-0.0893585
0.0143774
-0.1330940
-0.1274869
-0.0981393
0.1264717
0.0915093
-0.1072989
0.0583342
-0.0452905
-0.0889040
0.0637023
-0.1040647
0.1340550
-0.0114133
-0.1356705
0.1318419
0.1192975
0.0635075
-0.0023660
0.1279489
0.0163477
0.0767306
-0.0549482
0.1692490
-0.1238377
0.1348305
0.1233736
0.1709413
0.1023745
0.0547870
0.0857618
0.1314597
0.1542475
-0.1110759
0.1618960
0.0112327
0.0918212
0.0816100
-0.0993113
0.0070341
0.1561595
-0.0059926
0.1501776
0.1387898
-0.0916799
0.0975480
0.0338147
-0.0227802
0.0178150
-0.0143348
0.1480246
0.0510931
0.0394494
0.0035154
-0.1493025
0.1173033
-0.0391704
-0.0296030
0.1585255
0.0522305
0.0659793
-0.1044086
0.0635039
-0.0969067
0.1509478
-0.1503324
-0.0276693
-0.0037985
0.1232354
0.0370219
0.1183474
0.0126622
0.0812282
0.0043275
0.1380871
0.0131824
0.0104324
-0.0218609
-0.0202724
-0.1575621
-0.0001681
0.0905357
0.0937270
0.0808667
-0.0502916
0.0879124
0.0915232
-0.1030618
0.1485225
0.1194622
-0.0690019
-0.1460489
-0.1211635
0.0352887
0.0261245
-0.0582852
0.0062687
0.0273092
-0.0727279
-0.0129817
0.1199942
-0.0163984
-0.1591303
0.1137903
0.0529671
0.0476787
0.0103076
-0.0034704
0.0612608
-0.0400246
-0.0860087
-0.0788661
-0.1170940
0.0508187
0.1943696
0.0419382
0.0929436
0.1530655
0.0047629
0.0115644
0.0216021
-0.2367247
-0.1178423
-0.3268817
-0.2859114
-0.5166477
-0.1707796
0.1220477
0.8927525
1.0999670
0.9199951
0.0622628
-0.8956185
-0.8956031
-0.5984714
-0.2230204
-0.0800522
0.2078937
0.2330059
0.3352595
0.3601173
0.1756962
0.2246514
-0.0931571
0.0082968
-0.0190964
-0.0744890
-0.2294533
0.0395863
-0.0234467
-0.0423662
0.0019836
0.1105667
0.0025697
-0.1043249
-0.0784695
-0.0005314
0.1263134
-0.0436225
0.0803051
-0.0387041
0.0209479
0.0297604
-0.0078787
0.1225987
0.0233610
0.0120601
-0.0779549
0.0234138
0.1224108
0.1511674
-0.0668631
-0.0741755
-0.0525807
-0.1131636
0.0466773
-0.0706971
-0.0473276
0.0850725
0.0658578
-0.0058273
-0.0775248
-0.0045890
0.1334957
0.1355190
-0.0295933
-0.1367758
-0.1572163
0.1198096
-0.1411149
-0.1134183
0.0357587
-0.0239335
