-0.1010535
0.0940587
-0.0846602
0.0105138
-0.0258116
-0.0036388
-0.0359988
0.0651309
0.0647985
-0.0140838
-0.0616320
-0.0323597
0.0553763
0.0501011
0.0137024
0.0299768
0.0826631
0.0945053
0.0071462
-0.0531864
-0.0514898
-0.0872319
0.0955657
0.0307860
0.0639910
-0.0067343
0.0692875
-0.0722167
-0.0853692
-0.0907755
0.0408856
0.0639673
-0.0915283
-0.0338384
0.0249975
0.0875650
0.0762478
0.0439713
-0.0629275
0.0263435
-0.0740667
-0.0411100
-0.0871470
0.0711483
0.0245687
-0.0284788
-0.0462840
0.0421307
-0.0001277
-0.0247293
0.0160096
-0.0442406
-0.0014116
-0.0776391
0.0589146
0.0788344
-0.0043140
0.0896821
-0.0113081
-0.0778018
-0.0264780
-0.0455259
-0.0038704
0.0494243
-0.0149132
0.0116196
0.0799171
0.0583828
0.0146536
0.1042871
0.1019428
-0.0697987
0.0564153
0.0089475
-0.0718706
0.0206782
0.0670881
0.0855798
0.0128815
-0.0206349
-0.0504654
-0.0764363
0.0088006
0.0750926
0.0292521
0.0627811
-0.0249445
0.0477191
-0.1051195
-0.0702121
0.0359409
-0.0880455
0.0871146
-0.0128819
-0.0596267
-0.1032979
-0.0643021
0.0903020
0.0944458
-0.0255406
-0.0691470
0.0791505
-0.0631175
0.0581422
-0.0346594
0.0609910
-0.0944363
0.0883164
0.0603121
0.1044545
-0.0300585
0.0452942
0.0404487
-0.0083741
-0.0700873
-0.0911378
-0.0638986
-0.0597550
-0.0706625
-0.0823402
-0.0610018
0.0413844
-0.0153013
-0.0641284
-0.0495767
-0.0740838
-0.0315670
0.0443420
-0.0508471
-0.0944411
-0.0437418
-0.0426809
-0.0030886
-0.0409027
-0.0562217
0.0878317
-0.0672182
-0.0662066
0.0969718
-0.0238461
-0.0283668
-0.0052560
-0.0141619
0.0858255
0.0100653
-0.0686575
0.0510741
0.0329836
-0.0078840
0.0920918
-0.0456428
-0.0859235
-0.0625301
-0.0459633
-0.0017160
-0.0302422
0.0018497
-0.0267186
-0.0651593
-0.0640214
0.0825322
0.0633960
0.0201982
0.0504640
0.0863628
0.0497605
-0.0373606
-0.0315963
0.0855016
0.0517233
0.0012305
-0.0121768
0.0701095
0.0753916
0.0854412
0.0302788
0.0635926
-0.0064119
-0.1012107
-0.0150907
0.0803160
-0.0919339
-0.0635608
0.0598801
0.0238666
-0.0724237
0.0746885
-0.0302726
0.0733750
-0.0800315
0.0447843
-0.0302717
0.0148998
-0.0824414
0.0533957
-0.0854907
-0.0788442
0.0164514
0.0822585
0.0629115
0.0969298
-0.0212025
-0.0031696
-0.0756242
-0.0037341
-0.0889207
-0.0565307
-0.0216276
-0.0042108
-0.0154839
0.0026891
0.0952987
0.0036997
0.0374213
0.0630452
0.0867639
-0.0923403
-0.0673031
0.1045286
-0.0426286
-0.0499352
0.0743771
-0.0426841
0.0466158
-0.0544585
-0.0042703
0.0108723
0.0042501
-0.0206868
-0.0587056
0.0197945
-0.0224482
0.0771852
0.0069393
0.0822464
0.0376079
0.0986630
-0.0951424
0.0753773
-0.0966124
-0.0923853
0.0072407
0.0184759
0.0393683
-0.0107778
0.0865922
-0.0853904
0.0782523
-0.1035539
-0.0054588
0.0407533
0.0223882
-0.0420565
0.0262595
-0.0747807
0.0045933
0.0757904
0.0347828
-0.0618611
0.0283327
-0.0281775
-0.0276816
0.0848471
-0.0474607
0.0874022
-0.0106297
-0.0128591
-0.0632337
0.0472928
0.0799828
0.0399962
-0.0839394
-0.0277970
0.0132225
0.0642674
0.0510471
0.0531334
-0.0291817
-0.0901267
-0.0188222
0.0889782
-0.0189874
-0.0932350
-0.0799681
-0.0583332
-0.0709092
-0.0843674
-0.0638538
-0.0713900
0.0667564
0.0749868
-0.0945031
-0.0061126
0.0472316
-0.0356284
-0.0037182
0.0810483
-0.0756272
-0.0347987
-0.0565903
-0.0428296
0.0514860
0.0020717
-0.0916314
0.0816626
-0.0032358
0.0715053
-0.0146485
-0.0740401
-0.0172218
-0.0629175
-0.0848416
0.0338168
-0.0532937
0.0217555
0.0798609
-0.0335674
0.0655514
0.1354911
-0.0284237
0.0765523
0.0323242
-0.0897256
0.0041316
-0.0430551
-0.0802209
-0.0403166
-0.0499147
0.0383727
0.0005566
-0.0196896
0.0659785
0.0317984
0.1140228
0.1119252
-0.0070144
0.0686899
0.0687999
-0.0806483
-0.2272780
-0.1891927
-0.4141605
-0.3447654
-0.2257787
-0.0008702
0.6190955
0.9789902
0.8291583
0.1390558
-0.5022778
-0.7693127
-0.6471858
-0.1958207
0.0231947
0.1486729
0.1257941
0.2030778
0.1676533
0.0825959
0.0697988
0.1384820
0.1195374
-0.0536254
0.0049960
-0.1217152
-0.1144703
-0.0542288
-0.0881600
-0.0907822
-0.0213897
-0.0134875
0.0075468
-0.0374939
0.0444706
-0.0081193
0.0204247
-0.0744027
0.0966098
-0.0612901
0.0972858
0.0829243
0.0180082
0.0576598
-0.0306296
-0.0497456
-0.0316975
-0.0593918
-0.0870423
0.0270193
-0.0192999
-0.0067308
-0.0812418
0.0633537
-0.0121612
-0.0438057
0.0960832
-0.0364628
0.0311682
0.0260348
0.0817802
0.0417234
0.0529327
-0.0528991
0.0711349
-0.0855132
0.0239597
-0.0428248
0.0637064
0.0807570
-0.0920891
-0.0789427
-0.0587577
0.0901759
0.0875673
-0.0198526
-0.0959467
0.0536440
0.0848602
0.0520730
-0.0199494
-0.0579410
-0.1019899
-0.0312972
-0.0161104
-0.0841853
-0.0821912
0.0231236
-0.0427472
-0.0792884
0.0688873
-0.0369918
0.0531748
0.0466390
-0.0211126
0.0350645
-0.0777124
-0.0228064
-0.0373309
0.0240166
-0.0967203
0.0551916
0.0798029
-0.0623234
0.0355937
0.0063113
-0.1124708
0.0340152
-0.0122239
-0.0582573
-0.0226174
-0.0876139
0.0387659
0.0378813
0.0283318
0.0350556
0.0049195
-0.0554182
-0.0176491
0.0368685
0.0540462
-0.0510033
0.0106685
-0.0008812
-0.0560641
-0.0625004
-0.1210273
-0.1564815
-0.0154016
0.0162973
0.0698210
0.1293535
0.2000141
-0.0459474
-0.1543131
0.0944227
0.0701779
0.1013705
-0.1782363
-0.3819336
-0.3426362
0.0164926
-0.0086604
0.0067639
0.1360039
0.1281162
0.1677187
0.1238150
0.0683069
-0.1064556
-0.0816723
-0.0047867
-0.1138470
-0.1422168
-0.0825497
0.0136630
0.0645097
0.0835695
0.0756490
-0.0266923
-0.0213789
0.0636838
-0.0238031
-0.0663779
-0.0743052
-0.0137159
0.0726258
-0.1230487
-0.0841115
-0.0634629
0.0330820
-0.0789758
0.0324147
-0.0739070
0.0603378
0.0331623
-0.0636538
-0.0219859
0.0431659
0.1021874
0.0215702
0.0461148
0.0913797
-0.0419387
-0.0442448
-0.0720030
0.0695789
-0.0136961
0.0941715
-0.0930212
0.0825539
-0.0370371
-0.0082686
-0.0407068
0.0195259
-0.0117201
-0.0672242
-0.0387060
-0.0387165
-0.0668567
-0.1137594
-0.0549465
0.0531367
-0.0799916
0.1058978
-0.0368825
-0.0197295
0.0033546
-0.0569413
-0.0871329
0.0977771
-0.0570762
-0.0701369
0.0906719
0.0087477
-0.0623599
-0.0242576
-0.0824747
-0.0583062
0.0069713
0.0059432
-0.0186769
-0.0710485
-0.0363581
-0.0684329
0.0295290
-0.0654722
-0.0075706
0.0091930
0.0143654
-0.0654354
0.0636749
-0.0783135
-0.0852710
-0.0484556
-0.0376556
0.0674140
0.0844092
-0.0563627
0.0280427
-0.0294927
-0.0773349
-0.0066527
0.0285137
0.0361503
0.0849899
0.0458844
-0.0204870
-0.1005762
0.0515467
0.0165644
-0.0446014
-0.0663321
0.0694490
-0.0140886
-0.0227999
0.0143604
0.0722610
0.0411599
-0.0070641
-0.0771056
-0.0332362
0.0378615
0.0109483
-0.0561050
0.0961221
0.0036353
0.0048994
0.0979323
-0.0460599
-0.0721669
-0.0149367
0.0785968
-0.0136855
0.1106416
0.1136801
0.0258484
0.0894045
-0.0992331
0.0229377
0.0043833
0.0678042
0.0094821
-0.0297236
0.0566677
-0.0272889
0.1027304
-0.0535992
0.0318463
0.1203123
0.0897331
-0.0553734
0.0122067
-0.0783866
-0.0614934
-0.0332514
0.0424645
-0.1102124
-0.0616762
-0.0240337
-0.1273186
-0.1117850
-0.0100506
0.1656802
0.2377605
0.2847912
0.0661662
-0.1982407
-0.3774573
-0.2897388
0.0356229
0.0740603
0.1929825
-0.0226928
-0.1626160
-0.0985816
0.0150728
0.0638387
0.0660987
0.1615350
0.1081858
-0.0458068
-0.0812486
-0.0728128
-0.0483849
0.0331688
-0.0592686
-0.0979220
0.0149497
-0.0954629
-0.0615464
0.0776065
0.1264094
-0.0538277
-0.0554182
0.0117599
0.0263942
0.0796022
0.0879818
-0.0043459
0.0032796
-0.1036857
-0.0683620
0.0585715
-0.0096910
-0.0937553
-0.0753365
0.0363971
-0.0803908
0.0668487
0.0419889
0.1000888
0.0874332
-0.0784184
0.0525690
0.0279633
0.0815229
-0.0300828
0.0641114
-0.0400620
-0.0774735
-0.0090584
0.0703924
-0.0559022
-0.0275142
0.0119557
0.0836355
0.0780404
0.0796161
-0.0682270
0.0734298
0.0757231
-0.0375385
0.0643253
-0.0229793
0.0549498
-0.0036428
-0.1025003
0.0215196
-0.0373783
0.0164780
0.0592215
0.0208015
-0.0630904
-0.0806781
-0.0020277
0.0644065
-0.0393969
-0.0473670
0.0619764
-0.0460032
0.0907523
0.0870371
-0.0140135
0.0294737
0.0173942
0.0031816
0.0272684
-0.0710807
0.0838193
0.0688373
-0.0294611
0.0743437
-0.0182073
0.1020726
0.0969216
-0.0505307
-0.0245060
0.0690907
-0.0319842
0.0166507
0.0844348
0.0981077
-0.0035947
0.0184484
0.0809775
-0.0740051
0.0714389
-0.0293428
0.1073380
0.0064869
0.0151814
0.0449873
0.0997525
-0.0785400
0.0256621
-0.0226863
-0.0600105
0.0832161
-0.0350126
0.0493456
0.0939484
-0.0074011
-0.0304087
-0.0127491
0.0930362
0.0764628
0.0094549
-0.1022498
0.0597126
0.0121428
0.0271956
-0.0230682
0.0810437
-0.0279146
0.0797299
-0.0910694
0.0297991
0.0164815
0.0242696
0.0835828
-0.0758207
-0.0649669
-0.0316472
0.0429282
0.0754366
-0.0379207
0.0210334
-0.0655430
0.0638058
-0.0023273
0.0041696
-0.0328767
0.0106876
0.0249937
0.0085522
0.0383558
0.0439933
-0.0059850
-0.0384834
-0.0099467
0.0289786
-0.1014532
-0.0316043
0.0075901
-0.0411824
-0.0398498
-0.0440965
0.0184126
-0.0220723
0.0070566
0.0763932
0.0414698
-0.0231476
0.0615616
0.0201190
0.0905139
-0.0151405
0.0594122
-0.0340467
-0.0897445
0.0874722
0.0638343
-0.0592339
0.0284756
0.0493405
0.0846698
0.0458072
-0.0638090
-0.0807919
0.0665238
0.0490499
0.0102672
-0.1022662
-0.1057223
-0.0727286
0.0533250
-0.0618504
-0.0664641
0.0198417
-0.0612157
0.0469120
0.0127715
-0.0060449
0.0579685
-0.0518054
0.0890550
-0.0530334
-0.0533749
-0.0159359
0.0295798
-0.0891764
0.1020170
-0.0256881
0.0246120
-0.0689377
-0.1026804
0.0443685
0.0549694
-0.0919029
0.0672129
0.0865198
-0.0917959
-0.0416478
-0.0913525
-0.0491970
-0.0885324
0.0741329
-0.0006310
-0.0921900
-0.0328983
-0.0409084
-0.0547406
0.0567124
0.0098368
0.0943479
-0.0445940
-0.0774530
-0.0157146
-0.0300678
-0.0618877
0.0900516
-0.0856064
0.0487627
0.0164391
0.0388364
0.0677459
-0.0284815
-0.0997878
0.0329835
0.0487106
-0.0632642
0.0637766
-0.0013194
-0.0567531
0.0404543
0.0622849
-0.0335814
-0.0891484
0.0579244
0.0738969
-0.0966959
0.0850313
-0.0223942
0.0902371
-0.0350783
0.0097364
0.0380207
0.0035177
-0.0615751
-0.0187340
-0.0446757
0.0580127
0.0892857
-0.0113434
0.1016142
0.0630842
-0.0018908
-0.0167998
0.0160832
-0.0808975
-0.0124490
-0.0065097
0.0574992
-0.0986162
-0.0932689
0.0351544
-0.0126263
-0.0263885
0.0449996
0.0028238
-0.0023008
-0.0257862
0.0000063
-0.0057202
0.0248329
-0.0680427
0.0285643
0.0050661
-0.0653650
-0.0287843
-0.0777210
-0.0374124
0.0326994
-0.0982349
0.0206481
-0.1037600
-0.0978676
0.0042915
-0.0050754
0.0050685
-0.0928161
0.1113357
0.0881660
0.1164435
-0.0137941
0.0014742
-0.0539141
-0.0365539
0.0875923
0.0595864
-0.0291883
-0.0565706
-0.1187366
-0.0125539
0.0279721
-0.0367229
-0.0776356
0.0946779
0.0478291
0.0731493
0.1326348
0.0249320
0.0528349
0.0813977
0.0503309
-0.0435354
-0.1165444
-0.2284656
-0.2040098
-0.2463042
-0.4401450
-0.2083004
0.1716976
0.7507068
1.1519916
0.8647398
0.0502108
-0.7486698
-0.8159450
-0.5014212
-0.0729453
0.0701710
0.1134668
-0.0006409
0.1798527
0.2680965
0.1871365
0.0301251
0.0895976
-0.0214581
0.0200708
-0.1165750
-0.1366320
-0.0642075
-0.1458242
-0.0859732
-0.0607351
-0.0942335
-0.0241459
0.0641144
0.1018028
0.1004852
0.0367572
-0.0012668
0.0092378
0.0520278
0.0268609
-0.0443494
0.0333519
-0.0980154
0.0602469
0.0520927
0.0103524
-0.0662759
0.0829305
-0.0161423
-0.0261919
0.0976367
-0.0023491
0.0415346
0.0612359
0.0952770
0.0385943
0.0691578
0.0750200
-0.0967869
-0.0191206
-0.0545362
0.0529218
0.0999547
-0.0378055
-0.0135706
-0.0747912
0.0784836
-0.0761313
0.0853637
-0.0363022
-0.0510732
0.0701922
-0.0070609
-0.0413416
0.0941255
0.0092704
0.0369479
0.0425408
-0.0111947
0.0484838
-0.0871300
0.0491159
0.0492394
-0.0642259
-0.0856444
-0.0710160
-0.0877906
-0.0060237
-0.0920878
0.0171518
0.0691676
0.0552349
-0.0954559
-0.0360816
-0.0875383
-0.0616030
0.0925771
0.0454080
0.0297814
0.0021074
0.0900050
-0.0454445
-0.0963297
0.0387618
-0.0194194
-0.0088666
-0.0922224
-0.0509826
-0.0032890
-0.0547957
-0.0422716
0.0743951
0.0924394
-0.0918520
0.0405081
0.0390083
-0.0450838
-0.0893772
-0.0171135
0.0002355
-0.0268860
-0.0465608
0.0481165
0.0520451
0.0509384
0.0999070
-0.0952022
-0.0469759
0.0688549
-0.0130628
-0.0327704
-0.0483971
0.1051747
-0.0666849
0.0239747
0.0319192
-0.0228614
-0.0080685
0.0783220
-0.0350079
0.0487916
-0.0257325
-0.0082569
-0.0938990
-0.0208183
0.0761901
-0.0293223
0.0754635
-0.0878189
0.0505626
0.0259868
0.0868607
0.0703698
-0.0921988
0.0642464
0.0968405
0.0581748
-0.0417711
-0.0285389
0.0263660
0.0655269
-0.0003872
0.0221896
-0.0230898
-0.0267662
0.0393831
-0.0336210
-0.0405785
-0.0045291
-0.0885715
0.0765315
-0.0564724
-0.0940942
-0.0804140
0.0183186
0.0678374
0.0820090
0.0882052
0.0896202
0.0426151
-0.0281891
0.0544053
0.0648081
0.0122537
-0.0147226
0.0186539
-0.0736961
0.0228657
-0.0661424
-0.0430381
0.0049459
-0.1170499
-0.0328718
-0.0884060
0.1809242
0.2199362
0.2154910
-0.0107296
-0.2411270
-0.1324940
0.0467530
0.0978099
0.1678921
-0.1257417
-0.2192653
-0.1507916
0.0146368
-0.0432781
-0.0118623
-0.0047793
0.0026500
0.0943505
0.1293918
0.0224228
0.0628963
-0.1152193
-0.0162144
-0.0617986
-0.1145734
-0.1425772
-0.0184431
-0.0750496
0.0949828
0.0293793
0.0651173
-0.0485192
0.0749529
-0.0868879
-0.0394915
-0.0676807
0.0578462
-0.0092607
-0.0003666
-0.0462567
0.0019755
-0.0983166
0.0092135
-0.0797972
-0.0338655
0.0014662
0.1052099
0.1152921
-0.0605237
0.0097945
-0.0648317
0.0758212
0.0850929
-0.0585033
0.0450047
0.0623518
-0.0658575
-0.0965210
-0.0814879
0.0135543
-0.0502403
0.0429940
-0.0632987
0.0487134
-0.0748324
-0.0382595
-0.0633679
-0.0824465
-0.0415062
